<?xml version="1.0" encoding="ISO-8859-1" ?>
<Animl Version="1">
    <ModellingPackage><![CDATA[Maya.2010]]></ModellingPackage>
    <SrcFile><![CDATA[anims\turrets\mortar\blue\~src\mortar_m252\mortar_m252_aim_high_crewman_b.mb]]></SrcFile>
    <FramesPerSecond>30</FramesPerSecond>
    <TotalFrames>33</TotalFrames>
    <Skeleton>
        <RefFrame>
            <Name><![CDATA[soldier_ref_frame]]></Name>
            <Exclude>0</Exclude>
            <Additive>0</Additive>
            <IKPriority>0</IKPriority>
            <IKRotLimits>-1e+010 -1e+010 -1e+010 1e+010 1e+010 1e+010</IKRotLimits>
            <IKRotLimitOrder>0</IKRotLimitOrder>
            <KeyFrames count="33">
                <i>1 0 0 0 1 0 0 0 1 -1.5 2.23 -0.42</i>
                <i>1 0 0 0 1 0 0 0 1 -1.5 2.23 -0.42</i>
                <i>1 0 0 0 1 0 0 0 1 -1.5 2.23 -0.42</i>
                <i>1 0 0 0 1 0 0 0 1 -1.5 2.23 -0.42</i>
                <i>1 0 0 0 1 0 0 0 1 -1.5 2.23 -0.42</i>
                <i>1 0 0 0 1 0 0 0 1 -1.5 2.23 -0.42</i>
                <i>1 0 0 0 1 0 0 0 1 -1.5 2.23 -0.42</i>
                <i>1 0 0 0 1 0 0 0 1 -1.5 2.23 -0.42</i>
                <i>1 0 0 0 1 0 0 0 1 -1.5 2.23 -0.42</i>
                <i>1 0 0 0 1 0 0 0 1 -1.5 2.23 -0.42</i>
                <i>1 0 0 0 1 0 0 0 1 -1.5 2.23 -0.42</i>
                <i>1 0 0 0 1 0 0 0 1 -1.5 2.23 -0.42</i>
                <i>1 0 0 0 1 0 0 0 1 -1.5 2.23 -0.42</i>
                <i>1 0 0 0 1 0 0 0 1 -1.5 2.23 -0.42</i>
                <i>1 0 0 0 1 0 0 0 1 -1.5 2.23 -0.42</i>
                <i>1 0 0 0 1 0 0 0 1 -1.5 2.23 -0.42</i>
                <i>1 0 0 0 1 0 0 0 1 -1.5 2.23 -0.42</i>
                <i>1 0 0 0 1 0 0 0 1 -1.5 2.23 -0.42</i>
                <i>1 0 0 0 1 0 0 0 1 -1.5 2.23 -0.42</i>
                <i>1 0 0 0 1 0 0 0 1 -1.5 2.23 -0.42</i>
                <i>1 0 0 0 1 0 0 0 1 -1.5 2.23 -0.42</i>
                <i>1 0 0 0 1 0 0 0 1 -1.5 2.23 -0.42</i>
                <i>1 0 0 0 1 0 0 0 1 -1.5 2.23 -0.42</i>
                <i>1 0 0 0 1 0 0 0 1 -1.5 2.23 -0.42</i>
                <i>1 0 0 0 1 0 0 0 1 -1.5 2.23 -0.42</i>
                <i>1 0 0 0 1 0 0 0 1 -1.5 2.23 -0.42</i>
                <i>1 0 0 0 1 0 0 0 1 -1.5 2.23 -0.42</i>
                <i>1 0 0 0 1 0 0 0 1 -1.5 2.23 -0.42</i>
                <i>1 0 0 0 1 0 0 0 1 -1.5 2.23 -0.42</i>
                <i>1 0 0 0 1 0 0 0 1 -1.5 2.23 -0.42</i>
                <i>1 0 0 0 1 0 0 0 1 -1.5 2.23 -0.42</i>
                <i>1 0 0 0 1 0 0 0 1 -1.5 2.23 -0.42</i>
                <i>1 0 0 0 1 0 0 0 1 -1.5 2.23 -0.42</i>
            </KeyFrames>
        </RefFrame>
        <Bones count="23">
            <i>
                <p>
                    <Name><![CDATA[pelvis]]></Name>
                    <Exclude>0</Exclude>
                    <Additive>0</Additive>
                    <IKPriority>0</IKPriority>
                    <IKRotLimits>-1e+010 -1e+010 -1e+010 1e+010 1e+010 1e+010</IKRotLimits>
                    <IKRotLimitOrder>2</IKRotLimitOrder>
                    <KeyFrames count="33">
                        <i>1 0 0 0 1 0 0 0 1 -1.43482 2.83541 -0.90308</i>
                        <i>1 0 0 0 1 0 0 0 1 -1.43482 2.83753 -0.903096</i>
                        <i>1 0 0 0 1 0 0 0 1 -1.43482 2.83944 -0.90311</i>
                        <i>1 0 0 0 1 0 0 0 1 -1.43482 2.84105 -0.903122</i>
                        <i>1 0 0 0 1 0 0 0 1 -1.43482 2.84229 -0.903132</i>
                        <i>1 0 0 0 1 0 0 0 1 -1.43482 2.84309 -0.903138</i>
                        <i>1 0 0 0 1 0 0 0 1 -1.43482 2.84337 -0.90314</i>
                        <i>1 0 0 0 1 0 0 0 1 -1.43482 2.84309 -0.903138</i>
                        <i>1 0 0 0 1 0 0 0 1 -1.43482 2.84229 -0.903132</i>
                        <i>1 0 0 0 1 0 0 0 1 -1.43482 2.84105 -0.903122</i>
                        <i>1 0 0 0 1 0 0 0 1 -1.43482 2.83944 -0.90311</i>
                        <i>1 0 0 0 1 0 0 0 1 -1.43482 2.83753 -0.903096</i>
                        <i>1 0 0 0 1 0 0 0 1 -1.43482 2.83541 -0.90308</i>
                        <i>1 0 0 0 1 0 0 0 1 -1.43482 2.83314 -0.903063</i>
                        <i>1 0 0 0 1 0 0 0 1 -1.43482 2.83079 -0.903045</i>
                        <i>1 0 0 0 1 0 0 0 1 -1.43482 2.82844 -0.903028</i>
                        <i>1 0 0 0 1 0 0 0 1 -1.43482 2.82617 -0.903011</i>
                        <i>1 0 0 0 1 0 0 0 1 -1.43482 2.82404 -0.902995</i>
                        <i>1 0 0 0 1 0 0 0 1 -1.43482 2.82214 -0.90298</i>
                        <i>1 0 0 0 1 0 0 0 1 -1.43482 2.82053 -0.902968</i>
                        <i>1 0 0 0 1 0 0 0 1 -1.43482 2.81929 -0.902959</i>
                        <i>1 0 0 0 1 0 0 0 1 -1.43482 2.81849 -0.902953</i>
                        <i>1 0 0 0 1 0 0 0 1 -1.43482 2.81821 -0.902951</i>
                        <i>1 0 0 0 1 0 0 0 1 -1.43482 2.81849 -0.902953</i>
                        <i>1 0 0 0 1 0 0 0 1 -1.43482 2.81929 -0.902959</i>
                        <i>1 0 0 0 1 0 0 0 1 -1.43482 2.82053 -0.902968</i>
                        <i>1 0 0 0 1 0 0 0 1 -1.43482 2.82214 -0.90298</i>
                        <i>1 0 0 0 1 0 0 0 1 -1.43482 2.82404 -0.902995</i>
                        <i>1 0 0 0 1 0 0 0 1 -1.43482 2.82617 -0.903011</i>
                        <i>1 0 0 0 1 0 0 0 1 -1.43482 2.82844 -0.903028</i>
                        <i>1 0 0 0 1 0 0 0 1 -1.43482 2.83079 -0.903045</i>
                        <i>1 0 0 0 1 0 0 0 1 -1.43482 2.83314 -0.903063</i>
                        <i>1 0 0 0 1 0 0 0 1 -1.43482 2.83541 -0.90308</i>
                    </KeyFrames>
                </p>
            </i>
            <i>
                <p>
                    <Name><![CDATA[spine0]]></Name>
                    <Exclude>0</Exclude>
                    <Additive>0</Additive>
                    <IKPriority>0</IKPriority>
                    <IKRotLimits>-1e+010 -1e+010 -1e+010 1e+010 1e+010 1e+010</IKRotLimits>
                    <IKRotLimitOrder>0</IKRotLimitOrder>
                    <KeyFrames count="33">
                        <i>0.030251 0.678636 0.733851 -0.997109 0.0716884 -0.0251915 -0.0697045 -0.730967 0.678843 -1.43482 2.94751 -0.993242</i>
                        <i>0.0302459 0.68558 0.727369 -0.99723 0.0701647 -0.0246661 -0.0679462 -0.724608 0.685803 -1.43482 2.94963 -0.993273</i>
                        <i>0.0302362 0.694003 0.719337 -0.99737 0.0683779 -0.0240468 -0.0658753 -0.716718 0.694245 -1.43482 2.95152 -0.9933</i>
                        <i>0.0302214 0.703193 0.710357 -0.997512 0.0665037 -0.0233949 -0.0636924 -0.707882 0.703453 -1.43482 2.95312 -0.993323</i>
                        <i>0.0302016 0.712463 0.701059 -0.997646 0.0646877 -0.0227615 -0.0615666 -0.698721 0.71274 -1.43482 2.95435 -0.99334</i>
                        <i>0.0301784 0.721161 0.69211 -0.997764 0.0630473 -0.0221877 -0.0596365 -0.689892 0.721451 -1.43482 2.95515 -0.993352</i>
                        <i>0.0301547 0.728668 0.684203 -0.99786 0.0616767 -0.0217065 -0.0580162 -0.682084 0.728969 -1.43482 2.95543 -0.993356</i>
                        <i>0.030139 0.731123 0.68158 -0.997892 0.0612209 -0.0215449 -0.0574789 -0.679493 0.731427 -1.43482 2.95515 -0.993352</i>
                        <i>0.0301205 0.733889 0.678601 -0.997927 0.0607097 -0.0213618 -0.0568748 -0.676551 0.734196 -1.43482 2.95435 -0.99334</i>
                        <i>0.0301007 0.736759 0.675486 -0.997963 0.060183 -0.0211714 -0.056251 -0.673472 0.737069 -1.43482 2.95312 -0.993323</i>
                        <i>0.0300809 0.739528 0.672454 -0.997997 0.0596781 -0.0209873 -0.0556515 -0.670476 0.739841 -1.43482 2.95152 -0.9933</i>
                        <i>0.0300626 0.741997 0.669729 -0.998027 0.0592298 -0.020822 -0.0551178 -0.667781 0.742314 -1.43482 2.94963 -0.993273</i>
                        <i>0.0300474 0.743973 0.667534 -0.998051 0.0588709 -0.0206874 -0.0546892 -0.665612 0.744292 -1.43482 2.94751 -0.993242</i>
                        <i>0.030037 0.745262 0.666095 -0.998067 0.0586333 -0.0205949 -0.0544039 -0.664189 0.745583 -1.43482 2.94525 -0.99321</i>
                        <i>0.0300332 0.745672 0.665636 -0.998073 0.0585487 -0.0205559 -0.0543001 -0.663736 0.745993 -1.43482 2.94292 -0.993176</i>
                        <i>0.0300363 0.745312 0.666039 -0.99807 0.0585999 -0.0205646 -0.0543569 -0.664136 0.745633 -1.43482 2.94058 -0.993143</i>
                        <i>0.0300449 0.744419 0.667036 -0.99806 0.0587471 -0.0206073 -0.054527 -0.665123 0.74474 -1.43482 2.93832 -0.993111</i>
                        <i>0.0300582 0.742991 0.668626 -0.998044 0.0589904 -0.0206842 -0.0548107 -0.666696 0.743311 -1.43482 2.93621 -0.99308</i>
                        <i>0.0300749 0.741024 0.670804 -0.998022 0.0593305 -0.0207958 -0.0552094 -0.668852 0.741343 -1.43482 2.93431 -0.993053</i>
                        <i>0.0300941 0.738512 0.673568 -0.997993 0.0597692 -0.0209431 -0.0557254 -0.671585 0.738829 -1.43482 2.93271 -0.99303</i>
                        <i>0.0301147 0.735449 0.676911 -0.997956 0.0603093 -0.0211273 -0.0563621 -0.674891 0.735762 -1.43482 2.93148 -0.993012</i>
                        <i>0.0301353 0.731825 0.680826 -0.997912 0.0609545 -0.02135 -0.0571239 -0.678761 0.732134 -1.43482 2.93068 -0.993001</i>
                        <i>0.0301547 0.727633 0.685303 -0.99786 0.0617095 -0.0216133 -0.0580162 -0.683185 0.727937 -1.43482 2.9304 -0.992997</i>
                        <i>0.0301757 0.721876 0.691364 -0.997786 0.0627639 -0.0219838 -0.0592623 -0.68917 0.722172 -1.43482 2.93068 -0.993001</i>
                        <i>0.0301988 0.714081 0.699412 -0.997681 0.0642315 -0.0225013 -0.060992 -0.697111 0.714365 -1.43482 2.93148 -0.993012</i>
                        <i>0.0302198 0.705046 0.708517 -0.997552 0.0659961 -0.023125 -0.0630636 -0.706084 0.705314 -1.43482 2.93271 -0.99303</i>
                        <i>0.0302361 0.695613 0.71778 -0.997407 0.0679189 -0.0238061 -0.0653107 -0.715199 0.695862 -1.43482 2.93431 -0.993053</i>
                        <i>0.0302465 0.686666 0.726344 -0.997259 0.0698258 -0.0244835 -0.0675295 -0.723612 0.686895 -1.43482 2.93621 -0.99308</i>
                        <i>0.0302517 0.67913 0.733394 -0.997125 0.0715023 -0.0250816 -0.069473 -0.730527 0.679341 -1.43482 2.93832 -0.993111</i>
                        <i>0.0302534 0.673955 0.738152 -0.997028 0.0726982 -0.0255122 -0.0708564 -0.735186 0.674151 -1.43482 2.94058 -0.993143</i>
                        <i>0.0302536 0.672092 0.739849 -0.99699 0.0731501 -0.0256824 -0.071381 -0.736845 0.672282 -1.43482 2.94292 -0.993176</i>
                        <i>0.0302531 0.673899 0.738204 -0.997023 0.0727512 -0.0255538 -0.0709259 -0.735233 0.674094 -1.43482 2.94525 -0.99321</i>
                        <i>0.030251 0.678636 0.733851 -0.997109 0.0716884 -0.0251915 -0.0697045 -0.730967 0.678843 -1.43482 2.94751 -0.993242</i>
                    </KeyFrames>
                </p>
            </i>
            <i>
                <p>
                    <Name><![CDATA[spine1]]></Name>
                    <Exclude>0</Exclude>
                    <Additive>0</Additive>
                    <IKPriority>0</IKPriority>
                    <IKRotLimits>-1e+010 -1e+010 -1e+010 1e+010 1e+010 1e+010</IKRotLimits>
                    <IKRotLimitOrder>0</IKRotLimitOrder>
                    <KeyFrames count="33">
                        <i>0.00556831 0.144573 0.989478 -0.822931 0.562816 -0.0776024 -0.568113 -0.813841 0.122108 -1.42856 3.08767 -0.841995</i>
                        <i>0.00557874 0.149887 0.988687 -0.825883 0.558144 -0.0799558 -0.563815 -0.816094 0.126903 -1.42857 3.09111 -0.84347</i>
                        <i>0.00559515 0.156425 0.987674 -0.829437 0.55243 -0.0827938 -0.558572 -0.81875 0.132836 -1.42857 3.09462 -0.845276</i>
                        <i>0.00561794 0.163692 0.986495 -0.833277 0.546144 -0.0858781 -0.552827 -0.821542 0.139469 -1.42858 3.09799 -0.847277</i>
                        <i>0.00564627 0.171178 0.985224 -0.837111 0.539747 -0.0889811 -0.547004 -0.82424 0.146343 -1.42859 3.10101 -0.849328</i>
                        <i>0.00567792 0.178353 0.98395 -0.840674 0.53369 -0.0918864 -0.541512 -0.826659 0.152967 -1.4286 3.10348 -0.851285</i>
                        <i>0.00570934 0.184669 0.982784 -0.843725 0.528412 -0.0943891 -0.536746 -0.82866 0.158826 -1.42861 3.10521 -0.852999</i>
                        <i>0.00572452 0.186849 0.982372 -0.844765 0.526595 -0.0952365 -0.535107 -0.829328 0.160858 -1.42861 3.10543 -0.853534</i>
                        <i>0.00574226 0.189314 0.9819 -0.845942 0.524529 -0.0961839 -0.533244 -0.830078 0.163161 -1.42862 3.10521 -0.854135</i>
                        <i>0.00576136 0.191884 0.981401 -0.847166 0.522369 -0.0971605 -0.531297 -0.83085 0.165567 -1.42862 3.10456 -0.854756</i>
                        <i>0.00578046 0.194377 0.98091 -0.84835 0.520268 -0.098097 -0.529404 -0.831588 0.167907 -1.42863 3.10353 -0.855354</i>
                        <i>0.00579811 0.196609 0.980465 -0.849411 0.518378 -0.0989253 -0.527701 -0.832244 0.170008 -1.42863 3.10215 -0.855885</i>
                        <i>0.00581275 0.198395 0.980105 -0.850267 0.516847 -0.0995785 -0.52632 -0.832772 0.171693 -1.42863 3.10044 -0.856303</i>
                        <i>0.00582271 0.199548 0.979871 -0.850839 0.515825 -0.0999901 -0.525395 -0.83313 0.172786 -1.42864 3.09845 -0.856564</i>
                        <i>0.00582638 0.199881 0.979803 -0.851047 0.51546 -0.100094 -0.525056 -0.833276 0.173111 -1.42864 3.0962 -0.856624</i>
                        <i>0.00582386 0.199479 0.979885 -0.850931 0.515686 -0.0999226 -0.525245 -0.833232 0.172746 -1.42864 3.09378 -0.856512</i>
                        <i>0.00581662 0.198561 0.980071 -0.850584 0.516328 -0.0995593 -0.525807 -0.833054 0.171896 -1.42863 3.09133 -0.856285</i>
                        <i>0.00580522 0.197144 0.980357 -0.850009 0.51738 -0.0990086 -0.526736 -0.832738 0.170578 -1.42863 3.08891 -0.855941</i>
                        <i>0.00579028 0.195244 0.980738 -0.849207 0.518835 -0.098275 -0.528028 -0.83228 0.168807 -1.42863 3.0866 -0.855479</i>
                        <i>0.00577243 0.192878 0.981206 -0.848179 0.520685 -0.0973627 -0.529679 -0.831676 0.166601 -1.42863 3.08447 -0.854897</i>
                        <i>0.00575245 0.190067 0.981754 -0.846923 0.522926 -0.0962755 -0.531684 -0.830917 0.16398 -1.42862 3.08261 -0.854192</i>
                        <i>0.00573112 0.186828 0.982376 -0.845439 0.525551 -0.0950169 -0.534041 -0.829995 0.160964 -1.42862 3.08108 -0.853365</i>
                        <i>0.00570934 0.183184 0.983062 -0.843725 0.528554 -0.0935906 -0.536746 -0.828899 0.157574 -1.42861 3.07997 -0.852414</i>
                        <i>0.00568346 0.178314 0.983957 -0.841368 0.532633 -0.0916648 -0.540433 -0.827349 0.153055 -1.4286 3.07913 -0.851117</i>
                        <i>0.00565313 0.171878 0.985102 -0.838155 0.538109 -0.0890782 -0.545403 -0.825165 0.147103 -1.4286 3.07841 -0.849385</i>
                        <i>0.0056236 0.164604 0.986344 -0.834393 0.544405 -0.0860945 -0.551142 -0.822514 0.140406 -1.42859 3.07791 -0.847413</i>
                        <i>0.0055987 0.157197 0.987551 -0.830413 0.550933 -0.0829886 -0.55712 -0.819611 0.133623 -1.42858 3.0777 -0.845396</i>
                        <i>0.00558038 0.150339 0.988619 -0.826585 0.55709 -0.0800506 -0.562784 -0.816731 0.127377 -1.42857 3.07788 -0.843523</i>
                        <i>0.00556882 0.144688 0.989462 -0.823313 0.562259 -0.0775848 -0.56756 -0.814205 0.122254 -1.42856 3.07856 -0.841976</i>
                        <i>0.00556287 0.140884 0.99001 -0.82103 0.565816 -0.0759057 -0.570858 -0.812406 0.118818 -1.42856 3.07984 -0.840938</i>
                        <i>0.00556109 0.139567 0.990197 -0.820174 0.567133 -0.0753302 -0.572087 -0.811715 0.117623 -1.42856 3.08182 -0.840587</i>
                        <i>0.0055628 0.140971 0.989998 -0.820917 0.56597 -0.0759787 -0.57102 -0.812284 0.118874 -1.42856 3.0845 -0.840989</i>
                        <i>0.00556831 0.144573 0.989478 -0.822931 0.562816 -0.0776024 -0.568113 -0.813841 0.122108 -1.42856 3.08767 -0.841995</i>
                    </KeyFrames>
                </p>
            </i>
            <i>
                <p>
                    <Name><![CDATA[spine2]]></Name>
                    <Exclude>0</Exclude>
                    <Additive>0</Additive>
                    <IKPriority>0</IKPriority>
                    <IKRotLimits>-1e+010 -1e+010 -1e+010 1e+010 1e+010 1e+010</IKRotLimits>
                    <IKRotLimitOrder>0</IKRotLimitOrder>
                    <KeyFrames count="33">
                        <i>-0.0700074 0.216232 0.973829 -0.899941 0.407465 -0.155171 -0.430354 -0.887252 0.166071 -1.4283 3.11466 -0.654433</i>
                        <i>-0.0698837 0.217757 0.973498 -0.899984 0.407173 -0.155685 -0.430284 -0.887013 0.167523 -1.4283 3.11908 -0.656192</i>
                        <i>-0.0697277 0.219604 0.973094 -0.900037 0.40682 -0.156302 -0.430198 -0.88672 0.169285 -1.4283 3.1238 -0.658346</i>
                        <i>-0.0695502 0.221638 0.972646 -0.900096 0.406431 -0.156976 -0.430105 -0.886392 0.171228 -1.4283 3.12851 -0.660732</i>
                        <i>-0.0693632 0.223718 0.972183 -0.900156 0.406033 -0.15766 -0.43001 -0.886052 0.173217 -1.4283 3.13291 -0.663178</i>
                        <i>-0.0691803 0.2257 0.971737 -0.900213 0.405655 -0.158308 -0.42992 -0.885722 0.175115 -1.42829 3.1367 -0.665512</i>
                        <i>-0.0690164 0.227433 0.971345 -0.900262 0.405325 -0.158869 -0.429842 -0.88543 0.176775 -1.42829 3.1396 -0.667556</i>
                        <i>-0.0689499 0.227996 0.971218 -0.900278 0.405222 -0.159041 -0.429819 -0.885332 0.17732 -1.42829 3.14023 -0.66817</i>
                        <i>-0.0688737 0.228614 0.971078 -0.900297 0.405109 -0.159225 -0.429793 -0.885225 0.177919 -1.42829 3.14047 -0.668859</i>
                        <i>-0.0687933 0.229243 0.970935 -0.900316 0.404993 -0.159411 -0.429766 -0.885115 0.17853 -1.42829 3.1403 -0.669572</i>
                        <i>-0.0687144 0.229837 0.9708 -0.900335 0.404884 -0.159583 -0.429739 -0.885011 0.179109 -1.42828 3.13974 -0.670259</i>
                        <i>-0.0686428 0.230352 0.970683 -0.900352 0.404788 -0.159729 -0.429715 -0.884921 0.179612 -1.42828 3.13878 -0.67087</i>
                        <i>-0.0685843 0.230739 0.970595 -0.900365 0.404716 -0.159835 -0.429695 -0.884853 0.179993 -1.42828 3.13741 -0.671351</i>
                        <i>-0.0685449 0.230952 0.970548 -0.900375 0.404675 -0.159885 -0.429682 -0.884816 0.180205 -1.42828 3.13563 -0.671654</i>
                        <i>-0.0685305 0.230941 0.970551 -0.900378 0.404675 -0.159867 -0.429677 -0.884819 0.180202 -1.42828 3.13344 -0.671725</i>
                        <i>-0.0685398 0.230736 0.970599 -0.900376 0.404709 -0.159791 -0.42968 -0.884857 0.180011 -1.42828 3.13095 -0.671604</i>
                        <i>-0.0685668 0.2304 0.970677 -0.900371 0.404766 -0.159676 -0.429686 -0.884918 0.179692 -1.42828 3.12832 -0.671356</i>
                        <i>-0.0686101 0.229938 0.970784 -0.900362 0.404845 -0.159524 -0.429698 -0.885002 0.179251 -1.42828 3.12563 -0.670977</i>
                        <i>-0.0686681 0.229356 0.970917 -0.90035 0.404947 -0.159336 -0.429715 -0.885107 0.178694 -1.42828 3.12296 -0.670461</i>
                        <i>-0.0687395 0.228662 0.971076 -0.900334 0.40507 -0.159115 -0.429737 -0.88523 0.178027 -1.42828 3.12039 -0.669802</i>
                        <i>-0.0688224 0.22786 0.971259 -0.900314 0.405214 -0.15886 -0.429765 -0.885371 0.177258 -1.42829 3.118 -0.668995</i>
                        <i>-0.0689153 0.226959 0.971463 -0.90029 0.405379 -0.158573 -0.4298 -0.885527 0.176392 -1.42829 3.11587 -0.668036</i>
                        <i>-0.0690164 0.225965 0.971688 -0.900262 0.405564 -0.158257 -0.429842 -0.885696 0.175437 -1.42829 3.11408 -0.66692</i>
                        <i>-0.0691468 0.224657 0.971982 -0.900224 0.405812 -0.157838 -0.429901 -0.885915 0.174181 -1.42829 3.11234 -0.665381</i>
                        <i>-0.0693152 0.222945 0.972364 -0.900173 0.406139 -0.157289 -0.429981 -0.886198 0.172538 -1.4283 3.11043 -0.663317</i>
                        <i>-0.0695017 0.221027 0.972788 -0.900114 0.406508 -0.156672 -0.430075 -0.886509 0.170696 -1.4283 3.10859 -0.660963</i>
                        <i>-0.0696877 0.21909 0.973213 -0.900053 0.406884 -0.156047 -0.430173 -0.886818 0.168838 -1.4283 3.10701 -0.658549</i>
                        <i>-0.0698565 0.217315 0.973599 -0.899995 0.40723 -0.155472 -0.430265 -0.887095 0.167135 -1.4283 3.10593 -0.656301</i>
                        <i>-0.0699933 0.215875 0.973909 -0.899947 0.407515 -0.155007 -0.430344 -0.887316 0.165753 -1.4283 3.10557 -0.654442</i>
                        <i>-0.070085 0.214941 0.974109 -0.899914 0.407702 -0.154708 -0.430399 -0.887457 0.164855 -1.42831 3.10614 -0.65319</i>
                        <i>-0.0701185 0.214684 0.974163 -0.899901 0.407757 -0.154634 -0.430419 -0.887494 0.164603 -1.42831 3.10788 -0.652761</i>
                        <i>-0.070089 0.215163 0.97406 -0.899912 0.407669 -0.154805 -0.430402 -0.887418 0.165054 -1.42831 3.11082 -0.653235</i>
                        <i>-0.0700074 0.216232 0.973829 -0.899941 0.407465 -0.155171 -0.430354 -0.887252 0.166071 -1.4283 3.11466 -0.654433</i>
                    </KeyFrames>
                </p>
            </i>
            <i>
                <p>
                    <Name><![CDATA[head]]></Name>
                    <Exclude>0</Exclude>
                    <Additive>0</Additive>
                    <IKPriority>0</IKPriority>
                    <IKRotLimits>-1e+010 -1e+010 -1e+010 1e+010 1e+010 1e+010</IKRotLimits>
                    <IKRotLimitOrder>0</IKRotLimitOrder>
                    <KeyFrames count="33">
                        <i>0.0264256 0.941215 0.336774 0.254309 0.319478 -0.912831 -0.966762 0.109767 -0.230917 -1.44348 3.19129 -0.419701</i>
                        <i>0.0264256 0.941258 0.336653 0.254309 0.319361 -0.912872 -0.966762 0.109737 -0.230931 -1.44348 3.19606 -0.421293</i>
                        <i>0.0264256 0.941296 0.336546 0.254309 0.319257 -0.912909 -0.966762 0.109711 -0.230944 -1.44348 3.2012 -0.423231</i>
                        <i>0.0264256 0.941329 0.336455 0.254309 0.319169 -0.912939 -0.966762 0.109688 -0.230954 -1.44348 3.20637 -0.425361</i>
                        <i>0.0264256 0.941354 0.336385 0.254309 0.319101 -0.912963 -0.966762 0.109671 -0.230962 -1.44348 3.21125 -0.427531</i>
                        <i>0.0264256 0.94137 0.33634 0.254309 0.319057 -0.912978 -0.966762 0.10966 -0.230968 -1.44348 3.2155 -0.429589</i>
                        <i>0.0264256 0.941376 0.336324 0.254309 0.319041 -0.912984 -0.966762 0.109656 -0.23097 -1.44348 3.2188 -0.43138</i>
                        <i>0.0264256 0.94137 0.33634 0.254309 0.319057 -0.912978 -0.966762 0.10966 -0.230968 -1.44348 3.21957 -0.431871</i>
                        <i>0.0264256 0.941354 0.336385 0.254309 0.319101 -0.912963 -0.966762 0.109671 -0.230962 -1.44348 3.21996 -0.432417</i>
                        <i>0.0264256 0.941329 0.336455 0.254309 0.319169 -0.912939 -0.966762 0.109688 -0.230954 -1.44348 3.21996 -0.432978</i>
                        <i>0.0264256 0.941296 0.336546 0.254309 0.319257 -0.912909 -0.966762 0.109711 -0.230944 -1.44348 3.21954 -0.433513</i>
                        <i>0.0264256 0.941258 0.336653 0.254309 0.319361 -0.912872 -0.966762 0.109737 -0.230931 -1.44348 3.2187 -0.433983</i>
                        <i>0.0264256 0.941215 0.336774 0.254309 0.319478 -0.912831 -0.966762 0.109767 -0.230917 -1.44348 3.21743 -0.434347</i>
                        <i>0.0264255 0.941169 0.336902 0.254309 0.319602 -0.912788 -0.966762 0.109798 -0.230902 -1.44348 3.21571 -0.434566</i>
                        <i>0.0264256 0.941121 0.337035 0.254309 0.319731 -0.912743 -0.966762 0.109831 -0.230887 -1.44348 3.21352 -0.4346</i>
                        <i>0.0264256 0.941074 0.337167 0.254309 0.31986 -0.912697 -0.966762 0.109863 -0.230871 -1.44348 3.21098 -0.434486</i>
                        <i>0.0264256 0.941028 0.337296 0.254309 0.319984 -0.912654 -0.966762 0.109895 -0.230856 -1.44348 3.20826 -0.434282</i>
                        <i>0.0264256 0.940985 0.337416 0.254309 0.320101 -0.912613 -0.966762 0.109924 -0.230842 -1.44348 3.20545 -0.433978</i>
                        <i>0.0264256 0.940946 0.337523 0.254309 0.320205 -0.912576 -0.966762 0.109951 -0.23083 -1.44348 3.20263 -0.433565</i>
                        <i>0.0264256 0.940913 0.337614 0.254309 0.320293 -0.912545 -0.966762 0.109973 -0.230819 -1.44348 3.19989 -0.433033</i>
                        <i>0.0264256 0.940888 0.337684 0.254309 0.320361 -0.912522 -0.966762 0.10999 -0.230811 -1.44348 3.1973 -0.432372</i>
                        <i>0.0264256 0.940872 0.33773 0.254309 0.320405 -0.912506 -0.966762 0.110001 -0.230805 -1.44348 3.19495 -0.431572</i>
                        <i>0.0264256 0.940866 0.337746 0.254309 0.32042 -0.912501 -0.966762 0.110005 -0.230804 -1.44348 3.19292 -0.430623</i>
                        <i>0.0264256 0.940872 0.33773 0.254309 0.320405 -0.912506 -0.966762 0.110001 -0.230805 -1.44348 3.19088 -0.429296</i>
                        <i>0.0264256 0.940888 0.337684 0.254309 0.320361 -0.912522 -0.966762 0.10999 -0.230811 -1.44348 3.18858 -0.427498</i>
                        <i>0.0264256 0.940914 0.337614 0.254309 0.320293 -0.912545 -0.966762 0.109973 -0.230819 -1.44348 3.18629 -0.425433</i>
                        <i>0.0264256 0.940946 0.337523 0.254309 0.320205 -0.912576 -0.966762 0.109951 -0.23083 -1.44348 3.18428 -0.423302</i>
                        <i>0.0264255 0.940985 0.337416 0.254309 0.320101 -0.912613 -0.966762 0.109924 -0.230842 -1.44348 3.1828 -0.421307</i>
                        <i>0.0264256 0.941028 0.337296 0.254309 0.319984 -0.912654 -0.966762 0.109895 -0.230856 -1.44348 3.18211 -0.419651</i>
                        <i>0.0264256 0.941074 0.337167 0.254309 0.31986 -0.912697 -0.966762 0.109863 -0.230871 -1.44348 3.18248 -0.418536</i>
                        <i>0.0264256 0.941121 0.337035 0.254309 0.319731 -0.912742 -0.966762 0.109831 -0.230887 -1.44348 3.18417 -0.418164</i>
                        <i>0.0264255 0.941169 0.336902 0.254309 0.319602 -0.912788 -0.966762 0.109798 -0.230902 -1.44348 3.18722 -0.418607</i>
                        <i>0.0264256 0.941215 0.336774 0.254309 0.319478 -0.912831 -0.966762 0.109767 -0.230917 -1.44348 3.19129 -0.419701</i>
                    </KeyFrames>
                </p>
            </i>
            <i>
                <p>
                    <Name><![CDATA[head_prop]]></Name>
                    <Exclude>0</Exclude>
                    <Additive>0</Additive>
                    <IKPriority>0</IKPriority>
                    <IKRotLimits>-1e+010 -1e+010 -1e+010 1e+010 1e+010 1e+010</IKRotLimits>
                    <IKRotLimitOrder>0</IKRotLimitOrder>
                    <KeyFrames count="33">
                        <i>0.966762 -0.109767 0.230917 0.0264256 0.941215 0.336774 -0.254309 -0.319478 0.912831 -1.43486 3.49804 -0.309944</i>
                        <i>0.966762 -0.109737 0.230931 0.0264256 0.941258 0.336653 -0.254309 -0.319361 0.912872 -1.43486 3.50283 -0.311575</i>
                        <i>0.966762 -0.109711 0.230944 0.0264256 0.941296 0.336546 -0.254309 -0.319257 0.912909 -1.43486 3.50798 -0.313547</i>
                        <i>0.966762 -0.109688 0.230954 0.0264256 0.941329 0.336455 -0.254309 -0.319169 0.912939 -1.43486 3.51316 -0.315708</i>
                        <i>0.966762 -0.109671 0.230962 0.0264256 0.941354 0.336385 -0.254309 -0.319101 0.912963 -1.43486 3.51805 -0.317901</i>
                        <i>0.966762 -0.10966 0.230968 0.0264256 0.94137 0.33634 -0.254309 -0.319057 0.912978 -1.43486 3.5223 -0.319972</i>
                        <i>0.966762 -0.109656 0.23097 0.0264256 0.941376 0.336324 -0.254309 -0.319041 0.912984 -1.43486 3.5256 -0.321769</i>
                        <i>0.966762 -0.10966 0.230968 0.0264256 0.94137 0.33634 -0.254309 -0.319057 0.912978 -1.43486 3.52637 -0.322255</i>
                        <i>0.966762 -0.109671 0.230962 0.0264256 0.941354 0.336385 -0.254309 -0.319101 0.912963 -1.43486 3.52676 -0.322786</i>
                        <i>0.966762 -0.109688 0.230954 0.0264256 0.941329 0.336455 -0.254309 -0.319169 0.912939 -1.43486 3.52674 -0.323324</i>
                        <i>0.966762 -0.109711 0.230944 0.0264256 0.941296 0.336546 -0.254309 -0.319257 0.912909 -1.43486 3.52632 -0.32383</i>
                        <i>0.966762 -0.109737 0.230931 0.0264256 0.941258 0.336653 -0.254309 -0.319361 0.912872 -1.43486 3.52547 -0.324265</i>
                        <i>0.966762 -0.109767 0.230917 0.0264256 0.941215 0.336774 -0.254309 -0.319478 0.912831 -1.43486 3.52418 -0.32459</i>
                        <i>0.966762 -0.109798 0.230902 0.0264255 0.941169 0.336902 -0.254309 -0.319602 0.912788 -1.43486 3.52244 -0.324767</i>
                        <i>0.966762 -0.109831 0.230887 0.0264256 0.941121 0.337035 -0.254309 -0.319731 0.912743 -1.43486 3.52024 -0.324757</i>
                        <i>0.966762 -0.109863 0.230871 0.0264256 0.941074 0.337167 -0.254309 -0.31986 0.912697 -1.43486 3.51768 -0.324601</i>
                        <i>0.966762 -0.109895 0.230856 0.0264256 0.941028 0.337296 -0.254309 -0.319984 0.912654 -1.43486 3.51495 -0.324355</i>
                        <i>0.966762 -0.109924 0.230842 0.0264256 0.940985 0.337416 -0.254309 -0.320101 0.912613 -1.43486 3.51213 -0.324012</i>
                        <i>0.966762 -0.109951 0.23083 0.0264256 0.940946 0.337523 -0.254309 -0.320205 0.912576 -1.43486 3.50929 -0.323563</i>
                        <i>0.966762 -0.109973 0.230819 0.0264256 0.940913 0.337614 -0.254309 -0.320293 0.912545 -1.43486 3.50654 -0.323001</i>
                        <i>0.966762 -0.10999 0.230811 0.0264256 0.940888 0.337684 -0.254309 -0.320361 0.912522 -1.43486 3.50394 -0.322317</i>
                        <i>0.966762 -0.110001 0.230805 0.0264256 0.940872 0.33773 -0.254309 -0.320405 0.912506 -1.43486 3.50159 -0.321503</i>
                        <i>0.966762 -0.110005 0.230804 0.0264256 0.940866 0.337746 -0.254309 -0.32042 0.912501 -1.43486 3.49956 -0.320549</i>
                        <i>0.966762 -0.110001 0.230805 0.0264256 0.940872 0.33773 -0.254309 -0.320405 0.912506 -1.43486 3.49752 -0.319226</i>
                        <i>0.966762 -0.10999 0.230811 0.0264256 0.940888 0.337684 -0.254309 -0.320361 0.912522 -1.43486 3.49522 -0.317444</i>
                        <i>0.966762 -0.109973 0.230819 0.0264256 0.940914 0.337614 -0.254309 -0.320293 0.912545 -1.43486 3.49295 -0.315401</i>
                        <i>0.966762 -0.109951 0.23083 0.0264256 0.940946 0.337523 -0.254309 -0.320205 0.912576 -1.43486 3.49094 -0.3133</i>
                        <i>0.966762 -0.109924 0.230842 0.0264255 0.940985 0.337416 -0.254309 -0.320101 0.912613 -1.43486 3.48948 -0.31134</i>
                        <i>0.966762 -0.109895 0.230856 0.0264256 0.941028 0.337296 -0.254309 -0.319984 0.912654 -1.43486 3.4888 -0.309723</i>
                        <i>0.966762 -0.109863 0.230871 0.0264256 0.941074 0.337167 -0.254309 -0.31986 0.912697 -1.43486 3.48919 -0.30865</i>
                        <i>0.966762 -0.109831 0.230887 0.0264256 0.941121 0.337035 -0.254309 -0.319731 0.912742 -1.43486 3.49089 -0.308321</i>
                        <i>0.966762 -0.109798 0.230902 0.0264255 0.941169 0.336902 -0.254309 -0.319602 0.912788 -1.43486 3.49395 -0.308808</i>
                        <i>0.966762 -0.109767 0.230917 0.0264256 0.941215 0.336774 -0.254309 -0.319478 0.912831 -1.43486 3.49804 -0.309944</i>
                    </KeyFrames>
                </p>
            </i>
            <i>
                <p>
                    <Name><![CDATA[l_clav]]></Name>
                    <Exclude>0</Exclude>
                    <Additive>0</Additive>
                    <IKPriority>0</IKPriority>
                    <IKRotLimits>-1e+010 -1e+010 -1e+010 1e+010 1e+010 1e+010</IKRotLimits>
                    <IKRotLimitOrder>0</IKRotLimitOrder>
                    <KeyFrames count="33">
                        <i>0.921826 -0.140361 0.361296 -0.216349 0.587082 0.780082 -0.321603 -0.797266 0.51082 -1.36575 3.0518 -0.569082</i>
                        <i>0.921826 -0.140315 0.361314 -0.216349 0.587181 0.780007 -0.321604 -0.797201 0.510922 -1.36575 3.05655 -0.570656</i>
                        <i>0.921826 -0.140274 0.36133 -0.216349 0.58727 0.77994 -0.321604 -0.797143 0.511013 -1.36575 3.06167 -0.572578</i>
                        <i>0.921826 -0.140239 0.361343 -0.216349 0.587346 0.779883 -0.321604 -0.797093 0.51109 -1.36575 3.06683 -0.574695</i>
                        <i>0.921826 -0.140212 0.361354 -0.216349 0.587404 0.779839 -0.321604 -0.797055 0.51115 -1.36575 3.0717 -0.576855</i>
                        <i>0.921826 -0.140195 0.36136 -0.216349 0.587441 0.779811 -0.321604 -0.797031 0.511188 -1.36575 3.07594 -0.578905</i>
                        <i>0.921827 -0.140189 0.361363 -0.216349 0.587455 0.779801 -0.321604 -0.797022 0.511201 -1.36575 3.07924 -0.580694</i>
                        <i>0.921826 -0.140195 0.36136 -0.216349 0.587441 0.779811 -0.321604 -0.797031 0.511188 -1.36575 3.08001 -0.581187</i>
                        <i>0.921826 -0.140212 0.361354 -0.216349 0.587404 0.779839 -0.321604 -0.797055 0.51115 -1.36575 3.08041 -0.58174</i>
                        <i>0.921826 -0.140239 0.361343 -0.216349 0.587346 0.779883 -0.321604 -0.797093 0.51109 -1.36575 3.08041 -0.582311</i>
                        <i>0.921827 -0.140274 0.36133 -0.216349 0.58727 0.77994 -0.321604 -0.797143 0.511013 -1.36575 3.08001 -0.58286</i>
                        <i>0.921826 -0.140315 0.361314 -0.216349 0.587181 0.780007 -0.321604 -0.797201 0.510922 -1.36575 3.07919 -0.583346</i>
                        <i>0.921826 -0.140361 0.361296 -0.216349 0.587082 0.780082 -0.321604 -0.797266 0.51082 -1.36575 3.07794 -0.583728</i>
                        <i>0.921827 -0.140411 0.361277 -0.216349 0.586975 0.780162 -0.321604 -0.797336 0.510711 -1.36575 3.07624 -0.583966</i>
                        <i>0.921826 -0.140462 0.361257 -0.216349 0.586865 0.780245 -0.321604 -0.797408 0.510599 -1.36575 3.07407 -0.58402</i>
                        <i>0.921826 -0.140513 0.361237 -0.216349 0.586755 0.780328 -0.321604 -0.79748 0.510487 -1.36575 3.07155 -0.583926</i>
                        <i>0.921826 -0.140562 0.361218 -0.216349 0.586649 0.780408 -0.321604 -0.79755 0.510378 -1.36575 3.06885 -0.583741</i>
                        <i>0.921826 -0.140608 0.3612 -0.216349 0.586549 0.780483 -0.321604 -0.797615 0.510276 -1.36575 3.06606 -0.583454</i>
                        <i>0.921826 -0.140649 0.361184 -0.216349 0.58646 0.78055 -0.321604 -0.797673 0.510185 -1.36575 3.06326 -0.583057</i>
                        <i>0.921826 -0.140684 0.36117 -0.216349 0.586384 0.780606 -0.321604 -0.797722 0.510108 -1.36575 3.06053 -0.582538</i>
                        <i>0.921826 -0.140711 0.36116 -0.216349 0.586326 0.78065 -0.321604 -0.797761 0.510048 -1.36575 3.05795 -0.581887</i>
                        <i>0.921826 -0.140728 0.361153 -0.216349 0.586289 0.780678 -0.321604 -0.797785 0.51001 -1.36575 3.05561 -0.581094</i>
                        <i>0.921827 -0.140735 0.361151 -0.216349 0.586276 0.780688 -0.321604 -0.797794 0.509997 -1.36575 3.05359 -0.580148</i>
                        <i>0.921827 -0.140728 0.361153 -0.216349 0.586289 0.780678 -0.321604 -0.797785 0.51001 -1.36575 3.05154 -0.578818</i>
                        <i>0.921826 -0.140711 0.36116 -0.216349 0.586326 0.78065 -0.321604 -0.797761 0.510048 -1.36575 3.04923 -0.577014</i>
                        <i>0.921826 -0.140684 0.36117 -0.216349 0.586385 0.780606 -0.321604 -0.797723 0.510108 -1.36575 3.04694 -0.574938</i>
                        <i>0.921826 -0.140649 0.361184 -0.216349 0.58646 0.78055 -0.321604 -0.797673 0.510185 -1.36575 3.04491 -0.572794</i>
                        <i>0.921826 -0.140608 0.3612 -0.216349 0.586549 0.780483 -0.321604 -0.797615 0.510276 -1.36575 3.04341 -0.570783</i>
                        <i>0.921826 -0.140562 0.361218 -0.216349 0.586649 0.780408 -0.321604 -0.79755 0.510378 -1.36575 3.04271 -0.569109</i>
                        <i>0.921827 -0.140513 0.361237 -0.216349 0.586755 0.780327 -0.321604 -0.79748 0.510487 -1.36575 3.04305 -0.567975</i>
                        <i>0.921826 -0.140462 0.361257 -0.216349 0.586865 0.780245 -0.321604 -0.797408 0.510599 -1.36575 3.04472 -0.567583</i>
                        <i>0.921827 -0.140411 0.361277 -0.216349 0.586975 0.780162 -0.321604 -0.797336 0.510712 -1.36575 3.04775 -0.568007</i>
                        <i>0.921826 -0.140361 0.361296 -0.216349 0.587082 0.780082 -0.321603 -0.797266 0.51082 -1.36575 3.0518 -0.569082</i>
                    </KeyFrames>
                </p>
            </i>
            <i>
                <p>
                    <Name><![CDATA[l_shoulder]]></Name>
                    <Exclude>0</Exclude>
                    <Additive>0</Additive>
                    <IKPriority>0</IKPriority>
                    <IKRotLimits>-1e+010 -1e+010 -1e+010 1e+010 1e+010 1e+010</IKRotLimits>
                    <IKRotLimitOrder>0</IKRotLimitOrder>
                    <KeyFrames count="33">
                        <i>0.189393 -0.981072 0.0403403 0.410329 0.116403 0.904478 -0.892054 -0.154749 0.424609 -1.18361 3.02407 -0.497698</i>
                        <i>0.1888 -0.981113 0.0420942 0.409512 0.11762 0.904691 -0.892555 -0.153568 0.423984 -1.18361 3.02883 -0.499269</i>
                        <i>0.188183 -0.981134 0.0443036 0.408414 0.119199 0.90498 -0.893188 -0.152208 0.423141 -1.18361 3.03396 -0.501187</i>
                        <i>0.18758 -0.981135 0.0467729 0.40714 0.120998 0.905316 -0.893896 -0.150776 0.422156 -1.18361 3.03912 -0.503301</i>
                        <i>0.187026 -0.981116 0.0493158 0.405789 0.122877 0.905669 -0.894627 -0.149372 0.421107 -1.18361 3.044 -0.505459</i>
                        <i>0.186558 -0.98108 0.0517553 0.404455 0.124705 0.906016 -0.895328 -0.148092 0.420068 -1.18361 3.04824 -0.507508</i>
                        <i>0.18621 -0.981029 0.053923 0.403232 0.126355 0.906333 -0.895952 -0.147025 0.419111 -1.18361 3.05154 -0.509296</i>
                        <i>0.186134 -0.981009 0.0545418 0.402862 0.126833 0.90643 -0.896134 -0.146745 0.418819 -1.18361 3.05231 -0.50979</i>
                        <i>0.186116 -0.98097 0.0553069 0.402366 0.127452 0.906564 -0.896361 -0.146473 0.41843 -1.18361 3.05271 -0.510345</i>
                        <i>0.186155 -0.980914 0.0561605 0.401782 0.128162 0.906722 -0.896614 -0.146227 0.417972 -1.18361 3.05271 -0.510918</i>
                        <i>0.18625 -0.980845 0.0570457 0.401149 0.128918 0.906896 -0.896878 -0.146025 0.417476 -1.18361 3.0523 -0.511469</i>
                        <i>0.1864 -0.980766 0.0579053 0.400504 0.129672 0.907073 -0.897135 -0.145887 0.416972 -1.18361 3.05147 -0.511958</i>
                        <i>0.186605 -0.980681 0.0586821 0.399886 0.130379 0.907244 -0.897368 -0.14583 0.41649 -1.18361 3.05021 -0.512344</i>
                        <i>0.186866 -0.980593 0.0593188 0.399334 0.13099 0.9074 -0.89756 -0.145874 0.416061 -1.18361 3.04849 -0.512586</i>
                        <i>0.18718 -0.980506 0.0597571 0.398886 0.131457 0.907529 -0.897694 -0.146035 0.415716 -1.18361 3.04632 -0.512643</i>
                        <i>0.187537 -0.980421 0.0600328 0.398526 0.131807 0.907636 -0.897779 -0.146291 0.415442 -1.18361 3.04379 -0.512553</i>
                        <i>0.187916 -0.980338 0.0602015 0.39823 0.132077 0.907727 -0.897831 -0.146602 0.415219 -1.18361 3.04108 -0.512372</i>
                        <i>0.188303 -0.980262 0.0602334 0.398022 0.132238 0.907795 -0.897842 -0.146966 0.415066 -1.18361 3.03828 -0.512089</i>
