<?xml version="1.0" encoding="ISO-8859-1" ?>
<Animl Version="1">
    <ModellingPackage><![CDATA[Maya.2010]]></ModellingPackage>
    <SrcFile><![CDATA[anims\turrets\mortar\blue\~src\mortar_m29\mortar_m29_aim_random_crewman_c.mb]]></SrcFile>
    <FramesPerSecond>30</FramesPerSecond>
    <TotalFrames>80</TotalFrames>
    <Skeleton>
        <RefFrame>
            <Name><![CDATA[soldier_ref_frame]]></Name>
            <Exclude>0</Exclude>
            <Additive>0</Additive>
            <IKPriority>0</IKPriority>
            <IKRotLimits>-1e+010 -1e+010 -1e+010 1e+010 1e+010 1e+010</IKRotLimits>
            <IKRotLimitOrder>0</IKRotLimitOrder>
            <KeyFrames count="80">
                <i>1 0 0 0 1 0 0 0 1 -2.01 0.94 0.91</i>
                <i>1 0 0 0 1 0 0 0 1 -2.01 0.94 0.91</i>
                <i>1 0 0 0 1 0 0 0 1 -2.01 0.94 0.91</i>
                <i>1 0 0 0 1 0 0 0 1 -2.01 0.94 0.91</i>
                <i>1 0 0 0 1 0 0 0 1 -2.01 0.94 0.91</i>
                <i>1 0 0 0 1 0 0 0 1 -2.01 0.94 0.91</i>
                <i>1 0 0 0 1 0 0 0 1 -2.01 0.94 0.91</i>
                <i>1 0 0 0 1 0 0 0 1 -2.01 0.94 0.91</i>
                <i>1 0 0 0 1 0 0 0 1 -2.01 0.94 0.91</i>
                <i>1 0 0 0 1 0 0 0 1 -2.01 0.94 0.91</i>
                <i>1 0 0 0 1 0 0 0 1 -2.01 0.94 0.91</i>
                <i>1 0 0 0 1 0 0 0 1 -2.01 0.94 0.91</i>
                <i>1 0 0 0 1 0 0 0 1 -2.01 0.94 0.91</i>
                <i>1 0 0 0 1 0 0 0 1 -2.01 0.94 0.91</i>
                <i>1 0 0 0 1 0 0 0 1 -2.01 0.94 0.91</i>
                <i>1 0 0 0 1 0 0 0 1 -2.01 0.94 0.91</i>
                <i>1 0 0 0 1 0 0 0 1 -2.01 0.94 0.91</i>
                <i>1 0 0 0 1 0 0 0 1 -2.01 0.94 0.91</i>
                <i>1 0 0 0 1 0 0 0 1 -2.01 0.94 0.91</i>
                <i>1 0 0 0 1 0 0 0 1 -2.01 0.94 0.91</i>
                <i>1 0 0 0 1 0 0 0 1 -2.01 0.94 0.91</i>
                <i>1 0 0 0 1 0 0 0 1 -2.01 0.94 0.91</i>
                <i>1 0 0 0 1 0 0 0 1 -2.01 0.94 0.91</i>
                <i>1 0 0 0 1 0 0 0 1 -2.01 0.94 0.91</i>
                <i>1 0 0 0 1 0 0 0 1 -2.01 0.94 0.91</i>
                <i>1 0 0 0 1 0 0 0 1 -2.01 0.94 0.91</i>
                <i>1 0 0 0 1 0 0 0 1 -2.01 0.94 0.91</i>
                <i>1 0 0 0 1 0 0 0 1 -2.01 0.94 0.91</i>
                <i>1 0 0 0 1 0 0 0 1 -2.01 0.94 0.91</i>
                <i>1 0 0 0 1 0 0 0 1 -2.01 0.94 0.91</i>
                <i>1 0 0 0 1 0 0 0 1 -2.01 0.94 0.91</i>
                <i>1 0 0 0 1 0 0 0 1 -2.01 0.94 0.91</i>
                <i>1 0 0 0 1 0 0 0 1 -2.01 0.94 0.91</i>
                <i>1 0 0 0 1 0 0 0 1 -2.01 0.94 0.91</i>
                <i>1 0 0 0 1 0 0 0 1 -2.01 0.94 0.91</i>
                <i>1 0 0 0 1 0 0 0 1 -2.01 0.94 0.91</i>
                <i>1 0 0 0 1 0 0 0 1 -2.01 0.94 0.91</i>
                <i>1 0 0 0 1 0 0 0 1 -2.01 0.94 0.91</i>
                <i>1 0 0 0 1 0 0 0 1 -2.01 0.94 0.91</i>
                <i>1 0 0 0 1 0 0 0 1 -2.01 0.94 0.91</i>
                <i>1 0 0 0 1 0 0 0 1 -2.01 0.94 0.91</i>
                <i>1 0 0 0 1 0 0 0 1 -2.01 0.94 0.91</i>
                <i>1 0 0 0 1 0 0 0 1 -2.01 0.94 0.91</i>
                <i>1 0 0 0 1 0 0 0 1 -2.01 0.94 0.91</i>
                <i>1 0 0 0 1 0 0 0 1 -2.01 0.94 0.91</i>
                <i>1 0 0 0 1 0 0 0 1 -2.01 0.94 0.91</i>
                <i>1 0 0 0 1 0 0 0 1 -2.01 0.94 0.91</i>
                <i>1 0 0 0 1 0 0 0 1 -2.01 0.94 0.91</i>
                <i>1 0 0 0 1 0 0 0 1 -2.01 0.94 0.91</i>
                <i>1 0 0 0 1 0 0 0 1 -2.01 0.94 0.91</i>
                <i>1 0 0 0 1 0 0 0 1 -2.01 0.94 0.91</i>
                <i>1 0 0 0 1 0 0 0 1 -2.01 0.94 0.91</i>
                <i>1 0 0 0 1 0 0 0 1 -2.01 0.94 0.91</i>
                <i>1 0 0 0 1 0 0 0 1 -2.01 0.94 0.91</i>
                <i>1 0 0 0 1 0 0 0 1 -2.01 0.94 0.91</i>
                <i>1 0 0 0 1 0 0 0 1 -2.01 0.94 0.91</i>
                <i>1 0 0 0 1 0 0 0 1 -2.01 0.94 0.91</i>
                <i>1 0 0 0 1 0 0 0 1 -2.01 0.94 0.91</i>
                <i>1 0 0 0 1 0 0 0 1 -2.01 0.94 0.91</i>
                <i>1 0 0 0 1 0 0 0 1 -2.01 0.94 0.91</i>
                <i>1 0 0 0 1 0 0 0 1 -2.01 0.94 0.91</i>
                <i>1 0 0 0 1 0 0 0 1 -2.01 0.94 0.91</i>
                <i>1 0 0 0 1 0 0 0 1 -2.01 0.94 0.91</i>
                <i>1 0 0 0 1 0 0 0 1 -2.01 0.94 0.91</i>
                <i>1 0 0 0 1 0 0 0 1 -2.01 0.94 0.91</i>
                <i>1 0 0 0 1 0 0 0 1 -2.01 0.94 0.91</i>
                <i>1 0 0 0 1 0 0 0 1 -2.01 0.94 0.91</i>
                <i>1 0 0 0 1 0 0 0 1 -2.01 0.94 0.91</i>
                <i>1 0 0 0 1 0 0 0 1 -2.01 0.94 0.91</i>
                <i>1 0 0 0 1 0 0 0 1 -2.01 0.94 0.91</i>
                <i>1 0 0 0 1 0 0 0 1 -2.01 0.94 0.91</i>
                <i>1 0 0 0 1 0 0 0 1 -2.01 0.94 0.91</i>
                <i>1 0 0 0 1 0 0 0 1 -2.01 0.94 0.91</i>
                <i>1 0 0 0 1 0 0 0 1 -2.01 0.94 0.91</i>
                <i>1 0 0 0 1 0 0 0 1 -2.01 0.94 0.91</i>
                <i>1 0 0 0 1 0 0 0 1 -2.01 0.94 0.91</i>
                <i>1 0 0 0 1 0 0 0 1 -2.01 0.94 0.91</i>
                <i>1 0 0 0 1 0 0 0 1 -2.01 0.94 0.91</i>
                <i>1 0 0 0 1 0 0 0 1 -2.01 0.94 0.91</i>
                <i>1 0 0 0 1 0 0 0 1 -2.01 0.94 0.91</i>
            </KeyFrames>
        </RefFrame>
        <Bones count="23">
            <i>
                <p>
                    <Name><![CDATA[pelvis]]></Name>
                    <Exclude>0</Exclude>
                    <Additive>0</Additive>
                    <IKPriority>0</IKPriority>
                    <IKRotLimits>-1e+010 -1e+010 -1e+010 1e+010 1e+010 1e+010</IKRotLimits>
                    <IKRotLimitOrder>2</IKRotLimitOrder>
                    <KeyFrames count="80">
                        <i>1 0 0 0 1 0 0 0 1 -2.01678 1.56387 0.913668</i>
                        <i>1 0 0 0 1 0 0 0 1 -2.00653 1.57527 0.931719</i>
                        <i>1 0 0 0 1 0 0 0 1 -1.99643 1.58532 0.949509</i>
                        <i>1 0 0 0 1 0 0 0 1 -1.98646 1.59431 0.967095</i>
                        <i>1 0 0 0 1 0 0 0 1 -1.97735 1.59596 0.983264</i>
                        <i>1 0 0 0 1 0 0 0 1 -1.96861 1.58605 0.998973</i>
                        <i>1 0 0 0 1 0 0 0 1 -1.95937 1.57191 1.01564</i>
                        <i>1 0 0 0 1 0 0 0 1 -1.95072 1.55701 1.03127</i>
                        <i>1 0 0 0 1 0 0 0 1 -1.94374 1.54481 1.04388</i>
                        <i>1 0 0 0 1 0 0 0 1 -1.93952 1.53878 1.05148</i>
                        <i>1 0 0 0 1 0 0 0 1 -1.93954 1.53956 1.05144</i>
                        <i>1 0 0 0 1 0 0 0 1 -1.93958 1.54169 1.05131</i>
                        <i>1 0 0 0 1 0 0 0 1 -1.93964 1.54486 1.05112</i>
                        <i>1 0 0 0 1 0 0 0 1 -1.93971 1.54873 1.05089</i>
                        <i>1 0 0 0 1 0 0 0 1 -1.93979 1.553 1.05064</i>
                        <i>1 0 0 0 1 0 0 0 1 -1.93988 1.55734 1.05039</i>
                        <i>1 0 0 0 1 0 0 0 1 -1.93995 1.56143 1.05014</i>
                        <i>1 0 0 0 1 0 0 0 1 -1.94002 1.56495 1.04994</i>
                        <i>1 0 0 0 1 0 0 0 1 -1.94007 1.56758 1.04978</i>
                        <i>1 0 0 0 1 0 0 0 1 -1.9401 1.56901 1.0497</i>
                        <i>1 0 0 0 1 0 0 0 1 -1.94011 1.56965 1.04966</i>
                        <i>1 0 0 0 1 0 0 0 1 -1.94012 1.57013 1.04963</i>
                        <i>1 0 0 0 1 0 0 0 1 -1.94013 1.57047 1.04961</i>
                        <i>1 0 0 0 1 0 0 0 1 -1.94013 1.57068 1.0496</i>
                        <i>1 0 0 0 1 0 0 0 1 -1.94013 1.57077 1.04959</i>
                        <i>1 0 0 0 1 0 0 0 1 -1.94013 1.57075 1.04959</i>
                        <i>1 0 0 0 1 0 0 0 1 -1.94013 1.57063 1.0496</i>
                        <i>1 0 0 0 1 0 0 0 1 -1.94013 1.57042 1.04961</i>
                        <i>1 0 0 0 1 0 0 0 1 -1.94012 1.57013 1.04963</i>
                        <i>1 0 0 0 1 0 0 0 1 -1.94011 1.56978 1.04965</i>
                        <i>1 0 0 0 1 0 0 0 1 -1.94011 1.56937 1.04967</i>
                        <i>1 0 0 0 1 0 0 0 1 -1.9401 1.56892 1.0497</i>
                        <i>1 0 0 0 1 0 0 0 1 -1.94009 1.56843 1.04973</i>
                        <i>1 0 0 0 1 0 0 0 1 -1.94008 1.56792 1.04976</i>
                        <i>1 0 0 0 1 0 0 0 1 -1.94007 1.5674 1.04979</i>
                        <i>1 0 0 0 1 0 0 0 1 -1.94006 1.56688 1.04982</i>
                        <i>1 0 0 0 1 0 0 0 1 -1.94005 1.56636 1.04985</i>
                        <i>1 0 0 0 1 0 0 0 1 -1.94004 1.56586 1.04988</i>
                        <i>1 0 0 0 1 0 0 0 1 -1.94003 1.5654 1.04991</i>
                        <i>1 0 0 0 1 0 0 0 1 -1.94002 1.56498 1.04993</i>
                        <i>1 0 0 0 1 0 0 0 1 -1.94001 1.56461 1.04996</i>
                        <i>1 0 0 0 1 0 0 0 1 -1.94001 1.5643 1.04997</i>
                        <i>1 0 0 0 1 0 0 0 1 -1.94 1.56407 1.04999</i>
                        <i>1 0 0 0 1 0 0 0 1 -1.94 1.56392 1.05</i>
                        <i>1 0 0 0 1 0 0 0 1 -1.94 1.56387 1.05</i>
                        <i>1 0 0 0 1 0 0 0 1 -1.94098 1.56374 1.04826</i>
                        <i>1 0 0 0 1 0 0 0 1 -1.94244 1.56364 1.04566</i>
                        <i>1 0 0 0 1 0 0 0 1 -1.94432 1.56356 1.04235</i>
                        <i>1 0 0 0 1 0 0 0 1 -1.94651 1.5635 1.03845</i>
                        <i>1 0 0 0 1 0 0 0 1 -1.94894 1.56345 1.03413</i>
                        <i>1 0 0 0 1 0 0 0 1 -1.95153 1.56342 1.02953</i>
                        <i>1 0 0 0 1 0 0 0 1 -1.9542 1.5634 1.0248</i>
                        <i>1 0 0 0 1 0 0 0 1 -1.95686 1.5634 1.02007</i>
                        <i>1 0 0 0 1 0 0 0 1 -1.95944 1.5634 1.0155</i>
                        <i>1 0 0 0 1 0 0 0 1 -1.96184 1.5634 1.01123</i>
                        <i>1 0 0 0 1 0 0 0 1 -1.96399 1.56342 1.00742</i>
                        <i>1 0 0 0 1 0 0 0 1 -1.96581 1.56343 1.00419</i>
                        <i>1 0 0 0 1 0 0 0 1 -1.9672 1.56344 1.00171</i>
                        <i>1 0 0 0 1 0 0 0 1 -1.9681 1.56345 1.00011</i>
                        <i>1 0 0 0 1 0 0 0 1 -1.96842 1.56345 0.999546</i>
                        <i>1 0 0 0 1 0 0 0 1 -1.96842 1.56345 0.999546</i>
                        <i>1 0 0 0 1 0 0 0 1 -1.96842 1.56345 0.999546</i>
                        <i>1 0 0 0 1 0 0 0 1 -1.96842 1.56345 0.999546</i>
                        <i>1 0 0 0 1 0 0 0 1 -1.96842 1.56345 0.999546</i>
                        <i>1 0 0 0 1 0 0 0 1 -1.96842 1.56345 0.999546</i>
                        <i>1 0 0 0 1 0 0 0 1 -1.96842 1.56345 0.999546</i>
                        <i>1 0 0 0 1 0 0 0 1 -1.96842 1.56345 0.999546</i>
                        <i>1 0 0 0 1 0 0 0 1 -1.96842 1.56345 0.999546</i>
                        <i>1 0 0 0 1 0 0 0 1 -1.96842 1.56345 0.999546</i>
                        <i>1 0 0 0 1 0 0 0 1 -1.96842 1.56345 0.999546</i>
                        <i>1 0 0 0 1 0 0 0 1 -1.96842 1.56345 0.999546</i>
                        <i>1 0 0 0 1 0 0 0 1 -1.96842 1.56345 0.999546</i>
                        <i>1 0 0 0 1 0 0 0 1 -1.96842 1.56345 0.999546</i>
                        <i>1 0 0 0 1 0 0 0 1 -1.96842 1.56345 0.999546</i>
                        <i>1 0 0 0 1 0 0 0 1 -1.96842 1.56345 0.999546</i>
                        <i>1 0 0 0 1 0 0 0 1 -1.97219 1.56348 0.992848</i>
                        <i>1 0 0 0 1 0 0 0 1 -1.9808 1.56356 0.977561</i>
                        <i>1 0 0 0 1 0 0 0 1 -1.99176 1.56365 0.958095</i>
                        <i>1 0 0 0 1 0 0 0 1 -2.00427 1.56376 0.935881</i>
                        <i>1 0 0 0 1 0 0 0 1 -2.01678 1.56387 0.913668</i>
                    </KeyFrames>
                </p>
            </i>
            <i>
                <p>
                    <Name><![CDATA[spine0]]></Name>
                    <Exclude>0</Exclude>
                    <Additive>0</Additive>
                    <IKPriority>0</IKPriority>
                    <IKRotLimits>-1e+010 -1e+010 -1e+010 1e+010 1e+010 1e+010</IKRotLimits>
                    <IKRotLimitOrder>0</IKRotLimitOrder>
                    <KeyFrames count="80">
                        <i>-0.107839 0.993128 -0.0454606 -0.957757 -0.0915189 0.272629 0.266595 0.0729404 0.961045 -2.05496 1.6909 0.857986</i>
                        <i>-0.107127 0.993562 -0.0368646 -0.944643 -0.0901476 0.315474 0.310119 0.0686197 0.948218 -2.04873 1.70172 0.877619</i>
                        <i>-0.108914 0.993633 -0.0288223 -0.930526 -0.0917116 0.354557 0.349656 0.0654359 0.93459 -2.04314 1.71085 0.896994</i>
                        <i>-0.107218 0.99401 -0.0211621 -0.91523 -0.0903607 0.392668 0.388404 0.0614693 0.919437 -2.03689 1.71917 0.91646</i>
                        <i>-0.105289 0.99436 -0.0127695 -0.896645 -0.0893741 0.433636 0.430048 0.057107 0.900998 -2.03172 1.72009 0.93499</i>
                        <i>-0.103597 0.994611 -0.00412729 -0.87599 -0.0892743 0.473996 0.471073 0.0527198 0.880518 -2.02682 1.70946 0.953397</i>
                        <i>-0.102415 0.994732 0.00432917 -0.855022 -0.0902532 0.510677 0.508378 0.0485994 0.859762 -2.02103 1.69464 0.972863</i>
                        <i>-0.10183 0.994729 0.0120196 -0.835955 -0.0921133 0.541012 0.539268 0.0450432 0.840929 -2.0152 1.67917 0.991085</i>
                        <i>-0.101834 0.994637 0.0181023 -0.821292 -0.0943265 0.562657 0.561347 0.0424303 0.826492 -2.01023 1.66654 1.00571</i>
                        <i>-0.102452 0.994505 0.0215112 -0.813603 -0.0962182 0.573405 0.572324 0.0412446 0.81899 -2.00704 1.66027 1.01438</i>
                        <i>-0.102698 0.994475 0.0217231 -0.813438 -0.0965314 0.573586 0.572514 0.0412354 0.818857 -2.00682 1.66121 1.0144</i>
                        <i>-0.103353 0.994395 0.0222982 -0.813002 -0.0973724 0.574061 0.573015 0.0412023 0.818509 -2.00622 1.66374 1.01445</i>
                        <i>-0.104286 0.994278 0.0231469 -0.812393 -0.0985883 0.574715 0.573708 0.0411303 0.818026 -2.00534 1.66749 1.01452</i>
                        <i>-0.105367 0.994139 0.024179 -0.811708 -0.100027 0.575434 0.57448 0.0410057 0.817491 -2.00427 1.67207 1.01461</i>
                        <i>-0.10648 0.993993 0.0253018 -0.811025 -0.101545 0.576132 0.57524 0.0408263 0.816965 -2.0031 1.67708 1.01469</i>
                        <i>-0.107528 0.993851 0.0264196 -0.810395 -0.103011 0.576757 0.575932 0.0406071 0.816489 -2.00193 1.68214 1.01476</i>
                        <i>-0.108434 0.993725 0.027433 -0.809845 -0.104306 0.577297 0.576536 0.040382 0.816073 -2.00085 1.68688 1.0148</i>
                        <i>-0.109141 0.993625 0.0282399 -0.809373 -0.105323 0.577774 0.577065 0.040202 0.815708 -1.99997 1.69092 1.01482</i>
                        <i>-0.109603 0.99356 0.0287368 -0.808964 -0.105964 0.578229 0.57755 0.0401284 0.815368 -1.9994 1.69388 1.01479</i>
                        <i>-0.109775 0.993539 0.028821 -0.808603 -0.106129 0.578703 0.578023 0.0402224 0.815029 -1.99923 1.69541 1.01472</i>
                        <i>-0.109758 0.993546 0.0286169 -0.80825 -0.105971 0.579226 0.57852 0.040445 0.814665 -1.99934 1.69597 1.0146</i>
                        <i>-0.109691 0.993562 0.0283225 -0.80787 -0.105718 0.579801 0.579063 0.0407178 0.814265 -1.99954 1.69634 1.01447</i>
                        <i>-0.109576 0.993585 0.0279468 -0.80747 -0.105376 0.580421 0.579642 0.0410339 0.813837 -1.99981 1.69652 1.01432</i>
                        <i>-0.109417 0.993616 0.027499 -0.807055 -0.104954 0.581074 0.58025 0.0413859 0.813386 -2.00014 1.69653 1.01415</i>
                        <i>-0.109216 0.993652 0.0269883 -0.806632 -0.10446 0.58175 0.580876 0.0417665 0.81292 -2.00054 1.69638 1.01397</i>
                        <i>-0.108975 0.993693 0.0264239 -0.806206 -0.103902 0.58244 0.581512 0.0421681 0.812444 -2.00099 1.69609 1.01379</i>
                        <i>-0.108697 0.99374 0.025815 -0.805785 -0.103287 0.583131 0.582147 0.0425834 0.811968 -2.00148 1.69567 1.01359</i>
                        <i>-0.108385 0.99379 0.0251705 -0.805374 -0.102623 0.583816 0.582773 0.0430052 0.811496 -2.00201 1.69514 1.01339</i>
                        <i>-0.108041 0.993845 0.0244992 -0.80498 -0.101918 0.584483 0.583382 0.0434269 0.811036 -2.00257 1.6945 1.01318</i>
                        <i>-0.107669 0.993902 0.02381 -0.804606 -0.10118 0.585126 0.583966 0.0438423 0.810593 -2.00315 1.69379 1.01297</i>
                        <i>-0.107272 0.993961 0.0231112 -0.804257 -0.100418 0.585736 0.58452 0.044246 0.810172 -2.00374 1.693 1.01276</i>
                        <i>-0.106856 0.994022 0.0224113 -0.803937 -0.0996407 0.586308 0.585036 0.044633 0.809778 -2.00434 1.69216 1.01256</i>
                        <i>-0.106423 0.994084 0.0217181 -0.803648 -0.0988568 0.586836 0.585511 0.0449993 0.809414 -2.00494 1.69129 1.01236</i>
                        <i>-0.105981 0.994146 0.0210397 -0.803392 -0.0980756 0.587318 0.585943 0.0453415 0.809083 -2.00553 1.69039 1.01216</i>
                        <i>-0.105535 0.994207 0.0203835 -0.80317 -0.0973069 0.58775 0.586328 0.0456569 0.808786 -2.00611 1.68948 1.01197</i>
                        <i>-0.105092 0.994266 0.0197571 -0.80298 -0.0965606 0.588132 0.586667 0.0459437 0.808524 -2.00667 1.68858 1.0118</i>
                        <i>-0.10466 0.994323 0.0191676 -0.802823 -0.095847 0.588463 0.58696 0.0462005 0.808297 -2.00719 1.68771 1.01163</i>
                        <i>-0.104246 0.994377 0.0186219 -0.802696 -0.0951766 0.588745 0.587207 0.0464266 0.808104 -2.00769 1.68688 1.01148</i>
                        <i>-0.103859 0.994427 0.0181271 -0.802596 -0.09456 0.588981 0.587412 0.046622 0.807944 -2.00813 1.68611 1.01134</i>
                        <i>-0.103507 0.994471 0.0176898 -0.802521 -0.0940083 0.589172 0.587577 0.0467868 0.807814 -2.00853 1.68541 1.01121</i>
                        <i>-0.103199 0.99451 0.0173168 -0.802466 -0.0935324 0.589322 0.587706 0.0469213 0.807713 -2.00887 1.6848 1.01111</i>
                        <i>-0.102945 0.994542 0.0170147 -0.802429 -0.0931433 0.589434 0.587801 0.047026 0.807638 -2.00915 1.6843 1.01103</i>
                        <i>-0.102753 0.994565 0.0167904 -0.802406 -0.0928521 0.589512 0.587867 0.0471012 0.807585 -2.00935 1.68392 1.01096</i>
                        <i>-0.102632 0.99458 0.0166506 -0.802393 -0.0926697 0.589557 0.587905 0.047147 0.807555 -2.00948 1.68368 1.01093</i>
                        <i>-0.10259 0.994585 0.0166024 -0.802389 -0.0926066 0.589572 0.587917 0.0471625 0.807545 -2.00953 1.6836 1.01091</i>
                        <i>-0.101349 0.994738 0.0149754 -0.805035 -0.0908468 0.58623 0.584506 0.0473583 0.810006 -2.01031 1.68343 1.0087</i>
                        <i>-0.0997802 0.994929 0.0126785 -0.809249 -0.0885592 0.580753 0.57893 0.0476876 0.813981 -2.01134 1.68334 1.00541</i>
                        <i>-0.0978983 0.995147 0.00990361 -0.81473 -0.0858565 0.573449 0.571517 0.0480709 0.819181 -2.01256 1.68334 1.00122</i>
                        <i>-0.0957258 0.995384 0.00684142 -0.821177 -0.0828531 0.564627 0.562588 0.0484314 0.825318 -2.01392 1.68341 0.996341</i>
                        <i>-0.0932957 0.995632 0.00367269 -0.828295 -0.0796612 0.5546 0.55247 0.0486997 0.832109 -2.01535 1.68354 0.990948</i>
                        <i>-0.090653 0.995882 0.000560979 -0.835801 -0.0763874 0.543692 0.541496 0.0488185 0.839284 -2.01682 1.68372 0.985236</i>
                        <i>-0.0878548 0.996131 -0.00235305 -0.843426 -0.0731296 0.532245 0.530013 0.0487449 0.846587 -2.01826 1.68395 0.979392</i>
                        <i>-0.0849671 0.996371 -0.00495576 -0.85092 -0.0699741 0.520613 0.518378 0.048452 0.853778 -2.01964 1.68421 0.973601</i>
                        <i>-0.0820606 0.996602 -0.00716232 -0.858054 -0.0669933 0.509171 0.506961 0.0479286 0.860636 -2.0209 1.6845 0.968045</i>
                        <i>-0.0792064 0.996818 -0.00891648 -0.864618 -0.0642446 0.498305 0.496147 0.0471783 0.866956 -2.02201 1.68481 0.962904</i>
                        <i>-0.0764709 0.99702 -0.0101878 -0.870421 -0.06177 0.488418 0.486333 0.0462174 0.872551 -2.02292 1.68514 0.958352</i>
                        <i>-0.0739122 0.997204 -0.0109672 -0.875286 -0.0595976 0.479919 0.477924 0.0450713 0.877244 -2.02359 1.68547 0.954564</i>
                        <i>-0.0715781 0.997371 -0.0112605 -0.879046 -0.0577435 0.473226 0.471332 0.0437712 0.880869 -2.02398 1.6858 0.951709</i>
                        <i>-0.0695059 0.99752 -0.0110809 -0.881535 -0.0562171 0.468759 0.466974 0.0423497 0.883257 -2.02406 1.68613 0.949959</i>
                        <i>-0.0677233 0.997649 -0.0104401 -0.88258 -0.0550257 0.466932 0.46526 0.0408364 0.884232 -2.02377 1.68644 0.949482</i>
                        <i>-0.0665378 0.997737 -0.0096938 -0.882756 -0.0543357 0.46668 0.465097 0.0396091 0.884373 -2.02334 1.68673 0.949726</i>
                        <i>-0.0661609 0.997767 -0.00917424 -0.882778 -0.0542453 0.466648 0.465109 0.0389727 0.884395 -2.02299 1.68701 0.950021</i>
                        <i>-0.0664772 0.997749 -0.00883458 -0.882664 -0.054676 0.466813 0.465279 0.0388304 0.884312 -2.02271 1.68726 0.95036</i>
                        <i>-0.0673772 0.99769 -0.00861483 -0.882431 -0.0555596 0.46715 0.465593 0.0390772 0.884136 -2.02249 1.68751 0.950738</i>
                        <i>-0.0687531 0.997598 -0.00845113 -0.882092 -0.056831 0.467636 0.466032 0.0396061 0.883881 -2.02232 1.68774 0.95115</i>
                        <i>-0.0704969 0.997478 -0.00828317 -0.881665 -0.0584235 0.468245 0.46658 0.0403128 0.88356 -2.0222 1.68797 0.95159</i>
                        <i>-0.0724989 0.997336 -0.00805993 -0.881165 -0.0602643 0.468953 0.467218 0.0411007 0.883186 -2.0221 1.68819 0.952053</i>
                        <i>-0.0746467 0.99718 -0.00774337 -0.880609 -0.0622729 0.469733 0.467926 0.0418829 0.882774 -2.02202 1.6884 0.952533</i>
                        <i>-0.0768267 0.997018 -0.00731054 -0.880018 -0.0643608 0.470559 0.468685 0.0425849 0.882338 -2.02194 1.68862 0.953026</i>
                        <i>-0.078924 0.996858 -0.00675345 -0.879413 -0.0664319 0.471402 0.469472 0.043144 0.881892 -2.02186 1.68884 0.953524</i>
                        <i>-0.0814469 0.996659 -0.00604506 -0.878745 -0.0689464 0.472286 0.470291 0.0437783 0.881425 -2.02176 1.68906 0.954023</i>
                        <i>-0.0846534 0.996397 -0.00515678 -0.877995 -0.0721449 0.473203 0.471126 0.0445858 0.880939 -2.02163 1.6893 0.954517</i>
                        <i>-0.0880565 0.996107 -0.0041147 -0.877226 -0.075589 0.474089 0.471932 0.0453561 0.880468 -2.02147 1.68954 0.955001</i>
                        <i>-0.0911797 0.99583 -0.00297778 -0.876509 -0.0788345 0.474887 0.472672 0.0459101 0.880042 -2.02125 1.68979 0.955469</i>
                        <i>-0.0935603 0.995612 -0.00182837 -0.875912 -0.0814385 0.475547 0.473312 0.0460939 0.879688 -2.02097 1.69006 0.955915</i>
                        <i>-0.09476 0.99549 -0.00440891 -0.883653 -0.082073 0.460891 0.458451 0.04757 0.887446 -2.02348 1.69032 0.948376</i>
                        <i>-0.0963639 0.995277 -0.011735 -0.900928 -0.0822048 0.426111 0.423134 0.0516341 0.904595 -2.02963 1.69051 0.930722</i>
                        <i>-0.0994212 0.994813 -0.0215098 -0.920946 -0.0838103 0.380572 0.376795 0.0576463 0.924501 -2.03751 1.69064 0.908325</i>
                        <i>-0.10341 0.994087 -0.0331171 -0.940939 -0.0869804 0.327212 0.322397 0.0649981 0.94437 -2.04635 1.69076 0.882992</i>
                        <i>-0.107839 0.993128 -0.0454606 -0.957757 -0.0915189 0.272629 0.266595 0.0729404 0.961045 -2.05496 1.6909 0.857986</i>
                    </KeyFrames>
                </p>
            </i>
            <i>
                <p>
                    <Name><![CDATA[spine1]]></Name>
                    <Exclude>0</Exclude>
                    <Additive>0</Additive>
                    <IKPriority>0</IKPriority>
                    <IKRotLimits>-1e+010 -1e+010 -1e+010 1e+010 1e+010 1e+010</IKRotLimits>
                    <IKRotLimitOrder>0</IKRotLimitOrder>
                    <KeyFrames count="80">
                        <i>0.100844 0.980015 0.171465 -0.866584 0.00186082 0.499027 0.488736 -0.198913 0.849454 -2.07375 1.86385 0.850055</i>
                        <i>0.13694 0.976688 0.165313 -0.819409 0.0179153 0.572929 0.556611 -0.213916 0.80276 -2.06748 1.87555 0.871149</i>
                        <i>0.167363 0.973511 0.155772 -0.768866 0.0299815 0.638707 0.617118 -0.226664 0.753517 -2.06231 1.88574 0.891896</i>
                        <i>0.195431 0.970224 0.14308 -0.713788 0.0406683 0.69918 0.672543 -0.23877 0.700482 -2.05586 1.89497 0.912687</i>
                        <i>0.221689 0.966866 0.126587 -0.647659 0.0489495 0.760356 0.728966 -0.250548 0.637051 -2.05046 1.89686 0.932686</i>
                        <i>0.243103 0.963935 0.108308 -0.575358 0.0534009 0.816157 0.780938 -0.260726 0.56759 -2.04535 1.88712 0.952622</i>
                        <i>0.258464 0.961745 0.0907865 -0.503303 0.0538486 0.862431 0.82455 -0.2686 0.497967 -2.03943 1.87309 0.973598</i>
                        <i>0.268135 0.960358 0.0762594 -0.438948 0.0513237 0.897045 0.857571 -0.274003 0.435309 -2.03356 1.85822 0.993205</i>
                        <i>0.27335 0.959636 0.0661729 -0.390211 0.0477462 0.919487 0.879213 -0.277163 0.387512 -2.02863 1.846 1.00893</i>
                        <i>0.275392 0.959377 0.0612864 -0.36494 0.045352 0.929926 0.88937 -0.27846 0.362605 -2.02558 1.83995 1.01822</i>
                        <i>0.274124 0.959755 0.0610501 -0.364761 0.0450244 0.930012 0.889835 -0.277207 0.362423 -2.0254 1.84079 1.01828</i>
                        <i>0.270662 0.960777 0.0604123 -0.364286 0.0441316 0.930241 0.891088 -0.273788 0.361943 -2.02489 1.84309 1.01843</i>
                        <i>0.265501 0.962274 0.0594794 -0.363626 0.0428088 0.930561 0.892908 -0.268693 0.361274 -2.02415 1.8465 1.01865</i>
                        <i>0.25914 0.964075 0.0583581 -0.362885 0.0411908 0.930923 0.895076 -0.262416 0.360523 -2.02323 1.85067 1.01891</i>
                        <i>0.252105 0.96601 0.0571564 -0.362153 0.0394111 0.931285 0.897379 -0.255481 0.359779 -2.02221 1.85525 1.01918</i>
                        <i>0.244962 0.967915 0.0559841 -0.36149 0.0376022 0.931617 0.899621 -0.248449 0.359103 -2.02118 1.8599 1.01944</i>
                        <i>0.238318 0.969631 0.0549526 -0.360931 0.0358959 0.931902 0.901628 -0.241923 0.358524 -2.02023 1.86426 1.01966</i>
                        <i>0.232814 0.971011 0.0541748 -0.360479 0.0344243 0.932132 0.903246 -0.236542 0.358043 -2.01945 1.86801 1.01982</i>
                        <i>0.229114 0.971914 0.053764 -0.360121 0.0333197 0.93231 0.904334 -0.232967 0.35764 -2.01894 1.87079 1.01988</i>
                        <i>0.227881 0.9722 0.0538319 -0.359841 0.0327155 0.93244 0.904757 -0.231856 0.357293 -2.01879 1.87226 1.01982</i>
                        <i>0.228352 0.972067 0.0542395 -0.359592 0.0324389 0.932546 0.904737 -0.232453 0.356955 -2.01891 1.87286 1.01966</i>
                        <i>0.229301 0.971813 0.0547661 -0.359329 0.0322252 0.932654 0.904601 -0.233538 0.35659 -2.0191 1.8733 1.01948</i>
                        <i>0.230685 0.97145 0.0553988 -0.359055 0.0320702 0.932765 0.904358 -0.235066 0.356203 -2.01936 1.87357 1.01926</i>
                        <i>0.232457 0.970986 0.0561245 -0.358775 0.03197 0.932877 0.904016 -0.23699 0.355797 -2.01968 1.8737 1.01902</i>
                        <i>0.234572 0.97043 0.0569303 -0.35849 0.0319203 0.932988 0.903582 -0.239262 0.355377 -2.02005 1.87369 1.01875</i>
                        <i>0.236983 0.969793 0.0578031 -0.358205 0.0319169 0.933097 0.903066 -0.241834 0.354949 -2.02047 1.87355 1.01847</i>
                        <i>0.239645 0.969083 0.0587304 -0.357925 0.0319555 0.933203 0.902474 -0.244658 0.354517 -2.02093 1.8733 1.01817</i>
                        <i>0.242511 0.96831 0.0596995 -0.357653 0.0320321 0.933305 0.901816 -0.247688 0.354088 -2.02143 1.87296 1.01785</i>
                        <i>0.245536 0.967485 0.0606984 -0.357393 0.0321422 0.933401 0.9011 -0.250877 0.353665 -2.02195 1.87253 1.01753</i>
                        <i>0.248677 0.966618 0.061715 -0.357148 0.0322816 0.93349 0.900336 -0.254178 0.353253 -2.02248 1.87202 1.0172</i>
                        <i>0.251888 0.965721 0.0627379 -0.35692 0.0324459 0.933571 0.899533 -0.257548 0.352858 -2.02303 1.87146 1.01687</i>
                        <i>0.255128 0.964803 0.0637558 -0.356712 0.0326305 0.933644 0.898702 -0.260941 0.352482 -2.02358 1.87084 1.01655</i>
                        <i>0.258354 0.963877 0.0647579 -0.356526 0.0328311 0.933708 0.897854 -0.264315 0.35213 -2.02412 1.87019 1.01622</i>
                        <i>0.261528 0.962955 0.0657337 -0.356363 0.033043 0.933763 0.897 -0.26763 0.351803 -2.02466 1.86952 1.01591</i>
                        <i>0.264609 0.962048 0.0666732 -0.356222 0.0332618 0.933809 0.896152 -0.270845 0.351504 -2.02518 1.86884 1.01561</i>
                        <i>0.267561 0.961169 0.0675666 -0.356103 0.0334826 0.933847 0.895322 -0.273921 0.351234 -2.02568 1.86816 1.01532</i>
                        <i>0.270346 0.96033 0.0684042 -0.356006 0.0337007 0.933876 0.894524 -0.276822 0.350994 -2.02615 1.86749 1.01505</i>
                        <i>0.27293 0.959544 0.069177 -0.355929 0.0339114 0.933898 0.893769 -0.279511 0.350785 -2.02659 1.86686 1.0148</i>
                        <i>0.275278 0.958822 0.0698758 -0.35587 0.0341099 0.933913 0.893073 -0.281952 0.350606 -2.02698 1.86627 1.01457</i>
                        <i>0.277356 0.958178 0.0704917 -0.355827 0.0342912 0.933923 0.892446 -0.284112 0.350456 -2.02733 1.86573 1.01437</i>
                        <i>0.279132 0.957623 0.0710159 -0.355797 0.0344504 0.933928 0.891905 -0.285956 0.350336 -2.02763 1.86526 1.0142</i>
                        <i>0.280571 0.957171 0.0714395 -0.355778 0.0345827 0.93393 0.89146 -0.287451 0.350243 -2.02788 1.86487 1.01407</i>
                        <i>0.281642 0.956833 0.0717536 -0.355767 0.0346832 0.933931 0.891127 -0.288562 0.350178 -2.02806 1.86458 1.01396</i>
                        <i>0.282311 0.956621 0.0719491 -0.355761 0.034747 0.933931 0.890918 -0.289255 0.350138 -2.02817 1.86439 1.0139</i>
                        <i>0.282541 0.956548 0.0720164 -0.35576 0.0347693 0.93393 0.890845 -0.289494 0.350125 -2.02821 1.86433 1.01388</i>
                        <i>0.282831 0.956319 0.0738974 -0.364387 0.0358607 0.930557 0.887259 -0.290118 0.358612 -2.02876 1.86415 1.01137</i>
                        <i>0.282437 0.956223 0.076601 -0.3779 0.0375127 0.925086 0.881715 -0.290226 0.371952 -2.0295 1.86399 1.00766</i>
                        <i>0.281398 0.956248 0.0800282 -0.395451 0.0395742 0.917634 0.874319 -0.289868 0.389286 -2.03036 1.86386 1.00297</i>
                        <i>0.279752 0.956384 0.0840743 -0.416181 0.0418883 0.908316 0.865178 -0.289093 0.409748 -2.03129 1.86375 0.997531</i>
                        <i>0.277534 0.956619 0.0886252 -0.439234 0.0443026 0.89728 0.854429 -0.287953 0.432475 -2.03226 1.86366 0.991565</i>
                        <i>0.274793 0.956941 0.093555 -0.463766 0.0466788 0.884727 0.842265 -0.286504 0.456624 -2.03322 1.86358 0.985291</i>
                        <i>0.27159 0.957336 0.0987255 -0.488961 0.0488997 0.870934 0.828949 -0.28481 0.48138 -2.03413 1.86353 0.978922</i>
                        <i>0.26801 0.957788 0.103987 -0.514037 0.0508753 0.856258 0.814823 -0.282939 0.505973 -2.03495 1.86349 0.972665</i>
                        <i>0.264164 0.958278 0.10918 -0.53826 0.0525457 0.84114 0.800309 -0.280966 0.529683 -2.03566 1.86346 0.966717</i>
                        <i>0.26019 0.958788 0.114138 -0.560942 0.0538828 0.8261 0.785904 -0.278967 0.551844 -2.03622 1.86346 0.961265</i>
                        <i>0.256256 0.959294 0.118692 -0.581451 0.0548892 0.811728 0.772171 -0.277024 0.571848 -2.03662 1.86347 0.956491</i>
                        <i>0.252561 0.959773 0.122673 -0.599198 0.0555952 0.798669 0.759721 -0.275218 0.589135 -2.0368 1.86351 0.952568</i>
                        <i>0.249322 0.9602 0.125914 -0.613631 0.0560531 0.787601 0.749196 -0.273631 0.603184 -2.03676 1.86356 0.949666</i>
                        <i>0.246774 0.960549 0.12825 -0.62422 0.0563292 0.779215 0.74125 -0.272347 0.613495 -2.03644 1.86365 0.947952</i>
                        <i>0.245155 0.960793 0.129521 -0.630429 0.0564943 0.774189 0.736518 -0.27145 0.619561 -2.03583 1.86376 0.947593</i>
                        <i>0.243996 0.961056 0.129755 -0.632901 0.0564295 0.772174 0.73478 -0.27053 0.622022 -2.03517 1.86388 0.947973</i>
                        <i>0.242703 0.961464 0.129159 -0.632926 0.0560377 0.772182 0.735188 -0.269159 0.622136 -2.03474 1.86399 0.948362</i>
                        <i>0.241307 0.961991 0.127845 -0.630898 0.0554093 0.773884 0.737386 -0.267401 0.620289 -2.03451 1.86411 0.948763</i>
                        <i>0.239833 0.962612 0.125931 -0.627203 0.0546258 0.776938 0.74101 -0.26532 0.616854 -2.03444 1.86422 0.949182</i>
                        <i>0.238298 0.963303 0.123541 -0.62222 0.0537619 0.780994 0.745692 -0.262979 0.612197 -2.03451 1.86434 0.949624</i>
                        <i>0.236716 0.96404 0.120796 -0.616331 0.0528872 0.785709 0.751067 -0.26044 0.606687 -2.03469 1.86445 0.950095</i>
                        <i>0.235106 0.964803 0.117816 -0.609928 0.0520677 0.790745 0.756778 -0.257768 0.600702 -2.03493 1.86456 0.950599</i>
                        <i>0.233485 0.96557 0.114717 -0.60341 0.0513667 0.795775 0.762483 -0.255023 0.594628 -2.03523 1.86467 0.951136</i>
                        <i>0.231877 0.966321 0.11161 -0.59719 0.0508451 0.800486 0.767852 -0.252267 0.588867 -2.03553 1.86478 0.951706</i>
                        <i>0.230309 0.967039 0.108599 -0.591689 0.0505614 0.804579 0.772569 -0.249559 0.583831 -2.03581 1.8649 0.952304</i>
                        <i>0.22855 0.967765 0.105808 -0.586652 0.0501732 0.808283 0.77692 -0.246806 0.579209 -2.03616 1.86503 0.952928</i>
                        <i>0.226458 0.968521 0.103366 -0.581867 0.0494135 0.811781 0.781119 -0.24398 0.57474 -2.03659 1.86518 0.95358</i>
                        <i>0.224201 0.969257 0.101369 -0.577821 0.0484499 0.814724 0.784765 -0.241235 0.570919 -2.03702 1.86535 0.954248</i>
                        <i>0.221946 0.969927 0.0999047 -0.574993 0.0474437 0.816782 0.787479 -0.238726 0.568231 -2.03736 1.86553 0.954916</i>
                        <i>0.219861 0.970489 0.0990556 -0.573842 0.0465472 0.817642 0.788902 -0.23661 0.567142 -2.03749 1.86572 0.955566</i>
                        <i>0.21379 0.971016 0.106869 -0.603508 0.04526 0.796072 0.768162 -0.234688 0.595692 -2.0402 1.86576 0.947573</i>
                        <i>0.198959 0.972155 0.123816 -0.665652 0.0413305 0.745117 0.719252 -0.230666 0.65534 -2.04659 1.86553 0.928634</i>
                        <i>0.175068 0.974205 0.14239 -0.735497 0.0332631 0.676711 0.654519 -0.223198 0.722348 -2.05496 1.8651 0.904531</i>
                        <i>0.141326 0.976989 0.159746 -0.806017 0.0198687 0.591559 0.574773 -0.212361 0.790277 -2.06443 1.8645 0.877185</i>
                        <i>0.100844 0.980015 0.171465 -0.866584 0.00186082 0.499027 0.488736 -0.198913 0.849454 -2.07375 1.86385 0.850055</i>
                    </KeyFrames>
                </p>
            </i>
            <i>
                <p>
                    <Name><![CDATA[spine2]]></Name>
                    <Exclude>0</Exclude>
                    <Additive>0</Additive>
                    <IKPriority>0</IKPriority>
                    <IKRotLimits>-1e+010 -1e+010 -1e+010 1e+010 1e+010 1e+010</IKRotLimits>
                    <IKRotLimitOrder>0</IKRotLimitOrder>
                    <KeyFrames count="80">
                        <i>0.232748 0.897841 0.373778 -0.720775 -0.0987794 0.686095 0.652925 -0.429097 0.624151 -2.05732 2.02082 0.877482</i>
                        <i>0.286406 0.894375 0.343605 -0.625758 -0.0969591 0.773968 0.725533 -0.436682 0.531893 -2.04512 2.03271 0.897687</i>
                        <i>0.327424 0.893267 0.308006 -0.524651 -0.0992317 0.845514 0.785834 -0.438438 0.436163 -2.03485 2.04331 0.917018</i>
                        <i>0.362775 0.892133 0.269247 -0.417593 -0.102662 0.902816 0.833073 -0.439954 0.335306 -2.02366 2.05277 0.935829</i>
                        <i>0.393156 0.891855 0.223657 -0.292291 -0.1094 0.950051 0.871777 -0.438891 0.21767 -2.01377 2.0549 0.953201</i>
                        <i>0.414917 0.892652 0.176113 -0.159619 -0.119145 0.979962 0.895748 -0.434714 0.0930488 -2.00493 2.04544 0.970179</i>
                        <i>0.427399 0.894401 0.131823 -0.0323124 -0.130606 0.990908 0.903485 -0.427772 -0.0269206 -1.99628 2.03171 0.988281</i>
                        <i>0.432475 0.896605 0.0952026 0.0768483 -0.141858 0.9869 0.898365 -0.419494 -0.130253 -1.98865 2.01714 1.00548</i>
                        <i>0.433481 0.898491 0.0693377 0.156433 -0.150799 0.976109 0.887481 -0.412278 -0.205922 -1.98274 2.00518 1.01952</i>
                        <i>0.433915 0.899191 0.0563294 0.196576 -0.155505 0.968078 0.879247 -0.408991 -0.244236 -1.97928 1.9993 1.02799</i>
                        <i>0.434306 0.899028 0.0559245 0.19658 -0.155188 0.968129 0.879053 -0.40947 -0.24413 -1.97933 2.00013 1.02801</i>
                        <i>0.435359 0.898586 0.0548257 0.196596 -0.154326 0.968263 0.878529 -0.410763 -0.243846 -1.97947 2.00241 1.02804</i>
                        <i>0.436887 0.897941 0.0532056 0.196634 -0.153055 0.968457 0.877761 -0.412645 -0.243434 -1.97966 2.00579 1.02808</i>
                        <i>0.438709 0.897168 0.0512371 0.196705 -0.151509 0.968686 0.876836 -0.414892 -0.242945 -1.97989 2.00992 1.02813</i>
                        <i>0.440648 0.896336 0.0490961 0.19681 -0.149826 0.968926 0.87584 -0.417293 -0.242429 -1.98014 2.01447 1.02818</i>
                        <i>0.442547 0.895515 0.046963 0.196945 -0.148152 0.969156 0.874851 -0.419648 -0.241931 -1.98038 2.01909 1.02823</i>
                        <i>0.444262 0.894765 0.0450231 0.197091 -0.146635 0.969357 0.873949 -0.421775 -0.241494 -1.9806 2.02344 1.02826</i>
                        <i>0.445664 0.894145 0.0434663 0.19722 -0.145429 0.969513 0.873206 -0.423504 -0.241155 -1.98079 2.02717 1.02827</i>
                        <i>0.446631 0.893709 0.0424853 0.197297 -0.144692 0.969607 0.872694 -0.424674 -0.24095 -1.98092 2.02994 1.02825</i>
                        <i>0.447043 0.893513 0.0422714 0.197288 -0.14458 0.969626 0.872485 -0.425125 -0.240913 -1.98099 2.03141 1.0282</i>
                        <i>0.447088 0.893475 0.0425904 0.197214 -0.144903 0.969592 0.872478 -0.425094 -0.240991 -1.98102 2.03204 1.02812</i>
                        <i>0.447042 0.893476 0.0430715 0.197119 -0.145365 0.969543 0.872524 -0.424936 -0.241106 -1.98104 2.03249 1.02802</i>
                        <i>0.44691 0.893511 0.0436985 0.197006 -0.145951 0.969478 0.872617 -0.424661 -0.241254 -1.98105 2.03278 1.02791</i>
                        <i>0.4467 0.893579 0.044455 0.196878 -0.146646 0.969399 0.872753 -0.424278 -0.241433 -1.98106 2.03292 1.0278</i>
                        <i>0.446418 0.893676 0.0453245 0.196739 -0.147437 0.969307 0.872929 -0.423799 -0.241639 -1.98106 2.03293 1.02767</i>
                        <i>0.446069 0.8938 0.0462907 0.196593 -0.14831 0.969204 0.87314 -0.423232 -0.241871 -1.98105 2.03282 1.02754</i>
                        <i>0.445661 0.893949 0.0473374 0.196443 -0.149249 0.96909 0.873382 -0.422586 -0.242125 -1.98103 2.0326 1.0274</i>
                        <i>0.445199 0.89412 0.0484486 0.196294 -0.150243 0.968966 0.873651 -0.421873 -0.242398 -1.98101 2.03229 1.02725</i>
                        <i>0.44469 0.89431 0.0496087 0.196148 -0.151276 0.968835 0.873943 -0.421101 -0.242688 -1.98099 2.03189 1.02711</i>
                        <i>0.444141 0.894515 0.0508023 0.196007 -0.152336 0.968698 0.874254 -0.420281 -0.24299 -1.98096 2.03141 1.02696</i>
