<?xml version="1.0" encoding="ISO-8859-1" ?>
<Animl Version="1">
    <ModellingPackage><![CDATA[Maya.2010]]></ModellingPackage>
    <SrcFile><![CDATA[anims\turrets\mortar\blue\~src\mortar_m252\mortar_m252_fire_crewman_c.mb]]></SrcFile>
    <FramesPerSecond>30</FramesPerSecond>
    <TotalFrames>43</TotalFrames>
    <Skeleton>
        <RefFrame>
            <Name><![CDATA[soldier_ref_frame]]></Name>
            <Exclude>0</Exclude>
            <Additive>0</Additive>
            <IKPriority>0</IKPriority>
            <IKRotLimits>-1e+010 -1e+010 -1e+010 1e+010 1e+010 1e+010</IKRotLimits>
            <IKRotLimitOrder>0</IKRotLimitOrder>
            <KeyFrames count="43">
                <i>1 0 0 0 1 0 0 0 1 2.06 0.92 -0.34</i>
                <i>1 0 0 0 1 0 0 0 1 2.06 0.92 -0.34</i>
                <i>1 0 0 0 1 0 0 0 1 2.06 0.92 -0.34</i>
                <i>1 0 0 0 1 0 0 0 1 2.06 0.92 -0.34</i>
                <i>1 0 0 0 1 0 0 0 1 2.06 0.92 -0.34</i>
                <i>1 0 0 0 1 0 0 0 1 2.06 0.92 -0.34</i>
                <i>1 0 0 0 1 0 0 0 1 2.06 0.92 -0.34</i>
                <i>1 0 0 0 1 0 0 0 1 2.06 0.92 -0.34</i>
                <i>1 0 0 0 1 0 0 0 1 2.06 0.92 -0.34</i>
                <i>1 0 0 0 1 0 0 0 1 2.06 0.92 -0.34</i>
                <i>1 0 0 0 1 0 0 0 1 2.06 0.92 -0.34</i>
                <i>1 0 0 0 1 0 0 0 1 2.06 0.92 -0.34</i>
                <i>1 0 0 0 1 0 0 0 1 2.06 0.92 -0.34</i>
                <i>1 0 0 0 1 0 0 0 1 2.06 0.92 -0.34</i>
                <i>1 0 0 0 1 0 0 0 1 2.06 0.92 -0.34</i>
                <i>1 0 0 0 1 0 0 0 1 2.06 0.92 -0.34</i>
                <i>1 0 0 0 1 0 0 0 1 2.06 0.92 -0.34</i>
                <i>1 0 0 0 1 0 0 0 1 2.06 0.92 -0.34</i>
                <i>1 0 0 0 1 0 0 0 1 2.06 0.92 -0.34</i>
                <i>1 0 0 0 1 0 0 0 1 2.06 0.92 -0.34</i>
                <i>1 0 0 0 1 0 0 0 1 2.06 0.92 -0.34</i>
                <i>1 0 0 0 1 0 0 0 1 2.06 0.92 -0.34</i>
                <i>1 0 0 0 1 0 0 0 1 2.06 0.92 -0.34</i>
                <i>1 0 0 0 1 0 0 0 1 2.06 0.92 -0.34</i>
                <i>1 0 0 0 1 0 0 0 1 2.06 0.92 -0.34</i>
                <i>1 0 0 0 1 0 0 0 1 2.06 0.92 -0.34</i>
                <i>1 0 0 0 1 0 0 0 1 2.06 0.92 -0.34</i>
                <i>1 0 0 0 1 0 0 0 1 2.06 0.92 -0.34</i>
                <i>1 0 0 0 1 0 0 0 1 2.06 0.92 -0.34</i>
                <i>1 0 0 0 1 0 0 0 1 2.06 0.92 -0.34</i>
                <i>1 0 0 0 1 0 0 0 1 2.06 0.92 -0.34</i>
                <i>1 0 0 0 1 0 0 0 1 2.06 0.92 -0.34</i>
                <i>1 0 0 0 1 0 0 0 1 2.06 0.92 -0.34</i>
                <i>1 0 0 0 1 0 0 0 1 2.06 0.92 -0.34</i>
                <i>1 0 0 0 1 0 0 0 1 2.06 0.92 -0.34</i>
                <i>1 0 0 0 1 0 0 0 1 2.06 0.92 -0.34</i>
                <i>1 0 0 0 1 0 0 0 1 2.06 0.92 -0.34</i>
                <i>1 0 0 0 1 0 0 0 1 2.06 0.92 -0.34</i>
                <i>1 0 0 0 1 0 0 0 1 2.06 0.92 -0.34</i>
                <i>1 0 0 0 1 0 0 0 1 2.06 0.92 -0.34</i>
                <i>1 0 0 0 1 0 0 0 1 2.06 0.92 -0.34</i>
                <i>1 0 0 0 1 0 0 0 1 2.06 0.92 -0.34</i>
                <i>1 0 0 0 1 0 0 0 1 2.06 0.92 -0.34</i>
            </KeyFrames>
        </RefFrame>
        <Bones count="23">
            <i>
                <p>
                    <Name><![CDATA[pelvis]]></Name>
                    <Exclude>0</Exclude>
                    <Additive>0</Additive>
                    <IKPriority>0</IKPriority>
                    <IKRotLimits>-1e+010 -1e+010 -1e+010 1e+010 1e+010 1e+010</IKRotLimits>
                    <IKRotLimitOrder>2</IKRotLimitOrder>
                    <KeyFrames count="43">
                        <i>1 0 0 0 1 0 0 0 1 2.03956 2.0108 -0.0388203</i>
                        <i>1 0 0 0 1 0 0 0 1 2.02868 1.96165 -0.0388203</i>
                        <i>1 0 0 0 1 0 0 0 1 2.02006 1.93202 -0.0388203</i>
                        <i>1 0 0 0 1 0 0 0 1 2.01531 1.94578 -0.0388203</i>
                        <i>1 0 0 0 1 0 0 0 1 2.01161 1.97548 -0.0388203</i>
                        <i>1 0 0 0 1 0 0 0 1 2.00922 2.00257 -0.0388203</i>
                        <i>1 0 0 0 1 0 0 0 1 2.00836 2.00852 -0.0388203</i>
                        <i>1 0 0 0 1 0 0 0 1 2.00836 1.98869 -0.0388203</i>
                        <i>1 0 0 0 1 0 0 0 1 2.00836 1.95539 -0.0388203</i>
                        <i>1 0 0 0 1 0 0 0 1 2.00836 1.91543 -0.0388203</i>
                        <i>1 0 0 0 1 0 0 0 1 2.00836 1.87565 -0.0388203</i>
                        <i>1 0 0 0 1 0 0 0 1 2.00836 1.84288 -0.0388203</i>
                        <i>1 0 0 0 1 0 0 0 1 2.00836 1.82395 -0.0388203</i>
                        <i>1 0 0 0 1 0 0 0 1 2.00836 1.81756 -0.0388203</i>
                        <i>1 0 0 0 1 0 0 0 1 2.00836 1.81705 -0.0388203</i>
                        <i>1 0 0 0 1 0 0 0 1 2.00836 1.82127 -0.0388203</i>
                        <i>1 0 0 0 1 0 0 0 1 2.00836 1.82905 -0.0388203</i>
                        <i>1 0 0 0 1 0 0 0 1 2.00836 1.83921 -0.0388203</i>
                        <i>1 0 0 0 1 0 0 0 1 2.00836 1.85058 -0.0388203</i>
                        <i>1 0 0 0 1 0 0 0 1 2.00836 1.862 -0.0388203</i>
                        <i>1 0 0 0 1 0 0 0 1 2.00836 1.87229 -0.0388203</i>
                        <i>1 0 0 0 1 0 0 0 1 2.00898 1.88287 -0.0388203</i>
                        <i>1 0 0 0 1 0 0 0 1 2.01068 1.89553 -0.0388203</i>
                        <i>1 0 0 0 1 0 0 0 1 2.01324 1.9097 -0.0388203</i>
                        <i>1 0 0 0 1 0 0 0 1 2.01645 1.92481 -0.0388203</i>
                        <i>1 0 0 0 1 0 0 0 1 2.0201 1.94029 -0.0388203</i>
                        <i>1 0 0 0 1 0 0 0 1 2.02396 1.95556 -0.0388203</i>
                        <i>1 0 0 0 1 0 0 0 1 2.02783 1.97005 -0.0388203</i>
                        <i>1 0 0 0 1 0 0 0 1 2.03147 1.98319 -0.0388203</i>
                        <i>1 0 0 0 1 0 0 0 1 2.03469 1.99441 -0.0388203</i>
                        <i>1 0 0 0 1 0 0 0 1 2.03725 2.00313 -0.0388203</i>
                        <i>1 0 0 0 1 0 0 0 1 2.03895 2.00879 -0.0388203</i>
                        <i>1 0 0 0 1 0 0 0 1 2.03956 2.0108 -0.0388203</i>
                        <i>1 0 0 0 1 0 0 0 1 2.03956 2.0108 -0.0388203</i>
                        <i>1 0 0 0 1 0 0 0 1 2.03956 2.0108 -0.0388203</i>
                        <i>1 0 0 0 1 0 0 0 1 2.03956 2.0108 -0.0388203</i>
                        <i>1 0 0 0 1 0 0 0 1 2.03956 2.0108 -0.0388203</i>
                        <i>1 0 0 0 1 0 0 0 1 2.03956 2.0108 -0.0388203</i>
                        <i>1 0 0 0 1 0 0 0 1 2.03956 2.0108 -0.0388203</i>
                        <i>1 0 0 0 1 0 0 0 1 2.03956 2.0108 -0.0388203</i>
                        <i>1 0 0 0 1 0 0 0 1 2.03956 2.0108 -0.0388203</i>
                        <i>1 0 0 0 1 0 0 0 1 2.03956 2.0108 -0.0388203</i>
                        <i>1 0 0 0 1 0 0 0 1 2.03956 2.0108 -0.0388203</i>
                    </KeyFrames>
                </p>
            </i>
            <i>
                <p>
                    <Name><![CDATA[spine0]]></Name>
                    <Exclude>0</Exclude>
                    <Additive>0</Additive>
                    <IKPriority>0</IKPriority>
                    <IKRotLimits>-1e+010 -1e+010 -1e+010 1e+010 1e+010 1e+010</IKRotLimits>
                    <IKRotLimitOrder>0</IKRotLimitOrder>
                    <KeyFrames count="43">
                        <i>0.0434338 0.998653 -0.028396 0.597226 -0.00316851 0.802067 0.800896 -0.0517956 -0.596559 1.98043 2.13781 -0.00614002</i>
                        <i>0.160684 0.979503 -0.121466 0.536848 0.0165347 0.843517 0.828236 -0.200749 -0.523188 1.9844 2.09773 -0.0240207</i>
                        <i>0.256663 0.947942 -0.188496 0.470414 0.0478458 0.881148 0.844296 -0.314829 -0.433644 1.98895 2.07247 -0.0392755</i>
                        <i>0.315943 0.918595 -0.237411 0.379088 0.107166 0.919134 0.869754 -0.380393 -0.31437 1.99294 2.08747 -0.0497469</i>
                        <i>0.374914 0.888079 -0.265997 0.268145 0.170779 0.948121 0.887433 -0.42679 -0.174106 1.99709 2.11777 -0.054249</i>
                        <i>0.418865 0.865484 -0.274753 0.176097 0.219409 0.959609 0.89081 -0.45033 -0.0605066 1.9987 2.14521 -0.0543511</i>
                        <i>0.435379 0.856058 -0.278585 0.145278 0.238587 0.960193 0.888448 -0.45852 -0.0204907 1.99886 2.1513 -0.0536556</i>
                        <i>0.435288 0.853937 -0.285159 0.185255 0.225004 0.956584 0.881025 -0.469217 -0.0602546 2.00023 2.13171 -0.0521039</i>
                        <i>0.434122 0.852476 -0.291244 0.264443 0.188464 0.945807 0.861167 -0.487613 -0.143615 2.00311 2.09885 -0.0481957</i>
                        <i>0.428436 0.853586 -0.296368 0.362388 0.138137 0.921734 0.827718 -0.502304 -0.250147 2.0065 2.05921 -0.0431037</i>
                        <i>0.417328 0.857621 -0.300539 0.459514 0.0861712 0.88398 0.784018 -0.507012 -0.358127 2.00958 2.0195 -0.0379883</i>
                        <i>0.40297 0.862624 -0.305768 0.539363 0.0460764 0.840812 0.739394 -0.503742 -0.4467 2.01184 1.98662 -0.0340602</i>
                        <i>0.389618 0.864824 -0.316665 0.589412 0.0300518 0.807273 0.707666 -0.501175 -0.498029 2.01295 1.96761 -0.0326204</i>
                        <i>0.377601 0.865013 -0.330409 0.616009 0.0317439 0.787099 0.69134 -0.500744 -0.520869 2.0127 1.96126 -0.0336604</i>
                        <i>0.364853 0.866532 -0.340594 0.633886 0.0367579 0.772552 0.681961 -0.497766 -0.535871 2.01124 1.96086 -0.0359242</i>
                        <i>0.352508 0.868765 -0.347831 0.644879 0.0438318 0.763027 0.678137 -0.493282 -0.544797 2.00891 1.96514 -0.0389385</i>
                        <i>0.341513 0.871169 -0.352752 0.650621 0.0517269 0.757639 0.678278 -0.488251 -0.549135 2.00608 1.97285 -0.0422798</i>
                        <i>0.332687 0.873302 -0.355897 0.652615 0.0592217 0.755372 0.680744 -0.483566 -0.550228 2.00317 1.98282 -0.0455521</i>
                        <i>0.32675 0.874819 -0.357668 0.652292 0.0651137 0.755166 0.683922 -0.480054 -0.549361 2.00059 1.99391 -0.0483701</i>
                        <i>0.324352 0.875441 -0.358329 0.651043 0.0682152 0.75597 0.68625 -0.478488 -0.547823 1.99875 2.00507 -0.0503484</i>
                        <i>0.326096 0.874912 -0.358037 0.650237 0.0673239 0.756743 0.686188 -0.47958 -0.546946 1.99805 2.01526 -0.0510936</i>
                        <i>0.324589 0.878322 -0.350987 0.649102 0.0630595 0.758083 0.687974 -0.473892 -0.549652 1.9977 2.02584 -0.0501035</i>
                        <i>0.313155 0.889493 -0.33277 0.646267 0.0571621 0.760967 0.695897 -0.453359 -0.55695 1.99674 2.03845 -0.0473855</i>
                        <i>0.293317 0.905888 -0.305504 0.642121 0.0500673 0.764966 0.708269 -0.420549 -0.567004 1.99527 2.05236 -0.0433167</i>
                        <i>0.266568 0.924839 -0.27132 0.636984 0.042214 0.76972 0.72332 -0.378009 -0.577855 1.99342 2.06681 -0.0382911</i>
                        <i>0.234527 0.943906 -0.232462 0.631137 0.0340311 0.774925 0.739367 -0.328456 -0.587753 1.99131 2.08111 -0.0327104</i>
                        <i>0.199036 0.961138 -0.191305 0.624844 0.0259199 0.78032 0.754954 -0.274847 -0.595402 1.98908 2.09462 -0.0269678</i>
                        <i>0.162189 0.975246 -0.1503 0.618387 0.0182414 0.785662 0.768956 -0.220369 -0.60012 1.98686 2.10686 -0.021429</i>
                        <i>0.126309 0.985661 -0.111882 0.612092 0.0113148 0.790706 0.780634 -0.168355 -0.601886 1.98481 2.11742 -0.0164134</i>
                        <i>0.093897 0.992492 -0.0783756 0.606351 0.00542893 0.795179 0.789634 -0.122188 -0.601288 1.98303 2.12601 -0.0121832</i>
                        <i>0.0675473 0.996363 -0.0519479 0.60162 0.000860362 0.798782 0.795922 -0.0852085 -0.599373 1.98165 2.13241 -0.00894634</i>
                        <i>0.049874 0.998155 -0.0346256 0.598406 -0.00210705 0.80119 0.799639 -0.0606787 -0.597407 1.98075 2.13641 -0.0068748</i>
                        <i>0.0434338 0.998653 -0.028396 0.597226 -0.00316851 0.802067 0.800896 -0.0517956 -0.596559 1.98043 2.13781 -0.00614002</i>
                        <i>0.0434338 0.998653 -0.028396 0.597226 -0.00316851 0.802067 0.800896 -0.0517956 -0.596559 1.98043 2.13781 -0.00614002</i>
                        <i>0.0434338 0.998653 -0.028396 0.597226 -0.00316851 0.802067 0.800896 -0.0517956 -0.596559 1.98043 2.13781 -0.00614002</i>
                        <i>0.0434338 0.998653 -0.028396 0.597226 -0.00316851 0.802067 0.800896 -0.0517956 -0.596559 1.98043 2.13781 -0.00614002</i>
                        <i>0.0434338 0.998653 -0.028396 0.597226 -0.00316851 0.802067 0.800896 -0.0517956 -0.596559 1.98043 2.13781 -0.00614002</i>
                        <i>0.0434338 0.998653 -0.028396 0.597226 -0.00316851 0.802067 0.800896 -0.0517956 -0.596559 1.98043 2.13781 -0.00614002</i>
                        <i>0.0434338 0.998653 -0.028396 0.597226 -0.00316851 0.802067 0.800896 -0.0517956 -0.596559 1.98043 2.13781 -0.00614002</i>
                        <i>0.0434338 0.998653 -0.028396 0.597226 -0.00316851 0.802067 0.800896 -0.0517956 -0.596559 1.98043 2.13781 -0.00614002</i>
                        <i>0.0434338 0.998653 -0.028396 0.597226 -0.00316851 0.802067 0.800896 -0.0517956 -0.596559 1.98043 2.13781 -0.00614002</i>
                        <i>0.0434338 0.998653 -0.028396 0.597226 -0.00316851 0.802067 0.800896 -0.0517956 -0.596559 1.98043 2.13781 -0.00614002</i>
                        <i>0.0434338 0.998653 -0.028396 0.597226 -0.00316851 0.802067 0.800896 -0.0517956 -0.596559 1.98043 2.13781 -0.00614002</i>
                    </KeyFrames>
                </p>
            </i>
            <i>
                <p>
                    <Name><![CDATA[spine1]]></Name>
                    <Exclude>0</Exclude>
                    <Additive>0</Additive>
                    <IKPriority>0</IKPriority>
                    <IKRotLimits>-1e+010 -1e+010 -1e+010 1e+010 1e+010 1e+010</IKRotLimits>
                    <IKRotLimitOrder>0</IKRotLimitOrder>
                    <KeyFrames count="43">
                        <i>0.365797 0.919998 -0.1407 0.556936 -0.0952587 0.825074 0.745664 -0.380171 -0.547225 1.9884 2.32251 -0.0113428</i>
                        <i>0.495036 0.843418 -0.20877 0.454948 -0.0469044 0.889282 0.740244 -0.535206 -0.406931 2.01387 2.27781 -0.046311</i>
                        <i>0.596266 0.765959 -0.240361 0.352507 0.0191878 0.935612 0.721253 -0.642603 -0.258565 2.03589 2.24608 -0.0737617</i>
                        <i>0.661328 0.703371 -0.260605 0.228356 0.142147 0.963145 0.714492 -0.696465 -0.0666138 2.05077 2.25582 -0.093226</i>
                        <i>0.725267 0.631032 -0.275294 0.0933436 0.306043 0.94743 0.682111 -0.712837 0.16306 2.06602 2.28125 -0.103192</i>
                        <i>0.77305 0.571935 -0.27438 -0.00467821 0.437669 0.899124 0.634328 -0.693784 0.341016 2.0762 2.30554 -0.105232</i>
                        <i>0.790487 0.54661 -0.276311 -0.0343229 0.489961 0.871069 0.611516 -0.679085 0.406069 2.07968 2.3104 -0.105418</i>
                        <i>0.786004 0.541527 -0.298238 0.00615873 0.47553 0.879678 0.618191 -0.693267 0.370434 2.081 2.29035 -0.105062</i>
                        <i>0.774428 0.535922 -0.336226 0.0880677 0.434954 0.896136 0.626502 -0.723603 0.289644 2.08358 2.25705 -0.102218</i>
                        <i>0.753656 0.535089 -0.381684 0.19153 0.376717 0.906312 0.628744 -0.756151 0.181429 2.08581 2.2174 -0.097992</i>
                        <i>0.725057 0.540763 -0.42646 0.296412 0.313909 0.901998 0.621637 -0.780408 0.0673134 2.08674 2.17823 -0.0935657</i>
                        <i>0.694159 0.549433 -0.465044 0.384233 0.26349 0.884838 0.608694 -0.792904 -0.0282065 2.08627 2.14611 -0.0905409</i>
                        <i>0.669349 0.553513 -0.495575 0.439398 0.242941 0.864817 0.599083 -0.79662 -0.0806002 2.08488 2.12743 -0.0910878</i>
                        <i>0.653149 0.555821 -0.514257 0.467803 0.237853 0.851226 0.595447 -0.796548 -0.104661 2.08237 2.12102 -0.0946261</i>
                        <i>0.642001 0.56374 -0.519647 0.486461 0.224365 0.844403 0.592614 -0.794895 -0.130195 2.07844 2.12063 -0.0986656</i>
                        <i>0.635452 0.575358 -0.514941 0.497768 0.204575 0.842838 0.590278 -0.791904 -0.156397 2.07369 2.12496 -0.10287</i>
                        <i>0.6325 0.588796 -0.503252 0.503841 0.180721 0.84468 0.588293 -0.787819 -0.182353 2.06869 2.13272 -0.106961</i>
                        <i>0.631985 0.602169 -0.48784 0.506626 0.155333 0.848058 0.586452 -0.783112 -0.206906 2.06402 2.14272 -0.110664</i>
                        <i>0.632865 0.613608 -0.472194 0.507948 0.131242 0.851331 0.584355 -0.778628 -0.228622 2.06024 2.15378 -0.113681</i>
                        <i>0.634346 0.621293 -0.46 0.509522 0.111479 0.853205 0.581371 -0.775608 -0.245846 2.05787 2.1648 -0.115677</i>
                        <i>0.635845 0.623438 -0.455002 0.512974 0.0991135 0.852663 0.576679 -0.775566 -0.256786 2.05742 2.17468 -0.116287</i>
                        <i>0.632899 0.630243 -0.449703 0.51732 0.0879115 0.851265 0.576038 -0.771405 -0.270398 2.05675 2.18578 -0.11397</i>
                        <i>0.622136 0.650875 -0.435097 0.520886 0.0707814 0.850687 0.584487 -0.755879 -0.294996 2.05372 2.20045 -0.107942</i>
                        <i>0.604401 0.681655 -0.412367 0.524218 0.0494881 0.850145 0.599913 -0.729998 -0.327425 2.04868 2.21747 -0.0989528</i>
                        <i>0.580483 0.71874 -0.382692 0.527752 0.0258186 0.849006 0.620095 -0.6948 -0.364329 2.04202 2.23561 -0.0877636</i>
                        <i>0.55137 0.758431 -0.347525 0.53174 0.00149797 0.846906 0.642841 -0.651752 -0.402462 2.03413 2.25368 -0.0751659</i>
                        <i>0.518418 0.797453 -0.308725 0.536215 -0.0219232 0.843797 0.66612 -0.602982 -0.438972 2.02548 2.27071 -0.0619699</i>
                        <i>0.483427 0.833171 -0.268559 0.541009 -0.0431763 0.839908 0.688192 -0.551327 -0.471626 2.01658 2.28592 -0.0489785</i>
                        <i>0.44863 0.863719 -0.22961 0.545799 -0.0613446 0.835667 0.707696 -0.500227 -0.498938 2.00799 2.29878 -0.0369529</i>
                        <i>0.416621 0.888003 -0.194624 0.550182 -0.0758666 0.831591 0.72369 -0.453537 -0.52017 2.00028 2.309 -0.0265854</i>
                        <i>0.390223 0.905565 -0.166368 0.553739 -0.0864633 0.828189 0.735594 -0.415303 -0.535187 1.99406 2.31641 -0.0184911</i>
                        <i>0.372343 0.916294 -0.147533 0.556094 -0.0929946 0.8259 0.743048 -0.389561 -0.544172 1.98991 2.32095 -0.0132273</i>
                        <i>0.365797 0.919998 -0.1407 0.556936 -0.0952587 0.825074 0.745664 -0.380171 -0.547225 1.9884 2.32251 -0.0113428</i>
                        <i>0.365797 0.919998 -0.1407 0.556936 -0.0952587 0.825074 0.745664 -0.380171 -0.547225 1.9884 2.32251 -0.0113428</i>
                        <i>0.365797 0.919998 -0.1407 0.556936 -0.0952587 0.825074 0.745664 -0.380171 -0.547225 1.9884 2.32251 -0.0113428</i>
                        <i>0.365797 0.919998 -0.1407 0.556936 -0.0952587 0.825074 0.745664 -0.380171 -0.547225 1.9884 2.32251 -0.0113428</i>
                        <i>0.365797 0.919998 -0.1407 0.556936 -0.0952587 0.825074 0.745664 -0.380171 -0.547225 1.9884 2.32251 -0.0113428</i>
                        <i>0.365797 0.919998 -0.1407 0.556936 -0.0952587 0.825074 0.745664 -0.380171 -0.547225 1.9884 2.32251 -0.0113428</i>
                        <i>0.365797 0.919998 -0.1407 0.556936 -0.0952587 0.825074 0.745664 -0.380171 -0.547225 1.9884 2.32251 -0.0113428</i>
                        <i>0.365797 0.919998 -0.1407 0.556936 -0.0952587 0.825074 0.745664 -0.380171 -0.547225 1.9884 2.32251 -0.0113428</i>
                        <i>0.365797 0.919998 -0.1407 0.556936 -0.0952587 0.825074 0.745664 -0.380171 -0.547225 1.9884 2.32251 -0.0113428</i>
                        <i>0.365797 0.919998 -0.1407 0.556936 -0.0952587 0.825074 0.745664 -0.380171 -0.547225 1.9884 2.32251 -0.0113428</i>
                        <i>0.365797 0.919998 -0.1407 0.556936 -0.0952587 0.825074 0.745664 -0.380171 -0.547225 1.9884 2.32251 -0.0113428</i>
                    </KeyFrames>
                </p>
            </i>
            <i>
                <p>
                    <Name><![CDATA[spine2]]></Name>
                    <Exclude>0</Exclude>
                    <Additive>0</Additive>
                    <IKPriority>0</IKPriority>
                    <IKRotLimits>-1e+010 -1e+010 -1e+010 1e+010 1e+010 1e+010</IKRotLimits>
                    <IKRotLimitOrder>0</IKRotLimitOrder>
                    <KeyFrames count="43">
                        <i>0.474939 0.856924 -0.200282 0.509119 -0.0819224 0.856788 0.717795 -0.50889 -0.475185 2.05082 2.47888 -0.0353727</i>
                        <i>0.625889 0.735514 -0.25939 0.382831 2.70229e-005 0.923819 0.679488 -0.67751 -0.28156 2.09777 2.42024 -0.0816247</i>
                        <i>0.741293 0.615891 -0.266763 0.261647 0.100835 0.959882 0.618082 -0.781352 -0.0863975 2.13649 2.37487 -0.114178</i>
                        <i>0.826207 0.51685 -0.224162 0.106442 0.247516 0.963019 0.553221 -0.819513 0.149485 2.16239 2.37413 -0.136979</i>
                        <i>0.897814 0.416216 -0.143854 -0.0575396 0.434737 0.898717 0.436599 -0.798604 0.414262 2.18892 2.38785 -0.149497</i>
                        <i>0.935426 0.349144 -0.0554691 -0.168055 0.577209 0.799116 0.311024 -0.738192 0.598612 2.20799 2.40275 -0.151571</i>
                        <i>0.945552 0.324775 -0.0212663 -0.200065 0.631522 0.749102 0.25672 -0.70406 0.662113 2.21486 2.40363 -0.152199</i>
                        <i>0.947656 0.314517 -0.0550271 -0.161295 0.62029 0.767609 0.275559 -0.718554 0.638552 2.21537 2.38266 -0.155578</i>
                        <i>0.947135 0.297088 -0.121134 -0.0807769 0.586208 0.806123 0.3105 -0.753723 0.579216 2.21585 2.34828 -0.159188</i>
                        <i>0.936983 0.28291 -0.204999 0.0235394 0.534306 0.844963 0.348581 -0.796542 0.493976 2.21439 2.30834 -0.162667</i>
                        <i>0.915547 0.277911 -0.290757 0.131929 0.475402 0.86982 0.379959 -0.834721 0.398588 2.2103 2.26999 -0.165815</i>
                        <i>0.888272 0.280445 -0.363762 0.224299 0.426265 0.876349 0.400827 -0.860028 0.315736 2.20447 2.23923 -0.169314</i>
                        <i>0.865889 0.282536 -0.412806 0.282008 0.405881 0.869328 0.413167 -0.869157 0.271771 2.19884 2.22121 -0.175038</i>
                        <i>0.850513 0.28649 -0.441079 0.312126 0.400056 0.861703 0.423326 -0.870562 0.250832 2.1935 2.21513 -0.181706</i>
                        <i>0.836398 0.29933 -0.459173 0.334876 0.384139 0.860404 0.433931 -0.873406 0.221055 2.18751 2.21593 -0.18653</i>
                        <i>0.823783 0.318508 -0.468972 0.352291 0.360509 0.863669 0.444154 -0.87669 0.184773 2.1814 2.22201 -0.18976</i>
                        <i>0.812538 0.341505 -0.472394 0.366079 0.331695 0.869462 0.453617 -0.879405 0.144496 2.17563 2.23182 -0.19169</i>
                        <i>0.802433 0.365683 -0.471569 0.377676 0.300619 0.875779 0.46202 -0.880854 0.103117 2.17063 2.24385 -0.192628</i>
                        <i>0.793333 0.388241 -0.468926 0.388244 0.270651 0.880917 0.468924 -0.880918 0.0639844 2.16678 2.25665 -0.192878</i>
                        <i>0.785304 0.406255 -0.467177 0.398678 0.245479 0.883627 0.47366 -0.880169 0.030811 2.16448 2.2688 -0.192721</i>
                        <i>0.778579 0.416726 -0.469207 0.409671 0.228867 0.883057 0.475378 -0.87975 0.00747064 2.16413 2.27892 -0.192407</i>
                        <i>0.769428 0.432167 -0.470333 0.420094 0.212287 0.882301 0.481147 -0.876451 -0.0182114 2.1629 2.29109 -0.189162</i>
                        <i>0.754279 0.464479 -0.464029 0.428946 0.186448 0.883879 0.497061 -0.865735 -0.0586023 2.15807 2.30923 -0.180715</i>
                        <i>0.733368 0.509403 -0.450199 0.437109 0.153869 0.886149 0.520679 -0.84666 -0.109822 2.15015 2.3315 -0.167997</i>
                        <i>0.706923 0.562427 -0.428877 0.445364 0.117098 0.887659 0.549464 -0.818513 -0.167705 2.13961 2.35602 -0.151946</i>
                        <i>0.675479 0.619044 -0.40064 0.454232 0.0786778 0.887403 0.580863 -0.781406 -0.228044 2.12701 2.381 -0.133577</i>
                        <i>0.6401 0.675061 -0.36683 0.463887 0.0410187 0.884944 0.612438 -0.73662 -0.286896 2.11301 2.40487 -0.113991</i>
                        <i>0.602475 0.726907 -0.329589 0.474128 0.00623357 0.880434 0.642048 -0.686707 -0.340891 2.0984 2.42643 -0.0943569</i>
                        <i>0.56491 0.771862 -0.291728 0.484416 -0.0240108 0.874508 0.667995 -0.635336 -0.387466 2.0841 2.44478 -0.0758613</i>
                        <i>0.530213 0.808137 -0.256492 0.493967 -0.0485567 0.868124 0.689109 -0.586989 -0.424938 2.07112 2.45942 -0.0596576</i>
                        <i>0.501516 0.834755 -0.227301 0.501867 -0.0666979 0.86237 0.704707 -0.546567 -0.452386 2.06053 2.47007 -0.0468323</i>
                        <i>0.482057 0.851209 -0.207518 0.507192 -0.0779869 0.858297 0.714407 -0.519 -0.469321 2.05342 2.47662 -0.0384063</i>
                        <i>0.474939 0.856924 -0.200282 0.509119 -0.0819224 0.856788 0.717795 -0.50889 -0.475185 2.05082 2.47888 -0.0353727</i>
                        <i>0.474939 0.856924 -0.200282 0.509119 -0.0819224 0.856788 0.717795 -0.50889 -0.475185 2.05082 2.47888 -0.0353727</i>
                        <i>0.474939 0.856924 -0.200282 0.509119 -0.0819224 0.856788 0.717795 -0.50889 -0.475185 2.05082 2.47888 -0.0353727</i>
                        <i>0.474939 0.856924 -0.200282 0.509119 -0.0819224 0.856788 0.717795 -0.50889 -0.475185 2.05082 2.47888 -0.0353727</i>
                        <i>0.474939 0.856924 -0.200282 0.509119 -0.0819224 0.856788 0.717795 -0.50889 -0.475185 2.05082 2.47888 -0.0353727</i>
                        <i>0.474939 0.856924 -0.200282 0.509119 -0.0819224 0.856788 0.717795 -0.50889 -0.475185 2.05082 2.47888 -0.0353727</i>
                        <i>0.474939 0.856924 -0.200282 0.509119 -0.0819224 0.856788 0.717795 -0.50889 -0.475185 2.05082 2.47888 -0.0353727</i>
                        <i>0.474939 0.856924 -0.200282 0.509119 -0.0819224 0.856788 0.717795 -0.50889 -0.475185 2.05082 2.47888 -0.0353727</i>
                        <i>0.474939 0.856924 -0.200282 0.509119 -0.0819224 0.856788 0.717795 -0.50889 -0.475185 2.05082 2.47888 -0.0353727</i>
                        <i>0.474939 0.856924 -0.200282 0.509119 -0.0819224 0.856788 0.717795 -0.50889 -0.475185 2.05082 2.47888 -0.0353727</i>
                        <i>0.474939 0.856924 -0.200282 0.509119 -0.0819224 0.856788 0.717795 -0.50889 -0.475185 2.05082 2.47888 -0.0353727</i>
                    </KeyFrames>
                </p>
            </i>
            <i>
                <p>
                    <Name><![CDATA[head]]></Name>
                    <Exclude>0</Exclude>
                    <Additive>0</Additive>
                    <IKPriority>0</IKPriority>
                    <IKRotLimits>-1e+010 -1e+010 -1e+010 1e+010 1e+010 1e+010</IKRotLimits>
                    <IKRotLimitOrder>0</IKRotLimitOrder>
                    <KeyFrames count="43">
                        <i>0.0437397 0.999042 0.0016266 -0.78318 0.0352996 -0.620793 -0.620255 0.0258794 0.783973 2.16111 2.71619 -0.0809515</i>
                        <i>0.254187 0.967154 -0.00152985 -0.86615 0.226937 -0.445292 -0.430318 0.114512 0.895384 2.2507 2.62653 -0.146775</i>
                        <i>0.479234 0.876644 -0.0427757 -0.833737 0.439467 -0.334292 -0.274256 0.195868 0.941498 2.3225 2.54937 -0.184145</i>
                        <i>0.634116 0.771382 -0.0535479 -0.718362 0.562075 -0.409912 -0.286101 0.298398 0.910552 2.37413 2.52151 -0.195496</i>
                        <i>0.762171 0.647365 -0.0036439 -0.538585 0.630956 -0.558409 -0.359195 0.427566 0.829558 2.42253 2.50748 -0.183479</i>
                        <i>0.828554 0.553206 0.08638 -0.360478 0.645098 -0.673724 -0.428432 0.527078 0.733917 2.45237 2.50393 -0.157856</i>
                        <i>0.846049 0.517533 0.127907 -0.284223 0.640878 -0.713086 -0.451018 0.566952 0.689309 2.46181 2.49816 -0.147362</i>
                        <i>0.856593 0.506457 0.0987351 -0.308189 0.655638 -0.689317 -0.413844 0.560035 0.7177 2.46339 2.47442 -0.159735</i>
                        <i>0.873262 0.485462 0.0417032 -0.354478 0.691696 -0.629207 -0.334302 0.53468 0.776118 2.4647 2.43523 -0.181083</i>
                        <i>0.8847 0.465049 -0.0321853 -0.406596 0.736042 -0.541222 -0.228005 0.491905 0.840263 2.4616 2.39128 -0.20715</i>
                        <i>0.885046 0.452374 -0.109779 -0.451265 0.775894 -0.44085 -0.114252 0.439712 0.890842 2.45276 2.35134 -0.233445</i>
                        <i>0.87608 0.44819 -0.177788 -0.481928 0.802393 -0.352009 -0.015111 0.394069 0.918956 2.44039 2.32108 -0.256642</i>
                        <i>0.865475 0.447458 -0.225242 -0.498724 0.811976 -0.303264 0.047193 0.374801 0.925903 2.42928 2.30354 -0.27553</i>
                        <i>0.854738 0.451689 -0.255734 -0.512549 0.81226 -0.278437 0.0819557 0.369067 0.925782 2.41992 2.29863 -0.290065</i>
                        <i>0.840059 0.465046 -0.279342 -0.530516 0.811837 -0.243872 0.113368 0.353062 0.928706 2.40965 2.30315 -0.300577</i>
                        <i>0.822827 0.484735 -0.296627 -0.550219 0.810114 -0.202422 0.142181 0.329768 0.933294 2.39921 2.31476 -0.307616</i>
                        <i>0.804234 0.508051 -0.308371 -0.569828 0.806578 -0.157252 0.168833 0.302186 0.938178 2.38916 2.33115 -0.311805</i>
                        <i>0.785458 0.532359 -0.315672 -0.587911 0.801174 -0.11172 0.193433 0.273338 0.942268 2.38002 2.35008 -0.313849</i>
                        <i>0.767771 0.5551 -0.319988 -0.603291 0.794509 -0.0692463 0.215794 0.246211 0.944888 2.37233 2.36933 -0.314536</i>
                        <i>0.752582 0.573781 -0.323104 -0.614944 0.787871 -0.0332089 0.23551 0.223683 0.945781 2.36666 2.38671 -0.314718</i>
                        <i>0.741426 0.585951 -0.327029 -0.621894 0.783071 -0.00687128 0.252061 0.208472 0.944989 2.36365 2.40004 -0.315272</i>
                        <i>0.723147 0.612541 -0.319143 -0.644951 0.764205 0.0053656 0.247177 0.201951 0.947692 2.3593 2.41673 -0.312292</i>
                        <i>0.685601 0.668607 -0.28795 -0.698074 0.716025 0.000483575 0.206503 0.200679 0.957645 2.34967 2.4438 -0.30197</i>
                        <i>0.627818 0.740777 -0.238942 -0.766559 0.641699 -0.0247082 0.135026 0.198676 0.970719 2.33534 2.47827 -0.285206</i>
                        <i>0.550476 0.815225 -0.179959 -0.83395 0.546967 -0.0731761 0.0387766 0.190359 0.980949 2.31688 2.51702 -0.262962</i>
                        <i>0.45825 0.880645 -0.120298 -0.885725 0.441158 -0.14447 -0.0741567 0.172755 0.982169 2.29498 2.55705 -0.236431</i>
                        <i>0.359721 0.930533 -0.0686323 -0.912672 0.335615 -0.233223 -0.193987 0.146534 0.969998 2.27064 2.59568 -0.207112</i>
                        <i>0.265165 0.963715 -0.0306613 -0.912798 0.240657 -0.329975 -0.310623 0.115485 0.943492 2.24512 2.63075 -0.176795</i>
                        <i>0.18355 0.982979 -0.00783166 -0.890969 0.162992 -0.423801 -0.415311 0.0847663 0.905722 2.22002 2.66069 -0.147472</i>
                        <i>0.120318 0.992733 0.0022426 -0.856621 0.104963 -0.505156 -0.50172 0.0588585 0.863025 2.19711 2.68455 -0.121218</i>
                        <i>0.076905 0.99703 0.00411855 -0.820771 0.0656535 -0.567473 -0.566058 0.040261 0.823382 2.17836 2.70189 -0.100085</i>
                        <i>0.0519672 0.998645 0.00265206 -0.793601 0.042909 -0.606924 -0.606216 0.0294356 0.794755 2.16572 2.71252 -0.0860385</i>
                        <i>0.0437397 0.999042 0.0016266 -0.78318 0.0352996 -0.620793 -0.620255 0.0258794 0.783973 2.16111 2.71619 -0.0809515</i>
                        <i>0.0437397 0.999042 0.0016266 -0.78318 0.0352996 -0.620793 -0.620255 0.0258794 0.783973 2.16111 2.71619 -0.0809515</i>
                        <i>0.0437397 0.999042 0.0016266 -0.78318 0.0352996 -0.620793 -0.620255 0.0258794 0.783973 2.16111 2.71619 -0.0809515</i>
                        <i>0.0437397 0.999042 0.0016266 -0.78318 0.0352996 -0.620793 -0.620255 0.0258794 0.783973 2.16111 2.71619 -0.0809515</i>
                        <i>0.0437397 0.999042 0.0016266 -0.78318 0.0352996 -0.620793 -0.620255 0.0258794 0.783973 2.16111 2.71619 -0.0809515</i>
                        <i>0.0437397 0.999042 0.0016266 -0.78318 0.0352996 -0.620793 -0.620255 0.0258794 0.783973 2.16111 2.71619 -0.0809515</i>
                        <i>0.0437397 0.999042 0.0016266 -0.78318 0.0352996 -0.620793 -0.620255 0.0258794 0.783973 2.16111 2.71619 -0.0809515</i>
                        <i>0.0437397 0.999042 0.0016266 -0.78318 0.0352996 -0.620793 -0.620255 0.0258794 0.783973 2.16111 2.71619 -0.0809515</i>
                        <i>0.0437397 0.999042 0.0016266 -0.78318 0.0352996 -0.620793 -0.620255 0.0258794 0.783973 2.16111 2.71619 -0.0809515</i>
                        <i>0.0437397 0.999042 0.0016266 -0.78318 0.0352996 -0.620793 -0.620255 0.0258794 0.783973 2.16111 2.71619 -0.0809515</i>
                        <i>0.0437397 0.999042 0.0016266 -0.78318 0.0352996 -0.620793 -0.620255 0.0258794 0.783973 2.16111 2.71619 -0.0809515</i>
                    </KeyFrames>
                </p>
            </i>
            <i>
                <p>
                    <Name><![CDATA[head_prop]]></Name>
                    <Exclude>0</Exclude>
                    <Additive>0</Additive>
                    <IKPriority>0</IKPriority>
                    <IKRotLimits>-1e+010 -1e+010 -1e+010 1e+010 1e+010 1e+010</IKRotLimits>
                    <IKRotLimitOrder>0</IKRotLimitOrder>
                    <KeyFrames count="43">
                        <i>0.620255 -0.0258794 -0.783973 0.0437397 0.999042 0.0016266 0.78318 -0.0352996 0.620793 2.17536 3.04179 -0.0804214</i>
                        <i>0.430318 -0.114512 -0.895384 0.254187 0.967154 -0.00152985 0.86615 -0.226937 0.445292 2.33355 2.94174 -0.147274</i>
                        <i>0.274256 -0.195868 -0.941498 0.479234 0.876644 -0.0427757 0.833737 -0.439467 0.334292 2.47869 2.83508 -0.198086</i>
                        <i>0.286101 -0.298398 -0.910552 0.634116 0.771382 -0.0535479 0.718362 -0.562075 0.409912 2.58079 2.77291 -0.212948</i>
                        <i>0.359195 -0.427566 -0.829558 0.762171 0.647365 -0.0036439 0.538585 -0.630956 0.558409 2.67093 2.71846 -0.184667</i>
                        <i>0.428432 -0.527078 -0.733917 0.828554 0.553206 0.08638 0.360478 -0.645098 0.673724 2.72241 2.68423 -0.129704</i>
                        <i>0.451018 -0.566952 -0.689309 0.846049 0.517533 0.127907 0.284223 -0.640878 0.713086 2.73755 2.66683 -0.105676</i>
                        <i>0.413844 -0.560035 -0.7177 0.856593 0.506457 0.0987351 0.308189 -0.655638 0.689317 2.74256 2.63948 -0.127557</i>
                        <i>0.334302 -0.53468 -0.776118 0.873262 0.485462 0.0417032 0.354478 -0.691696 0.629207 2.7493 2.59345 -0.167491</i>
                        <i>0.228005 -0.491905 -0.840263 0.8847 0.465049 -0.0321853 0.406596 -0.736042 0.541222 2.74994 2.54284 -0.21764</i>
                        <i>0.114252 -0.439712 -0.890842 0.885046 0.452374 -0.109779 0.451265 -0.775894 0.44085 2.74121 2.49877 -0.269223</i>
                        <i>0.015111 -0.394069 -0.918956 0.87608 0.44819 -0.177788 0.481928 -0.802393 0.352009 2.72591 2.46715 -0.314584</i>
                        <i>-0.047193 -0.374801 -0.925903 0.865475 0.447458 -0.225242 0.498724 -0.811976 0.303264 2.71135 2.44938 -0.348938</i>
                        <i>-0.0819557 -0.369067 -0.925782 0.854738 0.451689 -0.255734 0.512549 -0.81226 0.278437 2.69848 2.44584 -0.373411</i>
                        <i>-0.113368 -0.353062 -0.928706 0.840059 0.465046 -0.279342 0.530516 -0.811837 0.243872 2.68344 2.45472 -0.391617</i>
                        <i>-0.142181 -0.329768 -0.933294 0.822827 0.484735 -0.296627 0.550219 -0.810114 0.202422 2.66738 2.47274 -0.40429</i>
                        <i>-0.168833 -0.302186 -0.938178 0.804234 0.508051 -0.308371 0.569828 -0.806578 0.157252 2.65127 2.49673 -0.412306</i>
                        <i>-0.193433 -0.273338 -0.942268 0.785458 0.532359 -0.315672 0.587911 -0.801174 0.11172 2.63601 2.52358 -0.416729</i>
                        <i>-0.215794 -0.246211 -0.944888 0.767771 0.5551 -0.319988 0.603291 -0.794509 0.0692463 2.62255 2.55024 -0.418823</i>
                        <i>-0.23551 -0.223683 -0.945781 0.752582 0.573781 -0.323104 0.614944 -0.787871 0.0332089 2.61193 2.57371 -0.420021</i>
                        <i>-0.252061 -0.208472 -0.944989 0.741426 0.585951 -0.327029 0.621894 -0.783071 0.00687128 2.60529 2.59101 -0.421853</i>
                        <i>-0.247177 -0.201951 -0.947692 0.723147 0.612541 -0.319143 0.644951 -0.764205 -0.0053656 2.59498 2.61636 -0.416304</i>
                        <i>-0.206503 -0.200679 -0.957645 0.685601 0.668607 -0.28795 0.698074 -0.716025 -0.000483575 2.57311 2.66171 -0.395815</i>
                        <i>-0.135026 -0.198676 -0.970719 0.627818 0.740777 -0.238942 0.766559 -0.641699 0.0247082 2.53996 2.7197 -0.36308</i>
                        <i>-0.0387766 -0.190359 -0.980949 0.550476 0.815225 -0.179959 0.83395 -0.546967 0.0731761 2.49628 2.78271 -0.321613</i>
                        <i>0.0741567 -0.172755 -0.982169 0.45825 0.880645 -0.120298 0.885725 -0.441158 0.14447 2.44433 2.84406 -0.275637</i>
                        <i>0.193987 -0.146534 -0.969998 0.359721 0.930533 -0.0686323 0.912672 -0.335615 0.233223 2.38787 2.89895 -0.22948</i>
                        <i>0.310623 -0.115485 -0.943492 0.265165 0.963715 -0.0306613 0.912798 -0.240657 0.329975 2.33154 2.94483 -0.186788</i>
                        <i>0.415311 -0.0847663 -0.905722 0.18355 0.982979 -0.00783166 0.890969 -0.162992 0.423801 2.27984 2.98105 -0.150024</i>
                        <i>0.50172 -0.0588585 -0.863025 0.120318 0.992733 0.0022426 0.856621 -0.104963 0.505156 2.23633 3.00809 -0.120487</i>
                        <i>0.566058 -0.040261 -0.823382 0.076905 0.99703 0.00411855 0.820771 -0.0656535 0.567473 2.20342 3.02683 -0.0987427</i>
                        <i>0.606216 -0.0294356 -0.794755 0.0519672 0.998645 0.00265206 0.793601 -0.042909 0.606924 2.18265 3.03799 -0.0851742</i>
                        <i>0.620255 -0.0258794 -0.783973 0.0437397 0.999042 0.0016266 0.78318 -0.0352996 0.620793 2.17536 3.04179 -0.0804214</i>
                        <i>0.620255 -0.0258794 -0.783973 0.0437397 0.999042 0.0016266 0.78318 -0.0352996 0.620793 2.17536 3.04179 -0.0804214</i>
                        <i>0.620255 -0.0258794 -0.783973 0.0437397 0.999042 0.0016266 0.78318 -0.0352996 0.620793 2.17536 3.04179 -0.0804214</i>
                        <i>0.620255 -0.0258794 -0.783973 0.0437397 0.999042 0.0016266 0.78318 -0.0352996 0.620793 2.17536 3.04179 -0.0804214</i>
                        <i>0.620255 -0.0258794 -0.783973 0.0437397 0.999042 0.0016266 0.78318 -0.0352996 0.620793 2.17536 3.04179 -0.0804214</i>
                        <i>0.620255 -0.0258794 -0.783973 0.0437397 0.999042 0.0016266 0.78318 -0.0352996 0.620793 2.17536 3.04179 -0.0804214</i>
                        <i>0.620255 -0.0258794 -0.783973 0.0437397 0.999042 0.0016266 0.78318 -0.0352996 0.620793 2.17536 3.04179 -0.0804214</i>
                        <i>0.620255 -0.0258794 -0.783973 0.0437397 0.999042 0.0016266 0.78318 -0.0352996 0.620793 2.17536 3.04179 -0.0804214</i>
                        <i>0.620255 -0.0258794 -0.783973 0.0437397 0.999042 0.0016266 0.78318 -0.0352996 0.620793 2.17536 3.04179 -0.0804214</i>
                        <i>0.620255 -0.0258794 -0.783973 0.0437397 0.999042 0.0016266 0.78318 -0.0352996 0.620793 2.17536 3.04179 -0.0804214</i>
                        <i>0.620255 -0.0258794 -0.783973 0.0437397 0.999042 0.0016266 0.78318 -0.0352996 0.620793 2.17536 3.04179 -0.0804214</i>
                    </KeyFrames>
                </p>
            </i>
            <i>
                <p>
