<?xml version="1.0" encoding="ISO-8859-1" ?>
<Animl Version="1">
    <ModellingPackage><![CDATA[Maya.2010]]></ModellingPackage>
    <SrcFile><![CDATA[anims\turrets\mortar\blue\~src\mortar_m120\mortar_m120_idle_crewman_b.mb]]></SrcFile>
    <FramesPerSecond>30</FramesPerSecond>
    <TotalFrames>120</TotalFrames>
    <Skeleton>
        <RefFrame>
            <Name><![CDATA[soldier_ref_frame]]></Name>
            <Exclude>0</Exclude>
            <Additive>0</Additive>
            <IKPriority>0</IKPriority>
            <IKRotLimits>-1e+010 -1e+010 -1e+010 1e+010 1e+010 1e+010</IKRotLimits>
            <IKRotLimitOrder>0</IKRotLimitOrder>
            <KeyFrames count="120">
                <i>1 0 0 0 1 0 0 0 1 1.19 0.93 -1.36</i>
                <i>1 0 0 0 1 0 0 0 1 1.19 0.93 -1.36</i>
                <i>1 0 0 0 1 0 0 0 1 1.19 0.93 -1.36</i>
                <i>1 0 0 0 1 0 0 0 1 1.19 0.93 -1.36</i>
                <i>1 0 0 0 1 0 0 0 1 1.19 0.93 -1.36</i>
                <i>1 0 0 0 1 0 0 0 1 1.19 0.93 -1.36</i>
                <i>1 0 0 0 1 0 0 0 1 1.19 0.93 -1.36</i>
                <i>1 0 0 0 1 0 0 0 1 1.19 0.93 -1.36</i>
                <i>1 0 0 0 1 0 0 0 1 1.19 0.93 -1.36</i>
                <i>1 0 0 0 1 0 0 0 1 1.19 0.93 -1.36</i>
                <i>1 0 0 0 1 0 0 0 1 1.19 0.93 -1.36</i>
                <i>1 0 0 0 1 0 0 0 1 1.19 0.93 -1.36</i>
                <i>1 0 0 0 1 0 0 0 1 1.19 0.93 -1.36</i>
                <i>1 0 0 0 1 0 0 0 1 1.19 0.93 -1.36</i>
                <i>1 0 0 0 1 0 0 0 1 1.19 0.93 -1.36</i>
                <i>1 0 0 0 1 0 0 0 1 1.19 0.93 -1.36</i>
                <i>1 0 0 0 1 0 0 0 1 1.19 0.93 -1.36</i>
                <i>1 0 0 0 1 0 0 0 1 1.19 0.93 -1.36</i>
                <i>1 0 0 0 1 0 0 0 1 1.19 0.93 -1.36</i>
                <i>1 0 0 0 1 0 0 0 1 1.19 0.93 -1.36</i>
                <i>1 0 0 0 1 0 0 0 1 1.19 0.93 -1.36</i>
                <i>1 0 0 0 1 0 0 0 1 1.19 0.93 -1.36</i>
                <i>1 0 0 0 1 0 0 0 1 1.19 0.93 -1.36</i>
                <i>1 0 0 0 1 0 0 0 1 1.19 0.93 -1.36</i>
                <i>1 0 0 0 1 0 0 0 1 1.19 0.93 -1.36</i>
                <i>1 0 0 0 1 0 0 0 1 1.19 0.93 -1.36</i>
                <i>1 0 0 0 1 0 0 0 1 1.19 0.93 -1.36</i>
                <i>1 0 0 0 1 0 0 0 1 1.19 0.93 -1.36</i>
                <i>1 0 0 0 1 0 0 0 1 1.19 0.93 -1.36</i>
                <i>1 0 0 0 1 0 0 0 1 1.19 0.93 -1.36</i>
                <i>1 0 0 0 1 0 0 0 1 1.19 0.93 -1.36</i>
                <i>1 0 0 0 1 0 0 0 1 1.19 0.93 -1.36</i>
                <i>1 0 0 0 1 0 0 0 1 1.19 0.93 -1.36</i>
                <i>1 0 0 0 1 0 0 0 1 1.19 0.93 -1.36</i>
                <i>1 0 0 0 1 0 0 0 1 1.19 0.93 -1.36</i>
                <i>1 0 0 0 1 0 0 0 1 1.19 0.93 -1.36</i>
                <i>1 0 0 0 1 0 0 0 1 1.19 0.93 -1.36</i>
                <i>1 0 0 0 1 0 0 0 1 1.19 0.93 -1.36</i>
                <i>1 0 0 0 1 0 0 0 1 1.19 0.93 -1.36</i>
                <i>1 0 0 0 1 0 0 0 1 1.19 0.93 -1.36</i>
                <i>1 0 0 0 1 0 0 0 1 1.19 0.93 -1.36</i>
                <i>1 0 0 0 1 0 0 0 1 1.19 0.93 -1.36</i>
                <i>1 0 0 0 1 0 0 0 1 1.19 0.93 -1.36</i>
                <i>1 0 0 0 1 0 0 0 1 1.19 0.93 -1.36</i>
                <i>1 0 0 0 1 0 0 0 1 1.19 0.93 -1.36</i>
                <i>1 0 0 0 1 0 0 0 1 1.19 0.93 -1.36</i>
                <i>1 0 0 0 1 0 0 0 1 1.19 0.93 -1.36</i>
                <i>1 0 0 0 1 0 0 0 1 1.19 0.93 -1.36</i>
                <i>1 0 0 0 1 0 0 0 1 1.19 0.93 -1.36</i>
                <i>1 0 0 0 1 0 0 0 1 1.19 0.93 -1.36</i>
                <i>1 0 0 0 1 0 0 0 1 1.19 0.93 -1.36</i>
                <i>1 0 0 0 1 0 0 0 1 1.19 0.93 -1.36</i>
                <i>1 0 0 0 1 0 0 0 1 1.19 0.93 -1.36</i>
                <i>1 0 0 0 1 0 0 0 1 1.19 0.93 -1.36</i>
                <i>1 0 0 0 1 0 0 0 1 1.19 0.93 -1.36</i>
                <i>1 0 0 0 1 0 0 0 1 1.19 0.93 -1.36</i>
                <i>1 0 0 0 1 0 0 0 1 1.19 0.93 -1.36</i>
                <i>1 0 0 0 1 0 0 0 1 1.19 0.93 -1.36</i>
                <i>1 0 0 0 1 0 0 0 1 1.19 0.93 -1.36</i>
                <i>1 0 0 0 1 0 0 0 1 1.19 0.93 -1.36</i>
                <i>1 0 0 0 1 0 0 0 1 1.19 0.93 -1.36</i>
                <i>1 0 0 0 1 0 0 0 1 1.19 0.93 -1.36</i>
                <i>1 0 0 0 1 0 0 0 1 1.19 0.93 -1.36</i>
                <i>1 0 0 0 1 0 0 0 1 1.19 0.93 -1.36</i>
                <i>1 0 0 0 1 0 0 0 1 1.19 0.93 -1.36</i>
                <i>1 0 0 0 1 0 0 0 1 1.19 0.93 -1.36</i>
                <i>1 0 0 0 1 0 0 0 1 1.19 0.93 -1.36</i>
                <i>1 0 0 0 1 0 0 0 1 1.19 0.93 -1.36</i>
                <i>1 0 0 0 1 0 0 0 1 1.19 0.93 -1.36</i>
                <i>1 0 0 0 1 0 0 0 1 1.19 0.93 -1.36</i>
                <i>1 0 0 0 1 0 0 0 1 1.19 0.93 -1.36</i>
                <i>1 0 0 0 1 0 0 0 1 1.19 0.93 -1.36</i>
                <i>1 0 0 0 1 0 0 0 1 1.19 0.93 -1.36</i>
                <i>1 0 0 0 1 0 0 0 1 1.19 0.93 -1.36</i>
                <i>1 0 0 0 1 0 0 0 1 1.19 0.93 -1.36</i>
                <i>1 0 0 0 1 0 0 0 1 1.19 0.93 -1.36</i>
                <i>1 0 0 0 1 0 0 0 1 1.19 0.93 -1.36</i>
                <i>1 0 0 0 1 0 0 0 1 1.19 0.93 -1.36</i>
                <i>1 0 0 0 1 0 0 0 1 1.19 0.93 -1.36</i>
                <i>1 0 0 0 1 0 0 0 1 1.19 0.93 -1.36</i>
                <i>1 0 0 0 1 0 0 0 1 1.19 0.93 -1.36</i>
                <i>1 0 0 0 1 0 0 0 1 1.19 0.93 -1.36</i>
                <i>1 0 0 0 1 0 0 0 1 1.19 0.93 -1.36</i>
                <i>1 0 0 0 1 0 0 0 1 1.19 0.93 -1.36</i>
                <i>1 0 0 0 1 0 0 0 1 1.19 0.93 -1.36</i>
                <i>1 0 0 0 1 0 0 0 1 1.19 0.93 -1.36</i>
                <i>1 0 0 0 1 0 0 0 1 1.19 0.93 -1.36</i>
                <i>1 0 0 0 1 0 0 0 1 1.19 0.93 -1.36</i>
                <i>1 0 0 0 1 0 0 0 1 1.19 0.93 -1.36</i>
                <i>1 0 0 0 1 0 0 0 1 1.19 0.93 -1.36</i>
                <i>1 0 0 0 1 0 0 0 1 1.19 0.93 -1.36</i>
                <i>1 0 0 0 1 0 0 0 1 1.19 0.93 -1.36</i>
                <i>1 0 0 0 1 0 0 0 1 1.19 0.93 -1.36</i>
                <i>1 0 0 0 1 0 0 0 1 1.19 0.93 -1.36</i>
                <i>1 0 0 0 1 0 0 0 1 1.19 0.93 -1.36</i>
                <i>1 0 0 0 1 0 0 0 1 1.19 0.93 -1.36</i>
                <i>1 0 0 0 1 0 0 0 1 1.19 0.93 -1.36</i>
                <i>1 0 0 0 1 0 0 0 1 1.19 0.93 -1.36</i>
                <i>1 0 0 0 1 0 0 0 1 1.19 0.93 -1.36</i>
                <i>1 0 0 0 1 0 0 0 1 1.19 0.93 -1.36</i>
                <i>1 0 0 0 1 0 0 0 1 1.19 0.93 -1.36</i>
                <i>1 0 0 0 1 0 0 0 1 1.19 0.93 -1.36</i>
                <i>1 0 0 0 1 0 0 0 1 1.19 0.93 -1.36</i>
                <i>1 0 0 0 1 0 0 0 1 1.19 0.93 -1.36</i>
                <i>1 0 0 0 1 0 0 0 1 1.19 0.93 -1.36</i>
                <i>1 0 0 0 1 0 0 0 1 1.19 0.93 -1.36</i>
                <i>1 0 0 0 1 0 0 0 1 1.19 0.93 -1.36</i>
                <i>1 0 0 0 1 0 0 0 1 1.19 0.93 -1.36</i>
                <i>1 0 0 0 1 0 0 0 1 1.19 0.93 -1.36</i>
                <i>1 0 0 0 1 0 0 0 1 1.19 0.93 -1.36</i>
                <i>1 0 0 0 1 0 0 0 1 1.19 0.93 -1.36</i>
                <i>1 0 0 0 1 0 0 0 1 1.19 0.93 -1.36</i>
                <i>1 0 0 0 1 0 0 0 1 1.19 0.93 -1.36</i>
                <i>1 0 0 0 1 0 0 0 1 1.19 0.93 -1.36</i>
                <i>1 0 0 0 1 0 0 0 1 1.19 0.93 -1.36</i>
                <i>1 0 0 0 1 0 0 0 1 1.19 0.93 -1.36</i>
                <i>1 0 0 0 1 0 0 0 1 1.19 0.93 -1.36</i>
                <i>1 0 0 0 1 0 0 0 1 1.19 0.93 -1.36</i>
                <i>1 0 0 0 1 0 0 0 1 1.19 0.93 -1.36</i>
                <i>1 0 0 0 1 0 0 0 1 1.19 0.93 -1.36</i>
            </KeyFrames>
        </RefFrame>
        <Bones count="23">
            <i>
                <p>
                    <Name><![CDATA[pelvis]]></Name>
                    <Exclude>0</Exclude>
                    <Additive>0</Additive>
                    <IKPriority>0</IKPriority>
                    <IKRotLimits>-1e+010 -1e+010 -1e+010 1e+010 1e+010 1e+010</IKRotLimits>
                    <IKRotLimitOrder>2</IKRotLimitOrder>
                    <KeyFrames count="120">
                        <i>1 0 0 0 1 0 0 0 1 0.802698 1.6526 -1.16843</i>
                        <i>1 0 0 0 1 0 0 0 1 0.802698 1.6526 -1.16843</i>
                        <i>1 0 0 0 1 0 0 0 1 0.802698 1.6526 -1.16843</i>
                        <i>1 0 0 0 1 0 0 0 1 0.802698 1.6526 -1.16843</i>
                        <i>1 0 0 0 1 0 0 0 1 0.802698 1.6526 -1.16843</i>
                        <i>1 0 0 0 1 0 0 0 1 0.802698 1.6526 -1.16843</i>
                        <i>1 0 0 0 1 0 0 0 1 0.802698 1.6526 -1.16843</i>
                        <i>1 0 0 0 1 0 0 0 1 0.802698 1.6526 -1.16843</i>
                        <i>1 0 0 0 1 0 0 0 1 0.802698 1.6526 -1.16843</i>
                        <i>1 0 0 0 1 0 0 0 1 0.802698 1.6526 -1.16843</i>
                        <i>1 0 0 0 1 0 0 0 1 0.802698 1.6526 -1.16843</i>
                        <i>1 0 0 0 1 0 0 0 1 0.802698 1.6526 -1.16843</i>
                        <i>1 0 0 0 1 0 0 0 1 0.802698 1.6526 -1.16843</i>
                        <i>1 0 0 0 1 0 0 0 1 0.802698 1.6526 -1.16843</i>
                        <i>1 0 0 0 1 0 0 0 1 0.802698 1.6526 -1.16843</i>
                        <i>1 0 0 0 1 0 0 0 1 0.802698 1.6526 -1.16843</i>
                        <i>1 0 0 0 1 0 0 0 1 0.802698 1.6526 -1.16843</i>
                        <i>1 0 0 0 1 0 0 0 1 0.802698 1.6526 -1.16843</i>
                        <i>1 0 0 0 1 0 0 0 1 0.802698 1.6526 -1.16843</i>
                        <i>1 0 0 0 1 0 0 0 1 0.802698 1.6526 -1.16843</i>
                        <i>1 0 0 0 1 0 0 0 1 0.802698 1.6526 -1.16843</i>
                        <i>1 0 0 0 1 0 0 0 1 0.802698 1.6526 -1.16843</i>
                        <i>1 0 0 0 1 0 0 0 1 0.802698 1.6526 -1.16843</i>
                        <i>1 0 0 0 1 0 0 0 1 0.802698 1.6526 -1.16843</i>
                        <i>1 0 0 0 1 0 0 0 1 0.802698 1.6526 -1.16843</i>
                        <i>1 0 0 0 1 0 0 0 1 0.802698 1.6526 -1.16843</i>
                        <i>1 0 0 0 1 0 0 0 1 0.802698 1.6526 -1.16843</i>
                        <i>1 0 0 0 1 0 0 0 1 0.802698 1.6526 -1.16843</i>
                        <i>1 0 0 0 1 0 0 0 1 0.802698 1.6526 -1.16843</i>
                        <i>1 0 0 0 1 0 0 0 1 0.802698 1.6526 -1.16843</i>
                        <i>1 0 0 0 1 0 0 0 1 0.802698 1.6526 -1.16843</i>
                        <i>1 0 0 0 1 0 0 0 1 0.802698 1.6526 -1.16843</i>
                        <i>1 0 0 0 1 0 0 0 1 0.802698 1.6526 -1.16843</i>
                        <i>1 0 0 0 1 0 0 0 1 0.802698 1.6526 -1.16843</i>
                        <i>1 0 0 0 1 0 0 0 1 0.802698 1.6526 -1.16843</i>
                        <i>1 0 0 0 1 0 0 0 1 0.802698 1.6526 -1.16843</i>
                        <i>1 0 0 0 1 0 0 0 1 0.802698 1.6526 -1.16843</i>
                        <i>1 0 0 0 1 0 0 0 1 0.802698 1.6526 -1.16843</i>
                        <i>1 0 0 0 1 0 0 0 1 0.802698 1.6526 -1.16843</i>
                        <i>1 0 0 0 1 0 0 0 1 0.802698 1.6526 -1.16843</i>
                        <i>1 0 0 0 1 0 0 0 1 0.802698 1.6526 -1.16843</i>
                        <i>1 0 0 0 1 0 0 0 1 0.802698 1.6526 -1.16843</i>
                        <i>1 0 0 0 1 0 0 0 1 0.802698 1.6526 -1.16843</i>
                        <i>1 0 0 0 1 0 0 0 1 0.802698 1.6526 -1.16843</i>
                        <i>1 0 0 0 1 0 0 0 1 0.802698 1.6526 -1.16843</i>
                        <i>1 0 0 0 1 0 0 0 1 0.802698 1.6526 -1.16843</i>
                        <i>1 0 0 0 1 0 0 0 1 0.802698 1.6526 -1.16843</i>
                        <i>1 0 0 0 1 0 0 0 1 0.802698 1.6526 -1.16843</i>
                        <i>1 0 0 0 1 0 0 0 1 0.802698 1.6526 -1.16843</i>
                        <i>1 0 0 0 1 0 0 0 1 0.802698 1.6526 -1.16843</i>
                        <i>1 0 0 0 1 0 0 0 1 0.802698 1.6526 -1.16843</i>
                        <i>1 0 0 0 1 0 0 0 1 0.802698 1.6526 -1.16843</i>
                        <i>1 0 0 0 1 0 0 0 1 0.802698 1.6526 -1.16843</i>
                        <i>1 0 0 0 1 0 0 0 1 0.802698 1.6526 -1.16843</i>
                        <i>1 0 0 0 1 0 0 0 1 0.802698 1.6526 -1.16843</i>
                        <i>1 0 0 0 1 0 0 0 1 0.802698 1.6526 -1.16843</i>
                        <i>1 0 0 0 1 0 0 0 1 0.802698 1.6526 -1.16843</i>
                        <i>1 0 0 0 1 0 0 0 1 0.802698 1.6526 -1.16843</i>
                        <i>1 0 0 0 1 0 0 0 1 0.802698 1.6526 -1.16843</i>
                        <i>1 0 0 0 1 0 0 0 1 0.802698 1.6526 -1.16843</i>
                        <i>1 0 0 0 1 0 0 0 1 0.802698 1.6526 -1.16843</i>
                        <i>1 0 0 0 1 0 0 0 1 0.802698 1.6526 -1.16843</i>
                        <i>1 0 0 0 1 0 0 0 1 0.802698 1.6526 -1.16843</i>
                        <i>1 0 0 0 1 0 0 0 1 0.802698 1.6526 -1.16843</i>
                        <i>1 0 0 0 1 0 0 0 1 0.802698 1.6526 -1.16843</i>
                        <i>1 0 0 0 1 0 0 0 1 0.802698 1.6526 -1.16843</i>
                        <i>1 0 0 0 1 0 0 0 1 0.802698 1.6526 -1.16843</i>
                        <i>1 0 0 0 1 0 0 0 1 0.802698 1.6526 -1.16843</i>
                        <i>1 0 0 0 1 0 0 0 1 0.802698 1.6526 -1.16843</i>
                        <i>1 0 0 0 1 0 0 0 1 0.802698 1.6526 -1.16843</i>
                        <i>1 0 0 0 1 0 0 0 1 0.802698 1.6526 -1.16843</i>
                        <i>1 0 0 0 1 0 0 0 1 0.802698 1.6526 -1.16843</i>
                        <i>1 0 0 0 1 0 0 0 1 0.802698 1.6526 -1.16843</i>
                        <i>1 0 0 0 1 0 0 0 1 0.802698 1.6526 -1.16843</i>
                        <i>1 0 0 0 1 0 0 0 1 0.802698 1.6526 -1.16843</i>
                        <i>1 0 0 0 1 0 0 0 1 0.802698 1.6526 -1.16843</i>
                        <i>1 0 0 0 1 0 0 0 1 0.802698 1.6526 -1.16843</i>
                        <i>1 0 0 0 1 0 0 0 1 0.802698 1.6526 -1.16843</i>
                        <i>1 0 0 0 1 0 0 0 1 0.802698 1.6526 -1.16843</i>
                        <i>1 0 0 0 1 0 0 0 1 0.802698 1.6526 -1.16843</i>
                        <i>1 0 0 0 1 0 0 0 1 0.802698 1.6526 -1.16843</i>
                        <i>1 0 0 0 1 0 0 0 1 0.802698 1.6526 -1.16843</i>
                        <i>1 0 0 0 1 0 0 0 1 0.802698 1.6526 -1.16843</i>
                        <i>1 0 0 0 1 0 0 0 1 0.802698 1.6526 -1.16843</i>
                        <i>1 0 0 0 1 0 0 0 1 0.802698 1.6526 -1.16843</i>
                        <i>1 0 0 0 1 0 0 0 1 0.802698 1.6526 -1.16843</i>
                        <i>1 0 0 0 1 0 0 0 1 0.802698 1.6526 -1.16843</i>
                        <i>1 0 0 0 1 0 0 0 1 0.802698 1.6526 -1.16843</i>
                        <i>1 0 0 0 1 0 0 0 1 0.802698 1.6526 -1.16843</i>
                        <i>1 0 0 0 1 0 0 0 1 0.802698 1.6526 -1.16843</i>
                        <i>1 0 0 0 1 0 0 0 1 0.802698 1.6526 -1.16843</i>
                        <i>1 0 0 0 1 0 0 0 1 0.802698 1.6526 -1.16843</i>
                        <i>1 0 0 0 1 0 0 0 1 0.802698 1.6526 -1.16843</i>
                        <i>1 0 0 0 1 0 0 0 1 0.802698 1.6526 -1.16843</i>
                        <i>1 0 0 0 1 0 0 0 1 0.802698 1.6526 -1.16843</i>
                        <i>1 0 0 0 1 0 0 0 1 0.802698 1.6526 -1.16843</i>
                        <i>1 0 0 0 1 0 0 0 1 0.802698 1.6526 -1.16843</i>
                        <i>1 0 0 0 1 0 0 0 1 0.802698 1.6526 -1.16843</i>
                        <i>1 0 0 0 1 0 0 0 1 0.802698 1.6526 -1.16843</i>
                        <i>1 0 0 0 1 0 0 0 1 0.802698 1.6526 -1.16843</i>
                        <i>1 0 0 0 1 0 0 0 1 0.802698 1.6526 -1.16843</i>
                        <i>1 0 0 0 1 0 0 0 1 0.802698 1.6526 -1.16843</i>
                        <i>1 0 0 0 1 0 0 0 1 0.802698 1.6526 -1.16843</i>
                        <i>1 0 0 0 1 0 0 0 1 0.802698 1.6526 -1.16843</i>
                        <i>1 0 0 0 1 0 0 0 1 0.802698 1.6526 -1.16843</i>
                        <i>1 0 0 0 1 0 0 0 1 0.802698 1.6526 -1.16843</i>
                        <i>1 0 0 0 1 0 0 0 1 0.802698 1.6526 -1.16843</i>
                        <i>1 0 0 0 1 0 0 0 1 0.802698 1.6526 -1.16843</i>
                        <i>1 0 0 0 1 0 0 0 1 0.802698 1.6526 -1.16843</i>
                        <i>1 0 0 0 1 0 0 0 1 0.802698 1.6526 -1.16843</i>
                        <i>1 0 0 0 1 0 0 0 1 0.802698 1.6526 -1.16843</i>
                        <i>1 0 0 0 1 0 0 0 1 0.802698 1.6526 -1.16843</i>
                        <i>1 0 0 0 1 0 0 0 1 0.802698 1.6526 -1.16843</i>
                        <i>1 0 0 0 1 0 0 0 1 0.802698 1.6526 -1.16843</i>
                        <i>1 0 0 0 1 0 0 0 1 0.802698 1.6526 -1.16843</i>
                        <i>1 0 0 0 1 0 0 0 1 0.802698 1.6526 -1.16843</i>
                        <i>1 0 0 0 1 0 0 0 1 0.802698 1.6526 -1.16843</i>
                        <i>1 0 0 0 1 0 0 0 1 0.802698 1.6526 -1.16843</i>
                        <i>1 0 0 0 1 0 0 0 1 0.802698 1.6526 -1.16843</i>
                        <i>1 0 0 0 1 0 0 0 1 0.802698 1.6526 -1.16843</i>
                    </KeyFrames>
                </p>
            </i>
            <i>
                <p>
                    <Name><![CDATA[spine0]]></Name>
                    <Exclude>0</Exclude>
                    <Additive>0</Additive>
                    <IKPriority>0</IKPriority>
                    <IKRotLimits>-1e+010 -1e+010 -1e+010 1e+010 1e+010 1e+010</IKRotLimits>
                    <IKRotLimitOrder>0</IKRotLimitOrder>
                    <KeyFrames count="120">
                        <i>0.284547 0.933684 0.21741 -0.659333 0.0259712 0.751402 0.695926 -0.357155 0.622999 0.778502 1.79084 -1.20007</i>
                        <i>0.284959 0.933478 0.217755 -0.659332 0.0259898 0.751402 0.695758 -0.357692 0.622878 0.778502 1.79084 -1.20007</i>
                        <i>0.285386 0.933264 0.218111 -0.659331 0.0260098 0.751403 0.695585 -0.358247 0.622753 0.778502 1.79084 -1.20007</i>
                        <i>0.285823 0.933045 0.218476 -0.659329 0.0260308 0.751403 0.695406 -0.358816 0.622625 0.778502 1.79084 -1.20007</i>
                        <i>0.286266 0.932823 0.218845 -0.659328 0.0260526 0.751404 0.695225 -0.359392 0.622494 0.778502 1.79084 -1.20007</i>
                        <i>0.286713 0.932599 0.219216 -0.659327 0.0260749 0.751404 0.695043 -0.359972 0.622363 0.778502 1.79084 -1.20007</i>
                        <i>0.287159 0.932374 0.219586 -0.659325 0.0260975 0.751405 0.69486 -0.360551 0.622232 0.778502 1.79084 -1.20007</i>
                        <i>0.2876 0.932152 0.219953 -0.659324 0.0261201 0.751405 0.694679 -0.361124 0.622102 0.778502 1.79084 -1.20007</i>
                        <i>0.288034 0.931933 0.220313 -0.659322 0.0261424 0.751406 0.6945 -0.361687 0.621974 0.778502 1.79084 -1.20007</i>
                        <i>0.288456 0.931719 0.220663 -0.659321 0.0261642 0.751406 0.694327 -0.362235 0.621849 0.778502 1.79084 -1.20007</i>
                        <i>0.288863 0.931513 0.221 -0.659319 0.0261853 0.751407 0.694158 -0.362764 0.621729 0.778502 1.79084 -1.20007</i>
                        <i>0.289252 0.931316 0.221323 -0.659318 0.0262053 0.751407 0.693998 -0.363269 0.621613 0.778502 1.79084 -1.20007</i>
                        <i>0.289619 0.931129 0.221628 -0.659317 0.026224 0.751408 0.693846 -0.363745 0.621504 0.778502 1.79084 -1.20007</i>
                        <i>0.289961 0.930955 0.221912 -0.659316 0.0262412 0.751408 0.693704 -0.364189 0.621402 0.778502 1.79084 -1.20007</i>
                        <i>0.290274 0.930795 0.222173 -0.659315 0.0262567 0.751409 0.693574 -0.364596 0.621309 0.778502 1.79084 -1.20007</i>
                        <i>0.290752 0.930556 0.222552 -0.659312 0.0262942 0.751409 0.693376 -0.365205 0.621172 0.778502 1.79084 -1.20007</i>
                        <i>0.291546 0.930161 0.223163 -0.659307 0.0263731 0.751411 0.693048 -0.366204 0.62095 0.778502 1.79084 -1.20007</i>
                        <i>0.292594 0.929641 0.223957 -0.659299 0.0264858 0.751414 0.692613 -0.367514 0.620661 0.778502 1.79084 -1.20007</i>
                        <i>0.293828 0.929027 0.224886 -0.65929 0.0266244 0.751417 0.692099 -0.369052 0.620322 0.778502 1.79084 -1.20007</i>
                        <i>0.295182 0.928352 0.225899 -0.65928 0.026781 0.75142 0.691533 -0.370737 0.619949 0.778502 1.79084 -1.20007</i>
                        <i>0.29423 0.928717 0.225642 -0.659311 0.0263156 0.75141 0.691909 -0.369855 0.620056 0.778502 1.79084 -1.20007</i>
                        <i>0.289998 0.9305 0.223767 -0.659409 0.024819 0.751375 0.693601 -0.365451 0.620777 0.778502 1.79084 -1.20007</i>
                        <i>0.284616 0.932672 0.221624 -0.659543 0.0227353 0.751323 0.695699 -0.360009 0.621607 0.778502 1.79084 -1.20007</i>
                        <i>0.280272 0.934344 0.220111 -0.659659 0.0208916 0.751275 0.697351 -0.355759 0.622203 0.778502 1.79084 -1.20007</i>
                        <i>0.279156 0.934778 0.219686 -0.659686 0.0204474 0.751263 0.697772 -0.354643 0.622368 0.778502 1.79084 -1.20007</i>
                        <i>0.280534 0.934393 0.219571 -0.659621 0.0214948 0.751291 0.697281 -0.355596 0.622375 0.778502 1.79084 -1.20007</i>
                        <i>0.282048 0.9341 0.218877 -0.65952 0.0230888 0.751332 0.696766 -0.356265 0.62257 0.778502 1.79084 -1.20007</i>
                        <i>0.283421 0.933932 0.217817 -0.659405 0.0248699 0.751376 0.696317 -0.356585 0.622888 0.778502 1.79084 -1.20007</i>
                        <i>0.284342 0.933943 0.216564 -0.659299 0.026487 0.751414 0.696042 -0.356438 0.62328 0.778502 1.79084 -1.20007</i>
                        <i>0.28452 0.934187 0.215274 -0.659225 0.0276144 0.751439 0.69604 -0.355713 0.623696 0.778502 1.79084 -1.20007</i>
                        <i>0.283721 0.934694 0.214123 -0.659202 0.0279525 0.751446 0.696387 -0.354351 0.624083 0.778502 1.79084 -1.20007</i>
                        <i>0.280357 0.9363 0.211524 -0.659223 0.027631 0.751439 0.697728 -0.350113 0.624977 0.778502 1.79084 -1.20007</i>
                        <i>0.274329 0.939127 0.206843 -0.65926 0.0270753 0.751427 0.700085 -0.342502 0.626557 0.778502 1.79084 -1.20007</i>
                        <i>0.267591 0.942194 0.201656 -0.659304 0.0264243 0.751412 0.702648 -0.334023 0.628263 0.778502 1.79084 -1.20007</i>
                        <i>0.261988 0.944658 0.197443 -0.659344 0.0258103 0.751398 0.704718 -0.32704 0.629616 0.778502 1.79084 -1.20007</i>
                        <i>0.259303 0.945779 0.19561 -0.659373 0.0253738 0.751388 0.705684 -0.323817 0.6302 0.778502 1.79084 -1.20007</i>
                        <i>0.260715 0.945092 0.197049 -0.659382 0.0252362 0.751385 0.705155 -0.325828 0.629756 0.778502 1.79084 -1.20007</i>
                        <i>0.265319 0.942981 0.200979 -0.659372 0.0253775 0.751388 0.703444 -0.331878 0.628509 0.778502 1.79084 -1.20007</i>
                        <i>0.271717 0.940017 0.206245 -0.659349 0.0257277 0.751396 0.701019 -0.340155 0.62679 0.778502 1.79084 -1.20007</i>
                        <i>0.278247 0.93693 0.211522 -0.659321 0.0261652 0.751406 0.69848 -0.348538 0.625017 0.778502 1.79084 -1.20007</i>
                        <i>0.282994 0.934636 0.215335 -0.659298 0.0265045 0.751414 0.696592 -0.354616 0.623705 0.778502 1.79084 -1.20007</i>
                        <i>0.283914 0.934167 0.216159 -0.659298 0.0265034 0.751414 0.696217 -0.35585 0.62342 0.778502 1.79084 -1.20007</i>
                        <i>0.282287 0.93492 0.21503 -0.659315 0.0262493 0.751408 0.696863 -0.353885 0.623817 0.778502 1.79084 -1.20007</i>
                        <i>0.28081 0.935599 0.21401 -0.659331 0.0260141 0.751403 0.697444 -0.352105 0.624174 0.778502 1.79084 -1.20007</i>
                        <i>0.279554 0.93617 0.213155 -0.659344 0.0258052 0.751398 0.697936 -0.350599 0.624472 0.778502 1.79084 -1.20007</i>
                        <i>0.278799 0.936505 0.212672 -0.659354 0.0256551 0.751395 0.698229 -0.349714 0.624641 0.778502 1.79084 -1.20007</i>
                        <i>0.278682 0.936541 0.212665 -0.659359 0.0255801 0.751393 0.698271 -0.349622 0.624646 0.778502 1.79084 -1.20007</i>
                        <i>0.279067 0.936344 0.213028 -0.65936 0.0255648 0.751393 0.698116 -0.350151 0.624522 0.778502 1.79084 -1.20007</i>
                        <i>0.279817 0.935976 0.213661 -0.659358 0.0255946 0.751393 0.697818 -0.351132 0.624305 0.778502 1.79084 -1.20007</i>
                        <i>0.280799 0.935499 0.214461 -0.659354 0.0256558 0.751395 0.697427 -0.352396 0.624029 0.778502 1.79084 -1.20007</i>
                        <i>0.281879 0.934975 0.215326 -0.659349 0.0257351 0.751397 0.696996 -0.353778 0.623729 0.778502 1.79084 -1.20007</i>
                        <i>0.282926 0.934468 0.216154 -0.659343 0.0258194 0.751399 0.696577 -0.35511 0.62344 0.778502 1.79084 -1.20007</i>
                        <i>0.283807 0.93404 0.216845 -0.659338 0.0258956 0.7514 0.696223 -0.356227 0.623198 0.778502 1.79084 -1.20007</i>
                        <i>0.284391 0.933758 0.217297 -0.659335 0.0259507 0.751402 0.695988 -0.356963 0.623039 0.778502 1.79084 -1.20007</i>
                        <i>0.284547 0.933684 0.21741 -0.659333 0.0259712 0.751402 0.695926 -0.357155 0.622999 0.778502 1.79084 -1.20007</i>
                        <i>0.276963 0.937012 0.21284 -0.659445 0.0242501 0.751361 0.698873 -0.348456 0.624624 0.778502 1.79084 -1.20007</i>
                        <i>0.259307 0.944384 0.202234 -0.659698 0.0202614 0.751258 0.705378 -0.32822 0.628262 0.778502 1.79084 -1.20007</i>
                        <i>0.238773 0.952327 0.189897 -0.659973 0.0156958 0.751125 0.712336 -0.304675 0.632258 0.778502 1.79084 -1.20007</i>
                        <i>0.221982 0.95833 0.179799 -0.660185 0.0120198 0.751006 0.717551 -0.28541 0.635344 0.778502 1.79084 -1.20007</i>
                        <i>0.215014 0.960695 0.175598 -0.66027 0.0105142 0.750955 0.719592 -0.277408 0.636578 0.778502 1.79084 -1.20007</i>
                        <i>0.216194 0.960759 0.173787 -0.660147 0.0126991 0.751029 0.719351 -0.277092 0.636988 0.778502 1.79084 -1.20007</i>
                        <i>0.219095 0.960862 0.169536 -0.659841 0.0179144 0.751191 0.718754 -0.276449 0.637941 0.778502 1.79084 -1.20007</i>
                        <i>0.222563 0.960945 0.164471 -0.659453 0.0241358 0.751358 0.718044 -0.275686 0.639069 0.778502 1.79084 -1.20007</i>
                        <i>0.225453 0.960989 0.160222 -0.659108 0.0293398 0.751476 0.717459 -0.275026 0.640011 0.778502 1.79084 -1.20007</i>
                        <i>0.226632 0.961011 0.158419 -0.658959 0.0315151 0.751518 0.717225 -0.274709 0.640409 0.778502 1.79084 -1.20007</i>
                        <i>0.226197 0.961031 0.158918 -0.659006 0.0308391 0.751505 0.717319 -0.274716 0.640301 0.778502 1.79084 -1.20007</i>
                        <i>0.225233 0.961051 0.160161 -0.659115 0.0292369 0.751473 0.717521 -0.274821 0.640028 0.778502 1.79084 -1.20007</i>
                        <i>0.224096 0.961066 0.161655 -0.659244 0.0273253 0.751433 0.717759 -0.274963 0.639701 0.778502 1.79084 -1.20007</i>
                        <i>0.223141 0.961077 0.162906 -0.65935 0.0257222 0.751396 0.71796 -0.27508 0.639426 0.778502 1.79084 -1.20007</i>
                        <i>0.222723 0.961087 0.163421 -0.659394 0.0250459 0.75138 0.718049 -0.275108 0.639313 0.778502 1.79084 -1.20007</i>
                        <i>0.222652 0.961092 0.163488 -0.6594 0.0249463 0.751378 0.718065 -0.2751 0.639299 0.778502 1.79084 -1.20007</i>
                        <i>0.22254 0.961084 0.163689 -0.659415 0.0247169 0.751372 0.718086 -0.27515 0.639254 0.778502 1.79084 -1.20007</i>
                        <i>0.222446 0.961058 0.163967 -0.659433 0.0244411 0.751366 0.718099 -0.275264 0.63919 0.778502 1.79084 -1.20007</i>
                        <i>0.222428 0.961012 0.164263 -0.659449 0.0242028 0.75136 0.71809 -0.275446 0.639121 0.778502 1.79084 -1.20007</i>
                        <i>0.222541 0.960942 0.164516 -0.659456 0.024086 0.751357 0.718048 -0.275699 0.639059 0.778502 1.79084 -1.20007</i>
                        <i>0.222489 0.960939 0.164605 -0.659463 0.0239831 0.751355 0.718058 -0.275719 0.639039 0.778502 1.79084 -1.20007</i>
                        <i>0.222002 0.961072 0.164486 -0.659478 0.0237435 0.751349 0.718195 -0.275276 0.639077 0.778502 1.79084 -1.20007</i>
                        <i>0.221176 0.961308 0.164219 -0.659501 0.0233861 0.75134 0.718429 -0.274481 0.639156 0.778502 1.79084 -1.20007</i>
                        <i>0.22011 0.961613 0.163869 -0.65953 0.0229305 0.751328 0.718729 -0.273451 0.63926 0.778502 1.79084 -1.20007</i>
                        <i>0.218907 0.96195 0.163499 -0.659564 0.0223965 0.751315 0.719065 -0.272306 0.63937 0.778502 1.79084 -1.20007</i>
                        <i>0.217675 0.962284 0.16318 -0.659601 0.0218042 0.751299 0.719405 -0.271172 0.63947 0.778502 1.79084 -1.20007</i>
                        <i>0.216524 0.962577 0.162984 -0.659641 0.021174 0.751283 0.719716 -0.270182 0.63954 0.778502 1.79084 -1.20007</i>
                        <i>0.215572 0.96279 0.162987 -0.659681 0.0205265 0.751265 0.719965 -0.269471 0.639559 0.778502 1.79084 -1.20007</i>
                        <i>0.214939 0.962883 0.163269 -0.659721 0.0198826 0.751247 0.720117 -0.269185 0.639508 0.778502 1.79084 -1.20007</i>
                        <i>0.214749 0.962816 0.163913 -0.659759 0.019263 0.75123 0.720139 -0.269469 0.639364 0.778502 1.79084 -1.20007</i>
                        <i>0.214816 0.962655 0.164771 -0.659796 0.0186538 0.751213 0.720085 -0.270088 0.639163 0.778502 1.79084 -1.20007</i>
                        <i>0.214862 0.962498 0.165628 -0.659834 0.0180305 0.751195 0.720037 -0.27069 0.638963 0.778502 1.79084 -1.20007</i>
                        <i>0.214873 0.962351 0.166466 -0.659872 0.0173984 0.751176 0.719999 -0.271254 0.638767 0.778502 1.79084 -1.20007</i>
                        <i>0.214837 0.96222 0.167267 -0.65991 0.0167623 0.751157 0.719975 -0.271757 0.63858 0.778502 1.79084 -1.20007</i>
                        <i>0.214738 0.962112 0.168012 -0.659948 0.0161266 0.751138 0.71997 -0.272177 0.638407 0.778502 1.79084 -1.20007</i>
                        <i>0.214562 0.962034 0.168681 -0.659985 0.0154967 0.751119 0.719988 -0.272488 0.638253 0.778502 1.79084 -1.20007</i>
                        <i>0.214311 0.961987 0.169269 -0.660021 0.0148772 0.751099 0.72003 -0.27269 0.63812 0.778502 1.79084 -1.20007</i>
                        <i>0.213999 0.961966 0.169785 -0.660057 0.0142725 0.75108 0.72009 -0.272798 0.638006 0.778502 1.79084 -1.20007</i>
                        <i>0.21364 0.961966 0.170233 -0.66009 0.013687 0.751061 0.720166 -0.272825 0.637909 0.778502 1.79084 -1.20007</i>
                        <i>0.213247 0.961985 0.170619 -0.660123 0.0131256 0.751043 0.720253 -0.272788 0.637827 0.778502 1.79084 -1.20007</i>
                        <i>0.212836 0.962017 0.170951 -0.660153 0.0125934 0.751026 0.720347 -0.272699 0.637759 0.778502 1.79084 -1.20007</i>
                        <i>0.21242 0.962058 0.171235 -0.660181 0.0120957 0.751009 0.720443 -0.272576 0.637702 0.778502 1.79084 -1.20007</i>
                        <i>0.212018 0.962104 0.171477 -0.660207 0.0116384 0.750994 0.720538 -0.272434 0.637655 0.778502 1.79084 -1.20007</i>
                        <i>0.211645 0.962149 0.171685 -0.66023 0.0112273 0.75098 0.720627 -0.272292 0.637616 0.778502 1.79084 -1.20007</i>
                        <i>0.211319 0.962188 0.171866 -0.66025 0.0108689 0.750967 0.720704 -0.272168 0.637582 0.778502 1.79084 -1.20007</i>
                        <i>0.211061 0.962216 0.172029 -0.660267 0.0105696 0.750957 0.720764 -0.272083 0.63755 0.778502 1.79084 -1.20007</i>
                        <i>0.21089 0.962226 0.172183 -0.660279 0.0103364 0.750949 0.720802 -0.272057 0.637518 0.778502 1.79084 -1.20007</i>
                        <i>0.210829 0.962211 0.172338 -0.660288 0.0101759 0.750943 0.720812 -0.272113 0.637482 0.778502 1.79084 -1.20007</i>
                        <i>0.210897 0.962167 0.172504 -0.660293 0.0100954 0.75094 0.720788 -0.272275 0.637441 0.778502 1.79084 -1.20007</i>
                        <i>0.21112 0.962084 0.172693 -0.660292 0.0101018 0.750941 0.720724 -0.272566 0.637389 0.778502 1.79084 -1.20007</i>
                        <i>0.212259 0.961707 0.173396 -0.66028 0.0103341 0.750949 0.720401 -0.273885 0.637189 0.778502 1.79084 -1.20007</i>
                        <i>0.21491 0.960825 0.175009 -0.660248 0.0108947 0.750968 0.719643 -0.27694 0.636725 0.778502 1.79084 -1.20007</i>
                        <i>0.218855 0.959496 0.1774 -0.660201 0.0117372 0.750997 0.718496 -0.281479 0.636029 0.778502 1.79084 -1.20007</i>
                        <i>0.223877 0.957769 0.180438 -0.66014 0.0128165 0.751033 0.717003 -0.287253 0.635131 0.778502 1.79084 -1.20007</i>
                        <i>0.229762 0.955696 0.183996 -0.660067 0.0140877 0.751074 0.715207 -0.294018 0.634061 0.778502 1.79084 -1.20007</i>
                        <i>0.236292 0.953333 0.187943 -0.659985 0.0155048 0.751119 0.713152 -0.301523 0.632849 0.778502 1.79084 -1.20007</i>
                        <i>0.243245 0.950742 0.192147 -0.659895 0.0170201 0.751165 0.710894 -0.309514 0.63153 0.778502 1.79084 -1.20007</i>
                        <i>0.25039 0.948 0.196471 -0.659801 0.0185831 0.751211 0.708497 -0.317728 0.630144 0.778502 1.79084 -1.20007</i>
                        <i>0.257488 0.945194 0.200771 -0.659705 0.0201403 0.751255 0.706037 -0.325889 0.628735 0.778502 1.79084 -1.20007</i>
                        <i>0.264289 0.942427 0.204898 -0.659612 0.0216349 0.751295 0.703607 -0.333712 0.627354 0.778502 1.79084 -1.20007</i>
                        <i>0.270534 0.939817 0.208699 -0.659525 0.0230065 0.75133 0.701311 -0.340903 0.626057 0.778502 1.79084 -1.20007</i>
                        <i>0.275956 0.937496 0.212015 -0.659449 0.0241918 0.75136 0.699267 -0.347155 0.624907 0.778502 1.79084 -1.20007</i>
                        <i>0.280283 0.935603 0.214682 -0.659389 0.0251252 0.751382 0.697602 -0.352158 0.623968 0.778502 1.79084 -1.20007</i>
                        <i>0.283237 0.934285 0.216535 -0.659349 0.0257402 0.751397 0.696445 -0.355596 0.62331 0.778502 1.79084 -1.20007</i>
                        <i>0.284547 0.933684 0.21741 -0.659333 0.0259712 0.751402 0.695926 -0.357155 0.622999 0.778502 1.79084 -1.20007</i>
                    </KeyFrames>
                </p>
            </i>
            <i>
                <p>
                    <Name><![CDATA[spine1]]></Name>
                    <Exclude>0</Exclude>
                    <Additive>0</Additive>
                    <IKPriority>0</IKPriority>
                    <IKRotLimits>-1e+010 -1e+010 -1e+010 1e+010 1e+010 1e+010</IKRotLimits>
                    <IKRotLimitOrder>0</IKRotLimitOrder>
                    <KeyFrames count="120">
                        <i>0.570317 0.651181 0.500701 -0.633543 -0.0392765 0.77271 0.522839 -0.757906 0.390151 0.831902 1.96633 -1.15928</i>
                        <i>0.570202 0.651424 0.500516 -0.633518 -0.0391948 0.772735 0.522996 -0.757701 0.39034 0.832058 1.96655 -1.15916</i>
                        <i>0.570093 0.651661 0.500332 -0.633492 -0.0391114 0.77276 0.523146 -0.757502 0.390525 0.832217 1.96677 -1.15903</i>
                        <i>0.569989 0.65189 0.500152 -0.633466 -0.039027 0.772786 0.523291 -0.757308 0.390706 0.83238 1.967 -1.1589</i>
                        <i>0.56989 0.652113 0.499974 -0.63344 -0.038942 0.772811 0.52343 -0.757121 0.390882 0.832545 1.96723 -1.15877</i>
                        <i>0.569795 0.652329 0.4998 -0.633414 -0.038857 0.772837 0.523565 -0.756939 0.391054 0.832711 1.96745 -1.15864</i>
                        <i>0.569705 0.652539 0.499629 -0.633388 -0.0387727 0.772863 0.523695 -0.756763 0.391221 0.832877 1.96768 -1.1585</i>
                        <i>0.569618 0.652742 0.499463 -0.633362 -0.0386895 0.772888 0.52382 -0.756592 0.391383 0.833041 1.9679 -1.15837</i>
                        <i>0.569535 0.652938 0.499301 -0.633337 -0.0386081 0.772913 0.523941 -0.756427 0.391541 0.833202 1.96812 -1.15825</i>
                        <i>0.569455 0.653128 0.499144 -0.633312 -0.0385289 0.772937 0.524058 -0.756267 0.391694 0.83336 1.96834 -1.15812</i>
                        <i>0.569376 0.653312 0.498993 -0.633289 -0.0384526 0.77296 0.524172 -0.756112 0.391841 0.833512 1.96854 -1.158</i>
                        <i>0.5693 0.65349 0.498846 -0.633266 -0.0383796 0.772982 0.524282 -0.755961 0.391984 0.833659 1.96874 -1.15788</i>
                        <i>0.569226 0.653662 0.498706 -0.633245 -0.0383104 0.773003 0.524388 -0.755816 0.392121 0.833798 1.96893 -1.15777</i>
                        <i>0.569152 0.653829 0.498572 -0.633225 -0.0382457 0.773022 0.524492 -0.755676 0.392253 0.833928 1.96911 -1.15767</i>
                        <i>0.569079 0.653989 0.498444 -0.633206 -0.0381858 0.773041 0.524594 -0.75554 0.392379 0.834048 1.96928 -1.15757</i>
                        <i>0.569378 0.653633 0.498571 -0.633193 -0.0380902 0.773056 0.524285 -0.755853 0.392188 0.834199 1.96942 -1.15745</i>
                        <i>0.57034 0.652355 0.499145 -0.633187 -0.0379268 0.773069 0.523246 -0.756964 0.391431 0.834412 1.96954 -1.15729</i>
                        <i>0.571842 0.650316 0.500086 -0.633188 -0.0377094 0.773079 0.521603 -0.758727 0.390208 0.834673 1.96964 -1.15709</i>
                        <i>0.573761 0.647676 0.501313 -0.633194 -0.0374516 0.773086 0.519484 -0.760995 0.388616 0.834969 1.96971 -1.15687</i>
                        <i>0.575974 0.644596 0.502743 -0.633205 -0.0371668 0.773092 0.517017 -0.76362 0.386754 0.835283 1.96975 -1.15663</i>
                        <i>0.577703 0.642002 0.504076 -0.630903 -0.0406263 0.774798 0.517901 -0.765626 0.381571 0.835188 1.9701 -1.15661</i>
                        <i>0.578542 0.640389 0.505164 -0.625459 -0.0492173 0.778703 0.523536 -0.766472 0.372063 0.83451 1.9709 -1.15687</i>
                        <i>0.578943 0.639247 0.50615 -0.619108 -0.0593176 0.783062 0.530594 -0.76671 0.361422 0.833621 1.97183 -1.15717</i>
                        <i>0.579461 0.638006 0.507123 -0.614139 -0.0672341 0.786329 0.535778 -0.767091 0.352865 0.832903 1.97258 -1.15736</i>
                        <i>0.580753 0.636033 0.508122 -0.612882 -0.0692235 0.787136 0.535818 -0.768551 0.349611 0.832745 1.97286 -1.1574</i>
                        <i>0.582598 0.633766 0.508843 -0.616572 -0.0632748 0.784751 0.529546 -0.770932 0.353899 0.833017 1.9728 -1.15742</i>
                        <i>0.58417 0.632188 0.509003 -0.623585 -0.0518219 0.780036 0.519507 -0.77308 0.36395 0.833303 1.97271 -1.15756</i>
                        <i>0.585239 0.631465 0.508672 -0.631989 -0.0378088 0.774054 0.508021 -0.774482 0.376952 0.833547 1.9726 -1.15778</i>
                        <i>0.585562 0.631783 0.507904 -0.639994 -0.0242382 0.767998 0.497519 -0.774766 0.390145 0.83369 1.97248 -1.15805</i>
                        <i>0.58498 0.633207 0.506801 -0.645963 -0.0141102 0.763238 0.490439 -0.773854 0.400774 0.833677 1.97237 -1.15834</i>
                        <i>0.58346 0.635613 0.50554 -0.648337 -0.0103514 0.761283 0.489114 -0.771939 0.406052 0.833468 1.97229 -1.15861</i>
                        <i>0.580654 0.639677 0.50364 -0.648421 -0.0107329 0.761206 0.492332 -0.768569 0.408548 0.832797 1.97254 -1.15912</i>
                        <i>0.576634 0.645496 0.500827 -0.648517 -0.0112038 0.761118 0.49691 -0.763682 0.412154 0.831658 1.97319 -1.16001</i>
                        <i>0.571995 0.652096 0.497587 -0.64853 -0.0118936 0.761096 0.502226 -0.758043 0.416101 0.830385 1.97391 -1.16099</i>
                        <i>0.567408 0.658444 0.49447 -0.648363 -0.0129311 0.761221 0.507615 -0.752519 0.419573 0.829297 1.97439 -1.16181</i>
                        <i>0.563616 0.663474 0.492077 -0.647911 -0.0144432 0.761579 0.512395 -0.74806 0.421732 0.8287 1.97433 -1.16222</i>
                        <i>0.5611 0.666559 0.490781 -0.647113 -0.0164816 0.762216 0.516151 -0.74527 0.422091 0.828798 1.97355 -1.16207</i>
                        <i>0.5595 0.668299 0.490242 -0.646052 -0.0188806 0.76306 0.519208 -0.743653 0.421192 0.829445 1.97226 -1.1615</i>
