<?xml version="1.0" encoding="ISO-8859-1" ?>
<Animl Version="1">
    <ModellingPackage><![CDATA[Maya.2010]]></ModellingPackage>
    <SrcFile><![CDATA[anims\turrets\mortar\blue\~src\mortar_m120\mortar_m120_reload_high_crewman_a.mb]]></SrcFile>
    <FramesPerSecond>30</FramesPerSecond>
    <TotalFrames>160</TotalFrames>
    <Skeleton>
        <RefFrame>
            <Name><![CDATA[soldier_ref_frame]]></Name>
            <Exclude>0</Exclude>
            <Additive>0</Additive>
            <IKPriority>0</IKPriority>
            <IKRotLimits>-1e+010 -1e+010 -1e+010 1e+010 1e+010 1e+010</IKRotLimits>
            <IKRotLimitOrder>0</IKRotLimitOrder>
            <KeyFrames count="160">
                <i>1 0 0 0 1 0 0 0 1 1.26 0.92 0.93</i>
                <i>1 0 0 0 1 0 0 0 1 1.26 0.92 0.93</i>
                <i>1 0 0 0 1 0 0 0 1 1.26 0.92 0.93</i>
                <i>1 0 0 0 1 0 0 0 1 1.26 0.92 0.93</i>
                <i>1 0 0 0 1 0 0 0 1 1.26 0.92 0.93</i>
                <i>1 0 0 0 1 0 0 0 1 1.26 0.92 0.93</i>
                <i>1 0 0 0 1 0 0 0 1 1.26 0.92 0.93</i>
                <i>1 0 0 0 1 0 0 0 1 1.26 0.92 0.93</i>
                <i>1 0 0 0 1 0 0 0 1 1.26 0.92 0.93</i>
                <i>1 0 0 0 1 0 0 0 1 1.26 0.92 0.93</i>
                <i>1 0 0 0 1 0 0 0 1 1.26 0.92 0.93</i>
                <i>1 0 0 0 1 0 0 0 1 1.26 0.92 0.93</i>
                <i>1 0 0 0 1 0 0 0 1 1.26 0.92 0.93</i>
                <i>1 0 0 0 1 0 0 0 1 1.26 0.92 0.93</i>
                <i>1 0 0 0 1 0 0 0 1 1.26 0.92 0.93</i>
                <i>1 0 0 0 1 0 0 0 1 1.26 0.92 0.93</i>
                <i>1 0 0 0 1 0 0 0 1 1.26 0.92 0.93</i>
                <i>1 0 0 0 1 0 0 0 1 1.26 0.92 0.93</i>
                <i>1 0 0 0 1 0 0 0 1 1.26 0.92 0.93</i>
                <i>1 0 0 0 1 0 0 0 1 1.26 0.92 0.93</i>
                <i>1 0 0 0 1 0 0 0 1 1.26 0.92 0.93</i>
                <i>1 0 0 0 1 0 0 0 1 1.26 0.92 0.93</i>
                <i>1 0 0 0 1 0 0 0 1 1.26 0.92 0.93</i>
                <i>1 0 0 0 1 0 0 0 1 1.26 0.92 0.93</i>
                <i>1 0 0 0 1 0 0 0 1 1.26 0.92 0.93</i>
                <i>1 0 0 0 1 0 0 0 1 1.26 0.92 0.93</i>
                <i>1 0 0 0 1 0 0 0 1 1.26 0.92 0.93</i>
                <i>1 0 0 0 1 0 0 0 1 1.26 0.92 0.93</i>
                <i>1 0 0 0 1 0 0 0 1 1.26 0.92 0.93</i>
                <i>1 0 0 0 1 0 0 0 1 1.26 0.92 0.93</i>
                <i>1 0 0 0 1 0 0 0 1 1.26 0.92 0.93</i>
                <i>1 0 0 0 1 0 0 0 1 1.26 0.92 0.93</i>
                <i>1 0 0 0 1 0 0 0 1 1.26 0.92 0.93</i>
                <i>1 0 0 0 1 0 0 0 1 1.26 0.92 0.93</i>
                <i>1 0 0 0 1 0 0 0 1 1.26 0.92 0.93</i>
                <i>1 0 0 0 1 0 0 0 1 1.26 0.92 0.93</i>
                <i>1 0 0 0 1 0 0 0 1 1.26 0.92 0.93</i>
                <i>1 0 0 0 1 0 0 0 1 1.26 0.92 0.93</i>
                <i>1 0 0 0 1 0 0 0 1 1.26 0.92 0.93</i>
                <i>1 0 0 0 1 0 0 0 1 1.26 0.92 0.93</i>
                <i>1 0 0 0 1 0 0 0 1 1.26 0.92 0.93</i>
                <i>1 0 0 0 1 0 0 0 1 1.26 0.92 0.93</i>
                <i>1 0 0 0 1 0 0 0 1 1.26 0.92 0.93</i>
                <i>1 0 0 0 1 0 0 0 1 1.26 0.92 0.93</i>
                <i>1 0 0 0 1 0 0 0 1 1.26 0.92 0.93</i>
                <i>1 0 0 0 1 0 0 0 1 1.26 0.92 0.93</i>
                <i>1 0 0 0 1 0 0 0 1 1.26 0.92 0.93</i>
                <i>1 0 0 0 1 0 0 0 1 1.26 0.92 0.93</i>
                <i>1 0 0 0 1 0 0 0 1 1.26 0.92 0.93</i>
                <i>1 0 0 0 1 0 0 0 1 1.26 0.92 0.93</i>
                <i>1 0 0 0 1 0 0 0 1 1.26 0.92 0.93</i>
                <i>1 0 0 0 1 0 0 0 1 1.26 0.92 0.93</i>
                <i>1 0 0 0 1 0 0 0 1 1.26 0.92 0.93</i>
                <i>1 0 0 0 1 0 0 0 1 1.26 0.92 0.93</i>
                <i>1 0 0 0 1 0 0 0 1 1.26 0.92 0.93</i>
                <i>1 0 0 0 1 0 0 0 1 1.26 0.92 0.93</i>
                <i>1 0 0 0 1 0 0 0 1 1.26 0.92 0.93</i>
                <i>1 0 0 0 1 0 0 0 1 1.26 0.92 0.93</i>
                <i>1 0 0 0 1 0 0 0 1 1.26 0.92 0.93</i>
                <i>1 0 0 0 1 0 0 0 1 1.26 0.92 0.93</i>
                <i>1 0 0 0 1 0 0 0 1 1.26 0.92 0.93</i>
                <i>1 0 0 0 1 0 0 0 1 1.26 0.92 0.93</i>
                <i>1 0 0 0 1 0 0 0 1 1.26 0.92 0.93</i>
                <i>1 0 0 0 1 0 0 0 1 1.26 0.92 0.93</i>
                <i>1 0 0 0 1 0 0 0 1 1.26 0.92 0.93</i>
                <i>1 0 0 0 1 0 0 0 1 1.26 0.92 0.93</i>
                <i>1 0 0 0 1 0 0 0 1 1.26 0.92 0.93</i>
                <i>1 0 0 0 1 0 0 0 1 1.26 0.92 0.93</i>
                <i>1 0 0 0 1 0 0 0 1 1.26 0.92 0.93</i>
                <i>1 0 0 0 1 0 0 0 1 1.26 0.92 0.93</i>
                <i>1 0 0 0 1 0 0 0 1 1.26 0.92 0.93</i>
                <i>1 0 0 0 1 0 0 0 1 1.26 0.92 0.93</i>
                <i>1 0 0 0 1 0 0 0 1 1.26 0.92 0.93</i>
                <i>1 0 0 0 1 0 0 0 1 1.26 0.92 0.93</i>
                <i>1 0 0 0 1 0 0 0 1 1.26 0.92 0.93</i>
                <i>1 0 0 0 1 0 0 0 1 1.26 0.92 0.93</i>
                <i>1 0 0 0 1 0 0 0 1 1.26 0.92 0.93</i>
                <i>1 0 0 0 1 0 0 0 1 1.26 0.92 0.93</i>
                <i>1 0 0 0 1 0 0 0 1 1.26 0.92 0.93</i>
                <i>1 0 0 0 1 0 0 0 1 1.26 0.92 0.93</i>
                <i>1 0 0 0 1 0 0 0 1 1.26 0.92 0.93</i>
                <i>1 0 0 0 1 0 0 0 1 1.26 0.92 0.93</i>
                <i>1 0 0 0 1 0 0 0 1 1.26 0.92 0.93</i>
                <i>1 0 0 0 1 0 0 0 1 1.26 0.92 0.93</i>
                <i>1 0 0 0 1 0 0 0 1 1.26 0.92 0.93</i>
                <i>1 0 0 0 1 0 0 0 1 1.26 0.92 0.93</i>
                <i>1 0 0 0 1 0 0 0 1 1.26 0.92 0.93</i>
                <i>1 0 0 0 1 0 0 0 1 1.26 0.92 0.93</i>
                <i>1 0 0 0 1 0 0 0 1 1.26 0.92 0.93</i>
                <i>1 0 0 0 1 0 0 0 1 1.26 0.92 0.93</i>
                <i>1 0 0 0 1 0 0 0 1 1.26 0.92 0.93</i>
                <i>1 0 0 0 1 0 0 0 1 1.26 0.92 0.93</i>
                <i>1 0 0 0 1 0 0 0 1 1.26 0.92 0.93</i>
                <i>1 0 0 0 1 0 0 0 1 1.26 0.92 0.93</i>
                <i>1 0 0 0 1 0 0 0 1 1.26 0.92 0.93</i>
                <i>1 0 0 0 1 0 0 0 1 1.26 0.92 0.93</i>
                <i>1 0 0 0 1 0 0 0 1 1.26 0.92 0.93</i>
                <i>1 0 0 0 1 0 0 0 1 1.26 0.92 0.93</i>
                <i>1 0 0 0 1 0 0 0 1 1.26 0.92 0.93</i>
                <i>1 0 0 0 1 0 0 0 1 1.26 0.92 0.93</i>
                <i>1 0 0 0 1 0 0 0 1 1.26 0.92 0.93</i>
                <i>1 0 0 0 1 0 0 0 1 1.26 0.92 0.93</i>
                <i>1 0 0 0 1 0 0 0 1 1.26 0.92 0.93</i>
                <i>1 0 0 0 1 0 0 0 1 1.26 0.92 0.93</i>
                <i>1 0 0 0 1 0 0 0 1 1.26 0.92 0.93</i>
                <i>1 0 0 0 1 0 0 0 1 1.26 0.92 0.93</i>
                <i>1 0 0 0 1 0 0 0 1 1.26 0.92 0.93</i>
                <i>1 0 0 0 1 0 0 0 1 1.26 0.92 0.93</i>
                <i>1 0 0 0 1 0 0 0 1 1.26 0.92 0.93</i>
                <i>1 0 0 0 1 0 0 0 1 1.26 0.92 0.93</i>
                <i>1 0 0 0 1 0 0 0 1 1.26 0.92 0.93</i>
                <i>1 0 0 0 1 0 0 0 1 1.26 0.92 0.93</i>
                <i>1 0 0 0 1 0 0 0 1 1.26 0.92 0.93</i>
                <i>1 0 0 0 1 0 0 0 1 1.26 0.92 0.93</i>
                <i>1 0 0 0 1 0 0 0 1 1.26 0.92 0.93</i>
                <i>1 0 0 0 1 0 0 0 1 1.26 0.92 0.93</i>
                <i>1 0 0 0 1 0 0 0 1 1.26 0.92 0.93</i>
                <i>1 0 0 0 1 0 0 0 1 1.26 0.92 0.93</i>
                <i>1 0 0 0 1 0 0 0 1 1.26 0.92 0.93</i>
                <i>1 0 0 0 1 0 0 0 1 1.26 0.92 0.93</i>
                <i>1 0 0 0 1 0 0 0 1 1.26 0.92 0.93</i>
                <i>1 0 0 0 1 0 0 0 1 1.26 0.92 0.93</i>
                <i>1 0 0 0 1 0 0 0 1 1.26 0.92 0.93</i>
                <i>1 0 0 0 1 0 0 0 1 1.26 0.92 0.93</i>
                <i>1 0 0 0 1 0 0 0 1 1.26 0.92 0.93</i>
                <i>1 0 0 0 1 0 0 0 1 1.26 0.92 0.93</i>
                <i>1 0 0 0 1 0 0 0 1 1.26 0.92 0.93</i>
                <i>1 0 0 0 1 0 0 0 1 1.26 0.92 0.93</i>
                <i>1 0 0 0 1 0 0 0 1 1.26 0.92 0.93</i>
                <i>1 0 0 0 1 0 0 0 1 1.26 0.92 0.93</i>
                <i>1 0 0 0 1 0 0 0 1 1.26 0.92 0.93</i>
                <i>1 0 0 0 1 0 0 0 1 1.26 0.92 0.93</i>
                <i>1 0 0 0 1 0 0 0 1 1.26 0.92 0.93</i>
                <i>1 0 0 0 1 0 0 0 1 1.26 0.92 0.93</i>
                <i>1 0 0 0 1 0 0 0 1 1.26 0.92 0.93</i>
                <i>1 0 0 0 1 0 0 0 1 1.26 0.92 0.93</i>
                <i>1 0 0 0 1 0 0 0 1 1.26 0.92 0.93</i>
                <i>1 0 0 0 1 0 0 0 1 1.26 0.92 0.93</i>
                <i>1 0 0 0 1 0 0 0 1 1.26 0.92 0.93</i>
                <i>1 0 0 0 1 0 0 0 1 1.26 0.92 0.93</i>
                <i>1 0 0 0 1 0 0 0 1 1.26 0.92 0.93</i>
                <i>1 0 0 0 1 0 0 0 1 1.26 0.92 0.93</i>
                <i>1 0 0 0 1 0 0 0 1 1.26 0.92 0.93</i>
                <i>1 0 0 0 1 0 0 0 1 1.26 0.92 0.93</i>
                <i>1 0 0 0 1 0 0 0 1 1.26 0.92 0.93</i>
                <i>1 0 0 0 1 0 0 0 1 1.26 0.92 0.93</i>
                <i>1 0 0 0 1 0 0 0 1 1.26 0.92 0.93</i>
                <i>1 0 0 0 1 0 0 0 1 1.26 0.92 0.93</i>
                <i>1 0 0 0 1 0 0 0 1 1.26 0.92 0.93</i>
                <i>1 0 0 0 1 0 0 0 1 1.26 0.92 0.93</i>
                <i>1 0 0 0 1 0 0 0 1 1.26 0.92 0.93</i>
                <i>1 0 0 0 1 0 0 0 1 1.26 0.92 0.93</i>
                <i>1 0 0 0 1 0 0 0 1 1.26 0.92 0.93</i>
                <i>1 0 0 0 1 0 0 0 1 1.26 0.92 0.93</i>
                <i>1 0 0 0 1 0 0 0 1 1.26 0.92 0.93</i>
                <i>1 0 0 0 1 0 0 0 1 1.26 0.92 0.93</i>
                <i>1 0 0 0 1 0 0 0 1 1.26 0.92 0.93</i>
                <i>1 0 0 0 1 0 0 0 1 1.26 0.92 0.93</i>
                <i>1 0 0 0 1 0 0 0 1 1.26 0.92 0.93</i>
                <i>1 0 0 0 1 0 0 0 1 1.26 0.92 0.93</i>
            </KeyFrames>
        </RefFrame>
        <Bones count="23">
            <i>
                <p>
                    <Name><![CDATA[pelvis]]></Name>
                    <Exclude>0</Exclude>
                    <Additive>0</Additive>
                    <IKPriority>0</IKPriority>
                    <IKRotLimits>-1e+010 -1e+010 -1e+010 1e+010 1e+010 1e+010</IKRotLimits>
                    <IKRotLimitOrder>2</IKRotLimitOrder>
                    <KeyFrames count="160">
                        <i>1 0 0 0 1 0 0 0 1 1.22306 1.98588 0.565623</i>
                        <i>1 0 0 0 1 0 0 0 1 1.22562 1.98137 0.561002</i>
                        <i>1 0 0 0 1 0 0 0 1 1.23548 1.97252 0.553299</i>
                        <i>1 0 0 0 1 0 0 0 1 1.25586 1.96638 0.551759</i>
                        <i>1 0 0 0 1 0 0 0 1 1.29 1.97 0.565623</i>
                        <i>1 0 0 0 1 0 0 0 1 1.34153 1.9883 0.604056</i>
                        <i>1 0 0 0 1 0 0 0 1 1.40655 2.01644 0.660215</i>
                        <i>1 0 0 0 1 0 0 0 1 1.477 2.04677 0.719343</i>
                        <i>1 0 0 0 1 0 0 0 1 1.54483 2.07166 0.766676</i>
                        <i>1 0 0 0 1 0 0 0 1 1.60197 2.08347 0.787456</i>
                        <i>1 0 0 0 1 0 0 0 1 1.64921 2.07663 0.771161</i>
                        <i>1 0 0 0 1 0 0 0 1 1.69189 2.05623 0.727633</i>
                        <i>1 0 0 0 1 0 0 0 1 1.72889 2.03063 0.67265</i>
                        <i>1 0 0 0 1 0 0 0 1 1.75905 2.0082 0.621995</i>
                        <i>1 0 0 0 1 0 0 0 1 1.78123 1.99729 0.591446</i>
                        <i>1 0 0 0 1 0 0 0 1 1.79249 2.00156 0.586236</i>
                        <i>1 0 0 0 1 0 0 0 1 1.79361 2.01542 0.595844</i>
                        <i>1 0 0 0 1 0 0 0 1 1.78898 2.03341 0.612423</i>
                        <i>1 0 0 0 1 0 0 0 1 1.78298 2.05009 0.628125</i>
                        <i>1 0 0 0 1 0 0 0 1 1.78 2.06 0.635104</i>
                        <i>1 0 0 0 1 0 0 0 1 1.78 2.06414 0.635109</i>
                        <i>1 0 0 0 1 0 0 0 1 1.77999 2.06721 0.635125</i>
                        <i>1 0 0 0 1 0 0 0 1 1.77998 2.06933 0.635148</i>
                        <i>1 0 0 0 1 0 0 0 1 1.77996 2.07064 0.635176</i>
                        <i>1 0 0 0 1 0 0 0 1 1.77995 2.07124 0.635207</i>
                        <i>1 0 0 0 1 0 0 0 1 1.77993 2.07126 0.635238</i>
                        <i>1 0 0 0 1 0 0 0 1 1.77992 2.07082 0.635266</i>
                        <i>1 0 0 0 1 0 0 0 1 1.77991 2.07004 0.635289</i>
                        <i>1 0 0 0 1 0 0 0 1 1.7799 2.06904 0.635305</i>
                        <i>1 0 0 0 1 0 0 0 1 1.7799 2.06794 0.63531</i>
                        <i>1 0 0 0 1 0 0 0 1 1.77987 2.06662 0.635342</i>
                        <i>1 0 0 0 1 0 0 0 1 1.77981 2.06498 0.635425</i>
                        <i>1 0 0 0 1 0 0 0 1 1.77972 2.06313 0.635544</i>
                        <i>1 0 0 0 1 0 0 0 1 1.77962 2.06121 0.635682</i>
                        <i>1 0 0 0 1 0 0 0 1 1.77952 2.05934 0.635822</i>
                        <i>1 0 0 0 1 0 0 0 1 1.77944 2.05767 0.635949</i>
                        <i>1 0 0 0 1 0 0 0 1 1.77939 2.05631 0.636046</i>
                        <i>1 0 0 0 1 0 0 0 1 1.77938 2.0554 0.636096</i>
                        <i>1 0 0 0 1 0 0 0 1 1.77944 2.05507 0.636084</i>
                        <i>1 0 0 0 1 0 0 0 1 1.77957 2.05545 0.635993</i>
                        <i>1 0 0 0 1 0 0 0 1 1.77976 2.05677 0.635821</i>
                        <i>1 0 0 0 1 0 0 0 1 1.78001 2.05904 0.635582</i>
                        <i>1 0 0 0 1 0 0 0 1 1.78031 2.06202 0.635288</i>
                        <i>1 0 0 0 1 0 0 0 1 1.78064 2.06548 0.634949</i>
                        <i>1 0 0 0 1 0 0 0 1 1.78102 2.0692 0.634574</i>
                        <i>1 0 0 0 1 0 0 0 1 1.78142 2.07293 0.634174</i>
                        <i>1 0 0 0 1 0 0 0 1 1.78185 2.07645 0.633759</i>
                        <i>1 0 0 0 1 0 0 0 1 1.7823 2.07952 0.63334</i>
                        <i>1 0 0 0 1 0 0 0 1 1.78277 2.08192 0.632925</i>
                        <i>1 0 0 0 1 0 0 0 1 1.78325 2.08342 0.632527</i>
                        <i>1 0 0 0 1 0 0 0 1 1.78375 2.08402 0.63214</i>
                        <i>1 0 0 0 1 0 0 0 1 1.78428 2.08399 0.631752</i>
                        <i>1 0 0 0 1 0 0 0 1 1.78485 2.08344 0.631361</i>
                        <i>1 0 0 0 1 0 0 0 1 1.78543 2.08248 0.630962</i>
                        <i>1 0 0 0 1 0 0 0 1 1.78604 2.08124 0.630554</i>
                        <i>1 0 0 0 1 0 0 0 1 1.78667 2.07982 0.630133</i>
                        <i>1 0 0 0 1 0 0 0 1 1.7873 2.07834 0.629696</i>
                        <i>1 0 0 0 1 0 0 0 1 1.78795 2.07692 0.629239</i>
                        <i>1 0 0 0 1 0 0 0 1 1.7886 2.07567 0.628759</i>
                        <i>1 0 0 0 1 0 0 0 1 1.78924 2.07471 0.628254</i>
                        <i>1 0 0 0 1 0 0 0 1 1.78993 2.07391 0.627715</i>
                        <i>1 0 0 0 1 0 0 0 1 1.79067 2.07305 0.627141</i>
                        <i>1 0 0 0 1 0 0 0 1 1.79145 2.07217 0.626544</i>
                        <i>1 0 0 0 1 0 0 0 1 1.79225 2.07131 0.625935</i>
                        <i>1 0 0 0 1 0 0 0 1 1.79306 2.07048 0.625325</i>
                        <i>1 0 0 0 1 0 0 0 1 1.79386 2.06972 0.624725</i>
                        <i>1 0 0 0 1 0 0 0 1 1.79463 2.06906 0.624146</i>
                        <i>1 0 0 0 1 0 0 0 1 1.79535 2.06852 0.623598</i>
                        <i>1 0 0 0 1 0 0 0 1 1.79601 2.06814 0.623094</i>
                        <i>1 0 0 0 1 0 0 0 1 1.79658 2.06795 0.622643</i>
                        <i>1 0 0 0 1 0 0 0 1 1.79713 2.06789 0.622212</i>
                        <i>1 0 0 0 1 0 0 0 1 1.79774 2.0679 0.621763</i>
                        <i>1 0 0 0 1 0 0 0 1 1.7984 2.06796 0.621301</i>
                        <i>1 0 0 0 1 0 0 0 1 1.79909 2.06808 0.620831</i>
                        <i>1 0 0 0 1 0 0 0 1 1.7998 2.06825 0.62036</i>
                        <i>1 0 0 0 1 0 0 0 1 1.80053 2.06846 0.619893</i>
                        <i>1 0 0 0 1 0 0 0 1 1.80125 2.0687 0.619436</i>
                        <i>1 0 0 0 1 0 0 0 1 1.80197 2.06897 0.618994</i>
                        <i>1 0 0 0 1 0 0 0 1 1.80267 2.06926 0.618573</i>
                        <i>1 0 0 0 1 0 0 0 1 1.80334 2.06956 0.618179</i>
                        <i>1 0 0 0 1 0 0 0 1 1.80397 2.06987 0.617817</i>
                        <i>1 0 0 0 1 0 0 0 1 1.80454 2.07018 0.617493</i>
                        <i>1 0 0 0 1 0 0 0 1 1.80505 2.07049 0.617213</i>
                        <i>1 0 0 0 1 0 0 0 1 1.80549 2.07078 0.616982</i>
                        <i>1 0 0 0 1 0 0 0 1 1.80585 2.07106 0.616806</i>
                        <i>1 0 0 0 1 0 0 0 1 1.80611 2.0713 0.61669</i>
                        <i>1 0 0 0 1 0 0 0 1 1.80626 2.07152 0.616641</i>
                        <i>1 0 0 0 1 0 0 0 1 1.8063 2.0717 0.616664</i>
                        <i>1 0 0 0 1 0 0 0 1 1.80621 2.07183 0.616764</i>
                        <i>1 0 0 0 1 0 0 0 1 1.80598 2.07191 0.616947</i>
                        <i>1 0 0 0 1 0 0 0 1 1.80578 2.07196 0.617064</i>
                        <i>1 0 0 0 1 0 0 0 1 1.80576 2.072 0.616978</i>
                        <i>1 0 0 0 1 0 0 0 1 1.80591 2.07203 0.616709</i>
                        <i>1 0 0 0 1 0 0 0 1 1.80621 2.07206 0.616278</i>
                        <i>1 0 0 0 1 0 0 0 1 1.80663 2.07207 0.615705</i>
                        <i>1 0 0 0 1 0 0 0 1 1.80716 2.07207 0.61501</i>
                        <i>1 0 0 0 1 0 0 0 1 1.80778 2.07206 0.614216</i>
                        <i>1 0 0 0 1 0 0 0 1 1.80846 2.07204 0.613341</i>
                        <i>1 0 0 0 1 0 0 0 1 1.80919 2.07199 0.612408</i>
                        <i>1 0 0 0 1 0 0 0 1 1.80995 2.07193 0.611436</i>
                        <i>1 0 0 0 1 0 0 0 1 1.81072 2.07185 0.610446</i>
                        <i>1 0 0 0 1 0 0 0 1 1.81147 2.07175 0.609459</i>
                        <i>1 0 0 0 1 0 0 0 1 1.81219 2.07162 0.608496</i>
                        <i>1 0 0 0 1 0 0 0 1 1.81286 2.07148 0.607577</i>
                        <i>1 0 0 0 1 0 0 0 1 1.81346 2.0713 0.606723</i>
                        <i>1 0 0 0 1 0 0 0 1 1.81397 2.0711 0.605954</i>
                        <i>1 0 0 0 1 0 0 0 1 1.81437 2.07087 0.605292</i>
                        <i>1 0 0 0 1 0 0 0 1 1.81464 2.07061 0.604757</i>
                        <i>1 0 0 0 1 0 0 0 1 1.81475 2.07032 0.604369</i>
                        <i>1 0 0 0 1 0 0 0 1 1.8147 2.07 0.60415</i>
                        <i>1 0 0 0 1 0 0 0 1 1.81446 2.06954 0.604119</i>
                        <i>1 0 0 0 1 0 0 0 1 1.814 2.06886 0.604298</i>
                        <i>1 0 0 0 1 0 0 0 1 1.81332 2.06801 0.604708</i>
                        <i>1 0 0 0 1 0 0 0 1 1.81239 2.06703 0.605368</i>
                        <i>1 0 0 0 1 0 0 0 1 1.81118 2.06596 0.6063</i>
                        <i>1 0 0 0 1 0 0 0 1 1.80969 2.06485 0.607524</i>
                        <i>1 0 0 0 1 0 0 0 1 1.80789 2.06373 0.609061</i>
                        <i>1 0 0 0 1 0 0 0 1 1.80576 2.06267 0.610932</i>
                        <i>1 0 0 0 1 0 0 0 1 1.80329 2.06168 0.613157</i>
                        <i>1 0 0 0 1 0 0 0 1 1.80044 2.06083 0.615757</i>
                        <i>1 0 0 0 1 0 0 0 1 1.79721 2.06015 0.618752</i>
                        <i>1 0 0 0 1 0 0 0 1 1.79357 2.05968 0.622164</i>
                        <i>1 0 0 0 1 0 0 0 1 1.7895 2.05947 0.626013</i>
                        <i>1 0 0 0 1 0 0 0 1 1.78498 2.05956 0.630319</i>
                        <i>1 0 0 0 1 0 0 0 1 1.78 2.06 0.635104</i>
                        <i>1 0 0 0 1 0 0 0 1 1.76547 2.06418 0.658474</i>
                        <i>1 0 0 0 1 0 0 0 1 1.73536 2.07268 0.7065</i>
                        <i>1 0 0 0 1 0 0 0 1 1.69422 2.08135 0.761149</i>
                        <i>1 0 0 0 1 0 0 0 1 1.64659 2.086 0.804384</i>
                        <i>1 0 0 0 1 0 0 0 1 1.59704 2.08248 0.818171</i>
                        <i>1 0 0 0 1 0 0 0 1 1.53975 2.06724 0.791459</i>
                        <i>1 0 0 0 1 0 0 0 1 1.47169 2.04305 0.736271</i>
                        <i>1 0 0 0 1 0 0 0 1 1.40158 2.01524 0.669184</i>
                        <i>1 0 0 0 1 0 0 0 1 1.33811 1.98912 0.606776</i>
                        <i>1 0 0 0 1 0 0 0 1 1.29 1.97 0.565623</i>
                        <i>1 0 0 0 1 0 0 0 1 1.25889 1.95844 0.54989</i>
                        <i>1 0 0 0 1 0 0 0 1 1.23898 1.9509 0.548524</i>
                        <i>1 0 0 0 1 0 0 0 1 1.2278 1.94655 0.555281</i>
                        <i>1 0 0 0 1 0 0 0 1 1.2229 1.94454 0.563914</i>
                        <i>1 0 0 0 1 0 0 0 1 1.22181 1.94406 0.56818</i>
                        <i>1 0 0 0 1 0 0 0 1 1.22184 1.94523 0.568109</i>
                        <i>1 0 0 0 1 0 0 0 1 1.22194 1.94841 0.567914</i>
                        <i>1 0 0 0 1 0 0 0 1 1.22208 1.95309 0.567628</i>
                        <i>1 0 0 0 1 0 0 0 1 1.22225 1.95878 0.56728</i>
                        <i>1 0 0 0 1 0 0 0 1 1.22243 1.96497 0.566902</i>
                        <i>1 0 0 0 1 0 0 0 1 1.22262 1.97116 0.566523</i>
                        <i>1 0 0 0 1 0 0 0 1 1.22279 1.97685 0.566176</i>
                        <i>1 0 0 0 1 0 0 0 1 1.22293 1.98153 0.565889</i>
                        <i>1 0 0 0 1 0 0 0 1 1.22302 1.98471 0.565695</i>
                        <i>1 0 0 0 1 0 0 0 1 1.22306 1.98588 0.565623</i>
                        <i>1 0 0 0 1 0 0 0 1 1.22306 1.98588 0.565623</i>
                        <i>1 0 0 0 1 0 0 0 1 1.22306 1.98588 0.565623</i>
                        <i>1 0 0 0 1 0 0 0 1 1.22306 1.98588 0.565623</i>
                        <i>1 0 0 0 1 0 0 0 1 1.22306 1.98588 0.565623</i>
                        <i>1 0 0 0 1 0 0 0 1 1.22306 1.98588 0.565623</i>
                        <i>1 0 0 0 1 0 0 0 1 1.22306 1.98588 0.565623</i>
                        <i>1 0 0 0 1 0 0 0 1 1.22306 1.98588 0.565623</i>
                        <i>1 0 0 0 1 0 0 0 1 1.22306 1.98588 0.565623</i>
                        <i>1 0 0 0 1 0 0 0 1 1.22306 1.98588 0.565623</i>
                        <i>1 0 0 0 1 0 0 0 1 1.22306 1.98588 0.565623</i>
                    </KeyFrames>
                </p>
            </i>
            <i>
                <p>
                    <Name><![CDATA[spine0]]></Name>
                    <Exclude>0</Exclude>
                    <Additive>0</Additive>
                    <IKPriority>0</IKPriority>
                    <IKRotLimits>-1e+010 -1e+010 -1e+010 1e+010 1e+010 1e+010</IKRotLimits>
                    <IKRotLimitOrder>0</IKRotLimitOrder>
                    <KeyFrames count="160">
                        <i>0.0463595 0.997022 -0.0616287 -0.787099 -0.00152913 -0.616825 -0.615082 0.0771036 0.784684 1.27329 2.11212 0.518329</i>
                        <i>0.0469865 0.997041 -0.0608405 -0.776953 -0.00180153 -0.629556 -0.627803 0.0768508 0.774569 1.27643 2.10763 0.514386</i>
                        <i>0.0482903 0.997123 -0.0584207 -0.749707 -0.00246429 -0.661765 -0.660006 0.0757553 0.747431 1.28776 2.09885 0.508558</i>
                        <i>0.0495746 0.997279 -0.0545525 -0.709992 -0.00322718 -0.704203 -0.702463 0.0736424 0.7079 1.31016 2.09284 0.509858</i>
                        <i>0.0509948 0.997442 -0.0500803 -0.66341 -0.00365138 -0.748247 -0.746517 0.0713805 0.661527 1.34654 2.09659 0.527246</i>
                        <i>0.0638826 0.996687 -0.0503419 -0.607511 -0.00118165 -0.79431 -0.791738 0.0813258 0.605423 1.40017 2.11515 0.569869</i>
                        <i>0.091305 0.994372 -0.0537447 -0.537073 0.00372324 -0.843528 -0.83858 0.105883 0.53439 1.46678 2.14376 0.630929</i>
                        <i>0.120516 0.991248 -0.0538877 -0.455694 0.00701398 -0.890109 -0.881941 0.131829 0.45255 1.53812 2.17478 0.695372</i>
                        <i>0.141015 0.988766 -0.0495618 -0.36799 0.00587489 -0.929811 -0.919075 0.149355 0.364685 1.60606 2.20051 0.748106</i>
                        <i>0.147405 0.988118 -0.0435199 -0.279163 -0.000647449 -0.960244 -0.948862 0.153694 0.27575 1.66259 2.21325 0.774043</i>
                        <i>0.140861 0.989258 -0.0390722 -0.194576 -0.0110333 -0.980825 -0.97072 0.145763 0.190932 1.70864 2.20735 0.762367</i>
                        <i>0.126789 0.991224 -0.0374025 -0.119636 -0.0221505 -0.992571 -0.984689 0.130321 0.115777 1.74985 2.18781 0.722683</i>
                        <i>0.108279 0.993374 -0.0385113 -0.0598017 -0.0321603 -0.997692 -0.99232 0.110332 0.0559231 1.7854 2.16291 0.670599</i>
                        <i>0.0890535 0.995164 -0.0414449 -0.0203118 -0.0397871 -0.999002 -0.99582 0.0898064 0.0166703 1.81447 2.14095 0.621768</i>
                        <i>0.0741231 0.996258 -0.0444471 -0.00615309 -0.044112 -0.999008 -0.99723 0.074323 0.00286036 1.83623 2.13023 0.591858</i>
                        <i>0.0679365 0.996595 -0.0467275 -0.00627415 -0.046408 -0.998903 -0.99767 0.0681552 0.00309999 1.84749 2.13449 0.586648</i>
                        <i>0.068608 0.996451 -0.0487676 -0.00638145 -0.0484434 -0.998806 -0.997623 0.0688373 0.00303519 1.84861 2.14835 0.596256</i>
                        <i>0.0727625 0.996074 -0.0504117 -0.00646736 -0.0500734 -0.998725 -0.997328 0.0729958 0.00279851 1.84398 2.16634 0.612835</i>
                        <i>0.0773724 0.995671 -0.0515061 -0.00652432 -0.0511542 -0.998669 -0.996981 0.0776055 0.00253816 1.83797 2.18302 0.628538</i>
                        <i>0.0795608 0.995478 -0.0519033 -0.00654495 -0.0515456 -0.998649 -0.996809 0.079793 0.00241435 1.835 2.19293 0.635516</i>
                        <i>0.0795236 0.995481 -0.0519047 -0.00654502 -0.051547 -0.998649 -0.996812 0.0797559 0.00241624 1.835 2.19707 0.635521</i>
                        <i>0.0794226 0.995489 -0.0519083 -0.00654523 -0.0515509 -0.998649 -0.99682 0.079655 0.0024214 1.83499 2.20014 0.635537</i>
                        <i>0.0792737 0.9955 -0.0519138 -0.00654554 -0.0515567 -0.998649 -0.996831 0.0795063 0.00242899 1.83498 2.20227 0.63556</i>
                        <i>0.0790929 0.995514 -0.0519203 -0.00654591 -0.0515637 -0.998648 -0.996846 0.0793258 0.00243822 1.83496 2.20357 0.635589</i>
                        <i>0.0788961 0.995529 -0.0519275 -0.00654631 -0.0515714 -0.998648 -0.996861 0.0791294 0.00244826 1.83495 2.20417 0.635619</i>
                        <i>0.0801971 0.995439 -0.0516604 -0.00653208 -0.0513014 -0.998662 -0.996758 0.0804273 0.00238807 1.83493 2.20419 0.63565</i>
                        <i>0.0835671 0.995196 -0.051011 -0.00649748 -0.0506448 -0.998696 -0.996481 0.0837895 0.00223402 1.83492 2.20375 0.635678</i>
                        <i>0.0876165 0.994887 -0.0502299 -0.00645589 -0.0498557 -0.998736 -0.996133 0.08783 0.0020547 1.83491 2.20297 0.635701</i>
                        <i>0.0909986 0.994616 -0.0495719 -0.00642088 -0.0491914 -0.998769 -0.99583 0.0912049 0.00190996 1.8349 2.20197 0.635717</i>
                        <i>0.0924124 0.9945 -0.0492952 -0.00640616 -0.0489122 -0.998783 -0.9957 0.0926157 0.00185083 1.8349 2.20087 0.635723</i>
                        <i>0.0967143 0.994086 -0.049381 -0.00641028 -0.0489905 -0.998779 -0.995292 0.0969127 0.0016343 1.83487 2.19956 0.635754</i>
                        <i>0.106358 0.993086 -0.0496884 -0.00642577 -0.0492844 -0.998764 -0.994307 0.106546 0.00113957 1.83481 2.19791 0.635837</i>
                        <i>0.116462 0.991921 -0.0502912 -0.00645709 -0.0498786 -0.998734 -0.993174 0.116639 0.00059598 1.83472 2.19606 0.635956</i>
                        <i>0.122253 0.991174 -0.0512579 -0.00650796 -0.0508436 -0.998685 -0.992478 0.122426 0.000234723 1.83462 2.19414 0.636094</i>
                        <i>0.11907 0.991489 -0.0526469 -0.00658127 -0.0522348 -0.998613 -0.992864 0.119252 0.000305636 1.83452 2.19228 0.636234</i>
                        <i>0.109996 0.992452 -0.0542295 -0.00666495 -0.0538229 -0.998528 -0.99391 0.110196 0.000694337 1.83444 2.1906 0.636361</i>
                        <i>0.101675 0.993259 -0.0556626 -0.00674085 -0.0552634 -0.998449 -0.994795 0.101892 0.00107651 1.83439 2.18925 0.636458</i>
                        <i>0.0948534 0.993868 -0.0568324 -0.00680291 -0.0564413 -0.998383 -0.995468 0.0950867 0.00140754 1.83438 2.18834 0.636509</i>
                        <i>0.0902869 0.994247 -0.0576336 -0.00684546 -0.057249 -0.998336 -0.995892 0.0905312 0.00163724 1.83444 2.18801 0.636496</i>
                        <i>0.0887229 0.994368 -0.0579645 -0.00686302 -0.0575824 -0.998317 -0.996033 0.0889714 0.00171549 1.83456 2.18838 0.636405</i>
                        <i>0.0890613 0.994336 -0.058005 -0.00686512 -0.0576222 -0.998315 -0.996002 0.0893094 0.00169432 1.83476 2.18971 0.636233</i>
                        <i>0.0896968 0.994279 -0.0580043 -0.00686502 -0.0576204 -0.998315 -0.995945 0.0899439 0.00165737 1.83501 2.19197 0.635994</i>
                        <i>0.0906077 0.994199 -0.0579623 -0.00686273 -0.057577 -0.998317 -0.995863 0.0908531 0.001606 1.83531 2.19495 0.6357</i>
                        <i>0.0917721 0.994097 -0.0578787 -0.00685824 -0.0574916 -0.998322 -0.995756 0.0920151 0.00154162 1.83564 2.19842 0.635361</i>
                        <i>0.0931677 0.993974 -0.0577534 -0.00685153 -0.0573642 -0.99833 -0.995627 0.0934078 0.00146574 1.83601 2.20213 0.634986</i>
                        <i>0.0947725 0.993832 -0.0575857 -0.00684258 -0.0571944 -0.99834 -0.995475 0.0950092 0.00137992 1.83642 2.20586 0.634586</i>
                        <i>0.0965639 0.993672 -0.0573753 -0.00683137 -0.0569817 -0.998352 -0.995303 0.0967967 0.00128577 1.83685 2.20938 0.634172</i>
                        <i>0.0985192 0.993494 -0.0571215 -0.00681788 -0.0567255 -0.998367 -0.995112 0.0987477 0.00118498 1.8373 2.21245 0.633752</i>
                        <i>0.100615 0.993301 -0.0568235 -0.00680206 -0.0564252 -0.998384 -0.994902 0.100839 0.00107926 1.83777 2.21485 0.633337</i>
                        <i>0.102829 0.993094 -0.0564805 -0.00678387 -0.05608 -0.998403 -0.994676 0.103048 0.00097038 1.83825 2.21635 0.632939</i>
                        <i>0.105096 0.992879 -0.056093 -0.00676335 -0.0556904 -0.998425 -0.994439 0.10531 0.00086234 1.83875 2.21695 0.632552</i>
                        <i>0.107416 0.992655 -0.0556592 -0.00674039 -0.0552547 -0.99845 -0.994191 0.107625 0.000755637 1.83928 2.21692 0.632164</i>
                        <i>0.10986 0.992415 -0.0551746 -0.00671477 -0.0547683 -0.998477 -0.993924 0.110063 0.000647004 1.83984 2.21637 0.631773</i>
                        <i>0.112496 0.992149 -0.0546346 -0.00668622 -0.0542266 -0.998506 -0.99363 0.112694 0.000533435 1.84043 2.21542 0.631375</i>
                        <i>0.115395 0.991849 -0.0540347 -0.00665452 -0.0536249 -0.998539 -0.993297 0.115586 0.000412236 1.84104 2.21417 0.630966</i>
                        <i>0.118623 0.991504 -0.0533699 -0.00661941 -0.0529586 -0.998575 -0.992917 0.118807 0.00028108 1.84166 2.21275 0.630545</i>
                        <i>0.122246 0.991103 -0.0526355 -0.00658064 -0.0522227 -0.998614 -0.992478 0.122423 0.000138067 1.8423 2.21127 0.630108</i>
                        <i>0.126329 0.990634 -0.0518267 -0.00653795 -0.0514127 -0.998656 -0.991967 0.126498 -1.8213e-005 1.84295 2.20985 0.629651</i>
                        <i>0.130935 0.990081 -0.0509385 -0.00649109 -0.0505235 -0.998702 -0.99137 0.131096 -0.000188603 1.84359 2.2086 0.629172</i>
                        <i>0.136125 0.989431 -0.0499659 -0.00643981 -0.0495506 -0.998751 -0.990671 0.136276 -0.000373312 1.84424 2.20765 0.628667</i>
                        <i>0.1435 0.988659 -0.0442767 -0.00613926 -0.0438496 -0.999019 -0.989631 0.143631 -0.000222779 1.84492 2.20684 0.628127</i>
                        <i>0.153029 0.987706 -0.0319261 -0.00548552 -0.0314571 -0.99949 -0.988206 0.153126 0.000604213 1.84567 2.20598 0.627553</i>
                        <i>0.162386 0.986577 -0.0172296 -0.00470557 -0.0166869 -0.99985 -0.986716 0.162442 0.0019327 1.84645 2.20511 0.626956</i>
                        <i>0.169435 0.985529 -0.00485122 -0.00404695 -0.00422661 -0.999983 -0.985533 0.169452 0.00327226 1.84725 2.20424 0.626347</i>
                        <i>0.172215 0.985059 0.000352303 -0.00376963 0.00101668 -0.999992 -0.985052 0.172213 0.0038884 1.84806 2.20341 0.625737</i>
                        <i>0.16869 0.985669 -0.000846319 -0.00383412 -0.000202436 -0.999993 -0.985662 0.168692 0.00374502 1.84886 2.20265 0.625137</i>
                        <i>0.160148 0.987086 -0.00371021 -0.00398799 -0.00311168 -0.999987 -0.987085 0.160161 0.00343816 1.84963 2.20199 0.624558</i>
                        <i>0.149709 0.988704 -0.00713172 -0.00417147 -0.00658134 -0.99997 -0.988721 0.149734 0.00313906 1.85035 2.20145 0.62401</i>
                        <i>0.140726 0.989998 -0.0100047 -0.00432526 -0.00949039 -0.999946 -0.990039 0.140761 0.00294646 1.85101 2.20107 0.623506</i>
                        <i>0.136732 0.990544 -0.0112531 -0.00439202 -0.0107535 -0.999933 -0.990598 0.136772 0.00288015 1.85158 2.20088 0.623055</i>
                        <i>0.136385 0.990591 -0.0113496 -0.00439719 -0.0108512 -0.999931 -0.990646 0.136425 0.00287588 1.85213 2.20082 0.622624</i>
                        <i>0.135969 0.990647 -0.0114669 -0.00440347 -0.01097 -0.99993 -0.990703 0.13601 0.0028707 1.85274 2.20083 0.622175</i>
                        <i>0.135484 0.990712 -0.0116054 -0.00441088 -0.0111102 -0.999929 -0.99077 0.135525 0.00286466 1.8534 2.2009 0.621713</i>
                        <i>0.13493 0.990785 -0.0117651 -0.00441942 -0.0112718 -0.999927 -0.990845 0.134972 0.00285779 1.85409 2.20102 0.621243</i>
                        <i>0.134308 0.990868 -0.0119461 -0.0044291 -0.011455 -0.999925 -0.99093 0.134351 0.00285015 1.8548 2.20119 0.620772</i>
                        <i>0.133618 0.990959 -0.0121485 -0.00443992 -0.0116598 -0.999922 -0.991023 0.133661 0.00284183 1.85553 2.20139 0.620305</i>
                        <i>0.132859 0.991058 -0.0123723 -0.00445189 -0.0118862 -0.999919 -0.991125 0.132903 0.0028329 1.85625 2.20164 0.619848</i>
                        <i>0.132032 0.991165 -0.0126176 -0.004465 -0.0121342 -0.999916 -0.991235 0.132077 0.00282345 1.85697 2.2019 0.619406</i>
                        <i>0.131137 0.991281 -0.0128841 -0.00447925 -0.0124038 -0.999913 -0.991354 0.131183 0.0028136 1.85767 2.20219 0.618985</i>
                        <i>0.130173 0.991404 -0.0131721 -0.00449463 -0.0126949 -0.999909 -0.991481 0.13022 0.00280346 1.85834 2.2025 0.618591</i>
                        <i>0.129141 0.991535 -0.0134813 -0.00451116 -0.0130076 -0.999905 -0.991616 0.12919 0.00279315 1.85896 2.20281 0.618229</i>
                        <i>0.128041 0.991673 -0.0138119 -0.00452882 -0.0133417 -0.999901 -0.991759 0.128091 0.00278282 1.85954 2.20312 0.617905</i>
                        <i>0.126872 0.991818 -0.0141637 -0.00454761 -0.0136973 -0.999896 -0.991909 0.126923 0.0027726 1.86005 2.20342 0.617625</i>
                        <i>0.125634 0.99197 -0.0145368 -0.00456753 -0.0140744 -0.999891 -0.992066 0.125686 0.00276264 1.86049 2.20371 0.617394</i>
                        <i>0.124327 0.992129 -0.0149311 -0.00458859 -0.0144728 -0.999885 -0.992231 0.124381 0.00275311 1.86085 2.20399 0.617218</i>
                        <i>0.12295 0.992294 -0.0153468 -0.00461078 -0.0148928 -0.999878 -0.992402 0.123006 0.00274418 1.8611 2.20424 0.617103</i>
                        <i>0.121504 0.992465 -0.0157838 -0.0046341 -0.0153342 -0.999872 -0.99258 0.121561 0.00273602 1.86126 2.20445 0.617053</i>
                        <i>0.119987 0.992643 -0.0162422 -0.00465857 -0.0157973 -0.999864 -0.992764 0.120047 0.00272882 1.8613 2.20463 0.617076</i>
                        <i>0.1184 0.992825 -0.0167223 -0.00468419 -0.0162821 -0.999856 -0.992955 0.118462 0.00272277 1.8612 2.20476 0.617176</i>
                        <i>0.116742 0.993013 -0.0172241 -0.00471096 -0.0167888 -0.999848 -0.993151 0.116806 0.00271808 1.86098 2.20484 0.617359</i>
                        <i>0.114484 0.993266 -0.0177556 -0.00473938 -0.0173268 -0.999839 -0.993414 0.11455 0.00272382 1.86077 2.20489 0.617477</i>
                        <i>0.111184 0.993631 -0.0183094 -0.00476913 -0.0178899 -0.999829 -0.993788 0.111252 0.00274969 1.86076 2.20493 0.617391</i>
                        <i>0.106969 0.994083 -0.0188645 -0.00479909 -0.018457 -0.999818 -0.994251 0.10704 0.00279638 1.86091 2.20496 0.617122</i>
                        <i>0.101967 0.994599 -0.0194022 -0.00482824 -0.0190089 -0.999808 -0.994776 0.102041 0.00286389 1.8612 2.20499 0.61669</i>
                        <i>0.0963078 0.995153 -0.0199059 -0.00485571 -0.0195289 -0.999798 -0.99534 0.096385 0.00295139 1.86163 2.205 0.616117</i>
                        <i>0.0901199 0.995723 -0.0203613 -0.00488074 -0.0200027 -0.999788 -0.995919 0.0902002 0.00305722 1.86216 2.20501 0.615423</i>
                        <i>0.0835322 0.996289 -0.0207561 -0.00490266 -0.0204177 -0.99978 -0.996493 0.0836155 0.00317893 1.86277 2.205 0.614628</i>
                        <i>0.0766739 0.996833 -0.0210801 -0.00492094 -0.0207638 -0.999772 -0.997044 0.0767602 0.00331332 1.86346 2.20497 0.613753</i>
                        <i>0.0696745 0.997342 -0.0213251 -0.00493511 -0.0210322 -0.999767 -0.997558 0.0697635 0.00345659 1.86419 2.20493 0.61282</i>
                        <i>0.0626636 0.997803 -0.0214843 -0.00494482 -0.0212159 -0.999763 -0.998022 0.0627549 0.00360449 1.86495 2.20486 0.611848</i>
                        <i>0.0557711 0.998211 -0.0215523 -0.00494975 -0.0213092 -0.999761 -0.998431 0.0558644 0.00375245 1.86571 2.20478 0.610858</i>
                        <i>0.0491273 0.998561 -0.0215251 -0.00494965 -0.0213074 -0.999761 -0.99878 0.049222 0.00389575 1.86647 2.20468 0.609871</i>
                        <i>0.0428628 0.998852 -0.0213991 -0.00494432 -0.0212065 -0.999763 -0.999069 0.0429585 0.00402967 1.86719 2.20456 0.608908</i>
                        <i>0.0371087 0.999087 -0.0211717 -0.00493357 -0.0210029 -0.999767 -0.999299 0.0372046 0.00414967 1.86786 2.20441 0.607989</i>
                        <i>0.0319963 0.999271 -0.0208399 -0.0049172 -0.020693 -0.999774 -0.999476 0.0320915 0.00425151 1.86846 2.20424 0.607135</i>
                        <i>0.0278993 0.999403 -0.0203851 -0.00489413 -0.0202563 -0.999783 -0.999599 0.027993 0.00432607 1.86897 2.20403 0.606367</i>
                        <i>0.0250574 0.999489 -0.0198228 -0.00486511 -0.0197068 -0.999794 -0.999674 0.0251487 0.00436882 1.86937 2.20381 0.605704</i>
                        <i>0.0233999 0.999542 -0.019206 -0.00483295 -0.019098 -0.999806 -0.999714 0.0234882 0.00438384 1.86964 2.20355 0.605169</i>
                        <i>0.0228547 0.999566 -0.0185889 -0.0048005 -0.0184838 -0.999818 -0.999727 0.0229398 0.00437598 1.86975 2.20326 0.604781</i>
                        <i>0.023348 0.999565 -0.0180211 -0.00477042 -0.0179144 -0.999828 -0.999716 0.02343 0.00435008 1.8697 2.20293 0.604562</i>
                        <i>0.0245039 0.999538 -0.0180091 -0.00476953 -0.0178974 -0.999828 -0.999688 0.0245856 0.00432876 1.86946 2.20247 0.604531</i>
                        <i>0.0259009 0.999485 -0.018957 -0.00481923 -0.0188383 -0.999811 -0.999653 0.0259873 0.00432882 1.869 2.20179 0.604711</i>
                        <i>0.027398 0.999409 -0.0207453 -0.00491325 -0.0206182 -0.999775 -0.999613 0.0274938 0.00434545 1.86832 2.20094 0.60512</i>
                        <i>0.0288587 0.999313 -0.0232424 -0.00504465 -0.0231062 -0.99972 -0.999571 0.0289678 0.00437437 1.86739 2.19996 0.60578</i>
                        <i>0.0301514 0.999199 -0.0263059 -0.00520593 -0.0261605 -0.999644 -0.999532 0.0302776 0.00441298 1.86618 2.19889 0.606712</i>
                        <i>0.0311508 0.999071 -0.0297846 -0.00538912 -0.0296308 -0.999546 -0.9995 0.0312972 0.00446109 1.86469 2.19778 0.607936</i>
                        <i>0.0317367 0.998934 -0.033521 -0.00558594 -0.0333601 -0.999428 -0.999481 0.0319058 0.00452125 1.86289 2.19667 0.609473</i>
                        <i>0.0317929 0.998796 -0.0373542 -0.00578794 -0.0371885 -0.999291 -0.999478 0.0319866 0.00459864 1.86076 2.1956 0.611344</i>
                        <i>0.0312049 0.998667 -0.0411246 -0.00598673 -0.0409572 -0.999143 -0.999495 0.0314243 0.00470068 1.85829 2.19462 0.613569</i>
