<?xml version="1.0" encoding="ISO-8859-1" ?>
<Animl Version="1">
    <ModellingPackage><![CDATA[Maya.2010]]></ModellingPackage>
    <SrcFile><![CDATA[anims\turrets\mortar\blue\~src\mortar_m29\mortar_m29_aim_high_crewman_b.mb]]></SrcFile>
    <FramesPerSecond>30</FramesPerSecond>
    <TotalFrames>30</TotalFrames>
    <Skeleton>
        <RefFrame>
            <Name><![CDATA[soldier_ref_frame]]></Name>
            <Exclude>0</Exclude>
            <Additive>0</Additive>
            <IKPriority>0</IKPriority>
            <IKRotLimits>-1e+010 -1e+010 -1e+010 1e+010 1e+010 1e+010</IKRotLimits>
            <IKRotLimitOrder>0</IKRotLimitOrder>
            <KeyFrames count="30">
                <i>1 0 0 0 1 0 0 0 1 -1.5 0.93 -1.56</i>
                <i>1 0 0 0 1 0 0 0 1 -1.5 0.93 -1.56</i>
                <i>1 0 0 0 1 0 0 0 1 -1.5 0.93 -1.56</i>
                <i>1 0 0 0 1 0 0 0 1 -1.5 0.93 -1.56</i>
                <i>1 0 0 0 1 0 0 0 1 -1.5 0.93 -1.56</i>
                <i>1 0 0 0 1 0 0 0 1 -1.5 0.93 -1.56</i>
                <i>1 0 0 0 1 0 0 0 1 -1.5 0.93 -1.56</i>
                <i>1 0 0 0 1 0 0 0 1 -1.5 0.93 -1.56</i>
                <i>1 0 0 0 1 0 0 0 1 -1.5 0.93 -1.56</i>
                <i>1 0 0 0 1 0 0 0 1 -1.5 0.93 -1.56</i>
                <i>1 0 0 0 1 0 0 0 1 -1.5 0.93 -1.56</i>
                <i>1 0 0 0 1 0 0 0 1 -1.5 0.93 -1.56</i>
                <i>1 0 0 0 1 0 0 0 1 -1.5 0.93 -1.56</i>
                <i>1 0 0 0 1 0 0 0 1 -1.5 0.93 -1.56</i>
                <i>1 0 0 0 1 0 0 0 1 -1.5 0.93 -1.56</i>
                <i>1 0 0 0 1 0 0 0 1 -1.5 0.93 -1.56</i>
                <i>1 0 0 0 1 0 0 0 1 -1.5 0.93 -1.56</i>
                <i>1 0 0 0 1 0 0 0 1 -1.5 0.93 -1.56</i>
                <i>1 0 0 0 1 0 0 0 1 -1.5 0.93 -1.56</i>
                <i>1 0 0 0 1 0 0 0 1 -1.5 0.93 -1.56</i>
                <i>1 0 0 0 1 0 0 0 1 -1.5 0.93 -1.56</i>
                <i>1 0 0 0 1 0 0 0 1 -1.5 0.93 -1.56</i>
                <i>1 0 0 0 1 0 0 0 1 -1.5 0.93 -1.56</i>
                <i>1 0 0 0 1 0 0 0 1 -1.5 0.93 -1.56</i>
                <i>1 0 0 0 1 0 0 0 1 -1.5 0.93 -1.56</i>
                <i>1 0 0 0 1 0 0 0 1 -1.5 0.93 -1.56</i>
                <i>1 0 0 0 1 0 0 0 1 -1.5 0.93 -1.56</i>
                <i>1 0 0 0 1 0 0 0 1 -1.5 0.93 -1.56</i>
                <i>1 0 0 0 1 0 0 0 1 -1.5 0.93 -1.56</i>
                <i>1 0 0 0 1 0 0 0 1 -1.5 0.93 -1.56</i>
            </KeyFrames>
        </RefFrame>
        <Bones count="23">
            <i>
                <p>
                    <Name><![CDATA[pelvis]]></Name>
                    <Exclude>0</Exclude>
                    <Additive>0</Additive>
                    <IKPriority>0</IKPriority>
                    <IKRotLimits>-1e+010 -1e+010 -1e+010 1e+010 1e+010 1e+010</IKRotLimits>
                    <IKRotLimitOrder>2</IKRotLimitOrder>
                    <KeyFrames count="30">
                        <i>1 0 0 0 1 0 0 0 1 -1.45387 1.81532 -1.61112</i>
                        <i>1 0 0 0 1 0 0 0 1 -1.45387 1.81606 -1.61112</i>
                        <i>1 0 0 0 1 0 0 0 1 -1.45387 1.81689 -1.61112</i>
                        <i>1 0 0 0 1 0 0 0 1 -1.45387 1.81779 -1.61112</i>
                        <i>1 0 0 0 1 0 0 0 1 -1.45387 1.8187 -1.61112</i>
                        <i>1 0 0 0 1 0 0 0 1 -1.45387 1.8196 -1.61112</i>
                        <i>1 0 0 0 1 0 0 0 1 -1.45387 1.82046 -1.61112</i>
                        <i>1 0 0 0 1 0 0 0 1 -1.45387 1.82124 -1.61112</i>
                        <i>1 0 0 0 1 0 0 0 1 -1.45387 1.8219 -1.61112</i>
                        <i>1 0 0 0 1 0 0 0 1 -1.45387 1.82242 -1.61112</i>
                        <i>1 0 0 0 1 0 0 0 1 -1.45387 1.82276 -1.61112</i>
                        <i>1 0 0 0 1 0 0 0 1 -1.45387 1.82288 -1.61112</i>
                        <i>1 0 0 0 1 0 0 0 1 -1.45387 1.82277 -1.61112</i>
                        <i>1 0 0 0 1 0 0 0 1 -1.45387 1.82248 -1.61112</i>
                        <i>1 0 0 0 1 0 0 0 1 -1.45387 1.82203 -1.61112</i>
                        <i>1 0 0 0 1 0 0 0 1 -1.45387 1.82145 -1.61112</i>
                        <i>1 0 0 0 1 0 0 0 1 -1.45387 1.82076 -1.61112</i>
                        <i>1 0 0 0 1 0 0 0 1 -1.45387 1.82 -1.61112</i>
                        <i>1 0 0 0 1 0 0 0 1 -1.45387 1.81919 -1.61112</i>
                        <i>1 0 0 0 1 0 0 0 1 -1.45387 1.81836 -1.61112</i>
                        <i>1 0 0 0 1 0 0 0 1 -1.45387 1.81755 -1.61112</i>
                        <i>1 0 0 0 1 0 0 0 1 -1.45387 1.81677 -1.61112</i>
                        <i>1 0 0 0 1 0 0 0 1 -1.45387 1.81606 -1.61112</i>
                        <i>1 0 0 0 1 0 0 0 1 -1.45387 1.81544 -1.61112</i>
                        <i>1 0 0 0 1 0 0 0 1 -1.45387 1.81495 -1.61112</i>
                        <i>1 0 0 0 1 0 0 0 1 -1.45387 1.81461 -1.61112</i>
                        <i>1 0 0 0 1 0 0 0 1 -1.45387 1.81444 -1.61112</i>
                        <i>1 0 0 0 1 0 0 0 1 -1.45387 1.81449 -1.61112</i>
                        <i>1 0 0 0 1 0 0 0 1 -1.45387 1.81477 -1.61112</i>
                        <i>1 0 0 0 1 0 0 0 1 -1.45387 1.81532 -1.61112</i>
                    </KeyFrames>
                </p>
            </i>
            <i>
                <p>
                    <Name><![CDATA[spine0]]></Name>
                    <Exclude>0</Exclude>
                    <Additive>0</Additive>
                    <IKPriority>0</IKPriority>
                    <IKRotLimits>-1e+010 -1e+010 -1e+010 1e+010 1e+010 1e+010</IKRotLimits>
                    <IKRotLimitOrder>0</IKRotLimitOrder>
                    <KeyFrames count="30">
                        <i>0.154731 0.966401 0.205249 -0.819677 0.00959605 0.572746 0.551533 -0.256859 0.793621 -1.46209 1.95894 -1.6108</i>
                        <i>0.155996 0.965874 0.206769 -0.819226 0.00956307 0.573391 0.551846 -0.258837 0.792761 -1.4611 1.95973 -1.60932</i>
                        <i>0.156998 0.965473 0.207878 -0.818839 0.00957691 0.573943 0.552136 -0.260327 0.792071 -1.46027 1.96058 -1.60809</i>
                        <i>0.157731 0.9652 0.208589 -0.818523 0.00962963 0.574394 0.552396 -0.261335 0.791557 -1.45962 1.96148 -1.60712</i>
                        <i>0.158191 0.965054 0.208916 -0.818283 0.00971372 0.574734 0.55262 -0.26187 0.791224 -1.45915 1.96239 -1.60642</i>
                        <i>0.158374 0.965034 0.20887 -0.818126 0.0098221 0.574956 0.5528 -0.26194 0.791075 -1.45886 1.96329 -1.606</i>
                        <i>0.158277 0.965137 0.208467 -0.818058 0.00994809 0.57505 0.552928 -0.261555 0.791113 -1.45878 1.96414 -1.60587</i>
                        <i>0.157901 0.96536 0.20772 -0.818086 0.0100852 0.575008 0.552995 -0.260727 0.79134 -1.4589 1.96492 -1.60605</i>
                        <i>0.157286 0.965678 0.206703 -0.818203 0.0102219 0.574838 0.552996 -0.259539 0.791729 -1.45921 1.96559 -1.60651</i>
                        <i>0.156513 0.966051 0.205546 -0.818395 0.0103416 0.574563 0.552932 -0.258145 0.79223 -1.45966 1.96611 -1.60719</i>
                        <i>0.155674 0.966423 0.20443 -0.818654 0.0104109 0.574192 0.552784 -0.256745 0.792787 -1.46024 1.96644 -1.60805</i>
                        <i>0.154833 0.966762 0.203465 -0.818971 0.0104135 0.57374 0.552552 -0.255466 0.793362 -1.46091 1.96655 -1.60905</i>
                        <i>0.154007 0.967066 0.202646 -0.819329 0.0103607 0.57323 0.552252 -0.254315 0.793941 -1.46165 1.96642 -1.61016</i>
                        <i>0.153214 0.967334 0.201966 -0.819711 0.0102636 0.572685 0.551905 -0.253297 0.794507 -1.46244 1.96609 -1.61133</i>
                        <i>0.152469 0.967566 0.201415 -0.820103 0.0101345 0.572126 0.551528 -0.252413 0.79505 -1.46323 1.96558 -1.61252</i>
                        <i>0.151783 0.967766 0.200974 -0.82049 0.00998674 0.571574 0.551143 -0.251653 0.795558 -1.46402 1.96493 -1.61369</i>
                        <i>0.15116 0.967938 0.200614 -0.820856 0.00983544 0.57105 0.550768 -0.250996 0.796025 -1.46477 1.96416 -1.61482</i>
                        <i>0.150602 0.968091 0.200298 -0.821189 0.00969735 0.570574 0.550425 -0.250412 0.796446 -1.46545 1.96332 -1.61584</i>
                        <i>0.150104 0.968234 0.199978 -0.821473 0.00959059 0.570166 0.550137 -0.249861 0.796818 -1.46605 1.96243 -1.61674</i>
                        <i>0.14966 0.96838 0.199603 -0.821697 0.00953405 0.569845 0.549923 -0.249296 0.797142 -1.46653 1.96153 -1.61746</i>
                        <i>0.149262 0.968541 0.19912 -0.821847 0.00954661 0.569628 0.549808 -0.24867 0.797418 -1.46687 1.96066 -1.61797</i>
                        <i>0.148983 0.968675 0.19868 -0.821917 0.00959892 0.569527 0.549779 -0.248148 0.7976 -1.46704 1.95985 -1.61824</i>
                        <i>0.148927 0.968718 0.198511 -0.821902 0.00964401 0.569547 0.549816 -0.247978 0.797627 -1.46703 1.95914 -1.61821</i>
                        <i>0.149039 0.968695 0.198537 -0.821821 0.0096874 0.569664 0.549907 -0.248064 0.797538 -1.46686 1.95855 -1.61796</i>
                        <i>0.149276 0.968625 0.198701 -0.821688 0.0097328 0.569854 0.550041 -0.248336 0.79736 -1.46658 1.9581 -1.61753</i>
                        <i>0.149702 0.968477 0.199103 -0.821487 0.00976902 0.570143 0.550225 -0.248912 0.797054 -1.46614 1.95783 -1.61688</i>
                        <i>0.150385 0.968218 0.199847 -0.821203 0.00978484 0.570553 0.550464 -0.249917 0.796575 -1.46552 1.95775 -1.61594</i>
                        <i>0.151398 0.967813 0.20104 -0.820818 0.00976892 0.571107 0.55076 -0.251482 0.795877 -1.46466 1.9579 -1.61465</i>
                        <i>0.152818 0.967222 0.2028 -0.820315 0.00970984 0.57183 0.551117 -0.253746 0.794911 -1.46353 1.95829 -1.61296</i>
                        <i>0.154731 0.966401 0.205249 -0.819677 0.00959605 0.572746 0.551533 -0.256859 0.793621 -1.46209 1.95894 -1.6108</i>
                    </KeyFrames>
                </p>
            </i>
            <i>
                <p>
                    <Name><![CDATA[spine1]]></Name>
                    <Exclude>0</Exclude>
                    <Additive>0</Additive>
                    <IKPriority>0</IKPriority>
                    <IKRotLimits>-1e+010 -1e+010 -1e+010 1e+010 1e+010 1e+010</IKRotLimits>
                    <IKRotLimitOrder>0</IKRotLimitOrder>
                    <KeyFrames count="30">
                        <i>0.301122 0.853159 0.425965 -0.862735 0.0534527 0.502823 0.406219 -0.518906 0.752146 -1.43424 2.13307 -1.57387</i>
                        <i>0.296794 0.858127 0.418965 -0.862565 0.0526509 0.503199 0.40975 -0.510731 0.755817 -1.43309 2.13331 -1.57221</i>
                        <i>0.293055 0.862355 0.412872 -0.862384 0.0519642 0.503581 0.41281 -0.503631 0.758909 -1.43214 2.13376 -1.57085</i>
                        <i>0.289982 0.865794 0.407813 -0.862198 0.0514003 0.503957 0.415361 -0.497754 0.761391 -1.43139 2.13437 -1.5698</i>
                        <i>0.287649 0.868398 0.40391 -0.862014 0.0509665 0.504316 0.417361 -0.493242 0.763231 -1.43086 2.13512 -1.56906</i>
                        <i>0.286122 0.870121 0.401278 -0.86184 0.0506704 0.504642 0.418767 -0.490227 0.764403 -1.43055 2.13597 -1.56866</i>
                        <i>0.285462 0.870914 0.400026 -0.861687 0.05052 0.504919 0.419532 -0.488832 0.764877 -1.43048 2.13689 -1.5686</i>
                        <i>0.285726 0.870722 0.400254 -0.861565 0.0505242 0.505127 0.419603 -0.489173 0.76462 -1.43064 2.13785 -1.56888</i>
                        <i>0.286856 0.869596 0.40189 -0.861485 0.0506768 0.505248 0.418995 -0.491156 0.763681 -1.43103 2.13878 -1.56948</i>
                        <i>0.288696 0.867678 0.404708 -0.861459 0.0509585 0.505264 0.417783 -0.494507 0.762181 -1.43158 2.13963 -1.57031</i>
                        <i>0.291188 0.864987 0.408665 -0.861519 0.0513747 0.50512 0.415927 -0.499157 0.760162 -1.43227 2.1403 -1.57132</i>
                        <i>0.294231 0.861594 0.413624 -0.861673 0.0519193 0.504801 0.413458 -0.504937 0.757688 -1.43305 2.14074 -1.57244</i>
                        <i>0.297666 0.857659 0.419304 -0.861899 0.0525655 0.504348 0.410518 -0.511524 0.754863 -1.43389 2.14094 -1.57363</i>
                        <i>0.301334 0.853352 0.425428 -0.862174 0.053285 0.503802 0.407252 -0.518606 0.751794 -1.43477 2.14094 -1.57487</i>
                        <i>0.305082 0.848844 0.431727 -0.862475 0.054048 0.503205 0.403809 -0.525873 0.748596 -1.43566 2.14075 -1.5761</i>
                        <i>0.308762 0.844319 0.43794 -0.862782 0.0548226 0.502595 0.400341 -0.533029 0.74539 -1.43653 2.1404 -1.5773</i>
                        <i>0.312235 0.839961 0.443818 -0.863075 0.0555752 0.502009 0.397003 -0.539793 0.742302 -1.43735 2.13993 -1.57844</i>
                        <i>0.315367 0.835963 0.449121 -0.863335 0.0562704 0.501484 0.39395 -0.545893 0.739462 -1.4381 2.13936 -1.57947</i>
                        <i>0.318031 0.832516 0.453621 -0.863546 0.0568712 0.501053 0.391337 -0.551074 0.737003 -1.43875 2.13872 -1.58038</i>
                        <i>0.320108 0.829815 0.457097 -0.863689 0.0573393 0.500752 0.389322 -0.555085 0.735057 -1.43929 2.13806 -1.58113</i>
                        <i>0.321475 0.828051 0.459331 -0.863749 0.0576363 0.500615 0.388061 -0.557682 0.733757 -1.43967 2.1374 -1.5817</i>
                        <i>0.322092 0.82728 0.460287 -0.863744 0.0577569 0.50061 0.38756 -0.558813 0.733161 -1.43988 2.13673 -1.58201</i>
                        <i>0.321943 0.827504 0.459989 -0.863705 0.0577092 0.500683 0.387772 -0.558486 0.733298 -1.43987 2.13605 -1.58202</i>
                        <i>0.321188 0.828513 0.458698 -0.863636 0.0575284 0.500823 0.388551 -0.557006 0.734011 -1.43969 2.13539 -1.58177</i>
                        <i>0.319958 0.830135 0.456621 -0.86354 0.0572437 0.50102 0.389776 -0.554616 0.73517 -1.43938 2.13482 -1.58134</i>
                        <i>0.318105 0.832537 0.453532 -0.86342 0.0568304 0.501275 0.391556 -0.551046 0.736907 -1.4389 2.13432 -1.58065</i>
                        <i>0.315472 0.835886 0.44919 -0.863275 0.056265 0.501588 0.393997 -0.546011 0.73935 -1.43819 2.1339 -1.57964</i>
                        <i>0.311892 0.840342 0.443339 -0.863109 0.055526 0.501955 0.397197 -0.539206 0.742625 -1.43721 2.13355 -1.57821</i>
                        <i>0.307178 0.846054 0.435699 -0.862927 0.0545941 0.502371 0.401247 -0.530294 0.746853 -1.43591 2.13328 -1.57632</i>
                        <i>0.301122 0.853159 0.425965 -0.862735 0.0534527 0.502823 0.406219 -0.518906 0.752146 -1.43424 2.13307 -1.57387</i>
                    </KeyFrames>
                </p>
            </i>
            <i>
                <p>
                    <Name><![CDATA[spine2]]></Name>
                    <Exclude>0</Exclude>
                    <Additive>0</Additive>
                    <IKPriority>0</IKPriority>
                    <IKRotLimits>-1e+010 -1e+010 -1e+010 1e+010 1e+010 1e+010</IKRotLimits>
                    <IKRotLimitOrder>0</IKRotLimitOrder>
                    <KeyFrames count="30">
                        <i>0.40452 0.426458 0.80901 -0.910047 0.10023 0.402205 0.0904363 -0.898937 0.428642 -1.38435 2.27437 -1.5031</i>
                        <i>0.403386 0.427656 0.808944 -0.910482 0.0995572 0.401386 0.091119 -0.898442 0.429533 -1.38404 2.27509 -1.50278</i>
                        <i>0.40249 0.428067 0.809173 -0.910844 0.0989574 0.400712 0.0914582 -0.898313 0.429732 -1.3838 2.27597 -1.50256</i>
                        <i>0.401844 0.427764 0.809654 -0.911127 0.0984462 0.400194 0.0914814 -0.898513 0.429307 -1.38363 2.27697 -1.50244</i>
                        <i>0.401454 0.426825 0.810343 -0.911325 0.098037 0.399843 0.0912194 -0.899005 0.428333 -1.38352 2.27805 -1.5024</i>
                        <i>0.401324 0.425334 0.81119 -0.911434 0.0977416 0.399669 0.0907058 -0.899743 0.42689 -1.38347 2.27915 -1.50245</i>
                        <i>0.401455 0.423388 0.812143 -0.911448 0.0975706 0.399678 0.0899772 -0.900679 0.425066 -1.38349 2.28024 -1.50257</i>
                        <i>0.401845 0.421088 0.813145 -0.911365 0.0975337 0.399876 0.0890739 -0.90176 0.422959 -1.38358 2.28127 -1.50277</i>
                        <i>0.402446 0.418656 0.814104 -0.911196 0.0976271 0.400238 0.0880833 -0.902882 0.420767 -1.38372 2.28219 -1.50301</i>
                        <i>0.403177 0.416408 0.814894 -0.910964 0.0978366 0.400715 0.0871344 -0.903898 0.418778 -1.3839 2.28292 -1.50328</i>
                        <i>0.403943 0.41493 0.815269 -0.91069 0.0981753 0.401255 0.0864532 -0.904541 0.417529 -1.38409 2.28337 -1.50352</i>
                        <i>0.40468 0.414505 0.815119 -0.910391 0.0986422 0.401818 0.0861505 -0.904685 0.41728 -1.38429 2.28346 -1.50371</i>
                        <i>0.405381 0.414946 0.814547 -0.910079 0.0992096 0.402386 0.0861574 -0.904421 0.417851 -1.38449 2.28323 -1.50386</i>
                        <i>0.406036 0.416057 0.813653 -0.909763 0.0998488 0.402941 0.0864038 -0.90384 0.419055 -1.38469 2.28271 -1.50396</i>
                        <i>0.40664 0.417633 0.812543 -0.909454 0.10053 0.403469 0.0868172 -0.903037 0.420697 -1.38487 2.28198 -1.50404</i>
                        <i>0.40719 0.419462 0.811325 -0.909159 0.101221 0.40396 0.0873229 -0.902112 0.422574 -1.38505 2.28108 -1.50409</i>
                        <i>0.407687 0.421321 0.810111 -0.908887 0.101888 0.404406 0.0878439 -0.90117 0.424472 -1.38522 2.28008 -1.50413</i>
                        <i>0.408135 0.422984 0.809018 -0.908641 0.102499 0.404802 0.0883014 -0.900321 0.426174 -1.38537 2.27903 -1.50418</i>
                        <i>0.408539 0.424217 0.808168 -0.908429 0.103017 0.405148 0.0886157 -0.899682 0.427457 -1.38551 2.278 -1.50423</i>
                        <i>0.408909 0.424784 0.807683 -0.908254 0.103406 0.405441 0.088706 -0.89937 0.428095 -1.38563 2.27703 -1.50431</i>
                        <i>0.409251 0.42445 0.807685 -0.908121 0.10363 0.405682 0.0884915 -0.899501 0.427862 -1.38573 2.27621 -1.50442</i>
                        <i>0.409498 0.423639 0.807986 -0.908043 0.1037 0.405837 0.0881404 -0.899876 0.427148 -1.3858 2.2755 -1.50453</i>
                        <i>0.409553 0.423014 0.808286 -0.908041 0.103644 0.405857 0.0879092 -0.900176 0.426561 -1.38581 2.27487 -1.50457</i>
                        <i>0.409466 0.422474 0.808612 -0.908096 0.103486 0.405774 0.087749 -0.900448 0.42602 -1.38578 2.27434 -1.50457</i>
                        <i>0.409273 0.421952 0.808982 -0.908195 0.103246 0.405614 0.0876249 -0.90072 0.42547 -1.38571 2.27395 -1.50454</i>
                        <i>0.408918 0.421627 0.809331 -0.908356 0.10291 0.405339 0.0876139 -0.900911 0.425069 -1.3856 2.27371 -1.50445</i>
                        <i>0.408339 0.42169 0.809591 -0.908598 0.102459 0.404909 0.0877966 -0.900933 0.424985 -1.38542 2.27362 -1.50429</i>
                        <i>0.407468 0.422352 0.809684 -0.908944 0.101876 0.404279 0.0882609 -0.900689 0.425405 -1.38516 2.2737 -1.50403</i>
                        <i>0.406226 0.42385 0.809526 -0.909418 0.10114 0.403398 0.0891042 -0.900068 0.426542 -1.38481 2.27395 -1.50364</i>
                        <i>0.40452 0.426458 0.80901 -0.910047 0.10023 0.402205 0.0904363 -0.898937 0.428642 -1.38435 2.27437 -1.5031</i>
                    </KeyFrames>
                </p>
            </i>
            <i>
                <p>
                    <Name><![CDATA[head]]></Name>
                    <Exclude>0</Exclude>
                    <Additive>0</Additive>
                    <IKPriority>0</IKPriority>
                    <IKRotLimits>-1e+010 -1e+010 -1e+010 1e+010 1e+010 1e+010</IKRotLimits>
                    <IKRotLimitOrder>0</IKRotLimitOrder>
                    <KeyFrames count="30">
                        <i>0.0788212 0.985793 0.148321 -0.158825 0.159302 -0.97437 -0.984155 0.053244 0.169125 -1.282 2.3736 -1.28481</i>
                        <i>0.080577 0.984954 0.152885 -0.158126 0.164073 -0.973692 -0.984126 0.0542822 0.168967 -1.28197 2.37373 -1.28461</i>
                        <i>0.0824921 0.984008 0.157869 -0.157351 0.169282 -0.972926 -0.984091 0.0554178 0.1688 -1.28194 2.37391 -1.2844</i>
                        <i>0.0844672 0.983001 0.163017 -0.156541 0.174661 -0.972105 -0.984053 0.0565923 0.168633 -1.28192 2.37411 -1.28418</i>
                        <i>0.086404 0.981981 0.168071 -0.155733 0.179941 -0.971271 -0.984013 0.0577474 0.168475 -1.28189 2.37435 -1.28397</i>
                        <i>0.0882046 0.981004 0.172777 -0.154972 0.184856 -0.97047 -0.983973 0.0588243 0.168333 -1.28187 2.37462 -1.28377</i>
                        <i>0.0897723 0.98013 0.17688 -0.1543 0.18914 -0.969751 -0.983937 0.0597643 0.168213 -1.28185 2.37493 -1.28361</i>
                        <i>0.091011 0.979424 0.180124 -0.153763 0.192527 -0.96917 -0.983907 0.0605086 0.168121 -1.28184 2.37527 -1.28348</i>
                        <i>0.0918247 0.978954 0.182258 -0.153408 0.194753 -0.968781 -0.983887 0.0609983 0.168062 -1.28183 2.37565 -1.28339</i>
                        <i>0.0921174 0.978783 0.183025 -0.153279 0.195554 -0.96864 -0.98388 0.0611746 0.168041 -1.28183 2.37606 -1.28336</i>
                        <i>0.0915753 0.979099 0.181604 -0.153517 0.194071 -0.968901 -0.983894 0.0608482 0.16808 -1.28183 2.37659 -1.28342</i>
                        <i>0.0900873 0.979952 0.177705 -0.154164 0.190001 -0.969605 -0.98393 0.0599534 0.16819 -1.28185 2.37723 -1.28357</i>
                        <i>0.0878589 0.981193 0.171874 -0.155119 0.183912 -0.970626 -0.983981 0.0586174 0.16836 -1.28187 2.37791 -1.28381</i>
                        <i>0.0850959 0.982673 0.164657 -0.15628 0.176374 -0.971838 -0.98404 0.0569669 0.168581 -1.28191 2.37859 -1.28411</i>
                        <i>0.0820056 0.984251 0.156602 -0.157549 0.167958 -0.973123 -0.9841 0.055129 0.168842 -1.28195 2.37921 -1.28445</i>
                        <i>0.0787979 0.985804 0.148261 -0.158834 0.159238 -0.974379 -0.984156 0.0532301 0.169127 -1.282 2.37973 -1.28482</i>
                        <i>0.0756856 0.987228 0.140186 -0.160049 0.150794 -0.975523 -0.984203 0.0513964 0.169418 -1.28204 2.38012 -1.28518</i>
                        <i>0.0728846 0.988441 0.132934 -0.161117 0.143207 -0.97649 -0.98424 0.0497533 0.169692 -1.28209 2.38031 -1.28551</i>
                        <i>0.0706129 0.989378 0.127063 -0.161964 0.137062 -0.977232 -0.984267 0.0484255 0.169922 -1.28213 2.38028 -1.28578</i>
                        <i>0.0690895 0.989983 0.123131 -0.162524 0.132946 -0.977707 -0.984283 0.0475376 0.170081 -1.28216 2.37996 -1.28596</i>
                        <i>0.0685333 0.990198 0.121696 -0.162726 0.131445 -0.977877 -0.984288 0.0472139 0.170139 -1.28217 2.37934 -1.28603</i>
                        <i>0.0686993 0.990134 0.122125 -0.162666 0.131893 -0.977826 -0.984287 0.0473105 0.170122 -1.28217 2.3785 -1.28601</i>
                        <i>0.0691781 0.989948 0.123359 -0.162491 0.133186 -0.97768 -0.984282 0.0475892 0.170071 -1.28216 2.37763 -1.28595</i>
                        <i>0.0699403 0.989647 0.125326 -0.162212 0.135245 -0.977444 -0.984274 0.0480333 0.169992 -1.28214 2.37675 -1.28586</i>
                        <i>0.0709568 0.989239 0.127951 -0.161837 0.137992 -0.977122 -0.984263 0.0486263 0.169887 -1.28213 2.37592 -1.28574</i>
                        <i>0.072198 0.988729 0.131159 -0.161375 0.141349 -0.976718 -0.984249 0.0493515 0.169761 -1.2821 2.37515 -1.28559</i>
                        <i>0.0736346 0.988123 0.134874 -0.160833 0.145237 -0.976237 -0.984231 0.0501925 0.169617 -1.28208 2.3745 -1.28542</i>
                        <i>0.0752368 0.987427 0.139023 -0.160222 0.149577 -0.975682 -0.984209 0.0511327 0.169461 -1.28205 2.374 -1.28523</i>
                        <i>0.0769755 0.986648 0.14353 -0.159549 0.154292 -0.975058 -0.984184 0.0521554 0.169296 -1.28202 2.37368 -1.28503</i>
                        <i>0.0788212 0.985793 0.148321 -0.158825 0.159302 -0.97437 -0.984155 0.053244 0.169125 -1.282 2.3736 -1.28481</i>
                    </KeyFrames>
                </p>
            </i>
            <i>
                <p>
                    <Name><![CDATA[head_prop]]></Name>
                    <Exclude>0</Exclude>
                    <Additive>0</Additive>
                    <IKPriority>0</IKPriority>
                    <IKRotLimits>-1e+010 -1e+010 -1e+010 1e+010 1e+010 1e+010</IKRotLimits>
                    <IKRotLimitOrder>0</IKRotLimitOrder>
                    <KeyFrames count="30">
                        <i>0.984155 -0.053244 -0.169125 0.0788212 0.985793 0.148321 0.158825 -0.159302 0.97437 -1.25631 2.69487 -1.23648</i>
                        <i>0.984126 -0.0542822 -0.168967 0.080577 0.984954 0.152885 0.158126 -0.164073 0.973692 -1.25571 2.69474 -1.23479</i>
                        <i>0.984091 -0.0554178 -0.1688 0.0824921 0.984008 0.157869 0.157351 -0.169282 0.972926 -1.25506 2.6946 -1.23295</i>
                        <i>0.984053 -0.0565923 -0.168633 0.0844672 0.983001 0.163017 0.156541 -0.174661 0.972105 -1.25439 2.69448 -1.23105</i>
                        <i>0.984013 -0.0577474 -0.168475 0.086404 0.981981 0.168071 0.155733 -0.179941 0.971271 -1.25373 2.69439 -1.22919</i>
                        <i>0.983973 -0.0588243 -0.168333 0.0882046 0.981004 0.172777 0.154972 -0.184856 0.97047 -1.25312 2.69434 -1.22746</i>
                        <i>0.983937 -0.0597643 -0.168213 0.0897723 0.98013 0.17688 0.1543 -0.18914 0.969751 -1.25259 2.69436 -1.22596</i>
                        <i>0.983907 -0.0605086 -0.168121 0.091011 0.979424 0.180124 0.153763 -0.192527 0.96917 -1.25218 2.69447 -1.22477</i>
                        <i>0.983887 -0.0609983 -0.168062 0.0918247 0.978954 0.182258 0.153408 -0.194753 0.968781 -1.2519 2.6947 -1.22399</i>
                        <i>0.98388 -0.0611746 -0.168041 0.0921174 0.978783 0.183025 0.153279 -0.195554 0.96864 -1.25181 2.69505 -1.22371</i>
                        <i>0.983894 -0.0608482 -0.16808 0.0915753 0.979099 0.181604 0.153517 -0.194071 0.968901 -1.25199 2.69568 -1.22423</i>
                        <i>0.98393 -0.0599534 -0.16819 0.0900873 0.979952 0.177705 0.154164 -0.190001 0.969605 -1.25249 2.69661 -1.22566</i>
                        <i>0.983981 -0.0586174 -0.16836 0.0878589 0.981193 0.171874 0.155119 -0.183912 0.970626 -1.25324 2.69769 -1.2278</i>
                        <i>0.98404 -0.0569669 -0.168581 0.0850959 0.982673 0.164657 0.15628 -0.176374 0.971838 -1.25417 2.69885 -1.23045</i>
                        <i>0.9841 -0.055129 -0.168842 0.0820056 0.984251 0.156602 0.157549 -0.167958 0.973123 -1.25522 2.69999 -1.23342</i>
                        <i>0.984156 -0.0532301 -0.169127 0.0787979 0.985804 0.148261 0.158834 -0.159238 0.974379 -1.25631 2.70102 -1.2365</i>
                        <i>0.984203 -0.0513964 -0.169418 0.0756856 0.987228 0.140186 0.160049 -0.150794 0.975523 -1.25738 2.70186 -1.23949</i>
                        <i>0.98424 -0.0497533 -0.169692 0.0728846 0.988441 0.132934 0.161117 -0.143207 0.97649 -1.25834 2.70245 -1.24218</i>
                        <i>0.984267 -0.0484255 -0.169922 0.0706129 0.989378 0.127063 0.161964 -0.137062 0.977232 -1.25912 2.70272 -1.24437</i>
                        <i>0.984283 -0.0475376 -0.170081 0.0690895 0.989983 0.123131 0.162524 -0.132946 0.977707 -1.25964 2.70261 -1.24584</i>
                        <i>0.984288 -0.0472139 -0.170139 0.0685333 0.990198 0.121696 0.162726 -0.131445 0.977877 -1.25983 2.70205 -1.24637</i>
                        <i>0.984287 -0.0473105 -0.170122 0.0686993 0.990134 0.122125 0.162666 -0.131893 0.977826 -1.25978 2.7012 -1.24621</i>
                        <i>0.984282 -0.0475892 -0.170071 0.0691781 0.989948 0.123359 0.162491 -0.133186 0.97768 -1.25961 2.70026 -1.24575</i>
                        <i>0.984274 -0.0480333 -0.169992 0.0699403 0.989647 0.125326 0.162212 -0.135245 0.977444 -1.25935 2.69929 -1.24502</i>
                        <i>0.984263 -0.0486263 -0.169887 0.0709568 0.989239 0.127951 0.161837 -0.137992 0.977122 -1.259 2.69832 -1.24404</i>
                        <i>0.984249 -0.0493515 -0.169761 0.072198 0.988729 0.131159 0.161375 -0.141349 0.976718 -1.25857 2.69739 -1.24284</i>
                        <i>0.984231 -0.0501925 -0.169617 0.0736346 0.988123 0.134874 0.160833 -0.145237 0.976237 -1.25808 2.69654 -1.24146</i>
                        <i>0.984209 -0.0511327 -0.169461 0.0752368 0.987427 0.139023 0.160222 -0.149577 0.975682 -1.25753 2.69581 -1.23992</i>
                        <i>0.984184 -0.0521554 -0.169296 0.0769755 0.986648 0.14353 0.159549 -0.154292 0.975058 -1.25694 2.69524 -1.23825</i>
                        <i>0.984155 -0.053244 -0.169125 0.0788212 0.985793 0.148321 0.158825 -0.159302 0.97437 -1.25631 2.69487 -1.23648</i>
                    </KeyFrames>
                </p>
            </i>
            <i>
                <p>
                    <Name><![CDATA[l_clav]]></Name>
                    <Exclude>0</Exclude>
                    <Additive>0</Additive>
                    <IKPriority>0</IKPriority>
                    <IKRotLimits>-1e+010 -1e+010 -1e+010 1e+010 1e+010 1e+010</IKRotLimits>
                    <IKRotLimitOrder>0</IKRotLimitOrder>
                    <KeyFrames count="30">
                        <i>0.894296 0.447465 0.00316263 -0.196063 0.385475 0.901648 0.402236 -0.80696 0.43246 -1.27614 2.27553 -1.48017</i>
                        <i>0.897316 0.441321 -0.00779594 -0.182586 0.387208 0.903732 0.401855 -0.80951 0.428027 -1.27622 2.27656 -1.48041</i>
                        <i>0.898655 0.438335 -0.016756 -0.171997 0.387247 0.905791 0.403529 -0.811112 0.423394 -1.2763 2.2777 -1.48068</i>
                        <i>0.898684 0.437969 -0.0234454 -0.16433 0.385792 0.907833 0.406648 -0.812002 0.418676 -1.27638 2.27892 -1.48096</i>
                        <i>0.897743 0.439653 -0.0276228 -0.159593 0.383042 0.90984 0.410595 -0.812394 0.414038 -1.27646 2.28015 -1.48123</i>
                        <i>0.89615 0.442798 -0.0290768 -0.157778 0.379189 0.911768 0.414755 -0.812493 0.409674 -1.27653 2.28135 -1.48148</i>
                        <i>0.894202 0.446811 -0.0276216 -0.158868 0.374417 0.91355 0.418527 -0.81251 0.405788 -1.2766 2.28247 -1.48169</i>
                        <i>0.892172 0.451106 -0.0230883 -0.162838 0.368889 0.915098 0.421323 -0.812665 0.40257 -1.27665 2.28346 -1.48186</i>
                        <i>0.889938 0.455822 -0.0153874 -0.170187 0.363193 0.916039 0.42314 -0.812599 0.400794 -1.27668 2.28426 -1.48198</i>
                        <i>0.887169 0.461416 -0.00512161 -0.180933 0.358049 0.916005 0.424493 -0.811724 0.401135 -1.27669 2.28482 -1.48202</i>
                        <i>0.883696 0.468016 0.00651397 -0.19437 0.354273 0.914719 0.425796 -0.8096 0.404038 -1.27667 2.28507 -1.48194</i>
                        <i>0.879462 0.475605 0.0186034 -0.209758 0.352195 0.912119 0.427256 -0.806076 0.409504 -1.27661 2.28494 -1.48174</i>
                        <i>0.874605 0.483863 0.0306991 -0.226313 0.351433 0.908448 0.428776 -0.801481 0.41687 -1.27652 2.28446 -1.48143</i>
                        <i>0.86931 0.492448 0.0423758 -0.243263 0.351641 0.903975 0.43026 -0.796143 0.425479 -1.2764 2.28371 -1.48105</i>
                        <i>0.863818 0.500983 0.0532368 -0.259852 0.352516 0.899005 0.43162 -0.79041 0.434691 -1.27628 2.28276 -1.48061</i>
                        <i>0.858428 0.509061 0.0629169 -0.275333 0.353816 0.893871 0.432774 -0.784647 0.443886 -1.27614 2.28166 -1.48016</i>
                        <i>0.853489 0.516241 0.071082 -0.288974 0.355355 0.888941 0.433649 -0.779242 0.452472 -1.27601 2.28047 -1.47973</i>
                        <i>0.849388 0.522059 0.0774235 -0.300056 0.357 0.8846 0.434173 -0.7746 0.459879 -1.27589 2.27927 -1.47933</i>
                        <i>0.846535 0.526034 0.0816488 -0.307862 0.358654 0.881242 0.43428 -0.771139 0.465559 -1.27579 2.27811 -1.479</i>
                        <i>0.845333 0.527679 0.0834645 -0.311677 0.360227 0.879258 0.4339 -0.76928 0.468977 -1.27573 2.27704 -1.47879</i>
                        <i>0.846265 0.526243 0.0830881 -0.311128 0.361564 0.878903 0.432475 -0.769636 0.469708 -1.2757 2.27614 -1.47871</i>
                        <i>0.849185 0.521896 0.0806822 -0.306726 0.363061 0.879833 0.429888 -0.771888 0.468385 -1.27571 2.27539 -1.47873</i>
                        <i>0.853543 0.515456 0.07595 -0.29904 0.365287 0.881555 0.42666 -0.775158 0.465931 -1.27573 2.27475 -1.4788</i>
                        <i>0.858967 0.507336 0.0691794 -0.288571 0.368051 0.883892 0.422968 -0.779198 0.462546 -1.27576 2.27425 -1.47891</i>
                        <i>0.865081 0.497951 0.0606608 -0.275816 0.371156 0.886662 0.418999 -0.783765 0.458423 -1.27581 2.27392 -1.47905</i>
                        <i>0.87152 0.487732 0.0506968 -0.261285 0.374407 0.889691 0.41495 -0.78863 0.45374 -1.27586 2.27377 -1.47923</i>
                        <i>0.877945 0.47712 0.0396087 -0.245498 0.377621 0.892823 0.411026 -0.793574 0.448663 -1.27592 2.27383 -1.47943</i>
                        <i>0.884052 0.466565 0.0277404 -0.228994 0.380631 0.895925 0.407448 -0.798397 0.443338 -1.27599 2.27413 -1.47966</i>
                        <i>0.889576 0.456526 0.015461 -0.212325 0.38329 0.898892 0.404441 -0.802915 0.437897 -1.27607 2.27469 -1.47991</i>
                        <i>0.894296 0.447465 0.00316263 -0.196063 0.385475 0.901648 0.402236 -0.80696 0.43246 -1.27614 2.27553 -1.48017</i>
                    </KeyFrames>
                </p>
            </i>
            <i>
                <p>
                    <Name><![CDATA[l_shoulder]]></Name>
                    <Exclude>0</Exclude>
                    <Additive>0</Additive>
                    <IKPriority>0</IKPriority>
                    <IKRotLimits>-1e+010 -1e+010 -1e+010 1e+010 1e+010 1e+010</IKRotLimits>
                    <IKRotLimitOrder>0</IKRotLimitOrder>
                    <KeyFrames count="30">
                        <i>0.90783 -0.0525049 0.416038 0.347324 0.650073 -0.675849 -0.23497 0.758056 0.608391 -1.09945 2.36394 -1.47954</i>
                        <i>0.904099 -0.0559863 0.42364 0.35371 0.654332 -0.668386 -0.239781 0.754132 0.611383 -1.09893 2.36375 -1.48195</i>
                        <i>0.900924 -0.062206 0.429495 0.360342 0.658751 -0.660455 -0.241846 0.749785 0.6159 -1.09874 2.36431 -1.48399</i>
                        <i>0.898367 -0.070241 0.433593 0.366791 0.663061 -0.652544 -0.241664 0.745262 0.621436 -1.09882 2.36545 -1.48559</i>
                        <i>0.896484 -0.0791974 0.435941 0.372646 0.667029 -0.645141 -0.239692 0.74081 0.627493 -1.09908 2.36701 -1.48668</i>
                        <i>0.895335 -0.0882077 0.436572 0.377506 0.670448 -0.63874 -0.236357 0.736694 0.633574 -1.09947 2.36884 -1.48722</i>
                        <i>0.89499 -0.0964261 0.43554 0.380976 0.673131 -0.633839 -0.232057 0.73321 0.639181 -1.09992 2.37075 -1.48715</i>
                        <i>0.895532 -0.103021 0.432908 0.382647 0.674893 -0.630952 -0.227166 0.730688 0.643809 -1.10037 2.37258 -1.48643</i>
                        <i>0.897057 -0.10781 0.428563 0.382346 0.675619 -0.630357 -0.221587 0.729325 0.64729 -1.10085 2.37432 -1.48502</i>
                        <i>0.899506 -0.111056 0.422559 0.380258 0.675278 -0.631984 -0.215159 0.729155 0.649646 -1.1014 2.37599 -1.48303</i>
                        <i>0.902788 -0.112156 0.415205 0.376288 0.673503 -0.63624 -0.208284 0.730627 0.650233 -1.10207 2.37754 -1.48065</i>
                        <i>0.906757 -0.110953 0.406794 0.370523 0.670151 -0.643125 -0.201256 0.733885 0.648775 -1.10285 2.37891 -1.47806</i>
                        <i>0.911185 -0.107954 0.397602 0.363352 0.665475 -0.652011 -0.194207 0.738572 0.645596 -1.10371 2.38006 -1.47536</i>
                        <i>0.915837 -0.103646 0.387944 0.35519 0.659746 -0.66225 -0.187305 0.744307 0.641033 -1.10465 2.38101 -1.47267</i>
                        <i>0.920473 -0.0984871 0.378193 0.346487 0.653279 -0.673181 -0.180766 0.750684 0.63545 -1.10561 2.38174 -1.4701</i>
                        <i>0.924861 -0.0928968 0.368784 0.337729 0.646449 -0.684137 -0.174846 0.757281 0.629249 -1.10654 2.38224 -1.46773</i>
                        <i>0.928779 -0.0872488 0.360218 0.32943 0.639696 -0.694454 -0.16984 0.76366 0.622878 -1.10738 2.38247 -1.46568</i>
                        <i>0.932017 -0.0818726 0.353047 0.322129 0.633521 -0.70348 -0.166067 0.769382 0.616825 -1.10807 2.38242 -1.46403</i>
                        <i>0.934374 -0.0770653 0.347858 0.316378 0.628473 -0.710582 -0.163858 0.774005 0.611611 -1.10854 2.38204 -1.46287</i>
                        <i>0.935659 -0.0731142 0.345247 0.312726 0.625122 -0.71514 -0.163535 0.777095 0.607766 -1.10871 2.3813 -1.4623</i>
                        <i>0.935798 -0.069931 0.345531 0.311313 0.623851 -0.716864 -0.165429 0.778409 0.605569 -1.1085 2.38012 -1.46229</i>
                        <i>0.934962 -0.0668335 0.348396 0.311595 0.624164 -0.716468 -0.169572 0.778429 0.604395 -1.10793 2.3785 -1.46279</i>
                        <i>0.933306 -0.0633857 0.353443 0.31314 0.62539 -0.714724 -0.175737 0.777733 0.603529 -1.10709 2.3766 -1.46379</i>
                        <i>0.930926 -0.0598796 0.360265 0.315807 0.627423 -0.711763 -0.183419 0.776373 0.602995 -1.10605 2.37449 -1.46524</i>
                        <i>0.927924 -0.0566067 0.368446 0.319452 0.630146 -0.707719 -0.192113 0.774411 0.602811 -1.10489 2.3723 -1.46707</i>
                        <i>0.924412 -0.053844 0.377576 0.323925 0.633441 -0.702727 -0.201335 0.771915 0.603002 -1.10367 2.37013 -1.46921</i>
                        <i>0.920512 -0.0518443 0.38726 0.329081 0.63719 -0.696918 -0.210627 0.768961 0.603602 -1.10246 2.3681 -1.47161</i>
                        <i>0.916356 -0.0508309 0.397124 0.334782 0.641279 -0.690422 -0.219572 0.765622 0.604657 -1.10132 2.36631 -1.47418</i>
                        <i>0.912083 -0.0509963 0.406822 0.340901 0.645605 -0.68336 -0.227797 0.761967 0.606229 -1.10031 2.36489 -1.47685</i>
                        <i>0.90783 -0.0525049 0.416038 0.347324 0.650073 -0.675849 -0.23497 0.758056 0.608391 -1.09945 2.36394 -1.47954</i>
                    </KeyFrames>
                </p>
            </i>
            <i>
                <p>
                    <Name><![CDATA[l_elbow]]></Name>
                    <Exclude>0</Exclude>
                    <Additive>0</Additive>
                    <IKPriority>0</IKPriority>
                    <IKRotLimits>-1e+010 -1e+010 -1e+010 1e+010 1e+010 1e+010</IKRotLimits>
                    <IKRotLimitOrder>0</IKRotLimitOrder>
                    <KeyFrames count="30">
                        <i>-0.786546 0.593774 0.16964 0.346709 0.651935 -0.674369 -0.511017 -0.471607 -0.718644 -0.804155 2.34686 -1.34421</i>
                        <i>-0.783396 0.597049 0.172697 0.353083 0.656185 -0.666898 -0.511492 -0.461469 -0.72486 -0.804845 2.34554 -1.34415</i>
                        <i>-0.779675 0.600754 0.176639 0.35971 0.660594 -0.658958 -0.512558 -0.450234 -0.731145 -0.805693 2.34407 -1.34429</i>
                        <i>-0.775741 0.604512 0.181084 0.366159 0.664894 -0.651033 -0.513958 -0.438728 -0.737133 -0.806601 2.3426 -1.34455</i>
                        <i>-0.771927 0.607998 0.185653 0.372019 0.668851 -0.643615 -0.515491 -0.427758 -0.742491 -0.807478 2.34125 -1.34488</i>
                        <i>-0.768554 0.610932 0.189967 0.376887 0.67226 -0.637199 -0.516992 -0.418126 -0.746921 -0.80824 2.34015 -1.34521</i>
                        <i>-0.765937 0.61306 0.193643 0.380368 0.674934 -0.632285 -0.518324 -0.410635 -0.750146 -0.808801 2.33938 -1.34548</i>
                        <i>-0.76439 0.614144 0.196302 0.38205 0.676691 -0.629386 -0.51937 -0.406099 -0.75189 -0.809076 2.33907 -1.34561</i>
                        <i>-0.763998 0.614154 0.197795 0.381764 0.677414 -0.628782 -0.520158 -0.404877 -0.752004 -0.809053 2.33925 -1.34561</i>
                        <i>-0.764563 0.613312 0.198219 0.379692 0.677072 -0.630403 -0.520843 -0.406721 -0.750534 -0.808816 2.33986 -1.34558</i>
