<?xml version="1.0" encoding="ISO-8859-1" ?>
<Animl Version="1">
    <ModellingPackage><![CDATA[Maya.2010]]></ModellingPackage>
    <SrcFile><![CDATA[anims\turrets\mortar\blue\~src\mortar_m120\mortar_m120_aim_high_crewman_c.mb]]></SrcFile>
    <FramesPerSecond>30</FramesPerSecond>
    <TotalFrames>30</TotalFrames>
    <Skeleton>
        <RefFrame>
            <Name><![CDATA[soldier_ref_frame]]></Name>
            <Exclude>0</Exclude>
            <Additive>0</Additive>
            <IKPriority>0</IKPriority>
            <IKRotLimits>-1e+010 -1e+010 -1e+010 1e+010 1e+010 1e+010</IKRotLimits>
            <IKRotLimitOrder>0</IKRotLimitOrder>
            <KeyFrames count="30">
                <i>1 0 0 0 1 0 0 0 1 -1.24 2.79 -0.12</i>
                <i>1 0 0 0 1 0 0 0 1 -1.24 2.79 -0.12</i>
                <i>1 0 0 0 1 0 0 0 1 -1.24 2.79 -0.12</i>
                <i>1 0 0 0 1 0 0 0 1 -1.24 2.79 -0.12</i>
                <i>1 0 0 0 1 0 0 0 1 -1.24 2.79 -0.12</i>
                <i>1 0 0 0 1 0 0 0 1 -1.24 2.79 -0.12</i>
                <i>1 0 0 0 1 0 0 0 1 -1.24 2.79 -0.12</i>
                <i>1 0 0 0 1 0 0 0 1 -1.24 2.79 -0.12</i>
                <i>1 0 0 0 1 0 0 0 1 -1.24 2.79 -0.12</i>
                <i>1 0 0 0 1 0 0 0 1 -1.24 2.79 -0.12</i>
                <i>1 0 0 0 1 0 0 0 1 -1.24 2.79 -0.12</i>
                <i>1 0 0 0 1 0 0 0 1 -1.24 2.79 -0.12</i>
                <i>1 0 0 0 1 0 0 0 1 -1.24 2.79 -0.12</i>
                <i>1 0 0 0 1 0 0 0 1 -1.24 2.79 -0.12</i>
                <i>1 0 0 0 1 0 0 0 1 -1.24 2.79 -0.12</i>
                <i>1 0 0 0 1 0 0 0 1 -1.24 2.79 -0.12</i>
                <i>1 0 0 0 1 0 0 0 1 -1.24 2.79 -0.12</i>
                <i>1 0 0 0 1 0 0 0 1 -1.24 2.79 -0.12</i>
                <i>1 0 0 0 1 0 0 0 1 -1.24 2.79 -0.12</i>
                <i>1 0 0 0 1 0 0 0 1 -1.24 2.79 -0.12</i>
                <i>1 0 0 0 1 0 0 0 1 -1.24 2.79 -0.12</i>
                <i>1 0 0 0 1 0 0 0 1 -1.24 2.79 -0.12</i>
                <i>1 0 0 0 1 0 0 0 1 -1.24 2.79 -0.12</i>
                <i>1 0 0 0 1 0 0 0 1 -1.24 2.79 -0.12</i>
                <i>1 0 0 0 1 0 0 0 1 -1.24 2.79 -0.12</i>
                <i>1 0 0 0 1 0 0 0 1 -1.24 2.79 -0.12</i>
                <i>1 0 0 0 1 0 0 0 1 -1.24 2.79 -0.12</i>
                <i>1 0 0 0 1 0 0 0 1 -1.24 2.79 -0.12</i>
                <i>1 0 0 0 1 0 0 0 1 -1.24 2.79 -0.12</i>
                <i>1 0 0 0 1 0 0 0 1 -1.24 2.79 -0.12</i>
            </KeyFrames>
        </RefFrame>
        <Bones count="23">
            <i>
                <p>
                    <Name><![CDATA[pelvis]]></Name>
                    <Exclude>0</Exclude>
                    <Additive>0</Additive>
                    <IKPriority>0</IKPriority>
                    <IKRotLimits>-1e+010 -1e+010 -1e+010 1e+010 1e+010 1e+010</IKRotLimits>
                    <IKRotLimitOrder>2</IKRotLimitOrder>
                    <KeyFrames count="30">
                        <i>1 0 0 0 1 0 0 0 1 -1.13249 3.32169 -0.213976</i>
                        <i>1 0 0 0 1 0 0 0 1 -1.13249 3.3222 -0.213976</i>
                        <i>1 0 0 0 1 0 0 0 1 -1.13249 3.32358 -0.213976</i>
                        <i>1 0 0 0 1 0 0 0 1 -1.13249 3.32566 -0.213976</i>
                        <i>1 0 0 0 1 0 0 0 1 -1.13249 3.32826 -0.213976</i>
                        <i>1 0 0 0 1 0 0 0 1 -1.13249 3.33121 -0.213976</i>
                        <i>1 0 0 0 1 0 0 0 1 -1.13249 3.33433 -0.213976</i>
                        <i>1 0 0 0 1 0 0 0 1 -1.13249 3.33745 -0.213976</i>
                        <i>1 0 0 0 1 0 0 0 1 -1.13249 3.34039 -0.213976</i>
                        <i>1 0 0 0 1 0 0 0 1 -1.13249 3.34298 -0.213976</i>
                        <i>1 0 0 0 1 0 0 0 1 -1.13249 3.34505 -0.213976</i>
                        <i>1 0 0 0 1 0 0 0 1 -1.13249 3.34642 -0.213976</i>
                        <i>1 0 0 0 1 0 0 0 1 -1.13249 3.34692 -0.213976</i>
                        <i>1 0 0 0 1 0 0 0 1 -1.13249 3.34667 -0.213976</i>
                        <i>1 0 0 0 1 0 0 0 1 -1.13249 3.34595 -0.213976</i>
                        <i>1 0 0 0 1 0 0 0 1 -1.13249 3.34484 -0.213976</i>
                        <i>1 0 0 0 1 0 0 0 1 -1.13249 3.34338 -0.213976</i>
                        <i>1 0 0 0 1 0 0 0 1 -1.13249 3.34165 -0.213976</i>
                        <i>1 0 0 0 1 0 0 0 1 -1.13249 3.33971 -0.213976</i>
                        <i>1 0 0 0 1 0 0 0 1 -1.13249 3.33761 -0.213976</i>
                        <i>1 0 0 0 1 0 0 0 1 -1.13249 3.33541 -0.213976</i>
                        <i>1 0 0 0 1 0 0 0 1 -1.13249 3.33319 -0.213976</i>
                        <i>1 0 0 0 1 0 0 0 1 -1.13249 3.331 -0.213976</i>
                        <i>1 0 0 0 1 0 0 0 1 -1.13249 3.3289 -0.213976</i>
                        <i>1 0 0 0 1 0 0 0 1 -1.13249 3.32695 -0.213976</i>
                        <i>1 0 0 0 1 0 0 0 1 -1.13249 3.32522 -0.213976</i>
                        <i>1 0 0 0 1 0 0 0 1 -1.13249 3.32377 -0.213976</i>
                        <i>1 0 0 0 1 0 0 0 1 -1.13249 3.32265 -0.213976</i>
                        <i>1 0 0 0 1 0 0 0 1 -1.13249 3.32194 -0.213976</i>
                        <i>1 0 0 0 1 0 0 0 1 -1.13249 3.32169 -0.213976</i>
                    </KeyFrames>
                </p>
            </i>
            <i>
                <p>
                    <Name><![CDATA[spine0]]></Name>
                    <Exclude>0</Exclude>
                    <Additive>0</Additive>
                    <IKPriority>0</IKPriority>
                    <IKRotLimits>-1e+010 -1e+010 -1e+010 1e+010 1e+010 1e+010</IKRotLimits>
                    <IKRotLimitOrder>0</IKRotLimitOrder>
                    <KeyFrames count="30">
                        <i>0.0457755 0.953961 0.296416 -0.998949 0.0430671 0.0156641 0.0021772 -0.296821 0.954931 -1.1524 3.46144 -0.241706</i>
                        <i>0.0458942 0.95494 0.29323 -0.998944 0.0432722 0.0154261 0.00204231 -0.293628 0.955917 -1.15239 3.46191 -0.241905</i>
                        <i>0.046062 0.955959 0.289862 -0.998938 0.0436589 0.014755 0.00145007 -0.290234 0.956955 -1.15237 3.46319 -0.242444</i>
                        <i>0.0462647 0.956953 0.286532 -0.998929 0.0441822 0.013733 0.000482305 -0.28686 0.957972 -1.15234 3.4651 -0.243255</i>
                        <i>0.0464896 0.957859 0.283453 -0.998918 0.0448001 0.0124434 -0.000779673 -0.283724 0.958906 -1.15229 3.46749 -0.244268</i>
                        <i>0.0467239 0.958618 0.280835 -0.998905 0.0454737 0.0109703 -0.00225431 -0.28104 0.959693 -1.15224 3.47019 -0.245414</i>
                        <i>0.0469551 0.959175 0.278888 -0.99889 0.0461662 0.0093996 -0.00385937 -0.27902 0.960277 -1.15219 3.47304 -0.246626</i>
                        <i>0.0471695 0.959473 0.277825 -0.998872 0.0468423 0.00781913 -0.00551171 -0.27788 0.9606 -1.15214 3.47588 -0.247835</i>
                        <i>0.0473567 0.959508 0.277672 -0.998853 0.04747 0.00631878 -0.00711817 -0.277653 0.960655 -1.15208 3.47855 -0.248973</i>
                        <i>0.0475087 0.959325 0.278278 -0.998834 0.0480178 0.00499011 -0.00857514 -0.278191 0.960488 -1.15203 3.48089 -0.249974</i>
                        <i>0.0476136 0.95894 0.279585 -0.998818 0.0484491 0.00392554 -0.00978128 -0.279441 0.960113 -1.152 3.48275 -0.250771</i>
                        <i>0.047659 0.958368 0.281529 -0.998807 0.0487246 0.00321803 -0.0106333 -0.281346 0.959547 -1.15197 3.48399 -0.251298</i>
                        <i>0.0476321 0.957629 0.284037 -0.998804 0.0488022 0.00296005 -0.011027 -0.283839 0.958809 -1.15196 3.48443 -0.251488</i>
                        <i>0.0475438 0.956769 0.286937 -0.998808 0.0487071 0.00308684 -0.0110224 -0.286741 0.957945 -1.15196 3.4842 -0.251391</i>
                        <i>0.0474179 0.955851 0.290001 -0.998817 0.0485023 0.00345105 -0.010767 -0.289822 0.95702 -1.15198 3.48356 -0.251117</i>
                        <i>0.0472627 0.954922 0.29307 -0.99883 0.0482021 0.00401986 -0.0102879 -0.292917 0.956082 -1.152 3.48256 -0.250688</i>
                        <i>0.0470872 0.954033 0.295979 -0.998845 0.047822 0.00476036 -0.00961279 -0.295861 0.955183 -1.15203 3.48125 -0.250128</i>
                        <i>0.0469013 0.953238 0.298559 -0.998861 0.0473796 0.00563982 -0.0087695 -0.298483 0.954375 -1.15206 3.47969 -0.249461</i>
                        <i>0.0467152 0.952593 0.300639 -0.998878 0.0468939 0.00662595 -0.00778627 -0.300611 0.953715 -1.15209 3.47793 -0.248709</i>
                        <i>0.0465339 0.952094 0.302245 -0.998894 0.0463812 0.00768668 -0.00670002 -0.302268 0.953199 -1.15213 3.47603 -0.247897</i>
                        <i>0.0463579 0.951693 0.30353 -0.998909 0.0458544 0.00879007 -0.00555274 -0.303607 0.952781 -1.15217 3.47403 -0.247048</i>
                        <i>0.0461927 0.951402 0.304468 -0.998923 0.0453301 0.00990512 -0.00437781 -0.304598 0.952471 -1.15221 3.47201 -0.246185</i>
                        <i>0.0460433 0.951228 0.305032 -0.998934 0.0448246 0.0110014 -0.00320808 -0.305213 0.952279 -1.15225 3.47 -0.245334</i>
                        <i>0.0459143 0.951182 0.305196 -0.998943 0.0443537 0.012049 -0.00207579 -0.305426 0.952213 -1.15228 3.46808 -0.244517</i>
                        <i>0.04581 0.951271 0.304934 -0.99895 0.043933 0.0130183 -0.00101272 -0.30521 0.952285 -1.15232 3.46629 -0.243759</i>
                        <i>0.0457342 0.951503 0.304221 -0.998954 0.0435771 0.0138801 -5.01456e-005 -0.304538 0.9525 -1.15234 3.4647 -0.243085</i>
                        <i>0.0456901 0.951884 0.303034 -0.998955 0.0432999 0.014605 0.000780946 -0.303385 0.952868 -1.15237 3.46336 -0.242518</i>
                        <i>0.0456806 0.952418 0.301351 -0.998955 0.0431146 0.0151639 0.00144977 -0.301729 0.953393 -1.15238 3.46233 -0.242083</i>
                        <i>0.0457083 0.953111 0.299151 -0.998953 0.0430333 0.015527 0.00192552 -0.299547 0.95408 -1.1524 3.46167 -0.241804</i>
                        <i>0.0457755 0.953961 0.296416 -0.998949 0.0430671 0.0156641 0.0021772 -0.296821 0.954931 -1.1524 3.46144 -0.241706</i>
                    </KeyFrames>
                </p>
            </i>
            <i>
                <p>
                    <Name><![CDATA[spine1]]></Name>
                    <Exclude>0</Exclude>
                    <Additive>0</Additive>
                    <IKPriority>0</IKPriority>
                    <IKRotLimits>-1e+010 -1e+010 -1e+010 1e+010 1e+010 1e+010</IKRotLimits>
                    <IKRotLimitOrder>0</IKRotLimitOrder>
                    <KeyFrames count="30">
                        <i>0.222823 0.702459 0.675944 -0.969858 0.229877 0.0808165 -0.0986138 -0.673578 0.732508 -1.14376 3.6415 -0.185867</i>
                        <i>0.222608 0.703362 0.675076 -0.970015 0.229088 0.0811782 -0.0975541 -0.672904 0.733269 -1.14372 3.64248 -0.186572</i>
                        <i>0.222139 0.703375 0.675216 -0.970148 0.228562 0.0810739 -0.0973037 -0.673069 0.733151 -1.14364 3.64439 -0.187616</i>
                        <i>0.221469 0.702597 0.676246 -0.970252 0.228303 0.0805555 -0.0977911 -0.673969 0.732258 -1.14354 3.64702 -0.188902</i>
                        <i>0.220651 0.701126 0.678038 -0.970321 0.228315 0.0796776 -0.0989422 -0.675495 0.730696 -1.14343 3.65017 -0.190331</i>
                        <i>0.219738 0.699058 0.680465 -0.97035 0.228604 0.078498 -0.100682 -0.677538 0.728564 -1.14331 3.65361 -0.191807</i>
                        <i>0.218782 0.696487 0.683403 -0.970329 0.229174 0.0770766 -0.102935 -0.679989 0.725961 -1.14318 3.65712 -0.193232</i>
                        <i>0.217839 0.693504 0.686731 -0.970252 0.230031 0.0754753 -0.105627 -0.682743 0.722983 -1.14306 3.66051 -0.194507</i>
                        <i>0.216957 0.690296 0.690232 -0.970123 0.231117 0.0737956 -0.108583 -0.685621 0.719815 -1.14295 3.66357 -0.195564</i>
                        <i>0.216186 0.687143 0.693612 -0.96996 0.23231 0.0721747 -0.111539 -0.688379 0.716724 -1.14286 3.66616 -0.196368</i>
                        <i>0.215577 0.684265 0.69664 -0.969776 0.233522 0.0707267 -0.114285 -0.690832 0.713926 -1.14279 3.66811 -0.196866</i>
                        <i>0.215188 0.681879 0.699096 -0.969585 0.234662 0.0695643 -0.116617 -0.692802 0.711636 -1.14276 3.66925 -0.197012</i>
                        <i>0.215073 0.680197 0.700768 -0.969402 0.235639 0.0687988 -0.118331 -0.694123 0.710064 -1.14276 3.66942 -0.196757</i>
                        <i>0.215194 0.679158 0.701738 -0.969235 0.236445 0.0683876 -0.119476 -0.694866 0.709145 -1.14279 3.66876 -0.196178</i>
                        <i>0.215458 0.678564 0.702231 -0.969084 0.237116 0.0682093 -0.120226 -0.695217 0.708674 -1.14285 3.66761 -0.195412</i>
                        <i>0.215846 0.678416 0.702255 -0.968955 0.237628 0.0682575 -0.120569 -0.695187 0.708646 -1.14292 3.66605 -0.194507</i>
                        <i>0.216335 0.678717 0.701814 -0.968856 0.237956 0.0685268 -0.12049 -0.694781 0.709057 -1.143 3.66415 -0.193513</i>
                        <i>0.216905 0.679468 0.700911 -0.968792 0.238074 0.0690133 -0.119976 -0.694006 0.709902 -1.14309 3.66202 -0.19248</i>
                        <i>0.217533 0.680669 0.699549 -0.96877 0.237959 0.0697141 -0.119011 -0.692867 0.711176 -1.14318 3.65973 -0.191457</i>
                        <i>0.2182 0.682244 0.697805 -0.968784 0.237643 0.0705904 -0.117669 -0.691425 0.712801 -1.14327 3.65733 -0.190461</i>
                        <i>0.218888 0.684065 0.695804 -0.968821 0.237198 0.0715792 -0.116078 -0.689777 0.714656 -1.14336 3.65488 -0.189486</i>
                        <i>0.219577 0.68608 0.693599 -0.968878 0.236637 0.0726522 -0.114286 -0.687966 0.716688 -1.14345 3.65244 -0.188558</i>
                        <i>0.220247 0.688234 0.691249 -0.968953 0.235978 0.0737809 -0.112341 -0.686038 0.71884 -1.14353 3.65008 -0.187702</i>
                        <i>0.220878 0.690472 0.688812 -0.969045 0.235235 0.0749369 -0.110291 -0.684042 0.721057 -1.14361 3.64787 -0.186943</i>
                        <i>0.221452 0.692737 0.686349 -0.969152 0.234425 0.0760915 -0.108186 -0.682027 0.723281 -1.14367 3.64587 -0.186307</i>
                        <i>0.221949 0.694971 0.683925 -0.969271 0.233562 0.0772158 -0.106076 -0.680046 0.725455 -1.14372 3.64415 -0.185819</i>
                        <i>0.222353 0.697119 0.681605 -0.969402 0.232662 0.0782807 -0.104013 -0.678155 0.727521 -1.14376 3.64279 -0.185506</i>
                        <i>0.222645 0.69912 0.679456 -0.969544 0.231739 0.0792563 -0.102046 -0.676408 0.729423 -1.14378 3.64184 -0.185393</i>
                        <i>0.222808 0.700919 0.677546 -0.969696 0.230806 0.080112 -0.10023 -0.674864 0.731104 -1.14378 3.64139 -0.185504</i>
                        <i>0.222823 0.702459 0.675944 -0.969858 0.229877 0.0808165 -0.0986138 -0.673578 0.732508 -1.14376 3.6415 -0.185867</i>
                    </KeyFrames>
                </p>
            </i>
            <i>
                <p>
                    <Name><![CDATA[spine2]]></Name>
                    <Exclude>0</Exclude>
                    <Additive>0</Additive>
                    <IKPriority>0</IKPriority>
                    <IKRotLimits>-1e+010 -1e+010 -1e+010 1e+010 1e+010 1e+010</IKRotLimits>
                    <IKRotLimitOrder>0</IKRotLimitOrder>
                    <KeyFrames count="30">
                        <i>0.140243 0.422207 0.895585 -0.981633 0.177445 0.0700651 -0.129335 -0.888963 0.439338 -1.10514 3.7631 -0.0683768</i>
                        <i>0.139418 0.415329 0.898924 -0.981783 0.176323 0.070802 -0.129095 -0.892419 0.432346 -1.10507 3.76444 -0.0690239</i>
                        <i>0.138426 0.408244 0.902317 -0.981948 0.175163 0.0713921 -0.128907 -0.89591 0.425121 -1.10498 3.76664 -0.0697514</i>
                        <i>0.137345 0.401415 0.90554 -0.982117 0.174039 0.0718102 -0.128773 -0.899209 0.41814 -1.10488 3.76949 -0.070507</i>
                        <i>0.136248 0.395306 0.908388 -0.98228 0.173025 0.0720347 -0.128699 -0.902106 0.411876 -1.10479 3.77276 -0.0712397</i>
                        <i>0.13521 0.390376 0.910673 -0.982424 0.172197 0.072048 -0.128689 -0.904408 0.406798 -1.1047 3.77622 -0.0718995</i>
                        <i>0.134307 0.387073 0.912215 -0.98254 0.171626 0.0718363 -0.128754 -0.905935 0.403365 -1.10463 3.77965 -0.0724365</i>
                        <i>0.133615 0.385833 0.912842 -0.982614 0.171384 0.0713882 -0.128903 -0.90651 0.402024 -1.10458 3.78282 -0.072801</i>
                        <i>0.133163 0.386623 0.912573 -0.982647 0.171466 0.0707441 -0.129124 -0.906158 0.402747 -1.10455 3.78557 -0.0729798</i>
                        <i>0.132936 0.388976 0.911606 -0.982643 0.171797 0.0699908 -0.129386 -0.905088 0.405062 -1.10454 3.78778 -0.0729952</i>
                        <i>0.132946 0.392656 0.910025 -0.982604 0.172343 0.069187 -0.12967 -0.903393 0.408738 -1.10455 3.78932 -0.0728499</i>
                        <i>0.133204 0.397431 0.907912 -0.982531 0.173075 0.0683895 -0.129957 -0.901162 0.413543 -1.10458 3.79005 -0.0725471</i>
                        <i>0.13372 0.403073 0.905346 -0.982426 0.173963 0.0676534 -0.130227 -0.898481 0.419252 -1.10463 3.78982 -0.0720907</i>
                        <i>0.134435 0.409243 0.902467 -0.982295 0.174953 0.0669896 -0.130475 -0.895495 0.425517 -1.1047 3.78881 -0.0715206</i>
                        <i>0.135253 0.415543 0.899461 -0.982153 0.175976 0.0663882 -0.130696 -0.892388 0.431928 -1.10478 3.78734 -0.0708952</i>
                        <i>0.136129 0.421668 0.896474 -0.982008 0.176981 0.065872 -0.130882 -0.889311 0.438173 -1.10486 3.78551 -0.0702482</i>
                        <i>0.137016 0.427316 0.89366 -0.981865 0.177918 0.0654657 -0.131024 -0.886423 0.443944 -1.10494 3.78341 -0.0696138</i>
                        <i>0.137868 0.432184 0.891185 -0.981734 0.178739 0.065196 -0.131113 -0.883895 0.448932 -1.10502 3.78114 -0.0690269</i>
                        <i>0.138637 0.435968 0.88922 -0.981622 0.179392 0.065091 -0.131141 -0.881902 0.452826 -1.10508 3.7788 -0.068523</i>
                        <i>0.13932 0.438753 0.887742 -0.981529 0.179888 0.0651322 -0.131117 -0.880418 0.45571 -1.10514 3.77643 -0.0681004</i>
                        <i>0.139942 0.440868 0.886596 -0.981448 0.180275 0.06527 -0.131056 -0.879282 0.457917 -1.10519 3.77406 -0.067734</i>
                        <i>0.140486 0.442271 0.88581 -0.981383 0.180546 0.0654998 -0.130961 -0.878521 0.459402 -1.10523 3.77174 -0.0674325</i>
                        <i>0.140937 0.44292 0.885415 -0.981335 0.18069 0.0658168 -0.130834 -0.878165 0.460119 -1.10526 3.76954 -0.0672046</i>
                        <i>0.14128 0.442768 0.885436 -0.981307 0.180699 0.0662168 -0.130679 -0.87824 0.46002 -1.10528 3.76754 -0.0670592</i>
                        <i>0.141499 0.441766 0.885901 -0.981299 0.180565 0.066695 -0.130499 -0.878771 0.459054 -1.10529 3.76578 -0.0670046</i>
                        <i>0.14158 0.439864 0.886834 -0.981314 0.180279 0.0672465 -0.130298 -0.879784 0.457169 -1.10529 3.76434 -0.0670491</i>
                        <i>0.141509 0.43701 0.888255 -0.981354 0.179832 0.067866 -0.130078 -0.881296 0.454309 -1.10528 3.76329 -0.0672011</i>
                        <i>0.141272 0.43315 0.890181 -0.981419 0.179216 0.0685474 -0.129843 -0.883325 0.45042 -1.10525 3.76269 -0.0674681</i>
                        <i>0.140855 0.428233 0.892623 -0.981512 0.178423 0.0692832 -0.129595 -0.885879 0.445447 -1.1052 3.7626 -0.0678577</i>
                        <i>0.140243 0.422207 0.895585 -0.981633 0.177445 0.0700651 -0.129335 -0.888963 0.439338 -1.10514 3.7631 -0.0683768</i>
                    </KeyFrames>
                </p>
            </i>
            <i>
                <p>
                    <Name><![CDATA[head]]></Name>
                    <Exclude>0</Exclude>
                    <Additive>0</Additive>
                    <IKPriority>0</IKPriority>
                    <IKRotLimits>-1e+010 -1e+010 -1e+010 1e+010 1e+010 1e+010</IKRotLimits>
                    <IKRotLimitOrder>0</IKRotLimitOrder>
                    <KeyFrames count="30">
                        <i>-0.0454803 0.983887 0.172909 0.0822375 0.176188 -0.980915 -0.995574 -0.0303928 -0.0889255 -1.07978 3.88041 0.169922</i>
                        <i>-0.044316 0.984999 0.166772 0.0846196 0.170037 -0.981798 -0.995427 -0.0293971 -0.0908856 -1.07997 3.8794 0.170655</i>
                        <i>-0.0429248 0.986438 0.15842 0.087006 0.161655 -0.983004 -0.995283 -0.0284117 -0.0927651 -1.08016 3.87931 0.171343</i>
                        <i>-0.0418247 0.987305 0.153233 0.0890482 0.156441 -0.983665 -0.995149 -0.0274963 -0.0944608 -1.08033 3.88005 0.171951</i>
                        <i>-0.0415822 0.986786 0.156602 0.0904219 0.159811 -0.982997 -0.995035 -0.0267148 -0.0958723 -1.08047 3.88152 0.172449</i>
                        <i>-0.0422565 0.984835 0.168269 0.0910339 0.171514 -0.980967 -0.994951 -0.0261341 -0.096901 -1.08058 3.88364 0.172806</i>
                        <i>-0.0433601 0.982265 0.182414 0.0910099 0.18571 -0.978381 -0.994906 -0.0258212 -0.0974483 -1.08063 3.88631 0.172994</i>
                        <i>-0.0446421 0.979569 0.196092 0.0903572 0.199442 -0.975735 -0.994908 -0.0258405 -0.0974146 -1.08063 3.88946 0.172983</i>
                        <i>-0.0458789 0.977211 0.207255 0.0891954 0.210652 -0.973483 -0.994957 -0.0261761 -0.0968272 -1.08057 3.89288 0.17278</i>
                        <i>-0.046891 0.975553 0.214704 0.0877518 0.218132 -0.971966 -0.995038 -0.0267358 -0.095835 -1.08047 3.89628 0.172436</i>
                        <i>-0.0475007 0.975064 0.216781 0.0862065 0.220218 -0.971634 -0.995144 -0.0274653 -0.0945173 -1.08034 3.8994 0.171971</i>
                        <i>-0.04755 0.976152 0.211817 0.0847406 0.215235 -0.972879 -0.995268 -0.0283109 -0.0929541 -1.08018 3.90201 0.171411</i>
                        <i>-0.0469428 0.978947 0.198642 0.0835016 0.202011 -0.975817 -0.995401 -0.0292206 -0.0912266 -1.08001 3.90386 0.170781</i>
                        <i>-0.0458517 0.982748 0.179174 0.0824738 0.182475 -0.979745 -0.995538 -0.0301458 -0.0894177 -1.07983 3.90501 0.170108</i>
                        <i>-0.0445216 0.986694 0.156374 0.0815928 0.159597 -0.983805 -0.995671 -0.0310416 -0.0876126 -1.07965 3.90567 0.169423</i>
                        <i>-0.0431809 0.990141 0.13325 0.0808054 0.136399 -0.987353 -0.995794 -0.0318674 -0.0858985 -1.07949 3.90586 0.168762</i>
                        <i>-0.0420428 0.992721 0.11286 0.0800727 0.115945 -0.990023 -0.995902 -0.0325863 -0.0843645 -1.07934 3.90555 0.16816</i>
                        <i>-0.0413087 0.9943 0.0982867 0.0793676 0.101325 -0.991682 -0.995989 -0.0331643 -0.0831008 -1.07922 3.90476 0.167658</i>
                        <i>-0.0411719 0.99485 0.0926151 0.0786661 0.0956336 -0.992303 -0.99605 -0.0335693 -0.0821984 -1.07914 3.90348 0.167296</i>
                        <i>-0.0415409 0.99463 0.0947944 0.0779832 0.0978146 -0.992145 -0.996089 -0.0338222 -0.0816277 -1.07908 3.90179 0.167065</i>
                        <i>-0.0421152 0.994031 0.100637 0.0773774 0.103669 -0.991597 -0.996112 -0.0339743 -0.0812816 -1.07905 3.89985 0.166925</i>
                        <i>-0.0428244 0.99309 0.109259 0.0768866 0.112311 -0.990694 -0.99612 -0.0340253 -0.081165 -1.07904 3.89772 0.166878</i>
                        <i>-0.0436021 0.991843 0.119777 0.0765501 0.122856 -0.989468 -0.996112 -0.0339739 -0.0812824 -1.07905 3.89544 0.166925</i>
                        <i>-0.0443846 0.990348 0.131308 0.0764094 0.134418 -0.987974 -0.996088 -0.0338177 -0.081638 -1.07908 3.89308 0.16707</i>
                        <i>-0.0451094 0.988698 0.142972 0.0765085 0.146117 -0.986304 -0.996048 -0.033553 -0.082235 -1.07914 3.89069 0.167311</i>
                        <i>-0.0457133 0.987029 0.153896 0.0768936 0.157076 -0.984589 -0.995991 -0.0331752 -0.0830767 -1.07922 3.88834 0.167649</i>
                        <i>-0.04613 0.985512 0.163211 0.0776124 0.166427 -0.982995 -0.995916 -0.0326783 -0.0841653 -1.07932 3.88608 0.168082</i>
                        <i>-0.0462868 0.984347 0.170058 0.0787129 0.173305 -0.981718 -0.995822 -0.0320549 -0.0855025 -1.07945 3.88397 0.168607</i>
                        <i>-0.046102 0.983741 0.173577 0.0802408 0.176847 -0.980962 -0.995709 -0.0312964 -0.0870891 -1.0796 3.88206 0.169223</i>
                        <i>-0.0454803 0.983887 0.172909 0.0822375 0.176188 -0.980915 -0.995574 -0.0303928 -0.0889255 -1.07978 3.88041 0.169922</i>
                    </KeyFrames>
                </p>
            </i>
            <i>
                <p>
                    <Name><![CDATA[head_prop]]></Name>
                    <Exclude>0</Exclude>
                    <Additive>0</Additive>
                    <IKPriority>0</IKPriority>
                    <IKRotLimits>-1e+010 -1e+010 -1e+010 1e+010 1e+010 1e+010</IKRotLimits>
                    <IKRotLimitOrder>0</IKRotLimitOrder>
                    <KeyFrames count="30">
                        <i>0.995574 0.0303928 0.0889255 -0.0454803 0.983887 0.172909 -0.0822375 -0.176188 0.980915 -1.0946 4.20107 0.226275</i>
                        <i>0.995427 0.0293971 0.0908856 -0.044316 0.984999 0.166772 -0.0846196 -0.170037 0.981798 -1.09442 4.20042 0.225007</i>
                        <i>0.995283 0.0284117 0.0927651 -0.0429248 0.986438 0.15842 -0.087006 -0.161655 0.983004 -1.09415 4.2008 0.222973</i>
                        <i>0.995149 0.0274963 0.0944608 -0.0418247 0.987305 0.153233 -0.0890482 -0.156441 0.983665 -1.09396 4.20182 0.221892</i>
                        <i>0.995035 0.0267148 0.0958723 -0.0415822 0.986786 0.156602 -0.0904219 -0.159811 0.982997 -1.09403 4.20312 0.223487</i>
                        <i>0.994951 0.0261341 0.096901 -0.0422565 0.984835 0.168269 -0.0910339 -0.171514 0.980967 -1.09435 4.2046 0.227646</i>
                        <i>0.994906 0.0258212 0.0974483 -0.0433601 0.982265 0.182414 -0.0910099 -0.18571 0.978381 -1.09477 4.20644 0.232445</i>
                        <i>0.994908 0.0258405 0.0974146 -0.0446421 0.979569 0.196092 -0.0903572 -0.199442 0.975735 -1.09518 4.20871 0.236891</i>
                        <i>0.994957 0.0261761 0.0968272 -0.0458789 0.977211 0.207255 -0.0891954 -0.210652 0.973483 -1.09552 4.21136 0.240327</i>
                        <i>0.995038 0.0267358 0.095835 -0.046891 0.975553 0.214704 -0.0877518 -0.218132 0.971966 -1.09575 4.21422 0.24241</i>
                        <i>0.995144 0.0274653 0.0945173 -0.0475007 0.975064 0.216781 -0.0862065 -0.220218 0.971634 -1.09582 4.21718 0.242622</i>
                        <i>0.995268 0.0283109 0.0929541 -0.04755 0.976152 0.211817 -0.0847406 -0.215235 0.972879 -1.09568 4.22014 0.240444</i>
                        <i>0.995401 0.0292206 0.0912266 -0.0469428 0.978947 0.198642 -0.0835016 -0.202011 0.975817 -1.09531 4.2229 0.23552</i>
                        <i>0.995538 0.0301458 0.0894177 -0.0458517 0.982748 0.179174 -0.0824738 -0.182475 0.979745 -1.09477 4.22529 0.228502</i>
                        <i>0.995671 0.0310416 0.0876126 -0.0445216 0.986694 0.156374 -0.0815928 -0.159597 0.983805 -1.09416 4.22725 0.220387</i>
                        <i>0.995794 0.0318674 0.0858985 -0.0431809 0.990141 0.13325 -0.0808054 -0.136399 0.987353 -1.09356 4.22855 0.212189</i>
                        <i>0.995902 0.0325863 0.0843645 -0.0420428 0.992721 0.11286 -0.0800727 -0.115945 0.990023 -1.09304 4.22909 0.204943</i>
                        <i>0.995989 0.0331643 0.0831008 -0.0413087 0.9943 0.0982867 -0.0793676 -0.101325 0.991682 -1.09268 4.22881 0.199691</i>
                        <i>0.99605 0.0335693 0.0821984 -0.0411719 0.99485 0.0926151 -0.0786661 -0.0956336 0.992303 -1.09255 4.22771 0.19748</i>
                        <i>0.996089 0.0338222 0.0816277 -0.0415409 0.99463 0.0947944 -0.0779832 -0.0978146 0.992145 -1.09262 4.22595 0.19796</i>
                        <i>0.996112 0.0339743 0.0812816 -0.0421152 0.994031 0.100637 -0.0773774 -0.103669 0.991597 -1.09278 4.22382 0.199723</i>
                        <i>0.99612 0.0340253 0.081165 -0.0428244 0.99309 0.109259 -0.0768866 -0.112311 0.990694 -1.093 4.22137 0.202486</i>
                        <i>0.996112 0.0339739 0.0812824 -0.0436021 0.991843 0.119777 -0.0765501 -0.122856 0.989468 -1.09326 4.21869 0.205962</i>
                        <i>0.996088 0.0338177 0.081638 -0.0443846 0.990348 0.131308 -0.0764094 -0.134418 0.987974 -1.09355 4.21584 0.209864</i>
                        <i>0.996048 0.033553 0.082235 -0.0451094 0.988698 0.142972 -0.0765085 -0.146117 0.986304 -1.09384 4.21292 0.213907</i>
                        <i>0.995991 0.0331752 0.0830767 -0.0457133 0.987029 0.153896 -0.0768936 -0.157076 0.984589 -1.09412 4.21002 0.217805</i>
                        <i>0.995916 0.0326783 0.0841653 -0.04613 0.985512 0.163211 -0.0776124 -0.166427 0.982995 -1.09436 4.20727 0.221274</i>
                        <i>0.995822 0.0320549 0.0855025 -0.0462868 0.984347 0.170058 -0.0787129 -0.173305 0.981718 -1.09454 4.20478 0.224031</i>
                        <i>0.995709 0.0312964 0.0870891 -0.046102 0.983741 0.173577 -0.0802408 -0.176847 0.980962 -1.09463 4.20267 0.225793</i>
                        <i>0.995574 0.0303928 0.0889255 -0.0454803 0.983887 0.172909 -0.0822375 -0.176188 0.980915 -1.0946 4.20107 0.226275</i>
                    </KeyFrames>
                </p>
            </i>
            <i>
                <p>
                    <Name><![CDATA[l_clav]]></Name>
                    <Exclude>0</Exclude>
                    <Additive>0</Additive>
                    <IKPriority>0</IKPriority>
                    <IKRotLimits>-1e+010 -1e+010 -1e+010 1e+010 1e+010 1e+010</IKRotLimits>
                    <IKRotLimitOrder>0</IKRotLimitOrder>
                    <KeyFrames count="30">
                        <i>0.782183 0.58313 0.219429 -0.546614 0.473244 0.690836 0.299004 -0.660303 0.68891 -1.00593 3.75517 0.00659606</i>
                        <i>0.780437 0.581205 0.230475 -0.549854 0.462543 0.695496 0.297621 -0.669518 0.680563 -1.00584 3.75633 0.00582001</i>
                        <i>0.776452 0.580607 0.244984 -0.556571 0.449495 0.698701 0.295552 -0.678859 0.67216 -1.00576 3.75834 0.00507908</i>
                        <i>0.770599 0.581101 0.261722 -0.565953 0.43512 0.700263 0.293043 -0.687744 0.664179 -1.00568 3.761 0.00441329</i>
                        <i>0.763251 0.58255 0.279434 -0.57719 0.420425 0.700067 0.290343 -0.695614 0.657132 -1.00561 3.7641 0.00386109</i>
                        <i>0.754819 0.584916 0.296853 -0.589478 0.406411 0.698101 0.287686 -0.701928 0.651562 -1.00556 3.76741 0.00345986</i>
                        <i>0.745768 0.588255 0.312708 -0.602034 0.394078 0.694448 0.285281 -0.706158 0.64804 -1.00553 3.77073 0.00324679</i>
                        <i>0.736627 0.592686 0.325738 -0.614101 0.384418 0.689277 0.283305 -0.707775 0.647141 -1.00553 3.77384 0.00325992</i>
                        <i>0.727941 0.59806 0.3353 -0.625033 0.377806 0.683079 0.281843 -0.706815 0.648827 -1.00556 3.77657 0.0034886</i>
                        <i>0.720264 0.603895 0.341367 -0.634287 0.374057 0.676581 0.280893 -0.703841 0.652462 -1.00561 3.77881 0.00387569</i>
                        <i>0.714197 0.609789 0.343627 -0.641299 0.373361 0.670327 0.280461 -0.699113 0.65771 -1.00567 3.78042 0.00439114</i>
                        <i>0.710358 0.615276 0.341801 -0.645514 0.375951 0.66481 0.280541 -0.69289 0.664229 -1.00575 3.78125 0.00500469</i>
                        <i>0.709343 0.619829 0.335627 -0.646372 0.38209 0.660462 0.281134 -0.685434 0.671673 -1.00583 3.78116 0.00568535</i>
                        <i>0.710736 0.623328 0.326062 -0.644409 0.391022 0.657145 0.28212 -0.677174 0.679591 -1.00591 3.78031 0.00640088</i>
                        <i>0.713578 0.625928 0.314675 -0.640726 0.401425 0.654467 0.283331 -0.668634 0.687497 -1.00599 3.77901 0.00711773</i>
                        <i>0.717615 0.627492 0.30213 -0.635585 0.412723 0.652451 0.284712 -0.660238 0.695 -1.00607 3.77735 0.00780102</i>
                        <i>0.722591 0.627925 0.289089 -0.629244 0.424327 0.651152 0.286206 -0.652424 0.701733 -1.00613 3.77541 0.00841461</i>
                        <i>0.728255 0.627178 0.27621 -0.621965 0.435645 0.650672 0.287758 -0.645648 0.707343 -1.00619 3.7733 0.00892157</i>
                        <i>0.734365 0.625249 0.264143 -0.614011 0.446079 0.651156 0.289306 -0.640373 0.711495 -1.00622 3.77108 0.00928435</i>
                        <i>0.740723 0.622363 0.25297 -0.60559 0.455545 0.652488 0.290846 -0.636508 0.714329 -1.00625 3.7688 0.00951413</i>
                        <i>0.747158 0.618859 0.242421 -0.59687 0.464283 0.65436 0.292404 -0.633605 0.716272 -1.00626 3.76651 0.00965361</i>
                        <i>0.753486 0.614885 0.232754 -0.588094 0.472058 0.65674 0.293946 -0.631726 0.717299 -1.00627 3.76425 0.00970066</i>
                        <i>0.759535 0.610596 0.224229 -0.579508 0.478637 0.659604 0.295427 -0.630935 0.717387 -1.00626 3.76209 0.00965331</i>
                        <i>0.765149 0.606144 0.217109 -0.571367 0.483799 0.662932 0.296795 -0.631291 0.716509 -1.00625 3.7601 0.00951002</i>
                        <i>0.770185 0.601675 0.211665 -0.56393 0.487327 0.666705 0.29799 -0.63285 0.714635 -1.00622 3.75833 0.00926961</i>
                        <i>0.77451 0.597326 0.208172 -0.557463 0.48901 0.670898 0.298947 -0.635665 0.711731 -1.00619 3.75686 0.00893124</i>
                        <i>0.777999 0.593216 0.206911 -0.552232 0.488646 0.675474 0.299596 -0.639781 0.707759 -1.00614 3.75574 0.00849446</i>
                        <i>0.780528 0.589442 0.208171 -0.548503 0.48603 0.680381 0.299868 -0.645239 0.702671 -1.00608 3.75504 0.00795927</i>
                        <i>0.781969 0.586069 0.212244 -0.546543 0.480964 0.685539 0.299692 -0.652071 0.696411 -1.00601 3.75483 0.00732611</i>
                        <i>0.782183 0.58313 0.219429 -0.546614 0.473244 0.690836 0.299004 -0.660303 0.68891 -1.00593 3.75517 0.00659606</i>
                    </KeyFrames>
                </p>
            </i>
            <i>
                <p>
                    <Name><![CDATA[l_shoulder]]></Name>
                    <Exclude>0</Exclude>
                    <Additive>0</Additive>
                    <IKPriority>0</IKPriority>
                    <IKRotLimits>-1e+010 -1e+010 -1e+010 1e+010 1e+010 1e+010</IKRotLimits>
                    <IKRotLimitOrder>0</IKRotLimitOrder>
                    <KeyFrames count="30">
                        <i>0.668785 0.158807 0.726297 0.318757 0.821322 -0.473101 -0.671655 0.547915 0.498667 -0.851389 3.87038 0.0499504</i>
                        <i>0.668647 0.155319 0.727178 0.317806 0.824427 -0.468316 -0.672243 0.544239 0.501889 -0.851645 3.87116 0.0513569</i>
                        <i>0.670117 0.160212 0.724758 0.314524 0.823142 -0.472772 -0.672323 0.544766 0.501211 -0.852346 3.87306 0.0534826</i>
                        <i>0.672647 0.168815 0.72045 0.30992 0.819844 -0.481462 -0.671935 0.547135 0.499146 -0.853423 3.87582 0.056124</i>
                        <i>0.675852 0.17614 0.715681 0.305189 0.816987 -0.489277 -0.670883 0.549096 0.498407 -0.854807 3.8792 0.0590713</i>
                        <i>0.679503 0.17692 0.712022 0.30179 0.817182 -0.491057 -0.668729 0.548556 0.501885 -0.856424 3.88298 0.0621115</i>
                        <i>0.683471 0.171392 0.709572 0.300045 0.820177 -0.487116 -0.665462 0.545834 0.509142 -0.858185 3.88696 0.0650311</i>
                        <i>0.687613 0.164557 0.707184 0.299111 0.823295 -0.482409 -0.661605 0.543237 0.516888 -0.859993 3.89094 0.0676186</i>
                        <i>0.691602 0.157618 0.704871 0.298873 0.825979 -0.477947 -0.657542 0.541216 0.524141 -0.861737 3.89473 0.0697367</i>
                        <i>0.695051 0.151204 0.702881 0.299223 0.828106 -0.474032 -0.653735 0.539795 0.530332 -0.863302 3.89813 0.0713225</i>
                        <i>0.697652 0.146269 0.701347 0.300001 0.829336 -0.471383 -0.6506 0.539266 0.534707 -0.864564 3.9009 0.0722845</i>
                        <i>0.699143 0.143742 0.700384 0.301034 0.829344 -0.470709 -0.64852 0.539932 0.536559 -0.865396 3.90281 0.0725371</i>
                        <i>0.699302 0.144519 0.700065 0.30214 0.827808 -0.4727 -0.647833 0.542078 0.535223 -0.865676 3.90362 0.071998</i>
                        <i>0.69862 0.149263 0.69975 0.302908 0.824329 -0.478256 -0.64821 0.546079 0.530679 -0.865483 3.90346 0.0708237</i>
                        <i>0.697756 0.156294 0.699077 0.303378 0.819588 -0.486042 -0.648921 0.551224 0.524456 -0.865002 3.90268 0.0692907</i>
                        <i>0.696599 0.163376 0.698612 0.30399 0.814794 -0.493661 -0.649877 0.556254 0.51792 -0.86428 3.90133 0.0674954</i>
                        <i>0.695154 0.170061 0.698456 0.304743 0.810273 -0.500588 -0.65107 0.560836 0.51144 -0.863363 3.89948 0.0655324</i>
                        <i>0.693426 0.175897 0.698728 0.305641 0.806367 -0.506316 -0.65249 0.564652 0.505395 -0.862298 3.89721 0.0634947</i>
                        <i>0.69142 0.180432 0.699559 0.306686 0.803428 -0.51034 -0.654127 0.567404 0.500171 -0.861128 3.89461 0.0614732</i>
                        <i>0.689205 0.183748 0.70088 0.307846 0.801403 -0.51282 -0.655917 0.569201 0.495765 -0.859896 3.89177 0.0594955</i>
                        <i>0.686894 0.186267 0.702482 0.30906 0.799973 -0.51432 -0.657768 0.570393 0.491929 -0.858639 3.88878 0.0575508</i>
                        <i>0.684533 0.187905 0.704348 0.310307 0.799191 -0.514784 -0.659639 0.570951 0.488764 -0.857394 3.88574 0.0556879</i>
                        <i>0.682166 0.188574 0.706462 0.311565 0.799108 -0.514153 -0.661496 0.570847 0.486372 -0.856194 3.88273 0.0539561</i>
                        <i>0.679837 0.188186 0.708807 0.312811 0.79977 -0.512363 -0.663302 0.570046 0.484847 -0.85507 3.87986 0.0524062</i>
                        <i>0.677586 0.186655 0.711363 0.314024 0.801221 -0.509347 -0.665031 0.568511 0.484282 -0.85405 3.87721 0.0510901</i>
                        <i>0.675451 0.183892 0.714108 0.31518 0.803496 -0.50503 -0.666654 0.566195 0.484763 -0.85316 3.87487 0.0500615</i>
                        <i>0.673467 0.179811 0.717014 0.316257 0.806627 -0.499334 -0.668149 0.563046 0.48637 -0.852424 3.87294 0.0493756</i>
                        <i>0.671671 0.174326 0.720047 0.31723 0.810635 -0.492175 -0.669494 0.559001 0.489179 -0.851867 3.8715 0.0490893</i>
                        <i>0.670098 0.167352 0.723161 0.318073 0.815533 -0.483463 -0.67067 0.553985 0.493257 -0.851513 3.87062 0.049261</i>
                        <i>0.668785 0.158807 0.726297 0.318757 0.821322 -0.473101 -0.671655 0.547915 0.498667 -0.851389 3.87038 0.0499504</i>
                    </KeyFrames>
                </p>
            </i>
            <i>
                <p>
                    <Name><![CDATA[l_elbow]]></Name>
                    <Exclude>0</Exclude>
                    <Additive>0</Additive>
                    <IKPriority>0</IKPriority>
                    <IKRotLimits>-1e+010 -1e+010 -1e+010 1e+010 1e+010 1e+010</IKRotLimits>
                    <IKRotLimitOrder>0</IKRotLimitOrder>
                    <KeyFrames count="30">
                        <i>-0.762818 0.516876 0.388519 0.317061 0.822656 -0.471921 -0.563542 -0.236806 -0.791418 -0.633848 3.92204 0.286198</i>
                        <i>-0.764072 0.513454 0.390589 0.316109 0.825751 -0.467129 -0.562379 -0.233451 -0.793241 -0.63415 3.92168 0.287891</i>
                        <i>-0.765877 0.512613 0.38815 0.312827 0.824467 -0.471586 -0.561759 -0.239753 -0.791799 -0.634372 3.92517 0.28923</i>
                        <i>-0.767511 0.512944 0.384466 0.308224 0.821175 -0.48028 -0.562071 -0.250119 -0.788363 -0.634626 3.93073 0.29047</i>
                        <i>-0.768444 0.513087 0.382407 0.303495 0.818323 -0.488097 -0.563368 -0.259017 -0.784555 -0.634968 3.93649 0.291866</i>
                        <i>-0.768329 0.511763 0.384407 0.300102 0.818516 -0.489868 -0.56534 -0.261019 -0.782471 -0.635397 3.94053 0.293716</i>
