<?xml version="1.0" encoding="ISO-8859-1" ?>
<Animl Version="1">
    <ModellingPackage><![CDATA[Maya.2010]]></ModellingPackage>
    <SrcFile><![CDATA[anims\turrets\mortar\blue\~src\mortar_m120\mortar_m120_aim_random_crewman_c.mb]]></SrcFile>
    <FramesPerSecond>30</FramesPerSecond>
    <TotalFrames>60</TotalFrames>
    <Skeleton>
        <RefFrame>
            <Name><![CDATA[soldier_ref_frame]]></Name>
            <Exclude>0</Exclude>
            <Additive>0</Additive>
            <IKPriority>0</IKPriority>
            <IKRotLimits>-1e+010 -1e+010 -1e+010 1e+010 1e+010 1e+010</IKRotLimits>
            <IKRotLimitOrder>0</IKRotLimitOrder>
            <KeyFrames count="60">
                <i>1 0 0 0 1 0 0 0 1 -1.24 2.79 -0.12</i>
                <i>1 0 0 0 1 0 0 0 1 -1.24 2.79 -0.12</i>
                <i>1 0 0 0 1 0 0 0 1 -1.24 2.79 -0.12</i>
                <i>1 0 0 0 1 0 0 0 1 -1.24 2.79 -0.12</i>
                <i>1 0 0 0 1 0 0 0 1 -1.24 2.79 -0.12</i>
                <i>1 0 0 0 1 0 0 0 1 -1.24 2.79 -0.12</i>
                <i>1 0 0 0 1 0 0 0 1 -1.24 2.79 -0.12</i>
                <i>1 0 0 0 1 0 0 0 1 -1.24 2.79 -0.12</i>
                <i>1 0 0 0 1 0 0 0 1 -1.24 2.79 -0.12</i>
                <i>1 0 0 0 1 0 0 0 1 -1.24 2.79 -0.12</i>
                <i>1 0 0 0 1 0 0 0 1 -1.24 2.79 -0.12</i>
                <i>1 0 0 0 1 0 0 0 1 -1.24 2.79 -0.12</i>
                <i>1 0 0 0 1 0 0 0 1 -1.24 2.79 -0.12</i>
                <i>1 0 0 0 1 0 0 0 1 -1.24 2.79 -0.12</i>
                <i>1 0 0 0 1 0 0 0 1 -1.24 2.79 -0.12</i>
                <i>1 0 0 0 1 0 0 0 1 -1.24 2.79 -0.12</i>
                <i>1 0 0 0 1 0 0 0 1 -1.24 2.79 -0.12</i>
                <i>1 0 0 0 1 0 0 0 1 -1.24 2.79 -0.12</i>
                <i>1 0 0 0 1 0 0 0 1 -1.24 2.79 -0.12</i>
                <i>1 0 0 0 1 0 0 0 1 -1.24 2.79 -0.12</i>
                <i>1 0 0 0 1 0 0 0 1 -1.24 2.79 -0.12</i>
                <i>1 0 0 0 1 0 0 0 1 -1.24 2.79 -0.12</i>
                <i>1 0 0 0 1 0 0 0 1 -1.24 2.79 -0.12</i>
                <i>1 0 0 0 1 0 0 0 1 -1.24 2.79 -0.12</i>
                <i>1 0 0 0 1 0 0 0 1 -1.24 2.79 -0.12</i>
                <i>1 0 0 0 1 0 0 0 1 -1.24 2.79 -0.12</i>
                <i>1 0 0 0 1 0 0 0 1 -1.24 2.79 -0.12</i>
                <i>1 0 0 0 1 0 0 0 1 -1.24 2.79 -0.12</i>
                <i>1 0 0 0 1 0 0 0 1 -1.24 2.79 -0.12</i>
                <i>1 0 0 0 1 0 0 0 1 -1.24 2.79 -0.12</i>
                <i>1 0 0 0 1 0 0 0 1 -1.24 2.79 -0.12</i>
                <i>1 0 0 0 1 0 0 0 1 -1.24 2.79 -0.12</i>
                <i>1 0 0 0 1 0 0 0 1 -1.24 2.79 -0.12</i>
                <i>1 0 0 0 1 0 0 0 1 -1.24 2.79 -0.12</i>
                <i>1 0 0 0 1 0 0 0 1 -1.24 2.79 -0.12</i>
                <i>1 0 0 0 1 0 0 0 1 -1.24 2.79 -0.12</i>
                <i>1 0 0 0 1 0 0 0 1 -1.24 2.79 -0.12</i>
                <i>1 0 0 0 1 0 0 0 1 -1.24 2.79 -0.12</i>
                <i>1 0 0 0 1 0 0 0 1 -1.24 2.79 -0.12</i>
                <i>1 0 0 0 1 0 0 0 1 -1.24 2.79 -0.12</i>
                <i>1 0 0 0 1 0 0 0 1 -1.24 2.79 -0.12</i>
                <i>1 0 0 0 1 0 0 0 1 -1.24 2.79 -0.12</i>
                <i>1 0 0 0 1 0 0 0 1 -1.24 2.79 -0.12</i>
                <i>1 0 0 0 1 0 0 0 1 -1.24 2.79 -0.12</i>
                <i>1 0 0 0 1 0 0 0 1 -1.24 2.79 -0.12</i>
                <i>1 0 0 0 1 0 0 0 1 -1.24 2.79 -0.12</i>
                <i>1 0 0 0 1 0 0 0 1 -1.24 2.79 -0.12</i>
                <i>1 0 0 0 1 0 0 0 1 -1.24 2.79 -0.12</i>
                <i>1 0 0 0 1 0 0 0 1 -1.24 2.79 -0.12</i>
                <i>1 0 0 0 1 0 0 0 1 -1.24 2.79 -0.12</i>
                <i>1 0 0 0 1 0 0 0 1 -1.24 2.79 -0.12</i>
                <i>1 0 0 0 1 0 0 0 1 -1.24 2.79 -0.12</i>
                <i>1 0 0 0 1 0 0 0 1 -1.24 2.79 -0.12</i>
                <i>1 0 0 0 1 0 0 0 1 -1.24 2.79 -0.12</i>
                <i>1 0 0 0 1 0 0 0 1 -1.24 2.79 -0.12</i>
                <i>1 0 0 0 1 0 0 0 1 -1.24 2.79 -0.12</i>
                <i>1 0 0 0 1 0 0 0 1 -1.24 2.79 -0.12</i>
                <i>1 0 0 0 1 0 0 0 1 -1.24 2.79 -0.12</i>
                <i>1 0 0 0 1 0 0 0 1 -1.24 2.79 -0.12</i>
                <i>1 0 0 0 1 0 0 0 1 -1.24 2.79 -0.12</i>
            </KeyFrames>
        </RefFrame>
        <Bones count="23">
            <i>
                <p>
                    <Name><![CDATA[pelvis]]></Name>
                    <Exclude>0</Exclude>
                    <Additive>0</Additive>
                    <IKPriority>0</IKPriority>
                    <IKRotLimits>-1e+010 -1e+010 -1e+010 1e+010 1e+010 1e+010</IKRotLimits>
                    <IKRotLimitOrder>2</IKRotLimitOrder>
                    <KeyFrames count="60">
                        <i>1 0 0 0 1 0 0 0 1 -1.13249 3.32169 -0.213976</i>
                        <i>1 0 0 0 1 0 0 0 1 -1.13357 3.31927 -0.213976</i>
                        <i>1 0 0 0 1 0 0 0 1 -1.1365 3.31427 -0.213976</i>
                        <i>1 0 0 0 1 0 0 0 1 -1.14082 3.31006 -0.213976</i>
                        <i>1 0 0 0 1 0 0 0 1 -1.14607 3.31 -0.213976</i>
                        <i>1 0 0 0 1 0 0 0 1 -1.15178 3.31537 -0.213976</i>
                        <i>1 0 0 0 1 0 0 0 1 -1.1575 3.32395 -0.213976</i>
                        <i>1 0 0 0 1 0 0 0 1 -1.16274 3.33383 -0.213976</i>
                        <i>1 0 0 0 1 0 0 0 1 -1.16707 3.34314 -0.213976</i>
                        <i>1 0 0 0 1 0 0 0 1 -1.17 3.35 -0.213976</i>
                        <i>1 0 0 0 1 0 0 0 1 -1.17019 3.35093 -0.213976</i>
                        <i>1 0 0 0 1 0 0 0 1 -1.17065 3.35344 -0.213976</i>
                        <i>1 0 0 0 1 0 0 0 1 -1.17125 3.35711 -0.213976</i>
                        <i>1 0 0 0 1 0 0 0 1 -1.17185 3.36152 -0.213976</i>
                        <i>1 0 0 0 1 0 0 0 1 -1.17232 3.36626 -0.213976</i>
                        <i>1 0 0 0 1 0 0 0 1 -1.1725 3.37089 -0.213976</i>
                        <i>1 0 0 0 1 0 0 0 1 -1.17227 3.375 -0.213976</i>
                        <i>1 0 0 0 1 0 0 0 1 -1.17148 3.37818 -0.213976</i>
                        <i>1 0 0 0 1 0 0 0 1 -1.17 3.38 -0.213976</i>
                        <i>1 0 0 0 1 0 0 0 1 -1.16758 3.38059 -0.213976</i>
                        <i>1 0 0 0 1 0 0 0 1 -1.16422 3.38047 -0.213976</i>
                        <i>1 0 0 0 1 0 0 0 1 -1.16017 3.37976 -0.213976</i>
                        <i>1 0 0 0 1 0 0 0 1 -1.15569 3.37861 -0.213976</i>
                        <i>1 0 0 0 1 0 0 0 1 -1.151 3.37717 -0.213976</i>
                        <i>1 0 0 0 1 0 0 0 1 -1.14637 3.37556 -0.213976</i>
                        <i>1 0 0 0 1 0 0 0 1 -1.14202 3.37393 -0.213976</i>
                        <i>1 0 0 0 1 0 0 0 1 -1.13822 3.37242 -0.213976</i>
                        <i>1 0 0 0 1 0 0 0 1 -1.1352 3.37117 -0.213976</i>
                        <i>1 0 0 0 1 0 0 0 1 -1.1332 3.37032 -0.213976</i>
                        <i>1 0 0 0 1 0 0 0 1 -1.13249 3.37 -0.213976</i>
                        <i>1 0 0 0 1 0 0 0 1 -1.1296 3.36624 -0.213976</i>
                        <i>1 0 0 0 1 0 0 0 1 -1.12669 3.35982 -0.213976</i>
                        <i>1 0 0 0 1 0 0 0 1 -1.12382 3.35428 -0.213976</i>
                        <i>1 0 0 0 1 0 0 0 1 -1.12106 3.35316 -0.213976</i>
                        <i>1 0 0 0 1 0 0 0 1 -1.11845 3.36 -0.213976</i>
                        <i>1 0 0 0 1 0 0 0 1 -1.11607 3.38013 -0.213976</i>
                        <i>1 0 0 0 1 0 0 0 1 -1.11397 3.4112 -0.213976</i>
                        <i>1 0 0 0 1 0 0 0 1 -1.11222 3.4452 -0.213976</i>
                        <i>1 0 0 0 1 0 0 0 1 -1.11088 3.47413 -0.213976</i>
                        <i>1 0 0 0 1 0 0 0 1 -1.11 3.49 -0.213976</i>
                        <i>1 0 0 0 1 0 0 0 1 -1.11028 3.48916 -0.213976</i>
                        <i>1 0 0 0 1 0 0 0 1 -1.11104 3.48688 -0.213976</i>
                        <i>1 0 0 0 1 0 0 0 1 -1.11216 3.48352 -0.213976</i>
                        <i>1 0 0 0 1 0 0 0 1 -1.11352 3.47944 -0.213976</i>
                        <i>1 0 0 0 1 0 0 0 1 -1.115 3.475 -0.213976</i>
                        <i>1 0 0 0 1 0 0 0 1 -1.11648 3.47056 -0.213976</i>
                        <i>1 0 0 0 1 0 0 0 1 -1.11784 3.46648 -0.213976</i>
                        <i>1 0 0 0 1 0 0 0 1 -1.11896 3.46312 -0.213976</i>
                        <i>1 0 0 0 1 0 0 0 1 -1.11972 3.46084 -0.213976</i>
                        <i>1 0 0 0 1 0 0 0 1 -1.12 3.46 -0.213976</i>
                        <i>1 0 0 0 1 0 0 0 1 -1.12126 3.45653 -0.213976</i>
                        <i>1 0 0 0 1 0 0 0 1 -1.12274 3.4532 -0.213976</i>
                        <i>1 0 0 0 1 0 0 0 1 -1.12435 3.4486 -0.213976</i>
                        <i>1 0 0 0 1 0 0 0 1 -1.12601 3.44133 -0.213976</i>
                        <i>1 0 0 0 1 0 0 0 1 -1.12765 3.43 -0.213976</i>
                        <i>1 0 0 0 1 0 0 0 1 -1.12917 3.40988 -0.213976</i>
                        <i>1 0 0 0 1 0 0 0 1 -1.1305 3.38192 -0.213976</i>
                        <i>1 0 0 0 1 0 0 0 1 -1.13155 3.35317 -0.213976</i>
                        <i>1 0 0 0 1 0 0 0 1 -1.13224 3.33074 -0.213976</i>
                        <i>1 0 0 0 1 0 0 0 1 -1.13249 3.32169 -0.213976</i>
                    </KeyFrames>
                </p>
            </i>
            <i>
                <p>
                    <Name><![CDATA[spine0]]></Name>
                    <Exclude>0</Exclude>
                    <Additive>0</Additive>
                    <IKPriority>0</IKPriority>
                    <IKRotLimits>-1e+010 -1e+010 -1e+010 1e+010 1e+010 1e+010</IKRotLimits>
                    <IKRotLimitOrder>0</IKRotLimitOrder>
                    <KeyFrames count="60">
                        <i>0.0457755 0.953961 0.296416 -0.998949 0.0430671 0.0156641 0.0021772 -0.296821 0.954931 -1.1524 3.46144 -0.241706</i>
                        <i>0.0462629 0.952661 0.300493 -0.998856 0.0477548 0.00238242 -0.0120804 -0.30026 0.953781 -1.15165 3.45859 -0.244961</i>
                        <i>0.0459712 0.949349 0.310842 -0.997822 0.0583771 -0.0307205 -0.0473105 -0.308752 0.949965 -1.14951 3.45236 -0.252156</i>
                        <i>0.0422681 0.945298 0.323458 -0.994867 0.0696156 -0.0734451 -0.0919452 -0.318693 0.943388 -1.14623 3.44645 -0.259391</i>
                        <i>0.0359314 0.943009 0.330822 -0.989907 0.0789963 -0.117663 -0.137091 -0.323255 0.936329 -1.14247 3.44521 -0.262978</i>
                        <i>0.0311872 0.943219 0.330704 -0.982954 0.0889201 -0.160916 -0.181185 -0.320048 0.929915 -1.13899 3.45044 -0.261811</i>
                        <i>0.029316 0.943865 0.329029 -0.97394 0.101035 -0.203057 -0.224901 -0.314501 0.92223 -1.13617 3.45925 -0.257936</i>
                        <i>0.0301104 0.944139 0.328169 -0.963624 0.114647 -0.241422 -0.265559 -0.308962 0.913247 -1.13429 3.4694 -0.252803</i>
                        <i>0.032204 0.943941 0.328539 -0.953893 0.12717 -0.271876 -0.298415 -0.304635 0.904514 -1.13342 3.4788 -0.248042</i>
                        <i>0.0340503 0.943722 0.328982 -0.947547 0.135155 -0.289633 -0.317797 -0.301864 0.898823 -1.13342 3.48554 -0.24537</i>
                        <i>0.0341117 0.943681 0.329094 -0.947536 0.135253 -0.289624 -0.317824 -0.301949 0.898785 -1.1336 3.48647 -0.24537</i>
                        <i>0.0344218 0.943631 0.329206 -0.947497 0.135594 -0.289593 -0.317908 -0.301953 0.898754 -1.13406 3.48898 -0.24537</i>
                        <i>0.0351657 0.943681 0.328984 -0.947422 0.136242 -0.289535 -0.31805 -0.301505 0.898855 -1.13467 3.49266 -0.24537</i>
                        <i>0.0365448 0.943944 0.328078 -0.947302 0.137273 -0.289441 -0.318252 -0.300211 0.899216 -1.13527 3.49707 -0.24537</i>
                        <i>0.0387926 0.944534 0.326114 -0.947124 0.138785 -0.289302 -0.318516 -0.297648 0.899974 -1.13573 3.5018 -0.24537</i>
                        <i>0.0416229 0.945365 0.323347 -0.946909 0.140585 -0.289137 -0.318797 -0.294146 0.901025 -1.13592 3.50643 -0.24537</i>
                        <i>0.0443089 0.946189 0.320566 -0.946708 0.14224 -0.288983 -0.31903 -0.290678 0.902068 -1.13568 3.51055 -0.24537</i>
                        <i>0.0464468 0.946891 0.318182 -0.946554 0.143498 -0.288866 -0.319183 -0.28776 0.902949 -1.1349 3.51372 -0.24537</i>
                        <i>0.0479951 0.947451 0.316281 -0.946449 0.144348 -0.288787 -0.319266 -0.285484 0.903642 -1.13342 3.51554 -0.24537</i>
                        <i>0.0491468 0.947909 0.314728 -0.946376 0.144933 -0.288732 -0.319306 -0.283661 0.904201 -1.13099 3.51614 -0.24537</i>
                        <i>0.0498385 0.94824 0.313619 -0.94634 0.145224 -0.288705 -0.319307 -0.282402 0.904595 -1.12763 3.51601 -0.24537</i>
                        <i>0.0500092 0.948421 0.313046 -0.946344 0.145194 -0.288708 -0.319269 -0.281811 0.904793 -1.12359 3.5153 -0.24537</i>
                        <i>0.049604 0.948426 0.313093 -0.946391 0.144817 -0.288743 -0.319193 -0.281985 0.904765 -1.1191 3.51416 -0.24537</i>
                        <i>0.0485742 0.948232 0.31384 -0.946483 0.144074 -0.288813 -0.319078 -0.283016 0.904484 -1.11442 3.51271 -0.24537</i>
                        <i>0.0465535 0.947701 0.315747 -0.946644 0.142766 -0.288934 -0.318901 -0.285449 0.903781 -1.10978 3.5111 -0.24537</i>
                        <i>0.043596 0.946827 0.318777 -0.946867 0.140933 -0.289104 -0.318658 -0.289236 0.902663 -1.10544 3.50947 -0.24537</i>
                        <i>0.0402866 0.945791 0.322268 -0.947108 0.138915 -0.28929 -0.318376 -0.293568 0.901363 -1.10163 3.50796 -0.24537</i>
                        <i>0.0372067 0.944787 0.325566 -0.947327 0.137053 -0.289461 -0.318098 -0.297648 0.900122 -1.09861 3.50671 -0.24537</i>
                        <i>0.0349355 0.944025 0.32802 -0.947486 0.135686 -0.289585 -0.317883 -0.300677 0.89919 -1.09662 3.50586 -0.24537</i>
                        <i>0.0340503 0.943722 0.328982 -0.947547 0.135155 -0.289633 -0.317797 -0.301864 0.898823 -1.0959 3.50554 -0.24537</i>
                        <i>0.038322 0.949533 0.311318 -0.953663 0.127795 -0.272388 -0.298427 -0.286454 0.910432 -1.09537 3.50136 -0.249567</i>
                        <i>0.043365 0.958797 0.280763 -0.96251 0.115413 -0.245467 -0.267757 -0.259592 0.927857 -1.09626 3.49367 -0.257033</i>
                        <i>0.0429503 0.968671 0.244607 -0.972404 0.0967272 -0.212307 -0.229316 -0.228738 0.946094 -1.09887 3.48624 -0.265542</i>
                        <i>0.0334291 0.976762 0.211705 -0.981958 0.0715456 -0.175041 -0.18612 -0.202034 0.961531 -1.10324 3.48317 -0.272937</i>
                        <i>0.0153129 0.981327 0.191736 -0.990001 0.0417728 -0.134732 -0.140226 -0.187756 0.972155 -1.10913 3.48888 -0.277219</i>
                        <i>-0.00626533 0.981239 0.192692 -0.995666 0.0117587 -0.0922523 -0.0927874 -0.192435 0.976913 -1.116 3.50934 -0.277238</i>
                        <i>-0.0234698 0.977221 0.210924 -0.998691 -0.0133269 -0.0493815 -0.0454457 -0.211806 0.976254 -1.12303 3.54161 -0.274035</i>
                        <i>-0.0321734 0.971023 0.23681 -0.999482 -0.0310572 -0.00844331 -0.000843983 -0.236959 0.971519 -1.12946 3.57695 -0.269124</i>
                        <i>-0.0335941 0.964887 0.260508 -0.998738 -0.0421455 0.027308 0.0373284 -0.259262 0.965085 -1.13471 3.60682 -0.264211</i>
                        <i>-0.0329469 0.961312 0.273485 -0.997367 -0.0493116 0.0531792 0.0646077 -0.271012 0.960405 -1.13838 3.62291 -0.261152</i>
                        <i>-0.0333128 0.961512 0.272736 -0.99735 -0.0496391 0.0531801 0.0646716 -0.270242 0.960618 -1.13866 3.62207 -0.261152</i>
                        <i>-0.0343053 0.962051 0.270704 -0.997306 -0.050527 0.0531825 0.0648421 -0.268151 0.961192 -1.13942 3.61979 -0.261152</i>
                        <i>-0.0357667 0.962835 0.267711 -0.997239 -0.0518327 0.0531859 0.0650854 -0.265069 0.96203 -1.14054 3.61643 -0.261152</i>
                        <i>-0.0375391 0.963771 0.264075 -0.997155 -0.0534136 0.05319 0.0653682 -0.261327 0.963034 -1.1419 3.61235 -0.261152</i>
                        <i>-0.0394654 0.964769 0.26012 -0.997061 -0.0551286 0.0531943 0.0656602 -0.257257 0.96411 -1.14338 3.60791 -0.261152</i>
                        <i>-0.041389 0.965746 0.256166 -0.996965 -0.0568379 0.0531984 0.065936 -0.253187 0.965168 -1.14486 3.60347 -0.261152</i>
                        <i>-0.0431544 0.966626 0.252533 -0.996874 -0.0584039 0.053202 0.0661753 -0.249447 0.966125 -1.14622 3.59939 -0.261152</i>
                        <i>-0.0446065 0.967336 0.249541 -0.996798 -0.0596901 0.0532048 0.0663621 -0.246369 0.966901 -1.14734 3.59603 -0.261152</i>
                        <i>-0.045591 0.967812 0.247511 -0.996745 -0.0605612 0.0532067 0.0664837 -0.24428 0.967423 -1.1481 3.59375 -0.261152</i>
                        <i>-0.0459535 0.967986 0.246764 -0.996726 -0.0608818 0.0532074 0.0665274 -0.243511 0.967614 -1.14838 3.59291 -0.261152</i>
                        <i>-0.0425197 0.968049 0.247129 -0.997217 -0.0562817 0.0488897 0.0612365 -0.244363 0.967748 -1.14967 3.58945 -0.261105</i>
                        <i>-0.0366495 0.967912 0.248603 -0.997924 -0.0486322 0.0422291 0.0529642 -0.246539 0.967684 -1.15135 3.58603 -0.261239</i>
                        <i>-0.0282099 0.967475 0.251389 -0.998691 -0.0380137 0.0342271 0.0426701 -0.250095 0.967281 -1.15307 3.58142 -0.261187</i>
                        <i>-0.0173444 0.966605 0.255683 -0.99935 -0.0248448 0.0261335 0.0316132 -0.255064 0.966407 -1.15451 3.57442 -0.260567</i>
                        <i>-0.00454071 0.965169 0.261588 -0.999762 -0.0099685 0.0194262 0.0213572 -0.261438 0.964984 -1.15537 3.5638 -0.258977</i>
                        <i>0.00933117 0.963022 0.269262 -0.999864 0.00533188 0.0155803 0.0135685 -0.269371 0.962941 -1.15536 3.54502 -0.255791</i>
                        <i>0.0228786 0.960263 0.278158 -0.999704 0.0196593 0.0143578 0.00831889 -0.278404 0.960428 -1.15468 3.51872 -0.251357</i>
                        <i>0.0345432 0.957332 0.286918 -0.999391 0.0316848 0.014601 0.00488707 -0.287247 0.957844 -1.15369 3.49149 -0.246769</i>
                        <i>0.0427104 0.954942 0.293704 -0.999083 0.0399814 0.0152919 0.00286014 -0.294088 0.955774 -1.15279 3.4701 -0.243164</i>
                        <i>0.0457755 0.953961 0.296416 -0.998949 0.0430671 0.0156641 0.0021772 -0.296821 0.954931 -1.1524 3.46144 -0.241706</i>
                    </KeyFrames>
                </p>
            </i>
            <i>
                <p>
                    <Name><![CDATA[spine1]]></Name>
                    <Exclude>0</Exclude>
                    <Additive>0</Additive>
                    <IKPriority>0</IKPriority>
                    <IKRotLimits>-1e+010 -1e+010 -1e+010 1e+010 1e+010 1e+010</IKRotLimits>
                    <IKRotLimitOrder>0</IKRotLimitOrder>
                    <KeyFrames count="60">
                        <i>0.222823 0.702459 0.675944 -0.969858 0.229877 0.0808165 -0.0986138 -0.673578 0.732508 -1.14376 3.6415 -0.185867</i>
                        <i>0.203604 0.689921 0.694661 -0.971534 0.230144 0.0561817 -0.121111 -0.686326 0.717139 -1.14289 3.63899 -0.188172</i>
                        <i>0.150154 0.663393 0.733051 -0.973444 0.228795 -0.00765949 -0.1728 -0.712434 0.680131 -1.14074 3.63351 -0.192966</i>
                        <i>0.0708496 0.639496 0.765523 -0.970287 0.222181 -0.0958032 -0.23135 -0.735989 0.636236 -1.13808 3.62835 -0.197284</i>
                        <i>-0.0207432 0.633488 0.773474 -0.95888 0.206422 -0.194779 -0.283052 -0.74571 0.603157 -1.13551 3.6274 -0.199203</i>
                        <i>-0.111074 0.647892 0.753591 -0.937891 0.182439 -0.295088 -0.328669 -0.739562 0.587387 -1.13296 3.63227 -0.198197</i>
                        <i>-0.191569 0.671154 0.716138 -0.907554 0.156679 -0.389611 -0.373693 -0.724572 0.579094 -1.13051 3.64042 -0.194911</i>
                        <i>-0.25516 0.6964 0.670761 -0.87227 0.133525 -0.470443 -0.41718 -0.705123 0.573378 -1.1285 3.64988 -0.190192</i>
                        <i>-0.298499 0.71744 0.629426 -0.839658 0.116119 -0.530556 -0.453731 -0.686874 0.567743 -1.12725 3.65882 -0.185506</i>
                        <i>-0.321429 0.728775 0.604625 -0.81897 0.106587 -0.563851 -0.475365 -0.676407 0.562584 -1.12689 3.66552 -0.182749</i>
                        <i>-0.322425 0.72752 0.605604 -0.819122 0.106214 -0.563699 -0.474427 -0.677815 0.561682 -1.12706 3.66652 -0.1827</i>
                        <i>-0.324639 0.724686 0.607815 -0.81954 0.105295 -0.563264 -0.47219 -0.680987 0.559727 -1.12745 3.66922 -0.182609</i>
                        <i>-0.326908 0.721678 0.610173 -0.820167 0.104126 -0.56257 -0.469529 -0.684353 0.557857 -1.1279 3.67317 -0.182559</i>
                        <i>-0.328085 0.719923 0.611614 -0.820942 0.103023 -0.56164 -0.467348 -0.686365 0.557215 -1.12823 3.67791 -0.182637</i>
                        <i>-0.32703 0.72085 0.611086 -0.821804 0.102329 -0.560507 -0.466573 -0.685496 0.558933 -1.12825 3.68299 -0.182936</i>
                        <i>-0.323929 0.724266 0.608695 -0.822634 0.102145 -0.55932 -0.467272 -0.681913 0.562718 -1.12789 3.68793 -0.183417</i>
                        <i>-0.320049 0.728659 0.605496 -0.823278 0.102353 -0.558334 -0.468809 -0.677186 0.567131 -1.12714 3.69226 -0.18393</i>
                        <i>-0.315883 0.733465 0.601869 -0.8236 0.102974 -0.557745 -0.471064 -0.671882 0.571554 -1.12594 3.69553 -0.184404</i>
                        <i>-0.311712 0.738333 0.59808 -0.823623 0.103907 -0.557537 -0.473793 -0.666384 0.57572 -1.12417 3.69731 -0.184814</i>
                        <i>-0.307676 0.74305 0.594316 -0.823477 0.104972 -0.557554 -0.476677 -0.660952 0.579587 -1.12153 3.69781 -0.185173</i>
                        <i>-0.304063 0.747284 0.590857 -0.823189 0.106068 -0.557772 -0.479486 -0.655985 0.582904 -1.11806 3.69753 -0.185456</i>
                        <i>-0.301161 0.750715 0.587988 -0.822787 0.107103 -0.558166 -0.481999 -0.651887 0.585423 -1.11399 3.69663 -0.185639</i>
                        <i>-0.299264 0.753026 0.585997 -0.822302 0.107988 -0.558711 -0.484004 -0.649069 0.586898 -1.10959 3.69527 -0.185699</i>
                        <i>-0.298666 0.753901 0.585177 -0.82176 0.108642 -0.559381 -0.485293 -0.647943 0.587078 -1.10512 3.6936 -0.185617</i>
                        <i>-0.300468 0.752116 0.58655 -0.821165 0.108841 -0.560216 -0.485187 -0.649981 0.584908 -1.10087 3.69178 -0.185291</i>
                        <i>-0.304735 0.747548 0.590177 -0.820544 0.108552 -0.561181 -0.483575 -0.655277 0.580316 -1.09709 3.68994 -0.184726</i>
                        <i>-0.310204 0.741528 0.594903 -0.819953 0.107985 -0.562154 -0.481093 -0.662175 0.574521 -1.09392 3.68825 -0.184056</i>
                        <i>-0.315628 0.735429 0.599603 -0.819451 0.107338 -0.563008 -0.478413 -0.669046 0.568769 -1.09148 3.68684 -0.183417</i>
                        <i>-0.319776 0.730685 0.603194 -0.819101 0.106807 -0.563618 -0.476253 -0.674308 0.564351 -1.08992 3.68587 -0.182938</i>
                        <i>-0.321429 0.728775 0.604625 -0.81897 0.106587 -0.563851 -0.475365 -0.676407 0.562584 -1.08937 3.68552 -0.182749</i>
                        <i>-0.287302 0.737287 0.611445 -0.845212 0.105187 -0.523978 -0.450638 -0.667341 0.592943 -1.08802 3.68273 -0.190221</i>
                        <i>-0.234251 0.750527 0.617928 -0.882571 0.102362 -0.458902 -0.407671 -0.652863 0.638415 -1.0879 3.67781 -0.203237</i>
                        <i>-0.173573 0.765108 0.620066 -0.922104 0.0948364 -0.375141 -0.345828 -0.63688 0.689048 -1.09054 3.6735 -0.218389</i>
                        <i>-0.113782 0.77777 0.618165 -0.957179 0.0808951 -0.277963 -0.266198 -0.623322 0.735261 -1.09672 3.67295 -0.231944</i>
                        <i>-0.0580814 0.785232 0.616471 -0.983234 0.061923 -0.171511 -0.17285 -0.616097 0.768471 -1.10613 3.67975 -0.240068</i>
                        <i>-0.00342239 0.784175 0.620531 -0.997278 0.0430316 -0.0598799 -0.0736587 -0.619046 0.781893 -1.1172 3.69935 -0.240062</i>
                        <i>0.0554109 0.776094 0.628178 -0.998233 0.0295346 0.0515641 0.0214656 -0.629925 0.776359 -1.12753 3.72931 -0.23365</i>
                        <i>0.117779 0.76496 0.633218 -0.987532 0.023159 0.155704 0.104443 -0.643662 0.75815 -1.13558 3.7617 -0.224184</i>
                        <i>0.175938 0.755124 0.631532 -0.969587 0.0220505 0.24375 0.170136 -0.65521 0.736039 -1.14105 3.78892 -0.215153</i>
                        <i>0.21743 0.751423 0.622967 -0.951836 0.0218767 0.305826 0.216176 -0.659458 0.719988 -1.14458 3.80364 -0.209841</i>
                        <i>0.216798 0.752587 0.621781 -0.951884 0.0216475 0.305694 0.216601 -0.658137 0.721069 -1.14492 3.80283 -0.209984</i>
                        <i>0.215078 0.755734 0.618553 -0.952013 0.0210266 0.305335 0.217746 -0.654541 0.723991 -1.14587 3.80063 -0.210372</i>
                        <i>0.212537 0.760339 0.61377 -0.9522 0.0201144 0.304811 0.219414 -0.649215 0.72827 -1.14726 3.79738 -0.210944</i>
                        <i>0.209442 0.765875 0.607922 -0.952425 0.0190111 0.30418 0.221406 -0.642708 0.73342 -1.14896 3.79343 -0.21164</i>
                        <i>0.206063 0.771832 0.60151 -0.952665 0.0178158 0.3035 0.223534 -0.635577 0.738968 -1.15079 3.78912 -0.212398</i>
                        <i>0.202671 0.777717 0.595046 -0.952901 0.0166259 0.302826 0.22562 -0.628394 0.744457 -1.15263 3.7848 -0.213156</i>
                        <i>0.199545 0.783063 0.589063 -0.953114 0.0155371 0.302213 0.227499 -0.621749 0.749448 -1.15432 3.78082 -0.213854</i>
                        <i>0.196963 0.787419 0.584103 -0.953287 0.0146438 0.301712 0.229021 -0.616244 0.75352 -1.15571 3.77754 -0.21443</i>
                        <i>0.195207 0.790352 0.580722 -0.953402 0.0140392 0.301375 0.230039 -0.612492 0.756264 -1.15666 3.77531 -0.21482</i>
                        <i>0.194559 0.791428 0.579473 -0.953445 0.0138168 0.301251 0.230412 -0.611107 0.757271 -1.157 3.77449 -0.214964</i>
                        <i>0.199665 0.78402 0.587746 -0.958425 0.0314738 0.283604 0.203853 -0.619937 0.757709 -1.15768 3.77171 -0.214683</i>
                        <i>0.208023 0.771228 0.60161 -0.964252 0.0584751 0.258455 0.164149 -0.633868 0.755822 -1.15829 3.76937 -0.214261</i>
                        <i>0.217177 0.755108 0.618584 -0.969211 0.0914783 0.22861 0.116038 -0.649187 0.751725 -1.15845 3.76596 -0.213358</i>
                        <i>0.225036 0.737872 0.636321 -0.9722 0.126678 0.196926 0.0646985 -0.662946 0.745866 -1.15784 3.75993 -0.211626</i>
                        <i>0.230025 0.721931 0.652613 -0.973061 0.159915 0.166072 0.0155302 -0.673233 0.739267 -1.15624 3.74971 -0.208723</i>
                        <i>0.231313 0.710366 0.664736 -0.97253 0.187136 0.138437 -0.026055 -0.678498 0.73414 -1.15357 3.73034 -0.204107</i>
                        <i>0.229812 0.704023 0.671966 -0.971505 0.207096 0.115279 -0.0580018 -0.679311 0.731555 -1.1503 3.7026 -0.198218</i>
                        <i>0.226916 0.701776 0.675292 -0.970578 0.220293 0.0972074 -0.0805446 -0.677482 0.731116 -1.14712 3.67363 -0.192299</i>
                        <i>0.224087 0.701941 0.676065 -0.97002 0.227599 0.0852106 -0.0940585 -0.674891 0.731899 -1.14471 3.65078 -0.187708</i>
                        <i>0.222823 0.702459 0.675944 -0.969858 0.229877 0.0808165 -0.0986138 -0.673578 0.732508 -1.14376 3.6415 -0.185867</i>
                    </KeyFrames>
                </p>
            </i>
            <i>
                <p>
                    <Name><![CDATA[spine2]]></Name>
                    <Exclude>0</Exclude>
                    <Additive>0</Additive>
                    <IKPriority>0</IKPriority>
                    <IKRotLimits>-1e+010 -1e+010 -1e+010 1e+010 1e+010 1e+010</IKRotLimits>
                    <IKRotLimitOrder>0</IKRotLimitOrder>
                    <KeyFrames count="60">
                        <i>0.140243 0.422207 0.895585 -0.981633 0.177445 0.0700651 -0.129335 -0.888963 0.439338 -1.10514 3.7631 -0.0683768</i>
                        <i>0.114257 0.423335 0.89874 -0.982613 0.181422 0.0394639 -0.146345 -0.887622 0.436703 -1.10752 3.75878 -0.0670472</i>
                        <i>0.0456149 0.428447 0.902415 -0.980458 0.192252 -0.0417173 -0.191365 -0.882877 0.428844 -1.11452 3.74951 -0.0641986</i>
                        <i>-0.0512394 0.439264 0.896895 -0.965455 0.207958 -0.157006 -0.255484 -0.873957 0.413434 -1.12574 3.74106 -0.0617139</i>
                        <i>-0.163215 0.455416 0.87519 -0.930295 0.224326 -0.290222 -0.3285 -0.861553 0.387058 -1.13944 3.73947 -0.0617064</i>
                        <i>-0.278509 0.476402 0.833951 -0.873024 0.236352 -0.426576 -0.400328 -0.846864 0.350084 -1.15294 3.74666 -0.0645544</i>
                        <i>-0.384502 0.500067 0.775945 -0.797986 0.242527 -0.551724 -0.464087 -0.831333 0.305794 -1.16465 3.75846 -0.0684723</i>
                        <i>-0.471313 0.522484 0.710546 -0.716555 0.242866 -0.653885 -0.514211 -0.817329 0.259922 -1.17372 3.77191 -0.0722606</i>
                        <i>-0.532823 0.53966 0.651818 -0.644887 0.239789 -0.725687 -0.547923 -0.807012 0.220255 -1.17998 3.78428 -0.0751213</i>
                        <i>-0.566401 0.547706 0.615799 -0.600677 0.237226 -0.763486 -0.56425 -0.802335 0.194629 -1.18365 3.79298 -0.0767221</i>
                        <i>-0.568551 0.543994 0.617106 -0.600891 0.237717 -0.763165 -0.561854 -0.804712 0.191727 -1.18402 3.79381 -0.0764536</i>
                        <i>-0.573776 0.534929 0.620188 -0.601446 0.238784 -0.762394 -0.555917 -0.810453 0.184722 -1.18487 3.79616 -0.0758537</i>
                        <i>-0.580241 0.523627 0.623807 -0.602212 0.239824 -0.761463 -0.548326 -0.817496 0.176179 -1.1858 3.79976 -0.0752288</i>
                        <i>-0.586188 0.513279 0.62684 -0.603052 0.240246 -0.760665 -0.541029 -0.823909 0.168705 -1.18643 3.80438 -0.0748863</i>
                        <i>-0.589952 0.507154 0.628293 -0.603832 0.239476 -0.760288 -0.536044 -0.827917 0.164956 -1.18634 3.80977 -0.075139</i>
                        <i>-0.591157 0.505991 0.628097 -0.604463 0.237648 -0.76036 -0.534001 -0.829154 0.165365 -1.18547 3.81542 -0.0759501</i>
                        <i>-0.590422 0.508398 0.626844 -0.604881 0.235465 -0.760707 -0.534342 -0.828304 0.168497 -1.18406 3.82058 -0.0769875</i>
                        <i>-0.587594 0.514461 0.62455 -0.605002 0.233211 -0.761305 -0.537314 -0.825192 0.174216 -1.18211 3.82467 -0.0781256</i>
                        <i>-0.583105 0.523266 0.621434 -0.604863 0.23102 -0.762083 -0.542336 -0.820257 0.181796 -1.17956 3.82722 -0.0792837</i>
                        <i>-0.577787 0.533269 0.617888 -0.604588 0.228933 -0.762931 -0.548302 -0.814379 0.190134 -1.17616 3.82842 -0.0804126</i>
                        <i>-0.57208 0.543606 0.614179 -0.604203 0.227091 -0.763785 -0.554673 -0.808036 0.198534 -1.17198 3.82874 -0.0814277</i>
                        <i>-0.566448 0.553435 0.610612 -0.603737 0.225641 -0.764583 -0.560926 -0.801745 0.206316 -1.16734 3.82829 -0.082244</i>
                        <i>-0.561375 0.561936 0.607525 -0.603216 0.224734 -0.765262 -0.566559 -0.796067 0.212809 -1.16255 3.82719 -0.0827774</i>
                        <i>-0.557366 0.568307 0.605286 -0.602665 0.224523 -0.765758 -0.571086 -0.791592 0.217357 -1.15791 3.82554 -0.0829459</i>
                        <i>-0.555748 0.570291 0.604907 -0.602118 0.225597 -0.765872 -0.573235 -0.789857 0.218008 -1.15395 3.82332 -0.0824475</i>
                        <i>-0.556804 0.567484 0.606572 -0.601618 0.227992 -0.765556 -0.572735 -0.79119 0.214462 -1.15091 3.82065 -0.0812716</i>
                        <i>-0.559458 0.561846 0.609373 -0.601205 0.231028 -0.76497 -0.570577 -0.794327 0.208534 -1.1487 3.8179 -0.0797722</i>
                        <i>-0.562636 0.555338 0.612406 -0.600908 0.234027 -0.764291 -0.567759 -0.798017 0.202035 -1.14722 3.81544 -0.078294</i>
                        <i>-0.56529 0.549951 0.614818 -0.600734 0.236316 -0.763724 -0.565302 -0.801067 0.196787 -1.14639 3.81366 -0.0771691</i>
                        <i>-0.566401 0.547706 0.615799 -0.600677 0.237226 -0.763486 -0.56425 -0.802335 0.194629 -1.14614 3.81298 -0.0767221</i>
                        <i>-0.51942 0.563136 0.642714 -0.658243 0.215938 -0.721171 -0.544904 -0.797652 0.258517 -1.13886 3.81189 -0.0827912</i>
                        <i>-0.442912 0.588024 0.676799 -0.742582 0.182403 -0.644439 -0.502396 -0.788008 0.355867 -1.12961 3.81 -0.0940215</i>
                        <i>-0.347321 0.616053 0.706999 -0.834663 0.140566 -0.532522 -0.427441 -0.775062 0.465374 -1.12168 3.80914 -0.108012</i>
                        <i>-0.243161 0.641251 0.727784 -0.916442 0.0939591 -0.388982 -0.317817 -0.761557 0.564822 -1.11726 3.81153 -0.121288</i>
                        <i>-0.138013 0.657841 0.740404 -0.973883 0.0459427 -0.222354 -0.18029 -0.751754 0.63432 -1.11663 3.81981 -0.12956</i>
                        <i>-0.0339142 0.66252 0.748276 -0.998989 -0.000354822 -0.0449632 -0.0295235 -0.749044 0.661862 -1.11781 3.83861 -0.129315</i>
                        <i>0.068575 0.659368 0.748687 -0.990732 -0.0431877 0.12878 0.117248 -0.750579 0.650295 -1.11765 3.86603 -0.12247</i>
                        <i>0.164441 0.653039 0.739256 -0.955426 -0.0808474 0.283945 0.245194 -0.752997 0.610636 -1.1148 3.8952 -0.113204</i>
                        <i>0.244981 0.647983 0.721181 -0.906266 -0.111243 0.407807 0.344479 -0.753487 0.559993 -1.11028 3.91965 -0.105401</i>
                        <i>0.300088 0.648771 0.699316 -0.860632 -0.132042 0.49181 0.411411 -0.74944 0.518729 -1.10671 3.93323 -0.102021</i>
                        <i>0.299623 0.650041 0.698336 -0.860636 -0.131737 0.491885 0.411742 -0.748393 0.519977 -1.10717 3.93262 -0.102373</i>
                        <i>0.298356 0.65348 0.695664 -0.860648 -0.130908 0.492085 0.412635 -0.745538 0.523359 -1.10841 3.93095 -0.10333</i>
                        <i>0.296479 0.658527 0.691695 -0.86067 -0.129683 0.492371 0.413941 -0.741299 0.528326 -1.11025 3.92848 -0.104747</i>
                        <i>0.294184 0.664623 0.686828 -0.860702 -0.128191 0.492706 0.415509 -0.7361 0.534331 -1.11249 3.92545 -0.106477</i>
                        <i>0.291667 0.671215 0.68147 -0.860745 -0.126561 0.493053 0.417192 -0.730379 0.540831 -1.11492 3.92214 -0.108372</i>
                        <i>0.289129 0.677762 0.67605 -0.860795 -0.124926 0.493382 0.418852 -0.724591 0.547294 -1.11735 3.9188 -0.11028</i>
                        <i>0.286779 0.683739 0.671013 -0.860847 -0.123418 0.49367 0.420356 -0.719214 0.553201 -1.11959 3.91571 -0.112043</i>
                        <i>0.284831 0.688632 0.666826 -0.860896 -0.122172 0.493895 0.42158 -0.714745 0.558042 -1.12144 3.91314 -0.113502</i>
                        <i>0.283503 0.691937 0.663964 -0.860931 -0.121326 0.494042 0.422402 -0.71169 0.561314 -1.12269 3.91139 -0.114496</i>
                        <i>0.283012 0.693152 0.662906 -0.860945 -0.121013 0.494095 0.422704 -0.71056 0.562517 -1.12315 3.91075 -0.114863</i>
                        <i>0.281641 0.675314 0.681637 -0.879426 -0.102464 0.464877 0.383781 -0.730378 0.565031 -1.12285 3.90717 -0.112772</i>
                        <i>0.278389 0.647297 0.709582 -0.90334 -0.0745357 0.422399 0.326307 -0.758585 0.56398 -1.12183 3.9034 -0.109301</i>
                        <i>0.270965 0.612158 0.74286 -0.927963 -0.0390059 0.370626 0.255858 -0.789773 0.55749 -1.12018 3.89806 -0.104677</i>
                        <i>0.257907 0.573119 0.777829 -0.949546 0.00165483 0.313624 0.178457 -0.81947 0.54463 -1.118 3.88977 -0.0991331</i>
                        <i>0.238927 0.533513 0.811343 -0.965848 0.0443024 0.255294 0.100258 -0.844631 0.525877 -1.11543 3.87719 -0.0929279</i>
                        <i>0.215121 0.496925 0.840707 -0.976211 0.0855271 0.199241 0.0271046 -0.863569 0.503502 -1.11261 3.85565 -0.0862786</i>
                        <i>0.189238 0.465958 0.864333 -0.981265 0.122167 0.14898 -0.0361751 -0.876332 0.480347 -1.10984 3.82619 -0.0797045</i>
                        <i>0.165071 0.442338 0.881527 -0.982558 0.15135 0.108044 -0.0856267 -0.883986 0.459606 -1.10745 3.79605 -0.0739749</i>
                        <i>0.147165 0.42741 0.892 -0.982072 0.170545 0.0803073 -0.117802 -0.887826 0.444845 -1.10578 3.77256 -0.0699155</i>
                        <i>0.140243 0.422207 0.895585 -0.981633 0.177445 0.0700651 -0.129335 -0.888963 0.439338 -1.10514 3.7631 -0.0683768</i>
                    </KeyFrames>
                </p>
            </i>
            <i>
                <p>
                    <Name><![CDATA[head]]></Name>
                    <Exclude>0</Exclude>
                    <Additive>0</Additive>
                    <IKPriority>0</IKPriority>
                    <IKRotLimits>-1e+010 -1e+010 -1e+010 1e+010 1e+010 1e+010</IKRotLimits>
                    <IKRotLimitOrder>0</IKRotLimitOrder>
                    <KeyFrames count="60">
                        <i>-0.0454803 0.983887 0.172909 0.0822375 0.176188 -0.980915 -0.995574 -0.0303928 -0.0889255 -1.07978 3.88041 0.169922</i>
                        <i>-0.0508988 0.978626 0.199248 0.119639 0.204045 -0.971623 -0.991512 -0.0256165 -0.127468 -1.08853 3.87796 0.171311</i>
                        <i>-0.0745691 0.964489 0.253379 0.21987 0.263735 -0.939202 -0.972675 -0.0143251 -0.231729 -1.11249 3.87343 0.173257</i>
                        <i>-0.123614 0.94741 0.295185 0.361105 0.320018 -0.875895 -0.924296 -0.00168009 -0.381674 -1.14785 3.87113 0.172</i>
                        <i>-0.181659 0.940291 0.287842 0.521562 0.340278 -0.782422 -0.83365 0.00799334 -0.552235 -1.18981 3.87556 0.164246</i>
                        <i>-0.21931 0.94803 0.230525 0.679867 0.317961 -0.660819 -0.699774 0.0118027 -0.714267 -1.23264 3.88839 0.148966</i>
                        <i>-0.228509 0.960947 0.156094 0.81131 0.276589 -0.515049 -0.538108 0.00894744 -0.842828 -1.27122 3.90583 0.128615</i>
                        <i>-0.212454 0.973227 0.0877118 0.902422 0.229842 -0.364427 -0.37483 0.00172892 -0.927092 -1.3022 3.92426 0.106958</i>
                        <i>-0.186096 0.981721 0.039896 0.952906 0.190232 -0.236183 -0.239455 -0.00593551 -0.970889 -1.32402 3.94023 0.088418</i>
                        <i>-0.168459 0.985557 0.0172655 0.972889 0.169059 -0.15782 -0.158459 -0.00978881 -0.987317 -1.33637 3.95051 0.0773485</i>
                        <i>-0.170974 0.985055 0.0208403 0.972622 0.17212 -0.156146 -0.157399 -0.00642723 -0.987514 -1.33747 3.95025 0.0780767</i>
                        <i>-0.17686 0.983794 0.0294887 0.971981 0.179293 -0.152008 -0.154831 0.00177841 -0.987939 -1.34013 3.94991 0.0797735</i>
                        <i>-0.183628 0.982177 0.0401069 0.971225 0.187573 -0.146757 -0.151664 0.0120042 -0.988359 -1.34333 3.95011 0.081714</i>
                        <i>-0.188776 0.980766 0.0496201 0.970693 0.194013 -0.141828 -0.148727 0.0213922 -0.988647 -1.34613 3.95151 0.0832104</i>
                        <i>-0.18979 0.980284 0.0549766 0.970797 0.195732 -0.138717 -0.146743 0.027044 -0.988805 -1.34757 3.95482 0.0836165</i>
                        <i>-0.186166 0.980948 0.0555301 0.971628 0.1922 -0.137837 -0.145883 0.028294 -0.988897 -1.34743 3.95978 0.0829259</i>
                        <i>-0.179062 0.982432 0.0525819 0.972955 0.184756 -0.138652 -0.145931 0.0263324 -0.988944 -1.34607 3.96534 0.0816306</i>
                        <i>-0.168443 0.984638 0.04598 0.974689 0.173334 -0.141196 -0.146996 0.0210329 -0.988913 -1.3434 3.97098 0.0798379</i>
                        <i>-0.155996 0.987077 0.0366644 0.976469 0.159703 -0.144924 -0.148907 0.0131941 -0.988763 -1.3395 3.97598 0.0777034</i>
                        <i>-0.144541 0.989148 0.0263353 0.977866 0.14686 -0.149028 -0.151279 0.0042118 -0.988482 -1.33442 3.98002 0.0754254</i>
                        <i>-0.135491 0.99065 0.0159547 0.978749 0.13633 -0.153182 -0.153925 -0.00513898 -0.988069 -1.32838 3.98333 0.0731765</i>
