<?xml version="1.0" encoding="ISO-8859-1" ?>
<Animl Version="1">
    <ModellingPackage><![CDATA[Maya.2010]]></ModellingPackage>
    <SrcFile><![CDATA[anims\turrets\mortar\blue\~src\mortar_m120\mortar_m120_aim_random_crewman_b.mb]]></SrcFile>
    <FramesPerSecond>30</FramesPerSecond>
    <TotalFrames>60</TotalFrames>
    <Skeleton>
        <RefFrame>
            <Name><![CDATA[soldier_ref_frame]]></Name>
            <Exclude>0</Exclude>
            <Additive>0</Additive>
            <IKPriority>0</IKPriority>
            <IKRotLimits>-1e+010 -1e+010 -1e+010 1e+010 1e+010 1e+010</IKRotLimits>
            <IKRotLimitOrder>0</IKRotLimitOrder>
            <KeyFrames count="60">
                <i>1 0 0 0 1 0 0 0 1 1.19 0.93 -1.36</i>
                <i>1 0 0 0 1 0 0 0 1 1.19 0.93 -1.36</i>
                <i>1 0 0 0 1 0 0 0 1 1.19 0.93 -1.36</i>
                <i>1 0 0 0 1 0 0 0 1 1.19 0.93 -1.36</i>
                <i>1 0 0 0 1 0 0 0 1 1.19 0.93 -1.36</i>
                <i>1 0 0 0 1 0 0 0 1 1.19 0.93 -1.36</i>
                <i>1 0 0 0 1 0 0 0 1 1.19 0.93 -1.36</i>
                <i>1 0 0 0 1 0 0 0 1 1.19 0.93 -1.36</i>
                <i>1 0 0 0 1 0 0 0 1 1.19 0.93 -1.36</i>
                <i>1 0 0 0 1 0 0 0 1 1.19 0.93 -1.36</i>
                <i>1 0 0 0 1 0 0 0 1 1.19 0.93 -1.36</i>
                <i>1 0 0 0 1 0 0 0 1 1.19 0.93 -1.36</i>
                <i>1 0 0 0 1 0 0 0 1 1.19 0.93 -1.36</i>
                <i>1 0 0 0 1 0 0 0 1 1.19 0.93 -1.36</i>
                <i>1 0 0 0 1 0 0 0 1 1.19 0.93 -1.36</i>
                <i>1 0 0 0 1 0 0 0 1 1.19 0.93 -1.36</i>
                <i>1 0 0 0 1 0 0 0 1 1.19 0.93 -1.36</i>
                <i>1 0 0 0 1 0 0 0 1 1.19 0.93 -1.36</i>
                <i>1 0 0 0 1 0 0 0 1 1.19 0.93 -1.36</i>
                <i>1 0 0 0 1 0 0 0 1 1.19 0.93 -1.36</i>
                <i>1 0 0 0 1 0 0 0 1 1.19 0.93 -1.36</i>
                <i>1 0 0 0 1 0 0 0 1 1.19 0.93 -1.36</i>
                <i>1 0 0 0 1 0 0 0 1 1.19 0.93 -1.36</i>
                <i>1 0 0 0 1 0 0 0 1 1.19 0.93 -1.36</i>
                <i>1 0 0 0 1 0 0 0 1 1.19 0.93 -1.36</i>
                <i>1 0 0 0 1 0 0 0 1 1.19 0.93 -1.36</i>
                <i>1 0 0 0 1 0 0 0 1 1.19 0.93 -1.36</i>
                <i>1 0 0 0 1 0 0 0 1 1.19 0.93 -1.36</i>
                <i>1 0 0 0 1 0 0 0 1 1.19 0.93 -1.36</i>
                <i>1 0 0 0 1 0 0 0 1 1.19 0.93 -1.36</i>
                <i>1 0 0 0 1 0 0 0 1 1.19 0.93 -1.36</i>
                <i>1 0 0 0 1 0 0 0 1 1.19 0.93 -1.36</i>
                <i>1 0 0 0 1 0 0 0 1 1.19 0.93 -1.36</i>
                <i>1 0 0 0 1 0 0 0 1 1.19 0.93 -1.36</i>
                <i>1 0 0 0 1 0 0 0 1 1.19 0.93 -1.36</i>
                <i>1 0 0 0 1 0 0 0 1 1.19 0.93 -1.36</i>
                <i>1 0 0 0 1 0 0 0 1 1.19 0.93 -1.36</i>
                <i>1 0 0 0 1 0 0 0 1 1.19 0.93 -1.36</i>
                <i>1 0 0 0 1 0 0 0 1 1.19 0.93 -1.36</i>
                <i>1 0 0 0 1 0 0 0 1 1.19 0.93 -1.36</i>
                <i>1 0 0 0 1 0 0 0 1 1.19 0.93 -1.36</i>
                <i>1 0 0 0 1 0 0 0 1 1.19 0.93 -1.36</i>
                <i>1 0 0 0 1 0 0 0 1 1.19 0.93 -1.36</i>
                <i>1 0 0 0 1 0 0 0 1 1.19 0.93 -1.36</i>
                <i>1 0 0 0 1 0 0 0 1 1.19 0.93 -1.36</i>
                <i>1 0 0 0 1 0 0 0 1 1.19 0.93 -1.36</i>
                <i>1 0 0 0 1 0 0 0 1 1.19 0.93 -1.36</i>
                <i>1 0 0 0 1 0 0 0 1 1.19 0.93 -1.36</i>
                <i>1 0 0 0 1 0 0 0 1 1.19 0.93 -1.36</i>
                <i>1 0 0 0 1 0 0 0 1 1.19 0.93 -1.36</i>
                <i>1 0 0 0 1 0 0 0 1 1.19 0.93 -1.36</i>
                <i>1 0 0 0 1 0 0 0 1 1.19 0.93 -1.36</i>
                <i>1 0 0 0 1 0 0 0 1 1.19 0.93 -1.36</i>
                <i>1 0 0 0 1 0 0 0 1 1.19 0.93 -1.36</i>
                <i>1 0 0 0 1 0 0 0 1 1.19 0.93 -1.36</i>
                <i>1 0 0 0 1 0 0 0 1 1.19 0.93 -1.36</i>
                <i>1 0 0 0 1 0 0 0 1 1.19 0.93 -1.36</i>
                <i>1 0 0 0 1 0 0 0 1 1.19 0.93 -1.36</i>
                <i>1 0 0 0 1 0 0 0 1 1.19 0.93 -1.36</i>
                <i>1 0 0 0 1 0 0 0 1 1.19 0.93 -1.36</i>
            </KeyFrames>
        </RefFrame>
        <Bones count="23">
            <i>
                <p>
                    <Name><![CDATA[pelvis]]></Name>
                    <Exclude>0</Exclude>
                    <Additive>0</Additive>
                    <IKPriority>0</IKPriority>
                    <IKRotLimits>-1e+010 -1e+010 -1e+010 1e+010 1e+010 1e+010</IKRotLimits>
                    <IKRotLimitOrder>2</IKRotLimitOrder>
                    <KeyFrames count="60">
                        <i>1 0 0 0 1 0 0 0 1 0.888151 1.65235 -1.08573</i>
                        <i>1 0 0 0 1 0 0 0 1 0.888151 1.65235 -1.08573</i>
                        <i>1 0 0 0 1 0 0 0 1 0.888151 1.65235 -1.08573</i>
                        <i>1 0 0 0 1 0 0 0 1 0.888151 1.65235 -1.08573</i>
                        <i>1 0 0 0 1 0 0 0 1 0.888151 1.65235 -1.08573</i>
                        <i>1 0 0 0 1 0 0 0 1 0.888151 1.65235 -1.08573</i>
                        <i>1 0 0 0 1 0 0 0 1 0.888151 1.65235 -1.08573</i>
                        <i>1 0 0 0 1 0 0 0 1 0.888151 1.65235 -1.08573</i>
                        <i>1 0 0 0 1 0 0 0 1 0.888151 1.65235 -1.08573</i>
                        <i>1 0 0 0 1 0 0 0 1 0.888151 1.65235 -1.08573</i>
                        <i>1 0 0 0 1 0 0 0 1 0.888151 1.65235 -1.08573</i>
                        <i>1 0 0 0 1 0 0 0 1 0.888151 1.65235 -1.08573</i>
                        <i>1 0 0 0 1 0 0 0 1 0.888151 1.65235 -1.08573</i>
                        <i>1 0 0 0 1 0 0 0 1 0.888151 1.65235 -1.08573</i>
                        <i>1 0 0 0 1 0 0 0 1 0.888151 1.65235 -1.08573</i>
                        <i>1 0 0 0 1 0 0 0 1 0.888151 1.65235 -1.08573</i>
                        <i>1 0 0 0 1 0 0 0 1 0.888151 1.65235 -1.08573</i>
                        <i>1 0 0 0 1 0 0 0 1 0.888151 1.65235 -1.08573</i>
                        <i>1 0 0 0 1 0 0 0 1 0.888151 1.65235 -1.08573</i>
                        <i>1 0 0 0 1 0 0 0 1 0.888151 1.65235 -1.08573</i>
                        <i>1 0 0 0 1 0 0 0 1 0.888151 1.65235 -1.08573</i>
                        <i>1 0 0 0 1 0 0 0 1 0.888151 1.65235 -1.08573</i>
                        <i>1 0 0 0 1 0 0 0 1 0.888151 1.65235 -1.08573</i>
                        <i>1 0 0 0 1 0 0 0 1 0.888151 1.65235 -1.08573</i>
                        <i>1 0 0 0 1 0 0 0 1 0.888151 1.65235 -1.08573</i>
                        <i>1 0 0 0 1 0 0 0 1 0.888151 1.65235 -1.08573</i>
                        <i>1 0 0 0 1 0 0 0 1 0.888151 1.65235 -1.08573</i>
                        <i>1 0 0 0 1 0 0 0 1 0.888151 1.65235 -1.08573</i>
                        <i>1 0 0 0 1 0 0 0 1 0.888151 1.65235 -1.08573</i>
                        <i>1 0 0 0 1 0 0 0 1 0.888151 1.65235 -1.08573</i>
                        <i>1 0 0 0 1 0 0 0 1 0.888151 1.65235 -1.08573</i>
                        <i>1 0 0 0 1 0 0 0 1 0.888151 1.65235 -1.08573</i>
                        <i>1 0 0 0 1 0 0 0 1 0.888151 1.65235 -1.08573</i>
                        <i>1 0 0 0 1 0 0 0 1 0.888151 1.65235 -1.08573</i>
                        <i>1 0 0 0 1 0 0 0 1 0.888151 1.65235 -1.08573</i>
                        <i>1 0 0 0 1 0 0 0 1 0.888151 1.65235 -1.08573</i>
                        <i>1 0 0 0 1 0 0 0 1 0.888151 1.65235 -1.08573</i>
                        <i>1 0 0 0 1 0 0 0 1 0.888151 1.65235 -1.08573</i>
                        <i>1 0 0 0 1 0 0 0 1 0.888151 1.65235 -1.08573</i>
                        <i>1 0 0 0 1 0 0 0 1 0.888151 1.65235 -1.08573</i>
                        <i>1 0 0 0 1 0 0 0 1 0.888151 1.65235 -1.08573</i>
                        <i>1 0 0 0 1 0 0 0 1 0.888151 1.65235 -1.08573</i>
                        <i>1 0 0 0 1 0 0 0 1 0.888151 1.65235 -1.08573</i>
                        <i>1 0 0 0 1 0 0 0 1 0.888151 1.65235 -1.08573</i>
                        <i>1 0 0 0 1 0 0 0 1 0.888151 1.65235 -1.08573</i>
                        <i>1 0 0 0 1 0 0 0 1 0.888151 1.65235 -1.08573</i>
                        <i>1 0 0 0 1 0 0 0 1 0.888151 1.65235 -1.08573</i>
                        <i>1 0 0 0 1 0 0 0 1 0.888151 1.65235 -1.08573</i>
                        <i>1 0 0 0 1 0 0 0 1 0.888151 1.65235 -1.08573</i>
                        <i>1 0 0 0 1 0 0 0 1 0.888151 1.65235 -1.08573</i>
                        <i>1 0 0 0 1 0 0 0 1 0.888151 1.65235 -1.08573</i>
                        <i>1 0 0 0 1 0 0 0 1 0.888151 1.65235 -1.08573</i>
                        <i>1 0 0 0 1 0 0 0 1 0.888151 1.65235 -1.08573</i>
                        <i>1 0 0 0 1 0 0 0 1 0.888151 1.65235 -1.08573</i>
                        <i>1 0 0 0 1 0 0 0 1 0.888151 1.65235 -1.08573</i>
                        <i>1 0 0 0 1 0 0 0 1 0.888151 1.65235 -1.08573</i>
                        <i>1 0 0 0 1 0 0 0 1 0.888151 1.65235 -1.08573</i>
                        <i>1 0 0 0 1 0 0 0 1 0.888151 1.65235 -1.08573</i>
                        <i>1 0 0 0 1 0 0 0 1 0.888151 1.65235 -1.08573</i>
                        <i>1 0 0 0 1 0 0 0 1 0.888151 1.65235 -1.08573</i>
                    </KeyFrames>
                </p>
            </i>
            <i>
                <p>
                    <Name><![CDATA[spine0]]></Name>
                    <Exclude>0</Exclude>
                    <Additive>0</Additive>
                    <IKPriority>0</IKPriority>
                    <IKRotLimits>-1e+010 -1e+010 -1e+010 1e+010 1e+010 1e+010</IKRotLimits>
                    <IKRotLimitOrder>0</IKRotLimitOrder>
                    <KeyFrames count="60">
                        <i>0.353775 0.895872 0.268805 -0.65874 0.0346243 0.751574 0.664007 -0.442961 0.602396 0.863955 1.79059 -1.11738</i>
                        <i>0.348114 0.899323 0.264641 -0.658662 0.0337631 0.751681 0.667069 -0.43598 0.604103 0.863119 1.79028 -1.11809</i>
                        <i>0.333205 0.90809 0.253666 -0.658413 0.0315288 0.751996 0.674883 -0.417586 0.608404 0.86098 1.78944 -1.11989</i>
                        <i>0.312149 0.919701 0.238146 -0.657962 0.02846 0.752513 0.685309 -0.391587 0.614012 0.858093 1.7882 -1.12232</i>
                        <i>0.288108 0.93189 0.220395 -0.657326 0.025091 0.753189 0.696359 -0.361871 0.619785 0.855007 1.78675 -1.12491</i>
                        <i>0.264355 0.942857 0.202822 -0.656613 0.0219232 0.753909 0.706382 -0.332475 0.624888 0.852254 1.78535 -1.12721</i>
                        <i>0.24428 0.951319 0.187934 -0.656024 0.0194033 0.754491 0.714115 -0.307596 0.628828 0.85035 1.78431 -1.12879</i>
                        <i>0.231363 0.956384 0.178325 -0.655806 0.0179264 0.754716 0.718602 -0.29156 0.631351 0.849798 1.784 -1.12925</i>
                        <i>0.224503 0.95896 0.17319 -0.655996 0.0172998 0.754566 0.720602 -0.283014 0.632958 0.850526 1.78441 -1.12865</i>
                        <i>0.220174 0.960547 0.16992 -0.656426 0.0170472 0.754197 0.721545 -0.277595 0.634282 0.852005 1.78522 -1.12741</i>
                        <i>0.218236 0.961253 0.168424 -0.657034 0.017116 0.753667 0.721581 -0.275138 0.635311 0.854061 1.78628 -1.1257</i>
                        <i>0.218456 0.961182 0.168542 -0.657749 0.0174486 0.753035 0.720863 -0.275363 0.636028 0.856519 1.78748 -1.12364</i>
                        <i>0.220476 0.96046 0.170019 -0.658502 0.0179785 0.752364 0.719559 -0.277836 0.636429 0.859196 1.78869 -1.12139</i>
                        <i>0.2238 0.959249 0.172496 -0.659234 0.0186296 0.751707 0.717861 -0.281947 0.636539 0.861905 1.78981 -1.11911</i>
                        <i>0.227805 0.957759 0.175507 -0.659891 0.0193166 0.751113 0.715995 -0.286923 0.636417 0.864456 1.79077 -1.11696</i>
                        <i>0.23177 0.956252 0.178509 -0.660431 0.0199484 0.750622 0.714222 -0.291864 0.636162 0.86665 1.79154 -1.1151</i>
                        <i>0.234925 0.95503 0.180909 -0.66082 0.0204319 0.750266 0.71283 -0.295805 0.635903 0.86829 1.79207 -1.1137</i>
                        <i>0.236499 0.954412 0.182114 -0.661028 0.0206754 0.750076 0.712117 -0.297775 0.635783 0.869179 1.79234 -1.11295</i>
                        <i>0.236912 0.954249 0.182435 -0.661122 0.0207525 0.749991 0.711892 -0.298293 0.635791 0.869572 1.79246 -1.11261</i>
                        <i>0.237084 0.95418 0.182569 -0.661192 0.0207971 0.749928 0.71177 -0.298509 0.635827 0.869861 1.79254 -1.11237</i>
                        <i>0.237032 0.954201 0.18253 -0.661241 0.0208119 0.749885 0.711742 -0.298443 0.635889 0.870053 1.7926 -1.1122</i>
                        <i>0.236773 0.954303 0.182329 -0.661268 0.0207993 0.749861 0.711803 -0.298116 0.635975 0.870154 1.79263 -1.11212</i>
                        <i>0.236326 0.95448 0.181982 -0.661276 0.0207618 0.749855 0.711944 -0.29755 0.636082 0.87017 1.79263 -1.1121</i>
                        <i>0.235709 0.954724 0.181501 -0.661266 0.020702 0.749866 0.712157 -0.296771 0.636207 0.870108 1.79261 -1.11216</i>
                        <i>0.234941 0.955027 0.180903 -0.66124 0.0206223 0.749891 0.712436 -0.2958 0.636347 0.869974 1.79257 -1.11227</i>
                        <i>0.234042 0.95538 0.180202 -0.661198 0.0205252 0.749931 0.71277 -0.294665 0.636499 0.869774 1.79252 -1.11244</i>
                        <i>0.233033 0.955775 0.179414 -0.661142 0.0204133 0.749983 0.713153 -0.293389 0.63666 0.869515 1.79244 -1.11266</i>
                        <i>0.231935 0.956203 0.178556 -0.661073 0.020289 0.750047 0.713575 -0.292 0.636826 0.869203 1.79235 -1.11293</i>
                        <i>0.230767 0.956655 0.177643 -0.660992 0.0201549 0.750122 0.714028 -0.290524 0.636993 0.868845 1.79224 -1.11323</i>
                        <i>0.229553 0.957123 0.176693 -0.6609 0.0200134 0.750207 0.714504 -0.288988 0.637157 0.868447 1.79212 -1.11357</i>
                        <i>0.228313 0.957599 0.175722 -0.6608 0.019867 0.750299 0.714994 -0.28742 0.637317 0.868016 1.79198 -1.11394</i>
                        <i>0.227069 0.958072 0.174749 -0.660691 0.0197183 0.750399 0.71549 -0.285847 0.637467 0.867558 1.79183 -1.11433</i>
                        <i>0.225844 0.958536 0.173789 -0.660576 0.0195698 0.750504 0.715984 -0.284298 0.637606 0.867079 1.79168 -1.11473</i>
                        <i>0.22466 0.958982 0.17286 -0.660456 0.0194239 0.750613 0.716467 -0.282799 0.63773 0.866586 1.79152 -1.11515</i>
                        <i>0.223539 0.959403 0.17198 -0.660332 0.0192832 0.750726 0.716932 -0.28138 0.637835 0.866085 1.79135 -1.11558</i>
                        <i>0.222503 0.959789 0.171166 -0.660207 0.0191502 0.75084 0.71737 -0.280069 0.63792 0.865582 1.79117 -1.116</i>
                        <i>0.221576 0.960133 0.170435 -0.66008 0.0190275 0.750954 0.717773 -0.278894 0.637981 0.865085 1.791 -1.11642</i>
                        <i>0.220779 0.960429 0.169805 -0.659956 0.0189176 0.751066 0.718133 -0.277883 0.638017 0.864599 1.79083 -1.11683</i>
                        <i>0.220134 0.960667 0.169293 -0.659834 0.0188232 0.751176 0.718443 -0.277065 0.638024 0.86413 1.79066 -1.11723</i>
                        <i>0.219665 0.960841 0.168916 -0.659717 0.0187469 0.751281 0.718694 -0.276467 0.638 0.863684 1.79049 -1.11761</i>
                        <i>0.219296 0.960978 0.168612 -0.659581 0.0186771 0.751402 0.718931 -0.275993 0.637938 0.863174 1.7903 -1.11804</i>
                        <i>0.218975 0.9611 0.168334 -0.659406 0.0186042 0.751557 0.71919 -0.275572 0.637829 0.862525 1.79005 -1.11859</i>
                        <i>0.218753 0.961187 0.168126 -0.659199 0.0185337 0.75174 0.719447 -0.275274 0.637668 0.861763 1.78975 -1.11923</i>
                        <i>0.218683 0.96122 0.168031 -0.658967 0.0184709 0.751945 0.719681 -0.275164 0.637451 0.860914 1.78941 -1.11995</i>
                        <i>0.218818 0.961178 0.168091 -0.658716 0.0184217 0.752166 0.719869 -0.275312 0.637175 0.860006 1.78903 -1.12071</i>
                        <i>0.219208 0.961045 0.168347 -0.658455 0.0183918 0.752395 0.719989 -0.27578 0.636836 0.859065 1.78863 -1.1215</i>
                        <i>0.219902 0.9608 0.168837 -0.65819 0.0183872 0.752627 0.72002 -0.276631 0.636432 0.858116 1.78821 -1.1223</i>
                        <i>0.220946 0.960427 0.169596 -0.657929 0.0184144 0.752855 0.719939 -0.277922 0.635962 0.857186 1.78779 -1.12308</i>
                        <i>0.22238 0.959908 0.170656 -0.65768 0.0184797 0.753071 0.719725 -0.279705 0.635422 0.856301 1.78738 -1.12382</i>
                        <i>0.224243 0.959226 0.172046 -0.657451 0.01859 0.753268 0.719356 -0.282027 0.634813 0.855485 1.78699 -1.12451</i>
                        <i>0.229056 0.95743 0.175675 -0.65725 0.0189966 0.753433 0.718022 -0.288041 0.633622 0.854765 1.78663 -1.12511</i>
                        <i>0.238727 0.953692 0.18298 -0.657091 0.019903 0.753548 0.715011 -0.300126 0.631414 0.854164 1.78633 -1.12561</i>
                        <i>0.252373 0.948132 0.19327 -0.656983 0.0212575 0.753606 0.71041 -0.317165 0.628271 0.853708 1.7861 -1.12599</i>
                        <i>0.269022 0.940893 0.205786 -0.65693 0.0230082 0.753601 0.704323 -0.337922 0.62429 0.853421 1.78596 -1.12623</i>
                        <i>0.287523 0.932251 0.219635 -0.656932 0.02508 0.753533 0.696973 -0.360943 0.619636 0.853328 1.78591 -1.12631</i>
                        <i>0.306636 0.922647 0.233872 -0.657197 0.0274898 0.753218 0.688525 -0.384664 0.61479 0.854427 1.78647 -1.12539</i>
                        <i>0.324627 0.912963 0.247217 -0.657715 0.0300563 0.752667 0.679727 -0.406934 0.610226 0.857043 1.78772 -1.1232</i>
                        <i>0.33965 0.904378 0.258339 -0.658232 0.0323612 0.75212 0.67184 -0.425504 0.606281 0.860187 1.78911 -1.12056</i>
                        <i>0.349953 0.898217 0.26597 -0.6586 0.0340037 0.751725 0.666168 -0.438236 0.603465 0.862838 1.79017 -1.11832</i>
                        <i>0.353775 0.895872 0.268805 -0.65874 0.0346243 0.751574 0.664007 -0.442961 0.602396 0.863955 1.79059 -1.11738</i>
                    </KeyFrames>
                </p>
            </i>
            <i>
                <p>
                    <Name><![CDATA[spine1]]></Name>
                    <Exclude>0</Exclude>
                    <Additive>0</Additive>
                    <IKPriority>0</IKPriority>
                    <IKRotLimits>-1e+010 -1e+010 -1e+010 1e+010 1e+010 1e+010</IKRotLimits>
                    <IKRotLimitOrder>0</IKRotLimitOrder>
                    <KeyFrames count="60">
                        <i>0.702298 0.406302 0.584547 -0.63449 -0.01508 0.772784 0.322799 -0.913614 0.247204 0.933254 1.9664 -1.06474</i>
                        <i>0.698756 0.415007 0.582673 -0.634634 -0.0162478 0.772642 0.330119 -0.909673 0.252025 0.931415 1.96704 -1.06618</i>
                        <i>0.689093 0.437841 0.577448 -0.634928 -0.0193141 0.77233 0.34931 -0.898845 0.264688 0.926598 1.96862 -1.06995</i>
                        <i>0.674653 0.469727 0.569385 -0.635137 -0.0236089 0.772038 0.37609 -0.882496 0.282413 0.919852 1.97056 -1.07522</i>
                        <i>0.656927 0.505775 0.559141 -0.635099 -0.0284518 0.771906 0.40632 -0.862196 0.302527 0.912252 1.97236 -1.08113</i>
                        <i>0.637729 0.54161 0.547686 -0.634795 -0.0331761 0.771968 0.436276 -0.839975 0.322654 0.904922 1.97369 -1.08681</i>
                        <i>0.619229 0.57351 0.536321 -0.634353 -0.037158 0.77215 0.462765 -0.818355 0.340799 0.899023 1.9744 -1.09136</i>
                        <i>0.603868 0.59837 0.52659 -0.634004 -0.0398278 0.772303 0.483096 -0.80023 0.355318 0.895743 1.97447 -1.09385</i>
                        <i>0.590283 0.61933 0.517683 -0.63383 -0.0414928 0.772359 0.499826 -0.784033 0.368057 0.894796 1.97405 -1.09451</i>
                        <i>0.575488 0.641093 0.507754 -0.63374 -0.0428315 0.77236 0.516902 -0.766267 0.381637 0.895002 1.97331 -1.09424</i>
                        <i>0.559669 0.663212 0.496911 -0.633729 -0.0438641 0.772311 0.534003 -0.747145 0.395747 0.896188 1.9723 -1.0932</i>
                        <i>0.543128 0.685166 0.485345 -0.633784 -0.044615 0.772223 0.550754 -0.727019 0.410016 0.898157 1.97109 -1.09153</i>
                        <i>0.526313 0.706342 0.473367 -0.633889 -0.0451146 0.772107 0.566727 -0.706432 0.423998 0.900681 1.96976 -1.08941</i>
                        <i>0.509839 0.726046 0.461434 -0.634027 -0.0454032 0.771977 0.581441 -0.686146 0.437185 0.9035 1.96839 -1.08706</i>
                        <i>0.494484 0.743539 0.450151 -0.634178 -0.0455326 0.771845 0.594393 -0.667141 0.449021 0.906331 1.96708 -1.0847</i>
                        <i>0.481158 0.758069 0.440248 -0.634321 -0.0455654 0.771726 0.605082 -0.65058 0.458935 0.90887 1.96594 -1.08258</i>
                        <i>0.470847 0.768904 0.432537 -0.634431 -0.0455725 0.771635 0.613025 -0.637737 0.466359 0.910804 1.96508 -1.08097</i>
                        <i>0.464545 0.775336 0.427846 -0.634483 -0.0456267 0.771589 0.617762 -0.629899 0.470741 0.911823 1.96461 -1.08011</i>
                        <i>0.46066 0.7792 0.425017 -0.634486 -0.045754 0.771579 0.620661 -0.625103 0.473315 0.912215 1.96438 -1.07978</i>
                        <i>0.456982 0.782796 0.422372 -0.634469 -0.0459302 0.771583 0.623391 -0.620581 0.47567 0.912472 1.9642 -1.07956</i>
                        <i>0.453525 0.786118 0.419921 -0.634432 -0.0461504 0.7716 0.625948 -0.616351 0.477808 0.912604 1.96405 -1.07944</i>
                        <i>0.450303 0.789163 0.417671 -0.634377 -0.0464097 0.771629 0.628325 -0.612428 0.479729 0.91262 1.96394 -1.07942</i>
                        <i>0.447328 0.791928 0.415628 -0.634305 -0.0467031 0.771671 0.630519 -0.608825 0.481433 0.912528 1.96386 -1.07949</i>
                        <i>0.444611 0.794413 0.413799 -0.634218 -0.0470257 0.771723 0.632526 -0.605555 0.482923 0.912337 1.96381 -1.07964</i>
                        <i>0.442162 0.796615 0.412186 -0.634116 -0.0473724 0.771786 0.634342 -0.602628 0.4842 0.912057 1.96379 -1.07987</i>
                        <i>0.439989 0.798535 0.410794 -0.634001 -0.0477384 0.771858 0.635966 -0.600053 0.485267 0.911696 1.9638 -1.08017</i>
                        <i>0.438102 0.800172 0.409624 -0.633874 -0.0481188 0.771938 0.637394 -0.597838 0.486127 0.911264 1.96383 -1.08052</i>
                        <i>0.436508 0.801525 0.40868 -0.633736 -0.0485085 0.772027 0.638623 -0.595991 0.486781 0.910771 1.96387 -1.08093</i>
                        <i>0.435213 0.802594 0.407961 -0.63359 -0.0489027 0.772122 0.639651 -0.594517 0.487233 0.910226 1.96394 -1.08138</i>
                        <i>0.434223 0.80338 0.40747 -0.633437 -0.0492966 0.772222 0.640474 -0.593423 0.487485 0.909638 1.96402 -1.08187</i>
                        <i>0.433545 0.803879 0.407206 -0.633279 -0.049685 0.772327 0.64109 -0.592714 0.487539 0.909017 1.96411 -1.08238</i>
                        <i>0.433184 0.804092 0.40717 -0.633118 -0.0500633 0.772435 0.641493 -0.592393 0.487399 0.908373 1.96422 -1.08292</i>
                        <i>0.433144 0.804016 0.407362 -0.632956 -0.0504264 0.772544 0.64168 -0.592465 0.487065 0.907716 1.96433 -1.08347</i>
                        <i>0.433431 0.803649 0.407782 -0.632795 -0.0507695 0.772653 0.641645 -0.592934 0.48654 0.907056 1.96445 -1.08402</i>
                        <i>0.434048 0.802987 0.408429 -0.632638 -0.0510877 0.772761 0.641383 -0.593803 0.485825 0.906403 1.96457 -1.08456</i>
                        <i>0.435 0.802026 0.409304 -0.632487 -0.051376 0.772866 0.640887 -0.595076 0.484922 0.905766 1.9647 -1.08509</i>
                        <i>0.436291 0.800761 0.410405 -0.632344 -0.0516294 0.772965 0.640149 -0.596755 0.483831 0.905155 1.96483 -1.08561</i>
                        <i>0.437924 0.799186 0.411733 -0.632213 -0.051843 0.773058 0.639163 -0.598844 0.482553 0.904581 1.96496 -1.08609</i>
                        <i>0.439904 0.797294 0.413287 -0.632096 -0.0520116 0.773143 0.637918 -0.601345 0.481087 0.904054 1.96509 -1.08653</i>
                        <i>0.442233 0.795078 0.415067 -0.631996 -0.0521303 0.773217 0.636405 -0.604263 0.479432 0.903582 1.96523 -1.08693</i>
                        <i>0.445203 0.792242 0.417309 -0.631884 -0.052242 0.773301 0.634442 -0.607966 0.477347 0.903076 1.96537 -1.08737</i>
                        <i>0.449049 0.788535 0.420199 -0.631736 -0.0523838 0.773412 0.631874 -0.612755 0.474623 0.902458 1.96555 -1.0879</i>
                        <i>0.453691 0.784008 0.423669 -0.631561 -0.0525412 0.773544 0.628725 -0.618523 0.471312 0.901764 1.96576 -1.08849</i>
                        <i>0.459049 0.778712 0.427647 -0.631368 -0.0526998 0.773691 0.625019 -0.625164 0.467462 0.901027 1.96598 -1.08913</i>
                        <i>0.465042 0.772695 0.432063 -0.631165 -0.0528448 0.773846 0.62078 -0.632574 0.463123 0.900281 1.96621 -1.08978</i>
                        <i>0.471593 0.766003 0.436852 -0.630962 -0.0529613 0.774004 0.616026 -0.640652 0.458342 0.899561 1.96645 -1.09041</i>
                        <i>0.47863 0.758678 0.441951 -0.630767 -0.0530339 0.774158 0.610775 -0.649304 0.453165 0.898898 1.96669 -1.091</i>
                        <i>0.486086 0.750759 0.447304 -0.630592 -0.0530468 0.7743 0.605041 -0.658442 0.447637 0.898327 1.96693 -1.09151</i>
                        <i>0.493899 0.742283 0.452858 -0.630444 -0.0529832 0.774424 0.598836 -0.667989 0.441799 0.897877 1.96717 -1.09193</i>
                        <i>0.502014 0.733279 0.458568 -0.630334 -0.0528261 0.774525 0.592167 -0.677873 0.435691 0.89758 1.96739 -1.09222</i>
                        <i>0.516225 0.717083 0.468299 -0.630436 -0.0519478 0.774501 0.579708 -0.695049 0.425258 0.898 1.96771 -1.09196</i>
                        <i>0.53984 0.688583 0.484176 -0.630854 -0.0498652 0.774298 0.557312 -0.723441 0.407476 0.899587 1.96816 -1.09081</i>
                        <i>0.569036 0.650123 0.503526 -0.631465 -0.0467594 0.773993 0.526735 -0.758389 0.383922 0.902198 1.96866 -1.08887</i>
                        <i>0.600232 0.604378 0.523878 -0.63214 -0.0428181 0.773671 0.490021 -0.795546 0.356351 0.905665 1.96907 -1.08628</i>
                        <i>0.630387 0.554579 0.543189 -0.632757 -0.0382684 0.773405 0.449701 -0.831251 0.32679 0.909764 1.9693 -1.08321</i>
                        <i>0.656119 0.506886 0.559084 -0.633428 -0.0328033 0.773106 0.410216 -0.861389 0.299553 0.915005 1.96914 -1.0792</i>
                        <i>0.676071 0.466042 0.570731 -0.634053 -0.026637 0.772831 0.375374 -0.884362 0.277487 0.9212 1.96853 -1.07436</i>
                        <i>0.690456 0.434156 0.578601 -0.6344 -0.020895 0.772722 0.347572 -0.900595 0.261002 0.927105 1.96764 -1.06968</i>
                        <i>0.699267 0.413555 0.583093 -0.634492 -0.0166969 0.772749 0.32931 -0.910326 0.250722 0.93152 1.96678 -1.06614</i>
                        <i>0.702298 0.406302 0.584547 -0.63449 -0.01508 0.772784 0.322799 -0.913614 0.247204 0.933254 1.9664 -1.06474</i>
                    </KeyFrames>
                </p>
            </i>
            <i>
                <p>
                    <Name><![CDATA[spine2]]></Name>
                    <Exclude>0</Exclude>
                    <Additive>0</Additive>
                    <IKPriority>0</IKPriority>
                    <IKRotLimits>-1e+010 -1e+010 -1e+010 1e+010 1e+010 1e+010</IKRotLimits>
                    <IKRotLimitOrder>0</IKRotLimitOrder>
                    <KeyFrames count="60">
                        <i>0.784494 0.0916717 0.613323 -0.612145 -0.0437828 0.789532 0.0992306 -0.994826 0.021769 1.05995 2.03902 -0.959365</i>
                        <i>0.78348 0.100441 0.613246 -0.612255 -0.0440607 0.789431 0.106311 -0.993967 0.0269747 1.05768 2.04136 -0.960971</i>
                        <i>0.780463 0.123983 0.612785 -0.612515 -0.0448237 0.789187 0.125313 -0.991271 0.0409581 1.05163 2.04736 -0.965263</i>
                        <i>0.775315 0.158078 0.611472 -0.612809 -0.0459684 0.788893 0.152815 -0.986356 0.0612315 1.04289 2.05549 -0.971469</i>
                        <i>0.767993 0.198512 0.608916 -0.613034 -0.0473846 0.788634 0.185406 -0.978952 0.0853033 1.03263 2.06428 -0.978766</i>
                        <i>0.758799 0.241205 0.605016 -0.613117 -0.0489485 0.788474 0.219799 -0.969239 0.110745 1.02216 2.07247 -0.986225</i>
                        <i>0.748488 0.282336 0.600044 -0.613022 -0.0505244 0.788449 0.252924 -0.957984 0.135261 1.01292 2.07909 -0.992808</i>
                        <i>0.73826 0.318415 0.594629 -0.61274 -0.0519666 0.788574 0.281995 -0.946526 0.156741 1.00647 2.0834 -0.997393</i>
                        <i>0.72729 0.35332 0.588399 -0.612263 -0.0533943 0.788849 0.310133 -0.933977 0.177492 1.00229 2.08606 -1.00034</i>
                        <i>0.713741 0.392108 0.580367 -0.611584 -0.0549656 0.789268 0.341378 -0.918276 0.200576 0.998779 2.08818 -1.00278</i>
                        <i>0.697683 0.433305 0.570514 -0.610719 -0.0565806 0.789823 0.374514 -0.89947 0.225152 0.995934 2.08981 -1.00474</i>
                        <i>0.679392 0.475376 0.558967 -0.609699 -0.0581402 0.790498 0.408282 -0.87786 0.250336 0.993718 2.091 -1.00623</i>
                        <i>0.659421 0.516705 0.546059 -0.608569 -0.0595558 0.791263 0.441371 -0.854089 0.275179 0.992074 2.09183 -1.00731</i>
                        <i>0.638653 0.555611 0.53237 -0.607398 -0.0607592 0.792071 0.47243 -0.829219 0.298673 0.990927 2.09236 -1.00803</i>
                        <i>0.618329 0.590387 0.51876 -0.606266 -0.0617115 0.792864 0.50011 -0.804757 0.319774 0.990177 2.09267 -1.00847</i>
                        <i>0.600011 0.619358 0.506341 -0.605267 -0.0624065 0.793573 0.523105 -0.782624 0.337432 0.989704 2.09286 -1.00872</i>
                        <i>0.585487 0.640919 0.496414 -0.604493 -0.0628665 0.794126 0.540178 -0.765029 0.350624 0.989377 2.09298 -1.00888</i>
                        <i>0.576602 0.653532 0.490332 -0.604038 -0.0631268 0.794451 0.550152 -0.754262 0.358359 0.98906 2.09313 -1.00907</i>
                        <i>0.571201 0.660976 0.486663 -0.603778 -0.0633013 0.794635 0.556041 -0.747733 0.362925 0.988667 2.09332 -1.00934</i>
                        <i>0.565973 0.668029 0.483127 -0.603534 -0.063483 0.794806 0.561624 -0.741422 0.367248 0.988201 2.09354 -1.00966</i>
                        <i>0.560946 0.674675 0.479743 -0.603305 -0.0636713 0.794965 0.566889 -0.735364 0.371319 0.987671 2.09379 -1.01003</i>
                        <i>0.556146 0.680897 0.476529 -0.603092 -0.0638656 0.795111 0.571822 -0.729589 0.375125 0.987085 2.09407 -1.01044</i>
                        <i>0.5516 0.686683 0.473502 -0.602896 -0.0640648 0.795244 0.576415 -0.724128 0.37866 0.986453 2.09437 -1.0109</i>
                        <i>0.54733 0.692022 0.470676 -0.602716 -0.0642678 0.795364 0.580658 -0.71901 0.381917 0.985783 2.09468 -1.01138</i>
                        <i>0.54336 0.696902 0.468067 -0.602552 -0.0644731 0.795471 0.584544 -0.714262 0.384888 0.985084 2.095 -1.01189</i>
                        <i>0.539712 0.701317 0.465688 -0.602404 -0.0646791 0.795566 0.588064 -0.70991 0.387568 0.984367 2.09532 -1.01241</i>
                        <i>0.536408 0.705256 0.463552 -0.602274 -0.064884 0.795649 0.591213 -0.705977 0.389953 0.983639 2.09565 -1.01295</i>
                        <i>0.533465 0.708715 0.461669 -0.60216 -0.0650859 0.795718 0.593985 -0.702487 0.392038 0.982911 2.09597 -1.01348</i>
                        <i>0.530903 0.711684 0.460052 -0.602063 -0.0652827 0.795775 0.596374 -0.69946 0.39382 0.982192 2.09628 -1.01402</i>
                        <i>0.528739 0.714157 0.45871 -0.601985 -0.0654725 0.795819 0.598373 -0.696917 0.395294 0.981492 2.09658 -1.01454</i>
                        <i>0.526989 0.716127 0.457652 -0.601923 -0.0656528 0.79585 0.599976 -0.694875 0.396455 0.98082 2.09687 -1.01504</i>
                        <i>0.525667 0.717586 0.456886 -0.601881 -0.0658215 0.795869 0.601177 -0.693353 0.397301 0.980186 2.09713 -1.01552</i>
                        <i>0.524788 0.718525 0.45642 -0.601857 -0.0659764 0.795874 0.601969 -0.692364 0.397826 0.979601 2.09737 -1.01596</i>
                        <i>0.524364 0.718936 0.45626 -0.601852 -0.0661149 0.795866 0.602343 -0.691924 0.398025 0.979073 2.09758 -1.01636</i>
                        <i>0.524407 0.718808 0.456412 -0.601866 -0.066235 0.795845 0.602291 -0.692046 0.397892 0.978614 2.09775 -1.01671</i>
                        <i>0.524928 0.71813 0.456881 -0.601901 -0.0663342 0.795811 0.601802 -0.692741 0.397422 0.978233 2.09789 -1.01701</i>
                        <i>0.525935 0.716887 0.457673 -0.601956 -0.0664103 0.795763 0.600866 -0.694019 0.396607 0.977939 2.09799 -1.01724</i>
                        <i>0.527439 0.715067 0.45879 -0.602033 -0.0664609 0.795701 0.599471 -0.69589 0.39544 0.977744 2.09805 -1.0174</i>
                        <i>0.529445 0.712651 0.460235 -0.60213 -0.0664838 0.795625 0.597601 -0.698361 0.393909 0.977657 2.09806 -1.01748</i>
                        <i>0.53196 0.709623 0.462011 -0.602249 -0.0664768 0.795536 0.595243 -0.701439 0.392007 0.977688 2.09801 -1.01748</i>
                        <i>0.535127 0.705783 0.464229 -0.602396 -0.0664535 0.795426 0.592248 -0.705304 0.3896 0.977814 2.09792 -1.01741</i>
                        <i>0.539056 0.700965 0.466976 -0.602575 -0.0664235 0.795293 0.58849 -0.710096 0.386578 0.978017 2.09777 -1.01729</i>
                        <i>0.543701 0.695192 0.470209 -0.602785 -0.0663784 0.795137 0.583985 -0.715752 0.382962 0.978316 2.09757 -1.01711</i>
                        <i>0.549013 0.688489 0.473886 -0.603025 -0.0663098 0.794962 0.578746 -0.722209 0.378771 0.978728 2.0973 -1.01685</i>
                        <i>0.554941 0.680874 0.477965 -0.60329 -0.0662101 0.794768 0.572783 -0.729402 0.374022 0.979272 2.09696 -1.0165</i>
                        <i>0.56144 0.672363 0.482405 -0.603581 -0.0660719 0.794559 0.566105 -0.737267 0.36873 0.979965 2.09653 -1.01604</i>
                        <i>0.568461 0.662965 0.487165 -0.603895 -0.0658891 0.794336 0.558716 -0.745745 0.362906 0.980826 2.09602 -1.01546</i>
                        <i>0.57596 0.652685 0.492211 -0.60423 -0.0656561 0.794101 0.550614 -0.754779 0.356556 0.981869 2.09541 -1.01474</i>
                        <i>0.583898 0.64152 0.497509 -0.604583 -0.0653684 0.793855 0.541795 -0.764316 0.349684 0.983113 2.0947 -1.01388</i>
                        <i>0.592236 0.62946 0.503029 -0.604954 -0.0650224 0.793601 0.532248 -0.774308 0.342285 0.98457 2.09387 -1.01287</i>
                        <i>0.60802 0.605663 0.513306 -0.605652 -0.0641829 0.793137 0.513319 -0.793128 0.327797 0.987945 2.09205 -1.01048</i>
                        <i>0.634732 0.561924 0.530431 -0.606828 -0.0625086 0.792371 0.478409 -0.824824 0.301315 0.994393 2.08847 -1.00589</i>
                        <i>0.666827 0.502186 0.550592 -0.608221 -0.0601514 0.791485 0.430592 -0.862665 0.26533 1.0031 2.08329 -0.999697</i>
                        <i>0.699261 0.430938 0.570374 -0.609594 -0.0573053 0.790639 0.373402 -0.90056 0.222626 1.01321 2.07669 -0.992522</i>
                        <i>0.728146 0.353479 0.587244 -0.610771 -0.0542092 0.789949 0.311064 -0.93387 0.176423 1.02389 2.069 -0.984975</i>
                        <i>0.751036 0.276238 0.599698 -0.611618 -0.0511005 0.789501 0.248736 -0.95973 0.130574 1.03452 2.06075 -0.977462</i>
                        <i>0.767305 0.205225 0.607557 -0.612085 -0.0482442 0.789319 0.191299 -0.977525 0.0885972 1.04435 2.05271 -0.970492</i>
                        <i>0.777515 0.146447 0.611575 -0.612232 -0.0459136 0.789344 0.143677 -0.988152 0.0539612 1.05244 2.04575 -0.964736</i>
                        <i>0.782849 0.106419 0.613043 -0.612193 -0.0443525 0.789463 0.111204 -0.993332 0.0304276 1.05793 2.04086 -0.960817</i>
                        <i>0.784494 0.0916717 0.613323 -0.612145 -0.0437828 0.789532 0.0992306 -0.994826 0.021769 1.05995 2.03902 -0.959365</i>
                    </KeyFrames>
                </p>
            </i>
            <i>
                <p>
                    <Name><![CDATA[head]]></Name>
                    <Exclude>0</Exclude>
                    <Additive>0</Additive>
                    <IKPriority>0</IKPriority>
                    <IKRotLimits>-1e+010 -1e+010 -1e+010 1e+010 1e+010 1e+010</IKRotLimits>
                    <IKRotLimitOrder>0</IKRotLimitOrder>
                    <KeyFrames count="60">
                        <i>0.763859 -0.145072 0.628867 0.127609 0.989121 0.0731779 -0.632641 0.0243512 0.774062 1.27226 2.07115 -0.797209</i>
                        <i>0.765772 -0.168603 0.620617 0.14322 0.985497 0.0910133 -0.626961 0.0191892 0.778814 1.26989 2.07575 -0.798741</i>
                        <i>0.768576 -0.224547 0.599058 0.181852 0.974434 0.13194 -0.613369 0.00753412 0.789761 1.26344 2.08791 -0.802924</i>
                        <i>0.768239 -0.290882 0.57026 0.23053 0.956747 0.177459 -0.597214 -0.00486906 0.802067 1.25383 2.10508 -0.809197</i>
                        <i>0.763584 -0.346463 0.544888 0.273852 0.937971 0.212638 -0.58476 -0.013149 0.811099 1.24208 2.12475 -0.816933</i>
                        <i>0.757075 -0.371683 0.537298 0.294319 0.928254 0.227424 -0.583278 -0.0140398 0.812151 1.22941 2.14465 -0.825327</i>
                        <i>0.751252 -0.34722 0.561301 0.274233 0.937764 0.213062 -0.600348 -0.0061356 0.799716 1.21734 2.16278 -0.833358</i>
                        <i>0.740063 -0.251176 0.623873 0.198976 0.967885 0.153644 -0.642429 0.0104293 0.766274 1.20764 2.17741 -0.839819</i>
                        <i>0.682973 -0.00560346 0.730422 0.0329658 0.999188 -0.023159 -0.729699 0.039896 0.682603 1.19949 2.19022 -0.845213</i>
                        <i>0.518471 0.371628 0.770117 -0.140221 0.92538 -0.35215 -0.84352 0.074593 0.531893 1.19093 2.20356 -0.850895</i>
                        <i>0.30695 0.71899 0.623567 -0.179051 0.687122 -0.704133 -0.934731 0.104484 0.339648 1.18204 2.21692 -0.856811</i>
                        <i>0.173953 0.918287 0.355653 -0.0942847 0.375031 -0.922205 -0.98023 0.126888 0.151818 1.173 2.22982 -0.862859</i>
                        <i>0.136862 0.981193 0.13612 0.00414019 0.136845 -0.990584 -0.990582 0.136137 0.0146664 1.16405 2.24184 -0.868881</i>
                        <i>0.13114 0.990721 0.0356984 0.0743774 0.0260754 -0.996889 -0.98857 0.133387 -0.0702677 1.15549 2.25259 -0.874673</i>
                        <i>0.127561 0.99176 0.0118093 0.129182 -0.00480803 -0.991609 -0.983382 0.128016 -0.128731 1.14768 2.26178 -0.879988</i>
                        <i>0.117392 0.992578 0.0317443 0.168361 0.0116111 -0.985657 -0.97871 0.121052 -0.165748 1.141 2.26917 -0.884551</i>
                        <i>0.103677 0.992513 0.0645633 0.191267 0.0438061 -0.98056 -0.976047 0.11401 -0.185293 1.13586 2.27455 -0.888075</i>
                        <i>0.0946594 0.992173 0.0814345 0.197666 0.0614407 -0.978342 -0.975688 0.108706 -0.190303 1.13266 2.27774 -0.890275</i>
                        <i>0.0920352 0.992345 0.0823431 0.197186 0.0628935 -0.978347 -0.976037 0.106279 -0.189888 1.13056 2.27974 -0.89173</i>
                        <i>0.0911562 0.992165 0.0854366 0.198689 0.0659484 -0.977841 -0.975814 0.106112 -0.191121 1.12844 2.2817 -0.893191</i>
                        <i>0.0914198 0.991727 0.0901144 0.201334 0.070217 -0.977003 -0.975247 0.10746 -0.193249 1.12634 2.2836 -0.894649</i>
                        <i>0.0922675 0.991117 0.0957756 0.20425 0.0753019 -0.976018 -0.974561 0.109617 -0.195488 1.12425 2.28545 -0.896093</i>
                        <i>0.0931999 0.990428 0.101818 0.206538 0.0808067 -0.975096 -0.97399 0.111908 -0.19703 1.12221 2.28722 -0.897513</i>
                        <i>0.0937861 0.989756 0.107644 0.207257 0.0863423 -0.974469 -0.973781 0.113701 -0.197036 1.12021 2.28892 -0.898899</i>
                        <i>0.0936697 0.989208 0.11267 0.205422 0.09153 -0.974384 -0.974181 0.114415 -0.194631 1.11828 2.29052 -0.90024</i>
                        <i>0.0925693 0.988885 0.116347 0.199995 0.0960012 -0.975082 -0.975414 0.113532 -0.188886 1.11643 2.29204 -0.901527</i>
