<?xml version="1.0" encoding="ISO-8859-1" ?>
<Animl Version="1">
    <ModellingPackage><![CDATA[Maya.2010]]></ModellingPackage>
    <SrcFile><![CDATA[anims\turrets\mortar\blue\~src\mortar_m252\mortar_m252_idle_crewman_a.mb]]></SrcFile>
    <FramesPerSecond>30</FramesPerSecond>
    <TotalFrames>61</TotalFrames>
    <Skeleton>
        <RefFrame>
            <Name><![CDATA[soldier_ref_frame]]></Name>
            <Exclude>0</Exclude>
            <Additive>0</Additive>
            <IKPriority>0</IKPriority>
            <IKRotLimits>-1e+010 -1e+010 -1e+010 1e+010 1e+010 1e+010</IKRotLimits>
            <IKRotLimitOrder>0</IKRotLimitOrder>
            <KeyFrames count="61">
                <i>1 0 0 0 1 0 0 0 1 1.01 0.91 -1.51</i>
                <i>1 0 0 0 1 0 0 0 1 1.01 0.91 -1.51</i>
                <i>1 0 0 0 1 0 0 0 1 1.01 0.91 -1.51</i>
                <i>1 0 0 0 1 0 0 0 1 1.01 0.91 -1.51</i>
                <i>1 0 0 0 1 0 0 0 1 1.01 0.91 -1.51</i>
                <i>1 0 0 0 1 0 0 0 1 1.01 0.91 -1.51</i>
                <i>1 0 0 0 1 0 0 0 1 1.01 0.91 -1.51</i>
                <i>1 0 0 0 1 0 0 0 1 1.01 0.91 -1.51</i>
                <i>1 0 0 0 1 0 0 0 1 1.01 0.91 -1.51</i>
                <i>1 0 0 0 1 0 0 0 1 1.01 0.91 -1.51</i>
                <i>1 0 0 0 1 0 0 0 1 1.01 0.91 -1.51</i>
                <i>1 0 0 0 1 0 0 0 1 1.01 0.91 -1.51</i>
                <i>1 0 0 0 1 0 0 0 1 1.01 0.91 -1.51</i>
                <i>1 0 0 0 1 0 0 0 1 1.01 0.91 -1.51</i>
                <i>1 0 0 0 1 0 0 0 1 1.01 0.91 -1.51</i>
                <i>1 0 0 0 1 0 0 0 1 1.01 0.91 -1.51</i>
                <i>1 0 0 0 1 0 0 0 1 1.01 0.91 -1.51</i>
                <i>1 0 0 0 1 0 0 0 1 1.01 0.91 -1.51</i>
                <i>1 0 0 0 1 0 0 0 1 1.01 0.91 -1.51</i>
                <i>1 0 0 0 1 0 0 0 1 1.01 0.91 -1.51</i>
                <i>1 0 0 0 1 0 0 0 1 1.01 0.91 -1.51</i>
                <i>1 0 0 0 1 0 0 0 1 1.01 0.91 -1.51</i>
                <i>1 0 0 0 1 0 0 0 1 1.01 0.91 -1.51</i>
                <i>1 0 0 0 1 0 0 0 1 1.01 0.91 -1.51</i>
                <i>1 0 0 0 1 0 0 0 1 1.01 0.91 -1.51</i>
                <i>1 0 0 0 1 0 0 0 1 1.01 0.91 -1.51</i>
                <i>1 0 0 0 1 0 0 0 1 1.01 0.91 -1.51</i>
                <i>1 0 0 0 1 0 0 0 1 1.01 0.91 -1.51</i>
                <i>1 0 0 0 1 0 0 0 1 1.01 0.91 -1.51</i>
                <i>1 0 0 0 1 0 0 0 1 1.01 0.91 -1.51</i>
                <i>1 0 0 0 1 0 0 0 1 1.01 0.91 -1.51</i>
                <i>1 0 0 0 1 0 0 0 1 1.01 0.91 -1.51</i>
                <i>1 0 0 0 1 0 0 0 1 1.01 0.91 -1.51</i>
                <i>1 0 0 0 1 0 0 0 1 1.01 0.91 -1.51</i>
                <i>1 0 0 0 1 0 0 0 1 1.01 0.91 -1.51</i>
                <i>1 0 0 0 1 0 0 0 1 1.01 0.91 -1.51</i>
                <i>1 0 0 0 1 0 0 0 1 1.01 0.91 -1.51</i>
                <i>1 0 0 0 1 0 0 0 1 1.01 0.91 -1.51</i>
                <i>1 0 0 0 1 0 0 0 1 1.01 0.91 -1.51</i>
                <i>1 0 0 0 1 0 0 0 1 1.01 0.91 -1.51</i>
                <i>1 0 0 0 1 0 0 0 1 1.01 0.91 -1.51</i>
                <i>1 0 0 0 1 0 0 0 1 1.01 0.91 -1.51</i>
                <i>1 0 0 0 1 0 0 0 1 1.01 0.91 -1.51</i>
                <i>1 0 0 0 1 0 0 0 1 1.01 0.91 -1.51</i>
                <i>1 0 0 0 1 0 0 0 1 1.01 0.91 -1.51</i>
                <i>1 0 0 0 1 0 0 0 1 1.01 0.91 -1.51</i>
                <i>1 0 0 0 1 0 0 0 1 1.01 0.91 -1.51</i>
                <i>1 0 0 0 1 0 0 0 1 1.01 0.91 -1.51</i>
                <i>1 0 0 0 1 0 0 0 1 1.01 0.91 -1.51</i>
                <i>1 0 0 0 1 0 0 0 1 1.01 0.91 -1.51</i>
                <i>1 0 0 0 1 0 0 0 1 1.01 0.91 -1.51</i>
                <i>1 0 0 0 1 0 0 0 1 1.01 0.91 -1.51</i>
                <i>1 0 0 0 1 0 0 0 1 1.01 0.91 -1.51</i>
                <i>1 0 0 0 1 0 0 0 1 1.01 0.91 -1.51</i>
                <i>1 0 0 0 1 0 0 0 1 1.01 0.91 -1.51</i>
                <i>1 0 0 0 1 0 0 0 1 1.01 0.91 -1.51</i>
                <i>1 0 0 0 1 0 0 0 1 1.01 0.91 -1.51</i>
                <i>1 0 0 0 1 0 0 0 1 1.01 0.91 -1.51</i>
                <i>1 0 0 0 1 0 0 0 1 1.01 0.91 -1.51</i>
                <i>1 0 0 0 1 0 0 0 1 1.01 0.91 -1.51</i>
                <i>1 0 0 0 1 0 0 0 1 1.01 0.91 -1.51</i>
            </KeyFrames>
        </RefFrame>
        <Bones count="23">
            <i>
                <p>
                    <Name><![CDATA[pelvis]]></Name>
                    <Exclude>0</Exclude>
                    <Additive>0</Additive>
                    <IKPriority>0</IKPriority>
                    <IKRotLimits>-1e+010 -1e+010 -1e+010 1e+010 1e+010 1e+010</IKRotLimits>
                    <IKRotLimitOrder>2</IKRotLimitOrder>
                    <KeyFrames count="61">
                        <i>1 0 0 0 1 0 0 0 1 0.549377 2.0853 -1.71878</i>
                        <i>1 0 0 0 1 0 0 0 1 0.549377 2.08683 -1.71878</i>
                        <i>1 0 0 0 1 0 0 0 1 0.549377 2.08832 -1.71878</i>
                        <i>1 0 0 0 1 0 0 0 1 0.549377 2.08976 -1.71878</i>
                        <i>1 0 0 0 1 0 0 0 1 0.549377 2.09115 -1.71878</i>
                        <i>1 0 0 0 1 0 0 0 1 0.549377 2.09248 -1.71878</i>
                        <i>1 0 0 0 1 0 0 0 1 0.549377 2.09373 -1.71878</i>
                        <i>1 0 0 0 1 0 0 0 1 0.549377 2.09491 -1.71878</i>
                        <i>1 0 0 0 1 0 0 0 1 0.549377 2.09599 -1.71878</i>
                        <i>1 0 0 0 1 0 0 0 1 0.549377 2.09698 -1.71878</i>
                        <i>1 0 0 0 1 0 0 0 1 0.549377 2.09787 -1.71878</i>
                        <i>1 0 0 0 1 0 0 0 1 0.549377 2.09864 -1.71878</i>
                        <i>1 0 0 0 1 0 0 0 1 0.549377 2.09929 -1.71878</i>
                        <i>1 0 0 0 1 0 0 0 1 0.549377 2.09982 -1.71878</i>
                        <i>1 0 0 0 1 0 0 0 1 0.549377 2.1002 -1.71878</i>
                        <i>1 0 0 0 1 0 0 0 1 0.549377 2.10044 -1.71878</i>
                        <i>1 0 0 0 1 0 0 0 1 0.549377 2.10052 -1.71878</i>
                        <i>1 0 0 0 1 0 0 0 1 0.549377 2.10045 -1.71878</i>
                        <i>1 0 0 0 1 0 0 0 1 0.549377 2.1002 -1.71878</i>
                        <i>1 0 0 0 1 0 0 0 1 0.549377 2.09973 -1.71878</i>
                        <i>1 0 0 0 1 0 0 0 1 0.549377 2.09904 -1.71878</i>
                        <i>1 0 0 0 1 0 0 0 1 0.549377 2.09813 -1.71878</i>
                        <i>1 0 0 0 1 0 0 0 1 0.549377 2.09703 -1.71878</i>
                        <i>1 0 0 0 1 0 0 0 1 0.549377 2.09577 -1.71878</i>
                        <i>1 0 0 0 1 0 0 0 1 0.549377 2.09436 -1.71878</i>
                        <i>1 0 0 0 1 0 0 0 1 0.549377 2.09284 -1.71878</i>
                        <i>1 0 0 0 1 0 0 0 1 0.549377 2.09123 -1.71878</i>
                        <i>1 0 0 0 1 0 0 0 1 0.549377 2.08954 -1.71878</i>
                        <i>1 0 0 0 1 0 0 0 1 0.549377 2.08781 -1.71878</i>
                        <i>1 0 0 0 1 0 0 0 1 0.549377 2.08605 -1.71878</i>
                        <i>1 0 0 0 1 0 0 0 1 0.549377 2.08429 -1.71878</i>
                        <i>1 0 0 0 1 0 0 0 1 0.549377 2.08255 -1.71878</i>
                        <i>1 0 0 0 1 0 0 0 1 0.549377 2.08086 -1.71878</i>
                        <i>1 0 0 0 1 0 0 0 1 0.549377 2.07924 -1.71878</i>
                        <i>1 0 0 0 1 0 0 0 1 0.549377 2.07771 -1.71878</i>
                        <i>1 0 0 0 1 0 0 0 1 0.549377 2.0763 -1.71878</i>
                        <i>1 0 0 0 1 0 0 0 1 0.549377 2.07503 -1.71878</i>
                        <i>1 0 0 0 1 0 0 0 1 0.549377 2.07392 -1.71878</i>
                        <i>1 0 0 0 1 0 0 0 1 0.549377 2.073 -1.71878</i>
                        <i>1 0 0 0 1 0 0 0 1 0.549377 2.07229 -1.71878</i>
                        <i>1 0 0 0 1 0 0 0 1 0.549377 2.07181 -1.71878</i>
                        <i>1 0 0 0 1 0 0 0 1 0.549377 2.07151 -1.71878</i>
                        <i>1 0 0 0 1 0 0 0 1 0.549377 2.07134 -1.71878</i>
                        <i>1 0 0 0 1 0 0 0 1 0.549377 2.07129 -1.71878</i>
                        <i>1 0 0 0 1 0 0 0 1 0.549377 2.07136 -1.71878</i>
                        <i>1 0 0 0 1 0 0 0 1 0.549377 2.07153 -1.71878</i>
                        <i>1 0 0 0 1 0 0 0 1 0.549377 2.07181 -1.71878</i>
                        <i>1 0 0 0 1 0 0 0 1 0.549377 2.0722 -1.71878</i>
                        <i>1 0 0 0 1 0 0 0 1 0.549377 2.0727 -1.71878</i>
                        <i>1 0 0 0 1 0 0 0 1 0.549377 2.07328 -1.71878</i>
                        <i>1 0 0 0 1 0 0 0 1 0.549377 2.07397 -1.71878</i>
                        <i>1 0 0 0 1 0 0 0 1 0.549377 2.07475 -1.71878</i>
                        <i>1 0 0 0 1 0 0 0 1 0.549377 2.07561 -1.71878</i>
                        <i>1 0 0 0 1 0 0 0 1 0.549377 2.07656 -1.71878</i>
                        <i>1 0 0 0 1 0 0 0 1 0.549377 2.07759 -1.71878</i>
                        <i>1 0 0 0 1 0 0 0 1 0.549377 2.0787 -1.71878</i>
                        <i>1 0 0 0 1 0 0 0 1 0.549377 2.07988 -1.71878</i>
                        <i>1 0 0 0 1 0 0 0 1 0.549377 2.08114 -1.71878</i>
                        <i>1 0 0 0 1 0 0 0 1 0.549377 2.08246 -1.71878</i>
                        <i>1 0 0 0 1 0 0 0 1 0.549377 2.08385 -1.71878</i>
                        <i>1 0 0 0 1 0 0 0 1 0.549377 2.0853 -1.71878</i>
                    </KeyFrames>
                </p>
            </i>
            <i>
                <p>
                    <Name><![CDATA[spine0]]></Name>
                    <Exclude>0</Exclude>
                    <Additive>0</Additive>
                    <IKPriority>0</IKPriority>
                    <IKRotLimits>-1e+010 -1e+010 -1e+010 1e+010 1e+010 1e+010</IKRotLimits>
                    <IKRotLimitOrder>0</IKRotLimitOrder>
                    <KeyFrames count="61">
                        <i>0.00959805 0.986371 0.164259 -0.867975 0.0897827 -0.488425 -0.496515 -0.137885 0.857007 0.592316 2.21947 -1.74795</i>
                        <i>0.00601063 0.985879 0.167352 -0.867983 0.0882467 -0.488691 -0.496558 -0.142321 0.856256 0.592139 2.22112 -1.74765</i>
                        <i>0.00222346 0.985352 0.17052 -0.867997 0.0865764 -0.488963 -0.496564 -0.146924 0.855475 0.591923 2.22274 -1.74738</i>
                        <i>-0.00168858 0.984797 0.173702 -0.868018 0.0848051 -0.489237 -0.49653 -0.151603 0.854678 0.591671 2.22431 -1.74714</i>
                        <i>-0.00565007 0.984224 0.176835 -0.868043 0.0829667 -0.489508 -0.496457 -0.156266 0.85388 0.591385 2.22583 -1.74694</i>
                        <i>-0.0095847 0.983646 0.179859 -0.868071 0.0810957 -0.489771 -0.496347 -0.160825 0.853097 0.591071 2.22729 -1.74676</i>
                        <i>-0.0134155 0.983075 0.182711 -0.868102 0.0792275 -0.490022 -0.496205 -0.165186 0.852346 0.590731 2.22868 -1.74662</i>
                        <i>-0.017065 0.982528 0.185332 -0.868134 0.077398 -0.490258 -0.496036 -0.169259 0.851645 0.590369 2.22999 -1.7465</i>
                        <i>-0.020455 0.982021 0.187661 -0.868168 0.0756439 -0.490472 -0.495849 -0.172953 0.851011 0.589989 2.23121 -1.74642</i>
                        <i>-0.0235073 0.981573 0.189637 -0.868201 0.0740022 -0.490663 -0.495655 -0.176177 0.850463 0.589594 2.23233 -1.74637</i>
                        <i>-0.0261435 0.981203 0.1912 -0.868235 0.0725104 -0.490826 -0.495464 -0.178839 0.850019 0.589187 2.23334 -1.74635</i>
                        <i>-0.0282857 0.98093 0.192292 -0.868268 0.0712056 -0.490958 -0.495288 -0.180848 0.849697 0.588773 2.23423 -1.74635</i>
                        <i>-0.0298566 0.980774 0.192852 -0.868301 0.0701248 -0.491056 -0.495139 -0.182115 0.849513 0.588355 2.23499 -1.74639</i>
                        <i>-0.0309417 0.980718 0.192963 -0.868335 0.0692357 -0.491123 -0.495013 -0.182753 0.849449 0.587937 2.23562 -1.74646</i>
                        <i>-0.0316787 0.980735 0.192755 -0.868372 0.0684841 -0.491161 -0.4949 -0.182942 0.849474 0.587522 2.2361 -1.74655</i>
                        <i>-0.0320859 0.980822 0.192247 -0.868414 0.0678643 -0.491173 -0.4948 -0.18271 0.849582 0.587114 2.23643 -1.74667</i>
                        <i>-0.0321795 0.980973 0.191458 -0.86846 0.0673719 -0.491159 -0.494713 -0.182079 0.849768 0.586717 2.23659 -1.74682</i>
                        <i>-0.0319708 0.981185 0.190403 -0.86851 0.067005 -0.491122 -0.49464 -0.181069 0.850027 0.586334 2.23658 -1.747</i>
                        <i>-0.0314772 0.981453 0.189101 -0.868562 0.0667589 -0.491064 -0.49458 -0.179703 0.850351 0.58597 2.23639 -1.74721</i>
                        <i>-0.0307157 0.981771 0.187571 -0.868616 0.066629 -0.490986 -0.494533 -0.178008 0.850735 0.585628 2.23597 -1.74744</i>
                        <i>-0.0296946 0.982136 0.185813 -0.868674 0.0666078 -0.490886 -0.494494 -0.175987 0.851178 0.585318 2.2353 -1.74771</i>
                        <i>-0.0284266 0.982547 0.183832 -0.868736 0.066687 -0.490765 -0.494459 -0.173652 0.851678 0.585046 2.23439 -1.74803</i>
                        <i>-0.0269353 0.982993 0.181654 -0.868801 0.0668603 -0.490627 -0.494429 -0.171037 0.852224 0.584812 2.23328 -1.74839</i>
                        <i>-0.0252443 0.983469 0.179306 -0.868864 0.0671213 -0.490479 -0.494406 -0.168174 0.852807 0.584613 2.23198 -1.74878</i>
                        <i>-0.0233767 0.983967 0.176811 -0.868925 0.0674638 -0.490324 -0.494391 -0.165098 0.853417 0.584448 2.23053 -1.74921</i>
                        <i>-0.0213553 0.984479 0.174198 -0.868982 0.0678819 -0.490166 -0.494383 -0.161842 0.854045 0.584316 2.22894 -1.74966</i>
                        <i>-0.0192029 0.984999 0.17149 -0.869032 0.0683694 -0.490009 -0.494383 -0.15844 0.854683 0.584215 2.22724 -1.75014</i>
                        <i>-0.0169417 0.985519 0.168715 -0.869075 0.0689204 -0.489856 -0.494391 -0.154925 0.855322 0.584144 2.22546 -1.75063</i>
                        <i>-0.0145937 0.986035 0.165897 -0.869109 0.069529 -0.48971 -0.494406 -0.151329 0.855957 0.5841 2.22362 -1.75113</i>
                        <i>-0.0121806 0.98654 0.163063 -0.869133 0.0701894 -0.489572 -0.494428 -0.147687 0.85658 0.584083 2.22174 -1.75164</i>
                        <i>-0.00972384 0.98703 0.160239 -0.869149 0.0708958 -0.489443 -0.494455 -0.144031 0.857187 0.58409 2.21986 -1.75214</i>
                        <i>-0.00718828 0.987507 0.157409 -0.869153 0.0716712 -0.489322 -0.494491 -0.14033 0.85778 0.584121 2.21799 -1.75265</i>
                        <i>-0.00455676 0.987971 0.15457 -0.869145 0.0725295 -0.48921 -0.494537 -0.136573 0.85836 0.584173 2.21616 -1.75314</i>
                        <i>-0.00187762 0.988414 0.15177 -0.869125 0.0734508 -0.489108 -0.494589 -0.132825 0.858918 0.584245 2.2144 -1.75361</i>
                        <i>0.000835289 0.988834 0.149019 -0.869095 0.0744291 -0.489014 -0.494645 -0.129103 0.859453 0.584335 2.21273 -1.75407</i>
                        <i>0.00357818 0.989231 0.146321 -0.869054 0.0754624 -0.488927 -0.494703 -0.125411 0.859965 0.584443 2.21117 -1.7545</i>
                        <i>0.00631768 0.9896 0.143707 -0.869005 0.0765366 -0.488848 -0.494762 -0.121793 0.860451 0.584565 2.20976 -1.75491</i>
                        <i>0.00902032 0.989939 0.141208 -0.868949 0.077638 -0.488774 -0.494819 -0.118293 0.860907 0.584701 2.20852 -1.75527</i>
                        <i>0.0116526 0.990244 0.138856 -0.868888 0.0787524 -0.488704 -0.494872 -0.114955 0.861329 0.584849 2.20747 -1.7556</i>
                        <i>0.014181 0.990514 0.136681 -0.868824 0.0798662 -0.488638 -0.494918 -0.111823 0.861714 0.585007 2.20664 -1.75588</i>
                        <i>0.016572 0.990746 0.134717 -0.868759 0.0809653 -0.488572 -0.494958 -0.10894 0.862061 0.585175 2.20605 -1.75611</i>
                        <i>0.0187919 0.990939 0.132994 -0.868695 0.0820361 -0.488506 -0.49499 -0.106351 0.862365 0.58535 2.20566 -1.75629</i>
                        <i>0.020807 0.991092 0.131544 -0.868635 0.0830648 -0.488439 -0.495015 -0.104101 0.862626 0.58553 2.20541 -1.75641</i>
                        <i>0.0225837 0.991204 0.130398 -0.868581 0.0840375 -0.488369 -0.495032 -0.102232 0.862839 0.585716 2.20529 -1.75646</i>
                        <i>0.024177 0.991266 0.129643 -0.86853 0.0850441 -0.488286 -0.495047 -0.100794 0.863 0.585959 2.2053 -1.75641</i>
                        <i>0.025625 0.991269 0.129342 -0.86848 0.0861495 -0.488181 -0.495061 -0.0998218 0.863105 0.586302 2.20543 -1.75625</i>
                        <i>0.0268677 0.991216 0.129497 -0.868434 0.0873018 -0.488057 -0.495076 -0.0993469 0.863151 0.58673 2.20567 -1.75598</i>
                        <i>0.0278279 0.991108 0.13012 -0.868395 0.0884405 -0.487923 -0.495092 -0.0994174 0.863134 0.587225 2.20602 -1.75561</i>
                        <i>0.0284448 0.990947 0.131209 -0.868362 0.0895128 -0.487786 -0.495114 -0.100062 0.863047 0.587771 2.20648 -1.75517</i>
                        <i>0.0287105 0.990737 0.132726 -0.868335 0.090493 -0.487653 -0.495146 -0.10125 0.86289 0.588351 2.20704 -1.75465</i>
                        <i>0.0286401 0.990484 0.134614 -0.868311 0.0913669 -0.487532 -0.495192 -0.102924 0.862665 0.58895 2.2077 -1.75408</i>
                        <i>0.0282316 0.990192 0.13683 -0.868288 0.0921118 -0.487433 -0.495256 -0.105047 0.862373 0.58955 2.20846 -1.75346</i>
                        <i>0.0274838 0.989865 0.139328 -0.868265 0.092706 -0.487362 -0.495339 -0.107579 0.862013 0.590136 2.20931 -1.75281</i>
                        <i>0.0263968 0.989505 0.142066 -0.868239 0.0931286 -0.487328 -0.495444 -0.110483 0.861585 0.59069 2.21026 -1.75214</i>
                        <i>0.0249719 0.989117 0.144999 -0.868209 0.0933602 -0.487337 -0.49557 -0.113719 0.861091 0.591197 2.2113 -1.75147</i>
                        <i>0.0232123 0.988702 0.148084 -0.868175 0.0933822 -0.487393 -0.495715 -0.117249 0.860534 0.59164 2.21244 -1.7508</i>
                        <i>0.0211224 0.988266 0.151277 -0.868137 0.0931778 -0.4875 -0.495875 -0.121032 0.859918 0.592003 2.21366 -1.75014</i>
                        <i>0.0187083 0.98781 0.154534 -0.868096 0.0927308 -0.487659 -0.496044 -0.125027 0.859249 0.592268 2.21497 -1.74952</i>
                        <i>0.0159775 0.98734 0.157812 -0.868053 0.092026 -0.487868 -0.496215 -0.129195 0.858533 0.59242 2.21638 -1.74894</i>
                        <i>0.0129379 0.986858 0.161068 -0.868011 0.0910484 -0.488126 -0.496376 -0.133494 0.857782 0.592442 2.21788 -1.74841</i>
                        <i>0.00959805 0.986371 0.164259 -0.867975 0.0897827 -0.488425 -0.496515 -0.137885 0.857007 0.592316 2.21947 -1.74795</i>
                    </KeyFrames>
                </p>
            </i>
            <i>
                <p>
                    <Name><![CDATA[spine1]]></Name>
                    <Exclude>0</Exclude>
                    <Additive>0</Additive>
                    <IKPriority>0</IKPriority>
                    <IKRotLimits>-1e+010 -1e+010 -1e+010 1e+010 1e+010 1e+010</IKRotLimits>
                    <IKRotLimitOrder>0</IKRotLimitOrder>
                    <KeyFrames count="61">
                        <i>-0.314062 0.923907 0.218544 -0.755187 -0.103602 -0.647271 -0.575377 -0.368324 0.73026 0.593955 2.38808 -1.71987</i>
                        <i>-0.318641 0.921796 0.220818 -0.754144 -0.105412 -0.648194 -0.574225 -0.37307 0.728755 0.593165 2.38959 -1.71905</i>
                        <i>-0.322992 0.919689 0.223268 -0.753125 -0.106909 -0.649133 -0.573131 -0.377813 0.727171 0.592301 2.39104 -1.71825</i>
                        <i>-0.327085 0.917608 0.225854 -0.752144 -0.1081 -0.650072 -0.572097 -0.382504 0.725532 0.59138 2.39243 -1.71748</i>
                        <i>-0.330893 0.915576 0.22854 -0.751214 -0.108994 -0.650998 -0.571128 -0.387093 0.723859 0.590419 2.39375 -1.71676</i>
                        <i>-0.334385 0.913615 0.231289 -0.750348 -0.109597 -0.651894 -0.570232 -0.391531 0.722177 0.589434 2.39501 -1.71609</i>
                        <i>-0.337535 0.911748 0.234064 -0.749558 -0.109917 -0.652749 -0.569415 -0.39577 0.720509 0.588442 2.39619 -1.71548</i>
                        <i>-0.340313 0.909999 0.236829 -0.748855 -0.109963 -0.653548 -0.568686 -0.399761 0.718879 0.58746 2.3973 -1.71494</i>
                        <i>-0.342693 0.908394 0.239547 -0.74825 -0.109743 -0.654277 -0.568053 -0.403457 0.717313 0.586504 2.39832 -1.71448</i>
                        <i>-0.344646 0.906955 0.242181 -0.747753 -0.109266 -0.654925 -0.567525 -0.406808 0.715837 0.585592 2.39926 -1.71411</i>
                        <i>-0.346144 0.905709 0.244694 -0.747376 -0.108543 -0.655475 -0.56711 -0.409768 0.714477 0.584739 2.40011 -1.71384</i>
                        <i>-0.34716 0.90468 0.247051 -0.747129 -0.107585 -0.655914 -0.566814 -0.412286 0.713262 0.583963 2.40086 -1.71368</i>
                        <i>-0.347665 0.903893 0.249211 -0.747025 -0.106401 -0.656226 -0.566642 -0.414314 0.712223 0.58328 2.40152 -1.71364</i>
                        <i>-0.347685 0.903339 0.251184 -0.74705 -0.105005 -0.656422 -0.566596 -0.415875 0.711349 0.58268 2.40207 -1.7137</i>
                        <i>-0.347264 0.902996 0.252994 -0.747185 -0.103405 -0.656523 -0.566676 -0.41702 0.710614 0.582142 2.40248 -1.71384</i>
                        <i>-0.346454 0.90284 0.254655 -0.747418 -0.10163 -0.656534 -0.566865 -0.417793 0.710009 0.581667 2.40276 -1.71406</i>
                        <i>-0.345296 0.902852 0.256182 -0.747742 -0.099705 -0.65646 -0.567144 -0.418232 0.709528 0.581255 2.4029 -1.71436</i>
                        <i>-0.343805 0.903026 0.257568 -0.748153 -0.0976456 -0.656302 -0.567507 -0.41834 0.709173 0.58091 2.40288 -1.71472</i>
                        <i>-0.342009 0.903352 0.258815 -0.748645 -0.0954727 -0.65606 -0.567943 -0.41814 0.708943 0.58063 2.40269 -1.71516</i>
                        <i>-0.339937 0.903815 0.259926 -0.749212 -0.0932066 -0.655739 -0.56844 -0.417649 0.708834 0.580418 2.4023 -1.71565</i>
                        <i>-0.33764 0.904379 0.260957 -0.749857 -0.0908563 -0.655332 -0.568959 -0.416947 0.708831 0.580281 2.40167 -1.71622</i>
                        <i>-0.335159 0.905013 0.261953 -0.750578 -0.0884253 -0.654838 -0.569474 -0.416092 0.70892 0.580224 2.40084 -1.71687</i>
                        <i>-0.3325 0.905719 0.262899 -0.751368 -0.0859246 -0.654266 -0.569992 -0.415077 0.709098 0.580242 2.39983 -1.7176</i>
                        <i>-0.32967 0.906498 0.263778 -0.752213 -0.0833655 -0.653625 -0.570519 -0.413898 0.709363 0.580329 2.39865 -1.71838</i>
                        <i>-0.326677 0.90735 0.264573 -0.753106 -0.080759 -0.652924 -0.571064 -0.412547 0.709712 0.580479 2.39733 -1.71923</i>
                        <i>-0.323528 0.908274 0.265268 -0.754034 -0.0781156 -0.652174 -0.571631 -0.411018 0.710143 0.580689 2.39589 -1.72011</i>
                        <i>-0.32023 0.909273 0.265848 -0.754988 -0.0754461 -0.651384 -0.572228 -0.409305 0.710651 0.580952 2.39435 -1.72103</i>
                        <i>-0.316791 0.910346 0.266297 -0.755958 -0.0727607 -0.650564 -0.572862 -0.407403 0.711233 0.581263 2.39274 -1.72198</i>
                        <i>-0.313218 0.911492 0.266601 -0.756933 -0.07007 -0.649725 -0.573538 -0.405304 0.711886 0.581616 2.39107 -1.72295</i>
                        <i>-0.309518 0.912714 0.266743 -0.757905 -0.0673839 -0.648876 -0.574264 -0.403005 0.712607 0.582008 2.38937 -1.72392</i>
                        <i>-0.305699 0.91401 0.26671 -0.758862 -0.0647126 -0.648028 -0.575044 -0.400498 0.71339 0.582432 2.38767 -1.72489</i>
                        <i>-0.301585 0.915475 0.266368 -0.759817 -0.0620041 -0.647173 -0.575955 -0.397569 0.714293 0.582894 2.38597 -1.72586</i>
                        <i>-0.29706 0.91717 0.265622 -0.760772 -0.0592258 -0.646312 -0.577046 -0.394071 0.715351 0.583393 2.3843 -1.72682</i>
                        <i>-0.292217 0.919044 0.264514 -0.761707 -0.0564177 -0.645461 -0.578284 -0.390096 0.716528 0.583921 2.38269 -1.72777</i>
                        <i>-0.287137 0.921056 0.263074 -0.762612 -0.053622 -0.644629 -0.579633 -0.385721 0.717806 0.584474 2.38115 -1.72868</i>
                        <i>-0.281896 0.923169 0.261332 -0.763484 -0.0508817 -0.643819 -0.581057 -0.381013 0.719168 0.585049 2.37972 -1.72957</i>
                        <i>-0.276581 0.925339 0.259326 -0.764311 -0.0482388 -0.643041 -0.582521 -0.376058 0.720589 0.585638 2.37842 -1.73041</i>
                        <i>-0.27128 0.927529 0.257093 -0.765085 -0.0457351 -0.642303 -0.583996 -0.370942 0.722046 0.586235 2.37728 -1.73119</i>
                        <i>-0.266081 0.9297 0.254675 -0.765798 -0.043413 -0.641614 -0.585452 -0.365751 0.723513 0.586833 2.37631 -1.73192</i>
                        <i>-0.261072 0.931816 0.252112 -0.766443 -0.0413145 -0.640982 -0.586861 -0.360571 0.72497 0.587423 2.37555 -1.73257</i>
                        <i>-0.256339 0.933846 0.249443 -0.767016 -0.0394819 -0.640412 -0.588198 -0.355489 0.726395 0.587998 2.37501 -1.73313</i>
                        <i>-0.251972 0.935759 0.246709 -0.76751 -0.0379572 -0.639912 -0.589439 -0.350592 0.727769 0.588552 2.37466 -1.7336</i>
                        <i>-0.248058 0.937526 0.243952 -0.767922 -0.0367827 -0.639487 -0.590562 -0.345966 0.729071 0.589076 2.37443 -1.73397</i>
                        <i>-0.244684 0.93912 0.241212 -0.768245 -0.0360002 -0.639143 -0.591548 -0.341698 0.730283 0.589564 2.37432 -1.73422</i>
                        <i>-0.242229 0.940483 0.238364 -0.768449 -0.0359928 -0.638898 -0.592293 -0.33793 0.731432 0.590078 2.37433 -1.7343</i>
                        <i>-0.241013 0.941555 0.235344 -0.768512 -0.037059 -0.638762 -0.592708 -0.334814 0.732528 0.590669 2.37446 -1.73419</i>
                        <i>-0.241041 0.942307 0.232285 -0.768436 -0.039114 -0.638731 -0.592795 -0.332456 0.73353 0.591308 2.3747 -1.73389</i>
                        <i>-0.242354 0.942691 0.229344 -0.768216 -0.0420855 -0.638806 -0.592544 -0.331003 0.73439 0.591968 2.37505 -1.73342</i>
                        <i>-0.244951 0.94267 0.226652 -0.767846 -0.0458875 -0.638989 -0.591955 -0.330555 0.735066 0.59262 2.37551 -1.73278</i>
                        <i>-0.248684 0.942271 0.224236 -0.767328 -0.0503826 -0.639272 -0.59107 -0.33104 0.73556 0.593247 2.37608 -1.732</i>
                        <i>-0.253328 0.941546 0.222074 -0.76667 -0.0554084 -0.639646 -0.589952 -0.332298 0.735891 0.593835 2.37676 -1.7311</i>
                        <i>-0.258717 0.940524 0.220183 -0.765876 -0.0608222 -0.640106 -0.588642 -0.334239 0.73606 0.594368 2.37753 -1.7301</i>
                        <i>-0.264686 0.939236 0.218579 -0.764953 -0.066481 -0.640645 -0.587186 -0.336772 0.736069 0.594828 2.37839 -1.72901</i>
                        <i>-0.271072 0.937715 0.21728 -0.763914 -0.0722422 -0.641262 -0.585624 -0.339811 0.735917 0.595199 2.37934 -1.72787</i>
                        <i>-0.277712 0.935996 0.216305 -0.762772 -0.0779639 -0.64195 -0.583999 -0.343269 0.735603 0.595464 2.38038 -1.72668</i>
                        <i>-0.284447 0.934117 0.215676 -0.761547 -0.0835049 -0.642707 -0.582354 -0.347063 0.735127 0.595607 2.38149 -1.72547</i>
                        <i>-0.291118 0.93212 0.215414 -0.760264 -0.0887245 -0.643527 -0.580732 -0.351113 0.734486 0.595614 2.38268 -1.72427</i>
                        <i>-0.297569 0.930051 0.215543 -0.758951 -0.0934831 -0.644402 -0.579177 -0.35534 0.733681 0.595467 2.38394 -1.72309</i>
                        <i>-0.303645 0.927958 0.216089 -0.757642 -0.0976415 -0.645325 -0.577735 -0.359668 0.732708 0.595152 2.38526 -1.72194</i>
                        <i>-0.309194 0.925892 0.217079 -0.756374 -0.101061 -0.646286 -0.576452 -0.364021 0.731568 0.594653 2.38664 -1.72087</i>
                        <i>-0.314062 0.923907 0.218544 -0.755187 -0.103602 -0.647271 -0.575377 -0.368324 0.73026 0.593955 2.38808 -1.71987</i>
                    </KeyFrames>
                </p>
            </i>
            <i>
                <p>
                    <Name><![CDATA[spine2]]></Name>
                    <Exclude>0</Exclude>
                    <Additive>0</Additive>
                    <IKPriority>0</IKPriority>
                    <IKRotLimits>-1e+010 -1e+010 -1e+010 1e+010 1e+010 1e+010</IKRotLimits>
                    <IKRotLimitOrder>0</IKRotLimitOrder>
                    <KeyFrames count="61">
                        <i>-0.46375 0.866712 0.1837 -0.601186 -0.155544 -0.783825 -0.650777 -0.473936 0.593189 0.544406 2.53338 -1.68559</i>
                        <i>-0.465911 0.865482 0.184032 -0.599728 -0.15596 -0.784858 -0.650579 -0.476044 0.591717 0.542915 2.5345 -1.68442</i>
                        <i>-0.4676 0.864541 0.18417 -0.598315 -0.156192 -0.78589 -0.650668 -0.477674 0.590304 0.54139 2.53555 -1.68325</i>
                        <i>-0.468898 0.863835 0.184186 -0.596957 -0.15625 -0.786911 -0.650982 -0.478932 0.588937 0.539854 2.53654 -1.6821</i>
                        <i>-0.469889 0.863304 0.18415 -0.595661 -0.156145 -0.787913 -0.651454 -0.479922 0.587607 0.538326 2.53746 -1.68098</i>
                        <i>-0.470654 0.86289 0.184133 -0.594437 -0.155887 -0.788888 -0.65202 -0.480749 0.586303 0.536826 2.53833 -1.6799</i>
                        <i>-0.471277 0.862535 0.184205 -0.593292 -0.155488 -0.789828 -0.652613 -0.481515 0.585013 0.535375 2.53912 -1.67887</i>
                        <i>-0.471839 0.862178 0.184436 -0.592235 -0.154958 -0.790725 -0.653166 -0.482324 0.583727 0.533992 2.53986 -1.67793</i>
                        <i>-0.472425 0.861759 0.184894 -0.591275 -0.154309 -0.79157 -0.653612 -0.483281 0.582436 0.532699 2.54054 -1.67707</i>
                        <i>-0.473119 0.861216 0.185647 -0.590422 -0.153552 -0.792353 -0.653881 -0.484488 0.581129 0.531515 2.54117 -1.67631</i>
                        <i>-0.474003 0.860488 0.186764 -0.589686 -0.152701 -0.793065 -0.653904 -0.486048 0.579799 0.530461 2.54174 -1.67567</i>
                        <i>-0.475162 0.859511 0.188312 -0.589079 -0.151767 -0.793696 -0.653611 -0.488065 0.578434 0.529557 2.54225 -1.67517</i>
                        <i>-0.476678 0.85822 0.190358 -0.588613 -0.150766 -0.794232 -0.652927 -0.49064 0.577026 0.528823 2.54272 -1.67481</i>
                        <i>-0.478377 0.856742 0.19274 -0.588285 -0.149702 -0.794676 -0.651979 -0.493541 0.575622 0.528244 2.54311 -1.67458</i>
                        <i>-0.480005 0.855268 0.195223 -0.588087 -0.14858 -0.795033 -0.65096 -0.496428 0.574291 0.527794 2.54342 -1.67446</i>
                        <i>-0.481583 0.853785 0.197808 -0.588003 -0.147407 -0.795313 -0.649869 -0.499321 0.573017 0.527466 2.54362 -1.67443</i>
                        <i>-0.483125 0.852288 0.200488 -0.588023 -0.14619 -0.795523 -0.648706 -0.502229 0.571793 0.527254 2.54371 -1.6745</i>
                        <i>-0.484601 0.850799 0.20323 -0.588147 -0.144939 -0.795661 -0.647491 -0.505108 0.570632 0.527156 2.54367 -1.67467</i>
                        <i>-0.485994 0.849335 0.20601 -0.588372 -0.143663 -0.795726 -0.646242 -0.507928 0.569544 0.527169 2.54351 -1.67491</i>
                        <i>-0.487285 0.847913 0.208799 -0.588697 -0.142371 -0.795718 -0.644972 -0.510661 0.568538 0.527288 2.54316 -1.67524</i>
                        <i>-0.488469 0.846533 0.211611 -0.589124 -0.141049 -0.795637 -0.643686 -0.513309 0.567611 0.527514 2.54261 -1.67566</i>
                        <i>-0.489531 0.845205 0.214447 -0.589655 -0.139688 -0.795484 -0.642391 -0.515863 0.566761 0.527842 2.54188 -1.67615</i>
                        <i>-0.490442 0.843955 0.217268 -0.590287 -0.138298 -0.795258 -0.641114 -0.518279 0.566003 0.528267 2.541 -1.67672</i>
                        <i>-0.491176 0.842811 0.220036 -0.591015 -0.13689 -0.794961 -0.639881 -0.52051 0.565351 0.528783 2.53997 -1.67736</i>
                        <i>-0.491705 0.841799 0.222712 -0.591833 -0.135473 -0.794595 -0.638717 -0.522515 0.564817 0.529384 2.53883 -1.67807</i>
                        <i>-0.492001 0.840948 0.225259 -0.592737 -0.134058 -0.794161 -0.63765 -0.524247 0.564417 0.530065 2.53758 -1.67883</i>
                        <i>-0.492038 0.840285 0.227637 -0.593719 -0.132652 -0.793663 -0.636707 -0.525665 0.564164 0.53082 2.53626 -1.67964</i>
                        <i>-0.49179 0.83984 0.229809 -0.594775 -0.131265 -0.793103 -0.635913 -0.526725 0.564071 0.531644 2.53488 -1.6805</i>
                        <i>-0.491229 0.839638 0.231737 -0.595897 -0.129906 -0.792484 -0.635296 -0.527383 0.564152 0.53253 2.53347 -1.68139</i>
                        <i>-0.49033 0.839708 0.233383 -0.597079 -0.128582 -0.79181 -0.63488 -0.527596 0.564419 0.533473 2.53203 -1.68232</i>
                        <i>-0.489067 0.840075 0.234707 -0.598313 -0.1273 -0.791086 -0.634693 -0.527322 0.564886 0.534467 2.5306 -1.68327</i>
                        <i>-0.487205 0.840925 0.235536 -0.599648 -0.126069 -0.790271 -0.634865 -0.526263 0.56568 0.535547 2.52921 -1.68427</i>
                        <i>-0.484577 0.842385 0.235737 -0.601113 -0.124894 -0.789344 -0.63549 -0.524203 0.566889 0.536731 2.52788 -1.68533</i>
                        <i>-0.481255 0.8444 0.235334 -0.602674 -0.123779 -0.788329 -0.636536 -0.521217 0.568467 0.537997 2.52662 -1.68643</i>
                        <i>-0.477363 0.846864 0.234404 -0.604302 -0.122733 -0.787246 -0.637921 -0.517453 0.57035 0.539328 2.52546 -1.68755</i>
                        <i>-0.473047 0.849659 0.233037 -0.605974 -0.121768 -0.78611 -0.639548 -0.513081 0.572473 0.540708 2.52441 -1.6887</i>
                        <i>-0.468402 0.852706 0.231282 -0.607661 -0.120894 -0.784942 -0.641364 -0.50821 0.574783 0.542118 2.52349 -1.68984</i>
                        <i>-0.463526 0.85593 0.229188 -0.609334 -0.12012 -0.783762 -0.643316 -0.502946 0.577226 0.543535 2.52273 -1.69096</i>
                        <i>-0.458517 0.859257 0.226803 -0.610968 -0.119458 -0.78259 -0.645352 -0.497401 0.579752 0.54494 2.52213 -1.69206</i>
                        <i>-0.453474 0.862615 0.22418 -0.612537 -0.118923 -0.781445 -0.647426 -0.491683 0.582312 0.54631 2.52172 -1.6931</i>
                        <i>-0.448496 0.865937 0.22137 -0.614014 -0.118528 -0.780344 -0.64949 -0.485906 0.584857 0.547625 2.52152 -1.69409</i>
                        <i>-0.443686 0.869156 0.218427 -0.615376 -0.118289 -0.779307 -0.651502 -0.480182 0.587341 0.548862 2.52147 -1.69498</i>
                        <i>-0.439145 0.872211 0.215406 -0.616598 -0.118222 -0.778352 -0.653421 -0.474628 0.58972 0.550002 2.52152 -1.69578</i>
                        <i>-0.434977 0.875041 0.212362 -0.617655 -0.118344 -0.777494 -0.655208 -0.469358 0.59195 0.551022 2.52165 -1.69646</i>
                        <i>-0.431445 0.87754 0.209236 -0.618476 -0.118869 -0.776761 -0.656767 -0.464537 0.594023 0.551924 2.52187 -1.697</i>
                        <i>-0.428779 0.879606 0.206013 -0.619006 -0.119958 -0.776171 -0.658012 -0.460329 0.595917 0.552705 2.52216 -1.69736</i>
                        <i>-0.427037 0.881195 0.202816 -0.619241 -0.121547 -0.775737 -0.658924 -0.45686 0.597577 0.553339 2.52253 -1.69754</i>
                        <i>-0.426303 0.882241 0.19979 -0.619165 -0.123571 -0.775477 -0.659469 -0.454291 0.598932 0.553787 2.52296 -1.69752</i>
                        <i>-0.426628 0.882699 0.197056 -0.618769 -0.125961 -0.775409 -0.659631 -0.452743 0.599925 0.554024 2.52345 -1.6973</i>
                        <i>-0.4279 0.882623 0.194624 -0.618078 -0.12864 -0.77552 -0.659455 -0.452138 0.600574 0.554054 2.524 -1.69689</i>
                        <i>-0.429922 0.882117 0.192447 -0.617138 -0.131528 -0.775784 -0.65902 -0.452293 0.600935 0.5539 2.52461 -1.69631</i>
                        <i>-0.432564 0.881244 0.190521 -0.615979 -0.134549 -0.776187 -0.658375 -0.453107 0.601029 0.553571 2.52527 -1.69559</i>
                        <i>-0.435697 0.880061 0.18884 -0.614633 -0.137625 -0.776715 -0.657567 -0.454479 0.600878 0.553077 2.52599 -1.69475</i>
                        <i>-0.439194 0.87863 0.1874 -0.61313 -0.140681 -0.777355 -0.656643 -0.45631 0.600501 0.552428 2.52676 -1.69379</i>
                        <i>-0.44293 0.877008 0.186196 -0.611504 -0.143643 -0.778094 -0.655649 -0.458501 0.599918 0.551633 2.52757 -1.69275</i>
                        <i>-0.446785 0.875257 0.185223 -0.609789 -0.146438 -0.778918 -0.65463 -0.460956 0.599149 0.550704 2.52843 -1.69163</i>
                        <i>-0.450639 0.873437 0.184477 -0.608022 -0.148998 -0.779814 -0.653631 -0.463581 0.598213 0.54965 2.52934 -1.69046</i>
                        <i>-0.454376 0.871609 0.183954 -0.606238 -0.151254 -0.780767 -0.6527 -0.466282 0.59713 0.548482 2.53029 -1.68925</i>
                        <i>-0.457882 0.869837 0.183652 -0.604478 -0.153141 -0.781763 -0.651882 -0.468969 0.595918 0.547212 2.53128 -1.68802</i>
                        <i>-0.461044 0.868183 0.183568 -0.602781 -0.154592 -0.782788 -0.651224 -0.471551 0.594598 0.545849 2.53231 -1.6868</i>
                        <i>-0.46375 0.866712 0.1837 -0.601186 -0.155544 -0.783825 -0.650777 -0.473936 0.593189 0.544406 2.53338 -1.68559</i>
                    </KeyFrames>
                </p>
            </i>
            <i>
                <p>
                    <Name><![CDATA[head]]></Name>
                    <Exclude>0</Exclude>
                    <Additive>0</Additive>
                    <IKPriority>0</IKPriority>
                    <IKRotLimits>-1e+010 -1e+010 -1e+010 1e+010 1e+010 1e+010</IKRotLimits>
                    <IKRotLimitOrder>0</IKRotLimitOrder>
                    <KeyFrames count="61">
                        <i>0.0044534 0.958171 -0.286163 0.858676 -0.150325 -0.489977 -0.512499 -0.243539 -0.823428 0.437956 2.76334 -1.65371</i>
                        <i>0.0096577 0.957333 -0.288825 0.859508 -0.15556 -0.486875 -0.511031 -0.243546 -0.824338 0.436151 2.76422 -1.65256</i>
                        <i>0.0152417 0.956372 -0.291753 0.860267 -0.16126 -0.48367 -0.509617 -0.243614 -0.825193 0.434454 2.7651 -1.65149</i>
                        <i>0.0210041 0.955326 -0.294808 0.86095 -0.167187 -0.48043 -0.508255 -0.243724 -0.826 0.432856 2.76596 -1.6505</i>
                        <i>0.0267428 0.954236 -0.297855 0.861564 -0.173106 -0.477223 -0.506944 -0.243859 -0.826765 0.431345 2.76679 -1.64958</i>
                        <i>0.0322546 0.953153 -0.300762 0.862116 -0.178781 -0.474123 -0.505683 -0.244 -0.827496 0.429911 2.76757 -1.6487</i>
                        <i>0.0373357 0.952131 -0.303401 0.862623 -0.183978 -0.471205 -0.504468 -0.244128 -0.828199 0.428542 2.7683 -1.64787</i>
                        <i>0.0417821 0.951228 -0.305645 0.863102 -0.188463 -0.468547 -0.503298 -0.244226 -0.828881 0.427227 2.76896 -1.64707</i>
                        <i>0.0453889 0.950507 -0.307371 0.863576 -0.192005 -0.46623 -0.502171 -0.244277 -0.82955 0.425955 2.76953 -1.64628</i>
                        <i>0.0479509 0.950029 -0.308456 0.864069 -0.194372 -0.464333 -0.501085 -0.244262 -0.830211 0.424714 2.77001 -1.6455</i>
                        <i>0.0492626 0.949858 -0.308777 0.864602 -0.195331 -0.462936 -0.500037 -0.244164 -0.830871 0.423491 2.77038 -1.64472</i>
                        <i>0.0491175 0.950049 -0.308212 0.865195 -0.194648 -0.462115 -0.499025 -0.243965 -0.831538 0.422277 2.77063 -1.64392</i>
                        <i>0.047309 0.950651 -0.306634 0.865859 -0.19209 -0.461942 -0.498047 -0.243648 -0.832217 0.421059 2.77074 -1.64309</i>
                        <i>0.044151 0.951564 -0.304265 0.866553 -0.188031 -0.46231 -0.497129 -0.24325 -0.832882 0.419885 2.77073 -1.64228</i>
                        <i>0.0401255 0.952643 -0.301432 0.867221 -0.183046 -0.463057 -0.496304 -0.242827 -0.833497 0.418822 2.77062 -1.64153</i>
                        <i>0.0352144 0.953879 -0.29812 0.86786 -0.177107 -0.464168 -0.495559 -0.242381 -0.83407 0.417861 2.7704 -1.64084</i>
                        <i>0.0294084 0.955254 -0.29432 0.868462 -0.170198 -0.465625 -0.494883 -0.241912 -0.834607 0.416996 2.77005 -1.64021</i>
                        <i>0.0227125 0.956745 -0.29004 0.869004 -0.162329 -0.467421 -0.494284 -0.241429 -0.835102 0.416235 2.76958 -1.63964</i>
