<?xml version="1.0" encoding="ISO-8859-1" ?>
<Animl Version="1">
    <ModellingPackage>
        <![CDATA[Maya.2010]]>
</ModellingPackage>
    <SrcFile>
        <![CDATA[anims\turrets\mortar\blue\~src\mortar_m120\mortar_m120_fire_crewman_b.mb]]>
</SrcFile>
    <FramesPerSecond>30</FramesPerSecond>
    <TotalFrames>30</TotalFrames>
    <Skeleton>
        <RefFrame>
            <Name>
                <![CDATA[soldier_ref_frame]]>
</Name>
            <Exclude>0</Exclude>
            <Additive>0</Additive>
            <IKPriority>0</IKPriority>
            <IKRotLimits>-1e+010 -1e+010 -1e+010 1e+010 1e+010 1e+010</IKRotLimits>
            <IKRotLimitOrder>0</IKRotLimitOrder>
            <KeyFrames count="30">
                <i>1 0 0 0 1 0 0 0 1 1.19 0.93 -1.36</i>
                <i>1 0 0 0 1 0 0 0 1 1.19 0.93 -1.36</i>
                <i>1 0 0 0 1 0 0 0 1 1.19 0.93 -1.36</i>
                <i>1 0 0 0 1 0 0 0 1 1.19 0.93 -1.36</i>
                <i>1 0 0 0 1 0 0 0 1 1.19 0.93 -1.36</i>
                <i>1 0 0 0 1 0 0 0 1 1.19 0.93 -1.36</i>
                <i>1 0 0 0 1 0 0 0 1 1.19 0.93 -1.36</i>
                <i>1 0 0 0 1 0 0 0 1 1.19 0.93 -1.36</i>
                <i>1 0 0 0 1 0 0 0 1 1.19 0.93 -1.36</i>
                <i>1 0 0 0 1 0 0 0 1 1.19 0.93 -1.36</i>
                <i>1 0 0 0 1 0 0 0 1 1.19 0.93 -1.36</i>
                <i>1 0 0 0 1 0 0 0 1 1.19 0.93 -1.36</i>
                <i>1 0 0 0 1 0 0 0 1 1.19 0.93 -1.36</i>
                <i>1 0 0 0 1 0 0 0 1 1.19 0.93 -1.36</i>
                <i>1 0 0 0 1 0 0 0 1 1.19 0.93 -1.36</i>
                <i>1 0 0 0 1 0 0 0 1 1.19 0.93 -1.36</i>
                <i>1 0 0 0 1 0 0 0 1 1.19 0.93 -1.36</i>
                <i>1 0 0 0 1 0 0 0 1 1.19 0.93 -1.36</i>
                <i>1 0 0 0 1 0 0 0 1 1.19 0.93 -1.36</i>
                <i>1 0 0 0 1 0 0 0 1 1.19 0.93 -1.36</i>
                <i>1 0 0 0 1 0 0 0 1 1.19 0.93 -1.36</i>
                <i>1 0 0 0 1 0 0 0 1 1.19 0.93 -1.36</i>
                <i>1 0 0 0 1 0 0 0 1 1.19 0.93 -1.36</i>
                <i>1 0 0 0 1 0 0 0 1 1.19 0.93 -1.36</i>
                <i>1 0 0 0 1 0 0 0 1 1.19 0.93 -1.36</i>
                <i>1 0 0 0 1 0 0 0 1 1.19 0.93 -1.36</i>
                <i>1 0 0 0 1 0 0 0 1 1.19 0.93 -1.36</i>
                <i>1 0 0 0 1 0 0 0 1 1.19 0.93 -1.36</i>
                <i>1 0 0 0 1 0 0 0 1 1.19 0.93 -1.36</i>
                <i>1 0 0 0 1 0 0 0 1 1.19 0.93 -1.36</i>
            </KeyFrames>
        </RefFrame>
        <Bones count="23">
            <i>
                <p>
                    <Name>
                        <![CDATA[pelvis]]>
</Name>
                    <Exclude>0</Exclude>
                    <Additive>0</Additive>
                    <IKPriority>0</IKPriority>
                    <IKRotLimits>-1e+010 -1e+010 -1e+010 1e+010 1e+010 1e+010</IKRotLimits>
                    <IKRotLimitOrder>2</IKRotLimitOrder>
                    <KeyFrames count="30">
                        <i>1 0 0 0 1 0 0 0 1 0.888151 1.65235 -1.08573</i>
                        <i>1 0 0 0 1 0 0 0 1 0.898299 1.62086 -1.07498</i>
                        <i>1 0 0 0 1 0 0 0 1 0.91741 1.57442 -1.05517</i>
                        <i>1 0 0 0 1 0 0 0 1 0.928489 1.58512 -1.04499</i>
                        <i>1 0 0 0 1 0 0 0 1 0.92609 1.69039 -1.05059</i>
                        <i>1 0 0 0 1 0 0 0 1 0.91815 1.85895 -1.06297</i>
                        <i>1 0 0 0 1 0 0 0 1 0.907738 2.05986 -1.07806</i>
                        <i>1 0 0 0 1 0 0 0 1 0.897927 2.2622 -1.0918</i>
                        <i>1 0 0 0 1 0 0 0 1 0.886839 2.41849 -1.10537</i>
                        <i>1 0 0 0 1 0 0 0 1 0.877566 2.47301 -1.11529</i>
                        <i>1 0 0 0 1 0 0 0 1 0.873218 2.44311 -1.11896</i>
                        <i>1 0 0 0 1 0 0 0 1 0.870094 2.38111 -1.12089</i>
                        <i>1 0 0 0 1 0 0 0 1 0.868515 2.29616 -1.12079</i>
                        <i>1 0 0 0 1 0 0 0 1 0.8688 2.19742 -1.11836</i>
                        <i>1 0 0 0 1 0 0 0 1 0.872567 2.0425 -1.11119</i>
                        <i>1 0 0 0 1 0 0 0 1 0.879137 1.84146 -1.1002</i>
                        <i>1 0 0 0 1 0 0 0 1 0.885375 1.68213 -1.09014</i>
                        <i>1 0 0 0 1 0 0 0 1 0.888151 1.65235 -1.08573</i>
                        <i>1 0 0 0 1 0 0 0 1 0.888151 1.70637 -1.08573</i>
                        <i>1 0 0 0 1 0 0 0 1 0.888151 1.74163 -1.08573</i>
                        <i>1 0 0 0 1 0 0 0 1 0.888151 1.76082 -1.08573</i>
                        <i>1 0 0 0 1 0 0 0 1 0.888151 1.76663 -1.08573</i>
                        <i>1 0 0 0 1 0 0 0 1 0.888151 1.76172 -1.08573</i>
                        <i>1 0 0 0 1 0 0 0 1 0.888151 1.74877 -1.08573</i>
                        <i>1 0 0 0 1 0 0 0 1 0.888151 1.73047 -1.08573</i>
                        <i>1 0 0 0 1 0 0 0 1 0.888151 1.70949 -1.08573</i>
                        <i>1 0 0 0 1 0 0 0 1 0.888151 1.68851 -1.08573</i>
                        <i>1 0 0 0 1 0 0 0 1 0.888151 1.67021 -1.08573</i>
                        <i>1 0 0 0 1 0 0 0 1 0.888151 1.65726 -1.08573</i>
                        <i>1 0 0 0 1 0 0 0 1 0.888151 1.65235 -1.08573</i>
                    </KeyFrames>
                </p>
            </i>
            <i>
                <p>
                    <Name>
                        <![CDATA[spine0]]>
</Name>
                    <Exclude>0</Exclude>
                    <Additive>0</Additive>
                    <IKPriority>0</IKPriority>
                    <IKRotLimits>-1e+010 -1e+010 -1e+010 1e+010 1e+010 1e+010</IKRotLimits>
                    <IKRotLimitOrder>0</IKRotLimitOrder>
                    <KeyFrames count="30">
                        <i>0.353775 0.895872 0.268805 -0.65874 0.0346243 0.751574 0.664007 -0.442961 0.602396 0.863955 1.79059 -1.11738</i>
                        <i>0.377801 0.878471 0.292497 -0.658343 0.0327424 0.752006 0.651039 -0.476672 0.590706 0.877916 1.76049 -1.10297</i>
                        <i>0.42729 0.837164 0.341437 -0.65767 0.0286631 0.752761 0.620397 -0.5462 0.562825 0.905263 1.71635 -1.07525</i>
                        <i>0.470531 0.794267 0.384371 -0.657263 0.0248465 0.753251 0.588732 -0.607061 0.533734 0.924008 1.72835 -1.05768</i>
                        <i>0.493496 0.769508 0.405363 -0.65526 0.0224714 0.755069 0.571922 -0.638242 0.515318 0.920692 1.83357 -1.06348</i>
                        <i>0.500679 0.763417 0.408062 -0.651197 0.0215918 0.758602 0.570319 -0.645545 0.507945 0.90234 2.00034 -1.08428</i>
                        <i>0.488862 0.779632 0.391391 -0.647296 0.0234032 0.761879 0.584826 -0.6258 0.516094 0.87775 2.19659 -1.11124</i>
                        <i>0.44858 0.822787 0.348995 -0.645876 0.0285323 0.762909 0.617754 -0.567633 0.544218 0.855716 2.39249 -1.13583</i>
                        <i>0.354761 0.897533 0.261877 -0.646536 0.0331721 0.762162 0.675378 -0.439698 0.592056 0.833809 2.5407 -1.15967</i>
                        <i>0.265605 0.946823 0.181603 -0.646831 0.0353324 0.761815 0.714887 -0.319808 0.621819 0.816744 2.58788 -1.17695</i>
                        <i>0.226731 0.962881 0.146467 -0.648024 0.036875 0.760726 0.727088 -0.267395 0.632331 0.810398 2.55568 -1.18282</i>
                        <i>0.20337 0.971108 0.124859 -0.650598 0.0387338 0.758434 0.731685 -0.235476 0.639678 0.808156 2.49421 -1.18467</i>
                        <i>0.198289 0.972878 0.119122 -0.653331 0.0405946 0.755983 0.730644 -0.227729 0.643661 0.80941 2.41177 -1.18274</i>
                        <i>0.210934 0.968918 0.129248 -0.654894 0.0419173 0.754557 0.725687 -0.243805 0.64338 0.813626 2.31655 -1.1772</i>
                        <i>0.256827 0.951521 0.169259 -0.655938 0.0429957 0.753589 0.709778 -0.304565 0.635181 0.824383 2.16735 -1.16399</i>
                        <i>0.328343 0.915545 0.232312 -0.657118 0.0447323 0.752459 0.678518 -0.399721 0.616308 0.841222 1.97313 -1.14402</i>
                        <i>0.389309 0.875326 0.28678 -0.657701 0.0461888 0.751862 0.644878 -0.481322 0.593684 0.856979 1.81865 -1.12553</i>
                        <i>0.409498 0.859428 0.306097 -0.657904 0.0457442 0.751711 0.632039 -0.509207 0.584153 0.863955 1.79059 -1.11738</i>
                        <i>0.382729 0.8778 0.288072 -0.658319 0.0403588 0.751656 0.648178 -0.477324 0.593319 0.863955 1.8446 -1.11738</i>
                        <i>0.344812 0.901354 0.262041 -0.658817 0.0335385 0.751555 0.668629 -0.431782 0.605392 0.863955 1.87987 -1.11738</i>
                        <i>0.329058 0.910328 0.251044 -0.658997 0.0309634 0.751508 0.676346 -0.412727 0.610092 0.863955 1.89906 -1.11738</i>
                        <i>0.30911 0.921157 0.236476 -0.659179 0.0282886 0.751453 0.685517 -0.388162 0.615952 0.863955 1.90486 -1.11738</i>
                        <i>0.275297 0.937801 0.211521 -0.659454 0.0241176 0.751358 0.699523 -0.346335 0.625076 0.863955 1.89995 -1.11738</i>
                        <i>0.247195 0.950047 0.190542 -0.659654 0.0209605 0.751277 0.709754 -0.311403 0.631884 0.863955 1.88701 -1.11738</i>
                        <i>0.237869 0.953814 0.183459 -0.659712 0.0200261 0.751251 0.71288 -0.29973 0.634006 0.863955 1.86871 -1.11738</i>
                        <i>0.251252 0.948416 0.19334 -0.659615 0.0215882 0.751294 0.708365 -0.316294 0.631013 0.863955 1.84773 -1.11738</i>
                        <i>0.279306 0.936034 0.214075 -0.659402 0.0249177 0.751377 0.697981 -0.351025 0.624183 0.863955 1.82675 -1.11738</i>
                        <i>0.312885 0.919277 0.238817 -0.659123 0.0291161 0.751471 0.683856 -0.392533 0.615027 0.863955 1.80845 -1.11738</i>
                        <i>0.341579 0.90321 0.259878 -0.65886 0.0329304 0.751544 0.670244 -0.427935 0.606337 0.863955 1.7955 -1.11738</i>
                        <i>0.353775 0.895872 0.268805 -0.65874 0.0346243 0.751574 0.664007 -0.442961 0.602396 0.863955 1.79059 -1.11738</i>
                    </KeyFrames>
                </p>
            </i>
            <i>
                <p>
                    <Name>
                        <![CDATA[spine1]]>
</Name>
                    <Exclude>0</Exclude>
                    <Additive>0</Additive>
                    <IKPriority>0</IKPriority>
                    <IKRotLimits>-1e+010 -1e+010 -1e+010 1e+010 1e+010 1e+010</IKRotLimits>
                    <IKRotLimitOrder>0</IKRotLimitOrder>
                    <KeyFrames count="30">
                        <i>0.702298 0.406302 0.584547 -0.63449 -0.01508 0.772784 0.322799 -0.913614 0.247204 0.933254 1.9664 -1.06474</i>
                        <i>0.712505 0.371404 0.595312 -0.635481 -0.018148 0.771903 0.297492 -0.928294 0.22309 0.95193 1.93289 -1.04568</i>
                        <i>0.731021 0.29526 0.615167 -0.637866 -0.0245094 0.769758 0.242356 -0.955103 0.170419 0.98899 1.88066 -1.00835</i>
                        <i>0.744076 0.223424 0.629629 -0.640379 -0.0301193 0.767468 0.190435 -0.974256 0.120665 1.01622 1.88425 -0.982363</i>
                        <i>0.753583 0.164841 0.636349 -0.640454 -0.0339728 0.767245 0.148092 -0.985735 0.0799718 1.0188 1.9868 -0.982909</i>
                        <i>0.761391 0.121852 0.636739 -0.637604 -0.0368741 0.769481 0.117242 -0.991863 0.0496177 1.00496 2.15713 -1.00065</i>
                        <i>0.764599 0.125901 0.63209 -0.633078 -0.0371632 0.773196 0.120837 -0.991346 0.0512904 0.980919 2.3615 -1.02866</i>
                        <i>0.759289 0.19133 0.621991 -0.628536 -0.0320029 0.777122 0.168592 -0.981004 0.0959585 0.951577 2.56876 -1.06127</i>
                        <i>0.726856 0.347238 0.592541 -0.624628 -0.0244418 0.78054 0.285516 -0.937458 0.199129 0.90931 2.73226 -1.10396</i>
                        <i>0.678509 0.485818 0.551005 -0.621526 -0.0201714 0.783134 0.391575 -0.873827 0.288262 0.872947 2.78895 -1.13855</i>
                        <i>0.64555 0.555361 0.524251 -0.620184 -0.0193863 0.784217 0.445686 -0.831384 0.331911 0.857855 2.75801 -1.1522</i>
                        <i>0.609339 0.61778 0.497045 -0.619476 -0.0203713 0.784751 0.494929 -0.786087 0.370287 0.849778 2.69373 -1.15916</i>
                        <i>0.576244 0.666036 0.473644 -0.619154 -0.0225233 0.784946 0.533471 -0.745579 0.3994 0.848945 2.60641 -1.15902</i>
                        <i>0.555578 0.692254 0.460562 -0.619105 -0.0253293 0.7849 0.555016 -0.721209 0.414506 0.854765 2.50604 -1.15202</i>
                        <i>0.557755 0.685352 0.468191 -0.620354 -0.0305367 0.783727 0.551426 -0.727572 0.408129 0.873491 2.34964 -1.13165</i>
                        <i>0.576378 0.652988 0.49132 -0.623486 -0.03726 0.780946 0.528255 -0.756451 0.385653 0.902821 2.14512 -1.10045</i>
                        <i>0.597784 0.61417 0.515218 -0.627095 -0.0421244 0.777803 0.499407 -0.788049 0.359962 0.929091 1.98095 -1.07242</i>
                        <i>0.610178 0.591047 0.527586 -0.629108 -0.0433095 0.776111 0.481567 -0.805474 0.345406 0.93953 1.94935 -1.0609</i>
                        <i>0.633268 0.551923 0.542543 -0.630985 -0.0377261 0.774877 0.448141 -0.833041 0.324364 0.935424 2.0087 -1.0636</i>
                        <i>0.667554 0.486859 0.56333 -0.633823 -0.0254205 0.77306 0.390691 -0.873111 0.291613 0.930447 2.05397 -1.06686</i>
                        <i>0.683182 0.4541 0.571888 -0.63562 -0.0157727 0.771841 0.359513 -0.890811 0.277859 0.929077 2.07959 -1.06771</i>
                        <i>0.665221 0.493195 0.560572 -0.6364 -0.0181192 0.771146 0.390482 -0.86973 0.301816 0.924955 2.08703 -1.07073</i>
                        <i>0.617831 0.580214 0.530695 -0.636596 -0.0270744 0.770722 0.461552 -0.814014 0.352635 0.91728 2.08198 -1.07642</i>
                        <i>0.562908 0.661771 0.49517 -0.635917 -0.0359254 0.770921 0.527962 -0.748845 0.400609 0.910844 2.06756 -1.08125</i>
                        <i>0.537297 0.694588 0.478392 -0.635321 -0.0397241 0.771226 0.554688 -0.71831 0.419943 0.908627 2.04815 -1.08293</i>
                        <i>0.560267 0.665064 0.493752 -0.635409 -0.0373183 0.771274 0.531372 -0.745853 0.401679 0.911341 2.02691 -1.08092</i>
                        <i>0.606889 0.597209 0.52443 -0.635553 -0.0315488 0.771412 0.47724 -0.801465 0.360412 0.917203 2.00552 -1.07658</i>
                        <i>0.655049 0.512335 0.555359 -0.635359 -0.0243093 0.771834 0.408939 -0.858441 0.309593 0.924366 1.98626 -1.07128</i>
                        <i>0.689475 0.438118 0.576781 -0.634827 -0.0178844 0.772448 0.348739 -0.898739 0.265798 0.930586 1.97201 -1.0667</i>
                        <i>0.702298 0.406302 0.584547 -0.63449 -0.01508 0.772784 0.322799 -0.913614 0.247204 0.933254 1.9664 -1.06474</i>
                    </KeyFrames>
                </p>
            </i>
            <i>
                <p>
                    <Name>
                        <![CDATA[spine2]]>
</Name>
                    <Exclude>0</Exclude>
                    <Additive>0</Additive>
                    <IKPriority>0</IKPriority>
                    <IKRotLimits>-1e+010 -1e+010 -1e+010 1e+010 1e+010 1e+010</IKRotLimits>
                    <IKRotLimitOrder>0</IKRotLimitOrder>
                    <KeyFrames count="30">
                        <i>0.784494 0.0916717 0.613323 -0.612145 -0.0437828 0.789532 0.0992306 -0.994826 0.021769 1.05995 2.03902 -0.959365</i>
                        <i>0.786056 0.0539974 0.615793 -0.613945 -0.0478823 0.787895 0.0720298 -0.997392 -0.00448675 1.08045 1.99922 -0.93838</i>
                        <i>0.785941 -0.0265379 0.617732 -0.618144 -0.0562983 0.784046 0.0139703 -0.998061 -0.0606515 1.12081 1.93326 -0.897511</i>
                        <i>0.781692 -0.100555 0.615505 -0.622426 -0.0636163 0.780089 -0.0392855 -0.992896 -0.112316 1.15037 1.92391 -0.868945</i>
                        <i>0.777458 -0.150905 0.610563 -0.62417 -0.0658571 0.778508 -0.077271 -0.986352 -0.145392 1.15658 2.01627 -0.866657</i>
                        <i>0.775964 -0.178047 0.605127 -0.622698 -0.0631705 0.779908 -0.100634 -0.981992 -0.159887 1.14851 2.17933 -0.880711</i>
                        <i>0.780019 -0.1636 0.603991 -0.618662 -0.0566944 0.783609 -0.0939556 -0.984896 -0.145436 1.12938 2.38507 -0.906035</i>
                        <i>0.788199 -0.0950646 0.608033 -0.61368 -0.0471714 0.788144 -0.0462428 -0.994353 -0.0955197 1.10096 2.60547 -0.939008</i>
                        <i>0.789641 0.0703337 0.609524 -0.60866 -0.0356122 0.792631 0.0774552 -0.996888 0.0146884 1.05193 2.79943 -0.987794</i>
                        <i>0.770798 0.229517 0.5943 -0.605236 -0.0274248 0.795573 0.198896 -0.972918 0.117773 1.00554 2.88288 -1.03096</i>
                        <i>0.746232 0.334302 0.575656 -0.60343 -0.0254405 0.79701 0.281087 -0.942122 0.182744 0.982753 2.86445 -1.05086</i>
                        <i>0.704774 0.45326 0.545756 -0.601306 -0.0265717 0.798577 0.376464 -0.890982 0.253821 0.965096 2.8097 -1.06519</i>
                        <i>0.652922 0.560514 0.509428 -0.598837 -0.0298116 0.800316 0.463775 -0.827608 0.316192 0.955159 2.72831 -1.07182</i>
                        <i>0.607242 0.633922 0.478958 -0.596688 -0.0341819 0.801745 0.524616 -0.772641 0.357497 0.954877 2.63002 -1.06913</i>
                        <i>0.575166 0.674534 0.462804 -0.595632 -0.0424641 0.802134 0.560719 -0.737021 0.377351 0.971925 2.46996 -1.04913</i>
                        <i>0.552373 0.696468 0.458058 -0.595808 -0.054451 0.801279 0.583007 -0.715519 0.384884 1.00253 2.25758 -1.01557</i>
                        <i>0.545171 0.698338 0.463802 -0.597164 -0.0647997 0.799498 0.588374 -0.712829 0.381695 1.03115 2.08538 -0.984587</i>
                        <i>0.559987 0.676472 0.478332 -0.599019 -0.068266 0.79782 0.572356 -0.733298 0.366991 1.0433 2.04947 -0.971301</i>
                        <i>0.6514 0.535464 0.537546 -0.604447 -0.0619986 0.794229 0.458608 -0.842279 0.283274 1.04437 2.1032 -0.970374</i>
                        <i>0.75254 0.274087 0.598799 -0.610434 -0.0508415 0.790434 0.247091 -0.96036 0.129052 1.04905 2.13986 -0.966872</i>
                        <i>0.783461 0.0986064 0.613568 -0.612618 -0.0432391 0.789196 0.10435 -0.994187 0.0265319 1.05368 2.1617 -0.96349</i>
                        <i>0.779824 0.127854 0.612803 -0.612809 -0.0439714 0.789006 0.127823 -0.990818 0.0440599 1.04597 2.17605 -0.968829</i>
                        <i>0.753753 0.265844 0.600986 -0.612033 -0.0490574 0.789309 0.239316 -0.962767 0.125728 1.02765 2.18497 -0.981702</i>
                        <i>0.706221 0.414512 0.573962 -0.610196 -0.0547633 0.790355 0.359044 -0.908395 0.214259 1.00935 2.18277 -0.994686</i>
                        <i>0.67711 0.481877 0.556162 -0.608951 -0.0574163 0.791127 0.413159 -0.874356 0.254562 1.00172 2.16794 -1.00014</i>
                        <i>0.694821 0.442538 0.566907 -0.60951 -0.0560558 0.790794 0.381735 -0.894996 0.230782 1.00881 2.14204 -0.995123</i>
                        <i>0.730565 0.347488 0.587815 -0.610678 -0.052684 0.790125 0.305527 -0.936203 0.173714 1.02388 2.1099 -0.984485</i>
                        <i>0.762178 0.231414 0.604593 -0.61163 -0.0485969 0.78965 0.212117 -0.971641 0.1045 1.04092 2.07679 -0.972553</i>
                        <i>0.779602 0.133015 0.611987 -0.612061 -0.0451922 0.789519 0.132675 -0.990083 0.0461816 1.05448 2.05007 -0.963143</i>
                        <i>0.784494 0.0916717 0.613323 -0.612145 -0.0437828 0.789532 0.0992306 -0.994826 0.021769 1.05995 2.03902 -0.959365</i>
                    </KeyFrames>
                </p>
            </i>
            <i>
                <p>
                    <Name>
                        <![CDATA[head]]>
</Name>
                    <Exclude>0</Exclude>
                    <Additive>0</Additive>
                    <IKPriority>0</IKPriority>
                    <IKRotLimits>-1e+010 -1e+010 -1e+010 1e+010 1e+010 1e+010</IKRotLimits>
                    <IKRotLimitOrder>0</IKRotLimitOrder>
                    <KeyFrames count="30">
                        <i>0.763859 -0.145072 0.628867 0.127609 0.989121 0.0731779 -0.632641 0.0243512 0.774062 1.27226 2.07115 -0.797209</i>
                        <i>0.758953 -0.182423 0.62507 0.154469 0.982992 0.0993256 -0.632558 0.0211705 0.774224 1.29338 2.02124 -0.775361</i>
                        <i>0.745118 -0.261127 0.613686 0.211012 0.965197 0.154493 -0.632671 0.0143797 0.774287 1.33415 1.93366 -0.733544</i>
                        <i>0.728388 -0.332096 0.599303 0.261928 0.94321 0.204322 -0.633123 0.00814885 0.774008 1.36297 1.90439 -0.705184</i>
                        <i>0.714933 -0.380561 0.586553 0.298616 0.924733 0.236001 -0.632218 0.00642895 0.774764 1.36911 1.98296 -0.703305</i>
                        <i>0.705982 -0.410863 0.576871 0.324636 0.911649 0.252006 -0.629444 0.00936158 0.776989 1.36209 2.13788 -0.717535</i>
                        <i>0.708339 -0.405639 0.577679 0.325227 0.913897 0.24294 -0.626485 0.015793 0.779274 1.34474 2.34657 -0.742482</i>
                        <i>0.726679 -0.346056 0.59345 0.284497 0.937892 0.198543 -0.625299 0.0245576 0.779999 1.31842 2.58524 -0.774416</i>
                        <i>0.760781 -0.179905 0.623576 0.160172 0.983138 0.0882248 -0.628934 0.03276 0.776769 1.26959 2.82512 -0.823109</i>
                        <i>0.773061 -0.00801711 0.634282 0.0289026 0.999327 -0.0225954 -0.633673 0.0358 0.772772 1.21768 2.95339 -0.870901</i>
                        <i>0.724909 0.255161 0.639843 -0.150191 0.965064 -0.214697 -0.672272 0.0595371 0.737906 1.18633 2.96604 -0.897378</i>
                        <i>0.528645 0.663355 0.529616 -0.387373 0.743702 -0.54484 -0.755299 0.0828681 0.65012 1.15276 2.94703 -0.923425</i>
                        <i>0.246893 0.932463 0.263737 -0.495371 0.35536 -0.792671 -0.832857 0.0650575 0.549651 1.12252 2.89686 -0.944678</i>
                        <i>0.0468227 0.998105 0.0399301 -0.49856 0.0579899 -0.864914 -0.86559 0.0205901 0.50033 1.10412 2.81894 -0.954554</i>
                        <i>-0.044166 0.998789 -0.0216731 -0.54277 -0.0422029 -0.83882 -0.838719 -0.0252838 0.543977 1.10678 2.67013 -0.943116</i>
                        <i>-0.0625937 0.998025 0.00530947 -0.636225 -0.0358025 -0.770672 -0.76896 -0.0516172 0.63721 1.12531 2.464 -0.915197</i>
                        <i>-0.000694307 0.99759 0.0693817 -0.723191 0.0474175 -0.689018 -0.690647 -0.0506546 0.721416 1.14819 2.29283 -0.885473</i>
                        <i>0.102394 0.984241 0.144172 -0.750531 0.171561 -0.638177 -0.652854 -0.0428596 0.756271 1.16474 2.25192 -0.867925</i>
                        <i>0.346475 0.880275 0.324146 -0.673844 0.473952 -0.566837 -0.652602 -0.022029 0.75738 1.20132 2.26896 -0.842779</i>
                        <i>0.640909 0.553956 0.531384 -0.419252 0.832493 -0.362191 -0.643011 0.00934735 0.7658 1.24859 2.22776 -0.811549</i>
                        <i>0.755805 0.243428 0.607867 -0.173089 0.969581 -0.173067 -0.631506 0.0255899 0.774949 1.26779 2.19225 -0.799921</i>
                        <i>0.762034 0.19838 0.616401 -0.138501 0.97982 -0.144118 -0.632552 0.024451 0.774132 1.25924 2.21358 -0.805495</i>
                        <i>0.736474 0.297151 0.607707 -0.219369 0.954717 -0.200979 -0.639909 0.0147034 0.76831 1.23177 2.26262 -0.823215</i>
                        <i>0.693797 0.417312 0.586939 -0.317289 0.908761 -0.271073 -0.646509 0.00184013 0.762904 1.19714 2.30312 -0.846205</i>
                        <i>0.678654 0.448306 0.581765 -0.343944 0.893867 -0.287584 -0.648946 -0.00492505 0.760818 1.17956 2.30736 -0.858079</i>
                        <i>0.710576 0.359198 0.605027 -0.274598 0.93326 -0.231564 -0.647825 -0.00159582 0.761788 1.19193 2.27122 -0.849692</i>
                        <i>0.74833 0.210221 0.629134 -0.156757 0.977633 -0.140215 -0.644538 0.00630577 0.764546 1.21823 2.2135 -0.832059</i>
                        <i>0.76828 0.0438354 0.638612 -0.0240507 0.998925 -0.0396337 -0.639663 0.0150907 0.768508 1.24558 2.14835 -0.814113</i>
                        <i>0.768097 -0.0904544 0.633912 0.0836574 0.995663 0.0407077 -0.634845 0.021764 0.772333 1.26505 2.09395 -0.801691</i>
                        <i>0.763859 -0.145072 0.628867 0.127609 0.989121 0.0731779 -0.632641 0.0243512 0.774062 1.27226 2.07115 -0.797209</i>
                    </KeyFrames>
                </p>
            </i>
            <i>
                <p>
                    <Name>
                        <![CDATA[head_prop]]>
</Name>
                    <Exclude>0</Exclude>
                    <Additive>0</Additive>
                    <IKPriority>0</IKPriority>
                    <IKRotLimits>-1e+010 -1e+010 -1e+010 1e+010 1e+010 1e+010</IKRotLimits>
                    <IKRotLimitOrder>0</IKRotLimitOrder>
                    <KeyFrames count="30">
                        <i>0.632641 -0.0243512 -0.774062 0.763859 -0.145072 0.628867 -0.127609 -0.989121 -0.0731779 1.52121 2.02387 -0.592255</i>
                        <i>0.632558 -0.0211705 -0.774224 0.758953 -0.182423 0.62507 -0.154469 -0.982992 -0.0993256 1.54073 1.96179 -0.571646</i>
                        <i>0.632671 -0.0143797 -0.774287 0.745118 -0.261127 0.613686 -0.211012 -0.965197 -0.154493 1.57699 1.84855 -0.533539</i>
                        <i>0.633123 -0.00814885 -0.774008 0.728388 -0.332096 0.599303 -0.261928 -0.94321 -0.204322 1.60036 1.79615 -0.509866</i>
                        <i>0.632218 -0.00642895 -0.774764 0.714933 -0.380561 0.586553 -0.298616 -0.924733 -0.236001 1.60211 1.85894 -0.512142</i>
                        <i>0.629444 -0.00936158 -0.776989 0.705982 -0.410863 0.576871 -0.324636 -0.911649 -0.252006 1.59218 2.00397 -0.529527</i>
                        <i>0.626485 -0.015793 -0.779274 0.708339 -0.405639 0.577679 -0.325227 -0.913897 -0.24294 1.5756 2.21436 -0.554211</i>
                        <i>0.625299 -0.0245576 -0.779999 0.726679 -0.346056 0.59345 -0.284497 -0.937892 -0.198543 1.55525 2.47246 -0.581005</i>
                        <i>0.628934 -0.03276 -0.776769 0.760781 -0.179905 0.623576 -0.160172 -0.983138 -0.0882248 1.51753 2.76648 -0.61988</i>
                        <i>0.633673 -0.0358 -0.772772 0.773061 -0.00801711 0.634282 -0.0289026 -0.999327 0.0225954 1.46963 2.95078 -0.664183</i>
                        <i>0.672272 -0.0595371 -0.737906 0.724909 0.255161 0.639843 0.150191 -0.965064 0.214697 1.42258 3.0492 -0.688847</i>
                        <i>0.755299 -0.0828681 -0.65012 0.528645 0.663355 0.529616 0.387373 -0.743702 0.54484 1.32505 3.16322 -0.750818</i>
                        <i>0.832857 -0.0650575 -0.549651 0.246893 0.932463 0.263737 0.495371 -0.35536 0.792671 1.20298 3.20075 -0.858724</i>
                        <i>0.86559 -0.0205901 -0.50033 0.0468227 0.998105 0.0399301 0.49856 -0.0579899 0.864914 1.11938 3.14423 -0.941541</i>
                        <i>0.838719 0.0252838 -0.543977 -0.044166 0.998789 -0.0216731 0.54277 0.0422029 0.83882 1.09239 2.99565 -0.95018</i>
                        <i>0.76896 0.0516172 -0.63721 -0.0625937 0.998025 0.00530947 0.636225 0.0358025 0.770672 1.10491 2.78927 -0.913466</i>
                        <i>0.690647 0.0506546 -0.721416 -0.000694307 0.99759 0.0693817 0.723191 -0.0474175 0.689018 1.14796 2.61795 -0.862861</i>
                        <i>0.652854 0.0428596 -0.756271 0.102394 0.984241 0.144172 0.750531 -0.171561 0.638177 1.19812 2.57269 -0.820938</i>
                        <i>0.652602 0.022029 -0.75738 0.346475 0.880275 0.324146 0.673844 -0.473952 0.566837 1.31424 2.55585 -0.737137</i>
                        <i>0.643011 -0.00934735 -0.7658 0.640909 0.553956 0.531384 0.419252 -0.832493 0.362191 1.45747 2.4083 -0.638366</i>
                        <i>0.631506 -0.0255899 -0.774949 0.755805 0.243428 0.607867 0.173089 -0.969581 0.173067 1.51411 2.27159 -0.601811</i>
                        <i>0.632552 -0.024451 -0.774132 0.762034 0.19838 0.616401 0.138501 -0.97982 0.144118 1.50759 2.27823 -0.604604</i>
                        <i>0.639909 -0.0147034 -0.76831 0.736474 0.297151 0.607707 0.219369 -0.954717 0.200979 1.47179 2.35947 -0.625157</i>
                        <i>0.646509 -0.00184013 -0.762904 0.693797 0.417312 0.586939 0.317289 -0.908761 0.271073 1.42325 2.43913 -0.654916</i>
                        <i>0.648946 0.00492505 -0.760818 0.678654 0.448306 0.581765 0.343944 -0.893867 0.287584 1.40074 2.45346 -0.668476</i>
                        <i>0.647825 0.00159582 -0.761788 0.710576 0.359198 0.605027 0.274598 -0.93326 0.231564 1.42352 2.38829 -0.652508</i>
                        <i>0.644538 -0.00630577 -0.764546 0.74833 0.210221 0.629134 0.156757 -0.977633 0.140215 1.46212 2.28202 -0.627019</i>
                        <i>0.639663 -0.0150907 -0.768508 0.76828 0.0438354 0.638612 0.0240507 -0.998925 0.0396337 1.49597 2.16264 -0.605983</i>
                        <i>0.634845 -0.021764 -0.772333 0.768097 -0.0904544 0.633912 -0.0836574 -0.995663 -0.0407077 1.51538 2.06447 -0.595094</i>
                        <i>0.632641 -0.0243512 -0.774062 0.763859 -0.145072 0.628867 -0.127609 -0.989121 -0.0731779 1.52121 2.02387 -0.592255</i>
                    </KeyFrames>
                </p>
            </i>
            <i>
                <p>
                    <Name>
                        <![CDATA[l_clav]]>
</Name>
                    <Exclude>0</Exclude>
                    <Additive>0</Additive>
                    <IKPriority>0</IKPriority>
                    <IKRotLimits>-1e+010 -1e+010 -1e+010 1e+010 1e+010 1e+010</IKRotLimits>
                    <IKRotLimitOrder>0</IKRotLimitOrder>
                    <KeyFrames count="30">
                        <i>0.85446 0.378736 -0.355607 0.335754 0.11976 0.934305 0.396442 -0.917724 -0.0248321 1.16858 2.0179 -0.98222</i>
                        <i>0.86485 0.364523 -0.345192 0.33791 0.0858424 0.937255 0.371283 -0.927229 -0.0489353 1.18848 1.97575 -0.96175</i>
                        <i>0.885641 0.332412 -0.324256 0.339403 0.0132057 0.940548 0.316932 -0.943042 -0.101126 1.22737 1.9049 -0.922182</i>
                        <i>0.903047 0.300826 -0.306609 0.337034 -0.0537106 0.939959 0.266296 -0.952165 -0.149892 1.25532 1.89119 -0.895056</i>
                        <i>0.914073 0.275626 -0.297491 0.334802 -0.0989017 0.937084 0.228863 -0.956163 -0.182684 1.261 1.98048 -0.893359</i>
                        <i>0.920395 0.255937 -0.295584 0.334805 -0.125449 0.9339 0.201939 -0.958519 -0.201152 1.25338 2.14189 -0.907217</i>
                        <i>0.919159 0.253732 -0.301273 0.338409 -0.11731 0.933658 0.201557 -0.960135 -0.193692 1.23531 2.34891 -0.931775</i>
                        <i>0.906425 0.279935 -0.316275 0.344824 -0.0580428 0.936871 0.243905 -0.958263 -0.14914 1.20868 2.57379 -0.963202</i>
                        <i>0.86522 0.356184 -0.352884 0.342593 0.0939113 0.934778 0.366093 -0.929685 -0.0407722 1.16361 2.77823 -1.00854</i>
                        <i>0.813564 0.425445 -0.39637 0.32016 0.241282 0.916123 0.485397 -0.872227 0.0600874 1.1202 2.87269 -1.04922</i>
                        <i>0.765986 0.474709 -0.433493 0.288213 0.349164 0.891638 0.574629 -0.80792 0.130638 1.09883 2.86093 -1.06799</i>
                        <i>0.695729 0.528999 -0.485922 0.229134 0.4777 0.848116 0.680778 -0.7014 0.211138 1.08224 2.81338 -1.08147</i>
                        <i>0.618229 0.568947 -0.542302 0.152459 0.590047 0.792843 0.77107 -0.572838 0.278043 1.07285 2.73904 -1.08765</i>
                        <i>0.555191 0.589592 -0.586638 0.0827424 0.662677 0.744321 0.827597 -0.46178 0.319128 1.07278 2.64606 -1.08472</i>
                        <i>0.506933 0.602073 -0.616868 0.024223 0.705404 0.708391 0.861645 -0.37405 0.343009 1.09046 2.48865 -1.064</i>
                        <i>0.467271 0.611862 -0.638188 -0.0283592 0.73184 0.680887 0.883659 -0.30006 0.359319 1.12222 2.27736 -1.02908</i>
                        <i>0.449004 0.618632 -0.64474 -0.0558043 0.739571 0.670761 0.891785 -0.265195 0.366593 1.15186 2.10467 -0.996815</i>
                        <i>0.463735 0.621933 -0.630991 -0.038963 0.725827 0.686773 0.885117 -0.293895 0.360824 1.1641 2.0662 -0.983356</i>
                        <i>0.587739 0.601503 -0.541071 0.108759 0.603962 0.789558 0.801707 -0.5229 0.289553 1.16269 2.10738 -0.984955</i>
                        <i>0.770068 0.486551 -0.41263 0.282874 0.319325 0.904441 0.57182 -0.813204 0.108269 1.16203 2.12846 -0.986073</i>
                        <i>0.861293 0.367281 -0.351112 0.338652 0.100218 0.935559 0.378801 -0.924695 -0.0380633 1.16298 2.1436 -0.985557</i>
                        <i>0.855012 0.377832 -0.355244 0.335998 0.118208 0.934415 0.395044 -0.918297 -0.0258813 1.15546 2.1607 -0.990559</i>
                        <i>0.800484 0.453545 -0.391818 0.304903 0.254667 0.917703 0.516003 -0.854074 0.0655697 1.13849 2.17807 -1.002</i>
                        <i>0.727025 0.525048 -0.442447 0.247535 0.400629 0.882169 0.640439 -0.75088 0.1613 1.12083 2.18553 -1.01403</i>
                        <i>0.68789 0.553207 -0.46986 0.211932 0.466052 0.859 0.694184 -0.690476 0.20335 1.11322 2.1753 -1.01924</i>
                        <i>0.707187 0.540063 -0.45631 0.229862 0.434712 0.87074 0.668618 -0.720664 0.183283 1.12061 2.14607 -1.0142</i>
                        <i>0.752682 0.503152 -0.424627 0.269133 0.353471 0.895894 0.600864 -0.788604 0.130636 1.13571 2.10648 -1.00396</i>
                        <i>0.802673 0.450953 -0.39033 0.306377 0.249744 0.918564 0.511712 -0.856895 0.0623014 1.15183 2.06493 -0.993186</i>
                        <i>0.840109 0.401125 -0.365124 0.328819 0.158732 0.930958 0.431387 -0.902166 0.00145495 1.1639 2.03159 -0.985253</i>
                        <i>0.85446 0.378736 -0.355607 0.335754 0.11976 0.934305 0.396442 -0.917724 -0.0248321 1.16858 2.0179 -0.98222</i>
                    </KeyFrames>
                </p>
            </i>
            <i>
                <p>
                    <Name>
                        <![CDATA[l_shoulder]]>
</Name>
                    <Exclude>0</Exclude>
                    <Additive>0</Additive>
                    <IKPriority>0</IKPriority>
                    <IKRotLimits>-1e+010 -1e+010 -1e+010 1e+010 1e+010 1e+010</IKRotLimits>
                    <IKRotLimitOrder>0</IKRotLimitOrder>
                    <KeyFrames count="30">
                        <i>0.706484 -0.602096 -0.371969 0.61827 0.780838 -0.0896351 0.344416 -0.166651 0.923907 1.3374 2.09273 -1.05248</i>
                        <i>0.690187 -0.611129 -0.387509 0.639437 0.765762 -0.0687689 0.338766 -0.200324 0.919297 1.35936 2.04777 -1.02995</i>
                        <i>0.654718 -0.627499 -0.421414 0.683061 0.729911 -0.0256432 0.323686 -0.271063 0.906506 1.40235 1.97058 -0.986248</i>
                        <i>0.621362 -0.639014 -0.453398 0.721205 0.692614 0.0122169 0.306223 -0.334584 0.891224 1.43374 1.95063 -0.955636</i>
                        <i>0.595854 -0.646935 -0.475849 0.747723 0.663099 0.0347841 0.293032 -0.37653 0.878839 1.4416 2.03493 -0.952136</i>
                        <i>0.576398 -0.654076 -0.489848 0.765769 0.641582 0.0443901 0.285243 -0.400696 0.870677 1.43523 2.19246 -0.965618</i>
                        <i>0.574792 -0.65804 -0.486413 0.765674 0.642222 0.0359676 0.288717 -0.393108 0.872988 1.41691 2.39904 -0.991301</i>
                        <i>0.602805 -0.653969 -0.457111 0.736297 0.676652 0.0029194 0.307396 -0.338329 0.889405 1.38777 2.6291 -1.02569</i>
                        <i>0.685151 -0.618904 -0.384091 0.643207 0.761531 -0.0797214 0.341837 -0.192429 0.919847 1.33456 2.8486 -1.07826</i>
                        <i>0.763447 -0.562239 -0.317863 0.538135 0.82588 -0.168325 0.357156 -0.0425466 0.933075 1.28094 2.95675 -1.12753</i>
                        <i>0.820232 -0.502761 -0.272857 0.448596 0.861317 -0.238527 0.354938 0.0732445 0.932016 1.25017 2.95472 -1.15364</i>
                        <i>0.88469 -0.40896 -0.223774 0.325811 0.885735 -0.330636 0.333421 0.219602 0.916845 1.2197 2.9179 -1.17748</i>
                        <i>0.93533 -0.300933 -0.186001 0.200444 0.884016 -0.4223 0.291512 0.357708 0.887167 1.195 2.85145 -1.19479</i>
                        <i>0.963621 -0.2102 -0.165079 0.10481 0.865357 -0.490073 0.245866 0.454943 0.855907 1.18247 2.76255 -1.20063</i>
                        <i>0.97845 -0.137798 -0.153774 0.0348107 0.844158 -0.534962 0.203526 0.518081 0.830764 1.19062 2.60761 -1.18588</i>
                        <i>0.986432 -0.0753592 -0.145853 -0.0208958 0.823562 -0.566841 0.162835 0.562198 0.810813 1.21454 2.39825 -1.15517</i>
                        <i>0.989002 -0.0439793 -0.14121 -0.0463085 0.814677 -0.578064 0.140463 0.578245 0.80368 1.24057 2.2269 -1.1242</i>
                        <i>0.987798 -0.0639574 -0.142004 -0.0269106 0.827982 -0.560108 0.1534 0.557095 0.816158 1.25572 2.18908 -1.10803</i>
                        <i>0.95361 -0.244895 -0.175086 0.150472 0.891471 -0.427361 0.260743 0.38119 0.886965 1.27882 2.22622 -1.09186</i>
                        <i>0.820914 -0.495751 -0.283428 0.452248 0.867445 -0.207391 0.348672 0.0420705 0.9363 1.31417 2.22459 -1.0676</i>
                        <i>0.694574 -0.610217 -0.381053 0.633025 0.770058 -0.0793062 0.341827 -0.186133 0.921145 1.33315 2.21616 -1.05493</i>
                        <i>0.705543 -0.602755 -0.372688 0.619451 0.779996 -0.0888076 0.344224 -0.168204 0.923698 1.32439 2.23535 -1.06075</i>
                        <i>0.785353 -0.535126 -0.311225 0.509262 0.844321 -0.166658 0.351957 -0.0276092 0.935609 1.29665 2.26768 -1.07941</i>
                        <i>0.863268 -0.438562 -0.249864 0.375526 0.888821 -0.262637 0.337267 0.132895 0.931982 1.26448 2.28927 -1.10144</i>
                        <i>0.895133 -0.385343 -0.224159 0.309073 0.898797 -0.310868 0.321264 0.208987 0.923642 1.24913 2.2846 -1.11208</i>
                        <i>0.88014 -0.411716 -0.236313 0.341482 0.894901 -0.287302 0.329764 0.172169 0.928231 1.26033 2.25277 -1.10436</i>
                        <i>0.839042 -0.472839 -0.269132 0.420751 0.877532 -0.230013 0.344931 0.0797527 0.935234 1.28443 2.20589 -1.08786</i>
                        <i>0.782583 -0.53792 -0.313378 0.513469 0.842356 -0.163664 0.352014 -0.0328289 0.935419 1.31043 2.15403 -1.07031</i>
                        <i>0.729879 -0.584736 -0.354061 0.588081 0.801171 -0.110844 0.348478 -0.127314 0.92863 1.32989 2.11084 -1.05739</i>
                        <i>0.706484 -0.602096 -0.371969 0.61827 0.780838 -0.0896351 0.344416 -0.166651 0.923907 1.3374 2.09273 -1.05248</i>
                    </KeyFrames>
                </p>
            </i>
            <i>
                <p>
                    <Name>
                        <![CDATA[l_elbow]]>
</Name>
                    <Exclude>0</Exclude>
                    <Additive>0</Additive>
                    <IKPriority>0</IKPriority>
                    <IKRotLimits>-1e+010 -1e+010 -1e+010 1e+010 1e+010 1e+010</IKRotLimits>
                    <IKRotLimitOrder>0</IKRotLimitOrder>
                    <KeyFrames count="30">
                        <i>-0.100485 0.189031 0.976816 0.619081 0.780455 -0.0873469 -0.778872 0.595951 -0.19545 1.5672 1.89688 -1.17347</i>
                        <i>-0.0963213 0.165851 0.981435 0.640235 0.765296 -0.0664914 -0.762117 0.621944 -0.179898 1.58386 1.84899 -1.156</i>
                        <i>-0.0895823 0.115735 0.989232 0.683823 0.729272 -0.0233956 -0.724128 0.674364 -0.144472 1.61532 1.76646 -1.12332</i>
                        <i>-0.0859833 0.0689967 0.993905 0.721926 0.691819 0.0144283 -0.686607 0.718766 -0.109295 1.63586 1.74277 -1.10312</i>
                        <i>-0.0830893 0.0383178 0.995805 0.748413 0.662202 0.036966 -0.658008 0.748345 -0.0836994 1.63542 1.8245 -1.10692</i>
                        <i>-0.0789764 0.022064 0.996632 0.76644 0.640626 0.0465526 -0.637442 0.767536 -0.0675052 1.62272 1.9797 -1.12495</i>
                        <i>-0.0751898 0.0305825 0.9967 0.766354 0.641285 0.0381356 -0.638003 0.766693 -0.0716551 1.60388 2.185 -1.14952</i>
                        <i>-0.0748621 0.0740947 0.994437 0.737022 0.67585 0.00512652 -0.67171 0.733306 -0.105205 1.58385 2.41638 -1.17438</i>
