<?xml version="1.0" encoding="ISO-8859-1" ?>
<Animl Version="1">
    <ModellingPackage><![CDATA[Maya.2010]]></ModellingPackage>
    <SrcFile><![CDATA[anims\turrets\mortar\blue\~src\mortar_m29\mortar_m29_aim_random_crewman_a.mb]]></SrcFile>
    <FramesPerSecond>30</FramesPerSecond>
    <TotalFrames>80</TotalFrames>
    <Skeleton>
        <RefFrame>
            <Name><![CDATA[soldier_ref_frame]]></Name>
            <Exclude>0</Exclude>
            <Additive>0</Additive>
            <IKPriority>0</IKPriority>
            <IKRotLimits>-1e+010 -1e+010 -1e+010 1e+010 1e+010 1e+010</IKRotLimits>
            <IKRotLimitOrder>0</IKRotLimitOrder>
            <KeyFrames count="80">
                <i>1 0 0 0 1 0 0 0 1 1.63 1.86 -0.24</i>
                <i>1 0 0 0 1 0 0 0 1 1.63 1.86 -0.24</i>
                <i>1 0 0 0 1 0 0 0 1 1.63 1.86 -0.24</i>
                <i>1 0 0 0 1 0 0 0 1 1.63 1.86 -0.24</i>
                <i>1 0 0 0 1 0 0 0 1 1.63 1.86 -0.24</i>
                <i>1 0 0 0 1 0 0 0 1 1.63 1.86 -0.24</i>
                <i>1 0 0 0 1 0 0 0 1 1.63 1.86 -0.24</i>
                <i>1 0 0 0 1 0 0 0 1 1.63 1.86 -0.24</i>
                <i>1 0 0 0 1 0 0 0 1 1.63 1.86 -0.24</i>
                <i>1 0 0 0 1 0 0 0 1 1.63 1.86 -0.24</i>
                <i>1 0 0 0 1 0 0 0 1 1.63 1.86 -0.24</i>
                <i>1 0 0 0 1 0 0 0 1 1.63 1.86 -0.24</i>
                <i>1 0 0 0 1 0 0 0 1 1.63 1.86 -0.24</i>
                <i>1 0 0 0 1 0 0 0 1 1.63 1.86 -0.24</i>
                <i>1 0 0 0 1 0 0 0 1 1.63 1.86 -0.24</i>
                <i>1 0 0 0 1 0 0 0 1 1.63 1.86 -0.24</i>
                <i>1 0 0 0 1 0 0 0 1 1.63 1.86 -0.24</i>
                <i>1 0 0 0 1 0 0 0 1 1.63 1.86 -0.24</i>
                <i>1 0 0 0 1 0 0 0 1 1.63 1.86 -0.24</i>
                <i>1 0 0 0 1 0 0 0 1 1.63 1.86 -0.24</i>
                <i>1 0 0 0 1 0 0 0 1 1.63 1.86 -0.24</i>
                <i>1 0 0 0 1 0 0 0 1 1.63 1.86 -0.24</i>
                <i>1 0 0 0 1 0 0 0 1 1.63 1.86 -0.24</i>
                <i>1 0 0 0 1 0 0 0 1 1.63 1.86 -0.24</i>
                <i>1 0 0 0 1 0 0 0 1 1.63 1.86 -0.24</i>
                <i>1 0 0 0 1 0 0 0 1 1.63 1.86 -0.24</i>
                <i>1 0 0 0 1 0 0 0 1 1.63 1.86 -0.24</i>
                <i>1 0 0 0 1 0 0 0 1 1.63 1.86 -0.24</i>
                <i>1 0 0 0 1 0 0 0 1 1.63 1.86 -0.24</i>
                <i>1 0 0 0 1 0 0 0 1 1.63 1.86 -0.24</i>
                <i>1 0 0 0 1 0 0 0 1 1.63 1.86 -0.24</i>
                <i>1 0 0 0 1 0 0 0 1 1.63 1.86 -0.24</i>
                <i>1 0 0 0 1 0 0 0 1 1.63 1.86 -0.24</i>
                <i>1 0 0 0 1 0 0 0 1 1.63 1.86 -0.24</i>
                <i>1 0 0 0 1 0 0 0 1 1.63 1.86 -0.24</i>
                <i>1 0 0 0 1 0 0 0 1 1.63 1.86 -0.24</i>
                <i>1 0 0 0 1 0 0 0 1 1.63 1.86 -0.24</i>
                <i>1 0 0 0 1 0 0 0 1 1.63 1.86 -0.24</i>
                <i>1 0 0 0 1 0 0 0 1 1.63 1.86 -0.24</i>
                <i>1 0 0 0 1 0 0 0 1 1.63 1.86 -0.24</i>
                <i>1 0 0 0 1 0 0 0 1 1.63 1.86 -0.24</i>
                <i>1 0 0 0 1 0 0 0 1 1.63 1.86 -0.24</i>
                <i>1 0 0 0 1 0 0 0 1 1.63 1.86 -0.24</i>
                <i>1 0 0 0 1 0 0 0 1 1.63 1.86 -0.24</i>
                <i>1 0 0 0 1 0 0 0 1 1.63 1.86 -0.24</i>
                <i>1 0 0 0 1 0 0 0 1 1.63 1.86 -0.24</i>
                <i>1 0 0 0 1 0 0 0 1 1.63 1.86 -0.24</i>
                <i>1 0 0 0 1 0 0 0 1 1.63 1.86 -0.24</i>
                <i>1 0 0 0 1 0 0 0 1 1.63 1.86 -0.24</i>
                <i>1 0 0 0 1 0 0 0 1 1.63 1.86 -0.24</i>
                <i>1 0 0 0 1 0 0 0 1 1.63 1.86 -0.24</i>
                <i>1 0 0 0 1 0 0 0 1 1.63 1.86 -0.24</i>
                <i>1 0 0 0 1 0 0 0 1 1.63 1.86 -0.24</i>
                <i>1 0 0 0 1 0 0 0 1 1.63 1.86 -0.24</i>
                <i>1 0 0 0 1 0 0 0 1 1.63 1.86 -0.24</i>
                <i>1 0 0 0 1 0 0 0 1 1.63 1.86 -0.24</i>
                <i>1 0 0 0 1 0 0 0 1 1.63 1.86 -0.24</i>
                <i>1 0 0 0 1 0 0 0 1 1.63 1.86 -0.24</i>
                <i>1 0 0 0 1 0 0 0 1 1.63 1.86 -0.24</i>
                <i>1 0 0 0 1 0 0 0 1 1.63 1.86 -0.24</i>
                <i>1 0 0 0 1 0 0 0 1 1.63 1.86 -0.24</i>
                <i>1 0 0 0 1 0 0 0 1 1.63 1.86 -0.24</i>
                <i>1 0 0 0 1 0 0 0 1 1.63 1.86 -0.24</i>
                <i>1 0 0 0 1 0 0 0 1 1.63 1.86 -0.24</i>
                <i>1 0 0 0 1 0 0 0 1 1.63 1.86 -0.24</i>
                <i>1 0 0 0 1 0 0 0 1 1.63 1.86 -0.24</i>
                <i>1 0 0 0 1 0 0 0 1 1.63 1.86 -0.24</i>
                <i>1 0 0 0 1 0 0 0 1 1.63 1.86 -0.24</i>
                <i>1 0 0 0 1 0 0 0 1 1.63 1.86 -0.24</i>
                <i>1 0 0 0 1 0 0 0 1 1.63 1.86 -0.24</i>
                <i>1 0 0 0 1 0 0 0 1 1.63 1.86 -0.24</i>
                <i>1 0 0 0 1 0 0 0 1 1.63 1.86 -0.24</i>
                <i>1 0 0 0 1 0 0 0 1 1.63 1.86 -0.24</i>
                <i>1 0 0 0 1 0 0 0 1 1.63 1.86 -0.24</i>
                <i>1 0 0 0 1 0 0 0 1 1.63 1.86 -0.24</i>
                <i>1 0 0 0 1 0 0 0 1 1.63 1.86 -0.24</i>
                <i>1 0 0 0 1 0 0 0 1 1.63 1.86 -0.24</i>
                <i>1 0 0 0 1 0 0 0 1 1.63 1.86 -0.24</i>
                <i>1 0 0 0 1 0 0 0 1 1.63 1.86 -0.24</i>
                <i>1 0 0 0 1 0 0 0 1 1.63 1.86 -0.24</i>
            </KeyFrames>
        </RefFrame>
        <Bones count="23">
            <i>
                <p>
                    <Name><![CDATA[pelvis]]></Name>
                    <Exclude>0</Exclude>
                    <Additive>0</Additive>
                    <IKPriority>0</IKPriority>
                    <IKRotLimits>-1e+010 -1e+010 -1e+010 1e+010 1e+010 1e+010</IKRotLimits>
                    <IKRotLimitOrder>2</IKRotLimitOrder>
                    <KeyFrames count="80">
                        <i>1 0 0 0 1 0 0 0 1 1.66901 2.69606 -0.240405</i>
                        <i>1 0 0 0 1 0 0 0 1 1.66773 2.72474 -0.23751</i>
                        <i>1 0 0 0 1 0 0 0 1 1.66484 2.78768 -0.230949</i>
                        <i>1 0 0 0 1 0 0 0 1 1.66177 2.8533 -0.224015</i>
                        <i>1 0 0 0 1 0 0 0 1 1.66 2.89 -0.22</i>
                        <i>1 0 0 0 1 0 0 0 1 1.66 2.88916 -0.22</i>
                        <i>1 0 0 0 1 0 0 0 1 1.66 2.88688 -0.22</i>
                        <i>1 0 0 0 1 0 0 0 1 1.66 2.88352 -0.22</i>
                        <i>1 0 0 0 1 0 0 0 1 1.66 2.87944 -0.22</i>
                        <i>1 0 0 0 1 0 0 0 1 1.66 2.875 -0.22</i>
                        <i>1 0 0 0 1 0 0 0 1 1.66 2.87056 -0.22</i>
                        <i>1 0 0 0 1 0 0 0 1 1.66 2.86648 -0.22</i>
                        <i>1 0 0 0 1 0 0 0 1 1.66 2.86312 -0.22</i>
                        <i>1 0 0 0 1 0 0 0 1 1.66 2.86084 -0.22</i>
                        <i>1 0 0 0 1 0 0 0 1 1.66 2.86 -0.22</i>
                        <i>1 0 0 0 1 0 0 0 1 1.66599 2.82025 -0.225985</i>
                        <i>1 0 0 0 1 0 0 0 1 1.67531 2.75969 -0.235312</i>
                        <i>1 0 0 0 1 0 0 0 1 1.68671 2.68637 -0.246706</i>
                        <i>1 0 0 0 1 0 0 0 1 1.69889 2.60833 -0.258889</i>
                        <i>1 0 0 0 1 0 0 0 1 1.71059 2.53363 -0.270586</i>
                        <i>1 0 0 0 1 0 0 0 1 1.72052 2.47031 -0.280521</i>
                        <i>1 0 0 0 1 0 0 0 1 1.72742 2.42642 -0.287418</i>
                        <i>1 0 0 0 1 0 0 0 1 1.73 2.41 -0.29</i>
                        <i>1 0 0 0 1 0 0 0 1 1.72778 2.41111 -0.29</i>
                        <i>1 0 0 0 1 0 0 0 1 1.72207 2.41396 -0.29</i>
                        <i>1 0 0 0 1 0 0 0 1 1.71426 2.41787 -0.29</i>
                        <i>1 0 0 0 1 0 0 0 1 1.70574 2.42213 -0.29</i>
                        <i>1 0 0 0 1 0 0 0 1 1.69793 2.42603 -0.29</i>
                        <i>1 0 0 0 1 0 0 0 1 1.69222 2.42889 -0.29</i>
                        <i>1 0 0 0 1 0 0 0 1 1.69 2.43 -0.29</i>
                        <i>1 0 0 0 1 0 0 0 1 1.69017 2.42991 -0.29</i>
                        <i>1 0 0 0 1 0 0 0 1 1.69067 2.42966 -0.29</i>
                        <i>1 0 0 0 1 0 0 0 1 1.69147 2.42926 -0.29</i>
                        <i>1 0 0 0 1 0 0 0 1 1.69255 2.42873 -0.29</i>
                        <i>1 0 0 0 1 0 0 0 1 1.69387 2.42807 -0.29</i>
                        <i>1 0 0 0 1 0 0 0 1 1.69541 2.4273 -0.29</i>
                        <i>1 0 0 0 1 0 0 0 1 1.69714 2.42643 -0.29</i>
                        <i>1 0 0 0 1 0 0 0 1 1.69903 2.42548 -0.29</i>
                        <i>1 0 0 0 1 0 0 0 1 1.70106 2.42447 -0.29</i>
                        <i>1 0 0 0 1 0 0 0 1 1.7032 2.4234 -0.29</i>
                        <i>1 0 0 0 1 0 0 0 1 1.70542 2.42229 -0.29</i>
                        <i>1 0 0 0 1 0 0 0 1 1.7077 2.42115 -0.29</i>
                        <i>1 0 0 0 1 0 0 0 1 1.71 2.42 -0.29</i>
                        <i>1 0 0 0 1 0 0 0 1 1.7123 2.41885 -0.29</i>
                        <i>1 0 0 0 1 0 0 0 1 1.71458 2.41771 -0.29</i>
                        <i>1 0 0 0 1 0 0 0 1 1.7168 2.4166 -0.29</i>
                        <i>1 0 0 0 1 0 0 0 1 1.71894 2.41553 -0.29</i>
                        <i>1 0 0 0 1 0 0 0 1 1.72097 2.41452 -0.29</i>
                        <i>1 0 0 0 1 0 0 0 1 1.72286 2.41357 -0.29</i>
                        <i>1 0 0 0 1 0 0 0 1 1.72459 2.4127 -0.29</i>
                        <i>1 0 0 0 1 0 0 0 1 1.72613 2.41193 -0.29</i>
                        <i>1 0 0 0 1 0 0 0 1 1.72745 2.41127 -0.29</i>
                        <i>1 0 0 0 1 0 0 0 1 1.72853 2.41074 -0.29</i>
                        <i>1 0 0 0 1 0 0 0 1 1.72933 2.41034 -0.29</i>
                        <i>1 0 0 0 1 0 0 0 1 1.72983 2.41009 -0.29</i>
                        <i>1 0 0 0 1 0 0 0 1 1.73 2.41 -0.29</i>
                        <i>1 0 0 0 1 0 0 0 1 1.73 2.41 -0.29</i>
                        <i>1 0 0 0 1 0 0 0 1 1.73 2.41 -0.29</i>
                        <i>1 0 0 0 1 0 0 0 1 1.73 2.41 -0.29</i>
                        <i>1 0 0 0 1 0 0 0 1 1.73 2.41 -0.29</i>
                        <i>1 0 0 0 1 0 0 0 1 1.73 2.41 -0.29</i>
                        <i>1 0 0 0 1 0 0 0 1 1.73 2.41 -0.29</i>
                        <i>1 0 0 0 1 0 0 0 1 1.73 2.41 -0.29</i>
                        <i>1 0 0 0 1 0 0 0 1 1.73 2.41 -0.29</i>
                        <i>1 0 0 0 1 0 0 0 1 1.73 2.41 -0.29</i>
                        <i>1 0 0 0 1 0 0 0 1 1.72265 2.44177 -0.305462</i>
                        <i>1 0 0 0 1 0 0 0 1 1.71191 2.49043 -0.330066</i>
                        <i>1 0 0 0 1 0 0 0 1 1.69887 2.5491 -0.359566</i>
                        <i>1 0 0 0 1 0 0 0 1 1.68461 2.61092 -0.389717</i>
                        <i>1 0 0 0 1 0 0 0 1 1.67022 2.66903 -0.416272</i>
                        <i>1 0 0 0 1 0 0 0 1 1.65679 2.71656 -0.434985</i>
                        <i>1 0 0 0 1 0 0 0 1 1.6454 2.74665 -0.441611</i>
                        <i>1 0 0 0 1 0 0 0 1 1.63485 2.75885 -0.428294</i>
                        <i>1 0 0 0 1 0 0 0 1 1.62432 2.75944 -0.396196</i>
                        <i>1 0 0 0 1 0 0 0 1 1.61554 2.75156 -0.354596</i>
                        <i>1 0 0 0 1 0 0 0 1 1.61019 2.73839 -0.312771</i>
                        <i>1 0 0 0 1 0 0 0 1 1.61 2.72309 -0.28</i>
                        <i>1 0 0 0 1 0 0 0 1 1.62661 2.70883 -0.258557</i>
                        <i>1 0 0 0 1 0 0 0 1 1.65437 2.69876 -0.245082</i>
                        <i>1 0 0 0 1 0 0 0 1 1.66901 2.69606 -0.240405</i>
                    </KeyFrames>
                </p>
            </i>
            <i>
                <p>
                    <Name><![CDATA[spine0]]></Name>
                    <Exclude>0</Exclude>
                    <Additive>0</Additive>
                    <IKPriority>0</IKPriority>
                    <IKRotLimits>-1e+010 -1e+010 -1e+010 1e+010 1e+010 1e+010</IKRotLimits>
                    <IKRotLimitOrder>0</IKRotLimitOrder>
                    <KeyFrames count="80">
                        <i>-0.274833 0.960811 0.0361797 -0.2311 -0.0294853 -0.972483 -0.933306 -0.275632 0.230147 1.69553 2.83547 -0.264012</i>
                        <i>-0.258719 0.965917 0.00835057 -0.179478 -0.0395748 -0.982966 -0.949132 -0.25581 0.183599 1.69519 2.8644 -0.258394</i>
                        <i>-0.236939 0.971328 -0.0195313 -0.0642631 -0.0357293 -0.997293 -0.969397 -0.235043 0.0708862 1.69418 2.92777 -0.245477</i>
                        <i>-0.210728 0.976831 -0.037348 0.0575928 -0.0257334 -0.998008 -0.975847 -0.21246 -0.0508356 1.6927 2.99359 -0.231585</i>
                        <i>-0.192231 0.98034 -0.04451 0.127782 -0.019965 -0.991601 -0.972995 -0.196304 -0.121432 1.69164 3.0303 -0.223451</i>
                        <i>-0.191778 0.980408 -0.0449537 0.127841 -0.0204591 -0.991584 -0.973077 -0.195911 -0.121413 1.69164 3.02946 -0.223451</i>
                        <i>-0.190604 0.980581 -0.0461681 0.128002 -0.0218029 -0.991534 -0.973286 -0.1949 -0.121361 1.69164 3.02718 -0.223451</i>
                        <i>-0.189021 0.9808 -0.0479834 0.128239 -0.0237903 -0.991458 -0.973563 -0.19356 -0.12128 1.69164 3.02382 -0.223451</i>
                        <i>-0.187328 0.981012 -0.0502269 0.128528 -0.0262137 -0.991359 -0.973853 -0.192165 -0.121177 1.69164 3.01974 -0.223451</i>
                        <i>-0.185764 0.981179 -0.0527143 0.128843 -0.0288616 -0.991245 -0.97411 -0.19093 -0.121057 1.69164 3.0153 -0.223451</i>
                        <i>-0.184481 0.981282 -0.0552458 0.129158 -0.0315183 -0.991123 -0.974313 -0.189978 -0.120926 1.69164 3.01086 -0.223451</i>
                        <i>-0.183539 0.981323 -0.0576073 0.129447 -0.0339649 -0.991004 -0.974452 -0.189345 -0.120795 1.69164 3.00678 -0.223451</i>
                        <i>-0.182928 0.98132 -0.0595748 0.129685 -0.035982 -0.990902 -0.974535 -0.18899 -0.12068 1.69164 3.00342 -0.223451</i>
                        <i>-0.182595 0.981299 -0.0609204 0.129846 -0.0373512 -0.99083 -0.974576 -0.188831 -0.120597 1.69164 3.00114 -0.223451</i>
                        <i>-0.182488 0.981288 -0.0614182 0.129905 -0.0378556 -0.990804 -0.974589 -0.188788 -0.120566 1.69164 3.0003 -0.223451</i>
                        <i>-0.182479 0.980392 -0.0743784 0.169437 -0.0431601 -0.984595 -0.9685 -0.192271 -0.158239 1.70215 2.95948 -0.224117</i>
                        <i>-0.186372 0.9776 -0.0977996 0.227025 -0.053998 -0.972391 -0.95589 -0.203429 -0.211876 1.71867 2.89637 -0.223717</i>
                        <i>-0.19791 0.970947 -0.13451 0.285265 -0.0742334 -0.95557 -0.937793 -0.227488 -0.262285 1.7366 2.8193 -0.223578</i>
                        <i>-0.211432 0.960807 -0.179291 0.335492 -0.10095 -0.936619 -0.91801 -0.258182 -0.300999 1.75225 2.73774 -0.225686</i>
                        <i>-0.217654 0.952495 -0.213024 0.381299 -0.117933 -0.916899 -0.898464 -0.280793 -0.337517 1.763 2.66203 -0.232354</i>
                        <i>-0.218081 0.948052 -0.231601 0.422628 -0.122164 -0.898032 -0.879674 -0.293724 -0.374032 1.76984 2.59963 -0.24126</i>
                        <i>-0.217947 0.944786 -0.244701 0.450813 -0.12492 -0.883834 -0.865602 -0.302943 -0.398696 1.77455 2.55637 -0.247563</i>
                        <i>-0.217803 0.943525 -0.249646 0.461253 -0.12591 -0.87829 -0.860121 -0.306444 -0.40778 1.7763 2.54019 -0.249949</i>
                        <i>-0.219212 0.943641 -0.247969 0.463426 -0.12295 -0.877565 -0.858594 -0.307288 -0.410355 1.77359 2.54147 -0.249968</i>
                        <i>-0.223552 0.943443 -0.244827 0.46884 -0.116133 -0.875615 -0.854525 -0.31053 -0.416362 1.76659 2.54479 -0.250027</i>
                        <i>-0.230768 0.942196 -0.242925 0.475886 -0.108474 -0.872792 -0.848692 -0.317017 -0.423346 1.75702 2.54931 -0.250124</i>
                        <i>-0.24016 0.9394 -0.244646 0.483116 -0.102928 -0.869485 -0.841975 -0.327008 -0.42912 1.74659 2.55422 -0.250254</i>
                        <i>-0.25014 0.935131 -0.25092 0.489343 -0.101519 -0.866162 -0.835448 -0.339448 -0.432206 1.73702 2.5587 -0.250395</i>
                        <i>-0.258209 0.930671 -0.259191 0.493649 -0.103518 -0.863478 -0.830445 -0.350907 -0.432696 1.73002 2.56196 -0.250511</i>
                        <i>-0.262094 0.927592 -0.266233 0.495066 -0.107573 -0.86217 -0.828381 -0.357773 -0.431025 1.7273 2.56323 -0.25056</i>
                        <i>-0.262463 0.926452 -0.269816 0.494656 -0.110905 -0.861983 -0.82851 -0.359705 -0.429167 1.72751 2.56313 -0.250556</i>
                        <i>-0.261324 0.926644 -0.270259 0.494159 -0.112081 -0.862116 -0.829166 -0.358843 -0.428621 1.72813 2.56284 -0.250545</i>
                        <i>-0.259095 0.927566 -0.26924 0.493486 -0.112494 -0.862448 -0.830265 -0.356322 -0.428595 1.72911 2.56239 -0.250527</i>
                        <i>-0.256195 0.928868 -0.267521 0.492617 -0.112658 -0.862924 -0.831681 -0.352862 -0.428714 1.73042 2.56177 -0.250504</i>
                        <i>-0.253079 0.930214 -0.265806 0.491534 -0.113012 -0.863494 -0.833274 -0.349185 -0.428631 1.73204 2.56102 -0.250477</i>
                        <i>-0.250259 0.931294 -0.264692 0.490232 -0.113864 -0.864122 -0.834891 -0.346015 -0.428055 1.73393 2.56014 -0.250445</i>
                        <i>-0.248292 0.931812 -0.26472 0.488706 -0.115454 -0.864775 -0.836371 -0.344088 -0.426716 1.73605 2.55915 -0.250411</i>
                        <i>-0.247233 0.931658 -0.26625 0.48694 -0.1181 -0.865414 -0.837714 -0.343607 -0.424463 1.73837 2.55807 -0.250374</i>
                        <i>-0.246695 0.931012 -0.268994 0.484951 -0.121719 -0.86603 -0.839026 -0.344094 -0.421468 1.74085 2.55691 -0.250336</i>
                        <i>-0.246559 0.930015 -0.272545 0.482782 -0.125979 -0.866632 -0.840315 -0.345256 -0.417934 1.74347 2.55568 -0.250298</i>
                        <i>-0.246666 0.92883 -0.27646 0.480485 -0.130525 -0.867235 -0.841599 -0.346752 -0.414093 1.7462 2.5544 -0.25026</i>
                        <i>-0.246805 0.927659 -0.280242 0.478122 -0.134972 -0.86786 -0.842904 -0.348182 -0.410223 1.74898 2.5531 -0.250222</i>
                        <i>-0.246714 0.92674 -0.283346 0.475767 -0.138893 -0.868536 -0.844262 -0.349087 -0.406646 1.75181 2.55177 -0.250186</i>
                        <i>-0.246096 0.926339 -0.285189 0.473508 -0.141833 -0.869295 -0.845711 -0.348969 -0.403724 1.75463 2.55044 -0.250152</i>
                        <i>-0.244637 0.926729 -0.285177 0.471439 -0.143323 -0.870174 -0.847289 -0.34732 -0.401835 1.75742 2.54913 -0.25012</i>
                        <i>-0.242354 0.92788 -0.283377 0.469595 -0.1434 -0.871158 -0.848967 -0.344202 -0.400975 1.76014 2.54785 -0.25009</i>
                        <i>-0.239569 0.929494 -0.280441 0.467946 -0.142541 -0.872186 -0.850666 -0.34018 -0.400804 1.76276 2.54661 -0.250063</i>
                        <i>-0.236441 0.931426 -0.276662 0.466491 -0.140956 -0.873223 -0.852339 -0.335526 -0.401174 1.76524 2.54543 -0.250039</i>
                        <i>-0.233137 0.933531 -0.272336 0.465227 -0.138853 -0.874233 -0.853938 -0.330514 -0.401932 1.76756 2.54433 -0.250018</i>
                        <i>-0.229822 0.935676 -0.267754 0.464149 -0.13644 -0.875186 -0.855423 -0.325415 -0.402936 1.76968 2.54333 -0.25</i>
                        <i>-0.226654 0.937739 -0.263199 0.463249 -0.133916 -0.876052 -0.856754 -0.320488 -0.404054 1.77156 2.54244 -0.249984</i>
                        <i>-0.223782 0.939614 -0.258936 0.462522 -0.131471 -0.876806 -0.857901 -0.315977 -0.405171 1.77318 2.54167 -0.249971</i>
                        <i>-0.22134 0.941209 -0.255215 0.461963 -0.129282 -0.877426 -0.858836 -0.31211 -0.406188 1.7745 2.54104 -0.249961</i>
                        <i>-0.219453 0.942442 -0.252275 0.461567 -0.127518 -0.877893 -0.859533 -0.309098 -0.407016 1.77548 2.54058 -0.249954</i>
                        <i>-0.218235 0.94324 -0.250343 0.461331 -0.12634 -0.878187 -0.859969 -0.307142 -0.407574 1.77609 2.54029 -0.24995</i>
                        <i>-0.217803 0.943525 -0.249646 0.461253 -0.12591 -0.87829 -0.860121 -0.306444 -0.40778 1.7763 2.54019 -0.249949</i>
                        <i>-0.215451 0.944924 -0.246374 0.461546 -0.123802 -0.878435 -0.860556 -0.302973 -0.409453 1.7763 2.54019 -0.249949</i>
                        <i>-0.209879 0.94816 -0.238629 0.462227 -0.118847 -0.878761 -0.861567 -0.294734 -0.413322 1.7763 2.54019 -0.249949</i>
                        <i>-0.203293 0.951843 -0.229491 0.463007 -0.113068 -0.879113 -0.862727 -0.284973 -0.417724 1.7763 2.54019 -0.249949</i>
                        <i>-0.197828 0.954785 -0.221924 0.463633 -0.108334 -0.87938 -0.86366 -0.276857 -0.421238 1.7763 2.54019 -0.249949</i>
                        <i>-0.19555 0.95598 -0.218774 0.463888 -0.106377 -0.879484 -0.864041 -0.27347 -0.422666 1.7763 2.54019 -0.249949</i>
                        <i>-0.198975 0.954176 -0.223511 0.463503 -0.109323 -0.879326 -0.863466 -0.278562 -0.420511 1.7763 2.54019 -0.249949</i>
                        <i>-0.206577 0.950026 -0.234046 0.462621 -0.11594 -0.878942 -0.862153 -0.289844 -0.415552 1.7763 2.54019 -0.249949</i>
                        <i>-0.214273 0.945617 -0.244736 0.461692 -0.122749 -0.878506 -0.860772 -0.301232 -0.410282 1.7763 2.54019 -0.249949</i>
                        <i>-0.217803 0.943525 -0.249646 0.461253 -0.12591 -0.87829 -0.860121 -0.306444 -0.40778 1.7763 2.54019 -0.249949</i>
                        <i>-0.209755 0.952897 -0.219068 0.419564 -0.114655 -0.900455 -0.883158 -0.280788 -0.375752 1.77081 2.57249 -0.269553</i>
                        <i>-0.189581 0.965649 -0.17771 0.353422 -0.101748 -0.929914 -0.916053 -0.2391 -0.321992 1.76269 2.62164 -0.300066</i>
                        <i>-0.158592 0.977737 -0.137402 0.269328 -0.0910457 -0.958735 -0.949901 -0.189054 -0.248893 1.75213 2.6808 -0.336858</i>
                        <i>-0.122152 0.986742 -0.106863 0.1755 -0.084499 -0.980846 -0.976872 -0.138567 -0.162852 1.73944 2.74312 -0.375115</i>
                        <i>-0.0883816 0.992074 -0.0893214 0.0816706 -0.0821531 -0.993268 -0.992733 -0.0950816 -0.0737624 1.72525 2.8018 -0.409842</i>
                        <i>-0.0654892 0.994454 -0.0822895 -0.00169046 -0.082577 -0.996583 -0.997852 -0.0651263 0.00708899 1.71049 2.85002 -0.435968</i>
                        <i>-0.0599088 0.995029 -0.0795493 -0.0642558 -0.0833713 -0.994445 -0.996134 -0.0544645 0.068931 1.6964 2.88099 -0.448491</i>
                        <i>-0.0737093 0.994481 -0.0746667 -0.10845 -0.0824194 -0.990679 -0.991365 -0.0649247 0.113927 1.68222 2.89421 -0.439665</i>
                        <i>-0.101503 0.992755 -0.0643032 -0.144078 -0.0786251 -0.986438 -0.984347 -0.0908617 0.151015 1.66765 2.8958 -0.411208</i>
                        <i>-0.13762 0.989327 -0.0478857 -0.17236 -0.0715282 -0.982434 -0.975373 -0.126949 0.180364 1.65472 2.88882 -0.372475</i>
                        <i>-0.176987 0.983847 -0.026837 -0.194363 -0.0616689 -0.978989 -0.964831 -0.168052 0.202138 1.64543 2.87642 -0.332839</i>
                        <i>-0.214929 0.976622 -0.0040007 -0.210869 -0.0504057 -0.976214 -0.953593 -0.208973 0.216773 1.64176 2.86172 -0.30167</i>
                        <i>-0.246941 0.968884 0.0168575 -0.222345 -0.03972 -0.974159 -0.943177 -0.244308 0.225235 1.6556 2.84789 -0.281319</i>
                        <i>-0.268481 0.962767 0.0315723 -0.229022 -0.0319617 -0.972896 -0.935664 -0.268435 0.229076 1.68154 2.83808 -0.268479</i>
                        <i>-0.274833 0.960811 0.0361797 -0.2311 -0.0294853 -0.972483 -0.933306 -0.275632 0.230147 1.69553 2.83547 -0.264012</i>
                    </KeyFrames>
                </p>
            </i>
            <i>
                <p>
                    <Name><![CDATA[spine1]]></Name>
                    <Exclude>0</Exclude>
                    <Additive>0</Additive>
                    <IKPriority>0</IKPriority>
                    <IKRotLimits>-1e+010 -1e+010 -1e+010 1e+010 1e+010 1e+010</IKRotLimits>
                    <IKRotLimitOrder>0</IKRotLimitOrder>
                    <KeyFrames count="80">
                        <i>-0.652792 0.697989 0.294405 -0.264445 0.154219 -0.95199 -0.709882 -0.699305 0.0839071 1.64564 3.01011 -0.257451</i>
                        <i>-0.645801 0.733262 0.212762 -0.18302 0.121867 -0.975527 -0.741246 -0.668935 0.0554996 1.64851 3.03887 -0.256896</i>
                        <i>-0.63354 0.767057 0.101247 -0.0352913 0.102074 -0.994151 -0.772904 -0.633408 -0.0375974 1.65169 3.10213 -0.248987</i>
                        <i>-0.602488 0.798115 0.00445561 0.114266 0.0917802 -0.989202 -0.789906 -0.595473 -0.146494 1.65512 3.16797 -0.23825</i>
                        <i>-0.5716 0.819276 -0.0453865 0.19983 0.0853444 -0.976107 -0.795827 -0.567012 -0.212499 1.65752 3.20452 -0.231356</i>
                        <i>-0.569201 0.820936 -0.0455507 0.200084 0.0845683 -0.976122 -0.797482 -0.564723 -0.212393 1.65763 3.20354 -0.231428</i>
                        <i>-0.562651 0.825414 -0.0459944 0.200761 0.0824555 -0.976164 -0.801947 -0.558473 -0.212104 1.65792 3.20086 -0.231624</i>
                        <i>-0.552901 0.83194 -0.0466437 0.201716 0.079326 -0.976226 -0.808462 -0.549165 -0.211675 1.65831 3.19693 -0.231916</i>
                        <i>-0.540907 0.839744 -0.0474246 0.202811 0.0755004 -0.976303 -0.816264 -0.537708 -0.211148 1.65874 3.19217 -0.232276</i>
                        <i>-0.527664 0.848081 -0.0482652 0.203916 0.0713063 -0.976388 -0.824614 -0.525047 -0.210563 1.65916 3.187 -0.232673</i>
                        <i>-0.514225 0.856249 -0.0490966 0.204929 0.067081 -0.976475 -0.832812 -0.51219 -0.209965 1.65951 3.18185 -0.233075</i>
                        <i>-0.501706 0.8636 -0.0498528 0.205776 0.0631716 -0.976558 -0.840207 -0.500203 -0.209402 1.65979 3.17713 -0.233449</i>
                        <i>-0.491276 0.86954 -0.0504703 0.206412 0.0599338 -0.976628 -0.846192 -0.490212 -0.208928 1.65999 3.17326 -0.23376</i>
                        <i>-0.484139 0.87351 -0.0508867 0.206812 0.0577276 -0.976676 -0.850199 -0.483371 -0.2086 1.66011 3.17064 -0.233973</i>
                        <i>-0.481497 0.87496 -0.0510396 0.206952 0.056913 -0.976694 -0.851664 -0.480839 -0.208478 1.66015 3.16967 -0.234051</i>
                        <i>-0.528787 0.838973 -0.128487 0.275931 0.026768 -0.960805 -0.802649 -0.543515 -0.245653 1.67022 3.13114 -0.237137</i>
                        <i>-0.593887 0.759707 -0.264846 0.384723 -0.0209504 -0.922794 -0.706602 -0.649928 -0.279835 1.68497 3.07344 -0.241418</i>
                        <i>-0.629671 0.654636 -0.418289 0.498944 -0.0719216 -0.863645 -0.595457 -0.752515 -0.28134 1.69917 3.00345 -0.249055</i>
                        <i>-0.62466 0.559901 -0.544344 0.592614 -0.114059 -0.79737 -0.508536 -0.820671 -0.260557 1.71064 2.92749 -0.261039</i>
                        <i>-0.600493 0.512257 -0.614004 0.65134 -0.132082 -0.747202 -0.463858 -0.848615 -0.254339 1.71945 2.85335 -0.275071</i>
                        <i>-0.578176 0.499972 -0.64478 0.685049 -0.131789 -0.716477 -0.443193 -0.855955 -0.266308 1.7262 2.79006 -0.287701</i>
                        <i>-0.56188 0.491213 -0.665583 0.707619 -0.131322 -0.694284 -0.428447 -0.861083 -0.273804 1.73094 2.74614 -0.29663</i>
                        <i>-0.555611 0.487885 -0.673249 0.715889 -0.13109 -0.685798 -0.422847 -0.863008 -0.276437 1.73272 2.72971 -0.300007</i>
                        <i>-0.555686 0.487008 -0.673822 0.718589 -0.126281 -0.683874 -0.418143 -0.86422 -0.279786 1.72966 2.73128 -0.299757</i>
                        <i>-0.556029 0.484275 -0.675507 0.725342 -0.114121 -0.678863 -0.405846 -0.867441 -0.28781 1.72166 2.73515 -0.299333</i>
                        <i>-0.55681 0.479417 -0.678323 0.734175 -0.0979176 -0.671862 -0.388522 -0.872107 -0.297455 1.71049 2.74001 -0.299196</i>
                        <i>-0.558161 0.471948 -0.682438 0.74339 -0.0808842 -0.663949 -0.368548 -0.877908 -0.305695 1.69809 2.74462 -0.299743</i>
                        <i>-0.559927 0.462237 -0.687618 0.751582 -0.065934 -0.656336 -0.34872 -0.884302 -0.310491 1.68655 2.74802 -0.301097</i>
                        <i>-0.561505 0.453122 -0.692382 0.757595 -0.0550241 -0.650402 -0.332809 -0.889749 -0.312386 1.67805 2.7499 -0.302752</i>
                        <i>-0.562465 0.447713 -0.695116 0.760478 -0.0498292 -0.647448 -0.324508 -0.892788 -0.312449 1.67469 2.75003 -0.304078</i>
                        <i>-0.562764 0.446212 -0.695839 0.76083 -0.0494914 -0.647062 -0.323165 -0.893558 -0.311639 1.67491 2.74941 -0.304711</i>
                        <i>-0.562538 0.446685 -0.695718 0.759263 -0.0539336 -0.648546 -0.327218 -0.893064 -0.308812 1.67575 2.74915 -0.304785</i>
                        <i>-0.561947 0.448273 -0.695174 0.755745 -0.0633968 -0.65179 -0.336252 -0.891646 -0.303155 1.67715 2.749 -0.304597</i>
                        <i>-0.56115 0.450526 -0.694361 0.75099 -0.0756063 -0.65597 -0.34803 -0.889556 -0.295914 1.679 2.74883 -0.304281</i>
                        <i>-0.560319 0.452982 -0.693433 0.745789 -0.0882978 -0.660305 -0.360335 -0.887136 -0.288354 1.6812 2.74852 -0.303957</i>
                        <i>-0.559654 0.45517 -0.692537 0.741059 -0.0992068 -0.66407 -0.370969 -0.88486 -0.281787 1.68363 2.74794 -0.303726</i>
                        <i>-0.559368 0.456622 -0.691812 0.737832 -0.106082 -0.666596 -0.377772 -0.883314 -0.277571 1.68616 2.74699 -0.303677</i>
                        <i>-0.559455 0.457199 -0.69136 0.735674 -0.110347 -0.668287 -0.38183 -0.882492 -0.274615 1.68876 2.74562 -0.303878</i>
                        <i>-0.559724 0.457251 -0.691108 0.73345 -0.11481 -0.669977 -0.385694 -0.881896 -0.271109 1.69146 2.74395 -0.304286</i>
                        <i>-0.560099 0.457061 -0.69093 0.731183 -0.119325 -0.671665 -0.389437 -0.881395 -0.267362 1.69422 2.74208 -0.304832</i>
                        <i>-0.560506 0.45689 -0.690713 0.728905 -0.123727 -0.673342 -0.393103 -0.880876 -0.26368 1.69704 2.7401 -0.305441</i>
                        <i>-0.560876 0.456964 -0.690364 0.726674 -0.127826 -0.674985 -0.39669 -0.880253 -0.260369 1.69992 2.73811 -0.306027</i>
                        <i>-0.561144 0.457471 -0.68981 0.724567 -0.131403 -0.676562 -0.40015 -0.879462 -0.257733 1.70286 2.73622 -0.306496</i>
                        <i>-0.561251 0.45857 -0.688992 0.722679 -0.134222 -0.678026 -0.4034 -0.878464 -0.256067 1.70587 2.73455 -0.306747</i>
                        <i>-0.561144 0.460405 -0.687856 0.721109 -0.136047 -0.679332 -0.406349 -0.877222 -0.25566 1.70898 2.73319 -0.306676</i>
                        <i>-0.560832 0.462885 -0.686444 0.719867 -0.136927 -0.680472 -0.408973 -0.875779 -0.256423 1.71215 2.73215 -0.306295</i>
                        <i>-0.560385 0.465739 -0.684876 0.718875 -0.137154 -0.681474 -0.411323 -0.874229 -0.257949 1.7153 2.73135 -0.305719</i>
                        <i>-0.559831 0.46885 -0.683205 0.718095 -0.136876 -0.682352 -0.413435 -0.872608 -0.260052 1.71836 2.73075 -0.304999</i>
                        <i>-0.559196 0.472103 -0.681482 0.717488 -0.136235 -0.683119 -0.415344 -0.870953 -0.262546 1.72128 2.73031 -0.304188</i>
                        <i>-0.558513 0.475381 -0.679762 0.717015 -0.135365 -0.683787 -0.417075 -0.869304 -0.265252 1.72399 2.73001 -0.303336</i>
                        <i>-0.557817 0.478558 -0.678103 0.716649 -0.134386 -0.684365 -0.418635 -0.867711 -0.267995 1.72643 2.72982 -0.302494</i>
                        <i>-0.557146 0.481498 -0.676571 0.716365 -0.133401 -0.684854 -0.420011 -0.866235 -0.270605 1.72856 2.72972 -0.301709</i>
                        <i>-0.556543 0.484056 -0.67524 0.716153 -0.132503 -0.685251 -0.421171 -0.864947 -0.272915 1.7303 2.72968 -0.301026</i>
                        <i>-0.556056 0.486079 -0.674188 0.716004 -0.131769 -0.685548 -0.422067 -0.863924 -0.274764 1.73161 2.72968 -0.300487</i>
                        <i>-0.555729 0.487408 -0.673497 0.715917 -0.131273 -0.685734 -0.422644 -0.86325 -0.275991 1.73243 2.7297 -0.300134</i>
                        <i>-0.555611 0.487885 -0.673249 0.715889 -0.13109 -0.685798 -0.422847 -0.863008 -0.276437 1.73272 2.72971 -0.300007</i>
                        <i>-0.553238 0.493128 -0.671381 0.715911 -0.130612 -0.685866 -0.42591 -0.860096 -0.280777 1.73315 2.73015 -0.299392</i>
                        <i>-0.547496 0.505585 -0.666807 0.71593 -0.12954 -0.686049 -0.433234 -0.852997 -0.29104 1.73419 2.73119 -0.29793</i>
                        <i>-0.540492 0.520361 -0.66113 0.715891 -0.128383 -0.686307 -0.442005 -0.844241 -0.303132 1.73542 2.73238 -0.296196</i>
                        <i>-0.534497 0.532658 -0.656192 0.715805 -0.127511 -0.68656 -0.449373 -0.83667 -0.313125 1.73645 2.73334 -0.294752</i>
                        <i>-0.531949 0.537791 -0.654072 0.715754 -0.127171 -0.686676 -0.452467 -0.833431 -0.317278 1.73688 2.73373 -0.294149</i>
                        <i>-0.53577 0.530074 -0.657246 0.715827 -0.127687 -0.686504 -0.44782 -0.838283 -0.31103 1.73624 2.73314 -0.295056</i>
                        <i>-0.544015 0.512986 -0.663998 0.715919 -0.128945 -0.686173 -0.437616 -0.848657 -0.297108 1.73481 2.73179 -0.297062</i>
                        <i>-0.552038 0.495758 -0.670431 0.715919 -0.130378 -0.685902 -0.427451 -0.858618 -0.282949 1.73337 2.73037 -0.299083</i>
                        <i>-0.555611 0.487885 -0.673249 0.715889 -0.13109 -0.685798 -0.422847 -0.863008 -0.276437 1.73272 2.72971 -0.300007</i>
                        <i>-0.57721 0.541038 -0.611642 0.658675 -0.134255 -0.740353 -0.482675 -0.830213 -0.278875 1.72931 2.76173 -0.312985</i>
                        <i>-0.587782 0.620675 -0.518916 0.566565 -0.142065 -0.811678 -0.577509 -0.77109 -0.26815 1.72578 2.81039 -0.334748</i>
                        <i>-0.572344 0.710659 -0.409129 0.445223 -0.149673 -0.882822 -0.688621 -0.687432 -0.230737 1.72183 2.86831 -0.363175</i>
                        <i>-0.526315 0.795333 -0.300728 0.305432 -0.153233 -0.939804 -0.793539 -0.586485 -0.162272 1.71658 2.92858 -0.395182</i>
                        <i>-0.459771 0.862853 -0.20999 0.162886 -0.150513 -0.975097 -0.872971 -0.482526 -0.0713452 1.70903 2.98477 -0.426309</i>
                        <i>-0.394243 0.907767 -0.143289 0.0355077 -0.140755 -0.989408 -0.91832 -0.395154 0.023259 1.69866 3.03064 -0.450914</i>
                        <i>-0.35464 0.930195 -0.0946961 -0.0598006 -0.123637 -0.990524 -0.933089 -0.345616 0.0994727 1.68568 3.05986 -0.462795</i>
                        <i>-0.35672 0.932916 -0.0491765 -0.122997 -0.0990816 -0.987449 -0.926079 -0.346194 0.15009 1.66908 3.07208 -0.453025</i>
                        <i>-0.39257 0.919712 0.00423045 -0.167698 -0.067056 -0.983555 -0.904304 -0.386824 0.180558 1.64955 3.07317 -0.422703</i>
                        <i>-0.448626 0.891226 0.0667118 -0.199419 -0.0270614 -0.979541 -0.871187 -0.452751 0.189868 1.63013 3.06588 -0.381052</i>
                        <i>-0.511693 0.848677 0.13386 -0.222765 0.0194218 -0.974679 -0.829787 -0.528555 0.179117 1.61369 3.05309 -0.337668</i>
                        <i>-0.570598 0.797007 0.197985 -0.240706 0.068184 -0.9682 -0.785162 -0.600109 0.152939 1.60305 3.03783 -0.302403</i>
                        <i>-0.617169 0.745833 0.25067 -0.25422 0.112482 -0.960583 -0.74463 -0.656568 0.120185 1.61095 3.02331 -0.27828</i>
                        <i>-0.646049 0.708223 0.284679 -0.262572 0.143994 -0.954108 -0.716713 -0.691149 0.0929324 1.63285 3.01291 -0.262761</i>
                        <i>-0.652792 0.697989 0.294405 -0.264445 0.154219 -0.95199 -0.709882 -0.699305 0.0839071 1.64564 3.01011 -0.257451</i>
                    </KeyFrames>
                </p>
            </i>
            <i>
                <p>
                    <Name><![CDATA[spine2]]></Name>
                    <Exclude>0</Exclude>
                    <Additive>0</Additive>
                    <IKPriority>0</IKPriority>
                    <IKRotLimits>-1e+010 -1e+010 -1e+010 1e+010 1e+010 1e+010</IKRotLimits>
                    <IKRotLimitOrder>0</IKRotLimitOrder>
                    <KeyFrames count="80">
                        <i>-0.846777 0.392213 0.359356 -0.315777 0.173018 -0.932925 -0.42808 -0.903457 -0.0226555 1.53644 3.12646 -0.208287</i>
                        <i>-0.863321 0.428975 0.265815 -0.214706 0.164458 -0.962733 -0.456703 -0.88822 -0.0498761 1.54116 3.16039 -0.221612</i>
                        <i>-0.877572 0.464607 0.118354 -0.044437 0.166974 -0.984959 -0.477381 -0.869632 -0.125886 1.54702 3.22852 -0.232357</i>
                        <i>-0.864572 0.502014 -0.0223066 0.125786 0.173225 -0.976817 -0.486511 -0.847334 -0.212912 1.55614 3.29879 -0.237631</i>
                        <i>-0.839616 0.534159 -0.0985849 0.224054 0.175241 -0.958692 -0.494817 -0.827022 -0.266816 1.56403 3.33825 -0.238902</i>
                        <i>-0.836213 0.539609 -0.0978206 0.224834 0.174638 -0.958619 -0.500197 -0.823604 -0.267357 1.56462 3.33741 -0.238993</i>
                        <i>-0.826785 0.554314 -0.0957262 0.22694 0.172978 -0.958424 -0.514709 -0.814135 -0.268811 1.5662 3.33516 -0.239242</i>
                        <i>-0.812379 0.575732 -0.0925862 0.230012 0.170472 -0.958141 -0.535849 -0.79967 -0.270913 1.5685 3.33183 -0.239611</i>
                        <i>-0.794076 0.601313 -0.0886883 0.233689 0.167335 -0.957804 -0.5611 -0.781295 -0.273397 1.57125 3.32778 -0.240063</i>
                        <i>-0.773157 0.628581 -0.0843414 0.237618 0.163803 -0.957448 -0.588018 -0.760299 -0.276008 1.57419 3.32338 -0.240559</i>
                        <i>-0.751211 0.65521 -0.0798864 0.241467 0.160152 -0.957103 -0.614309 -0.738276 -0.278519 1.57706 3.31898 -0.241059</i>
                        <i>-0.730153 0.679078 -0.0756985 0.244927 0.156692 -0.956796 -0.637878 -0.717148 -0.280733 1.57966 3.31493 -0.241522</i>
                        <i>-0.71218 0.698276 -0.0721831 0.247718 0.153768 -0.956552 -0.656838 -0.699118 -0.282486 1.58176 3.31161 -0.241906</i>
                        <i>-0.699665 0.711057 -0.0697638 0.24958 0.151748 -0.95639 -0.669461 -0.686565 -0.283638 1.58317 3.30936 -0.242167</i>
                        <i>-0.69499 0.715714 -0.0688657 0.25026 0.150996 -0.956332 -0.674061 -0.681875 -0.284055 1.58368 3.30853 -0.242264</i>
                        <i>-0.736185 0.658625 -0.155709 0.326851 0.144538 -0.933958 -0.592622 -0.738459 -0.321679 1.58504 3.26611 -0.257971</i>
                        <i>-0.784001 0.539072 -0.307804 0.445685 0.143665 -0.883587 -0.432096 -0.829916 -0.35289 1.58602 3.19968 -0.285729</i>
                        <i>-0.787669 0.39353 -0.474038 0.56483 0.153959 -0.810718 -0.24606 -0.906328 -0.343546 1.58935 3.11709 -0.322237</i>
                        <i>-0.748805 0.268696 -0.605883 0.655926 0.169198 -0.735618 -0.0951429 -0.948248 -0.302941 1.59724 3.02847 -0.360129</i>
                        <i>-0.705609 0.207861 -0.677429 0.708272 0.177717 -0.683204 -0.0216207 -0.961879 -0.272621 1.60861 2.94719 -0.388698</i>
                        <i>-0.67717 0.193871 -0.709827 0.735826 0.179192 -0.653031 0.000590855 -0.964523 -0.263999 1.6195 2.88162 -0.407002</i>
                        <i>-0.656554 0.183935 -0.731508 0.754112 0.180455 -0.631467 0.0158551 -0.966232 -0.257186 1.62725 2.83609 -0.419765</i>
                        <i>-0.648655 0.18017 -0.73945 0.760778 0.18098 -0.623268 0.0215316 -0.966843 -0.254463 1.6302 2.81904 -0.424555</i>
                        <i>-0.647652 0.170732 -0.742562 0.761239 0.186682 -0.621019 0.0325949 -0.967471 -0.250872 1.62699 2.82057 -0.424589</i>
                        <i>-0.644651 0.148995 -0.749817 0.76217 0.201401 -0.615251 0.0593445 -0.968111 -0.243392 1.61861 2.8242 -0.42487</i>
                        <i>-0.639959 0.124801 -0.758206 0.762863 0.221527 -0.607426 0.0921562 -0.967135 -0.236974 1.60699 2.82842 -0.425656</i>
                        <i>-0.63506 0.107818 -0.764901 0.762833 0.243401 -0.599034 0.121591 -0.963915 -0.236822 1.59421 2.83177 -0.427159</i>
                        <i>-0.632034 0.103875 -0.767948 0.762005 0.263619 -0.591485 0.141005 -0.959018 -0.245769 1.58249 2.83326 -0.429336</i>
