<?xml version="1.0" encoding="ISO-8859-1" ?>
<Animl Version="1">
    <ModellingPackage><![CDATA[Maya.2010]]></ModellingPackage>
    <SrcFile><![CDATA[anims\turrets\mortar\blue\~src\mortar_m120\mortar_m120_idle_crewman_a.mb]]></SrcFile>
    <FramesPerSecond>30</FramesPerSecond>
    <TotalFrames>120</TotalFrames>
    <Skeleton>
        <RefFrame>
            <Name><![CDATA[soldier_ref_frame]]></Name>
            <Exclude>0</Exclude>
            <Additive>0</Additive>
            <IKPriority>0</IKPriority>
            <IKRotLimits>-1e+010 -1e+010 -1e+010 1e+010 1e+010 1e+010</IKRotLimits>
            <IKRotLimitOrder>0</IKRotLimitOrder>
            <KeyFrames count="120">
                <i>1 0 0 0 1 0 0 0 1 1.26 0.92 0.93</i>
                <i>1 0 0 0 1 0 0 0 1 1.26 0.92 0.93</i>
                <i>1 0 0 0 1 0 0 0 1 1.26 0.92 0.93</i>
                <i>1 0 0 0 1 0 0 0 1 1.26 0.92 0.93</i>
                <i>1 0 0 0 1 0 0 0 1 1.26 0.92 0.93</i>
                <i>1 0 0 0 1 0 0 0 1 1.26 0.92 0.93</i>
                <i>1 0 0 0 1 0 0 0 1 1.26 0.92 0.93</i>
                <i>1 0 0 0 1 0 0 0 1 1.26 0.92 0.93</i>
                <i>1 0 0 0 1 0 0 0 1 1.26 0.92 0.93</i>
                <i>1 0 0 0 1 0 0 0 1 1.26 0.92 0.93</i>
                <i>1 0 0 0 1 0 0 0 1 1.26 0.92 0.93</i>
                <i>1 0 0 0 1 0 0 0 1 1.26 0.92 0.93</i>
                <i>1 0 0 0 1 0 0 0 1 1.26 0.92 0.93</i>
                <i>1 0 0 0 1 0 0 0 1 1.26 0.92 0.93</i>
                <i>1 0 0 0 1 0 0 0 1 1.26 0.92 0.93</i>
                <i>1 0 0 0 1 0 0 0 1 1.26 0.92 0.93</i>
                <i>1 0 0 0 1 0 0 0 1 1.26 0.92 0.93</i>
                <i>1 0 0 0 1 0 0 0 1 1.26 0.92 0.93</i>
                <i>1 0 0 0 1 0 0 0 1 1.26 0.92 0.93</i>
                <i>1 0 0 0 1 0 0 0 1 1.26 0.92 0.93</i>
                <i>1 0 0 0 1 0 0 0 1 1.26 0.92 0.93</i>
                <i>1 0 0 0 1 0 0 0 1 1.26 0.92 0.93</i>
                <i>1 0 0 0 1 0 0 0 1 1.26 0.92 0.93</i>
                <i>1 0 0 0 1 0 0 0 1 1.26 0.92 0.93</i>
                <i>1 0 0 0 1 0 0 0 1 1.26 0.92 0.93</i>
                <i>1 0 0 0 1 0 0 0 1 1.26 0.92 0.93</i>
                <i>1 0 0 0 1 0 0 0 1 1.26 0.92 0.93</i>
                <i>1 0 0 0 1 0 0 0 1 1.26 0.92 0.93</i>
                <i>1 0 0 0 1 0 0 0 1 1.26 0.92 0.93</i>
                <i>1 0 0 0 1 0 0 0 1 1.26 0.92 0.93</i>
                <i>1 0 0 0 1 0 0 0 1 1.26 0.92 0.93</i>
                <i>1 0 0 0 1 0 0 0 1 1.26 0.92 0.93</i>
                <i>1 0 0 0 1 0 0 0 1 1.26 0.92 0.93</i>
                <i>1 0 0 0 1 0 0 0 1 1.26 0.92 0.93</i>
                <i>1 0 0 0 1 0 0 0 1 1.26 0.92 0.93</i>
                <i>1 0 0 0 1 0 0 0 1 1.26 0.92 0.93</i>
                <i>1 0 0 0 1 0 0 0 1 1.26 0.92 0.93</i>
                <i>1 0 0 0 1 0 0 0 1 1.26 0.92 0.93</i>
                <i>1 0 0 0 1 0 0 0 1 1.26 0.92 0.93</i>
                <i>1 0 0 0 1 0 0 0 1 1.26 0.92 0.93</i>
                <i>1 0 0 0 1 0 0 0 1 1.26 0.92 0.93</i>
                <i>1 0 0 0 1 0 0 0 1 1.26 0.92 0.93</i>
                <i>1 0 0 0 1 0 0 0 1 1.26 0.92 0.93</i>
                <i>1 0 0 0 1 0 0 0 1 1.26 0.92 0.93</i>
                <i>1 0 0 0 1 0 0 0 1 1.26 0.92 0.93</i>
                <i>1 0 0 0 1 0 0 0 1 1.26 0.92 0.93</i>
                <i>1 0 0 0 1 0 0 0 1 1.26 0.92 0.93</i>
                <i>1 0 0 0 1 0 0 0 1 1.26 0.92 0.93</i>
                <i>1 0 0 0 1 0 0 0 1 1.26 0.92 0.93</i>
                <i>1 0 0 0 1 0 0 0 1 1.26 0.92 0.93</i>
                <i>1 0 0 0 1 0 0 0 1 1.26 0.92 0.93</i>
                <i>1 0 0 0 1 0 0 0 1 1.26 0.92 0.93</i>
                <i>1 0 0 0 1 0 0 0 1 1.26 0.92 0.93</i>
                <i>1 0 0 0 1 0 0 0 1 1.26 0.92 0.93</i>
                <i>1 0 0 0 1 0 0 0 1 1.26 0.92 0.93</i>
                <i>1 0 0 0 1 0 0 0 1 1.26 0.92 0.93</i>
                <i>1 0 0 0 1 0 0 0 1 1.26 0.92 0.93</i>
                <i>1 0 0 0 1 0 0 0 1 1.26 0.92 0.93</i>
                <i>1 0 0 0 1 0 0 0 1 1.26 0.92 0.93</i>
                <i>1 0 0 0 1 0 0 0 1 1.26 0.92 0.93</i>
                <i>1 0 0 0 1 0 0 0 1 1.26 0.92 0.93</i>
                <i>1 0 0 0 1 0 0 0 1 1.26 0.92 0.93</i>
                <i>1 0 0 0 1 0 0 0 1 1.26 0.92 0.93</i>
                <i>1 0 0 0 1 0 0 0 1 1.26 0.92 0.93</i>
                <i>1 0 0 0 1 0 0 0 1 1.26 0.92 0.93</i>
                <i>1 0 0 0 1 0 0 0 1 1.26 0.92 0.93</i>
                <i>1 0 0 0 1 0 0 0 1 1.26 0.92 0.93</i>
                <i>1 0 0 0 1 0 0 0 1 1.26 0.92 0.93</i>
                <i>1 0 0 0 1 0 0 0 1 1.26 0.92 0.93</i>
                <i>1 0 0 0 1 0 0 0 1 1.26 0.92 0.93</i>
                <i>1 0 0 0 1 0 0 0 1 1.26 0.92 0.93</i>
                <i>1 0 0 0 1 0 0 0 1 1.26 0.92 0.93</i>
                <i>1 0 0 0 1 0 0 0 1 1.26 0.92 0.93</i>
                <i>1 0 0 0 1 0 0 0 1 1.26 0.92 0.93</i>
                <i>1 0 0 0 1 0 0 0 1 1.26 0.92 0.93</i>
                <i>1 0 0 0 1 0 0 0 1 1.26 0.92 0.93</i>
                <i>1 0 0 0 1 0 0 0 1 1.26 0.92 0.93</i>
                <i>1 0 0 0 1 0 0 0 1 1.26 0.92 0.93</i>
                <i>1 0 0 0 1 0 0 0 1 1.26 0.92 0.93</i>
                <i>1 0 0 0 1 0 0 0 1 1.26 0.92 0.93</i>
                <i>1 0 0 0 1 0 0 0 1 1.26 0.92 0.93</i>
                <i>1 0 0 0 1 0 0 0 1 1.26 0.92 0.93</i>
                <i>1 0 0 0 1 0 0 0 1 1.26 0.92 0.93</i>
                <i>1 0 0 0 1 0 0 0 1 1.26 0.92 0.93</i>
                <i>1 0 0 0 1 0 0 0 1 1.26 0.92 0.93</i>
                <i>1 0 0 0 1 0 0 0 1 1.26 0.92 0.93</i>
                <i>1 0 0 0 1 0 0 0 1 1.26 0.92 0.93</i>
                <i>1 0 0 0 1 0 0 0 1 1.26 0.92 0.93</i>
                <i>1 0 0 0 1 0 0 0 1 1.26 0.92 0.93</i>
                <i>1 0 0 0 1 0 0 0 1 1.26 0.92 0.93</i>
                <i>1 0 0 0 1 0 0 0 1 1.26 0.92 0.93</i>
                <i>1 0 0 0 1 0 0 0 1 1.26 0.92 0.93</i>
                <i>1 0 0 0 1 0 0 0 1 1.26 0.92 0.93</i>
                <i>1 0 0 0 1 0 0 0 1 1.26 0.92 0.93</i>
                <i>1 0 0 0 1 0 0 0 1 1.26 0.92 0.93</i>
                <i>1 0 0 0 1 0 0 0 1 1.26 0.92 0.93</i>
                <i>1 0 0 0 1 0 0 0 1 1.26 0.92 0.93</i>
                <i>1 0 0 0 1 0 0 0 1 1.26 0.92 0.93</i>
                <i>1 0 0 0 1 0 0 0 1 1.26 0.92 0.93</i>
                <i>1 0 0 0 1 0 0 0 1 1.26 0.92 0.93</i>
                <i>1 0 0 0 1 0 0 0 1 1.26 0.92 0.93</i>
                <i>1 0 0 0 1 0 0 0 1 1.26 0.92 0.93</i>
                <i>1 0 0 0 1 0 0 0 1 1.26 0.92 0.93</i>
                <i>1 0 0 0 1 0 0 0 1 1.26 0.92 0.93</i>
                <i>1 0 0 0 1 0 0 0 1 1.26 0.92 0.93</i>
                <i>1 0 0 0 1 0 0 0 1 1.26 0.92 0.93</i>
                <i>1 0 0 0 1 0 0 0 1 1.26 0.92 0.93</i>
                <i>1 0 0 0 1 0 0 0 1 1.26 0.92 0.93</i>
                <i>1 0 0 0 1 0 0 0 1 1.26 0.92 0.93</i>
                <i>1 0 0 0 1 0 0 0 1 1.26 0.92 0.93</i>
                <i>1 0 0 0 1 0 0 0 1 1.26 0.92 0.93</i>
                <i>1 0 0 0 1 0 0 0 1 1.26 0.92 0.93</i>
                <i>1 0 0 0 1 0 0 0 1 1.26 0.92 0.93</i>
                <i>1 0 0 0 1 0 0 0 1 1.26 0.92 0.93</i>
                <i>1 0 0 0 1 0 0 0 1 1.26 0.92 0.93</i>
                <i>1 0 0 0 1 0 0 0 1 1.26 0.92 0.93</i>
                <i>1 0 0 0 1 0 0 0 1 1.26 0.92 0.93</i>
                <i>1 0 0 0 1 0 0 0 1 1.26 0.92 0.93</i>
                <i>1 0 0 0 1 0 0 0 1 1.26 0.92 0.93</i>
                <i>1 0 0 0 1 0 0 0 1 1.26 0.92 0.93</i>
            </KeyFrames>
        </RefFrame>
        <Bones count="23">
            <i>
                <p>
                    <Name><![CDATA[pelvis]]></Name>
                    <Exclude>0</Exclude>
                    <Additive>0</Additive>
                    <IKPriority>0</IKPriority>
                    <IKRotLimits>-1e+010 -1e+010 -1e+010 1e+010 1e+010 1e+010</IKRotLimits>
                    <IKRotLimitOrder>2</IKRotLimitOrder>
                    <KeyFrames count="120">
                        <i>1 0 0 0 1 0 0 0 1 1.43437 2.03119 0.749326</i>
                        <i>1 0 0 0 1 0 0 0 1 1.43437 2.03112 0.749326</i>
                        <i>1 0 0 0 1 0 0 0 1 1.43437 2.03093 0.749326</i>
                        <i>1 0 0 0 1 0 0 0 1 1.43437 2.0306 0.749326</i>
                        <i>1 0 0 0 1 0 0 0 1 1.43437 2.03017 0.749326</i>
                        <i>1 0 0 0 1 0 0 0 1 1.43437 2.02963 0.749326</i>
                        <i>1 0 0 0 1 0 0 0 1 1.43437 2.02899 0.749326</i>
                        <i>1 0 0 0 1 0 0 0 1 1.43437 2.02827 0.749326</i>
                        <i>1 0 0 0 1 0 0 0 1 1.43437 2.02748 0.749326</i>
                        <i>1 0 0 0 1 0 0 0 1 1.43437 2.02662 0.749326</i>
                        <i>1 0 0 0 1 0 0 0 1 1.43437 2.0257 0.749326</i>
                        <i>1 0 0 0 1 0 0 0 1 1.43437 2.02474 0.749326</i>
                        <i>1 0 0 0 1 0 0 0 1 1.43437 2.02374 0.749326</i>
                        <i>1 0 0 0 1 0 0 0 1 1.43437 2.02271 0.749326</i>
                        <i>1 0 0 0 1 0 0 0 1 1.43437 2.02166 0.749326</i>
                        <i>1 0 0 0 1 0 0 0 1 1.43437 2.0206 0.749326</i>
                        <i>1 0 0 0 1 0 0 0 1 1.43437 2.01955 0.749326</i>
                        <i>1 0 0 0 1 0 0 0 1 1.43437 2.01851 0.749326</i>
                        <i>1 0 0 0 1 0 0 0 1 1.43437 2.01748 0.749326</i>
                        <i>1 0 0 0 1 0 0 0 1 1.43437 2.01649 0.749326</i>
                        <i>1 0 0 0 1 0 0 0 1 1.43437 2.01553 0.749326</i>
                        <i>1 0 0 0 1 0 0 0 1 1.43437 2.01462 0.749326</i>
                        <i>1 0 0 0 1 0 0 0 1 1.43437 2.01377 0.749326</i>
                        <i>1 0 0 0 1 0 0 0 1 1.43437 2.01299 0.749326</i>
                        <i>1 0 0 0 1 0 0 0 1 1.43437 2.01228 0.749326</i>
                        <i>1 0 0 0 1 0 0 0 1 1.43437 2.01167 0.749326</i>
                        <i>1 0 0 0 1 0 0 0 1 1.43437 2.01114 0.749326</i>
                        <i>1 0 0 0 1 0 0 0 1 1.43437 2.01073 0.749326</i>
                        <i>1 0 0 0 1 0 0 0 1 1.43437 2.01043 0.749326</i>
                        <i>1 0 0 0 1 0 0 0 1 1.43437 2.01025 0.749326</i>
                        <i>1 0 0 0 1 0 0 0 1 1.43437 2.01016 0.749326</i>
                        <i>1 0 0 0 1 0 0 0 1 1.43437 2.01014 0.749326</i>
                        <i>1 0 0 0 1 0 0 0 1 1.43437 2.01017 0.749326</i>
                        <i>1 0 0 0 1 0 0 0 1 1.43437 2.01028 0.749326</i>
                        <i>1 0 0 0 1 0 0 0 1 1.43437 2.01046 0.749326</i>
                        <i>1 0 0 0 1 0 0 0 1 1.43437 2.01072 0.749326</i>
                        <i>1 0 0 0 1 0 0 0 1 1.43437 2.01106 0.749326</i>
                        <i>1 0 0 0 1 0 0 0 1 1.43437 2.01149 0.749326</i>
                        <i>1 0 0 0 1 0 0 0 1 1.43437 2.01202 0.749326</i>
                        <i>1 0 0 0 1 0 0 0 1 1.43437 2.01265 0.749326</i>
                        <i>1 0 0 0 1 0 0 0 1 1.43437 2.01339 0.749326</i>
                        <i>1 0 0 0 1 0 0 0 1 1.43437 2.01424 0.749326</i>
                        <i>1 0 0 0 1 0 0 0 1 1.43437 2.01521 0.749326</i>
                        <i>1 0 0 0 1 0 0 0 1 1.43437 2.0163 0.749326</i>
                        <i>1 0 0 0 1 0 0 0 1 1.43437 2.01751 0.749326</i>
                        <i>1 0 0 0 1 0 0 0 1 1.43437 2.01887 0.749326</i>
                        <i>1 0 0 0 1 0 0 0 1 1.43437 2.02036 0.749326</i>
                        <i>1 0 0 0 1 0 0 0 1 1.43437 2.022 0.749326</i>
                        <i>1 0 0 0 1 0 0 0 1 1.43437 2.02379 0.749326</i>
                        <i>1 0 0 0 1 0 0 0 1 1.43437 2.02573 0.749326</i>
                        <i>1 0 0 0 1 0 0 0 1 1.43437 2.0306 0.749326</i>
                        <i>1 0 0 0 1 0 0 0 1 1.43437 2.03929 0.749326</i>
                        <i>1 0 0 0 1 0 0 0 1 1.43437 2.04908 0.749326</i>
                        <i>1 0 0 0 1 0 0 0 1 1.43437 2.05718 0.749326</i>
                        <i>1 0 0 0 1 0 0 0 1 1.43437 2.06086 0.749326</i>
                        <i>1 0 0 0 1 0 0 0 1 1.43437 2.05819 0.749326</i>
                        <i>1 0 0 0 1 0 0 0 1 1.43437 2.05101 0.749326</i>
                        <i>1 0 0 0 1 0 0 0 1 1.43437 2.04219 0.749326</i>
                        <i>1 0 0 0 1 0 0 0 1 1.43437 2.03463 0.749326</i>
                        <i>1 0 0 0 1 0 0 0 1 1.43437 2.03119 0.749326</i>
                        <i>1 0 0 0 1 0 0 0 1 1.43437 2.0309 0.749326</i>
                        <i>1 0 0 0 1 0 0 0 1 1.43437 2.03082 0.749326</i>
                        <i>1 0 0 0 1 0 0 0 1 1.43437 2.03093 0.749326</i>
                        <i>1 0 0 0 1 0 0 0 1 1.43437 2.03123 0.749326</i>
                        <i>1 0 0 0 1 0 0 0 1 1.43437 2.03169 0.749326</i>
                        <i>1 0 0 0 1 0 0 0 1 1.43437 2.0323 0.749326</i>
                        <i>1 0 0 0 1 0 0 0 1 1.43437 2.03304 0.749326</i>
                        <i>1 0 0 0 1 0 0 0 1 1.43437 2.03388 0.749326</i>
                        <i>1 0 0 0 1 0 0 0 1 1.43437 2.03482 0.749326</i>
                        <i>1 0 0 0 1 0 0 0 1 1.43437 2.03584 0.749326</i>
                        <i>1 0 0 0 1 0 0 0 1 1.43437 2.03692 0.749326</i>
                        <i>1 0 0 0 1 0 0 0 1 1.43437 2.03804 0.749326</i>
                        <i>1 0 0 0 1 0 0 0 1 1.43437 2.03919 0.749326</i>
                        <i>1 0 0 0 1 0 0 0 1 1.43437 2.04034 0.749326</i>
                        <i>1 0 0 0 1 0 0 0 1 1.43437 2.04148 0.749326</i>
                        <i>1 0 0 0 1 0 0 0 1 1.43437 2.0426 0.749326</i>
                        <i>1 0 0 0 1 0 0 0 1 1.43437 2.04367 0.749326</i>
                        <i>1 0 0 0 1 0 0 0 1 1.43437 2.04468 0.749326</i>
                        <i>1 0 0 0 1 0 0 0 1 1.43437 2.04562 0.749326</i>
                        <i>1 0 0 0 1 0 0 0 1 1.43437 2.04645 0.749326</i>
                        <i>1 0 0 0 1 0 0 0 1 1.43437 2.04718 0.749326</i>
                        <i>1 0 0 0 1 0 0 0 1 1.43437 2.04777 0.749326</i>
                        <i>1 0 0 0 1 0 0 0 1 1.43437 2.04821 0.749326</i>
                        <i>1 0 0 0 1 0 0 0 1 1.43437 2.04849 0.749326</i>
                        <i>1 0 0 0 1 0 0 0 1 1.43437 2.04859 0.749326</i>
                        <i>1 0 0 0 1 0 0 0 1 1.43437 2.04851 0.749326</i>
                        <i>1 0 0 0 1 0 0 0 1 1.43437 2.04827 0.749326</i>
                        <i>1 0 0 0 1 0 0 0 1 1.43437 2.0479 0.749326</i>
                        <i>1 0 0 0 1 0 0 0 1 1.43437 2.04739 0.749326</i>
                        <i>1 0 0 0 1 0 0 0 1 1.43437 2.04678 0.749326</i>
                        <i>1 0 0 0 1 0 0 0 1 1.43437 2.04606 0.749326</i>
                        <i>1 0 0 0 1 0 0 0 1 1.43437 2.04526 0.749326</i>
                        <i>1 0 0 0 1 0 0 0 1 1.43437 2.04438 0.749326</i>
                        <i>1 0 0 0 1 0 0 0 1 1.43437 2.04344 0.749326</i>
                        <i>1 0 0 0 1 0 0 0 1 1.43437 2.04246 0.749326</i>
                        <i>1 0 0 0 1 0 0 0 1 1.43437 2.04144 0.749326</i>
                        <i>1 0 0 0 1 0 0 0 1 1.43437 2.0404 0.749326</i>
                        <i>1 0 0 0 1 0 0 0 1 1.43437 2.03936 0.749326</i>
                        <i>1 0 0 0 1 0 0 0 1 1.43437 2.03832 0.749326</i>
                        <i>1 0 0 0 1 0 0 0 1 1.43437 2.03731 0.749326</i>
                        <i>1 0 0 0 1 0 0 0 1 1.43437 2.03632 0.749326</i>
                        <i>1 0 0 0 1 0 0 0 1 1.43437 2.03539 0.749326</i>
                        <i>1 0 0 0 1 0 0 0 1 1.43437 2.03451 0.749326</i>
                        <i>1 0 0 0 1 0 0 0 1 1.43437 2.03371 0.749326</i>
                        <i>1 0 0 0 1 0 0 0 1 1.43437 2.03299 0.749326</i>
                        <i>1 0 0 0 1 0 0 0 1 1.43437 2.03238 0.749326</i>
                        <i>1 0 0 0 1 0 0 0 1 1.43437 2.03188 0.749326</i>
                        <i>1 0 0 0 1 0 0 0 1 1.43437 2.0315 0.749326</i>
                        <i>1 0 0 0 1 0 0 0 1 1.43437 2.03127 0.749326</i>
                        <i>1 0 0 0 1 0 0 0 1 1.43437 2.03119 0.749326</i>
                        <i>1 0 0 0 1 0 0 0 1 1.43437 2.03301 0.749326</i>
                        <i>1 0 0 0 1 0 0 0 1 1.43437 2.03735 0.749326</i>
                        <i>1 0 0 0 1 0 0 0 1 1.43437 2.04252 0.749326</i>
                        <i>1 0 0 0 1 0 0 0 1 1.43437 2.04686 0.749326</i>
                        <i>1 0 0 0 1 0 0 0 1 1.43437 2.04867 0.749326</i>
                        <i>1 0 0 0 1 0 0 0 1 1.43437 2.04685 0.749326</i>
                        <i>1 0 0 0 1 0 0 0 1 1.43437 2.04252 0.749326</i>
                        <i>1 0 0 0 1 0 0 0 1 1.43437 2.03734 0.749326</i>
                        <i>1 0 0 0 1 0 0 0 1 1.43437 2.03301 0.749326</i>
                        <i>1 0 0 0 1 0 0 0 1 1.43437 2.03119 0.749326</i>
                    </KeyFrames>
                </p>
            </i>
            <i>
                <p>
                    <Name><![CDATA[spine0]]></Name>
                    <Exclude>0</Exclude>
                    <Additive>0</Additive>
                    <IKPriority>0</IKPriority>
                    <IKRotLimits>-1e+010 -1e+010 -1e+010 1e+010 1e+010 1e+010</IKRotLimits>
                    <IKRotLimitOrder>0</IKRotLimitOrder>
                    <KeyFrames count="120">
                        <i>0.0752946 0.997161 -0.000880658 0.025345 -0.00279665 -0.999675 -0.996839 0.0752478 -0.0254836 1.49195 2.16293 0.754424</i>
                        <i>0.0742548 0.997238 -0.00137822 0.0253105 -0.00326622 -0.999674 -0.996918 0.0741957 -0.0254832 1.49195 2.16286 0.754424</i>
                        <i>0.0732063 0.997315 -0.00187928 0.0252758 -0.00373905 -0.999674 -0.996996 0.0731349 -0.0254817 1.49195 2.16266 0.754424</i>
                        <i>0.0721594 0.99739 -0.00237891 0.0252412 -0.00421051 -0.999673 -0.997074 0.0720757 -0.0254791 1.49195 2.16234 0.754424</i>
                        <i>0.0711245 0.997463 -0.0028722 0.025207 -0.00467595 -0.999671 -0.997149 0.0710287 -0.0254756 1.49195 2.1619 0.754424</i>
                        <i>0.0701119 0.997534 -0.00335423 0.0251736 -0.00513074 -0.99967 -0.997221 0.0700043 -0.0254712 1.49195 2.16136 0.754424</i>
                        <i>0.0691321 0.9976 -0.00382006 0.0251413 -0.00557023 -0.999668 -0.997291 0.0690131 -0.025466 1.49195 2.16073 0.754424</i>
                        <i>0.0681956 0.997663 -0.0042648 0.0251104 -0.0059898 -0.999667 -0.997356 0.0680658 -0.0254602 1.49195 2.16001 0.754424</i>
                        <i>0.0673129 0.997721 -0.00468352 0.0250814 -0.0063848 -0.999665 -0.997417 0.0671729 -0.025454 1.49195 2.15921 0.754424</i>
                        <i>0.0664945 0.997774 -0.00507131 0.0250545 -0.00675062 -0.999663 -0.997472 0.066345 -0.0254476 1.49195 2.15835 0.754424</i>
                        <i>0.065751 0.997821 -0.00542329 0.0250301 -0.00708264 -0.999662 -0.997522 0.065593 -0.0254412 1.49195 2.15744 0.754424</i>
                        <i>0.0650929 0.997863 -0.00573453 0.0250085 -0.00737622 -0.99966 -0.997566 0.0649274 -0.0254352 1.49195 2.15647 0.754424</i>
                        <i>0.0645309 0.997898 -0.00600016 0.0249901 -0.00762678 -0.999659 -0.997603 0.0643589 -0.0254297 1.49195 2.15547 0.754424</i>
                        <i>0.0640755 0.997926 -0.00621527 0.0249751 -0.00782968 -0.999657 -0.997633 0.0638983 -0.025425 1.49195 2.15444 0.754424</i>
                        <i>0.0637372 0.997946 -0.00637498 0.0249641 -0.00798032 -0.999656 -0.997654 0.0635562 -0.0254214 1.49195 2.1534 0.754424</i>
                        <i>0.0635266 0.997959 -0.0064744 0.0249572 -0.00807409 -0.999656 -0.997668 0.0633431 -0.0254191 1.49195 2.15234 0.754424</i>
                        <i>0.063454 0.997964 -0.00650863 0.0249548 -0.00810637 -0.999656 -0.997673 0.0632698 -0.0254183 1.49195 2.15129 0.754424</i>
                        <i>0.0635389 0.997958 -0.00646859 0.0249576 -0.00806861 -0.999656 -0.997667 0.0633556 -0.0254193 1.49195 2.15024 0.754424</i>
                        <i>0.0637845 0.997943 -0.00635267 0.0249656 -0.00795928 -0.999657 -0.997651 0.063604 -0.0254219 1.49195 2.14922 0.754424</i>
                        <i>0.0641774 0.997919 -0.00616715 0.0249785 -0.00778429 -0.999658 -0.997626 0.0640014 -0.0254261 1.49195 2.14822 0.754424</i>
                        <i>0.0647041 0.997887 -0.00591831 0.0249957 -0.00754958 -0.999659 -0.997591 0.0645342 -0.0254314 1.49195 2.14727 0.754424</i>
                        <i>0.0653512 0.997847 -0.00561243 0.025017 -0.00726105 -0.999661 -0.997549 0.0651886 -0.0254376 1.49195 2.14636 0.754424</i>
                        <i>0.0661049 0.997799 -0.00525578 0.0250417 -0.00692463 -0.999662 -0.997498 0.065951 -0.0254443 1.49195 2.14551 0.754424</i>
                        <i>0.0669518 0.997744 -0.00485466 0.0250695 -0.00654624 -0.999664 -0.997441 0.0668076 -0.0254512 1.49195 2.14473 0.754424</i>
                        <i>0.0678783 0.997684 -0.00441535 0.0251 -0.00613182 -0.999666 -0.997378 0.0677448 -0.0254581 1.49195 2.14402 0.754424</i>
                        <i>0.0688709 0.997618 -0.00394415 0.0251327 -0.0056873 -0.999668 -0.997309 0.0687489 -0.0254645 1.49195 2.1434 0.754424</i>
                        <i>0.0699161 0.997547 -0.00344737 0.0251671 -0.00521862 -0.99967 -0.997235 0.0698062 -0.0254702 1.49195 2.14288 0.754424</i>
                        <i>0.0710004 0.997472 -0.00293132 0.0252029 -0.00473173 -0.999671 -0.997158 0.0709031 -0.0254751 1.49195 2.14246 0.754424</i>
                        <i>0.0721104 0.997394 -0.0024023 0.0252395 -0.00423258 -0.999672 -0.997077 0.0720261 -0.025479 1.49195 2.14216 0.754424</i>
                        <i>0.0732327 0.997313 -0.00186664 0.0252767 -0.00372713 -0.999674 -0.996994 0.0731616 -0.0254817 1.49195 2.14199 0.754424</i>
                        <i>0.0743542 0.997231 -0.00133065 0.0253138 -0.00322133 -0.999674 -0.996911 0.0742963 -0.0254832 1.49195 2.1419 0.754424</i>
                        <i>0.0754617 0.997148 -0.000800643 0.0253506 -0.00272114 -0.999675 -0.996826 0.0754169 -0.0254836 1.49195 2.14187 0.754424</i>
                        <i>0.076542 0.997066 -0.000282925 0.0253864 -0.00223251 -0.999675 -0.996743 0.0765099 -0.0254828 1.49195 2.14191 0.754424</i>
                        <i>0.0775821 0.996986 0.0002162 0.025421 -0.00176139 -0.999675 -0.996662 0.0775624 -0.025481 1.49195 2.14201 0.754424</i>
                        <i>0.078569 0.996908 0.00069044 0.0254539 -0.00131373 -0.999675 -0.996584 0.0785611 -0.0254784 1.49195 2.14219 0.754424</i>
                        <i>0.0794901 0.996835 0.00113351 0.0254846 -0.000895458 -0.999675 -0.99651 0.0794931 -0.0254751 1.49195 2.14245 0.754424</i>
                        <i>0.0803323 0.996767 0.00153915 0.0255127 -0.000512503 -0.999674 -0.996442 0.0803454 -0.0254713 1.49195 2.14279 0.754424</i>
                        <i>0.081083 0.996706 0.00190107 0.0255377 -0.000170791 -0.999674 -0.99638 0.0811051 -0.0254674 1.49195 2.14323 0.754424</i>
                        <i>0.0817295 0.996652 0.00221303 0.0255593 0.000123766 -0.999673 -0.996327 0.0817594 -0.0254636 1.49195 2.14376 0.754424</i>
                        <i>0.0822591 0.996608 0.00246877 0.025577 0.000365254 -0.999673 -0.996283 0.0822954 -0.0254602 1.49195 2.14439 0.754424</i>
                        <i>0.0826676 0.996574 0.0026661 0.0255907 0.000551599 -0.999672 -0.996249 0.0827087 -0.0254574 1.49195 2.14512 0.754424</i>
                        <i>0.0829708 0.996548 0.00281271 0.0256009 0.000690046 -0.999672 -0.996223 0.0830156 -0.0254552 1.49195 2.14597 0.754424</i>
                        <i>0.0831765 0.996531 0.00291217 0.0256077 0.000783971 -0.999672 -0.996206 0.0832238 -0.0254537 1.49195 2.14694 0.754424</i>
                        <i>0.0832921 0.996521 0.00296804 0.0256116 0.000836737 -0.999672 -0.996196 0.0833407 -0.0254528 1.49195 2.14803 0.754424</i>
                        <i>0.0833248 0.996518 0.0029839 0.0256127 0.000851714 -0.999672 -0.996193 0.0833739 -0.0254526 1.49195 2.14925 0.754424</i>
                        <i>0.0832823 0.996522 0.00296331 0.0256113 0.000832263 -0.999672 -0.996197 0.0833308 -0.0254529 1.49195 2.1506 0.754424</i>
                        <i>0.0831716 0.996531 0.00290981 0.0256076 0.000781741 -0.999672 -0.996206 0.0832189 -0.0254537 1.49195 2.1521 0.754424</i>
                        <i>0.0830003 0.996545 0.00282697 0.0256018 0.000703512 -0.999672 -0.996221 0.0830455 -0.025455 1.49195 2.15374 0.754424</i>
                        <i>0.0827756 0.996565 0.00271834 0.0255943 0.000600929 -0.999672 -0.996239 0.0828181 -0.0254567 1.49195 2.15552 0.754424</i>
                        <i>0.0825049 0.996587 0.00258748 0.0255853 0.000477355 -0.999673 -0.996262 0.082544 -0.0254586 1.49195 2.15747 0.754424</i>
                        <i>0.0821815 0.996614 0.00243121 0.0255744 0.000329784 -0.999673 -0.996289 0.0822168 -0.0254608 1.49195 2.16233 0.754424</i>
                        <i>0.0817927 0.996647 0.00223508 0.0255608 0.000144148 -0.999673 -0.996322 0.0818231 -0.0254633 1.49195 2.17103 0.754424</i>
                        <i>0.0813374 0.996685 0.0019905 0.0255438 -8.81087e-005 -0.999674 -0.996359 0.0813617 -0.0254663 1.49195 2.18081 0.754424</i>
                        <i>0.0808222 0.996727 0.00170151 0.0255236 -0.000363112 -0.999674 -0.996402 0.0808393 -0.0254694 1.49195 2.18892 0.754424</i>
                        <i>0.0802594 0.996773 0.00138771 0.0255017 -0.000661628 -0.999675 -0.996448 0.0802686 -0.0254725 1.49195 2.1926 0.754424</i>
                        <i>0.079386 0.996844 0.000932191 0.02547 -0.00109353 -0.999675 -0.996518 0.0793839 -0.0254764 1.49195 2.18993 0.754424</i>
                        <i>0.0781299 0.996943 0.000321768 0.0254277 -0.00167011 -0.999675 -0.996619 0.0781127 -0.0254805 1.49195 2.18274 0.754424</i>
                        <i>0.0767991 0.997047 -0.00027238 0.0253867 -0.00222855 -0.999675 -0.996723 0.0767672 -0.0254829 1.49195 2.17393 0.754424</i>
                        <i>0.0757323 0.997128 -0.00071065 0.0253566 -0.00263831 -0.999675 -0.996806 0.0756897 -0.0254836 1.49195 2.16636 0.754424</i>
                        <i>0.0752946 0.997161 -0.000880658 0.025345 -0.00279665 -0.999675 -0.996839 0.0752478 -0.0254836 1.49195 2.16293 0.754424</i>
                        <i>0.075584 0.997139 -0.000742378 0.0253546 -0.00266617 -0.999675 -0.996817 0.0755407 -0.0254836 1.49195 2.16263 0.754424</i>
                        <i>0.0763977 0.997077 -0.000353516 0.0253815 -0.00229921 -0.999675 -0.996754 0.0763639 -0.025483 1.49195 2.16255 0.754424</i>
                        <i>0.0776529 0.99698 0.000246929 0.0254231 -0.00173256 -0.999675 -0.996656 0.077634 -0.0254809 1.49195 2.16267 0.754424</i>
                        <i>0.079267 0.996853 0.00101993 0.0254767 -0.00100302 -0.999675 -0.996528 0.0792672 -0.025476 1.49195 2.16297 0.754424</i>
                        <i>0.0811572 0.996699 0.00192641 0.0255394 -0.000147411 -0.999674 -0.996374 0.0811799 -0.0254671 1.49195 2.16343 0.754424</i>
                        <i>0.083241 0.996525 0.00292732 0.0256087 0.000797438 -0.999672 -0.9962 0.0832886 -0.0254534 1.49195 2.16404 0.754424</i>
                        <i>0.0854365 0.996336 0.00398363 0.0256819 0.00179472 -0.999669 -0.996013 0.0855105 -0.0254344 1.49195 2.16477 0.754424</i>
                        <i>0.0876626 0.996137 0.00505637 0.0257561 0.00280767 -0.999664 -0.995817 0.0877634 -0.0254105 1.49195 2.16562 0.754424</i>
                        <i>0.0898387 0.995938 0.00610665 0.0258288 0.00379958 -0.999659 -0.995621 0.0899658 -0.0253825 1.49195 2.16656 0.754424</i>
                        <i>0.0918855 0.995744 0.00709572 0.0258972 0.00473382 -0.999653 -0.995433 0.0920374 -0.025352 1.49195 2.16758 0.754424</i>
                        <i>0.093724 0.995566 0.00798493 0.0259587 0.00557388 -0.999647 -0.99526 0.0938983 -0.0253212 1.49195 2.16866 0.754424</i>
                        <i>0.0952762 0.995413 0.00873578 0.0260106 0.00628328 -0.999642 -0.995111 0.0954693 -0.0252927 1.49195 2.16978 0.754424</i>
                        <i>0.0964641 0.995293 0.0093098 0.0260503 0.00682563 -0.999637 -0.994996 0.0966716 -0.0252693 1.49195 2.17092 0.754424</i>
                        <i>0.0972098 0.995217 0.00966853 0.0260751 0.0071645 -0.999634 -0.994922 0.0974264 -0.0252539 1.49195 2.17208 0.754424</i>
                        <i>0.0974348 0.995194 0.00977344 0.0260824 0.00726343 -0.999633 -0.9949 0.097654 -0.0252493 1.49195 2.17322 0.754424</i>
                        <i>0.0972032 0.995218 0.00965619 0.0260742 0.00715236 -0.999634 -0.994923 0.0974195 -0.0252543 1.49195 2.17434 0.754424</i>
                        <i>0.0966457 0.995275 0.00938111 0.0260552 0.00689214 -0.999637 -0.994978 0.096855 -0.025266 1.49195 2.17541 0.754424</i>
                        <i>0.0957821 0.995362 0.0089585 0.026026 0.00649257 -0.99964 -0.995062 0.0959808 -0.0252834 1.49195 2.17642 0.754424</i>
                        <i>0.0946156 0.995479 0.0083908 0.0259867 0.005956 -0.999645 -0.995175 0.0948 -0.0253057 1.49195 2.17735 0.754424</i>
                        <i>0.0931616 0.995621 0.0076862 0.0259379 0.00529025 -0.99965 -0.995313 0.0933283 -0.0253315 1.49195 2.17819 0.754424</i>
                        <i>0.091459 0.995785 0.00686364 0.025881 0.00451324 -0.999655 -0.995472 0.0916051 -0.0253592 1.49195 2.17891 0.754424</i>
                        <i>0.0895468 0.995965 0.0059421 0.0258173 0.00364292 -0.99966 -0.995648 0.0896697 -0.0253869 1.49195 2.1795 0.754424</i>
                        <i>0.0874641 0.996155 0.00494057 0.025748 0.00269725 -0.999665 -0.995835 0.087562 -0.0254131 1.49195 2.17995 0.754424</i>
                        <i>0.0852505 0.996352 0.0038781 0.0256745 0.00169423 -0.999669 -0.996029 0.0853219 -0.0254364 1.49195 2.18023 0.754424</i>
                        <i>0.0829456 0.99655 0.00277375 0.0255981 0.000651839 -0.999672 -0.996225 0.0829894 -0.0254557 1.49195 2.18033 0.754424</i>
                        <i>0.0805894 0.996746 0.00164663 0.02552 -0.000411892 -0.999674 -0.996421 0.0806051 -0.0254702 1.49195 2.18024 0.754424</i>
                        <i>0.0782219 0.996936 0.000515854 0.0254417 -0.00147895 -0.999675 -0.996611 0.0782096 -0.0254795 1.49195 2.18001 0.754424</i>
                        <i>0.0758835 0.997117 -0.000599406 0.0253645 -0.00253126 -0.999675 -0.996794 0.0758437 -0.0254834 1.49195 2.17963 0.754424</i>
                        <i>0.073615 0.997285 -0.00168 0.0252896 -0.00355078 -0.999674 -0.996966 0.0735485 -0.0254824 1.49195 2.17913 0.754424</i>
                        <i>0.0714569 0.99744 -0.00270674 0.0252185 -0.00451945 -0.999672 -0.997125 0.0713652 -0.0254769 1.49195 2.17851 0.754424</i>
                        <i>0.0694502 0.997579 -0.00366045 0.0251524 -0.00541919 -0.999669 -0.997268 0.0693351 -0.0254678 1.49195 2.1778 0.754424</i>
                        <i>0.0676358 0.9977 -0.00452194 0.0250926 -0.00623193 -0.999666 -0.997395 0.0674997 -0.0254564 1.49195 2.17699 0.754424</i>
                        <i>0.0660548 0.997802 -0.00527204 0.0250406 -0.00693957 -0.999662 -0.997502 0.0659005 -0.0254439 1.49195 2.17612 0.754424</i>
                        <i>0.0647481 0.997884 -0.00589157 0.0249976 -0.00752402 -0.999659 -0.997589 0.0645788 -0.0254319 1.49195 2.17518 0.754424</i>
                        <i>0.0637568 0.997945 -0.00636132 0.024965 -0.0079672 -0.999657 -0.997653 0.0635761 -0.0254217 1.49195 2.17419 0.754424</i>
                        <i>0.0630803 0.997986 -0.00668175 0.0249428 -0.00826949 -0.999655 -0.997697 0.0628919 -0.0254142 1.49195 2.17318 0.754424</i>
                        <i>0.0626897 0.998009 -0.00686673 0.0249299 -0.00844401 -0.999654 -0.997722 0.0624968 -0.0254097 1.49195 2.17214 0.754424</i>
                        <i>0.0625829 0.998016 -0.00691731 0.0249264 -0.00849173 -0.999653 -0.997728 0.0623887 -0.0254084 1.49195 2.1711 0.754424</i>
                        <i>0.062771 0.998005 -0.00682823 0.0249326 -0.00840768 -0.999654 -0.997716 0.062579 -0.0254106 1.49195 2.17006 0.754424</i>
                        <i>0.0632418 0.997976 -0.00660526 0.0249481 -0.00819733 -0.999655 -0.997686 0.0630552 -0.025416 1.49195 2.16904 0.754424</i>
                        <i>0.0639582 0.997933 -0.00626601 0.0249716 -0.00787729 -0.999657 -0.99764 0.0637798 -0.0254238 1.49195 2.16806 0.754424</i>
                        <i>0.064883 0.997876 -0.00582807 0.025002 -0.00746414 -0.99966 -0.99758 0.0647152 -0.0254332 1.49195 2.16712 0.754424</i>
                        <i>0.0659786 0.997807 -0.00530905 0.025038 -0.00697452 -0.999662 -0.997507 0.0658234 -0.0254433 1.49195 2.16625 0.754424</i>
                        <i>0.0672079 0.997728 -0.00472653 0.0250784 -0.00642501 -0.999665 -0.997424 0.0670668 -0.0254533 1.49195 2.16544 0.754424</i>
                        <i>0.0685334 0.99764 -0.00409807 0.025122 -0.00583217 -0.999667 -0.997332 0.0684077 -0.0254624 1.49195 2.16473 0.754424</i>
                        <i>0.0699178 0.997547 -0.00344123 0.0251675 -0.00521254 -0.99967 -0.997235 0.0698081 -0.0254703 1.49195 2.16411 0.754424</i>
                        <i>0.0713236 0.997449 -0.00277355 0.0252138 -0.00458266 -0.999672 -0.997135 0.0712303 -0.0254764 1.49195 2.16361 0.754424</i>
                        <i>0.0727133 0.997351 -0.00211254 0.0252596 -0.00395905 -0.999673 -0.997033 0.0726362 -0.0254806 1.49195 2.16324 0.754424</i>
                        <i>0.0740495 0.997253 -0.00147573 0.0253038 -0.00335821 -0.999674 -0.996934 0.073988 -0.0254829 1.49195 2.16301 0.754424</i>
                        <i>0.0752946 0.997161 -0.000880658 0.025345 -0.00279665 -0.999675 -0.996839 0.0752478 -0.0254836 1.49195 2.16293 0.754424</i>
                        <i>0.0763467 0.997081 -0.000376536 0.0253799 -0.00232086 -0.999675 -0.996758 0.0763124 -0.0254831 1.49195 2.16475 0.754424</i>
                        <i>0.0771367 0.997021 2.40827e-006 0.0254062 -0.00196319 -0.999675 -0.996697 0.0771117 -0.0254819 1.49195 2.16908 0.754424</i>
                        <i>0.0776756 0.996979 0.000261136 0.0254241 -0.00171898 -0.999675 -0.996654 0.0776571 -0.0254808 1.49195 2.17426 0.754424</i>
                        <i>0.0779743 0.996955 0.000404586 0.0254341 -0.00158357 -0.999675 -0.996631 0.0779592 -0.0254801 1.49195 2.17859 0.754424</i>
                        <i>0.0780432 0.99695 0.000437688 0.0254364 -0.00155232 -0.999675 -0.996625 0.078029 -0.0254799 1.49195 2.18041 0.754424</i>
                        <i>0.0778926 0.996962 0.000365351 0.0254313 -0.0016206 -0.999675 -0.996637 0.0778766 -0.0254803 1.49195 2.17859 0.754424</i>
                        <i>0.0775326 0.99699 0.000192467 0.0254194 -0.00178379 -0.999675 -0.996666 0.0775124 -0.0254811 1.49195 2.17425 0.754424</i>
                        <i>0.0769732 0.997033 -7.60795e-005 0.0254008 -0.00203728 -0.999675 -0.99671 0.0769462 -0.0254822 1.49195 2.16908 0.754424</i>
                        <i>0.0762239 0.997091 -0.00043541 0.0253759 -0.00237643 -0.999675 -0.996768 0.0761881 -0.0254832 1.49195 2.16474 0.754424</i>
                        <i>0.0752946 0.997161 -0.000880658 0.025345 -0.00279665 -0.999675 -0.996839 0.0752478 -0.0254836 1.49195 2.16293 0.754424</i>
                    </KeyFrames>
                </p>
            </i>
            <i>
                <p>
                    <Name><![CDATA[spine1]]></Name>
                    <Exclude>0</Exclude>
                    <Additive>0</Additive>
                    <IKPriority>0</IKPriority>
                    <IKRotLimits>-1e+010 -1e+010 -1e+010 1e+010 1e+010 1e+010</IKRotLimits>
                    <IKRotLimitOrder>0</IKRotLimitOrder>
                    <KeyFrames count="120">
                        <i>-0.0301156 0.999437 -0.0148214 0.222139 -0.00776515 -0.974984 -0.97455 -0.0326546 -0.22178 1.50502 2.33585 0.754272</i>
                        <i>-0.0305749 0.999419 -0.015036 0.221937 -0.00787944 -0.975029 -0.974581 -0.0331484 -0.221568 1.50484 2.33577 0.754185</i>
                        <i>-0.0310367 0.999402 -0.015252 0.221732 -0.00799477 -0.975075 -0.974613 -0.033645 -0.221352 1.50466 2.33557 0.754098</i>
                        <i>-0.0314967 0.999384 -0.0154672 0.221526 -0.00811002 -0.975121 -0.974646 -0.0341395 -0.221134 1.50447 2.33524 0.754012</i>
                        <i>-0.0319503 0.999366 -0.0156795 0.221321 -0.00822406 -0.975166 -0.974678 -0.034627 -0.220918 1.50429 2.33479 0.753926</i>
                        <i>-0.032393 0.999349 -0.0158868 0.221118 -0.00833574 -0.975211 -0.974709 -0.0351029 -0.220704 1.50412 2.33425 0.753843</i>
                        <i>-0.0328204 0.999332 -0.0160871 0.220921 -0.00844392 -0.975255 -0.974739 -0.0355622 -0.220497 1.50395 2.33361 0.753762</i>
                        <i>-0.033228 0.999315 -0.0162782 0.220732 -0.00854743 -0.975297 -0.974768 -0.0360003 -0.220297 1.50378 2.33288 0.753685</i>
                        <i>-0.0336115 0.999299 -0.016458 0.220552 -0.00864509 -0.975337 -0.974796 -0.0364124 -0.220107 1.50363 2.33208 0.753613</i>
                        <i>-0.0339664 0.999285 -0.0166245 0.220384 -0.00873573 -0.975374 -0.974822 -0.0367937 -0.21993 1.50348 2.33122 0.753546</i>
                        <i>-0.0342882 0.999271 -0.0167756 0.220231 -0.00881814 -0.975408 -0.974845 -0.0371395 -0.219768 1.50336 2.3303 0.753485</i>
                        <i>-0.0345727 0.999259 -0.0169092 0.220095 -0.00889116 -0.975438 -0.974866 -0.0374451 -0.219625 1.50324 2.32933 0.753431</i>
                        <i>-0.0348153 0.999249 -0.0170231 0.219978 -0.00895357 -0.975464 -0.974883 -0.0377058 -0.219501 1.50314 2.32832 0.753385</i>
                        <i>-0.0350117 0.99924 -0.0171154 0.219883 -0.00900418 -0.975485 -0.974898 -0.0379168 -0.219401 1.50306 2.32729 0.753348</i>
                        <i>-0.0351575 0.999234 -0.017184 0.219813 -0.0090418 -0.9755 -0.974908 -0.0380734 -0.219327 1.503 2.32624 0.75332</i>
                        <i>-0.0352483 0.99923 -0.0172266 0.219769 -0.00906523 -0.97551 -0.974915 -0.0381709 -0.21928 1.50297 2.32519 0.753303</i>
                        <i>-0.0352795 0.999229 -0.0172413 0.219753 -0.0090733 -0.975513 -0.974917 -0.0382044 -0.219264 1.50295 2.32413 0.753297</i>
                        <i>-0.035243 0.99923 -0.0172241 0.219771 -0.00906386 -0.975509 -0.974915 -0.0381652 -0.219283 1.50297 2.32309 0.753304</i>
                        <i>-0.0351372 0.999235 -0.0171744 0.219823 -0.00903654 -0.975498 -0.974907 -0.0380516 -0.219337 1.50301 2.32207 0.753324</i>
                        <i>-0.0349678 0.999242 -0.0170948 0.219905 -0.00899285 -0.97548 -0.974894 -0.0378696 -0.219424 1.50308 2.32107 0.753356</i>
                        <i>-0.0347406 0.999252 -0.016988 0.220014 -0.00893433 -0.975456 -0.974878 -0.0376255 -0.219539 1.50317 2.32012 0.753399</i>
                        <i>-0.0344611 0.999264 -0.0168568 0.220149 -0.0088625 -0.975426 -0.974857 -0.0373252 -0.219681 1.50329 2.31921 0.753452</i>
                        <i>-0.0341351 0.999278 -0.0167037 0.220304 -0.0087789 -0.975392 -0.974834 -0.036975 -0.219845 1.50342 2.31837 0.753514</i>
                        <i>-0.0337681 0.999293 -0.0165315 0.220478 -0.00868506 -0.975353 -0.974807 -0.0365807 -0.220029 1.50356 2.31759 0.753583</i>
                        <i>-0.033366 0.99931 -0.0163428 0.220667 -0.00858251 -0.975311 -0.974778 -0.0361485 -0.220229 1.50373 2.31689 0.753659</i>
                        <i>-0.0329342 0.999327 -0.0161404 0.220869 -0.00847278 -0.975267 -0.974747 -0.0356845 -0.220441 1.5039 2.31628 0.753741</i>
                        <i>-0.0324785 0.999346 -0.0159269 0.221079 -0.00835736 -0.97522 -0.974715 -0.0351948 -0.220663 1.50408 2.31576 0.753827</i>
                        <i>-0.0320046 0.999364 -0.0157049 0.221296 -0.00823775 -0.975172 -0.974681 -0.0346854 -0.220892 1.50427 2.31535 0.753916</i>
                        <i>-0.0315182 0.999383 -0.0154773 0.221516 -0.00811542 -0.975123 -0.974647 -0.0341626 -0.221124 1.50447 2.31506 0.754008</i>
                        <i>-0.0310251 0.999402 -0.0152465 0.221737 -0.00799186 -0.975074 -0.974613 -0.0336325 -0.221357 1.50466 2.31489 0.754101</i>
