<?xml version="1.0" encoding="ISO-8859-1" ?>
<Animl Version="1">
    <ModellingPackage>
        <![CDATA[Maya.2010]]>
</ModellingPackage>
    <SrcFile>
        <![CDATA[anims\turrets\mortar\blue\~src\mortar_m120\mortar_m120_aim_low_crewman_a.mb]]>
</SrcFile>
    <FramesPerSecond>30</FramesPerSecond>
    <TotalFrames>30</TotalFrames>
    <Skeleton>
        <RefFrame>
            <Name>
                <![CDATA[soldier_ref_frame]]>
</Name>
            <Exclude>0</Exclude>
            <Additive>0</Additive>
            <IKPriority>0</IKPriority>
            <IKRotLimits>-1e+010 -1e+010 -1e+010 1e+010 1e+010 1e+010</IKRotLimits>
            <IKRotLimitOrder>0</IKRotLimitOrder>
            <KeyFrames count="30">
                <i>1 0 0 0 1 0 0 0 1 1.26 0.92 0.93</i>
                <i>1 0 0 0 1 0 0 0 1 1.26 0.92 0.93</i>
                <i>1 0 0 0 1 0 0 0 1 1.26 0.92 0.93</i>
                <i>1 0 0 0 1 0 0 0 1 1.26 0.92 0.93</i>
                <i>1 0 0 0 1 0 0 0 1 1.26 0.92 0.93</i>
                <i>1 0 0 0 1 0 0 0 1 1.26 0.92 0.93</i>
                <i>1 0 0 0 1 0 0 0 1 1.26 0.92 0.93</i>
                <i>1 0 0 0 1 0 0 0 1 1.26 0.92 0.93</i>
                <i>1 0 0 0 1 0 0 0 1 1.26 0.92 0.93</i>
                <i>1 0 0 0 1 0 0 0 1 1.26 0.92 0.93</i>
                <i>1 0 0 0 1 0 0 0 1 1.26 0.92 0.93</i>
                <i>1 0 0 0 1 0 0 0 1 1.26 0.92 0.93</i>
                <i>1 0 0 0 1 0 0 0 1 1.26 0.92 0.93</i>
                <i>1 0 0 0 1 0 0 0 1 1.26 0.92 0.93</i>
                <i>1 0 0 0 1 0 0 0 1 1.26 0.92 0.93</i>
                <i>1 0 0 0 1 0 0 0 1 1.26 0.92 0.93</i>
                <i>1 0 0 0 1 0 0 0 1 1.26 0.92 0.93</i>
                <i>1 0 0 0 1 0 0 0 1 1.26 0.92 0.93</i>
                <i>1 0 0 0 1 0 0 0 1 1.26 0.92 0.93</i>
                <i>1 0 0 0 1 0 0 0 1 1.26 0.92 0.93</i>
                <i>1 0 0 0 1 0 0 0 1 1.26 0.92 0.93</i>
                <i>1 0 0 0 1 0 0 0 1 1.26 0.92 0.93</i>
                <i>1 0 0 0 1 0 0 0 1 1.26 0.92 0.93</i>
                <i>1 0 0 0 1 0 0 0 1 1.26 0.92 0.93</i>
                <i>1 0 0 0 1 0 0 0 1 1.26 0.92 0.93</i>
                <i>1 0 0 0 1 0 0 0 1 1.26 0.92 0.93</i>
                <i>1 0 0 0 1 0 0 0 1 1.26 0.92 0.93</i>
                <i>1 0 0 0 1 0 0 0 1 1.26 0.92 0.93</i>
                <i>1 0 0 0 1 0 0 0 1 1.26 0.92 0.93</i>
                <i>1 0 0 0 1 0 0 0 1 1.26 0.92 0.93</i>
            </KeyFrames>
        </RefFrame>
        <Bones count="23">
            <i>
                <p>
                    <Name>
                        <![CDATA[pelvis]]>
</Name>
                    <Exclude>0</Exclude>
                    <Additive>0</Additive>
                    <IKPriority>0</IKPriority>
                    <IKRotLimits>-1e+010 -1e+010 -1e+010 1e+010 1e+010 1e+010</IKRotLimits>
                    <IKRotLimitOrder>2</IKRotLimitOrder>
                    <KeyFrames count="30">
                        <i>1 0 0 0 1 0 0 0 1 1.17649 2.00814 0.842867</i>
                        <i>1 0 0 0 1 0 0 0 1 1.17649 2.00789 0.842867</i>
                        <i>1 0 0 0 1 0 0 0 1 1.17649 2.00721 0.842867</i>
                        <i>1 0 0 0 1 0 0 0 1 1.17649 2.00617 0.842867</i>
                        <i>1 0 0 0 1 0 0 0 1 1.17649 2.00484 0.842867</i>
                        <i>1 0 0 0 1 0 0 0 1 1.17649 2.00329 0.842867</i>
                        <i>1 0 0 0 1 0 0 0 1 1.17649 2.0016 0.842867</i>
                        <i>1 0 0 0 1 0 0 0 1 1.17649 1.99984 0.842867</i>
                        <i>1 0 0 0 1 0 0 0 1 1.17649 1.99808 0.842867</i>
                        <i>1 0 0 0 1 0 0 0 1 1.17649 1.99639 0.842867</i>
                        <i>1 0 0 0 1 0 0 0 1 1.17649 1.99485 0.842867</i>
                        <i>1 0 0 0 1 0 0 0 1 1.17649 1.99353 0.842867</i>
                        <i>1 0 0 0 1 0 0 0 1 1.17649 1.99249 0.842867</i>
                        <i>1 0 0 0 1 0 0 0 1 1.17649 1.99181 0.842867</i>
                        <i>1 0 0 0 1 0 0 0 1 1.17649 1.99157 0.842867</i>
                        <i>1 0 0 0 1 0 0 0 1 1.17649 1.99178 0.842867</i>
                        <i>1 0 0 0 1 0 0 0 1 1.17649 1.99238 0.842867</i>
                        <i>1 0 0 0 1 0 0 0 1 1.17649 1.9933 0.842867</i>
                        <i>1 0 0 0 1 0 0 0 1 1.17649 1.99448 0.842867</i>
                        <i>1 0 0 0 1 0 0 0 1 1.17649 1.99587 0.842867</i>
                        <i>1 0 0 0 1 0 0 0 1 1.17649 1.9974 0.842867</i>
                        <i>1 0 0 0 1 0 0 0 1 1.17649 1.99903 0.842867</i>
                        <i>1 0 0 0 1 0 0 0 1 1.17649 2.00068 0.842867</i>
                        <i>1 0 0 0 1 0 0 0 1 1.17649 2.00231 0.842867</i>
                        <i>1 0 0 0 1 0 0 0 1 1.17649 2.00384 0.842867</i>
                        <i>1 0 0 0 1 0 0 0 1 1.17649 2.00523 0.842867</i>
                        <i>1 0 0 0 1 0 0 0 1 1.17649 2.00642 0.842867</i>
                        <i>1 0 0 0 1 0 0 0 1 1.17649 2.00733 0.842867</i>
                        <i>1 0 0 0 1 0 0 0 1 1.17649 2.00793 0.842867</i>
                        <i>1 0 0 0 1 0 0 0 1 1.17649 2.00814 0.842867</i>
                    </KeyFrames>
                </p>
            </i>
            <i>
                <p>
                    <Name>
                        <![CDATA[spine0]]>
</Name>
                    <Exclude>0</Exclude>
                    <Additive>0</Additive>
                    <IKPriority>0</IKPriority>
                    <IKRotLimits>-1e+010 -1e+010 -1e+010 1e+010 1e+010 1e+010</IKRotLimits>
                    <IKRotLimitOrder>0</IKRotLimitOrder>
                    <KeyFrames count="30">
                        <i>-0.0482699 0.998832 0.00214778 -0.802102 -0.0374811 -0.596009 -0.595233 -0.030492 0.802975 1.21003 2.14501 0.81391</i>
                        <i>-0.0498067 0.998752 0.00372727 -0.802087 -0.037775 -0.596011 -0.595126 -0.0326749 0.802968 1.21003 2.14476 0.81391</i>
                        <i>-0.0511685 0.998677 0.00513052 -0.802074 -0.0380334 -0.596012 -0.595028 -0.0346121 0.802959 1.21003 2.14408 0.81391</i>
                        <i>-0.0523521 0.998608 0.00635294 -0.802063 -0.0382564 -0.596013 -0.594941 -0.036298 0.80295 1.21003 2.14304 0.81391</i>
                        <i>-0.0533547 0.998548 0.00739048 -0.802053 -0.0384443 -0.596014 -0.594865 -0.0377277 0.80294 1.21003 2.14171 0.81391</i>
                        <i>-0.0541741 0.998497 0.00823965 -0.802045 -0.0385971 -0.596015 -0.594801 -0.0388971 0.802931 1.21003 2.14016 0.81391</i>
                        <i>-0.054808 0.998457 0.00889752 -0.802039 -0.0387149 -0.596015 -0.594751 -0.0398026 0.802924 1.21003 2.13847 0.81391</i>
                        <i>-0.0552549 0.998428 0.00936163 -0.802035 -0.0387976 -0.596016 -0.594716 -0.0404411 0.802918 1.21003 2.13671 0.81391</i>
                        <i>-0.0555131 0.998412 0.00963007 -0.802033 -0.0388454 -0.596016 -0.594695 -0.0408103 0.802915 1.21003 2.13495 0.81391</i>
                        <i>-0.0555817 0.998407 0.00970141 -0.802032 -0.038858 -0.596016 -0.594689 -0.0409084 0.802914 1.21003 2.13326 0.81391</i>
                        <i>-0.0554599 0.998415 0.00957474 -0.802033 -0.0388355 -0.596016 -0.594699 -0.0407342 0.802916 1.21003 2.13172 0.81391</i>
                        <i>-0.0550128 0.998444 0.00911014 -0.802037 -0.0387528 -0.596015 -0.594735 -0.0400951 0.802921 1.21003 2.13039 0.81391</i>
                        <i>-0.0541854 0.998497 0.00825143 -0.802045 -0.0385992 -0.596015 -0.5948 -0.0389133 0.802931 1.21003 2.12936 0.81391</i>
                        <i>-0.0530678 0.998566 0.00709332 -0.802056 -0.0383907 -0.596014 -0.594887 -0.0373183 0.802943 1.21003 2.12868 0.81391</i>
                        <i>-0.0517494 0.998644 0.00573016 -0.802069 -0.038143 -0.596013 -0.594986 -0.0354393 0.802955 1.21003 2.12844 0.81391</i>
                        <i>-0.0503192 0.998724 0.00425502 -0.802082 -0.0378724 -0.596011 -0.59509 -0.0334037 0.802965 1.21003 2.12865 0.81391</i>
                        <i>-0.048865 0.998802 0.00275888 -0.802096 -0.0375952 -0.59601 -0.595192 -0.0313369 0.802972 1.21003 2.12925 0.81391</i>
                        <i>-0.0474728 0.998872 0.00133024 -0.80211 -0.0373277 -0.596009 -0.595286 -0.0293612 0.802977 1.21003 2.13017 0.81391</i>
                        <i>-0.0462273 0.998931 5.51409e-005 -0.802122 -0.0370867 -0.596007 -0.595368 -0.027596 0.802979 1.21003 2.13135 0.81391</i>
                        <i>-0.0452116 0.998977 -0.00098249 -0.802132 -0.036889 -0.596006 -0.595433 -0.0261583 0.802979 1.21003 2.13274 0.81391</i>
                        <i>-0.0445081 0.999008 -0.0017 -0.802139 -0.0367514 -0.596005 -0.595476 -0.0251635 0.802979 1.21003 2.13427 0.81391</i>
                        <i>-0.0440742 0.999026 -0.00214211 -0.802143 -0.0366663 -0.596005 -0.595503 -0.0245502 0.802978 1.21003 2.1359 0.81391</i>
                        <i>-0.0438084 0.999037 -0.00241284 -0.802146 -0.036614 -0.596005 -0.595519 -0.0241745 0.802977 1.21003 2.13755 0.81391</i>
                        <i>-0.0437291 0.99904 -0.00249358 -0.802147 -0.0365984 -0.596004 -0.595524 -0.0240625 0.802977 1.21003 2.13918 0.81391</i>
                        <i>-0.0438552 0.999035 -0.00236516 -0.802145 -0.0366232 -0.596005 -0.595516 -0.0242407 0.802978 1.21003 2.14071 0.81391</i>
                        <i>-0.0442062 0.99902 -0.00200772 -0.802142 -0.0366922 -0.596005 -0.595495 -0.0247366 0.802978 1.21003 2.1421 0.81391</i>
                        <i>-0.0448019 0.998995 -0.00140043 -0.802136 -0.0368089 -0.596006 -0.595458 -0.0255789 0.802979 1.21003 2.14328 0.81391</i>
                        <i>-0.0456632 0.998957 -0.000521302 -0.802128 -0.036977 -0.596007 -0.595404 -0.0267974 0.802979 1.21003 2.1442 0.81391</i>
                        <i>-0.0468117 0.998904 0.000653077 -0.802116 -0.0372 -0.596008 -0.59533 -0.028424 0.802978 1.21003 2.1448 0.81391</i>
                        <i>-0.0482699 0.998832 0.00214778 -0.802102 -0.0374811 -0.596009 -0.595233 -0.030492 0.802975 1.21003 2.14501 0.81391</i>
                    </KeyFrames>
                </p>
            </i>
            <i>
                <p>
                    <Name>
                        <![CDATA[spine1]]>
</Name>
                    <Exclude>0</Exclude>
                    <Additive>0</Additive>
                    <IKPriority>0</IKPriority>
                    <IKRotLimits>-1e+010 -1e+010 -1e+010 1e+010 1e+010 1e+010</IKRotLimits>
                    <IKRotLimitOrder>0</IKRotLimitOrder>
                    <KeyFrames count="30">
                        <i>-0.253151 0.960684 0.114021 -0.757214 -0.123407 -0.641403 -0.602114 -0.24871 0.758684 1.20164 2.31885 0.814271</i>
                        <i>-0.253941 0.960379 0.114833 -0.757576 -0.123681 -0.640922 -0.601326 -0.249751 0.758968 1.20138 2.31849 0.814546</i>
                        <i>-0.254634 0.96011 0.115546 -0.757896 -0.123923 -0.640497 -0.600629 -0.250664 0.759219 1.20114 2.31771 0.81479</i>
                        <i>-0.25523 0.959877 0.11616 -0.758174 -0.124132 -0.640128 -0.600025 -0.25145 0.759436 1.20094 2.31658 0.815003</i>
                        <i>-0.255732 0.959681 0.116678 -0.758409 -0.124309 -0.639815 -0.599514 -0.252111 0.75962 1.20077 2.31518 0.815183</i>
                        <i>-0.256139 0.959521 0.117099 -0.758601 -0.124454 -0.639559 -0.599097 -0.252647 0.759771 1.20063 2.31358 0.81533</i>
                        <i>-0.256453 0.959398 0.117423 -0.758749 -0.124565 -0.639362 -0.598775 -0.25306 0.759887 1.20052 2.31185 0.815444</i>
                        <i>-0.256673 0.959311 0.117651 -0.758853 -0.124644 -0.639222 -0.598549 -0.253351 0.759969 1.20044 2.31005 0.815525</i>
                        <i>-0.2568 0.959261 0.117782 -0.758914 -0.124689 -0.639142 -0.598418 -0.253518 0.760016 1.2004 2.30827 0.815571</i>
                        <i>-0.256833 0.959248 0.117817 -0.75893 -0.124701 -0.639121 -0.598383 -0.253562 0.760029 1.20039 2.30658 0.815584</i>
                        <i>-0.256774 0.959271 0.117755 -0.758901 -0.12468 -0.639159 -0.598445 -0.253483 0.760007 1.20041 2.30505 0.815562</i>
                        <i>-0.256554 0.959358 0.117527 -0.758797 -0.124601 -0.639298 -0.598671 -0.253194 0.759925 1.20049 2.30375 0.815481</i>
                        <i>-0.256145 0.959519 0.117104 -0.758604 -0.124456 -0.639556 -0.599092 -0.252655 0.759773 1.20063 2.30277 0.815332</i>
                        <i>-0.255589 0.959737 0.11653 -0.758342 -0.124259 -0.639904 -0.59966 -0.251922 0.759568 1.20082 2.30218 0.815131</i>
                        <i>-0.254927 0.959995 0.115848 -0.758033 -0.124026 -0.640316 -0.600332 -0.25105 0.759325 1.20104 2.30203 0.814895</i>
                        <i>-0.254202 0.960277 0.115102 -0.757697 -0.123772 -0.640762 -0.601063 -0.250096 0.759062 1.20129 2.30234 0.814638</i>
                        <i>-0.253458 0.960566 0.114336 -0.757354 -0.123514 -0.641217 -0.601808 -0.249114 0.758794 1.20154 2.30304 0.814378</i>
                        <i>-0.252737 0.960843 0.113597 -0.757026 -0.123265 -0.641652 -0.602524 -0.248165 0.758537 1.20177 2.30406 0.814129</i>
                        <i>-0.252086 0.961093 0.112931 -0.756731 -0.123042 -0.642042 -0.603167 -0.247308 0.758306 1.20199 2.30534 0.813906</i>
                        <i>-0.25155 0.961297 0.112383 -0.756491 -0.12286 -0.642361 -0.603692 -0.246603 0.758118 1.20216 2.3068 0.813725</i>
                        <i>-0.251177 0.961439 0.112002 -0.756324 -0.122734 -0.642581 -0.604056 -0.246111 0.757987 1.20228 2.30839 0.8136</i>
                        <i>-0.250946 0.961527 0.111766 -0.756221 -0.122655 -0.642717 -0.604282 -0.245807 0.757907 1.20236 2.31005 0.813523</i>
                        <i>-0.250804 0.961581 0.111621 -0.756158 -0.122607 -0.642801 -0.60442 -0.24562 0.757857 1.2024 2.31172 0.813475</i>
                        <i>-0.250761 0.961597 0.111578 -0.756139 -0.122593 -0.642826 -0.604461 -0.245564 0.757843 1.20242 2.31335 0.813461</i>
                        <i>-0.250829 0.961572 0.111646 -0.756169 -0.122616 -0.642786 -0.604395 -0.245653 0.757866 1.20239 2.31488 0.813484</i>
                        <i>-0.251016 0.961501 0.111838 -0.756252 -0.122679 -0.642676 -0.604213 -0.245899 0.757931 1.20233 2.31624 0.813546</i>
                        <i>-0.251333 0.96138 0.112161 -0.756394 -0.122786 -0.642489 -0.603904 -0.246317 0.758042 1.20223 2.31738 0.813652</i>
                        <i>-0.251789 0.961206 0.112627 -0.756598 -0.122941 -0.642219 -0.603458 -0.246917 0.758202 1.20208 2.31823 0.813806</i>
                        <i>-0.252392 0.960975 0.113244 -0.75687 -0.123147 -0.641859 -0.602865 -0.247711 0.758415 1.20189 2.31874 0.814011</i>
                        <i>-0.253151 0.960684 0.114021 -0.757214 -0.123407 -0.641403 -0.602114 -0.24871 0.758684 1.20164 2.31885 0.814271</i>
                    </KeyFrames>
                </p>
            </i>
            <i>
                <p>
                    <Name>
                        <![CDATA[spine2]]>
</Name>
                    <Exclude>0</Exclude>
                    <Additive>0</Additive>
                    <IKPriority>0</IKPriority>
                    <IKRotLimits>-1e+010 -1e+010 -1e+010 1e+010 1e+010 1e+010</IKRotLimits>
                    <IKRotLimitOrder>0</IKRotLimitOrder>
                    <KeyFrames count="30">
                        <i>-0.36077 0.855933 0.370437 -0.74492 -0.0254528 -0.666668 -0.561195 -0.51646 0.646784 1.16101 2.47268 0.832537</i>
                        <i>-0.35812 0.858284 0.367557 -0.745319 -0.0256815 -0.666213 -0.562361 -0.512531 0.648892 1.16065 2.47219 0.832931</i>
                        <i>-0.355777 0.860344 0.365007 -0.745671 -0.0258813 -0.665811 -0.56338 -0.509056 0.650742 1.16032 2.47129 0.83328</i>
                        <i>-0.353745 0.862117 0.362792 -0.745976 -0.0260528 -0.665463 -0.564255 -0.506038 0.652335 1.16004 2.47007 0.833582</i>
                        <i>-0.352026 0.863607 0.360917 -0.746234 -0.0261967 -0.665168 -0.564989 -0.503485 0.653675 1.15981 2.46858 0.833838</i>
                        <i>-0.350623 0.864816 0.359385 -0.746444 -0.0263132 -0.664928 -0.565583 -0.5014 0.654763 1.15961 2.46691 0.834047</i>
                        <i>-0.349539 0.865746 0.3582 -0.746607 -0.0264028 -0.664742 -0.56604 -0.499787 0.6556 1.15947 2.46513 0.834209</i>
                        <i>-0.348776 0.866398 0.357365 -0.746721 -0.0264655 -0.664611 -0.56636 -0.498652 0.656188 1.15936 2.4633 0.834323</i>
                        <i>-0.348334 0.866775 0.356882 -0.746787 -0.0265017 -0.664535 -0.566544 -0.497995 0.656528 1.1593 2.4615 0.834389</i>
                        <i>-0.348217 0.866875 0.356754 -0.746805 -0.0265113 -0.664515 -0.566593 -0.497821 0.656618 1.15928 2.4598 0.834406</i>
                        <i>-0.348425 0.866697 0.356981 -0.746773 -0.0264943 -0.664551 -0.566506 -0.49813 0.656458 1.15931 2.45827 0.834375</i>
                        <i>-0.349189 0.866045 0.357817 -0.746659 -0.0264315 -0.664682 -0.566186 -0.499267 0.65587 1.15942 2.45702 0.834261</i>
                        <i>-0.350604 0.864832 0.359363 -0.746447 -0.0263148 -0.664924 -0.565591 -0.501371 0.654778 1.15961 2.45611 0.83405</i>
                        <i>-0.352518 0.863182 0.361453 -0.74616 -0.0261556 -0.665252 -0.56478 -0.504216 0.653292 1.15987 2.4556 0.833765</i>
                        <i>-0.354779 0.861217 0.36392 -0.745821 -0.0259657 -0.66564 -0.563811 -0.507574 0.651525 1.16019 2.45557 0.833428</i>
                        <i>-0.357238 0.859062 0.366597 -0.745452 -0.025757 -0.666062 -0.562746 -0.511223 0.649591 1.16052 2.456 0.833062</i>
                        <i>-0.359743 0.856847 0.369322 -0.745074 -0.0255417 -0.666492 -0.561649 -0.514938 0.647603 1.16087 2.45683 0.83269</i>
                        <i>-0.362147 0.854702 0.371932 -0.744712 -0.0253328 -0.666905 -0.560583 -0.5185 0.645681 1.1612 2.45797 0.832332</i>
                        <i>-0.364303 0.852764 0.374269 -0.744387 -0.0251434 -0.667275 -0.559618 -0.521691 0.643946 1.1615 2.45935 0.832012</i>
                        <i>-0.366064 0.851169 0.376177 -0.74412 -0.0249872 -0.667578 -0.558822 -0.524297 0.642519 1.16174 2.46091 0.831751</i>
                        <i>-0.367286 0.850056 0.377499 -0.743935 -0.0248782 -0.667788 -0.558266 -0.526104 0.641524 1.16191 2.46256 0.831569</i>
                        <i>-0.368041 0.849367 0.378315 -0.743821 -0.0248105 -0.667918 -0.557921 -0.52722 0.640908 1.16201 2.46426 0.831457</i>
                        <i>-0.368503 0.848943 0.378815 -0.743751 -0.0247689 -0.667998 -0.557709 -0.527903 0.64053 1.16208 2.46596 0.831389</i>
                        <i>-0.368642 0.848817 0.378964 -0.74373 -0.0247565 -0.668021 -0.557646 -0.528107 0.640417 1.1621 2.46759 0.831368</i>
                        <i>-0.368422 0.849018 0.378727 -0.743763 -0.0247763 -0.667984 -0.557747 -0.527783 0.640597 1.16207 2.46911 0.831401</i>
                        <i>-0.367811 0.849577 0.378067 -0.743856 -0.0248311 -0.667879 -0.558026 -0.52688 0.641096 1.16198 2.47044 0.831491</i>
                        <i>-0.366776 0.850521 0.376947 -0.744013 -0.0249239 -0.667701 -0.558499 -0.525349 0.64194 1.16184 2.47152 0.831645</i>
                        <i>-0.365281 0.851879 0.375329 -0.744239 -0.0250569 -0.667443 -0.559177 -0.523138 0.643155 1.16163 2.4723 0.831867</i>
                        <i>-0.363291 0.853676 0.373172 -0.744539 -0.0252325 -0.667101 -0.560072 -0.520193 0.644762 1.16136 2.47271 0.832162</i>
                        <i>-0.36077 0.855933 0.370437 -0.74492 -0.0254528 -0.666668 -0.561195 -0.51646 0.646784 1.16101 2.47268 0.832537</i>
                    </KeyFrames>
                </p>
            </i>
            <i>
                <p>
                    <Name>
                        <![CDATA[head]]>
</Name>
                    <Exclude>0</Exclude>
                    <Additive>0</Additive>
                    <IKPriority>0</IKPriority>
                    <IKRotLimits>-1e+010 -1e+010 -1e+010 1e+010 1e+010 1e+010</IKRotLimits>
                    <IKRotLimitOrder>0</IKRotLimitOrder>
                    <KeyFrames count="30">
                        <i>-0.065809 0.981955 0.177294 0.201102 0.187085 -0.961539 -0.977357 -0.0276238 -0.209785 1.07862 2.6967 0.932158</i>
                        <i>-0.0637271 0.980669 0.185004 0.200739 0.194188 -0.960206 -0.97757 -0.0240537 -0.209233 1.07919 2.69694 0.931525</i>
                        <i>-0.0619273 0.979444 0.191975 0.20046 0.20063 -0.958939 -0.977743 -0.0209013 -0.208763 1.07969 2.69668 0.930964</i>
                        <i>-0.0603661 0.978344 0.197989 0.20026 0.206188 -0.957801 -0.977881 -0.0181695 -0.20837 1.08013 2.696 0.930477</i>
                        <i>-0.0589996 0.977435 0.202828 0.200135 0.210639 -0.956858 -0.97799 -0.0158612 -0.208046 1.0805 2.69497 0.930063</i>
                        <i>-0.0577834 0.976786 0.206276 0.200082 0.21376 -0.956177 -0.978074 -0.0139789 -0.20779 1.0808 2.69367 0.929726</i>
                        <i>-0.056673 0.976461 0.208115 0.200102 0.21533 -0.95582 -0.978135 -0.0125249 -0.207595 1.08103 2.69217 0.929465</i>
                        <i>-0.0556235 0.976519 0.208128 0.200195 0.215125 -0.955847 -0.978176 -0.0115013 -0.20746 1.0812 2.69054 0.929281</i>
                        <i>-0.0545896 0.977009 0.206093 0.200367 0.212921 -0.956304 -0.978199 -0.01091 -0.207383 1.08129 2.68885 0.929174</i>
                        <i>-0.0534762 0.978017 0.20155 0.200637 0.208247 -0.957276 -0.978205 -0.010753 -0.207363 1.08132 2.68718 0.929146</i>
                        <i>-0.0523132 0.97948 0.194634 0.200996 0.20124 -0.958699 -0.978194 -0.0110319 -0.207399 1.08127 2.68561 0.929196</i>
                        <i>-0.0516627 0.981095 0.186506 0.201361 0.193153 -0.960284 -0.978154 -0.0120557 -0.207533 1.08111 2.68415 0.929381</i>
                        <i>-0.0518428 0.982656 0.178045 0.201698 0.184914 -0.961834 -0.978075 -0.0139529 -0.207786 1.0808 2.68287 0.929721</i>
                        <i>-0.0527235 0.9841 0.169612 0.202026 0.176848 -0.963281 -0.97796 -0.0165214 -0.208138 1.08039 2.68186 0.930182</i>
                        <i>-0.0541741 0.985373 0.161571 0.202357 0.169285 -0.964569 -0.977812 -0.0195596 -0.208568 1.07991 2.68122 0.930725</i>
                        <i>-0.0560637 0.986434 0.154286 0.20269 0.162556 -0.965656 -0.977637 -0.022866 -0.209054 1.07938 2.68099 0.931314</i>
                        <i>-0.0582615 0.987251 0.148123 0.20301 0.156992 -0.966509 -0.977442 -0.0262397 -0.209569 1.07884 2.68113 0.931913</i>
                        <i>-0.0606374 0.987798 0.14345 0.203289 0.152923 -0.967103 -0.977239 -0.0294809 -0.210081 1.07833 2.6816 0.932487</i>
                        <i>-0.0630619 0.988051 0.140632 0.203485 0.150682 -0.967413 -0.977045 -0.0323903 -0.210556 1.07787 2.68238 0.933</i>
                        <i>-0.0654058 0.987984 0.140037 0.203551 0.150596 -0.967413 -0.976877 -0.0347698 -0.210955 1.07749 2.68344 0.933418</i>
                        <i>-0.0672478 0.987774 0.14064 0.203533 0.151576 -0.967264 -0.976756 -0.0364215 -0.211238 1.07723 2.68474 0.933708</i>
                        <i>-0.068489 0.987566 0.141502 0.203488 0.152681 -0.967099 -0.976679 -0.0374419 -0.211415 1.07707 2.68622 0.933887</i>
                        <i>-0.0694762 0.987266 0.143103 0.203383 0.154454 -0.96684 -0.976631 -0.0380677 -0.211524 1.07697 2.68779 0.933997</i>
                        <i>-0.0701683 0.986871 0.14547 0.203214 0.156913 -0.966479 -0.976617 -0.0382545 -0.211557 1.07694 2.68938 0.93403</i>
                        <i>-0.0705243 0.986374 0.148633 0.202981 0.160077 -0.966009 -0.97664 -0.0379575 -0.211505 1.07699 2.69096 0.933978</i>
                        <i>-0.0705028 0.985767 0.152617 0.202685 0.163963 -0.965419 -0.976703 -0.0371315 -0.211361 1.07712 2.69247 0.933833</i>
                        <i>-0.0700623 0.985038 0.15745 0.202334 0.16859 -0.964696 -0.976807 -0.0357313 -0.211119 1.07734 2.69385 0.933587</i>
                        <i>-0.0691609 0.984173 0.163157 0.20194 0.173974 -0.963822 -0.976953 -0.0337109 -0.210776 1.07766 2.69505 0.933232</i>
                        <i>-0.067757 0.983153 0.169763 0.201521 0.180133 -0.962778 -0.977138 -0.031024 -0.210331 1.07808 2.69602 0.932759</i>
                        <i>-0.065809 0.981955 0.177294 0.201102 0.187085 -0.961539 -0.977357 -0.0276238 -0.209785 1.07862 2.6967 0.932158</i>
                    </KeyFrames>
                </p>
            </i>
            <i>
                <p>
                    <Name>
                        <![CDATA[head_prop]]>
</Name>
                    <Exclude>0</Exclude>
                    <Additive>0</Additive>
                    <IKPriority>0</IKPriority>
                    <IKRotLimits>-1e+010 -1e+010 -1e+010 1e+010 1e+010 1e+010</IKRotLimits>
                    <IKRotLimitOrder>0</IKRotLimitOrder>
                    <KeyFrames count="30">
                        <i>0.977357 0.0276238 0.209785 -0.065809 0.981955 0.177294 -0.201102 -0.187085 0.961539 1.05718 3.01673 0.98994</i>
                        <i>0.97757 0.0240537 0.209233 -0.0637271 0.980669 0.185004 -0.200739 -0.194188 0.960206 1.05842 3.01655 0.991819</i>
                        <i>0.977743 0.0209013 0.208763 -0.0619273 0.979444 0.191975 -0.20046 -0.20063 0.958939 1.05951 3.01589 0.99353</i>
                        <i>0.977881 0.0181695 0.20837 -0.0603661 0.978344 0.197989 -0.20026 -0.206188 0.957801 1.06045 3.01485 0.995003</i>
                        <i>0.97799 0.0158612 0.208046 -0.0589996 0.977435 0.202828 -0.200135 -0.210639 0.956858 1.06127 3.01353 0.996167</i>
                        <i>0.978074 0.0139789 0.20779 -0.0577834 0.976786 0.206276 -0.200082 -0.21376 0.956177 1.06197 3.01201 0.996953</i>
                        <i>0.978135 0.0125249 0.207595 -0.056673 0.976461 0.208115 -0.200102 -0.21533 0.95582 1.06256 3.0104 0.997292</i>
                        <i>0.978176 0.0115013 0.20746 -0.0556235 0.976519 0.208128 -0.200195 -0.215125 0.955847 1.06307 3.00879 0.997112</i>
                        <i>0.978199 0.01091 0.207383 -0.0545896 0.977009 0.206093 -0.200367 -0.212921 0.956304 1.0635 3.00727 0.996342</i>
                        <i>0.978205 0.010753 0.207363 -0.0534762 0.978017 0.20155 -0.200637 -0.208247 0.957276 1.06389 3.00593 0.994833</i>
                        <i>0.978194 0.0110319 0.207399 -0.0523132 0.97948 0.194634 -0.200996 -0.20124 0.958699 1.06422 3.00483 0.992629</i>
                        <i>0.978154 0.0120557 0.207533 -0.0516627 0.981095 0.186506 -0.201361 -0.193153 0.960284 1.06427 3.0039 0.990165</i>
                        <i>0.978075 0.0139529 0.207786 -0.0518428 0.982656 0.178045 -0.201698 -0.184914 0.961834 1.06391 3.00313 0.987748</i>
                        <i>0.97796 0.0165214 0.208138 -0.0527235 0.9841 0.169612 -0.202026 -0.176848 0.963281 1.06321 3.00259 0.98546</i>
                        <i>0.977812 0.0195596 0.208568 -0.0541741 0.985373 0.161571 -0.202357 -0.169285 0.964569 1.06225 3.00236 0.983382</i>
                        <i>0.977637 0.022866 0.209054 -0.0560637 0.986434 0.154286 -0.20269 -0.162556 0.965656 1.06111 3.00248 0.981597</i>
                        <i>0.977442 0.0262397 0.209569 -0.0582615 0.987251 0.148123 -0.20301 -0.156992 0.966509 1.05986 3.00288 0.980188</i>
                        <i>0.977239 0.0294809 0.210081 -0.0606374 0.987798 0.14345 -0.203289 -0.152923 0.967103 1.05857 3.00354 0.979238</i>
                        <i>0.977045 0.0323903 0.210556 -0.0630619 0.988051 0.140632 -0.203485 -0.150682 0.967413 1.05732 3.0044 0.978833</i>
                        <i>0.976877 0.0347698 0.210955 -0.0654058 0.987984 0.140037 -0.203551 -0.150596 0.967413 1.05618 3.00543 0.979058</i>
                        <i>0.976756 0.0364215 0.211238 -0.0672478 0.987774 0.14064 -0.203533 -0.151576 0.967264 1.05532 3.00667 0.979544</i>
                        <i>0.976679 0.0374419 0.211415 -0.068489 0.987566 0.141502 -0.203488 -0.152681 0.967099 1.05475 3.00808 0.980004</i>
                        <i>0.976631 0.0380677 0.211524 -0.0694762 0.987266 0.143103 -0.203383 -0.154454 0.96684 1.05433 3.00955 0.980635</i>
                        <i>0.976617 0.0382545 0.211557 -0.0701683 0.986871 0.14547 -0.203214 -0.156913 0.966479 1.05407 3.01101 0.98144</i>
                        <i>0.97664 0.0379575 0.211505 -0.0705243 0.986374 0.148633 -0.202981 -0.160077 0.966009 1.05401 3.01243 0.982418</i>
                        <i>0.976703 0.0371315 0.211361 -0.0705028 0.985767 0.152617 -0.202685 -0.163963 0.965419 1.05414 3.01374 0.983572</i>
                        <i>0.976807 0.0357313 0.211119 -0.0700623 0.985038 0.15745 -0.202334 -0.16859 0.964696 1.05451 3.01488 0.984902</i>
                        <i>0.976953 0.0337109 0.210776 -0.0691609 0.984173 0.163157 -0.20194 -0.173974 0.963822 1.05512 3.0158 0.986407</i>
                        <i>0.977138 0.031024 0.210331 -0.067757 0.983153 0.169763 -0.201521 -0.180133 0.962778 1.056 3.01644 0.988086</i>
                        <i>0.977357 0.0276238 0.209785 -0.065809 0.981955 0.177294 -0.201102 -0.187085 0.961539 1.05718 3.01673 0.98994</i>
                    </KeyFrames>
                </p>
            </i>
            <i>
                <p>
                    <Name>
                        <![CDATA[l_clav]]>
</Name>
                    <Exclude>0</Exclude>
                    <Additive>0</Additive>
                    <IKPriority>0</IKPriority>
                    <IKRotLimits>-1e+010 -1e+010 -1e+010 1e+010 1e+010 1e+010</IKRotLimits>
                    <IKRotLimitOrder>0</IKRotLimitOrder>
                    <KeyFrames count="30">
                        <i>0.434418 0.0430472 0.899682 -0.395175 0.906698 0.14743 -0.809393 -0.419578 0.410897 1.18277 2.50453 0.926092</i>
                        <i>0.435007 0.0461528 0.899244 -0.390665 0.909467 0.142306 -0.811264 -0.413207 0.413654 1.1824 2.50422 0.926536</i>
                        <i>0.435538 0.0488874 0.898842 -0.386679 0.911865 0.137771 -0.812888 -0.407567 0.416056 1.18206 2.5035 0.926929</i>
                        <i>0.436007 0.0512514 0.898483 -0.38322 0.91391 0.133834 -0.814273 -0.402669 0.418112 1.18177 2.50242 0.927269</i>
                        <i>0.43641 0.0532448 0.898171 -0.380295 0.915612 0.130502 -0.815427 -0.398522 0.419831 1.18153 2.50106 0.927556</i>
                        <i>0.436744 0.0548676 0.897911 -0.377908 0.916983 0.127781 -0.816358 -0.395135 0.421221 1.18133 2.4995 0.92779</i>
                        <i>0.437004 0.0561193 0.897707 -0.376063 0.918032 0.125677 -0.817071 -0.392516 0.422288 1.18118 2.49779 0.927971</i>
                        <i>0.437188 0.0569997 0.897562 -0.374763 0.918765 0.124195 -0.817569 -0.39067 0.423034 1.18107 2.49602 0.928098</i>
                        <i>0.437295 0.0575078 0.897477 -0.374012 0.919186 0.123338 -0.817856 -0.389603 0.423464 1.18101 2.49425 0.928172</i>
                        <i>0.437324 0.0576427 0.897455 -0.373813 0.919298 0.123111 -0.817932 -0.389319 0.423578 1.18099 2.49256 0.928192</i>
                        <i>0.437273 0.0574032 0.897495 -0.374167 0.919099 0.123515 -0.817797 -0.389822 0.423376 1.18102 2.49102 0.928157</i>
                        <i>0.437088 0.0565229 0.897641 -0.375467 0.918368 0.124998 -0.8173 -0.39167 0.42263 1.18113 2.48971 0.928029</i>
                        <i>0.436748 0.05489 0.897908 -0.377875 0.917002 0.127744 -0.816371 -0.395088 0.42124 1.18133 2.48869 0.927793</i>
                        <i>0.436295 0.0526751 0.898261 -0.381132 0.915127 0.131456 -0.815099 -0.399709 0.419341 1.1816 2.48805 0.927474</i>
                        <i>0.435767 0.0500492 0.898667 -0.38498 0.912873 0.135838 -0.81357 -0.405163 0.417068 1.18192 2.48785 0.927096</i>
                        <i>0.435205 0.0471839 0.899094 -0.389164 0.910375 0.140598 -0.811879 -0.411084 0.414563 1.18227 2.4881 0.926684</i>
                        <i>0.434645 0.0442523 0.899514 -0.393427 0.907778 0.145445 -0.810123 -0.41711 0.411971 1.18263 2.48875 0.926264</i>
                        <i>0.434118 0.0414281 0.899903 -0.397518 0.905236 0.150091 -0.808407 -0.422885 0.409448 1.18297 2.48972 0.925861</i>
                        <i>0.433655 0.0388866 0.900239 -0.401185 0.902915 0.154253 -0.806842 -0.428056 0.407155 1.18328 2.49095 0.925498</i>
                        <i>0.433284 0.0368035 0.900506 -0.404182 0.90099 0.157651 -0.805544 -0.432276 0.40526 1.18353 2.49238 0.925202</i>
                        <i>0.43303 0.0353551 0.900686 -0.40626 0.899639 0.160007 -0.804635 -0.435201 0.403934 1.18371 2.49395 0.924996</i>
                        <i>0.432875 0.0344594 0.900795 -0.407544 0.898798 0.161461 -0.804069 -0.437006 0.403111 1.18382 2.4956 0.924869</i>
                        <i>0.43278 0.0339096 0.900862 -0.408331 0.89828 0.162352 -0.803721 -0.438112 0.402604 1.18388 2.49726 0.924791</i>
                        <i>0.432752 0.0337454 0.900881 -0.408565 0.898126 0.162618 -0.803617 -0.438442 0.402453 1.1839 2.49889 0.924768</i>
                        <i>0.432797 0.0340065 0.90085 -0.408192 0.898372 0.162195 -0.803782 -0.437917 0.402693 1.18387 2.50042 0.924805</i>
                        <i>0.432922 0.0347319 0.900762 -0.407153 0.899054 0.161019 -0.804242 -0.436457 0.403362 1.18378 2.50179 0.924908</i>
                        <i>0.433136 0.0359606 0.900611 -0.405392 0.900205 0.159023 -0.805016 -0.433979 0.404489 1.18363 2.50295 0.925082</i>
                        <i>0.433448 0.037731 0.900388 -0.402849 0.90185 0.15614 -0.806124 -0.430399 0.406105 1.18342 2.50383 0.925334</i>
                        <i>0.433871 0.0400809 0.900083 -0.399464 0.90401 0.1523 -0.807579 -0.425629 0.408235 1.18313 2.50437 0.925668</i>
                        <i>0.434418 0.0430472 0.899682 -0.395175 0.906698 0.14743 -0.809393 -0.419578 0.410897 1.18277 2.50453 0.926092</i>
                    </KeyFrames>
                </p>
            </i>
            <i>
                <p>
                    <Name>
                        <![CDATA[l_shoulder]]>
</Name>
                    <Exclude>0</Exclude>
                    <Additive>0</Additive>
                    <IKPriority>0</IKPriority>
                    <IKRotLimits>-1e+010 -1e+010 -1e+010 1e+010 1e+010 1e+010</IKRotLimits>
                    <IKRotLimitOrder>0</IKRotLimitOrder>
                    <KeyFrames count="30">
                        <i>-0.429183 -0.417148 0.801118 0.726638 0.367346 0.580563 -0.536468 0.831291 0.145457 1.26861 2.51303 1.10385</i>
                        <i>-0.426982 -0.418618 0.801527 0.725323 0.370769 0.580032 -0.539993 0.829029 0.145321 1.26834 2.51334 1.10421</i>
                        <i>-0.425077 -0.419758 0.801943 0.724182 0.373798 0.579514 -0.54302 0.82709 0.145089 1.26811 2.51316 1.10452</i>
                        <i>-0.423475 -0.420584 0.802358 0.723229 0.376404 0.579017 -0.545536 0.825487 0.144781 1.26792 2.51255 1.10479</i>
                        <i>-0.422185 -0.421111 0.802761 0.722477 0.378563 0.578548 -0.547529 0.82423 0.144419 1.26775 2.51158 1.10502</i>
                        <i>-0.421212 -0.42135 0.803146 0.721936 0.380255 0.578113 -0.548989 0.823329 0.14402 1.26762 2.51034 1.1052</i>
                        <i>-0.420563 -0.421313 0.803506 0.721614 0.381463 0.577718 -0.549908 0.822789 0.143596 1.26752 2.50888 1.10534</i>
                        <i>-0.42024 -0.421007 0.803835 0.721517 0.382176 0.577369 -0.550283 0.822615 0.143158 1.26745 2.50728 1.10544</i>
                        <i>-0.420246 -0.420437 0.804131 0.721646 0.382386 0.577068 -0.550109 0.822808 0.142711 1.26741 2.50561 1.10549</i>
                        <i>-0.420579 -0.419608 0.80439 0.722001 0.382091 0.576819 -0.549388 0.823369 0.142258 1.2674 2.50395 1.10551</i>
                        <i>-0.421239 -0.418519 0.804611 0.722579 0.381295 0.576623 -0.548122 0.824291 0.141797 1.26742 2.50236 1.10548</i>
                        <i>-0.422421 -0.41705 0.804755 0.723497 0.379685 0.576534 -0.545996 0.825778 0.141348 1.26749 2.50087 1.10538</i>
                        <i>-0.424197 -0.415138 0.804809 0.724792 0.377157 0.576567 -0.542894 0.827897 0.140899 1.26762 2.49954 1.1052</i>
                        <i>-0.426343 -0.413015 0.804768 0.726281 0.37404 0.576724 -0.539211 0.830369 0.140495 1.2678 2.49845 1.10495</i>
                        <i>-0.428599 -0.411009 0.804596 0.727757 0.37069 0.577026 -0.535418 0.832863 0.140238 1.26802 2.49773 1.10465</i>
                        <i>-0.430806 -0.409262 0.804307 0.729116 0.367344 0.57745 -0.531786 0.835202 0.140145 1.26826 2.49742 1.10433</i>
                        <i>-0.432872 -0.407799 0.803942 0.730314 0.364165 0.57795 -0.528454 0.837308 0.140184 1.2685 2.49749 1.10399</i>
                        <i>-0.434699 -0.406665 0.80353 0.731309 0.361307 0.578485 -0.52557 0.839095 0.140338 1.26874 2.4979 1.10366</i>
                        <i>-0.436196 -0.405912 0.803099 0.732064 0.358912 0.57902 -0.523273 0.840487 0.140597 1.26896 2.49863 1.10337</i>
                        <i>-0.437275 -0.405593 0.802674 0.732546 0.357114 0.579522 -0.521695 0.841406 0.140959 1.26914 2.49966 1.10312</i>
                        <i>-0.437846 -0.405763 0.802276 0.73272 0.356044 0.57996 -0.520971 0.841778 0.141418 1.26926 2.50094 1.10295</i>
                        <i>-0.437994 -0.406335 0.801906 0.732645 0.35558 0.58034 -0.520954 0.841698 0.141957 1.26934 2.5024 1.10285</i>
                        <i>-0.437882 -0.40715 0.801554 0.732417 0.355488 0.580684 -0.521368 0.841342 0.142542 1.26939 2.50396 1.10278</i>
                        <i>-0.437505 -0.408181 0.801235 0.732042 0.355786 0.580974 -0.522211 0.840717 0.143147 1.2694 2.50556 1.10276</i>
                        <i>-0.436857 -0.409398 0.800968 0.731521 0.356496 0.581195 -0.523482 0.839824 0.143745 1.26938 2.50714 1.10279</i>
                        <i>-0.435928 -0.410772 0.80077 0.730855 0.357644 0.581328 -0.525184 0.838664 0.144307 1.26932 2.50865 1.10288</i>
                        <i>-0.43471 -0.41227 0.800663 0.73004 0.359262 0.581354 -0.527322 0.837236 0.144798 1.26921 2.51005 1.10302</i>
                        <i>-0.43319 -0.413857 0.800667 0.729072 0.361387 0.581252 -0.529906 0.835537 0.145183 1.26906 2.51128 1.10323</i>
                        <i>-0.431353 -0.415497 0.80081 0.727942 0.364064 0.580997 -0.532949 0.833558 0.145418 1.26886 2.51229 1.10351</i>
                        <i>-0.429183 -0.417148 0.801118 0.726638 0.367346 0.580563 -0.536468 0.831291 0.145457 1.26861 2.51303 1.10385</i>
                    </KeyFrames>
                </p>
            </i>
            <i>
                <p>
                    <Name>
                        <![CDATA[l_elbow]]>
</Name>
                    <Exclude>0</Exclude>
                    <Additive>0</Additive>
                    <IKPriority>0</IKPriority>
                    <IKRotLimits>-1e+010 -1e+010 -1e+010 1e+010 1e+010 1e+010</IKRotLimits>
                    <IKRotLimitOrder>0</IKRotLimitOrder>
                    <KeyFrames count="30">
                        <i>-0.688366 0.391918 0.610372 0.725361 0.36943 0.580839 0.0021516 0.842569 -0.538584 1.129 2.37734 1.36443</i>
                        <i>-0.689762 0.391811 0.608862 0.724036 0.372847 0.580307 0.000358688 0.841112 -0.540861 1.12946 2.37718 1.36493</i>
                        <i>-0.690965 0.391832 0.607483 0.722887 0.37587 0.579789 -0.00115513 0.839755 -0.542964 1.12985 2.37662 1.36537</i>
                        <i>-0.691964 0.391991 0.606241 0.721928 0.378473 0.579291 -0.00236855 0.838511 -0.544879 1.13017 2.37574 1.36578</i>
                        <i>-0.69275 0.3923 0.605144 0.721171 0.380629 0.578821 -0.00326368 0.83739 -0.546596 1.13043 2.3746 1.36613</i>
                        <i>-0.693313 0.392765 0.604196 0.720627 0.382319 0.578385 -0.00382638 0.836402 -0.548103 1.13061 2.37328 1.36644</i>
                        <i>-0.693648 0.39339 0.603404 0.720303 0.383526 0.57799 -0.00404565 0.835555 -0.549392 1.13072 2.37183 1.3667</i>
