<?xml version="1.0" encoding="ISO-8859-1" ?>
<Animl Version="1">
    <ModellingPackage><![CDATA[Maya.2010]]></ModellingPackage>
    <SrcFile><![CDATA[anims\turrets\mortar\blue\~src\mortar_m29\mortar_m29_fire_crewman_c.mb]]></SrcFile>
    <FramesPerSecond>30</FramesPerSecond>
    <TotalFrames>40</TotalFrames>
    <Skeleton>
        <RefFrame>
            <Name><![CDATA[soldier_ref_frame]]></Name>
            <Exclude>0</Exclude>
            <Additive>0</Additive>
            <IKPriority>0</IKPriority>
            <IKRotLimits>-1e+010 -1e+010 -1e+010 1e+010 1e+010 1e+010</IKRotLimits>
            <IKRotLimitOrder>0</IKRotLimitOrder>
            <KeyFrames count="40">
                <i>1 0 0 0 1 0 0 0 1 -2.01 0.94 0.91</i>
                <i>1 0 0 0 1 0 0 0 1 -2.01 0.94 0.91</i>
                <i>1 0 0 0 1 0 0 0 1 -2.01 0.94 0.91</i>
                <i>1 0 0 0 1 0 0 0 1 -2.01 0.94 0.91</i>
                <i>1 0 0 0 1 0 0 0 1 -2.01 0.94 0.91</i>
                <i>1 0 0 0 1 0 0 0 1 -2.01 0.94 0.91</i>
                <i>1 0 0 0 1 0 0 0 1 -2.01 0.94 0.91</i>
                <i>1 0 0 0 1 0 0 0 1 -2.01 0.94 0.91</i>
                <i>1 0 0 0 1 0 0 0 1 -2.01 0.94 0.91</i>
                <i>1 0 0 0 1 0 0 0 1 -2.01 0.94 0.91</i>
                <i>1 0 0 0 1 0 0 0 1 -2.01 0.94 0.91</i>
                <i>1 0 0 0 1 0 0 0 1 -2.01 0.94 0.91</i>
                <i>1 0 0 0 1 0 0 0 1 -2.01 0.94 0.91</i>
                <i>1 0 0 0 1 0 0 0 1 -2.01 0.94 0.91</i>
                <i>1 0 0 0 1 0 0 0 1 -2.01 0.94 0.91</i>
                <i>1 0 0 0 1 0 0 0 1 -2.01 0.94 0.91</i>
                <i>1 0 0 0 1 0 0 0 1 -2.01 0.94 0.91</i>
                <i>1 0 0 0 1 0 0 0 1 -2.01 0.94 0.91</i>
                <i>1 0 0 0 1 0 0 0 1 -2.01 0.94 0.91</i>
                <i>1 0 0 0 1 0 0 0 1 -2.01 0.94 0.91</i>
                <i>1 0 0 0 1 0 0 0 1 -2.01 0.94 0.91</i>
                <i>1 0 0 0 1 0 0 0 1 -2.01 0.94 0.91</i>
                <i>1 0 0 0 1 0 0 0 1 -2.01 0.94 0.91</i>
                <i>1 0 0 0 1 0 0 0 1 -2.01 0.94 0.91</i>
                <i>1 0 0 0 1 0 0 0 1 -2.01 0.94 0.91</i>
                <i>1 0 0 0 1 0 0 0 1 -2.01 0.94 0.91</i>
                <i>1 0 0 0 1 0 0 0 1 -2.01 0.94 0.91</i>
                <i>1 0 0 0 1 0 0 0 1 -2.01 0.94 0.91</i>
                <i>1 0 0 0 1 0 0 0 1 -2.01 0.94 0.91</i>
                <i>1 0 0 0 1 0 0 0 1 -2.01 0.94 0.91</i>
                <i>1 0 0 0 1 0 0 0 1 -2.01 0.94 0.91</i>
                <i>1 0 0 0 1 0 0 0 1 -2.01 0.94 0.91</i>
                <i>1 0 0 0 1 0 0 0 1 -2.01 0.94 0.91</i>
                <i>1 0 0 0 1 0 0 0 1 -2.01 0.94 0.91</i>
                <i>1 0 0 0 1 0 0 0 1 -2.01 0.94 0.91</i>
                <i>1 0 0 0 1 0 0 0 1 -2.01 0.94 0.91</i>
                <i>1 0 0 0 1 0 0 0 1 -2.01 0.94 0.91</i>
                <i>1 0 0 0 1 0 0 0 1 -2.01 0.94 0.91</i>
                <i>1 0 0 0 1 0 0 0 1 -2.01 0.94 0.91</i>
                <i>1 0 0 0 1 0 0 0 1 -2.01 0.94 0.91</i>
            </KeyFrames>
        </RefFrame>
        <Bones count="23">
            <i>
                <p>
                    <Name><![CDATA[pelvis]]></Name>
                    <Exclude>0</Exclude>
                    <Additive>0</Additive>
                    <IKPriority>0</IKPriority>
                    <IKRotLimits>-1e+010 -1e+010 -1e+010 1e+010 1e+010 1e+010</IKRotLimits>
                    <IKRotLimitOrder>2</IKRotLimitOrder>
                    <KeyFrames count="40">
                        <i>1 0 0 0 1 0 0 0 1 -2.01678 1.56387 0.913668</i>
                        <i>1 0 0 0 1 0 0 0 1 -2.01679 1.57229 0.913669</i>
                        <i>1 0 0 0 1 0 0 0 1 -2.01677 1.58234 0.913664</i>
                        <i>1 0 0 0 1 0 0 0 1 -2.01677 1.61604 0.913665</i>
                        <i>1 0 0 0 1 0 0 0 1 -2.01678 1.63603 0.913668</i>
                        <i>1 0 0 0 1 0 0 0 1 -2.01678 1.61189 0.913666</i>
                        <i>1 0 0 0 1 0 0 0 1 -2.01678 1.58176 0.913666</i>
                        <i>1 0 0 0 1 0 0 0 1 -2.01678 1.56053 0.913667</i>
                        <i>1 0 0 0 1 0 0 0 1 -2.01678 1.55511 0.913668</i>
                        <i>1 0 0 0 1 0 0 0 1 -2.01678 1.55999 0.913669</i>
                        <i>1 0 0 0 1 0 0 0 1 -2.01679 1.56204 0.913669</i>
                        <i>1 0 0 0 1 0 0 0 1 -2.01679 1.56124 0.91367</i>
                        <i>1 0 0 0 1 0 0 0 1 -2.01679 1.56064 0.91367</i>
                        <i>1 0 0 0 1 0 0 0 1 -2.01679 1.56022 0.913671</i>
                        <i>1 0 0 0 1 0 0 0 1 -2.01679 1.55997 0.913671</i>
                        <i>1 0 0 0 1 0 0 0 1 -2.01679 1.55988 0.913671</i>
                        <i>1 0 0 0 1 0 0 0 1 -2.01679 1.55991 0.913671</i>
                        <i>1 0 0 0 1 0 0 0 1 -2.01679 1.56006 0.913671</i>
                        <i>1 0 0 0 1 0 0 0 1 -2.01679 1.56029 0.913671</i>
                        <i>1 0 0 0 1 0 0 0 1 -2.01679 1.56061 0.91367</i>
                        <i>1 0 0 0 1 0 0 0 1 -2.01679 1.56098 0.91367</i>
                        <i>1 0 0 0 1 0 0 0 1 -2.01679 1.56139 0.91367</i>
                        <i>1 0 0 0 1 0 0 0 1 -2.01679 1.56182 0.913669</i>
                        <i>1 0 0 0 1 0 0 0 1 -2.01679 1.56226 0.913669</i>
                        <i>1 0 0 0 1 0 0 0 1 -2.01678 1.56267 0.913669</i>
                        <i>1 0 0 0 1 0 0 0 1 -2.01678 1.56305 0.913668</i>
                        <i>1 0 0 0 1 0 0 0 1 -2.01678 1.56338 0.913668</i>
                        <i>1 0 0 0 1 0 0 0 1 -2.01678 1.56364 0.913668</i>
                        <i>1 0 0 0 1 0 0 0 1 -2.01678 1.56381 0.913668</i>
                        <i>1 0 0 0 1 0 0 0 1 -2.01678 1.56387 0.913668</i>
                        <i>1 0 0 0 1 0 0 0 1 -2.01678 1.56387 0.913668</i>
                        <i>1 0 0 0 1 0 0 0 1 -2.01678 1.56387 0.913668</i>
                        <i>1 0 0 0 1 0 0 0 1 -2.01678 1.56387 0.913668</i>
                        <i>1 0 0 0 1 0 0 0 1 -2.01678 1.56387 0.913668</i>
                        <i>1 0 0 0 1 0 0 0 1 -2.01678 1.56387 0.913668</i>
                        <i>1 0 0 0 1 0 0 0 1 -2.01678 1.56387 0.913668</i>
                        <i>1 0 0 0 1 0 0 0 1 -2.01678 1.56387 0.913668</i>
                        <i>1 0 0 0 1 0 0 0 1 -2.01678 1.56387 0.913668</i>
                        <i>1 0 0 0 1 0 0 0 1 -2.01678 1.56387 0.913668</i>
                        <i>1 0 0 0 1 0 0 0 1 -2.01678 1.56387 0.913668</i>
                    </KeyFrames>
                </p>
            </i>
            <i>
                <p>
                    <Name><![CDATA[spine0]]></Name>
                    <Exclude>0</Exclude>
                    <Additive>0</Additive>
                    <IKPriority>0</IKPriority>
                    <IKRotLimits>-1e+010 -1e+010 -1e+010 1e+010 1e+010 1e+010</IKRotLimits>
                    <IKRotLimitOrder>0</IKRotLimitOrder>
                    <KeyFrames count="40">
                        <i>-0.107839 0.993128 -0.0454606 -0.957757 -0.0915189 0.272629 0.266595 0.0729404 0.961045 -2.05496 1.6909 0.857986</i>
                        <i>-0.107791 0.994018 -0.0175932 -0.952452 -0.0981787 0.288436 0.284983 0.0478475 0.957338 -2.05099 1.70476 0.869207</i>
                        <i>-0.10453 0.994372 0.0172305 -0.947514 -0.104838 0.302036 0.302143 0.0152457 0.953141 -2.04721 1.71863 0.879081</i>
                        <i>-0.107235 0.993233 0.0446062 -0.945083 -0.115763 0.305642 0.308737 -0.00938112 0.951101 -2.04767 1.75294 0.882029</i>
                        <i>-0.109503 0.992748 0.0496117 -0.94378 -0.119505 0.308217 0.311911 -0.0130718 0.950022 -2.05029 1.77168 0.879448</i>
                        <i>-0.107636 0.993869 0.0252803 -0.944946 -0.110175 0.30812 0.309017 0.0092762 0.951011 -2.05446 1.74426 0.87178</i>
                        <i>-0.106428 0.994252 -0.0116324 -0.948078 -0.097945 0.302581 0.299703 0.0432315 0.953053 -2.0589 1.70913 0.861729</i>
                        <i>-0.102298 0.993855 -0.0422709 -0.95224 -0.0855473 0.293122 0.287704 0.0702378 0.95514 -2.06233 1.68262 0.85271</i>
                        <i>-0.0978159 0.993401 -0.0598883 -0.955294 -0.0768522 0.285496 0.279009 0.085137 0.956507 -2.06391 1.67399 0.84776</i>
                        <i>-0.094057 0.993416 -0.0654061 -0.956454 -0.0719328 0.28288 0.276312 0.0891647 0.956923 -2.06404 1.6785 0.847191</i>
                        <i>-0.0909062 0.994002 -0.0607992 -0.95649 -0.0701529 0.283207 0.277243 0.0838991 0.95713 -2.06364 1.68161 0.848834</i>
                        <i>-0.0882582 0.994865 -0.0495464 -0.955839 -0.070588 0.285289 0.280327 0.0725375 0.95716 -2.06288 1.68267 0.85182</i>
                        <i>-0.0862159 0.995558 -0.0378408 -0.955017 -0.0717684 0.287735 0.283741 0.0609459 0.956962 -2.06194 1.68411 0.855263</i>
                        <i>-0.084688 0.996006 -0.0282851 -0.954415 -0.0729321 0.289436 0.286217 0.0515075 0.956779 -2.06101 1.68539 0.858234</i>
                        <i>-0.0840029 0.996221 -0.0220914 -0.954298 -0.0740473 0.289539 0.286809 0.0454039 0.956911 -2.06031 1.68605 0.859762</i>
                        <i>-0.0843849 0.996231 -0.0200659 -0.95455 -0.0750445 0.288449 0.285856 0.0434947 0.957285 -2.05982 1.68628 0.860138</i>
                        <i>-0.0854829 0.996103 -0.0217251 -0.954899 -0.0756847 0.287124 0.28436 0.0452894 0.957647 -2.05933 1.68657 0.860349</i>
                        <i>-0.0871285 0.995864 -0.0257526 -0.9553 -0.0761928 0.285651 0.282507 0.0494897 0.957988 -2.05883 1.68692 0.860434</i>
                        <i>-0.0890791 0.995582 -0.0296718 -0.955687 -0.0770417 0.284124 0.280583 0.0536664 0.958328 -2.05834 1.68732 0.860423</i>
                        <i>-0.091215 0.995293 -0.0327335 -0.956037 -0.0783233 0.282593 0.278699 0.0570712 0.958681 -2.05785 1.68775 0.860335</i>
                        <i>-0.0934573 0.995007 -0.0350143 -0.956347 -0.0799345 0.281089 0.276887 0.0597557 0.959043 -2.05737 1.68821 0.860186</i>
                        <i>-0.0957553 0.994714 -0.0370853 -0.956629 -0.0816638 0.27963 0.275123 0.0622529 0.959391 -2.05692 1.68869 0.85999</i>
                        <i>-0.0980334 0.994421 -0.0389278 -0.95688 -0.0834403 0.278243 0.273443 0.0645263 0.959722 -2.05649 1.68915 0.859757</i>
                        <i>-0.10022 0.994139 -0.0405314 -0.957098 -0.0851947 0.276956 0.271879 0.0665491 0.960028 -2.05611 1.6896 0.859497</i>
                        <i>-0.102249 0.993876 -0.041895 -0.957285 -0.0868589 0.275792 0.270464 0.0683049 0.960304 -2.05576 1.69 0.85922</i>
                        <i>-0.104056 0.99364 -0.0430267 -0.95744 -0.0883662 0.274774 0.269225 0.0697872 0.960546 -2.05547 1.69035 0.858934</i>
                        <i>-0.10558 0.993439 -0.0439417 -0.957563 -0.0896507 0.273925 0.268189 0.0709979 0.960747 -2.05524 1.69063 0.858649</i>
                        <i>-0.106762 0.993281 -0.0446585 -0.957658 -0.0906474 0.273265 0.267381 0.071942 0.960902 -2.05507 1.69081 0.858375</i>
                        <i>-0.107542 0.993173 -0.0451867 -0.957725 -0.0912914 0.272817 0.266829 0.0726158 0.961004 -2.05498 1.6909 0.858133</i>
                        <i>-0.107839 0.993128 -0.0454606 -0.957757 -0.0915189 0.272629 0.266595 0.0729404 0.961045 -2.05496 1.6909 0.857986</i>
                        <i>-0.107839 0.993128 -0.0454606 -0.957757 -0.0915189 0.272629 0.266595 0.0729404 0.961045 -2.05496 1.6909 0.857986</i>
                        <i>-0.107839 0.993128 -0.0454606 -0.957757 -0.0915189 0.272629 0.266595 0.0729404 0.961045 -2.05496 1.6909 0.857986</i>
                        <i>-0.107839 0.993128 -0.0454606 -0.957757 -0.0915189 0.272629 0.266595 0.0729404 0.961045 -2.05496 1.6909 0.857986</i>
                        <i>-0.107839 0.993128 -0.0454606 -0.957757 -0.0915189 0.272629 0.266595 0.0729404 0.961045 -2.05496 1.6909 0.857986</i>
                        <i>-0.107839 0.993128 -0.0454606 -0.957757 -0.0915189 0.272629 0.266595 0.0729404 0.961045 -2.05496 1.6909 0.857986</i>
                        <i>-0.107839 0.993128 -0.0454606 -0.957757 -0.0915189 0.272629 0.266595 0.0729404 0.961045 -2.05496 1.6909 0.857986</i>
                        <i>-0.107839 0.993128 -0.0454606 -0.957757 -0.0915189 0.272629 0.266595 0.0729404 0.961045 -2.05496 1.6909 0.857986</i>
                        <i>-0.107839 0.993128 -0.0454606 -0.957757 -0.0915189 0.272629 0.266595 0.0729404 0.961045 -2.05496 1.6909 0.857986</i>
                        <i>-0.107839 0.993128 -0.0454606 -0.957757 -0.0915189 0.272629 0.266595 0.0729404 0.961045 -2.05496 1.6909 0.857986</i>
                        <i>-0.107839 0.993128 -0.0454606 -0.957757 -0.0915189 0.272629 0.266595 0.0729404 0.961045 -2.05496 1.6909 0.857986</i>
                    </KeyFrames>
                </p>
            </i>
            <i>
                <p>
                    <Name><![CDATA[spine1]]></Name>
                    <Exclude>0</Exclude>
                    <Additive>0</Additive>
                    <IKPriority>0</IKPriority>
                    <IKRotLimits>-1e+010 -1e+010 -1e+010 1e+010 1e+010 1e+010</IKRotLimits>
                    <IKRotLimitOrder>0</IKRotLimitOrder>
                    <KeyFrames count="40">
                        <i>0.100844 0.980015 0.171465 -0.866584 0.00186082 0.499027 0.488736 -0.198913 0.849454 -2.07375 1.86385 0.850055</i>
                        <i>0.0634279 0.986021 0.154075 -0.858864 -0.0246954 0.511608 0.508261 -0.16478 0.845292 -2.07087 1.88784 0.865893</i>
                        <i>0.0389793 0.985276 0.166466 -0.852423 -0.0541394 0.520042 0.521397 -0.16217 0.837762 -2.06677 1.90446 0.882212</i>
                        <i>0.0587205 0.970969 0.231887 -0.851397 -0.0725724 0.519477 0.521224 -0.227932 0.822419 -2.06553 1.91849 0.889492</i>
                        <i>0.1018 0.952261 0.287813 -0.852556 -0.0655723 0.518506 0.512625 -0.29816 0.805181 -2.0664 1.91813 0.886906</i>
                        <i>0.132938 0.953191 0.271577 -0.85497 -0.0283178 0.517904 0.501352 -0.301039 0.811185 -2.07036 1.89145 0.87566</i>
                        <i>0.145938 0.962157 0.230119 -0.859043 0.00788058 0.511843 0.49066 -0.27238 0.827685 -2.07578 1.86702 0.859956</i>
                        <i>0.14868 0.969408 0.195302 -0.8638 0.0311724 0.50287 0.481398 -0.243469 0.842009 -2.07989 1.85319 0.845454</i>
                        <i>0.147684 0.973451 0.17488 -0.866911 0.0422948 0.496665 0.476083 -0.224955 0.850141 -2.0815 1.85245 0.836953</i>
                        <i>0.146782 0.975583 0.163379 -0.867847 0.0477546 0.494531 0.474654 -0.214376 0.853666 -2.08112 1.8587 0.835268</i>
                        <i>0.147379 0.975246 0.16485 -0.867595 0.0474377 0.495004 0.47493 -0.215976 0.85311 -2.08002 1.86061 0.837835</i>
                        <i>0.148436 0.973514 0.17389 -0.86663 0.0433535 0.497063 0.476359 -0.22448 0.850112 -2.07852 1.85881 0.843015</i>
                        <i>0.148171 0.972819 0.177958 -0.86549 0.0404891 0.499287 0.47851 -0.228001 0.847964 -2.07693 1.85719 0.848671</i>
                        <i>0.145538 0.973693 0.175327 -0.864574 0.0390178 0.500989 0.480969 -0.224496 0.847508 -2.07557 1.8567 0.853367</i>
                        <i>0.142127 0.97439 0.174253 -0.864267 0.0363404 0.501718 0.482537 -0.221908 0.847298 -2.07473 1.85706 0.855969</i>
                        <i>0.139024 0.975083 0.172874 -0.864442 0.0343273 0.501559 0.483127 -0.219169 0.847675 -2.07432 1.85738 0.856691</i>
                        <i>0.135227 0.977083 0.164384 -0.864644 0.0353541 0.501139 0.483843 -0.209901 0.84961 -2.07402 1.85778 0.856612</i>
                        <i>0.131017 0.979611 0.152303 -0.864849 0.0378385 0.500604 0.484634 -0.197307 0.852174 -2.07382 1.85824 0.856001</i>
                        <i>0.126856 0.981548 0.143078 -0.865049 0.0388897 0.500178 0.485384 -0.18722 0.85402 -2.07368 1.85876 0.855309</i>
                        <i>0.122961 0.982625 0.139031 -0.865234 0.0375324 0.499961 0.486055 -0.18177 0.854816 -2.07357 1.85931 0.854687</i>
                        <i>0.119341 0.983031 0.139315 -0.865409 0.0342164 0.499896 0.486646 -0.180222 0.854807 -2.0735 1.8599 0.854138</i>
                        <i>0.115887 0.983167 0.141253 -0.865586 0.0302135 0.499848 0.487167 -0.180192 0.854517 -2.07346 1.86051 0.853576</i>
                        <i>0.112651 0.983075 0.144473 -0.86576 0.025758 0.499796 0.487616 -0.181382 0.854009 -2.07345 1.86113 0.853016</i>
                        <i>0.10969 0.982794 0.148609 -0.865928 0.0210834 0.499724 0.487992 -0.183499 0.853341 -2.07346 1.86174 0.852469</i>
                        <i>0.107061 0.982364 0.153294 -0.866085 0.0164242 0.499627 0.488298 -0.186256 0.852569 -2.07349 1.86231 0.851946</i>
                        <i>0.104824 0.981834 0.158161 -0.866227 0.0120171 0.499506 0.488531 -0.189363 0.85175 -2.07353 1.86282 0.851454</i>
                        <i>0.103036 0.981258 0.162837 -0.866351 0.00810152 0.49937 0.488691 -0.192527 0.850949 -2.07359 1.86325 0.851</i>
                        <i>0.101754 0.980703 0.166934 -0.866456 0.00492183 0.49923 0.488775 -0.19544 0.850237 -2.07365 1.86358 0.850593</i>
                        <i>0.101026 0.980247 0.17003 -0.866538 0.00273422 0.499104 0.48878 -0.19776 0.849697 -2.07371 1.86379 0.850252</i>
                        <i>0.100844 0.980015 0.171465 -0.866584 0.00186082 0.499027 0.488736 -0.198913 0.849454 -2.07375 1.86385 0.850055</i>
                        <i>0.100844 0.980015 0.171465 -0.866584 0.00186082 0.499027 0.488736 -0.198913 0.849454 -2.07375 1.86385 0.850055</i>
                        <i>0.100844 0.980015 0.171465 -0.866584 0.00186082 0.499027 0.488736 -0.198913 0.849454 -2.07375 1.86385 0.850055</i>
                        <i>0.100844 0.980015 0.171465 -0.866584 0.00186082 0.499027 0.488736 -0.198913 0.849454 -2.07375 1.86385 0.850055</i>
                        <i>0.100844 0.980015 0.171465 -0.866584 0.00186082 0.499027 0.488736 -0.198913 0.849454 -2.07375 1.86385 0.850055</i>
                        <i>0.100844 0.980015 0.171465 -0.866584 0.00186082 0.499027 0.488736 -0.198913 0.849454 -2.07375 1.86385 0.850055</i>
                        <i>0.100844 0.980015 0.171465 -0.866584 0.00186082 0.499027 0.488736 -0.198913 0.849454 -2.07375 1.86385 0.850055</i>
                        <i>0.100844 0.980015 0.171465 -0.866584 0.00186082 0.499027 0.488736 -0.198913 0.849454 -2.07375 1.86385 0.850055</i>
                        <i>0.100844 0.980015 0.171465 -0.866584 0.00186082 0.499027 0.488736 -0.198913 0.849454 -2.07375 1.86385 0.850055</i>
                        <i>0.100844 0.980015 0.171465 -0.866584 0.00186082 0.499027 0.488736 -0.198913 0.849454 -2.07375 1.86385 0.850055</i>
                        <i>0.100844 0.980015 0.171465 -0.866584 0.00186082 0.499027 0.488736 -0.198913 0.849454 -2.07375 1.86385 0.850055</i>
                    </KeyFrames>
                </p>
            </i>
            <i>
                <p>
                    <Name><![CDATA[spine2]]></Name>
                    <Exclude>0</Exclude>
                    <Additive>0</Additive>
                    <IKPriority>0</IKPriority>
                    <IKRotLimits>-1e+010 -1e+010 -1e+010 1e+010 1e+010 1e+010</IKRotLimits>
                    <IKRotLimitOrder>0</IKRotLimitOrder>
                    <KeyFrames count="40">
                        <i>0.232748 0.897841 0.373778 -0.720775 -0.0987794 0.686095 0.652925 -0.429097 0.624151 -2.05732 2.02082 0.877482</i>
                        <i>0.24846 0.871033 0.423755 -0.718181 -0.127904 0.684 0.649987 -0.47428 0.593781 -2.05978 2.05494 0.892076</i>
                        <i>0.255531 0.841214 0.476511 -0.716625 -0.166035 0.677407 0.648962 -0.514578 0.560408 -2.05972 2.07391 0.910939</i>
                        <i>0.262141 0.807179 0.528908 -0.720974 -0.200501 0.663322 0.641466 -0.555213 0.529395 -2.05633 2.06742 0.924917</i>
                        <i>0.255808 0.810282 0.527262 -0.723942 -0.200896 0.659962 0.64068 -0.550531 0.535206 -2.05252 2.0474 0.925606</i>
                        <i>0.242015 0.852079 0.464102 -0.723257 -0.160422 0.671687 0.646783 -0.498223 0.577447 -2.05218 2.02132 0.912306</i>
                        <i>0.23417 0.889422 0.392547 -0.722076 -0.111249 0.682811 0.650977 -0.443343 0.616179 -2.05431 2.00754 0.893348</i>
                        <i>0.22395 0.91508 0.335373 -0.721534 -0.0756523 0.688234 0.655161 -0.396113 0.643319 -2.05617 2.00618 0.876224</i>
                        <i>0.214422 0.927692 0.30563 -0.721551 -0.0604536 0.689718 0.658322 -0.368418 0.656414 -2.05679 2.01325 0.86589</i>
                        <i>0.207062 0.932762 0.295095 -0.721909 -0.0578994 0.689562 0.660282 -0.355814 0.66138 -2.05631 2.02143 0.862589</i>
                        <i>0.202169 0.931546 0.302243 -0.722556 -0.066447 0.688112 0.66109 -0.357502 0.659661 -2.0553 2.02211 0.865185</i>
                        <i>0.19901 0.926661 0.318896 -0.723307 -0.08067 0.685799 0.661228 -0.36714 0.654206 -2.05406 2.01731 0.871339</i>
                        <i>0.196654 0.923391 0.329661 -0.723829 -0.0900693 0.684075 0.661361 -0.373144 0.650665 -2.05297 2.01272 0.877092</i>
                        <i>0.194831 0.923208 0.331252 -0.723991 -0.0924839 0.683581 0.661723 -0.373006 0.650376 -2.0523 2.01074 0.881045</i>
                        <i>0.194148 0.92336 0.331228 -0.723907 -0.0930107 0.683599 0.662016 -0.372498 0.650369 -2.05205 2.0109 0.883417</i>
                        <i>0.194619 0.924247 0.328468 -0.723623 -0.0907839 0.684199 0.662189 -0.370845 0.651138 -2.05211 2.01141 0.883935</i>
                        <i>0.195669 0.927272 0.319186 -0.723148 -0.0834156 0.685638 0.662398 -0.364977 0.654233 -2.05239 2.01226 0.882537</i>
                        <i>0.197313 0.930911 0.307363 -0.722579 -0.0737861 0.687339 0.66253 -0.357716 0.658098 -2.05284 2.01327 0.880038</i>
                        <i>0.199688 0.932893 0.299725 -0.722053 -0.0666858 0.688617 0.662393 -0.353926 0.660282 -2.05333 2.01426 0.87791</i>
                        <i>0.2028 0.932397 0.299178 -0.721635 -0.0642139 0.689289 0.661903 -0.355686 0.659828 -2.05382 2.01514 0.876671</i>
                        <i>0.206465 0.929876 0.304471 -0.721322 -0.0656005 0.689486 0.66111 -0.361977 0.657196 -2.0543 2.01595 0.876191</i>
                        <i>0.210387 0.926504 0.311973 -0.72107 -0.0684225 0.689476 0.660148 -0.370011 0.653679 -2.05479 2.01676 0.875964</i>
                        <i>0.214407 0.922484 0.321018 -0.720881 -0.0723139 0.689276 0.65906 -0.379201 0.649496 -2.05526 2.01754 0.875945</i>
                        <i>0.218371 0.918033 0.330952 -0.720753 -0.0769094 0.688912 0.657897 -0.388973 0.64488 -2.05572 2.01829 0.876088</i>
                        <i>0.222129 0.913393 0.341132 -0.720682 -0.0818449 0.688417 0.656716 -0.398765 0.640086 -2.05615 2.01898 0.876344</i>
                        <i>0.225534 0.908837 0.350927 -0.720659 -0.0867572 0.687839 0.655579 -0.40803 0.635395 -2.05652 2.01959 0.876661</i>
                        <i>0.228442 0.904664 0.359718 -0.720673 -0.0912834 0.687239 0.654557 -0.416234 0.631114 -2.05684 2.0201 0.876985</i>
                        <i>0.230711 0.9012 0.366894 -0.720708 -0.0950589 0.68669 0.653722 -0.42285 0.627571 -2.05709 2.02049 0.877262</i>
                        <i>0.232199 0.898792 0.371829 -0.720749 -0.0977085 0.686275 0.653149 -0.427348 0.625116 -2.05725 2.02073 0.877439</i>
                        <i>0.232748 0.897841 0.373778 -0.720775 -0.0987794 0.686095 0.652925 -0.429097 0.624151 -2.05732 2.02082 0.877482</i>
                        <i>0.232748 0.897841 0.373778 -0.720775 -0.0987794 0.686095 0.652925 -0.429097 0.624151 -2.05732 2.02082 0.877482</i>
                        <i>0.232748 0.897841 0.373778 -0.720775 -0.0987794 0.686095 0.652925 -0.429097 0.624151 -2.05732 2.02082 0.877482</i>
                        <i>0.232748 0.897841 0.373778 -0.720775 -0.0987794 0.686095 0.652925 -0.429097 0.624151 -2.05732 2.02082 0.877482</i>
                        <i>0.232748 0.897841 0.373778 -0.720775 -0.0987794 0.686095 0.652925 -0.429097 0.624151 -2.05732 2.02082 0.877482</i>
                        <i>0.232748 0.897841 0.373778 -0.720775 -0.0987794 0.686095 0.652925 -0.429097 0.624151 -2.05732 2.02082 0.877482</i>
                        <i>0.232748 0.897841 0.373778 -0.720775 -0.0987794 0.686095 0.652925 -0.429097 0.624151 -2.05732 2.02082 0.877482</i>
                        <i>0.232748 0.897841 0.373778 -0.720775 -0.0987794 0.686095 0.652925 -0.429097 0.624151 -2.05732 2.02082 0.877482</i>
                        <i>0.232748 0.897841 0.373778 -0.720775 -0.0987794 0.686095 0.652925 -0.429097 0.624151 -2.05732 2.02082 0.877482</i>
                        <i>0.232748 0.897841 0.373778 -0.720775 -0.0987794 0.686095 0.652925 -0.429097 0.624151 -2.05732 2.02082 0.877482</i>
                        <i>0.232748 0.897841 0.373778 -0.720775 -0.0987794 0.686095 0.652925 -0.429097 0.624151 -2.05732 2.02082 0.877482</i>
                    </KeyFrames>
                </p>
            </i>
            <i>
                <p>
                    <Name><![CDATA[head]]></Name>
                    <Exclude>0</Exclude>
                    <Additive>0</Additive>
                    <IKPriority>0</IKPriority>
                    <IKRotLimits>-1e+010 -1e+010 -1e+010 1e+010 1e+010 1e+010</IKRotLimits>
                    <IKRotLimitOrder>0</IKRotLimitOrder>
                    <KeyFrames count="40">
                        <i>0.0994735 0.974803 0.19966 -0.202038 0.216262 -0.955202 -0.974313 0.0546783 0.21846 -2.00655 2.25709 0.970122</i>
                        <i>0.220922 0.74256 0.632296 -0.126695 0.664672 -0.736315 -0.967027 0.0825593 0.240919 -1.99748 2.28615 1.00873</i>
                        <i>0.268182 0.489322 0.829845 -0.0601323 0.868222 -0.492518 -0.96149 0.0821837 0.262265 -1.9916 2.29461 1.04664</i>
                        <i>0.234555 0.586324 0.775376 -0.117862 0.808896 -0.576017 -0.964931 0.0437199 0.258836 -1.99402 2.27107 1.06154</i>
                        <i>0.146745 0.808504 0.569902 -0.198548 0.588488 -0.783747 -0.969043 0.00185775 0.246884 -2.0006 2.24568 1.04763</i>
                        <i>0.0485864 0.960173 0.275149 -0.239373 0.27864 -0.930086 -0.969711 -0.0206737 0.243378 -2.00653 2.23133 1.01666</i>
                        <i>-0.0094296 0.998515 0.0536499 -0.245879 0.0496897 -0.968026 -0.969255 -0.0223195 0.245045 -2.01036 2.23356 0.982219</i>
                        <i>-0.0311634 0.999179 -0.0258809 -0.240297 -0.0326236 -0.970151 -0.970199 -0.0240141 0.241116 -2.0138 2.24693 0.952728</i>
                        <i>-0.0351914 0.999363 -0.00585004 -0.231197 -0.0138359 -0.972809 -0.97227 -0.0328819 0.231537 -2.01638 2.26244 0.935835</i>
                        <i>-0.0304869 0.996939 0.0719881 -0.222136 0.0634627 -0.972948 -0.974539 -0.0456534 0.219521 -2.01811 2.27293 0.930356</i>
                        <i>-0.0240667 0.985673 0.16694 -0.215001 0.157977 -0.963752 -0.976317 -0.0590866 0.208119 -2.019 2.27231 0.935127</i>
                        <i>-0.0212258 0.971987 0.234075 -0.211905 0.224434 -0.951171 -0.97706 -0.069791 0.201205 -2.01925 2.26416 0.945658</i>
                        <i>-0.0205664 0.964313 0.263965 -0.211672 0.253836 -0.943802 -0.977124 -0.0752845 0.198897 -2.01926 2.25646 0.954171</i>
                        <i>-0.017188 0.959319 0.281802 -0.211341 0.27199 -0.938806 -0.977261 -0.0756926 0.198068 -2.01911 2.25305 0.958753</i>
                        <i>-0.0113326 0.955962 0.293272 -0.210715 0.284422 -0.935256 -0.977482 -0.0723957 0.198212 -2.01874 2.25296 0.961354</i>
                        <i>-0.00391884 0.954673 0.297632 -0.209852 0.290222 -0.933667 -0.977725 -0.0661176 0.199202 -2.0183 2.25376 0.961191</i>
                        <i>0.00468781 0.95559 0.294661 -0.208796 0.289105 -0.93425 -0.977948 -0.0571444 0.200879 -2.01784 2.2554 0.957577</i>
                        <i>0.0143416 0.957412 0.288369 -0.207462 0.284972 -0.935816 -0.978138 -0.0464045 0.202714 -2.01732 2.25733 0.952325</i>
                        <i>0.025013 0.958217 0.284947 -0.205709 0.28387 -0.936537 -0.978293 -0.0351907 0.204214 -2.0166 2.25884 0.948555</i>
                        <i>0.0365116 0.957111 0.287411 -0.203522 0.288697 -0.935539 -0.978389 -0.0243366 0.205334 -2.01564 2.25965 0.947526</i>
                        <i>0.0484306 0.954398 0.294583 -0.201038 0.298208 -0.93309 -0.978386 -0.0140321 0.206312 -2.0145 2.25989 0.948779</i>
                        <i>0.0602415 0.951116 0.302901 -0.198481 0.308806 -0.930185 -0.978252 -0.00408436 0.207382 -2.0133 2.2599 0.950859</i>
                        <i>0.0715712 0.947451 0.311791 -0.195983 0.319857 -0.926975 -0.977992 0.00523896 0.208577 -2.01207 2.25972 0.953539</i>
                        <i>0.0820478 0.943624 0.32069 -0.193674 0.330737 -0.923636 -0.977629 0.0136731 0.209891 -2.01087 2.2594 0.956593</i>
                        <i>0.0913003 0.93989 0.329046 -0.191682 0.340834 -0.920375 -0.977201 0.0209584 0.211278 -2.00973 2.25896 0.959793</i>
                        <i>0.0989579 0.936534 0.33632 -0.19013 0.349547 -0.917424 -0.976759 0.0268417 0.212654 -2.0087 2.25846 0.962915</i>
                        <i>0.104649 0.933861 0.341982 -0.189134 0.356283 -0.915036 -0.976359 0.0310766 0.21391 -2.00782 2.25796 0.965732</i>
                        <i>0.1055 0.945582 0.307805 -0.191955 0.323075 -0.926701 -0.975717 0.0386821 0.215594 -2.00714 2.25752 0.968022</i>
                        <i>0.102007 0.965845 0.238198 -0.198363 0.254387 -0.946541 -0.974806 0.0493042 0.217537 -2.00671 2.25721 0.969559</i>
                        <i>0.0994735 0.974803 0.19966 -0.202038 0.216262 -0.955202 -0.974313 0.0546783 0.21846 -2.00655 2.25709 0.970122</i>
                        <i>0.0994735 0.974803 0.19966 -0.202038 0.216262 -0.955202 -0.974313 0.0546783 0.21846 -2.00655 2.25709 0.970122</i>
                        <i>0.0994735 0.974803 0.19966 -0.202038 0.216262 -0.955202 -0.974313 0.0546783 0.21846 -2.00655 2.25709 0.970122</i>
                        <i>0.0994735 0.974803 0.19966 -0.202038 0.216262 -0.955202 -0.974313 0.0546783 0.21846 -2.00655 2.25709 0.970122</i>
                        <i>0.0994735 0.974803 0.19966 -0.202038 0.216262 -0.955202 -0.974313 0.0546783 0.21846 -2.00655 2.25709 0.970122</i>
                        <i>0.0994735 0.974803 0.19966 -0.202038 0.216262 -0.955202 -0.974313 0.0546783 0.21846 -2.00655 2.25709 0.970122</i>
                        <i>0.0994735 0.974803 0.19966 -0.202038 0.216262 -0.955202 -0.974313 0.0546783 0.21846 -2.00655 2.25709 0.970122</i>
                        <i>0.0994735 0.974803 0.19966 -0.202038 0.216262 -0.955202 -0.974313 0.0546783 0.21846 -2.00655 2.25709 0.970122</i>
                        <i>0.0994735 0.974803 0.19966 -0.202038 0.216262 -0.955202 -0.974313 0.0546783 0.21846 -2.00655 2.25709 0.970122</i>
                        <i>0.0994735 0.974803 0.19966 -0.202038 0.216262 -0.955202 -0.974313 0.0546783 0.21846 -2.00655 2.25709 0.970122</i>
                        <i>0.0994735 0.974803 0.19966 -0.202038 0.216262 -0.955202 -0.974313 0.0546783 0.21846 -2.00655 2.25709 0.970122</i>
                    </KeyFrames>
                </p>
            </i>
            <i>
                <p>
                    <Name><![CDATA[head_prop]]></Name>
                    <Exclude>0</Exclude>
                    <Additive>0</Additive>
                    <IKPriority>0</IKPriority>
                    <IKRotLimits>-1e+010 -1e+010 -1e+010 1e+010 1e+010 1e+010</IKRotLimits>
                    <IKRotLimitOrder>0</IKRotLimitOrder>
                    <KeyFrames count="40">
                        <i>0.973547 -0.0619152 -0.219936 0.106706 0.97437 0.198032 0.202038 -0.216262 0.955202 -1.97413 2.57479 1.03519</i>
                        <i>0.96536 -0.0880709 -0.245607 0.228096 0.741927 0.630489 0.126695 -0.664672 0.736315 -1.92548 2.52816 1.2148</i>
                        <i>0.959472 -0.0858149 -0.26842 0.275314 0.488698 0.827875 0.0601323 -0.868222 0.492518 -1.9042 2.45408 1.31709</i>
                        <i>0.963163 -0.0480725 -0.264586 0.241713 0.585983 0.773433 0.117862 -0.808896 0.576017 -1.90926 2.48232 1.34086</i>
                        <i>0.967927 -0.00786126 -0.251109 0.153936 0.808467 0.568053 0.198548 -0.588488 0.783747 -1.93764 2.58866 1.28921</i>
                        <i>0.969324 0.0135434 -0.245414 0.0557857 0.9603 0.273334 0.239373 -0.27864 0.930086 -1.98329 2.6717 1.14261</i>
                        <i>0.969298 0.0149043 -0.245437 -0.0022321 0.998653 0.0518289 0.245879 -0.0496897 0.968026 -2.01366 2.65715 1.0048</i>
                        <i>0.970404 0.016594 -0.240918 -0.0239583 0.99933 -0.0276706 0.240297 0.0326236 0.970151 -2.02478 2.60696 0.943341</i>
                        <i>0.972505 0.0254602 -0.231487 -0.0279708 0.99958 -0.00756916 0.231197 0.0138359 0.972809 -2.02785 2.58814 0.933929</i>
                        <i>0.974738 0.0382493 -0.22005 -0.0232496 0.997251 0.0703561 0.222136 -0.0634627 0.972948 -2.02805 2.59784 0.953818</i>
                        <i>0.976469 0.0517658 -0.209353 -0.0168164 0.986085 0.16539 0.215001 -0.157977 0.963752 -2.02684 2.59355 0.989534</i>
                        <i>0.97719 0.0625715 -0.202938 -0.01397 0.972478 0.232574 0.211905 -0.224434 0.951171 -2.02617 2.58094 1.02194</i>
                        <i>0.97725 0.0681219 -0.200852 -0.0133101 0.964845 0.262481 0.211672 -0.253836 0.943802 -2.02596 2.57074 1.0402</i>
                        <i>0.977362 0.068567 -0.200155 -0.00993088 0.959854 0.280323 0.211341 -0.27199 0.938806 -2.02471 2.5657 1.05059</i>
                        <i>0.977539 0.0652952 -0.200385 -0.00407393 0.956473 0.291792 0.210715 -0.284422 0.935256 -2.02243 2.56451 1.05693</i>
                        <i>0.977728 0.0590268 -0.201407 0.0033414 0.955137 0.296145 0.209852 -0.290222 0.933667 -2.01957 2.56489 1.05819</i>
                        <i>0.977886 0.0500471 -0.203061 0.0119495 0.955988 0.293161 0.208796 -0.289105 0.93425 -2.01631 2.56683 1.05361</i>
                        <i>0.978004 0.0392939 -0.204849 0.0216044 0.95773 0.286855 0.207462 -0.284972 0.935816 -2.01265 2.56936 1.04631</i>
                        <i>0.978081 0.0280745 -0.206325 0.0322766 0.958452 0.283423 0.205709 -0.28387 0.936537 -2.00844 2.57114 1.04142</i>
                        <i>0.978091 0.0172289 -0.207463 0.0437756 0.957265 0.285879 0.203522 -0.288697 0.935539 -2.00374 2.57158 1.0412</i>
                        <i>0.977999 0.00694483 -0.208494 0.0556943 0.954476 0.293043 0.201038 -0.298208 0.93309 -1.99872 2.57093 1.04479</i>
                        <i>0.977777 -0.0029783 -0.209625 0.0675039 0.95112 0.301352 0.198481 -0.308806 0.930185 -1.99366 2.56988 1.04958</i>
                        <i>0.977433 -0.0122741 -0.210887 0.0788313 0.947386 0.310233 0.195983 -0.319857 0.926975 -1.98875 2.56851 1.05515</i>
                        <i>0.976993 -0.0206797 -0.212267 0.0893049 0.943496 0.319122 0.193674 -0.330737 0.923636 -1.98413 2.56693 1.06111</i>
                        <i>0.976496 -0.027937 -0.213716 0.098554 0.939708 0.327468 0.191682 -0.340834 0.920375 -1.97997 2.56528 1.06703</i>
                        <i>0.975997 -0.0337952 -0.215146 0.106208 0.936309 0.334732 0.19013 -0.349547 0.917424 -1.97645 2.56369 1.07252</i>
                        <i>0.975555 -0.0380102 -0.216443 0.111896 0.933605 0.340385 0.189134 -0.356283 0.915036 -1.97372 2.56231 1.07719</i>
                        <i>0.974906 -0.0457025 -0.217873 0.112742 0.945269 0.306195 0.191955 -0.323075 0.926701 -1.97276 2.5657 1.06834</i>
                        <i>0.974021 -0.0564747 -0.2193 0.109243 0.965452 0.236576 0.198363 -0.254387 0.946541 -1.97346 2.57199 1.04719</i>
                        <i>0.973547 -0.0619152 -0.219936 0.106706 0.97437 0.198032 0.202038 -0.216262 0.955202 -1.97413 2.57479 1.03519</i>
                        <i>0.973547 -0.0619152 -0.219936 0.106706 0.97437 0.198032 0.202038 -0.216262 0.955202 -1.97413 2.57479 1.03519</i>
                        <i>0.973547 -0.0619152 -0.219936 0.106706 0.97437 0.198032 0.202038 -0.216262 0.955202 -1.97413 2.57479 1.03519</i>
                        <i>0.973547 -0.0619152 -0.219936 0.106706 0.97437 0.198032 0.202038 -0.216262 0.955202 -1.97413 2.57479 1.03519</i>
                        <i>0.973547 -0.0619152 -0.219936 0.106706 0.97437 0.198032 0.202038 -0.216262 0.955202 -1.97413 2.57479 1.03519</i>
                        <i>0.973547 -0.0619152 -0.219936 0.106706 0.97437 0.198032 0.202038 -0.216262 0.955202 -1.97413 2.57479 1.03519</i>
                        <i>0.973547 -0.0619152 -0.219936 0.106706 0.97437 0.198032 0.202038 -0.216262 0.955202 -1.97413 2.57479 1.03519</i>
                        <i>0.973547 -0.0619152 -0.219936 0.106706 0.97437 0.198032 0.202038 -0.216262 0.955202 -1.97413 2.57479 1.03519</i>
                        <i>0.973547 -0.0619152 -0.219936 0.106706 0.97437 0.198032 0.202038 -0.216262 0.955202 -1.97413 2.57479 1.03519</i>
                        <i>0.973547 -0.0619152 -0.219936 0.106706 0.97437 0.198032 0.202038 -0.216262 0.955202 -1.97413 2.57479 1.03519</i>
                        <i>0.973547 -0.0619152 -0.219936 0.106706 0.97437 0.198032 0.202038 -0.216262 0.955202 -1.97413 2.57479 1.03519</i>
                    </KeyFrames>
                </p>
            </i>
            <i>
                <p>
                    <Name><![CDATA[l_clav]]></Name>
                    <Exclude>0</Exclude>
                    <Additive>0</Additive>
                    <IKPriority>0</IKPriority>
                    <IKRotLimits>-1e+010 -1e+010 -1e+010 1e+010 1e+010 1e+010</IKRotLimits>
                    <IKRotLimitOrder>0</IKRotLimitOrder>
                    <KeyFrames count="40">
                        <i>0.611696 0.58438 -0.533224 -0.300853 0.795232 0.526396 0.731652 -0.161572 0.662253 -1.95759 2.07337 0.862125</i>
                        <i>0.643589 0.609344 -0.463133 -0.245824 0.737619 0.628879 0.72482 -0.290891 0.624515 -1.96109 2.11525 0.877266</i>
                        <i>0.663197 0.630922 -0.402626 -0.213976 0.675328 0.705795 0.717206 -0.381928 0.582878 -1.96249 2.13739 0.89748</i>
                        <i>0.651579 0.650288 -0.390602 -0.23687 0.663578 0.709617 0.720651 -0.36985 0.586407 -1.95972 2.11596 0.91129</i>
                        <i>0.626474 0.652056 -0.427028 -0.281341 0.7001 0.656283 0.726896 -0.291004 0.622044 -1.95615 2.08211 0.909496</i>
                        <i>0.606104 0.630348 -0.485077 -0.315437 0.75035 0.580925 0.730163 -0.199089 0.653625 -1.95428 2.05669 0.895892</i>
                        <i>0.594791 0.596664 -0.538717 -0.332858 0.792796 0.510568 0.73173 -0.124365 0.670152 -1.9541 2.0499 0.87773</i>
                        <i>0.58504 0.56804 -0.578843 -0.34856 0.820567 0.452963 0.732281 -0.0632402 0.67806 -1.95393 2.05743 0.861526</i>
                        <i>0.577582 0.555554 -0.598129 -0.361524 0.831011 0.422754 0.731915 -0.0279373 0.680823 -1.95354 2.07069 0.851575</i>
                        <i>0.57216 0.556646 -0.60231 -0.371717 0.830643 0.414559 0.731067 -0.013305 0.682176 -1.95294 2.08116 0.847954</i>
                        <i>0.56864 0.568276 -0.594736 -0.37913 0.822694 0.423597 0.730006 -0.0153919 0.683267 -1.95214 2.08205 0.850601</i>
                        <i>0.566711 0.584308 -0.580881 -0.383965 0.811082 0.441268 0.728978 -0.0270334 0.684003 -1.95129 2.07618 0.857006</i>
                        <i>0.565762 0.595359 -0.570491 -0.386643 0.802636 0.454185 0.7283 -0.0363845 0.684292 -1.9507 2.07016 0.8625</i>
                        <i>0.565713 0.59936 -0.566335 -0.387072 0.799445 0.459416 0.728109 -0.0406852 0.684253 -1.95045 2.06739 0.865861</i>
                        <i>0.566608 0.599677 -0.565104 -0.385425 0.799049 0.461484 0.728288 -0.0436753 0.683878 -1.95046 2.06739 0.867989</i>
                        <i>0.568052 0.596216 -0.567313 -0.382428 0.801613 0.459527 0.728743 -0.0440791 0.683367 -1.9507 2.0677 0.868299</i>
