<?xml version="1.0" encoding="ISO-8859-1" ?>
<Animl Version="1">
    <ModellingPackage><![CDATA[Maya.2010]]></ModellingPackage>
    <SrcFile><![CDATA[anims\turrets\mortar\blue\~src\mortar_m252\mortar_m252_fire_crewman_b.mb]]></SrcFile>
    <FramesPerSecond>30</FramesPerSecond>
    <TotalFrames>43</TotalFrames>
    <Skeleton>
        <RefFrame>
            <Name><![CDATA[soldier_ref_frame]]></Name>
            <Exclude>0</Exclude>
            <Additive>0</Additive>
            <IKPriority>0</IKPriority>
            <IKRotLimits>-1e+010 -1e+010 -1e+010 1e+010 1e+010 1e+010</IKRotLimits>
            <IKRotLimitOrder>0</IKRotLimitOrder>
            <KeyFrames count="43">
                <i>1 0 0 0 1 0 0 0 1 -1.5 2.23 -0.42</i>
                <i>1 0 0 0 1 0 0 0 1 -1.5 2.23 -0.42</i>
                <i>1 0 0 0 1 0 0 0 1 -1.5 2.23 -0.42</i>
                <i>1 0 0 0 1 0 0 0 1 -1.5 2.23 -0.42</i>
                <i>1 0 0 0 1 0 0 0 1 -1.5 2.23 -0.42</i>
                <i>1 0 0 0 1 0 0 0 1 -1.5 2.23 -0.42</i>
                <i>1 0 0 0 1 0 0 0 1 -1.5 2.23 -0.42</i>
                <i>1 0 0 0 1 0 0 0 1 -1.5 2.23 -0.42</i>
                <i>1 0 0 0 1 0 0 0 1 -1.5 2.23 -0.42</i>
                <i>1 0 0 0 1 0 0 0 1 -1.5 2.23 -0.42</i>
                <i>1 0 0 0 1 0 0 0 1 -1.5 2.23 -0.42</i>
                <i>1 0 0 0 1 0 0 0 1 -1.5 2.23 -0.42</i>
                <i>1 0 0 0 1 0 0 0 1 -1.5 2.23 -0.42</i>
                <i>1 0 0 0 1 0 0 0 1 -1.5 2.23 -0.42</i>
                <i>1 0 0 0 1 0 0 0 1 -1.5 2.23 -0.42</i>
                <i>1 0 0 0 1 0 0 0 1 -1.5 2.23 -0.42</i>
                <i>1 0 0 0 1 0 0 0 1 -1.5 2.23 -0.42</i>
                <i>1 0 0 0 1 0 0 0 1 -1.5 2.23 -0.42</i>
                <i>1 0 0 0 1 0 0 0 1 -1.5 2.23 -0.42</i>
                <i>1 0 0 0 1 0 0 0 1 -1.5 2.23 -0.42</i>
                <i>1 0 0 0 1 0 0 0 1 -1.5 2.23 -0.42</i>
                <i>1 0 0 0 1 0 0 0 1 -1.5 2.23 -0.42</i>
                <i>1 0 0 0 1 0 0 0 1 -1.5 2.23 -0.42</i>
                <i>1 0 0 0 1 0 0 0 1 -1.5 2.23 -0.42</i>
                <i>1 0 0 0 1 0 0 0 1 -1.5 2.23 -0.42</i>
                <i>1 0 0 0 1 0 0 0 1 -1.5 2.23 -0.42</i>
                <i>1 0 0 0 1 0 0 0 1 -1.5 2.23 -0.42</i>
                <i>1 0 0 0 1 0 0 0 1 -1.5 2.23 -0.42</i>
                <i>1 0 0 0 1 0 0 0 1 -1.5 2.23 -0.42</i>
                <i>1 0 0 0 1 0 0 0 1 -1.5 2.23 -0.42</i>
                <i>1 0 0 0 1 0 0 0 1 -1.5 2.23 -0.42</i>
                <i>1 0 0 0 1 0 0 0 1 -1.5 2.23 -0.42</i>
                <i>1 0 0 0 1 0 0 0 1 -1.5 2.23 -0.42</i>
                <i>1 0 0 0 1 0 0 0 1 -1.5 2.23 -0.42</i>
                <i>1 0 0 0 1 0 0 0 1 -1.5 2.23 -0.42</i>
                <i>1 0 0 0 1 0 0 0 1 -1.5 2.23 -0.42</i>
                <i>1 0 0 0 1 0 0 0 1 -1.5 2.23 -0.42</i>
                <i>1 0 0 0 1 0 0 0 1 -1.5 2.23 -0.42</i>
                <i>1 0 0 0 1 0 0 0 1 -1.5 2.23 -0.42</i>
                <i>1 0 0 0 1 0 0 0 1 -1.5 2.23 -0.42</i>
                <i>1 0 0 0 1 0 0 0 1 -1.5 2.23 -0.42</i>
                <i>1 0 0 0 1 0 0 0 1 -1.5 2.23 -0.42</i>
                <i>1 0 0 0 1 0 0 0 1 -1.5 2.23 -0.42</i>
            </KeyFrames>
        </RefFrame>
        <Bones count="23">
            <i>
                <p>
                    <Name><![CDATA[pelvis]]></Name>
                    <Exclude>0</Exclude>
                    <Additive>0</Additive>
                    <IKPriority>0</IKPriority>
                    <IKRotLimits>-1e+010 -1e+010 -1e+010 1e+010 1e+010 1e+010</IKRotLimits>
                    <IKRotLimitOrder>2</IKRotLimitOrder>
                    <KeyFrames count="43">
                        <i>1 0 0 0 1 0 0 0 1 -1.43482 2.84337 -0.90314</i>
                        <i>1 0 0 0 1 0 0 0 1 -1.43507 2.82144 -0.901582</i>
                        <i>1 0 0 0 1 0 0 0 1 -1.43596 2.81623 -0.900017</i>
                        <i>1 0 0 0 1 0 0 0 1 -1.43638 2.85637 -0.900154</i>
                        <i>1 0 0 0 1 0 0 0 1 -1.43539 2.91133 -0.900526</i>
                        <i>1 0 0 0 1 0 0 0 1 -1.43329 2.94142 -0.901068</i>
                        <i>1 0 0 0 1 0 0 0 1 -1.43039 2.92309 -0.901711</i>
                        <i>1 0 0 0 1 0 0 0 1 -1.42701 2.87994 -0.902391</i>
                        <i>1 0 0 0 1 0 0 0 1 -1.42347 2.84306 -0.903043</i>
                        <i>1 0 0 0 1 0 0 0 1 -1.42011 2.82844 -0.903602</i>
                        <i>1 0 0 0 1 0 0 0 1 -1.41724 2.8246 -0.904004</i>
                        <i>1 0 0 0 1 0 0 0 1 -1.41411 2.8235 -0.904189</i>
                        <i>1 0 0 0 1 0 0 0 1 -1.4102 2.82358 -0.904202</i>
                        <i>1 0 0 0 1 0 0 0 1 -1.40624 2.82451 -0.904134</i>
                        <i>1 0 0 0 1 0 0 0 1 -1.40296 2.82595 -0.904079</i>
                        <i>1 0 0 0 1 0 0 0 1 -1.40107 2.82757 -0.90413</i>
                        <i>1 0 0 0 1 0 0 0 1 -1.4013 2.82902 -0.904376</i>
                        <i>1 0 0 0 1 0 0 0 1 -1.40425 2.83052 -0.904871</i>
                        <i>1 0 0 0 1 0 0 0 1 -1.40948 2.83239 -0.905551</i>
                        <i>1 0 0 0 1 0 0 0 1 -1.41611 2.83445 -0.906339</i>
                        <i>1 0 0 0 1 0 0 0 1 -1.42324 2.83652 -0.907156</i>
                        <i>1 0 0 0 1 0 0 0 1 -1.43 2.83842 -0.907925</i>
                        <i>1 0 0 0 1 0 0 0 1 -1.43548 2.83999 -0.90857</i>
                        <i>1 0 0 0 1 0 0 0 1 -1.43879 2.84107 -0.909015</i>
                        <i>1 0 0 0 1 0 0 0 1 -1.43902 2.8415 -0.909186</i>
                        <i>1 0 0 0 1 0 0 0 1 -1.43761 2.84162 -0.908934</i>
                        <i>1 0 0 0 1 0 0 0 1 -1.43656 2.84185 -0.908256</i>
                        <i>1 0 0 0 1 0 0 0 1 -1.43582 2.84216 -0.907292</i>
                        <i>1 0 0 0 1 0 0 0 1 -1.43533 2.8425 -0.906182</i>
                        <i>1 0 0 0 1 0 0 0 1 -1.43503 2.84283 -0.905068</i>
                        <i>1 0 0 0 1 0 0 0 1 -1.43488 2.84311 -0.904093</i>
                        <i>1 0 0 0 1 0 0 0 1 -1.43482 2.8433 -0.903402</i>
                        <i>1 0 0 0 1 0 0 0 1 -1.43482 2.84337 -0.90314</i>
                        <i>1 0 0 0 1 0 0 0 1 -1.43482 2.84337 -0.90314</i>
                        <i>1 0 0 0 1 0 0 0 1 -1.43482 2.84337 -0.90314</i>
                        <i>1 0 0 0 1 0 0 0 1 -1.43482 2.84337 -0.90314</i>
                        <i>1 0 0 0 1 0 0 0 1 -1.43482 2.84337 -0.90314</i>
                        <i>1 0 0 0 1 0 0 0 1 -1.43482 2.84337 -0.90314</i>
                        <i>1 0 0 0 1 0 0 0 1 -1.43482 2.84337 -0.90314</i>
                        <i>1 0 0 0 1 0 0 0 1 -1.43482 2.84337 -0.90314</i>
                        <i>1 0 0 0 1 0 0 0 1 -1.43482 2.84337 -0.90314</i>
                        <i>1 0 0 0 1 0 0 0 1 -1.43482 2.84337 -0.90314</i>
                        <i>1 0 0 0 1 0 0 0 1 -1.43482 2.84337 -0.90314</i>
                    </KeyFrames>
                </p>
            </i>
            <i>
                <p>
                    <Name><![CDATA[spine0]]></Name>
                    <Exclude>0</Exclude>
                    <Additive>0</Additive>
                    <IKPriority>0</IKPriority>
                    <IKRotLimits>-1e+010 -1e+010 -1e+010 1e+010 1e+010 1e+010</IKRotLimits>
                    <IKRotLimitOrder>0</IKRotLimitOrder>
                    <KeyFrames count="43">
                        <i>0.0301547 0.728668 0.684203 -0.99786 0.0616767 -0.0217065 -0.0580162 -0.682084 0.728969 -1.43482 2.95543 -0.993356</i>
                        <i>0.00915565 0.70149 0.71262 -0.999327 0.0317367 -0.0184018 -0.0355249 -0.711972 0.701309 -1.44143 2.94451 -0.975804</i>
                        <i>-0.00950548 0.684833 0.728638 -0.999953 -0.00799282 -0.00553264 0.00203494 -0.728656 0.684876 -1.44645 2.94501 -0.963287</i>
                        <i>0.00187923 0.749115 0.662437 -0.998611 0.0362815 -0.0381959 -0.0526473 -0.661446 0.748143 -1.42905 2.97867 -0.975565</i>
                        <i>0.00840565 0.805165 0.592992 -0.996651 0.0549808 -0.0605255 -0.0813362 -0.590497 0.802931 -1.41262 3.02407 -0.986934</i>
                        <i>-0.0103243 0.813938 0.58086 -0.996517 0.0396959 -0.0733367 -0.0827492 -0.579594 0.810693 -1.41181 3.05674 -0.98436</i>
                        <i>-0.032211 0.823589 0.566272 -0.996059 0.0203898 -0.0863134 -0.0826329 -0.566821 0.819687 -1.41128 3.04298 -0.978895</i>
                        <i>-0.0556253 0.831826 0.552243 -0.995178 -0.00143903 -0.098073 -0.0807849 -0.555035 0.827895 -1.41111 3.0049 -0.971886</i>
                        <i>-0.0788193 0.83669 0.541975 -0.99386 -0.0236009 -0.108102 -0.0776568 -0.547168 0.833413 -1.41113 2.97237 -0.964865</i>
                        <i>-0.0996909 0.837062 0.537949 -0.99225 -0.0433298 -0.116458 -0.0741737 -0.545389 0.834894 -1.41092 2.96065 -0.959553</i>
                        <i>-0.115866 0.832702 0.541464 -0.990689 -0.0576533 -0.123331 -0.071481 -0.550713 0.831629 -1.40999 2.95785 -0.957749</i>
                        <i>-0.12814 0.820813 0.556639 -0.98948 -0.0678076 -0.127793 -0.0671495 -0.567159 0.820867 -1.4076 2.95558 -0.960831</i>
                        <i>-0.138117 0.800256 0.583536 -0.98865 -0.0762359 -0.129455 -0.0591106 -0.594793 0.801702 -1.40383 2.95255 -0.967622</i>
                        <i>-0.144853 0.774174 0.616176 -0.988213 -0.0820265 -0.129253 -0.0495215 -0.627636 0.776931 -1.39953 2.94893 -0.976052</i>
                        <i>-0.147764 0.747725 0.647359 -0.988173 -0.0844868 -0.127971 -0.0409938 -0.658612 0.751366 -1.39559 2.94521 -0.984197</i>
                        <i>-0.146796 0.727134 0.670617 -0.988522 -0.0833663 -0.125993 -0.0357068 -0.681415 0.731026 -1.39298 2.94239 -0.990418</i>
                        <i>-0.142169 0.718316 0.681036 -0.989237 -0.0790378 -0.123143 -0.0346278 -0.691213 0.721821 -1.39268 2.94176 -0.993322</i>
                        <i>-0.13378 0.718166 0.682891 -0.990351 -0.0717378 -0.118568 -0.0361627 -0.692164 0.720834 -1.39588 2.94278 -0.99445</i>
                        <i>-0.121819 0.719672 0.683544 -0.991798 -0.0614227 -0.112086 -0.0386802 -0.691592 0.721252 -1.40238 2.94397 -0.996089</i>
                        <i>-0.106883 0.722394 0.683171 -0.993372 -0.048363 -0.104274 -0.042287 -0.689788 0.722775 -1.41095 2.9452 -0.998009</i>
                        <i>-0.089662 0.725908 0.681923 -0.994866 -0.0330136 -0.095666 -0.0469319 -0.687 0.725141 -1.42034 2.94638 -0.999987</i>
                        <i>-0.0709783 0.729857 0.679905 -0.996104 -0.0161042 -0.0867004 -0.0523296 -0.68341 0.728157 -1.42931 2.94742 -1.00182</i>
                        <i>-0.0517961 0.733989 0.677183 -0.996978 0.00131202 -0.0776784 -0.0579036 -0.67916 0.731703 -1.43659 2.94824 -1.00332</i>
                        <i>-0.0332037 0.738175 0.673792 -0.997473 0.0178878 -0.0687514 -0.0628032 -0.674372 0.735716 -1.44089 2.9488 -1.00433</i>
                        <i>-0.016365 0.74241 0.669746 -0.997682 0.0321225 -0.0599855 -0.0660478 -0.669176 0.740163 -1.4409 2.94905 -1.00471</i>
                        <i>-0.00246367 0.745024 0.667033 -0.997741 0.0429462 -0.0516528 -0.0671291 -0.665653 0.743236 -1.43869 2.94936 -1.00425</i>
                        <i>0.0083549 0.744888 0.667137 -0.99774 0.0506877 -0.0440999 -0.0666651 -0.665261 0.743629 -1.43711 2.95012 -1.00299</i>
                        <i>0.0164871 0.742814 0.669295 -0.997731 0.055925 -0.0374904 -0.0652788 -0.667158 0.74205 -1.43603 2.95116 -1.00118</i>
                        <i>0.0223299 0.739548 0.672733 -0.997736 0.0591827 -0.0319431 -0.0634376 -0.670497 0.739195 -1.43535 2.95233 -0.999099</i>
                        <i>0.0262647 0.735803 0.676686 -0.997761 0.0609419 -0.0275392 -0.0615019 -0.674447 0.735757 -1.43498 2.95349 -0.997</i>
                        <i>0.0286525 0.732278 0.680402 -0.997801 0.0616529 -0.024335 -0.0597687 -0.678209 0.732435 -1.43483 2.95448 -0.995159</i>
                        <i>0.0298368 0.729668 0.68315 -0.997841 0.061751 -0.0223749 -0.0585115 -0.681007 0.729935 -1.4348 2.95517 -0.993853</i>
                        <i>0.0301547 0.728668 0.684203 -0.99786 0.0616767 -0.0217065 -0.0580162 -0.682084 0.728969 -1.43482 2.95543 -0.993356</i>
                        <i>0.029966 0.728352 0.684548 -0.997883 0.0613472 -0.0215905 -0.0577206 -0.682452 0.728648 -1.43482 2.95543 -0.993356</i>
                        <i>0.0298564 0.728168 0.684748 -0.997896 0.0611556 -0.0215231 -0.0575486 -0.682665 0.728462 -1.43482 2.95543 -0.993356</i>
                        <i>0.0298121 0.728094 0.684829 -0.997901 0.061078 -0.0214958 -0.057479 -0.682751 0.728387 -1.43482 2.95543 -0.993356</i>
                        <i>0.0298191 0.728105 0.684816 -0.997901 0.0610903 -0.0215001 -0.05749 -0.682737 0.728399 -1.43482 2.95543 -0.993356</i>
                        <i>0.0298634 0.72818 0.684735 -0.997895 0.0611678 -0.0215274 -0.0575596 -0.682651 0.728474 -1.43482 2.95543 -0.993356</i>
                        <i>0.029931 0.728293 0.684612 -0.997887 0.0612861 -0.021569 -0.0576657 -0.68252 0.728589 -1.43482 2.95543 -0.993356</i>
                        <i>0.0300079 0.728422 0.684471 -0.997878 0.0614205 -0.0216163 -0.0577864 -0.68237 0.728719 -1.43482 2.95543 -0.993356</i>
                        <i>0.0300802 0.728543 0.684339 -0.997869 0.0615466 -0.0216607 -0.0578995 -0.682229 0.728842 -1.43482 2.95543 -0.993356</i>
                        <i>0.0301338 0.728633 0.684241 -0.997863 0.0616401 -0.0216936 -0.0579834 -0.682125 0.728933 -1.43482 2.95543 -0.993356</i>
                        <i>0.0301547 0.728668 0.684203 -0.99786 0.0616767 -0.0217065 -0.0580162 -0.682084 0.728969 -1.43482 2.95543 -0.993356</i>
                    </KeyFrames>
                </p>
            </i>
            <i>
                <p>
                    <Name><![CDATA[spine1]]></Name>
                    <Exclude>0</Exclude>
                    <Additive>0</Additive>
                    <IKPriority>0</IKPriority>
                    <IKRotLimits>-1e+010 -1e+010 -1e+010 1e+010 1e+010 1e+010</IKRotLimits>
                    <IKRotLimitOrder>0</IKRotLimitOrder>
                    <KeyFrames count="43">
                        <i>0.00570934 0.184669 0.982784 -0.843725 0.528412 -0.0943891 -0.536746 -0.82866 0.158826 -1.42861 3.10521 -0.852999</i>
                        <i>0.0326037 0.16052 0.986494 -0.84012 0.539078 -0.0599515 -0.54142 -0.826818 0.152432 -1.43963 3.08208 -0.836269</i>
                        <i>0.0399512 0.143829 0.988796 -0.853442 0.519565 -0.0410928 -0.519654 -0.842238 0.143507 -1.44826 3.07551 -0.824606</i>
                        <i>-0.0550934 0.200204 0.978204 -0.907389 0.398785 -0.132722 -0.416665 -0.894924 0.159692 -1.42868 3.12517 -0.846211</i>
                        <i>-0.136954 0.267982 0.95364 -0.940926 0.265775 -0.209813 -0.30968 -0.926039 0.215753 -1.41092 3.1858 -0.868045</i>
                        <i>-0.151776 0.284737 0.946514 -0.945277 0.238001 -0.223175 -0.288818 -0.92859 0.233033 -1.41383 3.21744 -0.869865</i>
                        <i>-0.165887 0.312783 0.935226 -0.949722 0.20469 -0.236916 -0.265535 -0.927507 0.263102 -1.41742 3.20028 -0.870887</i>
                        <i>-0.179305 0.348359 0.920052 -0.953199 0.169897 -0.250092 -0.243436 -0.921836 0.301592 -1.42129 3.15723 -0.870835</i>
                        <i>-0.191993 0.385431 0.902542 -0.95541 0.136823 -0.261669 -0.224344 -0.912536 0.341976 -1.42497 3.11933 -0.869703</i>
                        <i>-0.203818 0.414602 0.886884 -0.956578 0.108469 -0.270542 -0.208367 -0.903515 0.374491 -1.42788 3.10308 -0.868009</i>
                        <i>-0.214408 0.424227 0.879807 -0.957232 0.0878835 -0.275652 -0.19426 -0.901281 0.387241 -1.42947 3.09783 -0.866703</i>
                        <i>-0.221117 0.405429 0.886981 -0.958548 0.0772386 -0.274263 -0.179703 -0.910858 0.371544 -1.42944 3.09548 -0.865945</i>
                        <i>-0.222485 0.367519 0.903012 -0.960962 0.0735889 -0.266713 -0.164474 -0.9271 0.3368 -1.42817 3.09357 -0.864833</i>
                        <i>-0.220118 0.325279 0.919642 -0.963865 0.0724822 -0.25634 -0.15004 -0.942836 0.297571 -1.42613 3.09117 -0.862938</i>
                        <i>-0.215574 0.288565 0.932876 -0.966669 0.0720711 -0.245677 -0.138127 -0.954744 0.26341 -1.42383 3.08822 -0.860542</i>
                        <i>-0.209926 0.262435 0.941838 -0.968833 0.0737308 -0.236487 -0.131505 -0.962129 0.238777 -1.42189 3.08573 -0.858433</i>
                        <i>-0.203837 0.24986 0.946584 -0.969794 0.0807887 -0.23016 -0.133981 -0.964906 0.225845 -1.42106 3.08529 -0.857481</i>
                        <i>-0.19287 0.24582 0.949933 -0.968873 0.105412 -0.223994 -0.155197 -0.963567 0.217837 -1.42267 3.08673 -0.857815</i>
                        <i>-0.173842 0.242881 0.954352 -0.964764 0.152364 -0.214515 -0.19751 -0.958016 0.207836 -1.42685 3.08869 -0.858879</i>
                        <i>-0.149178 0.240728 0.95906 -0.955833 0.213291 -0.202213 -0.253237 -0.946867 0.198278 -1.43249 3.09097 -0.860415</i>
                        <i>-0.121349 0.2391 0.963382 -0.941491 0.279723 -0.188016 -0.314435 -0.929831 0.191166 -1.43847 3.09335 -0.862182</i>
                        <i>-0.0928727 0.237804 0.966863 -0.922941 0.343772 -0.173206 -0.37357 -0.908444 0.187552 -1.44371 3.09567 -0.863973</i>
                        <i>-0.0662769 0.23674 0.96931 -0.903137 0.398768 -0.159146 -0.424206 -0.885967 0.18738 -1.44712 3.09777 -0.865621</i>
                        <i>-0.0440677 0.235932 0.97077 -0.886191 0.439378 -0.147013 -0.46122 -0.866766 0.189718 -1.44765 3.09955 -0.867</i>
                        <i>-0.0287105 0.235574 0.971432 -0.876611 0.461071 -0.137718 -0.480342 -0.855522 0.193269 -1.44423 3.10088 -0.868011</i>
                        <i>-0.0186612 0.233318 0.972221 -0.871817 0.472248 -0.130066 -0.489476 -0.850026 0.194598 -1.43918 3.10187 -0.867981</i>
                        <i>-0.0106887 0.227449 0.973731 -0.866518 0.483871 -0.122537 -0.499031 -0.845066 0.191916 -1.43539 3.10274 -0.866574</i>
                        <i>-0.00462694 0.219226 0.975663 -0.861042 0.495275 -0.115369 -0.508513 -0.84062 0.186471 -1.43264 3.10348 -0.86421</i>
                        <i>-0.000244023 0.209871 0.977729 -0.855744 0.505833 -0.108791 -0.5174 -0.836712 0.179472 -1.43076 3.1041 -0.861315</i>
                        <i>0.00272157 0.200574 0.979675 -0.850995 0.514961 -0.103067 -0.525166 -0.833418 0.172089 -1.42958 3.10459 -0.858317</i>
                        <i>0.0045358 0.192506 0.981285 -0.84717 0.522109 -0.0985103 -0.531302 -0.830869 0.165454 -1.42893 3.10493 -0.855644</i>
                        <i>0.00545305 0.186822 0.982379 -0.844633 0.526761 -0.0954874 -0.535318 -0.829229 0.160668 -1.42866 3.10514 -0.853728</i>
                        <i>0.00570934 0.184669 0.982784 -0.843725 0.528412 -0.0943891 -0.536746 -0.82866 0.158826 -1.42861 3.10521 -0.852999</i>
                        <i>0.00574298 0.184725 0.982773 -0.843557 0.528671 -0.0944413 -0.53701 -0.828483 0.158862 -1.42865 3.10513 -0.85294</i>
                        <i>0.00576254 0.184758 0.982767 -0.843459 0.528821 -0.0944716 -0.537163 -0.828379 0.158883 -1.42867 3.10509 -0.852906</i>
                        <i>0.00577046 0.184771 0.982765 -0.843419 0.528882 -0.0944839 -0.537225 -0.828338 0.158892 -1.42868 3.10507 -0.852893</i>
                        <i>0.00576921 0.184769 0.982765 -0.843426 0.528873 -0.0944819 -0.537215 -0.828344 0.15889 -1.42868 3.10507 -0.852895</i>
                        <i>0.0057613 0.184756 0.982768 -0.843465 0.528812 -0.0944697 -0.537153 -0.828386 0.158882 -1.42867 3.10509 -0.852909</i>
                        <i>0.00574922 0.184736 0.982771 -0.843526 0.528719 -0.0944509 -0.537058 -0.82845 0.158869 -1.42866 3.10512 -0.852929</i>
                        <i>0.0057355 0.184713 0.982776 -0.843594 0.528614 -0.0944297 -0.536951 -0.828522 0.158854 -1.42864 3.10515 -0.852953</i>
                        <i>0.00572262 0.184691 0.98278 -0.843658 0.528514 -0.0944097 -0.53685 -0.82859 0.158841 -1.42863 3.10518 -0.852976</i>
                        <i>0.00571307 0.184675 0.982783 -0.843706 0.528441 -0.0943949 -0.536775 -0.828641 0.15883 -1.42862 3.1052 -0.852992</i>
                        <i>0.00570934 0.184669 0.982784 -0.843725 0.528412 -0.0943891 -0.536746 -0.82866 0.158826 -1.42861 3.10521 -0.852999</i>
                    </KeyFrames>
                </p>
            </i>
            <i>
                <p>
                    <Name><![CDATA[spine2]]></Name>
                    <Exclude>0</Exclude>
                    <Additive>0</Additive>
                    <IKPriority>0</IKPriority>
                    <IKRotLimits>-1e+010 -1e+010 -1e+010 1e+010 1e+010 1e+010</IKRotLimits>
                    <IKRotLimitOrder>0</IKRotLimitOrder>
                    <KeyFrames count="43">
                        <i>-0.0690164 0.227433 0.971345 -0.900262 0.405325 -0.158869 -0.429842 -0.88543 0.176775 -1.42829 3.1396 -0.667556</i>
                        <i>-0.0332594 0.261037 0.964756 -0.895054 0.421738 -0.144968 -0.444716 -0.86833 0.219616 -1.43446 3.11065 -0.658673</i>
                        <i>-0.0232696 0.269553 0.962704 -0.894148 0.42511 -0.140641 -0.447166 -0.864073 0.231128 -1.44193 3.1004 -0.651623</i>
                        <i>-0.112797 0.262253 0.958384 -0.906031 0.368817 -0.207559 -0.407902 -0.891738 0.196008 -1.43912 3.16067 -0.670618</i>
                        <i>-0.189624 0.274766 0.942627 -0.910332 0.310512 -0.273638 -0.367883 -0.909992 0.191248 -1.43662 3.23463 -0.692186</i>
                        <i>-0.202487 0.30685 0.929969 -0.911056 0.289235 -0.293804 -0.359133 -0.906745 0.220991 -1.44175 3.26851 -0.698283</i>
                        <i>-0.211194 0.367302 0.905807 -0.910312 0.263602 -0.319134 -0.355991 -0.891966 0.278688 -1.44687 3.25467 -0.706882</i>
                        <i>-0.2176 0.441884 0.870281 -0.908242 0.234841 -0.346333 -0.357417 -0.865787 0.350236 -1.45175 3.21547 -0.716114</i>
                        <i>-0.222977 0.516104 0.826994 -0.905557 0.204412 -0.371728 -0.360898 -0.831777 0.421782 -1.4562 3.18127 -0.724137</i>
                        <i>-0.228741 0.57492 0.785585 -0.903615 0.174819 -0.391047 -0.362156 -0.799315 0.479518 -1.45998 3.16774 -0.729434</i>
                        <i>-0.236894 0.603107 0.761671 -0.904187 0.149949 -0.399951 -0.355425 -0.783439 0.509799 -1.46281 3.16323 -0.730888</i>
                        <i>-0.247041 0.593421 0.766043 -0.909858 0.129913 -0.394058 -0.333361 -0.794339 0.507835 -1.46428 3.15882 -0.727103</i>
                        <i>-0.256285 0.55795 0.78931 -0.919664 0.110619 -0.376805 -0.297551 -0.822469 0.484776 -1.46441 3.15283 -0.71869</i>
                        <i>-0.263018 0.509977 0.81899 -0.930238 0.0910952 -0.355469 -0.255887 -0.855351 0.45044 -1.46351 3.14572 -0.707746</i>
                        <i>-0.266181 0.460536 0.846791 -0.939189 0.0738181 -0.335372 -0.216959 -0.884566 0.412881 -1.46194 3.13847 -0.696665</i>
                        <i>-0.26526 0.419406 0.868179 -0.945428 0.0635648 -0.31957 -0.189215 -0.90557 0.379657 -1.46014 3.13272 -0.687916</i>
                        <i>-0.260129 0.396518 0.880401 -0.948542 0.0655618 -0.309791 -0.180558 -0.915683 0.35906 -1.45871 3.13058 -0.68378</i>
                        <i>-0.249344 0.385875 0.888216 -0.94965 0.0822517 -0.302324 -0.189716 -0.918877 0.345937 -1.45845 3.13141 -0.68296</i>
                        <i>-0.232653 0.374712 0.897476 -0.949935 0.110334 -0.292318 -0.208557 -0.920553 0.330283 -1.45928 3.13297 -0.682646</i>
                        <i>-0.211797 0.363286 0.907284 -0.948824 0.146084 -0.279987 -0.234255 -0.920154 0.313755 -1.46053 3.13501 -0.682728</i>
                        <i>-0.188534 0.35189 0.916858 -0.945947 0.185798 -0.265824 -0.263891 -0.917416 0.29784 -1.4615 3.13725 -0.683097</i>
                        <i>-0.164606 0.340845 0.925597 -0.941373 0.22588 -0.25059 -0.294486 -0.912581 0.283681 -1.46158 3.13949 -0.683654</i>
                        <i>-0.14169 0.330502 0.933109 -0.935707 0.262923 -0.23521 -0.323073 -0.906444 0.272 -1.46013 3.14155 -0.684309</i>
                        <i>-0.121351 0.321251 0.939187 -0.930068 0.293748 -0.22065 -0.346768 -0.900284 0.263138 -1.45657 3.1433 -0.684982</i>
                        <i>-0.105005 0.313543 0.94375 -0.925939 0.315367 -0.207798 -0.362782 -0.895675 0.257207 -1.4503 3.14464 -0.685597</i>
                        <i>-0.0927176 0.304626 0.947948 -0.922672 0.331581 -0.1968 -0.374272 -0.892892 0.250327 -1.44337 3.14525 -0.685249</i>
                        <i>-0.0835184 0.292373 0.95265 -0.918744 0.347637 -0.187237 -0.385919 -0.89088 0.239582 -1.43809 3.14505 -0.683396</i>
                        <i>-0.0770493 0.278222 0.957422 -0.914484 0.362856 -0.179038 -0.397219 -0.889341 0.226472 -1.43422 3.14429 -0.680518</i>
                        <i>-0.0728644 0.26358 0.961882 -0.910234 0.376612 -0.172153 -0.407633 -0.888081 0.212478 -1.43153 3.14318 -0.6771</i>
                        <i>-0.0704701 0.249828 0.965723 -0.906346 0.38831 -0.166591 -0.416619 -0.887018 0.199066 -1.4298 3.14194 -0.673622</i>
                        <i>-0.0693579 0.238326 0.968706 -0.903168 0.397373 -0.162429 -0.423648 -0.886169 0.187687 -1.42882 3.14078 -0.67056</i>
                        <i>-0.0690295 0.230417 0.970641 -0.901036 0.403234 -0.159802 -0.428217 -0.885613 0.179779 -1.42839 3.13993 -0.668383</i>
                        <i>-0.0690164 0.227433 0.971345 -0.900262 0.405325 -0.158869 -0.429842 -0.88543 0.176775 -1.42829 3.1396 -0.667556</i>
                        <i>-0.0687073 0.228171 0.971194 -0.900218 0.4054 -0.15893 -0.429985 -0.885205 0.177549 -1.42832 3.13953 -0.667516</i>
                        <i>-0.0685279 0.228599 0.971106 -0.900192 0.405444 -0.158966 -0.430068 -0.885075 0.177999 -1.42834 3.13949 -0.667493</i>
                        <i>-0.0684553 0.228772 0.97107 -0.900181 0.405462 -0.15898 -0.430102 -0.885022 0.17818 -1.42835 3.13947 -0.667484</i>
                        <i>-0.0684668 0.228745 0.971076 -0.900183 0.405459 -0.158978 -0.430097 -0.88503 0.178152 -1.42835 3.13947 -0.667485</i>
                        <i>-0.0685393 0.228572 0.971111 -0.900193 0.405441 -0.158963 -0.430063 -0.885083 0.17797 -1.42834 3.13949 -0.667495</i>
                        <i>-0.0686501 0.228308 0.971166 -0.900209 0.405414 -0.158942 -0.430012 -0.885164 0.177693 -1.42833 3.13952 -0.667509</i>
                        <i>-0.068776 0.228007 0.971228 -0.900228 0.405383 -0.158917 -0.429954 -0.885255 0.177377 -1.42832 3.13954 -0.667525</i>
                        <i>-0.0688943 0.227724 0.971285 -0.900245 0.405354 -0.158893 -0.429899 -0.885341 0.177081 -1.4283 3.13957 -0.66754</i>
                        <i>-0.068982 0.227515 0.971328 -0.900257 0.405333 -0.158876 -0.429858 -0.885405 0.176861 -1.42829 3.13959 -0.667552</i>
                        <i>-0.0690164 0.227433 0.971345 -0.900262 0.405325 -0.158869 -0.429842 -0.88543 0.176775 -1.42829 3.1396 -0.667556</i>
                    </KeyFrames>
                </p>
            </i>
            <i>
                <p>
                    <Name><![CDATA[head]]></Name>
                    <Exclude>0</Exclude>
                    <Additive>0</Additive>
                    <IKPriority>0</IKPriority>
                    <IKRotLimits>-1e+010 -1e+010 -1e+010 1e+010 1e+010 1e+010</IKRotLimits>
                    <IKRotLimitOrder>0</IKRotLimitOrder>
                    <KeyFrames count="43">
                        <i>0.0264256 0.941376 0.336324 0.254309 0.319041 -0.912984 -0.966762 0.109656 -0.23097 -1.44348 3.2188 -0.43138</i>
                        <i>-0.0531666 0.67638 0.734632 0.251563 0.721017 -0.645639 -0.966379 0.15048 -0.208486 -1.44041 3.20138 -0.430075</i>
                        <i>-0.123364 0.386118 0.914163 0.251152 0.903357 -0.347661 -0.960054 0.186705 -0.208416 -1.4456 3.1949 -0.426444</i>
                        <i>-0.110366 0.550183 0.827719 0.324308 0.807159 -0.493274 -0.939491 0.213995 -0.267511 -1.46406 3.25128 -0.441006</i>
                        <i>-0.033192 0.763388 0.645087 0.376538 0.607436 -0.699457 -0.925806 0.219684 -0.307607 -1.48073 3.32609 -0.461828</i>
                        <i>-0.0240004 0.827245 0.561328 0.378868 0.527133 -0.760651 -0.925139 0.194413 -0.326068 -1.48889 3.36907 -0.473469</i>
                        <i>-0.0174393 0.887292 0.460879 0.382289 0.431843 -0.816925 -0.923878 0.161942 -0.346733 -1.49526 3.37195 -0.49324</i>
                        <i>-0.0130261 0.93529 0.353642 0.38691 0.330837 -0.860725 -0.922025 0.125616 -0.366183 -1.50029 3.35236 -0.518281</i>
                        <i>-0.0107168 0.967705 0.251857 0.391841 0.235792 -0.889305 -0.91997 0.0891574 -0.381714 -1.50443 3.33629 -0.544356</i>
                        <i>-0.0113369 0.985624 0.168573 0.395411 0.159262 -0.904591 -0.918434 0.0564005 -0.391533 -1.50823 3.33605 -0.5658</i>
                        <i>-0.0165999 0.993065 0.116385 0.395487 0.113429 -0.91144 -0.918321 0.0308988 -0.394628 -1.51244 3.33764 -0.576206</i>
                        <i>-0.0310561 0.994273 0.102261 0.387373 0.106287 -0.915776 -0.9214 0.0111726 -0.388455 -1.51706 3.33147 -0.57115</i>
                        <i>-0.055334 0.991376 0.118795 0.370555 0.13087 -0.919544 -0.927161 -0.00686199 -0.374601 -1.52116 3.31799 -0.55442</i>
                        <i>-0.0845753 0.984055 0.156467 0.348752 0.176332 -0.920478 -0.933391 -0.0232814 -0.358105 -1.52401 3.29983 -0.532064</i>
                        <i>-0.112857 0.972056 0.205842 0.325712 0.231911 -0.916585 -0.938709 -0.0363982 -0.342783 -1.52512 3.28034 -0.509691</i>
                        <i>-0.133962 0.956922 0.257595 0.305549 0.287158 -0.907843 -0.942706 -0.0429089 -0.330855 -1.52442 3.26393 -0.49202</i>
                        <i>-0.142204 0.942427 0.302671 0.29304 0.332154 -0.89655 -0.945466 -0.0387988 -0.323402 -1.52221 3.25574 -0.48291</i>
                        <i>-0.143794 0.923939 0.354486 0.285026 0.381696 -0.879243 -0.947673 -0.0253928 -0.318232 -1.51933 3.25373 -0.479239</i>
                        <i>-0.146906 0.893047 0.425306 0.275637 0.449899 -0.849479 -0.94997 -0.0075632 -0.31225 -1.51616 3.25221 -0.475615</i>
                        <i>-0.149956 0.850281 0.504515 0.266253 0.526163 -0.807628 -0.952167 0.0132202 -0.305291 -1.51237 3.25102 -0.472189</i>
                        <i>-0.151822 0.798708 0.58225 0.258063 0.600677 -0.756697 -0.954124 0.035374 -0.297314 -1.50771 3.24999 -0.469088</i>
                        <i>-0.151685 0.74428 0.650414 0.251832 0.665413 -0.702714 -0.95581 0.0572037 -0.288367 -1.50192 3.24901 -0.466401</i>
                        <i>-0.148734 0.695221 0.703239 0.247743 0.714667 -0.654121 -0.957341 0.0769323 -0.278532 -1.49478 3.24804 -0.464177</i>
                        <i>-0.141924 0.660854 0.736973 0.245364 0.744762 -0.620586 -0.958986 0.0927506 -0.267849 -1.48605 3.24709 -0.46242</i>
                        <i>-0.129938 0.650251 0.748525 0.24362 0.75272 -0.611605 -0.961127 0.102885 -0.256221 -1.47547 3.24624 -0.461103</i>
                        <i>-0.111778 0.670077 0.733827 0.244092 0.734345 -0.633369 -0.963288 0.108325 -0.245645 -1.46519 3.24444 -0.458946</i>
                        <i>-0.0888892 0.714064 0.694415 0.24745 0.691149 -0.67903 -0.964815 0.111474 -0.238131 -1.45738 3.24103 -0.455113</i>
                        <i>-0.0633741 0.770168 0.634685 0.251306 0.627786 -0.736702 -0.965831 0.112812 -0.233333 -1.45172 3.23659 -0.450241</i>
                        <i>-0.0373432 0.827099 0.560815 0.254169 0.550611 -0.795126 -0.966439 0.112849 -0.230784 -1.44785 3.2317 -0.444955</i>
                        <i>-0.0130157 0.876148 0.481866 0.255452 0.468829 -0.845544 -0.966734 0.112088 -0.229916 -1.44543 3.22691 -0.439856</i>
                        <i>0.0072986 0.912298 0.409463 0.255367 0.394196 -0.882835 -0.966817 0.111007 -0.230094 -1.44412 3.22279 -0.435522</i>
                        <i>0.0212413 0.934013 0.356606 0.254683 0.339864 -0.905334 -0.966791 0.110052 -0.230658 -1.44358 3.2199 -0.432512</i>
                        <i>0.0264256 0.941376 0.336324 0.254309 0.319041 -0.912984 -0.966762 0.109656 -0.23097 -1.44348 3.2188 -0.43138</i>
                        <i>0.0268327 0.941751 0.335239 0.254002 0.31793 -0.913457 -0.966831 0.109662 -0.230676 -1.44341 3.21894 -0.431436</i>
                        <i>0.0270688 0.941968 0.334609 0.253823 0.317284 -0.913731 -0.966872 0.109665 -0.230505 -1.44337 3.21902 -0.431469</i>
                        <i>0.0271642 0.942056 0.334354 0.253751 0.317023 -0.913842 -0.966888 0.109667 -0.230436 -1.44336 3.21905 -0.431483</i>
                        <i>0.0271492 0.942042 0.334394 0.253763 0.317065 -0.913824 -0.966885 0.109666 -0.230447 -1.44336 3.21904 -0.431481</i>
                        <i>0.0270538 0.941954 0.334649 0.253835 0.317326 -0.913714 -0.966869 0.109665 -0.230516 -1.44337 3.21901 -0.431467</i>
                        <i>0.0269081 0.94182 0.335038 0.253945 0.317724 -0.913545 -0.966844 0.109663 -0.230621 -1.4434 3.21896 -0.431447</i>
                        <i>0.0267423 0.941668 0.33548 0.25407 0.318177 -0.913352 -0.966816 0.109661 -0.230741 -1.44342 3.21891 -0.431424</i>
                        <i>0.0265865 0.941524 0.335895 0.254188 0.318602 -0.913171 -0.966789 0.109658 -0.230853 -1.44345 3.21886 -0.431402</i>
                        <i>0.0264708 0.941418 0.336203 0.254275 0.318918 -0.913037 -0.96677 0.109657 -0.230937 -1.44347 3.21882 -0.431386</i>
                        <i>0.0264256 0.941376 0.336324 0.254309 0.319041 -0.912984 -0.966762 0.109656 -0.23097 -1.44348 3.2188 -0.43138</i>
                    </KeyFrames>
                </p>
            </i>
            <i>
                <p>
                    <Name><![CDATA[head_prop]]></Name>
                    <Exclude>0</Exclude>
                    <Additive>0</Additive>
                    <IKPriority>0</IKPriority>
                    <IKRotLimits>-1e+010 -1e+010 -1e+010 1e+010 1e+010 1e+010</IKRotLimits>
                    <IKRotLimitOrder>0</IKRotLimitOrder>
                    <KeyFrames count="43">
                        <i>0.966762 -0.109656 0.23097 0.0264256 0.941376 0.336324 -0.254309 -0.319041 0.912984 -1.43486 3.5256 -0.321769</i>
                        <i>0.966379 -0.15048 0.208486 -0.0531666 0.67638 0.734632 -0.251563 -0.721017 0.645639 -1.45774 3.42181 -0.190652</i>
                        <i>0.960054 -0.186705 0.208416 -0.123364 0.386118 0.914163 -0.251152 -0.903357 0.347661 -1.4858 3.32074 -0.12851</i>
                        <i>0.939491 -0.213995 0.267511 -0.110366 0.550183 0.827719 -0.324308 -0.807159 0.493274 -1.50003 3.43059 -0.171245</i>
                        <i>0.925806 -0.219684 0.307607 -0.033192 0.763388 0.645087 -0.376538 -0.607436 0.699457 -1.49155 3.57489 -0.251588</i>
                        <i>0.925139 -0.194413 0.326068 -0.0240004 0.827245 0.561328 -0.378868 -0.527133 0.760651 -1.49671 3.63868 -0.290527</i>
                        <i>0.923878 -0.161942 0.346733 -0.0174393 0.887292 0.460879 -0.382289 -0.431843 0.816925 -1.50094 3.66113 -0.343036</i>
                        <i>0.922025 -0.125616 0.366183 -0.0130261 0.93529 0.353642 -0.38691 -0.330837 0.860725 -1.50454 3.65718 -0.403026</i>
                        <i>0.91997 -0.0891574 0.381714 -0.0107168 0.967705 0.251857 -0.391841 -0.235792 0.889305 -1.50792 3.65168 -0.462273</i>
                        <i>0.918434 -0.0564005 0.391533 -0.0113369 0.985624 0.168573 -0.395411 -0.159262 0.904591 -1.51192 3.65728 -0.510861</i>
                        <i>0.918321 -0.0308988 0.394628 -0.0165999 0.993065 0.116385 -0.395487 -0.113429 0.91144 -1.51785 3.66129 -0.538275</i>
                        <i>0.9214 -0.0111726 0.388455 -0.0310561 0.994273 0.102261 -0.387373 -0.106287 0.915776 -1.52718 3.65551 -0.537822</i>
                        <i>0.927161 0.00686199 0.374601 -0.055334 0.991376 0.118795 -0.370555 -0.13087 0.919544 -1.53919 3.64109 -0.515703</i>
                        <i>0.933391 0.0232814 0.358105 -0.0845753 0.984055 0.156467 -0.348752 -0.176332 0.920478 -1.55158 3.62054 -0.48107</i>
                        <i>0.938709 0.0363982 0.342783 -0.112857 0.972056 0.205842 -0.325712 -0.231911 0.916585 -1.5619 3.59714 -0.442605</i>
                        <i>0.942706 0.0429089 0.330855 -0.133962 0.956922 0.257595 -0.305549 -0.287158 0.907843 -1.56808 3.5758 -0.408067</i>
                        <i>0.945466 0.0387988 0.323402 -0.142204 0.942427 0.302671 -0.29304 -0.332154 0.89655 -1.56855 3.56289 -0.384266</i>
                        <i>0.947673 0.0253928 0.318232 -0.143794 0.923939 0.354486 -0.285026 -0.381696 0.879243 -1.56619 3.55485 -0.363709</i>
                        <i>0.94997 0.0075632 0.31225 -0.146906 0.893047 0.425306 -0.275637 -0.449899 0.849479 -1.56403 3.54327 -0.337004</i>
                        <i>0.952167 -0.0132202 0.305291 -0.149956 0.850281 0.504515 -0.266253 -0.526163 0.807628 -1.56125 3.52813 -0.307763</i>
                        <i>0.954124 -0.035374 0.297314 -0.151822 0.798708 0.58225 -0.258063 -0.600677 0.756697 -1.55719 3.51029 -0.279327</i>
                        <i>0.95581 -0.0572037 0.288367 -0.151685 0.74428 0.650414 -0.251832 -0.665413 0.702714 -1.55135 3.49157 -0.254426</i>
                        <i>0.957341 -0.0769323 0.278532 -0.148734 0.695221 0.703239 -0.247743 -0.714667 0.654121 -1.54325 3.47462 -0.234985</i>
                        <i>0.958986 -0.0927506 0.267849 -0.141924 0.660854 0.736973 -0.245364 -0.744762 0.620586 -1.5323 3.46247 -0.222233</i>
                        <i>0.961127 -0.102885 0.256221 -0.129938 0.650251 0.748525 -0.24362 -0.75272 0.611605 -1.51782 3.45816 -0.217152</i>
                        <i>0.963288 -0.108325 0.245645 -0.111778 0.670077 0.733827 -0.244092 -0.734345 0.633369 -1.50162 3.46283 -0.219785</i>
                        <i>0.964815 -0.111474 0.238131 -0.0888892 0.714064 0.694415 -0.24745 -0.691149 0.67903 -1.48635 3.47375 -0.228797</i>
                        <i>0.965831 -0.112812 0.233333 -0.0633741 0.770168 0.634685 -0.251306 -0.627786 0.736702 -1.47237 3.4876 -0.243392</i>
                        <i>0.966439 -0.112849 0.230784 -0.0373432 0.827099 0.560815 -0.254169 -0.550611 0.795126 -1.46002 3.50126 -0.26218</i>
                        <i>0.966734 -0.112088 0.229916 -0.0130157 0.876148 0.481866 -0.255452 -0.468829 0.845544 -1.44967 3.51246 -0.282812</i>
                        <i>0.966817 -0.111007 0.230094 0.0072986 0.912298 0.409463 -0.255367 -0.394196 0.882835 -1.44175 3.52012 -0.302074</i>
                        <i>0.966791 -0.110052 0.230658 0.0212413 0.934013 0.356606 -0.254683 -0.339864 0.905334 -1.43666 3.5243 -0.316291</i>
                        <i>0.966762 -0.109656 0.23097 0.0264256 0.941376 0.336324 -0.254309 -0.319041 0.912984 -1.43486 3.5256 -0.321769</i>
                        <i>0.966831 -0.109662 0.230676 0.0268327 0.941751 0.335239 -0.254002 -0.31793 0.913457 -1.43467 3.52586 -0.322179</i>
                        <i>0.966872 -0.109665 0.230505 0.0270688 0.941968 0.334609 -0.253823 -0.317284 0.913731 -1.43455 3.52601 -0.322417</i>
                        <i>0.966888 -0.109667 0.230436 0.0271642 0.942056 0.334354 -0.253751 -0.317023 0.913842 -1.4345 3.52607 -0.322514</i>
                        <i>0.966885 -0.109666 0.230447 0.0271492 0.942042 0.334394 -0.253763 -0.317065 0.913824 -1.43451 3.52606 -0.322499</i>
                        <i>0.966869 -0.109665 0.230516 0.0270538 0.941954 0.334649 -0.253835 -0.317326 0.913714 -1.43456 3.526 -0.322402</i>
                        <i>0.966844 -0.109663 0.230621 0.0269081 0.94182 0.335038 -0.253945 -0.317724 0.913545 -1.43463 3.52591 -0.322255</i>
                        <i>0.966816 -0.109661 0.230741 0.0267423 0.941668 0.33548 -0.25407 -0.318177 0.913352 -1.43471 3.5258 -0.322088</i>
                        <i>0.966789 -0.109658 0.230853 0.0265865 0.941524 0.335895 -0.254188 -0.318602 0.913171 -1.43479 3.52571 -0.321931</i>
