<?xml version="1.0" encoding="ISO-8859-1" ?>
<Animl Version="1">
    <ModellingPackage><![CDATA[Maya.2010]]></ModellingPackage>
    <SrcFile><![CDATA[anims\turrets\mortar\blue\~src\mortar_m252\mortar_m252_aim_low_crewman_a.mb]]></SrcFile>
    <FramesPerSecond>30</FramesPerSecond>
    <TotalFrames>33</TotalFrames>
    <Skeleton>
        <RefFrame>
            <Name><![CDATA[soldier_ref_frame]]></Name>
            <Exclude>0</Exclude>
            <Additive>0</Additive>
            <IKPriority>0</IKPriority>
            <IKRotLimits>-1e+010 -1e+010 -1e+010 1e+010 1e+010 1e+010</IKRotLimits>
            <IKRotLimitOrder>0</IKRotLimitOrder>
            <KeyFrames count="33">
                <i>1 0 0 0 1 0 0 0 1 1.01 0.91 -1.51</i>
                <i>1 0 0 0 1 0 0 0 1 1.01 0.91 -1.51</i>
                <i>1 0 0 0 1 0 0 0 1 1.01 0.91 -1.51</i>
                <i>1 0 0 0 1 0 0 0 1 1.01 0.91 -1.51</i>
                <i>1 0 0 0 1 0 0 0 1 1.01 0.91 -1.51</i>
                <i>1 0 0 0 1 0 0 0 1 1.01 0.91 -1.51</i>
                <i>1 0 0 0 1 0 0 0 1 1.01 0.91 -1.51</i>
                <i>1 0 0 0 1 0 0 0 1 1.01 0.91 -1.51</i>
                <i>1 0 0 0 1 0 0 0 1 1.01 0.91 -1.51</i>
                <i>1 0 0 0 1 0 0 0 1 1.01 0.91 -1.51</i>
                <i>1 0 0 0 1 0 0 0 1 1.01 0.91 -1.51</i>
                <i>1 0 0 0 1 0 0 0 1 1.01 0.91 -1.51</i>
                <i>1 0 0 0 1 0 0 0 1 1.01 0.91 -1.51</i>
                <i>1 0 0 0 1 0 0 0 1 1.01 0.91 -1.51</i>
                <i>1 0 0 0 1 0 0 0 1 1.01 0.91 -1.51</i>
                <i>1 0 0 0 1 0 0 0 1 1.01 0.91 -1.51</i>
                <i>1 0 0 0 1 0 0 0 1 1.01 0.91 -1.51</i>
                <i>1 0 0 0 1 0 0 0 1 1.01 0.91 -1.51</i>
                <i>1 0 0 0 1 0 0 0 1 1.01 0.91 -1.51</i>
                <i>1 0 0 0 1 0 0 0 1 1.01 0.91 -1.51</i>
                <i>1 0 0 0 1 0 0 0 1 1.01 0.91 -1.51</i>
                <i>1 0 0 0 1 0 0 0 1 1.01 0.91 -1.51</i>
                <i>1 0 0 0 1 0 0 0 1 1.01 0.91 -1.51</i>
                <i>1 0 0 0 1 0 0 0 1 1.01 0.91 -1.51</i>
                <i>1 0 0 0 1 0 0 0 1 1.01 0.91 -1.51</i>
                <i>1 0 0 0 1 0 0 0 1 1.01 0.91 -1.51</i>
                <i>1 0 0 0 1 0 0 0 1 1.01 0.91 -1.51</i>
                <i>1 0 0 0 1 0 0 0 1 1.01 0.91 -1.51</i>
                <i>1 0 0 0 1 0 0 0 1 1.01 0.91 -1.51</i>
                <i>1 0 0 0 1 0 0 0 1 1.01 0.91 -1.51</i>
                <i>1 0 0 0 1 0 0 0 1 1.01 0.91 -1.51</i>
                <i>1 0 0 0 1 0 0 0 1 1.01 0.91 -1.51</i>
                <i>1 0 0 0 1 0 0 0 1 1.01 0.91 -1.51</i>
            </KeyFrames>
        </RefFrame>
        <Bones count="23">
            <i>
                <p>
                    <Name><![CDATA[pelvis]]></Name>
                    <Exclude>0</Exclude>
                    <Additive>0</Additive>
                    <IKPriority>0</IKPriority>
                    <IKRotLimits>-1e+010 -1e+010 -1e+010 1e+010 1e+010 1e+010</IKRotLimits>
                    <IKRotLimitOrder>2</IKRotLimitOrder>
                    <KeyFrames count="33">
                        <i>1 0 0 0 1 0 0 0 1 0.868085 2.09022 -1.62161</i>
                        <i>1 0 0 0 1 0 0 0 1 0.869704 2.08983 -1.62161</i>
                        <i>1 0 0 0 1 0 0 0 1 0.871552 2.08875 -1.62161</i>
                        <i>1 0 0 0 1 0 0 0 1 0.87349 2.08708 -1.62161</i>
                        <i>1 0 0 0 1 0 0 0 1 0.875383 2.08492 -1.62161</i>
                        <i>1 0 0 0 1 0 0 0 1 0.877094 2.08237 -1.62161</i>
                        <i>1 0 0 0 1 0 0 0 1 0.878485 2.07952 -1.62161</i>
                        <i>1 0 0 0 1 0 0 0 1 0.879421 2.07647 -1.62161</i>
                        <i>1 0 0 0 1 0 0 0 1 0.879763 2.07332 -1.62161</i>
                        <i>1 0 0 0 1 0 0 0 1 0.879421 2.07018 -1.62161</i>
                        <i>1 0 0 0 1 0 0 0 1 0.878486 2.06714 -1.62161</i>
                        <i>1 0 0 0 1 0 0 0 1 0.877095 2.06429 -1.62161</i>
                        <i>1 0 0 0 1 0 0 0 1 0.875385 2.06174 -1.62161</i>
                        <i>1 0 0 0 1 0 0 0 1 0.873493 2.05958 -1.62161</i>
                        <i>1 0 0 0 1 0 0 0 1 0.871554 2.05792 -1.62161</i>
                        <i>1 0 0 0 1 0 0 0 1 0.869705 2.05685 -1.62161</i>
                        <i>1 0 0 0 1 0 0 0 1 0.868085 2.05648 -1.62161</i>
                        <i>1 0 0 0 1 0 0 0 1 0.866462 2.05685 -1.62161</i>
                        <i>1 0 0 0 1 0 0 0 1 0.86461 2.05793 -1.62161</i>
                        <i>1 0 0 0 1 0 0 0 1 0.862666 2.05959 -1.62161</i>
                        <i>1 0 0 0 1 0 0 0 1 0.860768 2.06175 -1.62161</i>
                        <i>1 0 0 0 1 0 0 0 1 0.859052 2.0643 -1.62161</i>
                        <i>1 0 0 0 1 0 0 0 1 0.857656 2.06715 -1.62161</i>
                        <i>1 0 0 0 1 0 0 0 1 0.856718 2.0702 -1.62161</i>
                        <i>1 0 0 0 1 0 0 0 1 0.856374 2.07335 -1.62161</i>
                        <i>1 0 0 0 1 0 0 0 1 0.856717 2.0765 -1.62161</i>
                        <i>1 0 0 0 1 0 0 0 1 0.857655 2.07954 -1.62161</i>
                        <i>1 0 0 0 1 0 0 0 1 0.85905 2.08239 -1.62161</i>
                        <i>1 0 0 0 1 0 0 0 1 0.860766 2.08495 -1.62161</i>
                        <i>1 0 0 0 1 0 0 0 1 0.862664 2.08711 -1.62161</i>
                        <i>1 0 0 0 1 0 0 0 1 0.864608 2.08877 -1.62161</i>
                        <i>1 0 0 0 1 0 0 0 1 0.866461 2.08984 -1.62161</i>
                        <i>1 0 0 0 1 0 0 0 1 0.868085 2.09022 -1.62161</i>
                    </KeyFrames>
                </p>
            </i>
            <i>
                <p>
                    <Name><![CDATA[spine0]]></Name>
                    <Exclude>0</Exclude>
                    <Additive>0</Additive>
                    <IKPriority>0</IKPriority>
                    <IKRotLimits>-1e+010 -1e+010 -1e+010 1e+010 1e+010 1e+010</IKRotLimits>
                    <IKRotLimitOrder>0</IKRotLimitOrder>
                    <KeyFrames count="33">
                        <i>0.119788 0.840442 0.528495 -0.967534 -0.0205048 0.251907 0.22255 -0.541513 0.8107 0.865023 2.23402 -1.61856</i>
                        <i>0.120318 0.841107 0.527317 -0.967488 -0.0196839 0.252149 0.222464 -0.540511 0.811393 0.866344 2.23364 -1.61971</i>
                        <i>0.120921 0.841846 0.525997 -0.967439 -0.0187461 0.252407 0.222348 -0.539392 0.812169 0.867851 2.23257 -1.62103</i>
                        <i>0.121554 0.842601 0.524641 -0.967393 -0.0177597 0.252658 0.222208 -0.538246 0.812967 0.869434 2.23089 -1.62241</i>
                        <i>0.122172 0.843316 0.523347 -0.967351 -0.0167941 0.252885 0.222051 -0.537156 0.813731 0.870979 2.2287 -1.62376</i>
                        <i>0.122731 0.843944 0.522202 -0.967316 -0.0159194 0.253073 0.221892 -0.536195 0.814407 0.872376 2.22611 -1.62498</i>
                        <i>0.123186 0.844443 0.521288 -0.967291 -0.0152063 0.253214 0.221752 -0.53543 0.814948 0.873512 2.22323 -1.62597</i>
                        <i>0.123492 0.844771 0.520683 -0.967275 -0.0147262 0.253304 0.221651 -0.534925 0.815307 0.874276 2.22015 -1.62664</i>
                        <i>0.123604 0.84489 0.520464 -0.967269 -0.0145504 0.253335 0.221613 -0.534742 0.815438 0.874556 2.217 -1.62688</i>
                        <i>0.123281 0.845034 0.520306 -0.96729 -0.0148088 0.25324 0.221702 -0.534507 0.815568 0.874159 2.21384 -1.62709</i>
                        <i>0.122407 0.845413 0.519898 -0.967345 -0.0155157 0.252986 0.221945 -0.533888 0.815907 0.873079 2.21077 -1.62766</i>
                        <i>0.121123 0.845944 0.519335 -0.967423 -0.0165713 0.252622 0.22231 -0.533015 0.816378 0.871483 2.20788 -1.62846</i>
                        <i>0.119569 0.846547 0.518712 -0.967512 -0.0178745 0.252193 0.222765 -0.532014 0.816907 0.869538 2.20527 -1.62937</i>
                        <i>0.117886 0.847147 0.518117 -0.967601 -0.0193192 0.251744 0.223273 -0.531007 0.817423 0.867411 2.20306 -1.63029</i>
                        <i>0.116216 0.847676 0.517628 -0.967683 -0.0207921 0.25131 0.223792 -0.530106 0.817866 0.865268 2.20133 -1.63109</i>
                        <i>0.114703 0.848071 0.517318 -0.967753 -0.0221727 0.250925 0.224272 -0.529418 0.81818 0.863275 2.20022 -1.63165</i>
                        <i>0.113491 0.848272 0.517256 -0.967806 -0.0233347 0.250614 0.224659 -0.529046 0.818314 0.861599 2.19982 -1.63186</i>
                        <i>0.112416 0.848314 0.517423 -0.967853 -0.0244292 0.250328 0.224997 -0.52893 0.818297 0.860002 2.20021 -1.63176</i>
                        <i>0.111265 0.848272 0.51774 -0.967904 -0.0256356 0.25001 0.225349 -0.52894 0.818193 0.858224 2.20131 -1.63147</i>
                        <i>0.110122 0.848149 0.518186 -0.967956 -0.0268665 0.249679 0.225687 -0.529077 0.818012 0.856398 2.20301 -1.63102</i>
                        <i>0.109069 0.847943 0.518745 -0.968006 -0.0280342 0.249355 0.225981 -0.529345 0.817757 0.854654 2.20521 -1.63041</i>
                        <i>0.108191 0.847656 0.519397 -0.968053 -0.0290509 0.249058 0.226204 -0.52975 0.817433 0.853127 2.20782 -1.62967</i>
                        <i>0.107573 0.847287 0.520127 -0.968092 -0.0298296 0.248814 0.226332 -0.530296 0.817043 0.851948 2.21072 -1.62883</i>
                        <i>0.107302 0.846837 0.520917 -0.968119 -0.0302849 0.248653 0.226344 -0.53099 0.816589 0.851251 2.21382 -1.62789</i>
                        <i>0.107463 0.846303 0.521749 -0.96813 -0.0303334 0.248605 0.226221 -0.531837 0.816072 0.851167 2.21702 -1.62688</i>
                        <i>0.108147 0.845688 0.522605 -0.968118 -0.0298889 0.248707 0.225948 -0.53284 0.815493 0.851783 2.22021 -1.62582</i>
                        <i>0.10931 0.845 0.523475 -0.96808 -0.028997 0.248957 0.225548 -0.53398 0.814858 0.853003 2.2233 -1.62472</i>
                        <i>0.110834 0.844257 0.524353 -0.96802 -0.0277733 0.24933 0.225062 -0.535218 0.81418 0.854684 2.22618 -1.62361</i>
                        <i>0.112601 0.843478 0.525229 -0.96794 -0.0263313 0.249797 0.224528 -0.536518 0.813471 0.856683 2.22875 -1.62251</i>
                        <i>0.114494 0.842684 0.526094 -0.967845 -0.0247804 0.250325 0.223981 -0.537838 0.81275 0.858859 2.23092 -1.62144</i>
                        <i>0.116398 0.841896 0.526936 -0.96774 -0.023226 0.250878 0.223452 -0.539139 0.812033 0.861069 2.23258 -1.62041</i>
                        <i>0.118199 0.841141 0.527742 -0.967634 -0.0217687 0.251419 0.222967 -0.540378 0.811343 0.863171 2.23365 -1.61944</i>
                        <i>0.119788 0.840442 0.528495 -0.967534 -0.0205048 0.251907 0.22255 -0.541513 0.8107 0.865023 2.23402 -1.61856</i>
                    </KeyFrames>
                </p>
            </i>
            <i>
                <p>
                    <Name><![CDATA[spine1]]></Name>
                    <Exclude>0</Exclude>
                    <Additive>0</Additive>
                    <IKPriority>0</IKPriority>
                    <IKRotLimits>-1e+010 -1e+010 -1e+010 1e+010 1e+010 1e+010</IKRotLimits>
                    <IKRotLimitOrder>0</IKRotLimitOrder>
                    <KeyFrames count="33">
                        <i>-0.0409104 0.591708 0.805114 -0.99533 -0.0946477 0.0189841 0.0874352 -0.800577 0.592816 0.886044 2.38155 -1.52581</i>
                        <i>-0.039202 0.588305 0.807688 -0.995363 -0.0940445 0.0201893 0.0878361 -0.803152 0.589264 0.887513 2.38168 -1.52693</i>
                        <i>-0.0372785 0.584466 0.810561 -0.995399 -0.0933619 0.0215405 0.0882652 -0.806029 0.585258 0.88919 2.38119 -1.5282</i>
                        <i>-0.0352888 0.580489 0.813503 -0.995434 -0.0926513 0.0229321 0.088684 -0.80898 0.581108 0.890951 2.38011 -1.52953</i>
                        <i>-0.0333747 0.576656 0.816305 -0.995467 -0.0919633 0.0242652 0.0890627 -0.811795 0.577111 0.892673 2.37852 -1.53082</i>
                        <i>-0.0316694 0.573238 0.818777 -0.995494 -0.0913462 0.0254482 0.08938 -0.814282 0.573548 0.894231 2.37648 -1.53198</i>
                        <i>-0.0302995 0.570489 0.820746 -0.995515 -0.0908477 0.0263955 0.0896212 -0.816265 0.570683 0.895499 2.37403 -1.53292</i>
                        <i>-0.0293875 0.568658 0.822049 -0.995528 -0.0905144 0.0270247 0.0897751 -0.817579 0.568775 0.896351 2.37125 -1.53355</i>
                        <i>-0.0290555 0.567991 0.822522 -0.995533 -0.0903927 0.0272534 0.0898297 -0.818056 0.56808 0.896664 2.36821 -1.53378</i>
                        <i>-0.0289587 0.567346 0.82297 -0.995527 -0.090445 0.027321 0.089934 -0.818498 0.567427 0.896217 2.36514 -1.53399</i>
                        <i>-0.0287131 0.565647 0.824147 -0.995509 -0.0905897 0.0274923 0.0902102 -0.819657 0.565708 0.895004 2.36229 -1.53453</i>
                        <i>-0.0283845 0.563255 0.825795 -0.995483 -0.0908077 0.0277208 0.0906025 -0.821278 0.563288 0.893209 2.35972 -1.5353</i>
                        <i>-0.0280385 0.560526 0.827662 -0.995451 -0.0910803 0.0279606 0.0910563 -0.823113 0.56053 0.891021 2.35748 -1.53617</i>
                        <i>-0.0277412 0.557806 0.829508 -0.995417 -0.0913906 0.0281663 0.0915205 -0.824924 0.557785 0.888626 2.35562 -1.53704</i>
                        <i>-0.0275599 0.555428 0.831108 -0.995382 -0.0917248 0.0282923 0.0919476 -0.82649 0.555391 0.886211 2.35421 -1.53779</i>
                        <i>-0.0275643 0.553715 0.83225 -0.99535 -0.0920726 0.0282918 0.092293 -0.8276 0.553678 0.883964 2.35331 -1.53833</i>
                        <i>-0.027827 0.552984 0.832727 -0.995323 -0.0924258 0.0281162 0.0925133 -0.82805 0.552969 0.882074 2.35298 -1.53853</i>
                        <i>-0.0283818 0.553111 0.832624 -0.995295 -0.0928349 0.0277432 0.0926416 -0.827919 0.553143 0.880274 2.3533 -1.53845</i>
                        <i>-0.029177 0.553733 0.832183 -0.995263 -0.0933322 0.0272083 0.0927357 -0.827447 0.553833 0.87827 2.35425 -1.53819</i>
                        <i>-0.0301615 0.554814 0.831428 -0.995229 -0.0938845 0.0265457 0.0927861 -0.82666 0.554999 0.876211 2.35572 -1.53777</i>
                        <i>-0.0312844 0.556319 0.83038 -0.995195 -0.0944577 0.0257888 0.0927826 -0.825583 0.5566 0.874247 2.35764 -1.53721</i>
                        <i>-0.0324943 0.558212 0.829062 -0.995162 -0.0950174 0.0249713 0.0927146 -0.824239 0.5586 0.872526 2.35991 -1.53653</i>
                        <i>-0.0337384 0.56046 0.827494 -0.995134 -0.095528 0.0241275 0.0925713 -0.822654 0.560956 0.871197 2.36243 -1.53575</i>
                        <i>-0.0349616 0.563025 0.8257 -0.995113 -0.0959529 0.0232931 0.0923429 -0.820851 0.563628 0.87041 2.36512 -1.53487</i>
                        <i>-0.0361059 0.565869 0.823704 -0.995102 -0.0962543 0.022506 0.0920206 -0.818858 0.566573 0.870312 2.36789 -1.53392</i>
                        <i>-0.0371072 0.568953 0.821533 -0.995105 -0.0963909 0.0218085 0.0915963 -0.816702 0.569744 0.871008 2.37063 -1.53291</i>
                        <i>-0.0379532 0.57222 0.819222 -0.99512 -0.0963668 0.0212092 0.0910821 -0.814419 0.573085 0.872392 2.37327 -1.53186</i>
                        <i>-0.0386618 0.575603 0.816815 -0.995146 -0.0962122 0.0206973 0.090501 -0.81205 0.576528 0.874303 2.3757 -1.53079</i>
                        <i>-0.0392525 0.579031 0.81436 -0.995179 -0.0959589 0.0202612 0.089877 -0.809639 0.580006 0.876576 2.37783 -1.52971</i>
                        <i>-0.0397469 0.582431 0.811908 -0.995217 -0.0956402 0.0198878 0.0892343 -0.807234 0.583447 0.879048 2.37958 -1.52866</i>
                        <i>-0.0401696 0.585729 0.809511 -0.995257 -0.095291 0.019562 0.0885971 -0.804885 0.586779 0.881558 2.38084 -1.52764</i>
                        <i>-0.0405475 0.588848 0.807226 -0.995296 -0.0949476 0.0192671 0.0879896 -0.802648 0.589928 0.883944 2.38153 -1.52669</i>
                        <i>-0.0409104 0.591708 0.805114 -0.99533 -0.0946477 0.0189841 0.0874352 -0.800577 0.592816 0.886044 2.38155 -1.52581</i>
                    </KeyFrames>
                </p>
            </i>
            <i>
                <p>
                    <Name><![CDATA[spine2]]></Name>
                    <Exclude>0</Exclude>
                    <Additive>0</Additive>
                    <IKPriority>0</IKPriority>
                    <IKRotLimits>-1e+010 -1e+010 -1e+010 1e+010 1e+010 1e+010</IKRotLimits>
                    <IKRotLimitOrder>0</IKRotLimitOrder>
                    <KeyFrames count="33">
                        <i>-0.302573 0.456602 0.836639 -0.952881 -0.125014 -0.276385 -0.0216066 -0.880844 0.472913 0.879289 2.47695 -1.39578</i>
                        <i>-0.303019 0.454173 0.837799 -0.952761 -0.12532 -0.276663 -0.0206603 -0.882056 0.470692 0.881019 2.47677 -1.39614</i>
                        <i>-0.303523 0.451442 0.839091 -0.952623 -0.12567 -0.276979 -0.0195914 -0.883407 0.468198 0.882991 2.47592 -1.39655</i>
                        <i>-0.30405 0.448621 0.840412 -0.952477 -0.126041 -0.277311 -0.0184813 -0.88479 0.465624 0.885059 2.47449 -1.39698</i>
                        <i>-0.304562 0.445912 0.841668 -0.952333 -0.126408 -0.277637 -0.0174083 -0.886106 0.463156 0.887078 2.47256 -1.3974</i>
                        <i>-0.305025 0.443502 0.842773 -0.952202 -0.126743 -0.277933 -0.0164481 -0.887267 0.460964 0.888901 2.47021 -1.39778</i>
                        <i>-0.305401 0.441569 0.843651 -0.952095 -0.12702 -0.278175 -0.0156734 -0.888191 0.459208 0.890383 2.46752 -1.39808</i>
                        <i>-0.305655 0.440283 0.844231 -0.952022 -0.127207 -0.278339 -0.015156 -0.888802 0.458041 0.891379 2.46458 -1.39828</i>
                        <i>-0.305747 0.439816 0.844441 -0.951995 -0.127276 -0.278399 -0.0149673 -0.889024 0.457617 0.891743 2.46148 -1.39836</i>
                        <i>-0.304997 0.439666 0.84479 -0.952233 -0.126686 -0.277854 -0.0151396 -0.889182 0.457304 0.891311 2.45834 -1.39844</i>
                        <i>-0.302977 0.43929 0.845712 -0.95287 -0.125099 -0.276386 -0.0156157 -0.889592 0.456488 0.890134 2.45531 -1.39864</i>
                        <i>-0.300036 0.438796 0.847016 -0.953788 -0.122786 -0.274248 -0.0163367 -0.890158 0.455358 0.888387 2.45247 -1.39894</i>
                        <i>-0.296519 0.438289 0.848516 -0.954871 -0.12002 -0.271691 -0.0172408 -0.890785 0.454098 0.886249 2.44993 -1.39927</i>
                        <i>-0.292769 0.43787 0.850033 -0.956009 -0.117068 -0.268965 -0.0182596 -0.891384 0.452881 0.883895 2.44777 -1.39961</i>
                        <i>-0.289124 0.437628 0.851404 -0.957097 -0.114199 -0.266317 -0.0193176 -0.891875 0.45187 0.881505 2.44609 -1.39991</i>
                        <i>-0.285919 0.437648 0.852475 -0.958038 -0.111678 -0.263991 -0.0203327 -0.892184 0.451214 0.879253 2.44498 -1.40012</i>
                        <i>-0.283483 0.438016 0.8531 -0.958742 -0.109766 -0.26223 -0.0212195 -0.892241 0.451061 0.877318 2.44455 -1.40022</i>
                        <i>-0.281476 0.438768 0.853378 -0.959314 -0.108197 -0.260787 -0.0220922 -0.892063 0.451371 0.875427 2.44485 -1.40022</i>
                        <i>-0.279428 0.439835 0.853502 -0.959889 -0.106602 -0.259323 -0.0230742 -0.891729 0.451981 0.873295 2.44581 -1.40016</i>
                        <i>-0.277484 0.441147 0.853459 -0.960428 -0.105095 -0.257939 -0.0240948 -0.89126 0.452852 0.871079 2.44735 -1.40005</i>
                        <i>-0.275791 0.442635 0.853237 -0.96089 -0.103791 -0.256743 -0.025085 -0.890675 0.453949 0.868936 2.44937 -1.3999</i>
                        <i>-0.274498 0.444234 0.852823 -0.961237 -0.102807 -0.255841 -0.0259771 -0.889993 0.455234 0.867024 2.45179 -1.39969</i>
                        <i>-0.273755 0.445877 0.852204 -0.961429 -0.102258 -0.255339 -0.0267054 -0.889234 0.456673 0.8655 2.4545 -1.39944</i>
                        <i>-0.273715 0.4475 0.851366 -0.961426 -0.102262 -0.255347 -0.0272055 -0.888418 0.458229 0.864523 2.45742 -1.39916</i>
                        <i>-0.274529 0.449035 0.850295 -0.961188 -0.102936 -0.255973 -0.0274147 -0.887565 0.459866 0.86425 2.46045 -1.39884</i>
                        <i>-0.276364 0.450408 0.848973 -0.960666 -0.104406 -0.257332 -0.0272665 -0.886697 0.461546 0.864794 2.4635 -1.39848</i>
                        <i>-0.279133 0.451609 0.847428 -0.959879 -0.106602 -0.259362 -0.0267928 -0.885824 0.463246 0.866053 2.46648 -1.3981</i>
                        <i>-0.282609 0.452665 0.845711 -0.958881 -0.109346 -0.261899 -0.026077 -0.884951 0.464954 0.86786 2.46927 -1.3977</i>
                        <i>-0.286564 0.453599 0.843878 -0.95773 -0.11246 -0.264777 -0.0252001 -0.884082 0.466652 0.870048 2.47178 -1.3973</i>
                        <i>-0.290769 0.454435 0.841987 -0.956486 -0.115763 -0.26783 -0.0242406 -0.883226 0.468321 0.872452 2.47391 -1.39689</i>
                        <i>-0.294993 0.455197 0.840104 -0.955216 -0.119076 -0.270893 -0.0232738 -0.882393 0.469938 0.874904 2.47555 -1.3965</i>
                        <i>-0.299004 0.45591 0.838297 -0.953989 -0.122219 -0.2738 -0.0223725 -0.881594 0.471478 0.877239 2.47659 -1.39612</i>
                        <i>-0.302573 0.456602 0.836639 -0.952881 -0.125014 -0.276385 -0.0216066 -0.880844 0.472913 0.879289 2.47695 -1.39578</i>
                    </KeyFrames>
                </p>
            </i>
            <i>
                <p>
                    <Name><![CDATA[head]]></Name>
                    <Exclude>0</Exclude>
                    <Additive>0</Additive>
                    <IKPriority>0</IKPriority>
                    <IKRotLimits>-1e+010 -1e+010 -1e+010 1e+010 1e+010 1e+010</IKRotLimits>
                    <IKRotLimitOrder>0</IKRotLimitOrder>
                    <KeyFrames count="33">
                        <i>-0.027551 0.933165 0.358392 0.10781 0.359211 -0.927009 -0.99379 0.0130983 -0.110501 0.78704 2.61025 -1.19667</i>
                        <i>-0.0306839 0.933792 0.356498 0.109172 0.357663 -0.927447 -0.993549 0.0104619 -0.112919 0.788245 2.60971 -1.1968</i>
                        <i>-0.0339076 0.935575 0.351497 0.110842 0.353049 -0.929016 -0.993259 0.00745976 -0.115672 0.789621 2.60846 -1.19694</i>
                        <i>-0.0370471 0.938089 0.344407 0.112703 0.346367 -0.931305 -0.992938 0.00431353 -0.118557 0.791066 2.60661 -1.1971</i>
                        <i>-0.0399362 0.940925 0.336253 0.114621 0.338614 -0.933918 -0.992606 0.00124449 -0.121373 0.792478 2.60427 -1.19725</i>
                        <i>-0.0424206 0.943699 0.328073 0.116438 0.330801 -0.93649 -0.992292 -0.00152638 -0.123915 0.793756 2.60155 -1.19738</i>
                        <i>-0.044358 0.946068 0.320917 0.117974 0.323946 -0.938691 -0.992025 -0.00377844 -0.125981 0.794796 2.59856 -1.1975</i>
                        <i>-0.0456159 0.947714 0.315844 0.119039 0.319078 -0.940223 -0.991841 -0.00529134 -0.12737 0.795495 2.59543 -1.19757</i>
                        <i>-0.0460648 0.948332 0.313918 0.119436 0.317226 -0.940799 -0.991773 -0.0058446 -0.127878 0.795751 2.59225 -1.1976</i>
                        <i>-0.0451097 0.948755 0.312778 0.119135 0.315971 -0.941259 -0.991853 -0.00519717 -0.127283 0.79551 2.58914 -1.19757</i>
                        <i>-0.0425211 0.949862 0.309766 0.118299 0.312652 -0.942472 -0.992067 -0.00343003 -0.125662 0.794851 2.58621 -1.19748</i>
                        <i>-0.0387154 0.951406 0.305496 0.117018 0.307938 -0.944183 -0.992375 -0.000805864 -0.123254 0.79387 2.58351 -1.19735</i>
                        <i>-0.0341084 0.953146 0.300581 0.11539 0.3025 -0.946139 -0.992735 0.00241258 -0.120301 0.792663 2.58115 -1.19719</i>
                        <i>-0.0291109 0.954855 0.295642 0.113524 0.297012 -0.948101 -0.993109 0.00596228 -0.117045 0.791327 2.5792 -1.19702</i>
                        <i>-0.0241263 0.956324 0.29131 0.111551 0.29215 -0.949844 -0.993466 0.00957972 -0.113727 0.789956 2.57775 -1.19684</i>
                        <i>-0.0195499 0.957363 0.288225 0.109623 0.288594 -0.951155 -0.993781 0.0130009 -0.110591 0.788646 2.57688 -1.19668</i>
                        <i>-0.0157703 0.957791 0.287032 0.107905 0.287021 -0.951828 -0.994036 0.0159614 -0.107876 0.787491 2.57667 -1.19654</i>
                        <i>-0.0122597 0.95769 0.28754 0.106189 0.287182 -0.951972 -0.99427 0.0188627 -0.105217 0.786327 2.57721 -1.1964</i>
                        <i>-0.00841125 0.957275 0.289056 0.104253 0.28833 -0.951839 -0.994515 0.0221288 -0.102224 0.784991 2.57846 -1.19625</i>
                        <i>-0.0044917 0.956568 0.291474 0.102245 0.290389 -0.951431 -0.994749 0.0255283 -0.099109 0.783585 2.58031 -1.19609</i>
                        <i>-0.000769598 0.955592 0.294692 0.100313 0.293279 -0.950749 -0.994956 0.0288299 -0.0960844 0.78221 2.58265 -1.19594</i>
                        <i>0.0024837 0.954372 0.29861 0.0985987 0.296922 -0.949798 -0.995124 0.0318015 -0.0933625 0.780966 2.58536 -1.19581</i>
                        <i>0.00499316 0.952936 0.30313 0.0972358 0.301234 -0.948579 -0.995249 0.0342114 -0.0911554 0.779954 2.58834 -1.1957</i>
                        <i>0.00647949 0.951314 0.308156 0.09635 0.306134 -0.9471 -0.995326 0.0358275 -0.0896755 0.779273 2.59148 -1.19563</i>
                        <i>0.00665896 0.949535 0.313591 0.0960571 0.31154 -0.945365 -0.995354 0.0364178 -0.089135 0.779023 2.59465 -1.19561</i>
                        <i>0.00522298 0.947627 0.319335 0.0964713 0.317372 -0.943381 -0.995322 0.0357339 -0.0897612 0.779258 2.59776 -1.19564</i>
                        <i>0.00228035 0.945617 0.325274 0.0975136 0.323515 -0.941185 -0.995232 0.0338649 -0.0914728 0.779898 2.60071 -1.19572</i>
                        <i>-0.00182703 0.943528 0.331287 0.0990076 0.329831 -0.938834 -0.995085 0.0310847 -0.0940191 0.780851 2.60342 -1.19584</i>
                        <i>-0.00675278 0.94139 0.337252 0.100786 0.336183 -0.936388 -0.994885 0.0276672 -0.0971495 0.782023 2.60578 -1.196</i>
                        <i>-0.0121458 0.939238 0.343052 0.102694 0.342435 -0.933912 -0.994639 0.0238864 -0.100613 0.783323 2.60774 -1.19617</i>
                        <i>-0.0176504 0.937114 0.348578 0.104587 0.34845 -0.931474 -0.994359 0.0200158 -0.10416 0.784654 2.60919 -1.19635</i>
                        <i>-0.0229066 0.93507 0.353724 0.106333 0.354088 -0.929147 -0.994067 0.0163289 -0.10754 0.785925 2.61005 -1.19652</i>
                        <i>-0.027551 0.933165 0.358392 0.10781 0.359211 -0.927009 -0.99379 0.0130983 -0.110501 0.78704 2.61025 -1.19667</i>
                    </KeyFrames>
                </p>
            </i>
            <i>
                <p>
                    <Name><![CDATA[head_prop]]></Name>
                    <Exclude>0</Exclude>
                    <Additive>0</Additive>
                    <IKPriority>0</IKPriority>
                    <IKRotLimits>-1e+010 -1e+010 -1e+010 1e+010 1e+010 1e+010</IKRotLimits>
                    <IKRotLimitOrder>0</IKRotLimitOrder>
                    <KeyFrames count="33">
                        <i>0.99379 -0.0130983 0.110501 -0.027551 0.933165 0.358392 -0.10781 -0.359211 0.927009 0.778061 2.91438 -1.07987</i>
                        <i>0.993549 -0.0104619 0.112919 -0.0306839 0.933792 0.356498 -0.109172 -0.357663 0.927447 0.778244 2.91404 -1.08061</i>
                        <i>0.993259 -0.00745976 0.115672 -0.0339076 0.935575 0.351497 -0.110842 -0.353049 0.929016 0.77857 2.91337 -1.08239</i>
                        <i>0.992938 -0.00431353 0.118557 -0.0370471 0.938089 0.344407 -0.112703 -0.346367 0.931305 0.778992 2.91234 -1.08485</i>
                        <i>0.992606 -0.00124449 0.121373 -0.0399362 0.940925 0.336253 -0.114621 -0.338614 0.933918 0.779463 2.91092 -1.08766</i>
                        <i>0.992292 0.00152638 0.123915 -0.0424206 0.943699 0.328073 -0.116438 -0.330801 0.93649 0.779931 2.90911 -1.09046</i>
                        <i>0.992025 0.00377844 0.125981 -0.044358 0.946068 0.320917 -0.117974 -0.323946 0.938691 0.780339 2.9069 -1.09291</i>
                        <i>0.991841 0.00529134 0.12737 -0.0456159 0.947714 0.315844 -0.119039 -0.319078 0.940223 0.780628 2.9043 -1.09464</i>
                        <i>0.991773 0.0058446 0.127878 -0.0460648 0.948332 0.313918 -0.119436 -0.317226 0.940799 0.780738 2.90132 -1.09529</i>
                        <i>0.991853 0.00519717 0.127283 -0.0451097 0.948755 0.312778 -0.119135 -0.315971 0.941259 0.780808 2.89835 -1.09563</i>
                        <i>0.992067 0.00343003 0.125662 -0.0425211 0.949862 0.309766 -0.118299 -0.312652 0.942472 0.780993 2.89577 -1.09652</i>
                        <i>0.992375 0.000805864 0.123254 -0.0387154 0.951406 0.305496 -0.117018 -0.307938 0.944183 0.781252 2.89359 -1.09779</i>
                        <i>0.992735 -0.00241258 0.120301 -0.0341084 0.953146 0.300581 -0.11539 -0.3025 0.946139 0.781547 2.89179 -1.09923</i>
                        <i>0.993109 -0.00596228 0.117045 -0.0291109 0.954855 0.295642 -0.113524 -0.297012 0.948101 0.781839 2.8904 -1.10066</i>
                        <i>0.993466 -0.00957972 0.113727 -0.0241263 0.956324 0.29131 -0.111551 -0.29215 0.949844 0.782093 2.88943 -1.1019</i>
                        <i>0.993781 -0.0130009 0.110591 -0.0195499 0.957363 0.288225 -0.109623 -0.288594 0.951155 0.782274 2.88889 -1.10274</i>
                        <i>0.994036 -0.0159614 0.107876 -0.0157703 0.957791 0.287032 -0.107905 -0.287021 0.951828 0.782351 2.88882 -1.10299</i>
                        <i>0.99427 -0.0188627 0.105217 -0.0122597 0.95769 0.28754 -0.106189 -0.287182 0.951972 0.782331 2.88933 -1.10269</i>
                        <i>0.994515 -0.0221288 0.102224 -0.00841125 0.957275 0.289056 -0.104253 -0.28833 0.951839 0.78225 2.89044 -1.10204</i>
                        <i>0.994749 -0.0255283 0.099109 -0.0044917 0.956568 0.291474 -0.102245 -0.290389 0.951431 0.782121 2.89206 -1.1011</i>
                        <i>0.994956 -0.0288299 0.0960844 -0.000769598 0.955592 0.294692 -0.100313 -0.293279 0.950749 0.781959 2.89408 -1.0999</i>
                        <i>0.995124 -0.0318015 0.0933625 0.0024837 0.954372 0.29861 -0.0985987 -0.296922 0.949798 0.781776 2.8964 -1.09849</i>
                        <i>0.995249 -0.0342114 0.0911554 0.00499316 0.952936 0.30313 -0.0972358 -0.301234 0.948579 0.781581 2.89891 -1.09691</i>
                        <i>0.995326 -0.0358275 0.0896755 0.00647949 0.951314 0.308156 -0.09635 -0.306134 0.9471 0.781384 2.90152 -1.0952</i>
                        <i>0.995354 -0.0364178 0.089135 0.00665896 0.949535 0.313591 -0.0960571 -0.31154 0.945365 0.781194 2.90412 -1.0934</i>
                        <i>0.995322 -0.0357339 0.0897612 0.00522298 0.947627 0.319335 -0.0964713 -0.317372 0.943381 0.78096 2.9066 -1.09156</i>
                        <i>0.995232 -0.0338649 0.0914728 0.00228035 0.945617 0.325274 -0.0975136 -0.323515 0.941185 0.780641 2.9089 -1.08971</i>
                        <i>0.995085 -0.0310847 0.0940191 -0.00182703 0.943528 0.331287 -0.0990076 -0.329831 0.938834 0.780255 2.91092 -1.08787</i>
                        <i>0.994885 -0.0276672 0.0971495 -0.00675278 0.94139 0.337252 -0.100786 -0.336183 0.936388 0.779823 2.91259 -1.08608</i>
                        <i>0.994639 -0.0238864 0.100613 -0.0121458 0.939238 0.343052 -0.102694 -0.342435 0.933912 0.779364 2.91384 -1.08436</i>
                        <i>0.994359 -0.0200158 0.10416 -0.0176504 0.937114 0.348578 -0.104587 -0.34845 0.931474 0.778902 2.9146 -1.08274</i>
                        <i>0.994067 -0.0163289 0.10754 -0.0229066 0.93507 0.353724 -0.106333 -0.354088 0.929147 0.77846 2.9148 -1.08124</i>
                        <i>0.99379 -0.0130983 0.110501 -0.027551 0.933165 0.358392 -0.10781 -0.359211 0.927009 0.778061 2.91438 -1.07987</i>
                    </KeyFrames>
                </p>
            </i>
            <i>
                <p>
                    <Name><![CDATA[l_clav]]></Name>
                    <Exclude>0</Exclude>
                    <Additive>0</Additive>
                    <IKPriority>0</IKPriority>
                    <IKRotLimits>-1e+010 -1e+010 -1e+010 1e+010 1e+010 1e+010</IKRotLimits>
                    <IKRotLimitOrder>0</IKRotLimitOrder>
                    <KeyFrames count="33">
                        <i>0.702284 0.578736 0.414563 -0.709279 0.518918 0.477125 0.0610054 -0.629118 0.774913 0.946547 2.49204 -1.28832</i>
                        <i>0.69973 0.580572 0.416311 -0.711816 0.516992 0.475433 0.0607936 -0.629011 0.775015 0.948289 2.49194 -1.28806</i>
                        <i>0.69681 0.582654 0.418294 -0.714695 0.514791 0.473498 0.0605517 -0.628891 0.775132 0.950273 2.49118 -1.28777</i>
                        <i>0.693736 0.584828 0.420365 -0.717701 0.512474 0.471461 0.0602974 -0.628766 0.775254 0.952354 2.48985 -1.28747</i>
                        <i>0.690724 0.58694 0.422377 -0.720621 0.510204 0.469464 0.0600485 -0.628644 0.775371 0.954383 2.48802 -1.28717</i>
                        <i>0.687993 0.588839 0.424188 -0.723248 0.508146 0.467654 0.059823 -0.628535 0.775477 0.956216 2.48576 -1.2869</i>
                        <i>0.685765 0.590377 0.425655 -0.725376 0.506468 0.466176 0.0596393 -0.628447 0.775563 0.957705 2.48315 -1.28668</i>
                        <i>0.684264 0.591408 0.426638 -0.726802 0.505337 0.465181 0.0595156 -0.628388 0.77562 0.958705 2.48027 -1.28654</i>
                        <i>0.683714 0.591784 0.426997 -0.727322 0.504923 0.464817 0.0594704 -0.628366 0.775641 0.959071 2.47718 -1.28648</i>
                        <i>0.684358 0.591343 0.426577 -0.726713 0.505408 0.465243 0.0595234 -0.628392 0.775617 0.958701 2.47397 -1.28654</i>
                        <i>0.68611 0.590139 0.425428 -0.725047 0.506728 0.466405 0.0596678 -0.628461 0.77555 0.95769 2.47073 -1.28672</i>
                        <i>0.688704 0.588345 0.423717 -0.722566 0.508682 0.468125 0.0598817 -0.628563 0.77545 0.956185 2.4676 -1.28697</i>
                        <i>0.691872 0.586137 0.421612 -0.719511 0.511069 0.470225 0.0601433 -0.62869 0.775327 0.954333 2.46471 -1.28729</i>
                        <i>0.695349 0.58369 0.419281 -0.716127 0.51369 0.47253 0.0604308 -0.628831 0.77519 0.952282 2.46217 -1.28763</i>
                        <i>0.698873 0.581185 0.416894 -0.712663 0.516347 0.474865 0.0607226 -0.628976 0.77505 0.950179 2.46012 -1.28798</i>
                        <i>0.702189 0.578804 0.414628 -0.709373 0.518847 0.477063 0.0609976 -0.629114 0.774916 0.948173 2.45869 -1.28831</i>
                        <i>0.705045 0.576735 0.412659 -0.706513 0.521 0.478954 0.0612347 -0.629234 0.7748 0.946414 2.45799 -1.28859</i>
                        <i>0.707832 0.5747 0.410722 -0.703701 0.523102 0.4808 0.0614664 -0.629352 0.774686 0.944654 2.45806 -1.28887</i>
                        <i>0.710955 0.5724 0.408534 -0.700523 0.525458 0.482868 0.0617263 -0.629486 0.774557 0.942646 2.45879 -1.28919</i>
                        <i>0.71419 0.569996 0.406248 -0.697201 0.527898 0.48501 0.0619958 -0.629626 0.774421 0.940537 2.46009 -1.28951</i>
                        <i>0.717315 0.567651 0.404019 -0.693962 0.530256 0.487078 0.0622567 -0.629763 0.774289 0.938476 2.4619 -1.28983</i>
                        <i>0.720115 0.565531 0.402005 -0.691035 0.532369 0.488931 0.0624907 -0.629887 0.774169 0.936612 2.46414 -1.29011</i>
                        <i>0.722377 0.563807 0.400367 -0.688653 0.534076 0.490428 0.0626799 -0.629988 0.774072 0.935095 2.46673 -1.29034</i>
                        <i>0.723888 0.562647 0.399266 -0.687052 0.535217 0.491428 0.0628065 -0.630056 0.774006 0.934075 2.46961 -1.2905</i>
                        <i>0.72444 0.562223 0.398863 -0.686467 0.535634 0.491793 0.0628527 -0.630081 0.773982 0.933702 2.4727 -1.29055</i>
                        <i>0.723801 0.562715 0.39933 -0.687145 0.535151 0.49137 0.0627992 -0.630052 0.77401 0.93408 2.47591 -1.29049</i>
                        <i>0.722052 0.564055 0.400603 -0.688996 0.533831 0.490213 0.0626527 -0.629973 0.774086 0.935112 2.47916 -1.29031</i>
                        <i>0.719441 0.566043 0.402492 -0.691742 0.53186 0.488485 0.0624343 -0.629857 0.774198 0.936647 2.48231 -1.29004</i>
                        <i>0.716216 0.568478 0.404805 -0.695104 0.529427 0.486351 0.062165 -0.629714 0.774336 0.938531 2.48522 -1.28972</i>
                        <i>0.712629 0.571159 0.407354 -0.698807 0.526721 0.483977 0.0618658 -0.629558 0.774487 0.940615 2.48778 -1.28936</i>
                        <i>0.708937 0.573889 0.409951 -0.70258 0.523935 0.481532 0.0615582 -0.629399 0.77464 0.942745 2.48986 -1.28898</i>
                        <i>0.705399 0.576478 0.412414 -0.706158 0.521267 0.479189 0.0612641 -0.629248 0.774786 0.944772 2.49132 -1.28863</i>
                        <i>0.702284 0.578736 0.414563 -0.709279 0.518918 0.477125 0.0610054 -0.629118 0.774913 0.946547 2.49204 -1.28832</i>
                    </KeyFrames>
                </p>
            </i>
            <i>
                <p>
                    <Name><![CDATA[l_shoulder]]></Name>
                    <Exclude>0</Exclude>
                    <Additive>0</Additive>
                    <IKPriority>0</IKPriority>
                    <IKRotLimits>-1e+010 -1e+010 -1e+010 1e+010 1e+010 1e+010</IKRotLimits>
                    <IKRotLimitOrder>0</IKRotLimitOrder>
                    <KeyFrames count="33">
                        <i>0.645889 -0.200998 0.736497 0.624673 0.693734 -0.358494 -0.438876 0.691616 0.573633 1.10354 2.62142 -1.19564</i>
                        <i>0.64563 -0.200598 0.736833 0.623694 0.695275 -0.35721 -0.440646 0.690184 0.574001 1.10471 2.62172 -1.195</i>
                        <i>0.64507 -0.198713 0.737833 0.62258 0.696525 -0.356718 -0.443034 0.689468 0.573022 1.10605 2.62143 -1.19426</i>
                        <i>0.644249 -0.195524 0.739401 0.621421 0.697397 -0.357034 -0.445847 0.689498 0.5708 1.10744 2.62059 -1.1935</i>
                        <i>0.643209 -0.191209 0.741432 0.620306 0.697808 -0.35817 -0.448892 0.690292 0.567444 1.1088 2.61923 -1.19275</i>
                        <i>0.641995 -0.18595 0.743818 0.61932 0.697677 -0.360126 -0.451979 0.69186 0.563067 1.11002 2.61739 -1.19207</i>
                        <i>0.640661 -0.179926 0.746445 0.618544 0.69693 -0.362894 -0.454926 0.694201 0.557788 1.11101 2.61513 -1.19153</i>
                        <i>0.639262 -0.173321 0.749202 0.618051 0.695501 -0.366459 -0.457556 0.697308 0.551728 1.11167 2.61248 -1.19116</i>
                        <i>0.637862 -0.166313 0.751979 0.617907 0.693326 -0.370795 -0.459699 0.701169 0.545013 1.11192 2.60948 -1.19103</i>
                        <i>0.636446 -0.159033 0.754748 0.618177 0.690379 -0.375812 -0.461295 0.705752 0.5377 1.11169 2.60616 -1.19118</i>
                        <i>0.635003 -0.151672 0.757474 0.618805 0.686837 -0.381227 -0.46244 0.710809 0.529999 1.11107 2.60266 -1.19161</i>
                        <i>0.6336 -0.1445 0.760046 0.619681 0.682953 -0.386744 -0.463191 0.716027 0.522263 1.11015 2.59913 -1.19225</i>
                        <i>0.632302 -0.137801 0.762368 0.620705 0.678967 -0.392082 -0.463593 0.72112 0.514847 1.109 2.59574 -1.19303</i>
                        <i>0.631173 -0.131873 0.764349 0.621793 0.675116 -0.396978 -0.463674 0.725829 0.508113 1.10773 2.59266 -1.1939</i>
                        <i>0.630277 -0.127027 0.765908 0.622872 0.671628 -0.40118 -0.463445 0.729918 0.502433 1.10641 2.59005 -1.19478</i>
                        <i>0.629676 -0.123586 0.766965 0.62388 0.668728 -0.404447 -0.462907 0.733164 0.498185 1.10515 2.58808 -1.19562</i>
                        <i>0.629432 -0.121882 0.767437 0.624758 0.666637 -0.406537 -0.462052 0.73535 0.49575 1.10403 2.58692 -1.19634</i>
                        <i>0.629578 -0.121984 0.767302 0.62565 0.665146 -0.407607 -0.460646 0.736682 0.495081 1.10289 2.58654 -1.19706</i>
                        <i>0.63006 -0.123621 0.766644 0.626687 0.663942 -0.407977 -0.458572 0.737495 0.495794 1.10158 2.58675 -1.19786</i>
                        <i>0.630817 -0.126616 0.765531 0.627803 0.663085 -0.407654 -0.455997 0.737758 0.497775 1.10019 2.58751 -1.1987</i>
