<?xml version="1.0" encoding="ISO-8859-1" ?>
<Animl Version="1">
    <ModellingPackage><![CDATA[Maya.2010]]></ModellingPackage>
    <SrcFile><![CDATA[anims\turrets\mortar\blue\~src\mortar_m252\mortar_m252_aim_high_crewman_a.mb]]></SrcFile>
    <FramesPerSecond>30</FramesPerSecond>
    <TotalFrames>33</TotalFrames>
    <Skeleton>
        <RefFrame>
            <Name><![CDATA[soldier_ref_frame]]></Name>
            <Exclude>0</Exclude>
            <Additive>0</Additive>
            <IKPriority>0</IKPriority>
            <IKRotLimits>-1e+010 -1e+010 -1e+010 1e+010 1e+010 1e+010</IKRotLimits>
            <IKRotLimitOrder>0</IKRotLimitOrder>
            <KeyFrames count="33">
                <i>1 0 0 0 1 0 0 0 1 1.01 0.91 -1.51</i>
                <i>1 0 0 0 1 0 0 0 1 1.01 0.91 -1.51</i>
                <i>1 0 0 0 1 0 0 0 1 1.01 0.91 -1.51</i>
                <i>1 0 0 0 1 0 0 0 1 1.01 0.91 -1.51</i>
                <i>1 0 0 0 1 0 0 0 1 1.01 0.91 -1.51</i>
                <i>1 0 0 0 1 0 0 0 1 1.01 0.91 -1.51</i>
                <i>1 0 0 0 1 0 0 0 1 1.01 0.91 -1.51</i>
                <i>1 0 0 0 1 0 0 0 1 1.01 0.91 -1.51</i>
                <i>1 0 0 0 1 0 0 0 1 1.01 0.91 -1.51</i>
                <i>1 0 0 0 1 0 0 0 1 1.01 0.91 -1.51</i>
                <i>1 0 0 0 1 0 0 0 1 1.01 0.91 -1.51</i>
                <i>1 0 0 0 1 0 0 0 1 1.01 0.91 -1.51</i>
                <i>1 0 0 0 1 0 0 0 1 1.01 0.91 -1.51</i>
                <i>1 0 0 0 1 0 0 0 1 1.01 0.91 -1.51</i>
                <i>1 0 0 0 1 0 0 0 1 1.01 0.91 -1.51</i>
                <i>1 0 0 0 1 0 0 0 1 1.01 0.91 -1.51</i>
                <i>1 0 0 0 1 0 0 0 1 1.01 0.91 -1.51</i>
                <i>1 0 0 0 1 0 0 0 1 1.01 0.91 -1.51</i>
                <i>1 0 0 0 1 0 0 0 1 1.01 0.91 -1.51</i>
                <i>1 0 0 0 1 0 0 0 1 1.01 0.91 -1.51</i>
                <i>1 0 0 0 1 0 0 0 1 1.01 0.91 -1.51</i>
                <i>1 0 0 0 1 0 0 0 1 1.01 0.91 -1.51</i>
                <i>1 0 0 0 1 0 0 0 1 1.01 0.91 -1.51</i>
                <i>1 0 0 0 1 0 0 0 1 1.01 0.91 -1.51</i>
                <i>1 0 0 0 1 0 0 0 1 1.01 0.91 -1.51</i>
                <i>1 0 0 0 1 0 0 0 1 1.01 0.91 -1.51</i>
                <i>1 0 0 0 1 0 0 0 1 1.01 0.91 -1.51</i>
                <i>1 0 0 0 1 0 0 0 1 1.01 0.91 -1.51</i>
                <i>1 0 0 0 1 0 0 0 1 1.01 0.91 -1.51</i>
                <i>1 0 0 0 1 0 0 0 1 1.01 0.91 -1.51</i>
                <i>1 0 0 0 1 0 0 0 1 1.01 0.91 -1.51</i>
                <i>1 0 0 0 1 0 0 0 1 1.01 0.91 -1.51</i>
                <i>1 0 0 0 1 0 0 0 1 1.01 0.91 -1.51</i>
            </KeyFrames>
        </RefFrame>
        <Bones count="23">
            <i>
                <p>
                    <Name><![CDATA[pelvis]]></Name>
                    <Exclude>0</Exclude>
                    <Additive>0</Additive>
                    <IKPriority>0</IKPriority>
                    <IKRotLimits>-1e+010 -1e+010 -1e+010 1e+010 1e+010 1e+010</IKRotLimits>
                    <IKRotLimitOrder>2</IKRotLimitOrder>
                    <KeyFrames count="33">
                        <i>1 0 0 0 1 0 0 0 1 0.857505 2.06353 -2.56871</i>
                        <i>1 0 0 0 1 0 0 0 1 0.859124 2.06314 -2.56871</i>
                        <i>1 0 0 0 1 0 0 0 1 0.860972 2.06206 -2.56871</i>
                        <i>1 0 0 0 1 0 0 0 1 0.862911 2.06039 -2.56871</i>
                        <i>1 0 0 0 1 0 0 0 1 0.864804 2.05823 -2.56871</i>
                        <i>1 0 0 0 1 0 0 0 1 0.866514 2.05568 -2.56871</i>
                        <i>1 0 0 0 1 0 0 0 1 0.867906 2.05283 -2.56871</i>
                        <i>1 0 0 0 1 0 0 0 1 0.868841 2.04978 -2.56871</i>
                        <i>1 0 0 0 1 0 0 0 1 0.869183 2.04663 -2.56871</i>
                        <i>1 0 0 0 1 0 0 0 1 0.868841 2.04349 -2.56871</i>
                        <i>1 0 0 0 1 0 0 0 1 0.867906 2.04045 -2.56871</i>
                        <i>1 0 0 0 1 0 0 0 1 0.866516 2.0376 -2.56871</i>
                        <i>1 0 0 0 1 0 0 0 1 0.864806 2.03505 -2.56871</i>
                        <i>1 0 0 0 1 0 0 0 1 0.862913 2.03289 -2.56871</i>
                        <i>1 0 0 0 1 0 0 0 1 0.860974 2.03123 -2.56871</i>
                        <i>1 0 0 0 1 0 0 0 1 0.859126 2.03016 -2.56871</i>
                        <i>1 0 0 0 1 0 0 0 1 0.857505 2.02979 -2.56871</i>
                        <i>1 0 0 0 1 0 0 0 1 0.855883 2.03016 -2.56871</i>
                        <i>1 0 0 0 1 0 0 0 1 0.854031 2.03124 -2.56871</i>
                        <i>1 0 0 0 1 0 0 0 1 0.852087 2.0329 -2.56871</i>
                        <i>1 0 0 0 1 0 0 0 1 0.850188 2.03506 -2.56871</i>
                        <i>1 0 0 0 1 0 0 0 1 0.848472 2.03761 -2.56871</i>
                        <i>1 0 0 0 1 0 0 0 1 0.847076 2.04046 -2.56871</i>
                        <i>1 0 0 0 1 0 0 0 1 0.846138 2.04351 -2.56871</i>
                        <i>1 0 0 0 1 0 0 0 1 0.845794 2.04666 -2.56871</i>
                        <i>1 0 0 0 1 0 0 0 1 0.846138 2.04981 -2.56871</i>
                        <i>1 0 0 0 1 0 0 0 1 0.847075 2.05285 -2.56871</i>
                        <i>1 0 0 0 1 0 0 0 1 0.848471 2.0557 -2.56871</i>
                        <i>1 0 0 0 1 0 0 0 1 0.850186 2.05826 -2.56871</i>
                        <i>1 0 0 0 1 0 0 0 1 0.852084 2.06042 -2.56871</i>
                        <i>1 0 0 0 1 0 0 0 1 0.854028 2.06208 -2.56871</i>
                        <i>1 0 0 0 1 0 0 0 1 0.855881 2.06315 -2.56871</i>
                        <i>1 0 0 0 1 0 0 0 1 0.857505 2.06353 -2.56871</i>
                    </KeyFrames>
                </p>
            </i>
            <i>
                <p>
                    <Name><![CDATA[spine0]]></Name>
                    <Exclude>0</Exclude>
                    <Additive>0</Additive>
                    <IKPriority>0</IKPriority>
                    <IKRotLimits>-1e+010 -1e+010 -1e+010 1e+010 1e+010 1e+010</IKRotLimits>
                    <IKRotLimitOrder>0</IKRotLimitOrder>
                    <KeyFrames count="33">
                        <i>0.106014 0.986718 0.123082 -0.968172 0.0742049 0.239034 0.226726 -0.144505 0.963179 0.855086 2.19795 -2.61991</i>
                        <i>0.106534 0.986853 0.121536 -0.968115 0.0750781 0.238992 0.226725 -0.143122 0.963386 0.856408 2.19714 -2.62098</i>
                        <i>0.107125 0.987001 0.119802 -0.968054 0.0760676 0.238926 0.226708 -0.14157 0.963619 0.857917 2.19557 -2.6222</i>
                        <i>0.107744 0.987149 0.118016 -0.967994 0.0770992 0.238838 0.22667 -0.139972 0.963861 0.8595 2.19338 -2.62348</i>
                        <i>0.108347 0.987286 0.116304 -0.967939 0.0781003 0.238733 0.226615 -0.138442 0.964095 0.861046 2.19069 -2.62472</i>
                        <i>0.108891 0.987404 0.114787 -0.967894 0.0789996 0.238622 0.226548 -0.137085 0.964305 0.862444 2.18764 -2.62584</i>
                        <i>0.109334 0.987495 0.113573 -0.967859 0.0797276 0.238521 0.226483 -0.136001 0.964474 0.863581 2.18439 -2.62675</i>
                        <i>0.109632 0.987555 0.112767 -0.967837 0.080215 0.238447 0.226433 -0.135281 0.964586 0.864345 2.18107 -2.62735</i>
                        <i>0.109741 0.987576 0.112474 -0.967829 0.080393 0.238418 0.226414 -0.13502 0.964628 0.864625 2.17782 -2.62758</i>
                        <i>0.109406 0.987641 0.112229 -0.967848 0.0801188 0.238435 0.226496 -0.134707 0.964652 0.864228 2.17459 -2.62777</i>
                        <i>0.108499 0.987814 0.111589 -0.967898 0.079371 0.238484 0.226721 -0.133882 0.964714 0.863149 2.1713 -2.62828</i>
                        <i>0.107167 0.988059 0.110697 -0.967967 0.07826 0.238569 0.227057 -0.132718 0.964796 0.861553 2.16812 -2.62901</i>
                        <i>0.105557 0.988344 0.109696 -0.968046 0.0768971 0.238691 0.227474 -0.131386 0.96488 0.859609 2.16517 -2.62984</i>
                        <i>0.103816 0.988637 0.108719 -0.968126 0.0753963 0.238847 0.227936 -0.13005 0.964952 0.857482 2.16262 -2.63066</i>
                        <i>0.102091 0.988907 0.107889 -0.968199 0.0738756 0.239024 0.228403 -0.128861 0.965001 0.855339 2.1606 -2.63138</i>
                        <i>0.100532 0.989128 0.107323 -0.968262 0.0724568 0.239203 0.228827 -0.127965 0.96502 0.853346 2.15928 -2.63189</i>
                        <i>0.0992897 0.989275 0.107131 -0.968313 0.0712651 0.239358 0.229156 -0.127502 0.965003 0.851671 2.15881 -2.63208</i>
                        <i>0.0981945 0.989368 0.107275 -0.96836 0.0701411 0.239499 0.229428 -0.127398 0.964952 0.850074 2.15923 -2.63199</i>
                        <i>0.0970284 0.989446 0.107624 -0.968412 0.068899 0.239646 0.229702 -0.127477 0.964877 0.848296 2.16043 -2.63173</i>
                        <i>0.0958741 0.9895 0.108158 -0.968468 0.0676264 0.239785 0.229953 -0.127737 0.964782 0.846469 2.1623 -2.63132</i>
                        <i>0.0948156 0.989525 0.108856 -0.968523 0.066412 0.239901 0.230158 -0.128176 0.964675 0.844725 2.16473 -2.63077</i>
                        <i>0.0939385 0.989516 0.109701 -0.968576 0.0653455 0.239981 0.230297 -0.128797 0.964559 0.843198 2.1676 -2.63011</i>
                        <i>0.0933295 0.989465 0.110672 -0.968622 0.0645172 0.240019 0.23035 -0.1296 0.964439 0.842019 2.17082 -2.62934</i>
                        <i>0.0930756 0.989368 0.111752 -0.968658 0.0640177 0.240007 0.230301 -0.130588 0.964317 0.841321 2.17427 -2.62849</i>
                        <i>0.0932636 0.989217 0.112921 -0.968678 0.0639369 0.239946 0.230139 -0.131762 0.964196 0.841236 2.17784 -2.62758</i>
                        <i>0.0939853 0.989007 0.114158 -0.968677 0.0643695 0.239838 0.229853 -0.133124 0.964078 0.841852 2.18143 -2.62661</i>
                        <i>0.0951955 0.988742 0.115446 -0.968651 0.0652739 0.239698 0.229464 -0.134645 0.963959 0.843071 2.18492 -2.62561</i>
                        <i>0.0967739 0.988433 0.116767 -0.968602 0.0665338 0.239547 0.229007 -0.136283 0.963838 0.844751 2.18822 -2.62459</i>
                        <i>0.0985997 0.988094 0.1181 -0.968534 0.0680339 0.239401 0.228516 -0.137989 0.963711 0.846749 2.1912 -2.62357</i>
                        <i>0.100553 0.987738 0.119424 -0.968451 0.0696605 0.239271 0.228018 -0.139716 0.96358 0.848925 2.19377 -2.62258</i>
                        <i>0.102517 0.98738 0.120713 -0.968357 0.0713028 0.239165 0.227539 -0.141412 0.963446 0.851134 2.19582 -2.62162</i>
                        <i>0.104375 0.987034 0.121942 -0.968261 0.0728527 0.239086 0.227102 -0.143026 0.963311 0.853235 2.19725 -2.62073</i>
                        <i>0.106014 0.986718 0.123082 -0.968172 0.0742049 0.239034 0.226726 -0.144505 0.963179 0.855086 2.19795 -2.61991</i>
                    </KeyFrames>
                </p>
            </i>
            <i>
                <p>
                    <Name><![CDATA[spine1]]></Name>
                    <Exclude>0</Exclude>
                    <Additive>0</Additive>
                    <IKPriority>0</IKPriority>
                    <IKRotLimits>-1e+010 -1e+010 -1e+010 1e+010 1e+010 1e+010</IKRotLimits>
                    <IKRotLimitOrder>0</IKRotLimitOrder>
                    <KeyFrames count="33">
                        <i>-0.0636229 0.897284 0.436845 -0.993846 -0.0967395 0.0539585 0.0906763 -0.430723 0.897917 0.873335 2.36781 -2.59872</i>
                        <i>-0.0617324 0.895318 0.441129 -0.993906 -0.0955839 0.0549087 0.0913256 -0.435051 0.895763 0.874791 2.36744 -2.60002</i>
                        <i>-0.0595996 0.893077 0.445939 -0.993971 -0.0942812 0.055972 0.092031 -0.439915 0.893311 0.876453 2.36638 -2.60148</i>
                        <i>-0.0573887 0.890728 0.450899 -0.994036 -0.0929316 0.0570645 0.0927317 -0.444935 0.890749 0.878198 2.36472 -2.60301</i>
                        <i>-0.0552571 0.888439 0.455656 -0.994096 -0.0916307 0.0581085 0.093378 -0.449755 0.888257 0.879904 2.36256 -2.60449</i>
                        <i>-0.0533543 0.886377 0.45988 -0.994148 -0.0904696 0.059033 0.0939306 -0.454039 0.886017 0.881447 2.36 -2.60582</i>
                        <i>-0.0518232 0.884704 0.463264 -0.994188 -0.0895351 0.0597717 0.0943586 -0.457474 0.884202 0.882703 2.35714 -2.6069</i>
                        <i>-0.0508025 0.883582 0.465512 -0.994215 -0.088912 0.0602617 0.0946357 -0.459758 0.882988 0.883548 2.35409 -2.60762</i>
                        <i>-0.0504307 0.883172 0.466329 -0.994224 -0.0886851 0.0604396 0.094735 -0.460588 0.882544 0.883857 2.35094 -2.60788</i>
                        <i>-0.0503118 0.882772 0.467099 -0.994217 -0.0886969 0.0605403 0.0948736 -0.461352 0.88213 0.883408 2.34778 -2.60811</i>
                        <i>-0.0500083 0.881717 0.469121 -0.994197 -0.0887381 0.0608025 0.0952396 -0.463358 0.881038 0.882188 2.3447 -2.60872</i>
                        <i>-0.0495996 0.880223 0.471961 -0.994168 -0.0888165 0.0611661 0.0957578 -0.466175 0.879495 0.880385 2.3418 -2.60958</i>
                        <i>-0.0491645 0.878508 0.47519 -0.994132 -0.0889398 0.0615718 0.0963547 -0.469375 0.877726 0.878186 2.33918 -2.61055</i>
                        <i>-0.0487822 0.876788 0.478396 -0.994092 -0.0891165 0.0619619 0.0969604 -0.472547 0.875955 0.875781 2.33694 -2.61152</i>
                        <i>-0.048533 0.875275 0.481184 -0.994051 -0.0893574 0.0622797 0.0975092 -0.475299 0.874404 0.873357 2.33521 -2.61236</i>
                        <i>-0.0484996 0.874179 0.483177 -0.99401 -0.0896759 0.0624691 0.0979384 -0.477253 0.873291 0.871104 2.33408 -2.61295</i>
                        <i>-0.0487676 0.873707 0.484001 -0.993972 -0.0900883 0.0624732 0.0981862 -0.478037 0.872834 0.869212 2.33366 -2.61317</i>
                        <i>-0.0493702 0.873784 0.483802 -0.993932 -0.090651 0.0622956 0.0982901 -0.477791 0.872957 0.867414 2.33402 -2.61307</i>
                        <i>-0.0502433 0.874175 0.483005 -0.993885 -0.091376 0.0619922 0.0983271 -0.476937 0.87342 0.865415 2.33508 -2.61276</i>
                        <i>-0.0513304 0.874856 0.481656 -0.993833 -0.092215 0.0615814 0.0982907 -0.475524 0.874194 0.863363 2.33673 -2.61228</i>
                        <i>-0.0525751 0.875803 0.479797 -0.99378 -0.0931198 0.0610811 0.0981736 -0.473601 0.875251 0.861407 2.33889 -2.61164</i>
                        <i>-0.0539204 0.876991 0.477472 -0.993728 -0.0940415 0.060509 0.097968 -0.471214 0.876561 0.859696 2.34145 -2.61086</i>
                        <i>-0.0553081 0.878395 0.474725 -0.993681 -0.0949306 0.0598829 0.0976667 -0.468413 0.878095 0.858378 2.34432 -2.60996</i>
                        <i>-0.0566775 0.879989 0.4716 -0.993644 -0.0957355 0.0592218 0.0972634 -0.465246 0.879822 0.857602 2.34739 -2.60896</i>
                        <i>-0.0579652 0.881748 0.468146 -0.993619 -0.0964032 0.0585458 0.0967535 -0.461765 0.881709 0.857517 2.35057 -2.60788</i>
                        <i>-0.0591018 0.883645 0.464413 -0.993612 -0.0968756 0.057878 0.0961339 -0.458025 0.883726 0.858224 2.35376 -2.60673</i>
                        <i>-0.0600736 0.885643 0.460465 -0.993623 -0.0971528 0.0572296 0.0954205 -0.454091 0.885831 0.859621 2.35685 -2.60554</i>
                        <i>-0.0608991 0.887698 0.456381 -0.993647 -0.0972691 0.0566051 0.09464 -0.450034 0.887982 0.861543 2.35976 -2.60434</i>
                        <i>-0.0615986 0.889767 0.45224 -0.993682 -0.0972599 0.0560085 0.0938193 -0.445932 0.890136 0.863827 2.36236 -2.60313</i>
                        <i>-0.0621945 0.891805 0.448126 -0.993723 -0.0971623 0.0554437 0.0929858 -0.441864 0.89225 0.86631 2.36457 -2.60194</i>
                        <i>-0.0627117 0.893767 0.444127 -0.993767 -0.0970154 0.054913 0.0921665 -0.437915 0.89428 0.86883 2.36628 -2.60079</i>
                        <i>-0.0631779 0.895608 0.440335 -0.993809 -0.0968603 0.0544179 0.0913881 -0.434171 0.896183 0.871226 2.36739 -2.59971</i>
                        <i>-0.0636229 0.897284 0.436845 -0.993846 -0.0967395 0.0539585 0.0906763 -0.430723 0.897917 0.873335 2.36781 -2.59872</i>
                    </KeyFrames>
                </p>
            </i>
            <i>
                <p>
                    <Name><![CDATA[spine2]]></Name>
                    <Exclude>0</Exclude>
                    <Additive>0</Additive>
                    <IKPriority>0</IKPriority>
                    <IKRotLimits>-1e+010 -1e+010 -1e+010 1e+010 1e+010 1e+010</IKRotLimits>
                    <IKRotLimitOrder>0</IKRotLimitOrder>
                    <KeyFrames count="33">
                        <i>-0.309981 0.783342 0.538783 -0.950547 -0.243839 -0.192363 -0.0193101 -0.571767 0.820189 0.8631 2.50984 -2.52949</i>
                        <i>-0.310414 0.78152 0.541174 -0.950426 -0.244213 -0.192485 -0.0182692 -0.574096 0.818584 0.864833 2.5095 -2.52993</i>
                        <i>-0.3109 0.779461 0.543859 -0.950289 -0.244638 -0.192622 -0.017093 -0.576709 0.816771 0.866809 2.50847 -2.53043</i>
                        <i>-0.311402 0.777323 0.546624 -0.950146 -0.245083 -0.192764 -0.0158713 -0.5794 0.814889 0.868881 2.50685 -2.53094</i>
                        <i>-0.311887 0.775258 0.549274 -0.950006 -0.245518 -0.1929 -0.0146904 -0.581976 0.813073 0.870903 2.50474 -2.53145</i>
                        <i>-0.312321 0.773411 0.551625 -0.949879 -0.245913 -0.193022 -0.0136335 -0.584262 0.811451 0.87273 2.50222 -2.5319</i>
                        <i>-0.312672 0.771924 0.553507 -0.949775 -0.246235 -0.19312 -0.012781 -0.586091 0.810145 0.874214 2.4994 -2.53226</i>
                        <i>-0.312906 0.770931 0.554757 -0.949705 -0.246452 -0.193186 -0.0122116 -0.587305 0.809274 0.875212 2.49637 -2.53251</i>
                        <i>-0.312992 0.770569 0.555211 -0.94968 -0.246532 -0.19321 -0.012004 -0.587746 0.808957 0.875577 2.49324 -2.53259</i>
                        <i>-0.312222 0.770565 0.55565 -0.949931 -0.245751 -0.192968 -0.0121429 -0.588078 0.808713 0.875145 2.49007 -2.53267</i>
                        <i>-0.31015 0.770571 0.5568 -0.950605 -0.243648 -0.192318 -0.0125312 -0.588944 0.808077 0.873966 2.48695 -2.53288</i>
                        <i>-0.307133 0.770614 0.558411 -0.951576 -0.240583 -0.19137 -0.0131281 -0.590147 0.807189 0.872218 2.48399 -2.53317</i>
                        <i>-0.303524 0.77072 0.560236 -0.952722 -0.236917 -0.190237 -0.0138899 -0.591491 0.806192 0.870078 2.48131 -2.5335</i>
                        <i>-0.299678 0.770912 0.562039 -0.953926 -0.233008 -0.189029 -0.0147654 -0.592792 0.80522 0.867723 2.47902 -2.53382</i>
                        <i>-0.295941 0.771213 0.563604 -0.955077 -0.22921 -0.187857 -0.015694 -0.59388 0.804401 0.86533 2.47722 -2.53411</i>
                        <i>-0.29266 0.771648 0.564721 -0.956072 -0.225878 -0.186829 -0.0166079 -0.594592 0.803856 0.863076 2.47603 -2.5343</i>
                        <i>-0.290178 0.77224 0.565192 -0.956814 -0.223364 -0.186053 -0.0174346 -0.594772 0.803705 0.861139 2.47556 -2.53438</i>
                        <i>-0.288144 0.773068 0.565101 -0.957413 -0.221314 -0.185422 -0.0182785 -0.594463 0.803915 0.859246 2.47586 -2.53434</i>
                        <i>-0.286078 0.774138 0.564686 -0.958013 -0.219241 -0.184782 -0.0192444 -0.593838 0.804354 0.857112 2.47686 -2.53424</i>
                        <i>-0.284125 0.775377 0.563971 -0.958573 -0.217291 -0.18418 -0.0202629 -0.592937 0.804994 0.854893 2.47845 -2.53408</i>
                        <i>-0.282434 0.776716 0.562978 -0.959051 -0.215614 -0.183661 -0.0212661 -0.591797 0.805807 0.852747 2.48054 -2.53386</i>
                        <i>-0.281152 0.778084 0.561729 -0.959407 -0.214361 -0.183272 -0.022188 -0.590454 0.806767 0.850833 2.48305 -2.5336</i>
                        <i>-0.280433 0.779413 0.560244 -0.959599 -0.213681 -0.183059 -0.0229645 -0.588945 0.807847 0.849307 2.48587 -2.5333</i>
                        <i>-0.280429 0.780634 0.558543 -0.959586 -0.213729 -0.183069 -0.0235333 -0.587308 0.809021 0.848328 2.48891 -2.53296</i>
                        <i>-0.281293 0.781676 0.556648 -0.959326 -0.214654 -0.183351 -0.023834 -0.585582 0.810262 0.848054 2.49208 -2.5326</i>
                        <i>-0.283193 0.78246 0.55458 -0.958768 -0.216622 -0.183955 -0.0238029 -0.583808 0.811543 0.848598 2.49528 -2.53222</i>
                        <i>-0.286039 0.782987 0.552371 -0.957931 -0.219541 -0.184854 -0.0234701 -0.582008 0.812844 0.849857 2.49841 -2.53182</i>
                        <i>-0.2896 0.783302 0.550063 -0.956873 -0.223175 -0.185974 -0.0229139 -0.580199 0.814152 0.851665 2.50137 -2.53141</i>
                        <i>-0.293645 0.78345 0.547703 -0.955656 -0.227289 -0.187245 -0.02221 -0.5784 0.815451 0.853855 2.50405 -2.531</i>
                        <i>-0.297941 0.783477 0.54534 -0.954344 -0.231648 -0.188592 -0.0214304 -0.576631 0.816724 0.85626 2.50635 -2.53059</i>
                        <i>-0.302251 0.783432 0.543027 -0.953005 -0.236016 -0.189943 -0.0206441 -0.574917 0.817951 0.858713 2.50815 -2.5302</i>
                        <i>-0.306343 0.783369 0.540821 -0.951713 -0.240158 -0.191224 -0.0199165 -0.573286 0.819113 0.861049 2.50935 -2.52983</i>
                        <i>-0.309981 0.783342 0.538783 -0.950547 -0.243839 -0.192363 -0.0193101 -0.571767 0.820189 0.8631 2.50984 -2.52949</i>
                    </KeyFrames>
                </p>
            </i>
            <i>
                <p>
                    <Name><![CDATA[head]]></Name>
                    <Exclude>0</Exclude>
                    <Additive>0</Additive>
                    <IKPriority>0</IKPriority>
                    <IKRotLimits>-1e+010 -1e+010 -1e+010 1e+010 1e+010 1e+010</IKRotLimits>
                    <IKRotLimitOrder>0</IKRotLimitOrder>
                    <KeyFrames count="33">
                        <i>-0.0046353 0.975746 -0.218855 0.099517 -0.217321 -0.971014 -0.995025 -0.0262807 -0.096096 0.77183 2.71657 -2.41071</i>
                        <i>-0.00757088 0.975301 -0.220749 0.10129 -0.218872 -0.970482 -0.994828 -0.0297071 -0.0971316 0.773032 2.71599 -2.41075</i>
                        <i>-0.0105907 0.9741 -0.225868 0.103356 -0.223605 -0.969184 -0.994588 -0.0336092 -0.0983113 0.774405 2.7147 -2.4108</i>
                        <i>-0.0135257 0.972351 -0.233131 0.105585 -0.23046 -0.967336 -0.994318 -0.0376991 -0.0995484 0.775848 2.71281 -2.41086</i>
                        <i>-0.016218 0.970275 -0.24146 0.107827 -0.238386 -0.965166 -0.994037 -0.0416889 -0.100756 0.777258 2.71042 -2.41091</i>
                        <i>-0.018524 0.968125 -0.24978 0.109913 -0.246337 -0.962932 -0.993769 -0.0452915 -0.101846 0.778533 2.70766 -2.41096</i>
                        <i>-0.0203153 0.96619 -0.257029 0.111653 -0.253282 -0.960928 -0.99354 -0.0482197 -0.102733 0.77957 2.70465 -2.411</i>
                        <i>-0.0214743 0.964788 -0.26215 0.112847 -0.258196 -0.959479 -0.99338 -0.0501869 -0.103329 0.780268 2.70149 -2.41103</i>
                        <i>-0.0218869 0.964249 -0.264091 0.113289 -0.260061 -0.958923 -0.993321 -0.0509064 -0.103547 0.780524 2.6983 -2.41104</i>
                        <i>-0.0209968 0.963943 -0.265281 0.112848 -0.261359 -0.958622 -0.99339 -0.0500645 -0.103292 0.780283 2.69521 -2.41103</i>
                        <i>-0.0185861 0.963123 -0.268418 0.111634 -0.264786 -0.957824 -0.993576 -0.0477666 -0.102596 0.779626 2.69229 -2.411</i>
                        <i>-0.0150473 0.961938 -0.272854 0.109799 -0.269645 -0.95668 -0.99384 -0.0443546 -0.101563 0.778647 2.68964 -2.41095</i>
                        <i>-0.0107714 0.960537 -0.277944 0.107503 -0.275236 -0.955347 -0.994146 -0.0401703 -0.100296 0.777444 2.68732 -2.41089</i>
                        <i>-0.00614227 0.959088 -0.283042 0.104918 -0.280867 -0.953995 -0.994462 -0.0355558 -0.0989001 0.77611 2.68543 -2.41083</i>
                        <i>-0.0015335 0.957778 -0.287506 0.102233 -0.28585 -0.952806 -0.994759 -0.0308537 -0.0974782 0.774743 2.68402 -2.41077</i>
                        <i>0.00269222 0.956812 -0.290694 0.0996588 -0.289504 -0.951974 -0.995018 -0.0264073 -0.0961342 0.773435 2.68319 -2.41071</i>
                        <i>0.00618131 0.956409 -0.291964 0.0974186 -0.291156 -0.951702 -0.995224 -0.0225599 -0.0949718 0.772283 2.68302 -2.41066</i>
                        <i>0.00942508 0.956517 -0.291524 0.0952307 -0.291071 -0.95195 -0.995411 -0.0187898 -0.0938332 0.771121 2.6836 -2.41061</i>
                        <i>0.012985 0.956915 -0.290079 0.0927839 -0.290005 -0.952517 -0.995602 -0.0145462 -0.092552 0.769788 2.6849 -2.41056</i>
                        <i>0.0166163 0.957569 -0.287724 0.0902632 -0.288025 -0.953359 -0.995779 -0.0101296 -0.0912192 0.768385 2.68679 -2.41051</i>
                        <i>0.0200722 0.95845 -0.284554 0.0878511 -0.285201 -0.954433 -0.995931 -0.00584075 -0.0899255 0.767013 2.68917 -2.41045</i>
                        <i>0.0231027 0.959529 -0.280662 0.0857252 -0.281604 -0.955694 -0.996051 -0.00198075 -0.0887616 0.765772 2.69192 -2.41041</i>
                        <i>0.0254527 0.96078 -0.276141 0.0840566 -0.277309 -0.957097 -0.996136 0.00114926 -0.0878182 0.764761 2.69493 -2.41037</i>
                        <i>0.0268622 0.962181 -0.271083 0.083008 -0.272391 -0.9586 -0.996187 0.00324808 -0.0871857 0.764082 2.69809 -2.41034</i>
                        <i>0.0270651 0.963709 -0.265579 0.0827329 -0.266925 -0.96016 -0.996204 0.00401461 -0.0869547 0.763833 2.70127 -2.41034</i>
                        <i>0.0257703 0.965339 -0.259726 0.0833871 -0.260982 -0.961735 -0.996184 0.00312651 -0.0872224 0.764066 2.70437 -2.41035</i>
                        <i>0.0230734 0.967025 -0.253633 0.0848763 -0.254679 -0.963294 -0.996124 0.00069914 -0.0879538 0.764705 2.7073 -2.41037</i>
                        <i>0.0192869 0.968716 -0.247422 0.0869772 -0.248155 -0.964808 -0.996024 -0.00291191 -0.0890424 0.765656 2.70997 -2.41042</i>
                        <i>0.0147288 0.97036 -0.241216 0.0894753 -0.241553 -0.966254 -0.99588 -0.00735109 -0.090381 0.766826 2.71229 -2.41047</i>
                        <i>0.00972379 0.971914 -0.235136 0.0921662 -0.235018 -0.967612 -0.995696 -0.0122627 -0.0918628 0.768122 2.7142 -2.41053</i>
                        <i>0.00460276 0.973344 -0.229304 0.0948566 -0.228697 -0.968865 -0.99548 -0.0172915 -0.0933808 0.76945 2.7156 -2.41059</i>
                        <i>-0.000297537 0.974626 -0.223838 0.0973643 -0.222746 -0.970002 -0.995249 -0.0220824 -0.0948275 0.770718 2.71641 -2.41066</i>
                        <i>-0.0046353 0.975746 -0.218855 0.099517 -0.217321 -0.971014 -0.995025 -0.0262807 -0.096096 0.77183 2.71657 -2.41071</i>
                    </KeyFrames>
                </p>
            </i>
            <i>
                <p>
                    <Name><![CDATA[head_prop]]></Name>
                    <Exclude>0</Exclude>
                    <Additive>0</Additive>
                    <IKPriority>0</IKPriority>
                    <IKRotLimits>-1e+010 -1e+010 -1e+010 1e+010 1e+010 1e+010</IKRotLimits>
                    <IKRotLimitOrder>0</IKRotLimitOrder>
                    <KeyFrames count="33">
                        <i>0.995025 0.0262807 0.096096 -0.0046353 0.975746 -0.218855 -0.099517 0.217321 0.971014 0.770319 3.03457 -2.48204</i>
                        <i>0.994828 0.0297071 0.0971316 -0.00757088 0.975301 -0.220749 -0.10129 0.218872 0.970482 0.770565 3.03385 -2.4827</i>
                        <i>0.994588 0.0336092 0.0983113 -0.0105907 0.9741 -0.225868 -0.103356 0.223605 0.969184 0.770954 3.03217 -2.48442</i>
                        <i>0.994318 0.0376991 0.0995484 -0.0135257 0.972351 -0.233131 -0.105585 0.23046 0.967336 0.77144 3.0297 -2.48684</i>
                        <i>0.994037 0.0416889 0.100756 -0.016218 0.970275 -0.24146 -0.107827 0.238386 0.965166 0.771972 3.02664 -2.48961</i>
                        <i>0.993769 0.0452915 0.101846 -0.018524 0.968125 -0.24978 -0.109913 0.246337 0.962932 0.772495 3.02318 -2.49237</i>
                        <i>0.99354 0.0482197 0.102733 -0.0203153 0.96619 -0.257029 -0.111653 0.253282 0.960928 0.772949 3.01954 -2.49477</i>
                        <i>0.99338 0.0501869 0.103329 -0.0214743 0.964788 -0.26215 -0.112847 0.258196 0.959479 0.77327 3.01592 -2.49647</i>
                        <i>0.993321 0.0509064 0.103547 -0.0218869 0.964249 -0.264091 -0.113289 0.260061 0.958923 0.77339 3.01256 -2.49711</i>
                        <i>0.99339 0.0500645 0.103292 -0.0209968 0.963943 -0.265281 -0.112848 0.261359 0.958622 0.77344 3.00937 -2.49748</i>
                        <i>0.993576 0.0477666 0.102596 -0.0185861 0.963123 -0.268418 -0.111634 0.264786 0.957824 0.773569 3.00618 -2.49848</i>
                        <i>0.99384 0.0443546 0.101563 -0.0150473 0.961938 -0.272854 -0.109799 0.269645 0.95668 0.773743 3.00314 -2.49987</i>
                        <i>0.994146 0.0401703 0.100296 -0.0107714 0.960537 -0.277944 -0.107503 0.275236 0.955347 0.773933 3.00037 -2.50148</i>
                        <i>0.994462 0.0355558 0.0989001 -0.00614227 0.959088 -0.283042 -0.104918 0.280867 0.953995 0.774108 2.998 -2.50308</i>
                        <i>0.994759 0.0308537 0.0974782 -0.0015335 0.957778 -0.287506 -0.102233 0.28585 0.952806 0.774243 2.99617 -2.50447</i>
                        <i>0.995018 0.0264073 0.0961342 0.00269222 0.956812 -0.290694 -0.0996588 0.289504 0.951974 0.774313 2.99503 -2.50545</i>
                        <i>0.995224 0.0225599 0.0949718 0.00618131 0.956409 -0.291964 -0.0974186 0.291156 0.951702 0.774298 2.99472 -2.50581</i>
                        <i>0.995411 0.0187898 0.0938332 0.00942508 0.956517 -0.291524 -0.0952307 0.291071 0.95195 0.774193 2.99534 -2.50562</i>
                        <i>0.995602 0.0145462 0.092552 0.012985 0.956915 -0.290079 -0.0927839 0.290005 0.952517 0.77402 2.99676 -2.5051</i>
                        <i>0.995779 0.0101296 0.0912192 0.0166163 0.957569 -0.287724 -0.0902632 0.288025 0.953359 0.773801 2.99887 -2.50428</i>
                        <i>0.995931 0.00584075 0.0899255 0.0200722 0.95845 -0.284554 -0.0878511 0.285201 0.954433 0.773555 3.00154 -2.50319</i>
                        <i>0.996051 0.00198075 0.0887616 0.0231027 0.959529 -0.280662 -0.0857252 0.281604 0.955694 0.773301 3.00464 -2.50188</i>
                        <i>0.996136 -0.00114926 0.0878182 0.0254527 0.96078 -0.276141 -0.0840566 0.277309 0.957097 0.773056 3.00806 -2.50037</i>
                        <i>0.996187 -0.00324808 0.0871857 0.0268622 0.962181 -0.271083 -0.083008 0.272391 0.9586 0.772836 3.01167 -2.49869</i>
                        <i>0.996204 -0.00401461 0.0869547 0.0270651 0.963709 -0.265579 -0.0827329 0.266925 0.96016 0.772653 3.01535 -2.49689</i>
                        <i>0.996184 -0.00312651 0.0872224 0.0257703 0.965339 -0.259726 -0.0833871 0.260982 0.961735 0.772465 3.01899 -2.49499</i>
                        <i>0.996124 -0.00069914 0.0879538 0.0230734 0.967025 -0.253633 -0.0848763 0.254679 0.963294 0.772225 3.02246 -2.49304</i>
                        <i>0.996024 0.00291191 0.0890424 0.0192869 0.968716 -0.247422 -0.0869772 0.248155 0.964808 0.771941 3.02568 -2.49105</i>
                        <i>0.99588 0.00735109 0.090381 0.0147288 0.97036 -0.241216 -0.0894753 0.241553 0.966254 0.771626 3.02854 -2.48909</i>
                        <i>0.995696 0.0122627 0.0918628 0.00972379 0.971914 -0.235136 -0.0921662 0.235018 0.967612 0.771291 3.03095 -2.48716</i>
                        <i>0.99548 0.0172915 0.0933808 0.00460276 0.973344 -0.229304 -0.0948566 0.228697 0.968865 0.77095 3.03282 -2.48533</i>
                        <i>0.995249 0.0220824 0.0948275 -0.000297537 0.974626 -0.223838 -0.0973643 0.222746 0.970002 0.770621 3.03405 -2.48361</i>
                        <i>0.995025 0.0262807 0.096096 -0.0046353 0.975746 -0.218855 -0.099517 0.217321 0.971014 0.770319 3.03457 -2.48204</i>
                    </KeyFrames>
                </p>
            </i>
            <i>
                <p>
                    <Name><![CDATA[l_clav]]></Name>
                    <Exclude>0</Exclude>
                    <Additive>0</Additive>
                    <IKPriority>0</IKPriority>
                    <IKRotLimits>-1e+010 -1e+010 -1e+010 1e+010 1e+010 1e+010</IKRotLimits>
                    <IKRotLimitOrder>0</IKRotLimitOrder>
                    <KeyFrames count="33">
                        <i>0.710308 0.694296 0.115825 -0.700634 0.681572 0.211122 0.0676378 -0.231112 0.970573 0.929583 2.56873 -2.44343</i>
                        <i>0.707786 0.696733 0.116626 -0.703202 0.679128 0.210456 0.0674279 -0.23097 0.970622 0.931328 2.5687 -2.44333</i>
                        <i>0.704902 0.699499 0.117536 -0.706116 0.676335 0.209695 0.0671881 -0.230808 0.970677 0.933318 2.56803 -2.44321</i>
                        <i>0.701865 0.702387 0.118486 -0.709158 0.673393 0.208893 0.0669359 -0.23064 0.970734 0.935404 2.5668 -2.44308</i>
                        <i>0.698889 0.705192 0.11941 -0.712115 0.670511 0.208107 0.0666891 -0.230477 0.97079 0.937439 2.56506 -2.44295</i>
                        <i>0.69619 0.707716 0.120242 -0.714774 0.667897 0.207393 0.0664655 -0.230331 0.97084 0.939276 2.56289 -2.44284</i>
                        <i>0.693988 0.70976 0.120917 -0.716929 0.665765 0.20681 0.0662834 -0.230212 0.97088 0.940769 2.56035 -2.44275</i>
                        <i>0.692505 0.71113 0.121369 -0.718373 0.664329 0.206417 0.0661607 -0.230133 0.970908 0.941773 2.55752 -2.44269</i>
                        <i>0.691962 0.711631 0.121534 -0.7189 0.663803 0.206273 0.0661158 -0.230104 0.970918 0.942139 2.55445 -2.44267</i>
                        <i>0.692598 0.711045 0.121341 -0.718283 0.664418 0.206442 0.0661684 -0.230138 0.970906 0.941768 2.55122 -2.44269</i>
                        <i>0.694329 0.709444 0.120812 -0.716596 0.666095 0.2069 0.0663116 -0.230231 0.970874 0.940755 2.54793 -2.44277</i>
                        <i>0.696893 0.70706 0.120026 -0.714083 0.668578 0.207579 0.0665237 -0.230369 0.970827 0.939245 2.54471 -2.44287</i>
                        <i>0.700023 0.704126 0.119059 -0.710991 0.671609 0.208406 0.0667831 -0.230539 0.970769 0.937387 2.54172 -2.443</i>
                        <i>0.703458 0.700875 0.117989 -0.707565 0.674936 0.209314 0.0670681 -0.230728 0.970704 0.93533 2.53907 -2.44314</i>
                        <i>0.70694 0.697547 0.116894 -0.704059 0.678309 0.210233 0.0673575 -0.230922 0.970638 0.93322 2.53691 -2.44329</i>
                        <i>0.710215 0.694386 0.115855 -0.700729 0.681482 0.211097 0.0676301 -0.231107 0.970575 0.931208 2.53537 -2.44343</i>
                        <i>0.713036 0.69164 0.114952 -0.697835 0.684215 0.21184 0.0678651 -0.231268 0.97052 0.929444 2.53459 -2.44355</i>
                        <i>0.715788 0.688938 0.114066 -0.694989 0.686881 0.212565 0.0680947 -0.231426 0.970466 0.927679 2.53457 -2.44366</i>
                        <i>0.718872 0.685886 0.113064 -0.691774 0.689869 0.213376 0.0683523 -0.231605 0.970406 0.925665 2.53519 -2.44379</i>
                        <i>0.722065 0.682696 0.112019 -0.688413 0.692964 0.214216 0.0686195 -0.231793 0.970342 0.923551 2.53639 -2.44393</i>
                        <i>0.725151 0.679585 0.111 -0.685137 0.695954 0.215026 0.068878 -0.231976 0.97028 0.921484 2.5381 -2.44406</i>
                        <i>0.727915 0.676774 0.11008 -0.682176 0.698632 0.215752 0.0691098 -0.232142 0.970224 0.919615 2.54025 -2.44418</i>
                        <i>0.730147 0.674487 0.109332 -0.679767 0.700796 0.216337 0.0692972 -0.232278 0.970178 0.918094 2.54277 -2.44427</i>
                        <i>0.731639 0.672949 0.108829 -0.678148 0.702242 0.216728 0.0694227 -0.232369 0.970147 0.917071 2.5456 -2.44433</i>
                        <i>0.732183 0.672387 0.108645 -0.677556 0.702769 0.21687 0.0694684 -0.232402 0.970136 0.916697 2.54866 -2.44436</i>
                        <i>0.731552 0.673039 0.108858 -0.678242 0.702158 0.216705 0.0694154 -0.232363 0.970149 0.917076 2.5519 -2.44433</i>
                        <i>0.729826 0.674816 0.109439 -0.680114 0.700485 0.216253 0.0692703 -0.232258 0.970184 0.918111 2.55521 -2.44426</i>
                        <i>0.727249 0.677453 0.110302 -0.682891 0.697987 0.215577 0.0690539 -0.232102 0.970237 0.919651 2.55844 -2.44415</i>
                        <i>0.724066 0.680682 0.111359 -0.686292 0.694902 0.214741 0.068787 -0.231912 0.970302 0.921541 2.56146 -2.44401</i>
                        <i>0.720525 0.684238 0.112524 -0.690038 0.691471 0.213811 0.0684906 -0.231702 0.970373 0.923631 2.56413 -2.44386</i>
                        <i>0.716879 0.687862 0.113713 -0.693856 0.687938 0.212852 0.0681858 -0.231489 0.970445 0.925768 2.56632 -2.44371</i>
                        <i>0.713385 0.691298 0.11484 -0.697475 0.684553 0.211932 0.0678943 -0.231288 0.970513 0.927802 2.5679 -2.44356</i>
                        <i>0.710308 0.694296 0.115825 -0.700634 0.681572 0.211122 0.0676378 -0.231112 0.970573 0.929583 2.56873 -2.44343</i>
                    </KeyFrames>
                </p>
            </i>
            <i>
                <p>
                    <Name><![CDATA[l_shoulder]]></Name>
                    <Exclude>0</Exclude>
                    <Additive>0</Additive>
                    <IKPriority>0</IKPriority>
                    <IKRotLimits>-1e+010 -1e+010 -1e+010 1e+010 1e+010 1e+010</IKRotLimits>
                    <IKRotLimitOrder>0</IKRotLimitOrder>
                    <KeyFrames count="33">
                        <i>0.452057 0.305365 0.838091 0.619675 0.568314 -0.541315 -0.641597 0.76405 0.0676831 1.08837 2.72394 -2.41754</i>
                        <i>0.452475 0.304301 0.838253 0.618285 0.570333 -0.540781 -0.642643 0.762969 0.0699164 1.08955 2.72445 -2.41725</i>
                        <i>0.451998 0.304862 0.838306 0.616746 0.572158 -0.540611 -0.644455 0.761377 0.0705917 1.0909 2.72441 -2.41693</i>
                        <i>0.450687 0.306947 0.838251 0.615173 0.57366 -0.54081 -0.646872 0.759406 0.0697156 1.09231 2.72382 -2.41659</i>
                        <i>0.448597 0.310453 0.838081 0.613685 0.574716 -0.54138 -0.649732 0.757179 0.0672955 1.09368 2.72271 -2.41626</i>
                        <i>0.445778 0.315279 0.837784 0.612398 0.575206 -0.542316 -0.652879 0.754809 0.0633387 1.09491 2.7211 -2.41596</i>
                        <i>0.442277 0.321327 0.837341 0.611424 0.575019 -0.543611 -0.656164 0.752398 0.0578508 1.09591 2.71902 -2.41572</i>
                        <i>0.438136 0.328511 0.83673 0.610876 0.574049 -0.545251 -0.659445 0.750033 0.050832 1.09658 2.71649 -2.41556</i>
                        <i>0.433392 0.336759 0.835921 0.610857 0.572193 -0.547219 -0.66259 0.747789 0.0422725 1.09683 2.71354 -2.4155</i>
                        <i>0.427997 0.346054 0.834904 0.611471 0.569384 -0.549459 -0.665523 0.745687 0.0320928 1.0966 2.71017 -2.41557</i>
                        <i>0.422047 0.356127 0.833696 0.612647 0.565808 -0.551839 -0.668236 0.743663 0.0206175 1.09597 2.70652 -2.41576</i>
                        <i>0.415806 0.366538 0.832319 0.614223 0.561745 -0.554232 -0.670698 0.741682 0.00844047 1.09504 2.70278 -2.41604</i>
                        <i>0.409564 0.376814 0.830824 0.616048 0.557466 -0.556522 -0.672862 0.739758 -0.00381766 1.09388 2.69913 -2.41639</i>
                        <i>0.403651 0.386444 0.829293 0.617977 0.553236 -0.5586 -0.674662 0.737964 -0.0154994 1.09259 2.69575 -2.41677</i>
                        <i>0.39844 0.39487 0.827842 0.619878 0.549313 -0.560362 -0.676015 0.736432 -0.0259027 1.09126 2.69285 -2.41716</i>
                        <i>0.394342 0.401486 0.826622 0.621622 0.545952 -0.561713 -0.676816 0.735353 -0.0342813 1.08998 2.6906 -2.41753</i>
                        <i>0.391794 0.405653 0.825798 0.623089 0.543407 -0.562555 -0.676947 0.734952 -0.039855 1.08884 2.6892 -2.41785</i>
                        <i>0.390753 0.407513 0.825376 0.624483 0.541395 -0.562949 -0.676264 0.735408 -0.0429334 1.08769 2.68858 -2.41816</i>
                        <i>0.390851 0.407675 0.825249 0.626019 0.539539 -0.563026 -0.674785 0.736681 -0.0443328 1.08637 2.68852 -2.41852</i>
