<?xml version="1.0" encoding="ISO-8859-1" ?>
<Animl Version="1">
    <ModellingPackage><![CDATA[Maya.2010]]></ModellingPackage>
    <SrcFile><![CDATA[anims\turrets\mortar\blue\~src\mortar_m120\mortar_m120_aim_random_crewman_a.mb]]></SrcFile>
    <FramesPerSecond>30</FramesPerSecond>
    <TotalFrames>60</TotalFrames>
    <Skeleton>
        <RefFrame>
            <Name><![CDATA[soldier_ref_frame]]></Name>
            <Exclude>0</Exclude>
            <Additive>0</Additive>
            <IKPriority>0</IKPriority>
            <IKRotLimits>-1e+010 -1e+010 -1e+010 1e+010 1e+010 1e+010</IKRotLimits>
            <IKRotLimitOrder>0</IKRotLimitOrder>
            <KeyFrames count="60">
                <i>1 0 0 0 1 0 0 0 1 1.26 0.92 0.93</i>
                <i>1 0 0 0 1 0 0 0 1 1.26 0.92 0.93</i>
                <i>1 0 0 0 1 0 0 0 1 1.26 0.92 0.93</i>
                <i>1 0 0 0 1 0 0 0 1 1.26 0.92 0.93</i>
                <i>1 0 0 0 1 0 0 0 1 1.26 0.92 0.93</i>
                <i>1 0 0 0 1 0 0 0 1 1.26 0.92 0.93</i>
                <i>1 0 0 0 1 0 0 0 1 1.26 0.92 0.93</i>
                <i>1 0 0 0 1 0 0 0 1 1.26 0.92 0.93</i>
                <i>1 0 0 0 1 0 0 0 1 1.26 0.92 0.93</i>
                <i>1 0 0 0 1 0 0 0 1 1.26 0.92 0.93</i>
                <i>1 0 0 0 1 0 0 0 1 1.26 0.92 0.93</i>
                <i>1 0 0 0 1 0 0 0 1 1.26 0.92 0.93</i>
                <i>1 0 0 0 1 0 0 0 1 1.26 0.92 0.93</i>
                <i>1 0 0 0 1 0 0 0 1 1.26 0.92 0.93</i>
                <i>1 0 0 0 1 0 0 0 1 1.26 0.92 0.93</i>
                <i>1 0 0 0 1 0 0 0 1 1.26 0.92 0.93</i>
                <i>1 0 0 0 1 0 0 0 1 1.26 0.92 0.93</i>
                <i>1 0 0 0 1 0 0 0 1 1.26 0.92 0.93</i>
                <i>1 0 0 0 1 0 0 0 1 1.26 0.92 0.93</i>
                <i>1 0 0 0 1 0 0 0 1 1.26 0.92 0.93</i>
                <i>1 0 0 0 1 0 0 0 1 1.26 0.92 0.93</i>
                <i>1 0 0 0 1 0 0 0 1 1.26 0.92 0.93</i>
                <i>1 0 0 0 1 0 0 0 1 1.26 0.92 0.93</i>
                <i>1 0 0 0 1 0 0 0 1 1.26 0.92 0.93</i>
                <i>1 0 0 0 1 0 0 0 1 1.26 0.92 0.93</i>
                <i>1 0 0 0 1 0 0 0 1 1.26 0.92 0.93</i>
                <i>1 0 0 0 1 0 0 0 1 1.26 0.92 0.93</i>
                <i>1 0 0 0 1 0 0 0 1 1.26 0.92 0.93</i>
                <i>1 0 0 0 1 0 0 0 1 1.26 0.92 0.93</i>
                <i>1 0 0 0 1 0 0 0 1 1.26 0.92 0.93</i>
                <i>1 0 0 0 1 0 0 0 1 1.26 0.92 0.93</i>
                <i>1 0 0 0 1 0 0 0 1 1.26 0.92 0.93</i>
                <i>1 0 0 0 1 0 0 0 1 1.26 0.92 0.93</i>
                <i>1 0 0 0 1 0 0 0 1 1.26 0.92 0.93</i>
                <i>1 0 0 0 1 0 0 0 1 1.26 0.92 0.93</i>
                <i>1 0 0 0 1 0 0 0 1 1.26 0.92 0.93</i>
                <i>1 0 0 0 1 0 0 0 1 1.26 0.92 0.93</i>
                <i>1 0 0 0 1 0 0 0 1 1.26 0.92 0.93</i>
                <i>1 0 0 0 1 0 0 0 1 1.26 0.92 0.93</i>
                <i>1 0 0 0 1 0 0 0 1 1.26 0.92 0.93</i>
                <i>1 0 0 0 1 0 0 0 1 1.26 0.92 0.93</i>
                <i>1 0 0 0 1 0 0 0 1 1.26 0.92 0.93</i>
                <i>1 0 0 0 1 0 0 0 1 1.26 0.92 0.93</i>
                <i>1 0 0 0 1 0 0 0 1 1.26 0.92 0.93</i>
                <i>1 0 0 0 1 0 0 0 1 1.26 0.92 0.93</i>
                <i>1 0 0 0 1 0 0 0 1 1.26 0.92 0.93</i>
                <i>1 0 0 0 1 0 0 0 1 1.26 0.92 0.93</i>
                <i>1 0 0 0 1 0 0 0 1 1.26 0.92 0.93</i>
                <i>1 0 0 0 1 0 0 0 1 1.26 0.92 0.93</i>
                <i>1 0 0 0 1 0 0 0 1 1.26 0.92 0.93</i>
                <i>1 0 0 0 1 0 0 0 1 1.26 0.92 0.93</i>
                <i>1 0 0 0 1 0 0 0 1 1.26 0.92 0.93</i>
                <i>1 0 0 0 1 0 0 0 1 1.26 0.92 0.93</i>
                <i>1 0 0 0 1 0 0 0 1 1.26 0.92 0.93</i>
                <i>1 0 0 0 1 0 0 0 1 1.26 0.92 0.93</i>
                <i>1 0 0 0 1 0 0 0 1 1.26 0.92 0.93</i>
                <i>1 0 0 0 1 0 0 0 1 1.26 0.92 0.93</i>
                <i>1 0 0 0 1 0 0 0 1 1.26 0.92 0.93</i>
                <i>1 0 0 0 1 0 0 0 1 1.26 0.92 0.93</i>
                <i>1 0 0 0 1 0 0 0 1 1.26 0.92 0.93</i>
            </KeyFrames>
        </RefFrame>
        <Bones count="23">
            <i>
                <p>
                    <Name><![CDATA[pelvis]]></Name>
                    <Exclude>0</Exclude>
                    <Additive>0</Additive>
                    <IKPriority>0</IKPriority>
                    <IKRotLimits>-1e+010 -1e+010 -1e+010 1e+010 1e+010 1e+010</IKRotLimits>
                    <IKRotLimitOrder>2</IKRotLimitOrder>
                    <KeyFrames count="60">
                        <i>1 0 0 0 1 0 0 0 1 1.22306 1.98588 0.565623</i>
                        <i>1 0 0 0 1 0 0 0 1 1.22425 1.98728 0.566693</i>
                        <i>1 0 0 0 1 0 0 0 1 1.22746 1.99104 0.569578</i>
                        <i>1 0 0 0 1 0 0 0 1 1.23213 1.99653 0.573796</i>
                        <i>1 0 0 0 1 0 0 0 1 1.23772 2.00312 0.578863</i>
                        <i>1 0 0 0 1 0 0 0 1 1.24366 2.01015 0.584295</i>
                        <i>1 0 0 0 1 0 0 0 1 1.24942 2.01699 0.589608</i>
                        <i>1 0 0 0 1 0 0 0 1 1.25443 2.02301 0.594319</i>
                        <i>1 0 0 0 1 0 0 0 1 1.25814 2.02756 0.597944</i>
                        <i>1 0 0 0 1 0 0 0 1 1.26 2.03 0.6</i>
                        <i>1 0 0 0 1 0 0 0 1 1.26073 2.03099 0.601109</i>
                        <i>1 0 0 0 1 0 0 0 1 1.26143 2.03163 0.602213</i>
                        <i>1 0 0 0 1 0 0 0 1 1.26209 2.03194 0.603312</i>
                        <i>1 0 0 0 1 0 0 0 1 1.26271 2.03197 0.604403</i>
                        <i>1 0 0 0 1 0 0 0 1 1.26329 2.03175 0.605484</i>
                        <i>1 0 0 0 1 0 0 0 1 1.26383 2.0313 0.606552</i>
                        <i>1 0 0 0 1 0 0 0 1 1.26434 2.03066 0.607605</i>
                        <i>1 0 0 0 1 0 0 0 1 1.26481 2.02987 0.608642</i>
                        <i>1 0 0 0 1 0 0 0 1 1.26524 2.02895 0.60966</i>
                        <i>1 0 0 0 1 0 0 0 1 1.26563 2.02794 0.610656</i>
                        <i>1 0 0 0 1 0 0 0 1 1.26598 2.02687 0.61163</i>
                        <i>1 0 0 0 1 0 0 0 1 1.2663 2.02578 0.612578</i>
                        <i>1 0 0 0 1 0 0 0 1 1.26657 2.02469 0.613498</i>
                        <i>1 0 0 0 1 0 0 0 1 1.26681 2.02364 0.614389</i>
                        <i>1 0 0 0 1 0 0 0 1 1.26702 2.02267 0.615248</i>
                        <i>1 0 0 0 1 0 0 0 1 1.26718 2.02179 0.616072</i>
                        <i>1 0 0 0 1 0 0 0 1 1.26731 2.02106 0.616861</i>
                        <i>1 0 0 0 1 0 0 0 1 1.2674 2.02049 0.61761</i>
                        <i>1 0 0 0 1 0 0 0 1 1.26745 2.02013 0.61832</i>
                        <i>1 0 0 0 1 0 0 0 1 1.26746 2.02 0.618986</i>
                        <i>1 0 0 0 1 0 0 0 1 1.26744 2.02013 0.619608</i>
                        <i>1 0 0 0 1 0 0 0 1 1.26738 2.02048 0.620182</i>
                        <i>1 0 0 0 1 0 0 0 1 1.26729 2.02104 0.620708</i>
                        <i>1 0 0 0 1 0 0 0 1 1.26715 2.02177 0.621181</i>
                        <i>1 0 0 0 1 0 0 0 1 1.26698 2.02263 0.621602</i>
                        <i>1 0 0 0 1 0 0 0 1 1.26677 2.02359 0.621966</i>
                        <i>1 0 0 0 1 0 0 0 1 1.26653 2.02463 0.622273</i>
                        <i>1 0 0 0 1 0 0 0 1 1.26624 2.0257 0.622519</i>
                        <i>1 0 0 0 1 0 0 0 1 1.26593 2.02679 0.622703</i>
                        <i>1 0 0 0 1 0 0 0 1 1.26557 2.02784 0.622823</i>
                        <i>1 0 0 0 1 0 0 0 1 1.26518 2.02884 0.622876</i>
                        <i>1 0 0 0 1 0 0 0 1 1.26475 2.02976 0.622861</i>
                        <i>1 0 0 0 1 0 0 0 1 1.26428 2.03055 0.622774</i>
                        <i>1 0 0 0 1 0 0 0 1 1.26378 2.03118 0.622614</i>
                        <i>1 0 0 0 1 0 0 0 1 1.26324 2.03164 0.622379</i>
                        <i>1 0 0 0 1 0 0 0 1 1.26267 2.03187 0.622067</i>
                        <i>1 0 0 0 1 0 0 0 1 1.26205 2.03186 0.621675</i>
                        <i>1 0 0 0 1 0 0 0 1 1.26141 2.03156 0.621201</i>
                        <i>1 0 0 0 1 0 0 0 1 1.26072 2.03095 0.620644</i>
                        <i>1 0 0 0 1 0 0 0 1 1.26 2.03 0.62</i>
                        <i>1 0 0 0 1 0 0 0 1 1.25837 2.02784 0.617921</i>
                        <i>1 0 0 0 1 0 0 0 1 1.25521 2.02396 0.613465</i>
                        <i>1 0 0 0 1 0 0 0 1 1.25093 2.0188 0.607244</i>
                        <i>1 0 0 0 1 0 0 0 1 1.24593 2.01283 0.599869</i>
                        <i>1 0 0 0 1 0 0 0 1 1.2406 2.00652 0.591952</i>
                        <i>1 0 0 0 1 0 0 0 1 1.23535 2.00032 0.584104</i>
                        <i>1 0 0 0 1 0 0 0 1 1.23057 1.99469 0.576936</i>
                        <i>1 0 0 0 1 0 0 0 1 1.22666 1.9901 0.571059</i>
                        <i>1 0 0 0 1 0 0 0 1 1.22402 1.98701 0.567084</i>
                        <i>1 0 0 0 1 0 0 0 1 1.22306 1.98588 0.565623</i>
                    </KeyFrames>
                </p>
            </i>
            <i>
                <p>
                    <Name><![CDATA[spine0]]></Name>
                    <Exclude>0</Exclude>
                    <Additive>0</Additive>
                    <IKPriority>0</IKPriority>
                    <IKRotLimits>-1e+010 -1e+010 -1e+010 1e+010 1e+010 1e+010</IKRotLimits>
                    <IKRotLimitOrder>0</IKRotLimitOrder>
                    <KeyFrames count="60">
                        <i>0.0463595 0.997022 -0.0616287 -0.787099 -0.00152913 -0.616825 -0.615082 0.0771036 0.784684 1.27329 2.11212 0.518329</i>
                        <i>0.048918 0.996783 -0.0634852 -0.786647 -0.000717057 -0.617403 -0.615463 0.0801425 0.784081 1.27389 2.11404 0.520195</i>
                        <i>0.055141 0.996179 -0.0677266 -0.78565 0.00142652 -0.61867 -0.616209 0.0873234 0.782726 1.2758 2.11894 0.524842</i>
                        <i>0.0629332 0.995378 -0.0725354 -0.784634 0.00443212 -0.619944 -0.616757 0.0959287 0.781286 1.27915 2.12553 0.530835</i>
                        <i>0.0701061 0.994583 -0.0767503 -0.78408 0.00737625 -0.620616 -0.616688 0.103687 0.780349 1.28413 2.1326 0.536713</i>
                        <i>0.0747413 0.99401 -0.0797352 -0.784124 0.00918282 -0.620537 -0.616087 0.108902 0.780113 1.2904 2.13937 0.541709</i>
                        <i>0.0769625 0.993677 -0.0817525 -0.784509 0.00974962 -0.62004 -0.615322 0.111855 0.780299 1.29696 2.14556 0.545945</i>
                        <i>0.0775995 0.993491 -0.083396 -0.785096 0.00933635 -0.619304 -0.614494 0.113532 0.78071 1.30299 2.15072 0.549285</i>
                        <i>0.077841 0.993328 -0.085094 -0.785707 0.00858341 -0.61854 -0.613682 0.115007 0.781132 1.30768 2.15442 0.551588</i>
                        <i>0.0790782 0.993054 -0.087119 -0.786116 0.00838136 -0.618022 -0.613 0.117358 0.781318 1.31023 2.15624 0.552705</i>
                        <i>0.0819202 0.992593 -0.0897071 -0.786314 0.00906463 -0.617761 -0.612372 0.121145 0.781233 1.31145 2.15679 0.553163</i>
                        <i>0.0858422 0.991975 -0.0928221 -0.78646 0.0102709 -0.617556 -0.611647 0.126013 0.78103 1.31264 2.15696 0.55359</i>
                        <i>0.09054 0.991228 -0.0962832 -0.786556 0.0118732 -0.617405 -0.610846 0.131632 0.780731 1.31381 2.1568 0.553993</i>
                        <i>0.0957051 0.990383 -0.0999139 -0.78661 0.0137381 -0.617297 -0.609988 0.137672 0.78036 1.31496 2.15632 0.554375</i>
                        <i>0.101026 0.989481 -0.103544 -0.786633 0.0157267 -0.617221 -0.6091 0.143806 0.779947 1.31606 2.15559 0.554741</i>
                        <i>0.106192 0.988571 -0.107009 -0.786638 0.017695 -0.617161 -0.608214 0.149714 0.779526 1.31713 2.15462 0.555095</i>
                        <i>0.110889 0.98771 -0.110152 -0.786645 0.0194951 -0.617098 -0.607366 0.155079 0.779139 1.31815 2.15346 0.555443</i>
                        <i>0.114806 0.98696 -0.112822 -0.786677 0.0209763 -0.617008 -0.606596 0.159591 0.778827 1.31912 2.15215 0.555788</i>
                        <i>0.117632 0.986391 -0.114874 -0.786761 0.0219857 -0.616865 -0.605945 0.162941 0.778641 1.32004 2.15072 0.556135</i>
                        <i>0.119054 0.986069 -0.116162 -0.786927 0.0223686 -0.61664 -0.605451 0.164825 0.778628 1.3209 2.14921 0.556487</i>
                        <i>0.119246 0.985974 -0.116775 -0.787168 0.0222052 -0.616338 -0.6051 0.165418 0.778775 1.3217 2.14766 0.556848</i>
                        <i>0.11865 0.986027 -0.11693 -0.787453 0.0217062 -0.615992 -0.604847 0.165164 0.779026 1.32243 2.14612 0.557224</i>
                        <i>0.117357 0.986212 -0.116675 -0.787776 0.0209138 -0.615607 -0.604679 0.16416 0.779369 1.32309 2.1446 0.557616</i>
                        <i>0.115463 0.986509 -0.116055 -0.788128 0.0198716 -0.61519 -0.604584 0.162498 0.77979 1.32368 2.14317 0.55803</i>
                        <i>0.113061 0.986897 -0.115117 -0.7885 0.0186243 -0.614752 -0.604553 0.160274 0.780274 1.32418 2.14185 0.558469</i>
                        <i>0.110249 0.987355 -0.113905 -0.788882 0.0172183 -0.614304 -0.604575 0.157584 0.780805 1.32461 2.14068 0.558937</i>
                        <i>0.107124 0.987864 -0.112466 -0.78926 0.0157007 -0.613859 -0.604643 0.154524 0.781363 1.32494 2.1397 0.559438</i>
                        <i>0.103786 0.988404 -0.110845 -0.789622 0.0141197 -0.613431 -0.604753 0.151191 0.781931 1.32518 2.13896 0.559974</i>
                        <i>0.100335 0.988955 -0.109087 -0.789955 0.0125243 -0.613037 -0.6049 0.147683 0.782487 1.32533 2.13849 0.560551</i>
                        <i>0.0968735 0.989502 -0.107239 -0.790244 0.0109637 -0.612694 -0.605087 0.144099 0.78301 1.32538 2.13832 0.561172</i>
                        <i>0.0934894 0.990033 -0.105332 -0.790471 0.00948715 -0.612426 -0.605322 0.140517 0.783479 1.32532 2.13849 0.561852</i>
                        <i>0.0902854 0.990532 -0.103413 -0.790623 0.00814431 -0.612249 -0.60561 0.137038 0.783873 1.32514 2.13899 0.562593</i>
                        <i>0.0873825 0.990985 -0.101557 -0.790694 0.00698577 -0.612171 -0.605943 0.133793 0.784176 1.32485 2.13977 0.563385</i>
                        <i>0.0849004 0.991375 -0.099837 -0.79068 0.00606127 -0.612199 -0.606314 0.130915 0.784375 1.32446 2.14079 0.564214</i>
                        <i>0.0829574 0.99169 -0.0983287 -0.79058 0.00541936 -0.612335 -0.606714 0.128534 0.78446 1.32397 2.14201 0.56507</i>
                        <i>0.0816528 0.991919 -0.0971017 -0.790393 0.00509664 -0.612578 -0.607133 0.126767 0.784423 1.3234 2.14339 0.565939</i>
                        <i>0.0809383 0.992071 -0.0961446 -0.790134 0.00506393 -0.612913 -0.607567 0.125575 0.784279 1.32274 2.14488 0.566811</i>
                        <i>0.0807088 0.992161 -0.0954101 -0.789817 0.00526952 -0.61332 -0.608009 0.124857 0.784051 1.32201 2.14644 0.567673</i>
                        <i>0.0808595 0.992202 -0.0948514 -0.789458 0.00566157 -0.613779 -0.608456 0.124511 0.783759 1.32122 2.14804 0.568514</i>
                        <i>0.0812868 0.992208 -0.094422 -0.789071 0.00618854 -0.614271 -0.6089 0.124438 0.783426 1.32036 2.14963 0.56932</i>
                        <i>0.081888 0.992191 -0.0940764 -0.78867 0.00679957 -0.614779 -0.609339 0.124538 0.783069 1.31945 2.15117 0.57008</i>
                        <i>0.0825625 0.992165 -0.0937691 -0.788268 0.00744477 -0.615287 -0.609768 0.124715 0.782706 1.3185 2.15262 0.570781</i>
                        <i>0.0832111 0.99214 -0.0934548 -0.787875 0.00807559 -0.615783 -0.610188 0.124871 0.782354 1.31751 2.15393 0.571409</i>
                        <i>0.0837366 0.99213 -0.0930882 -0.787501 0.00864497 -0.616252 -0.610598 0.12491 0.782028 1.31649 2.15508 0.571954</i>
                        <i>0.0840437 0.992148 -0.0926233 -0.787157 0.00910761 -0.616686 -0.611 0.124738 0.781742 1.31545 2.15602 0.572401</i>
                        <i>0.0840386 0.992205 -0.0920132 -0.786849 0.00942019 -0.617074 -0.611397 0.124259 0.781507 1.3144 2.15672 0.572737</i>
                        <i>0.0836295 0.992314 -0.0912094 -0.786585 0.00954151 -0.617409 -0.611793 0.123377 0.781337 1.31334 2.15712 0.572948</i>
                        <i>0.0827257 0.992485 -0.0901615 -0.78637 0.00943265 -0.617683 -0.612191 0.121999 0.781241 1.31229 2.1572 0.573023</i>
                        <i>0.081238 0.99273 -0.0888167 -0.786212 0.00905721 -0.61789 -0.612593 0.120025 0.781232 1.31125 2.15692 0.572946</i>
                        <i>0.0790782 0.993054 -0.087119 -0.786116 0.00838136 -0.618022 -0.613 0.117358 0.781318 1.31023 2.15624 0.572706</i>
                        <i>0.073066 0.993834 -0.0833941 -0.786238 0.00595517 -0.617895 -0.613589 0.110715 0.781826 1.30838 2.15428 0.570918</i>
                        <i>0.0621757 0.995109 -0.0767608 -0.786594 0.00151709 -0.617469 -0.614332 0.0987711 0.782841 1.3051 2.1505 0.566632</i>
                        <i>0.0495594 0.996426 -0.0684081 -0.787 -0.00321219 -0.616944 -0.614959 0.0844125 0.784028 1.30078 2.14539 0.56048</i>
                        <i>0.0382482 0.997473 -0.0598798 -0.787328 -0.00681912 -0.616497 -0.615347 0.0707249 0.785077 1.29578 2.13941 0.553094</i>
                        <i>0.0310036 0.998101 -0.0532341 -0.787501 -0.00840642 -0.616255 -0.615533 0.061028 0.785745 1.2905 2.13306 0.545108</i>
                        <i>0.0300599 0.998254 -0.050852 -0.787492 -0.00768044 -0.616277 -0.615592 0.0585708 0.785886 1.28533 2.12679 0.537156</i>
                        <i>0.0338486 0.998049 -0.0524717 -0.787376 -0.00570561 -0.616447 -0.615543 0.0621808 0.785646 1.28064 2.12108 0.529868</i>
                        <i>0.0394211 0.997641 -0.0562043 -0.787241 -0.00363217 -0.616635 -0.615384 0.0685548 0.785241 1.27681 2.11642 0.523879</i>
                        <i>0.0442885 0.997219 -0.0599427 -0.787139 -0.0021156 -0.616772 -0.615183 0.0744992 0.784856 1.27423 2.11327 0.519822</i>
                        <i>0.0463595 0.997022 -0.0616287 -0.787099 -0.00152913 -0.616825 -0.615082 0.0771036 0.784684 1.27329 2.11212 0.518329</i>
                    </KeyFrames>
                </p>
            </i>
            <i>
                <p>
                    <Name><![CDATA[spine1]]></Name>
                    <Exclude>0</Exclude>
                    <Additive>0</Additive>
                    <IKPriority>0</IKPriority>
                    <IKRotLimits>-1e+010 -1e+010 -1e+010 1e+010 1e+010 1e+010</IKRotLimits>
                    <IKRotLimitOrder>0</IKRotLimitOrder>
                    <KeyFrames count="60">
                        <i>-0.162654 0.9795 0.11884 -0.736474 -0.0403701 -0.67526 -0.65662 -0.197357 0.727943 1.28149 2.28811 0.507426</i>
                        <i>-0.156056 0.981637 0.109702 -0.733019 -0.0406517 -0.678992 -0.662064 -0.186374 0.725903 1.28253 2.28972 0.508983</i>
                        <i>-0.139593 0.986338 0.0874757 -0.72406 -0.0414134 -0.688492 -0.675463 -0.159447 0.719949 1.2855 2.29391 0.512927</i>
                        <i>-0.118423 0.991131 0.0602981 -0.711686 -0.0423734 -0.701218 -0.692444 -0.125953 0.710392 1.29018 2.29974 0.518124</i>
                        <i>-0.0985473 0.994456 0.0366788 -0.698053 -0.0428118 -0.714765 -0.709233 -0.096042 0.698402 1.29638 2.30625 0.523298</i>
                        <i>-0.0832015 0.99632 0.0206078 -0.684792 -0.0421383 -0.727519 -0.723973 -0.0746428 0.685778 1.30345 2.31271 0.52779</i>
                        <i>-0.0707088 0.99745 0.00972289 -0.672576 -0.0404758 -0.73892 -0.736642 -0.0587875 0.673723 1.31038 2.31873 0.531684</i>
                        <i>-0.0605382 0.998162 0.00278262 -0.66226 -0.0380798 -0.748305 -0.746824 -0.0471439 0.663348 1.31652 2.32385 0.534738</i>
                        <i>-0.0524077 0.998625 -0.00154978 -0.654785 -0.0355347 -0.75498 -0.753996 -0.038552 0.655747 1.32126 2.32758 0.53674</i>
                        <i>-0.0461853 0.998922 -0.00464215 -0.651141 -0.0336291 -0.758211 -0.75755 -0.0319955 0.651993 1.32404 2.32945 0.537496</i>
                        <i>-0.0408965 0.999136 -0.00738978 -0.649633 -0.0322086 -0.759565 -0.759147 -0.0262629 0.650389 1.32576 2.33003 0.537492</i>
                        <i>-0.0357484 0.999313 -0.00974125 -0.647929 -0.0305974 -0.761086 -0.760861 -0.020896 0.648578 1.32765 2.33023 0.537362</i>
                        <i>-0.0308877 0.999455 -0.0116363 -0.646089 -0.0288471 -0.762717 -0.762637 -0.0160405 0.646628 1.32966 2.3301 0.537143</i>
                        <i>-0.0264603 0.999565 -0.0130184 -0.644176 -0.0270081 -0.7644 -0.764419 -0.0118401 0.64461 1.33172 2.32966 0.536871</i>
                        <i>-0.0226123 0.999649 -0.0138343 -0.642253 -0.0251298 -0.76608 -0.766159 -0.00843767 0.642596 1.33378 2.32896 0.53658</i>
                        <i>-0.0194898 0.999712 -0.0140328 -0.640383 -0.0232607 -0.767704 -0.767809 -0.00597601 0.640651 1.33577 2.32805 0.536303</i>
                        <i>-0.0172392 0.999759 -0.0135642 -0.638621 -0.0214484 -0.769222 -0.769328 -0.00459842 0.638838 1.33764 2.32696 0.536074</i>
                        <i>-0.0160064 0.999795 -0.0123796 -0.637024 -0.0197402 -0.770591 -0.770678 -0.00444831 0.63721 1.33933 2.32574 0.535923</i>
                        <i>-0.0159365 0.999819 -0.0104313 -0.635643 -0.0181838 -0.771769 -0.771819 -0.00566869 0.635817 1.34077 2.32443 0.535882</i>
                        <i>-0.0171721 0.999823 -0.00767218 -0.634528 -0.0168276 -0.772717 -0.772709 -0.00840097 0.634705 1.34191 2.32308 0.535981</i>
                        <i>-0.0195831 0.999799 -0.0042078 -0.63365 -0.0156666 -0.773461 -0.773372 -0.0124805 0.63383 1.34277 2.32172 0.53621</i>
                        <i>-0.022841 0.999739 -0.000263925 -0.63294 -0.0146651 -0.774062 -0.773864 -0.0175133 0.63311 1.34342 2.32038 0.536533</i>
                        <i>-0.0267892 0.999633 0.00402761 -0.632394 -0.0138269 -0.774524 -0.774184 -0.0232959 0.632532 1.34388 2.31909 0.536947</i>
                        <i>-0.031272 0.999474 0.00853853 -0.632004 -0.0131548 -0.774853 -0.774334 -0.0296276 0.632084 1.34415 2.31789 0.537448</i>
                        <i>-0.0361348 0.99926 0.0131435 -0.631767 -0.0126512 -0.775055 -0.774315 -0.0363101 0.631757 1.34425 2.31681 0.538033</i>
                        <i>-0.0412248 0.998993 0.0177203 -0.631676 -0.0123175 -0.775135 -0.774136 -0.0431483 0.631547 1.34419 2.31588 0.538697</i>
                        <i>-0.0463908 0.998678 0.0221491 -0.631722 -0.0121544 -0.7751 -0.773806 -0.0499496 0.631451 1.34399 2.31513 0.539437</i>
                        <i>-0.0514834 0.998327 0.0263122 -0.631897 -0.0121617 -0.774957 -0.77334 -0.056524 0.631466 1.34365 2.31459 0.540249</i>
                        <i>-0.0563543 0.997957 0.0300935 -0.63219 -0.012338 -0.774715 -0.772761 -0.0626833 0.631594 1.34319 2.31429 0.541129</i>
                        <i>-0.0608569 0.997588 0.0333775 -0.632589 -0.0126809 -0.774384 -0.772093 -0.0682409 0.631835 1.34263 2.31426 0.542073</i>
                        <i>-0.0648068 0.997248 0.0359955 -0.633079 -0.0132046 -0.773974 -0.771369 -0.0729468 0.632193 1.34196 2.31453 0.543092</i>
                        <i>-0.0680602 0.996964 0.0378349 -0.633646 -0.013903 -0.773498 -0.770624 -0.0766184 0.632668 1.34121 2.31508 0.544179</i>
                        <i>-0.0705289 0.996752 0.0388623 -0.634268 -0.0147425 -0.772973 -0.76989 -0.079166 0.633247 1.3404 2.31585 0.54531</i>
                        <i>-0.072122 0.996631 0.0390413 -0.634923 -0.0156886 -0.772416 -0.769202 -0.0804964 0.633915 1.33955 2.31682 0.546458</i>
                        <i>-0.0727456 0.996614 0.038332 -0.63559 -0.0167065 -0.771846 -0.768592 -0.0805118 0.634653 1.33871 2.31793 0.547598</i>
                        <i>-0.0722761 0.99671 0.0366667 -0.636255 -0.0177645 -0.771274 -0.768086 -0.0790741 0.635446 1.33789 2.31916 0.548705</i>
                        <i>-0.070779 0.996909 0.0341105 -0.636925 -0.0188504 -0.770695 -0.76767 -0.0762748 0.63629 1.33709 2.32047 0.549768</i>
                        <i>-0.068442 0.997179 0.0308209 -0.63761 -0.0199604 -0.770101 -0.767313 -0.0723589 0.637177 1.3363 2.32181 0.550784</i>
                        <i>-0.0654545 0.997491 0.0269568 -0.63832 -0.021091 -0.769482 -0.766984 -0.0675731 0.638099 1.33551 2.32317 0.551747</i>
                        <i>-0.0620082 0.997818 0.0226794 -0.639066 -0.0222392 -0.76883 -0.766648 -0.0621674 0.639051 1.3347 2.32451 0.552654</i>
                        <i>-0.0582974 0.998134 0.0181535 -0.639861 -0.0234016 -0.768134 -0.766276 -0.056396 0.640031 1.33388 2.3258 0.5535</i>
                        <i>-0.0545196 0.998421 0.0135474 -0.640716 -0.0245744 -0.767385 -0.76584 -0.0505176 0.641044 1.33303 2.327 0.554279</i>
                        <i>-0.0508749 0.998664 0.00903342 -0.641643 -0.0257531 -0.766571 -0.765314 -0.0447954 0.642096 1.33213 2.32808 0.554986</i>
                        <i>-0.0475656 0.998857 0.00478831 -0.642653 -0.0269327 -0.765683 -0.764679 -0.0394974 0.6432 1.33118 2.32901 0.555617</i>
                        <i>-0.0447959 0.998996 0.000992876 -0.64376 -0.0281068 -0.764711 -0.763915 -0.0348951 0.644372 1.33018 2.32975 0.556165</i>
                        <i>-0.0427706 0.999083 -0.0021681 -0.644973 -0.0292684 -0.763645 -0.763007 -0.0312632 0.645633 1.32911 2.33027 0.556626</i>
                        <i>-0.0416945 0.99912 -0.00450596 -0.646306 -0.0304098 -0.762472 -0.761939 -0.0288786 0.647005 1.32797 2.33053 0.556994</i>
                        <i>-0.0417711 0.99911 -0.00582844 -0.64777 -0.0315226 -0.761184 -0.76069 -0.02802 0.64851 1.32675 2.33051 0.557264</i>
                        <i>-0.0432021 0.999049 -0.00594004 -0.649377 -0.0325985 -0.759768 -0.759238 -0.0289662 0.650168 1.32544 2.33016 0.557433</i>
                        <i>-0.0461853 0.998922 -0.00464215 -0.651141 -0.0336291 -0.758211 -0.75755 -0.0319955 0.651993 1.32404 2.32945 0.557496</i>
                        <i>-0.0543865 0.99852 0.000650668 -0.655808 -0.0352285 -0.754106 -0.752967 -0.0414399 0.656753 1.32114 2.32757 0.556363</i>
                        <i>-0.06937 0.997524 0.0115472 -0.665023 -0.037613 -0.745875 -0.743594 -0.0594205 0.665986 1.31595 2.32398 0.553236</i>
                        <i>-0.0881379 0.995748 0.0267705 -0.677124 -0.0401809 -0.734771 -0.730572 -0.0828881 0.677787 1.30943 2.31911 0.548539</i>
                        <i>-0.107835 0.993157 0.04483 -0.690447 -0.0423709 -0.722141 -0.7153 -0.108825 0.690292 1.30246 2.31339 0.542636</i>
                        <i>-0.125936 0.989979 0.0638833 -0.703419 -0.0437029 -0.70943 -0.69953 -0.134279 0.701874 1.29593 2.3073 0.5358</i>
                        <i>-0.140387 0.986716 0.0817521 -0.714677 -0.0438445 -0.698079 -0.685221 -0.156428 0.711339 1.2906 2.30136 0.528246</i>
                        <i>-0.150851 0.983783 0.0970321 -0.723796 -0.0430609 -0.688669 -0.673322 -0.174118 0.718554 1.28658 2.29607 0.52065</i>
                        <i>-0.157728 0.981472 0.108791 -0.730639 -0.0418797 -0.681478 -0.664295 -0.186975 0.723707 1.28376 2.29186 0.513975</i>
                        <i>-0.161494 0.980003 0.11625 -0.734964 -0.040821 -0.676877 -0.658596 -0.194751 0.726859 1.28206 2.2891 0.50923</i>
                        <i>-0.162654 0.9795 0.11884 -0.736474 -0.0403701 -0.67526 -0.65662 -0.197357 0.727943 1.28149 2.28811 0.507426</i>
                    </KeyFrames>
                </p>
            </i>
            <i>
                <p>
                    <Name><![CDATA[spine2]]></Name>
                    <Exclude>0</Exclude>
                    <Additive>0</Additive>
                    <IKPriority>0</IKPriority>
                    <IKRotLimits>-1e+010 -1e+010 -1e+010 1e+010 1e+010 1e+010</IKRotLimits>
                    <IKRotLimitOrder>0</IKRotLimitOrder>
                    <KeyFrames count="60">
                        <i>-0.25035 0.915153 0.315942 -0.689574 0.0605089 -0.721683 -0.679568 -0.398539 0.615917 1.25494 2.44713 0.526748</i>
                        <i>-0.250937 0.916521 0.31148 -0.682987 0.0603905 -0.72793 -0.685973 -0.395401 0.610818 1.25709 2.44885 0.526786</i>
                        <i>-0.250757 0.92099 0.298158 -0.665215 0.0598237 -0.744251 -0.703285 -0.384966 0.597655 1.2628 2.45328 0.52706</i>
                        <i>-0.246577 0.92888 0.276372 -0.639145 0.0585 -0.766858 -0.728487 -0.365731 0.579264 1.27097 2.45934 0.527808</i>
                        <i>-0.23477 0.939989 0.247597 -0.607884 0.05679 -0.791992 -0.758525 -0.336447 0.558072 1.2804 2.46603 0.529143</i>
                        <i>-0.21302 0.95322 0.214463 -0.574529 0.0553355 -0.816611 -0.790278 -0.29717 0.535865 1.28994 2.47262 0.53103</i>
                        <i>-0.184107 0.966058 0.181211 -0.541734 0.0541003 -0.838807 -0.82014 -0.252598 0.513386 1.29887 2.47873 0.533159</i>
                        <i>-0.152827 0.976503 0.151941 -0.512499 0.0531451 -0.857042 -0.844979 -0.208849 0.492335 1.30663 2.48397 0.535087</i>
                        <i>-0.125049 0.983646 0.129628 -0.490229 0.0523327 -0.870021 -0.862577 -0.172343 0.475667 1.31266 2.48785 0.536384</i>
                        <i>-0.10716 0.987403 0.116412 -0.478655 0.0513901 -0.876498 -0.871439 -0.149647 0.467119 1.31643 2.48985 0.53664</i>
                        <i>-0.0979628 0.989152 0.109456 -0.47372 0.0503766 -0.879234 -0.87521 -0.137984 0.463646 1.319 2.49056 0.536193</i>
                        <i>-0.0917296 0.990293 0.104431 -0.468867 0.0495674 -0.881877 -0.878493 -0.129858 0.459769 1.32171 2.49092 0.535683</i>
                        <i>-0.0880078 0.99098 0.101059 -0.464148 0.0489702 -0.884403 -0.881375 -0.124741 0.455652 1.32449 2.49096 0.535157</i>
                        <i>-0.0863345 0.991328 0.099069 -0.459611 0.0485945 -0.88679 -0.883914 -0.122094 0.45143 1.32725 2.49071 0.53466</i>
                        <i>-0.0862387 0.991423 0.0981975 -0.455299 0.0484506 -0.889019 -0.886152 -0.121377 0.447216 1.32992 2.49021 0.534235</i>
                        <i>-0.0872437 0.991336 0.098192 -0.451252 0.0485483 -0.891075 -0.888122 -0.12205 0.443106 1.33241 2.4895 0.533924</i>
                        <i>-0.088869 0.99113 0.0988099 -0.4475 0.0488968 -0.892946 -0.889857 -0.123573 0.439186 1.33464 2.48862 0.533768</i>
                        <i>-0.090632 0.99087 0.0998177 -0.444072 0.049504 -0.894622 -0.891395 -0.125408 0.435531 1.33652 2.48761 0.533807</i>
                        <i>-0.0920492 0.99062 0.10099 -0.44099 0.0503766 -0.896097 -0.892779 -0.127021 0.432217 1.33797 2.48651 0.53408</i>
                        <i>-0.092637 0.990451 0.102108 -0.438271 0.0515198 -0.897365 -0.894056 -0.12788 0.429313 1.33889 2.48535 0.534626</i>
                        <i>-0.0926712 0.990326 0.103282 -0.435894 0.0529102 -0.898442 -0.895214 -0.12828 0.426773 1.33935 2.48417 0.535418</i>
                        <i>-0.092743 0.990167 0.104728 -0.433822 0.0544885 -0.899349 -0.896213 -0.128842 0.424503 1.33947 2.483 0.536383</i>
                        <i>-0.0928432 0.989981 0.106383 -0.43205 0.056205 -0.900096 -0.897058 -0.129531 0.422504 1.33927 2.48187 0.537498</i>
                        <i>-0.0929627 0.989774 0.108188 -0.430574 0.0580094 -0.900689 -0.897755 -0.130313 0.420778 1.33881 2.48081 0.538736</i>
                        <i>-0.0930932 0.989553 0.110083 -0.429388 0.0598515 -0.901135 -0.898309 -0.131158 0.41933 1.33811 2.47985 0.540075</i>
                        <i>-0.0932264 0.989324 0.112009 -0.42849 0.0616814 -0.901439 -0.898724 -0.132033 0.418165 1.33721 2.47901 0.54149</i>
                        <i>-0.0933546 0.989095 0.113909 -0.427876 0.0634492 -0.901608 -0.899004 -0.132908 0.417286 1.33615 2.47833 0.542958</i>
                        <i>-0.0934703 0.988874 0.115726 -0.427542 0.0651058 -0.901648 -0.89915 -0.133755 0.4167 1.33498 2.47783 0.544454</i>
                        <i>-0.0935657 0.988667 0.117402 -0.427485 0.0666026 -0.901566 -0.899167 -0.134543 0.416409 1.33372 2.47754 0.545956</i>
                        <i>-0.0936332 0.988484 0.118882 -0.4277 0.0678914 -0.901368 -0.899058 -0.135244 0.416417 1.33242 2.47749 0.54744</i>
                        <i>-0.0936392 0.988339 0.120075 -0.428183 0.0689039 -0.901061 -0.898827 -0.135789 0.416738 1.3311 2.47771 0.548887</i>
                        <i>-0.0935766 0.988241 0.120928 -0.428928 0.0695948 -0.900654 -0.898479 -0.136149 0.417372 1.32982 2.47816 0.550274</i>
                        <i>-0.0934755 0.988188 0.121436 -0.42992 0.0699506 -0.900153 -0.898015 -0.13635 0.418303 1.32861 2.47882 0.55157</i>
                        <i>-0.0933649 0.988179 0.121597 -0.431141 0.0699582 -0.899569 -0.897441 -0.136413 0.419512 1.32752 2.47965 0.552742</i>
                        <i>-0.0932724 0.988211 0.121404 -0.432572 0.0696049 -0.898909 -0.896762 -0.136359 0.42098 1.32658 2.48062 0.553759</i>
                        <i>-0.0931223 0.988301 0.120791 -0.434193 0.0688649 -0.898184 -0.895994 -0.136087 0.4227 1.32585 2.4817 0.554586</i>
                        <i>-0.0928597 0.988451 0.119757 -0.435999 0.0677654 -0.897392 -0.895144 -0.135546 0.424671 1.32532 2.48284 0.555225</i>
                        <i>-0.0925432 0.988643 0.118405 -0.437993 0.0663738 -0.896525 -0.894202 -0.134828 0.426877 1.32493 2.48402 0.555696</i>
                        <i>-0.0922322 0.988859 0.116836 -0.440181 0.0647576 -0.895571 -0.893159 -0.13403 0.429305 1.32464 2.48521 0.556024</i>
                        <i>-0.0919873 0.989079 0.115154 -0.442567 0.0629846 -0.894521 -0.892005 -0.133248 0.43194 1.32442 2.48638 0.556229</i>
                        <i>-0.0918703 0.989285 0.113464 -0.445156 0.0611229 -0.893364 -0.890728 -0.132583 0.434771 1.32421 2.48749 0.556334</i>
                        <i>-0.0919443 0.98946 0.111875 -0.447953 0.0592408 -0.892092 -0.889317 -0.132138 0.437784 1.32399 2.48852 0.556362</i>
                        <i>-0.0922734 0.989584 0.110498 -0.450963 0.0574062 -0.890694 -0.88776 -0.132018 0.440969 1.3237 2.48943 0.556336</i>
                        <i>-0.0929225 0.98964 0.109445 -0.454194 0.0556868 -0.889161 -0.886044 -0.132332 0.444314 1.3233 2.49019 0.556278</i>
                        <i>-0.0939569 0.98961 0.108832 -0.45765 0.0541494 -0.887482 -0.884154 -0.133192 0.447807 1.32276 2.49077 0.556213</i>
                        <i>-0.0954421 0.989474 0.108772 -0.461341 0.0528591 -0.885647 -0.882075 -0.134709 0.45144 1.32202 2.49114 0.556164</i>
                        <i>-0.0974425 0.989212 0.109385 -0.465275 0.0518793 -0.883645 -0.879787 -0.136998 0.4552 1.32107 2.49126 0.556156</i>
                        <i>-0.100022 0.988798 0.110785 -0.469463 0.0512705 -0.881462 -0.877269 -0.140175 0.459076 1.31984 2.49111 0.556214</i>
                        <i>-0.103241 0.988206 0.113089 -0.473918 0.0510898 -0.879086 -0.874496 -0.144353 0.463054 1.31831 2.49066 0.556366</i>
                        <i>-0.10716 0.987403 0.116412 -0.478655 0.0513901 -0.876498 -0.871439 -0.149647 0.467119 1.31643 2.48985 0.55664</i>
                        <i>-0.11029 0.98644 0.121539 -0.489443 0.0525255 -0.870452 -0.865032 -0.155489 0.477014 1.31222 2.48785 0.556362</i>
                        <i>-0.112956 0.985111 0.129607 -0.510035 0.0544581 -0.858428 -0.852705 -0.163068 0.496289 1.30465 2.48406 0.554994</i>
                        <i>-0.11783 0.98292 0.141366 -0.537337 0.0566065 -0.841466 -0.835096 -0.175111 0.52149 1.29512 2.47891 0.552755</i>
                        <i>-0.127384 0.979199 0.157931 -0.568222 0.058463 -0.820796 -0.812956 -0.194296 0.548955 1.285 2.47283 0.549769</i>
                        <i>-0.143807 0.972938 0.180865 -0.599633 0.0597232 -0.798043 -0.787248 -0.223217 0.574817 1.27555 2.46635 0.546018</i>
                        <i>-0.168713 0.962644 0.211782 -0.628737 0.0603669 -0.775271 -0.759095 -0.263954 0.595066 1.26787 2.46013 0.541375</i>
                        <i>-0.197523 0.948598 0.247278 -0.653578 0.060571 -0.754432 -0.730631 -0.310633 0.608018 1.26212 2.45475 0.536294</i>
                        <i>-0.223951 0.933217 0.280985 -0.672778 0.0605625 -0.737362 -0.705136 -0.354173 0.614284 1.25811 2.45062 0.531583</i>
                        <i>-0.243001 0.920459 0.306115 -0.685162 0.0605193 -0.725873 -0.686662 -0.386126 0.615957 1.25573 2.44803 0.528105</i>
                        <i>-0.25035 0.915153 0.315942 -0.689574 0.0605089 -0.721683 -0.679568 -0.398539 0.615917 1.25494 2.44713 0.526748</i>
                    </KeyFrames>
                </p>
            </i>
            <i>
                <p>
                    <Name><![CDATA[head]]></Name>
                    <Exclude>0</Exclude>
                    <Additive>0</Additive>
                    <IKPriority>0</IKPriority>
                    <IKRotLimits>-1e+010 -1e+010 -1e+010 1e+010 1e+010 1e+010</IKRotLimits>
                    <IKRotLimitOrder>0</IKRotLimitOrder>
                    <KeyFrames count="60">
                        <i>-0.017299 0.981014 0.193165 0.300918 0.189345 -0.934664 -0.953493 0.0419581 -0.29848 1.20366 2.6897 0.606595</i>
                        <i>-0.0354249 0.977686 0.207063 0.255658 0.209165 -0.943869 -0.966118 0.019501 -0.257363 1.20512 2.69132 0.60608</i>
                        <i>-0.0677086 0.970522 0.231306 0.167989 0.239618 -0.956223 -0.983461 -0.0258876 -0.179261 1.20968 2.69589 0.604222</i>
                        <i>-0.0916196 0.967034 0.237595 0.116462 0.247367 -0.961897 -0.98896 -0.0604579 -0.135286 1.21769 2.70292 0.600644</i>
                        <i>-0.0988032 0.97523 0.1979 0.183856 0.213339 -0.959522 -0.977975 -0.0584189 -0.20038 1.22964 2.71188 0.595122</i>
                        <i>-0.0730934 0.99259 0.097065 0.402964 0.11842 -0.907522 -0.912292 -0.0272202 -0.408634 1.24536 2.72183 0.588011</i>
                        <i>0.0106005 0.99964 -0.02463 0.672008 -0.0253617 -0.74011 -0.740468 -0.00870599 -0.672035 1.26309 2.73133 0.580547</i>
                        <i>0.143716 0.984117 -0.104205 0.86869 -0.175893 -0.463076 -0.47405 -0.0239705 -0.880171 1.2806 2.73923 0.573714</i>
                        <i>0.270595 0.95566 -0.116156 0.941327 -0.287935 -0.176059 -0.201698 -0.0617003 -0.977502 1.29535 2.7448 0.568179</i>
                        <i>0.34058 0.935347 -0.0955557 0.939685 -0.342039 0.00117262 -0.031587 -0.0901916 -0.995423 1.30463 2.74762 0.564379</i>
                        <i>0.350243 0.933386 -0.0782352 0.935653 -0.344774 0.0753964 0.0434005 -0.0996081 -0.99408 1.30985 2.74872 0.561856</i>
                        <i>0.325999 0.943055 -0.0661168 0.940763 -0.316719 0.121055 0.0932212 -0.101664 -0.990442 1.31426 2.74938 0.559865</i>
                        <i>0.286335 0.956327 -0.0587401 0.950287 -0.275629 0.144856 0.122339 -0.0972972 -0.987708 1.31794 2.74966 0.558355</i>
                        <i>0.249277 0.967046 -0.0517989 0.958953 -0.239019 0.152573 0.135164 -0.0877057 -0.986934 1.32098 2.74962 0.557276</i>
                        <i>0.233171 0.971572 -0.0409757 0.962885 -0.224784 0.149412 0.135954 -0.0742934 -0.987926 1.32345 2.7493 0.556581</i>
                        <i>0.246476 0.968817 -0.0253415 0.960543 -0.240727 0.13931 0.128866 -0.0586782 -0.989924 1.32545 2.74875 0.556226</i>
                        <i>0.277248 0.960762 -0.00835002 0.95352 -0.27407 0.125241 0.118039 -0.0426849 -0.992091 1.32705 2.74801 0.556167</i>
                        <i>0.313485 0.949568 0.00691233 0.943472 -0.312281 0.111087 0.107643 -0.0283024 -0.993787 1.32835 2.74713 0.556364</i>
                        <i>0.343495 0.938971 0.0185481 0.933611 -0.343543 0.101727 0.10189 -0.0176259 -0.994639 1.32943 2.74615 0.556778</i>
                        <i>0.356024 0.934127 0.0255575 0.928559 -0.356711 0.102647 0.105002 -0.0128132 -0.994389 1.33039 2.74511 0.557371</i>
                        <i>0.349188 0.936687 0.0261878 0.930257 -0.34988 0.110483 0.112651 -0.0142181 -0.993533 1.33115 2.74405 0.558162</i>
                        <i>0.331126 0.943363 0.0205145 0.936174 -0.331167 0.117926 0.118041 -0.0198433 -0.99281 1.33163 2.74298 0.559177</i>
                        <i>0.305723 0.952065 0.0102535 0.944314 -0.304575 0.12452 0.121674 -0.0283863 -0.992164 1.33185 2.74194 0.560382</i>
