<?xml version="1.0" encoding="ISO-8859-1" ?>
<Animl Version="1">
    <ModellingPackage><![CDATA[Maya.2010]]></ModellingPackage>
    <SrcFile><![CDATA[anims\turrets\mortar\blue\~src\mortar_m252\mortar_m252_aim_random_crewman_b.mb]]></SrcFile>
    <FramesPerSecond>30</FramesPerSecond>
    <TotalFrames>61</TotalFrames>
    <Skeleton>
        <RefFrame>
            <Name><![CDATA[soldier_ref_frame]]></Name>
            <Exclude>0</Exclude>
            <Additive>0</Additive>
            <IKPriority>0</IKPriority>
            <IKRotLimits>-1e+010 -1e+010 -1e+010 1e+010 1e+010 1e+010</IKRotLimits>
            <IKRotLimitOrder>0</IKRotLimitOrder>
            <KeyFrames count="61">
                <i>1 0 0 0 1 0 0 0 1 -1.5 2.23 -0.42</i>
                <i>1 0 0 0 1 0 0 0 1 -1.5 2.23 -0.42</i>
                <i>1 0 0 0 1 0 0 0 1 -1.5 2.23 -0.42</i>
                <i>1 0 0 0 1 0 0 0 1 -1.5 2.23 -0.42</i>
                <i>1 0 0 0 1 0 0 0 1 -1.5 2.23 -0.42</i>
                <i>1 0 0 0 1 0 0 0 1 -1.5 2.23 -0.42</i>
                <i>1 0 0 0 1 0 0 0 1 -1.5 2.23 -0.42</i>
                <i>1 0 0 0 1 0 0 0 1 -1.5 2.23 -0.42</i>
                <i>1 0 0 0 1 0 0 0 1 -1.5 2.23 -0.42</i>
                <i>1 0 0 0 1 0 0 0 1 -1.5 2.23 -0.42</i>
                <i>1 0 0 0 1 0 0 0 1 -1.5 2.23 -0.42</i>
                <i>1 0 0 0 1 0 0 0 1 -1.5 2.23 -0.42</i>
                <i>1 0 0 0 1 0 0 0 1 -1.5 2.23 -0.42</i>
                <i>1 0 0 0 1 0 0 0 1 -1.5 2.23 -0.42</i>
                <i>1 0 0 0 1 0 0 0 1 -1.5 2.23 -0.42</i>
                <i>1 0 0 0 1 0 0 0 1 -1.5 2.23 -0.42</i>
                <i>1 0 0 0 1 0 0 0 1 -1.5 2.23 -0.42</i>
                <i>1 0 0 0 1 0 0 0 1 -1.5 2.23 -0.42</i>
                <i>1 0 0 0 1 0 0 0 1 -1.5 2.23 -0.42</i>
                <i>1 0 0 0 1 0 0 0 1 -1.5 2.23 -0.42</i>
                <i>1 0 0 0 1 0 0 0 1 -1.5 2.23 -0.42</i>
                <i>1 0 0 0 1 0 0 0 1 -1.5 2.23 -0.42</i>
                <i>1 0 0 0 1 0 0 0 1 -1.5 2.23 -0.42</i>
                <i>1 0 0 0 1 0 0 0 1 -1.5 2.23 -0.42</i>
                <i>1 0 0 0 1 0 0 0 1 -1.5 2.23 -0.42</i>
                <i>1 0 0 0 1 0 0 0 1 -1.5 2.23 -0.42</i>
                <i>1 0 0 0 1 0 0 0 1 -1.5 2.23 -0.42</i>
                <i>1 0 0 0 1 0 0 0 1 -1.5 2.23 -0.42</i>
                <i>1 0 0 0 1 0 0 0 1 -1.5 2.23 -0.42</i>
                <i>1 0 0 0 1 0 0 0 1 -1.5 2.23 -0.42</i>
                <i>1 0 0 0 1 0 0 0 1 -1.5 2.23 -0.42</i>
                <i>1 0 0 0 1 0 0 0 1 -1.5 2.23 -0.42</i>
                <i>1 0 0 0 1 0 0 0 1 -1.5 2.23 -0.42</i>
                <i>1 0 0 0 1 0 0 0 1 -1.5 2.23 -0.42</i>
                <i>1 0 0 0 1 0 0 0 1 -1.5 2.23 -0.42</i>
                <i>1 0 0 0 1 0 0 0 1 -1.5 2.23 -0.42</i>
                <i>1 0 0 0 1 0 0 0 1 -1.5 2.23 -0.42</i>
                <i>1 0 0 0 1 0 0 0 1 -1.5 2.23 -0.42</i>
                <i>1 0 0 0 1 0 0 0 1 -1.5 2.23 -0.42</i>
                <i>1 0 0 0 1 0 0 0 1 -1.5 2.23 -0.42</i>
                <i>1 0 0 0 1 0 0 0 1 -1.5 2.23 -0.42</i>
                <i>1 0 0 0 1 0 0 0 1 -1.5 2.23 -0.42</i>
                <i>1 0 0 0 1 0 0 0 1 -1.5 2.23 -0.42</i>
                <i>1 0 0 0 1 0 0 0 1 -1.5 2.23 -0.42</i>
                <i>1 0 0 0 1 0 0 0 1 -1.5 2.23 -0.42</i>
                <i>1 0 0 0 1 0 0 0 1 -1.5 2.23 -0.42</i>
                <i>1 0 0 0 1 0 0 0 1 -1.5 2.23 -0.42</i>
                <i>1 0 0 0 1 0 0 0 1 -1.5 2.23 -0.42</i>
                <i>1 0 0 0 1 0 0 0 1 -1.5 2.23 -0.42</i>
                <i>1 0 0 0 1 0 0 0 1 -1.5 2.23 -0.42</i>
                <i>1 0 0 0 1 0 0 0 1 -1.5 2.23 -0.42</i>
                <i>1 0 0 0 1 0 0 0 1 -1.5 2.23 -0.42</i>
                <i>1 0 0 0 1 0 0 0 1 -1.5 2.23 -0.42</i>
                <i>1 0 0 0 1 0 0 0 1 -1.5 2.23 -0.42</i>
                <i>1 0 0 0 1 0 0 0 1 -1.5 2.23 -0.42</i>
                <i>1 0 0 0 1 0 0 0 1 -1.5 2.23 -0.42</i>
                <i>1 0 0 0 1 0 0 0 1 -1.5 2.23 -0.42</i>
                <i>1 0 0 0 1 0 0 0 1 -1.5 2.23 -0.42</i>
                <i>1 0 0 0 1 0 0 0 1 -1.5 2.23 -0.42</i>
                <i>1 0 0 0 1 0 0 0 1 -1.5 2.23 -0.42</i>
                <i>1 0 0 0 1 0 0 0 1 -1.5 2.23 -0.42</i>
            </KeyFrames>
        </RefFrame>
        <Bones count="23">
            <i>
                <p>
                    <Name><![CDATA[pelvis]]></Name>
                    <Exclude>0</Exclude>
                    <Additive>0</Additive>
                    <IKPriority>0</IKPriority>
                    <IKRotLimits>-1e+010 -1e+010 -1e+010 1e+010 1e+010 1e+010</IKRotLimits>
                    <IKRotLimitOrder>2</IKRotLimitOrder>
                    <KeyFrames count="61">
                        <i>1 0 0 0 1 0 0 0 1 -1.43482 2.83541 -0.90308</i>
                        <i>1 0 0 0 1 0 0 0 1 -1.43056 2.84557 -0.901687</i>
                        <i>1 0 0 0 1 0 0 0 1 -1.42648 2.85652 -0.900275</i>
                        <i>1 0 0 0 1 0 0 0 1 -1.4226 2.86696 -0.898355</i>
                        <i>1 0 0 0 1 0 0 0 1 -1.41885 2.87565 -0.895482</i>
                        <i>1 0 0 0 1 0 0 0 1 -1.415 2.8814 -0.891281</i>
                        <i>1 0 0 0 1 0 0 0 1 -1.41074 2.88343 -0.885546</i>
                        <i>1 0 0 0 1 0 0 0 1 -1.40603 2.88255 -0.878805</i>
                        <i>1 0 0 0 1 0 0 0 1 -1.40105 2.87995 -0.871803</i>
                        <i>1 0 0 0 1 0 0 0 1 -1.39613 2.87684 -0.865244</i>
                        <i>1 0 0 0 1 0 0 0 1 -1.39177 2.87447 -0.859777</i>
                        <i>1 0 0 0 1 0 0 0 1 -1.39145 2.87367 -0.859279</i>
                        <i>1 0 0 0 1 0 0 0 1 -1.39066 2.87173 -0.858075</i>
                        <i>1 0 0 0 1 0 0 0 1 -1.38971 2.86934 -0.856604</i>
                        <i>1 0 0 0 1 0 0 0 1 -1.38886 2.86722 -0.85531</i>
                        <i>1 0 0 0 1 0 0 0 1 -1.38843 2.86612 -0.854641</i>
                        <i>1 0 0 0 1 0 0 0 1 -1.3883 2.8658 -0.854446</i>
                        <i>1 0 0 0 1 0 0 0 1 -1.38819 2.86552 -0.854275</i>
                        <i>1 0 0 0 1 0 0 0 1 -1.38809 2.86528 -0.854126</i>
                        <i>1 0 0 0 1 0 0 0 1 -1.38801 2.86507 -0.854001</i>
                        <i>1 0 0 0 1 0 0 0 1 -1.38794 2.8649 -0.853897</i>
                        <i>1 0 0 0 1 0 0 0 1 -1.38789 2.86476 -0.853815</i>
                        <i>1 0 0 0 1 0 0 0 1 -1.38785 2.86466 -0.853754</i>
                        <i>1 0 0 0 1 0 0 0 1 -1.38782 2.86459 -0.853714</i>
                        <i>1 0 0 0 1 0 0 0 1 -1.38781 2.86456 -0.853693</i>
                        <i>1 0 0 0 1 0 0 0 1 -1.38781 2.86456 -0.853692</i>
                        <i>1 0 0 0 1 0 0 0 1 -1.38782 2.86459 -0.85371</i>
                        <i>1 0 0 0 1 0 0 0 1 -1.38784 2.86465 -0.853747</i>
                        <i>1 0 0 0 1 0 0 0 1 -1.38788 2.86474 -0.853801</i>
                        <i>1 0 0 0 1 0 0 0 1 -1.38792 2.86486 -0.853873</i>
                        <i>1 0 0 0 1 0 0 0 1 -1.38798 2.865 -0.853962</i>
                        <i>1 0 0 0 1 0 0 0 1 -1.38805 2.86518 -0.854067</i>
                        <i>1 0 0 0 1 0 0 0 1 -1.38813 2.86538 -0.854188</i>
                        <i>1 0 0 0 1 0 0 0 1 -1.38822 2.8656 -0.854324</i>
                        <i>1 0 0 0 1 0 0 0 1 -1.38832 2.86585 -0.854475</i>
                        <i>1 0 0 0 1 0 0 0 1 -1.38843 2.86612 -0.854641</i>
                        <i>1 0 0 0 1 0 0 0 1 -1.38861 2.86659 -0.854925</i>
                        <i>1 0 0 0 1 0 0 0 1 -1.38892 2.86737 -0.855398</i>
                        <i>1 0 0 0 1 0 0 0 1 -1.38932 2.86836 -0.856008</i>
                        <i>1 0 0 0 1 0 0 0 1 -1.38977 2.8695 -0.856703</i>
                        <i>1 0 0 0 1 0 0 0 1 -1.39024 2.87068 -0.857431</i>
                        <i>1 0 0 0 1 0 0 0 1 -1.39071 2.87183 -0.858141</i>
                        <i>1 0 0 0 1 0 0 0 1 -1.39112 2.87287 -0.858781</i>
                        <i>1 0 0 0 1 0 0 0 1 -1.39146 2.8737 -0.8593</i>
                        <i>1 0 0 0 1 0 0 0 1 -1.39169 2.87427 -0.85965</i>
                        <i>1 0 0 0 1 0 0 0 1 -1.39177 2.87447 -0.859777</i>
                        <i>1 0 0 0 1 0 0 0 1 -1.39177 2.87447 -0.859777</i>
                        <i>1 0 0 0 1 0 0 0 1 -1.39177 2.87447 -0.859777</i>
                        <i>1 0 0 0 1 0 0 0 1 -1.39177 2.87447 -0.859777</i>
                        <i>1 0 0 0 1 0 0 0 1 -1.39177 2.87447 -0.859777</i>
                        <i>1 0 0 0 1 0 0 0 1 -1.39177 2.87447 -0.859777</i>
                        <i>1 0 0 0 1 0 0 0 1 -1.39177 2.87447 -0.859777</i>
                        <i>1 0 0 0 1 0 0 0 1 -1.39177 2.87447 -0.859777</i>
                        <i>1 0 0 0 1 0 0 0 1 -1.39532 2.87136 -0.863685</i>
                        <i>1 0 0 0 1 0 0 0 1 -1.39988 2.86732 -0.868637</i>
                        <i>1 0 0 0 1 0 0 0 1 -1.40519 2.86257 -0.874298</i>
                        <i>1 0 0 0 1 0 0 0 1 -1.411 2.85731 -0.880348</i>
                        <i>1 0 0 0 1 0 0 0 1 -1.41708 2.85175 -0.886491</i>
                        <i>1 0 0 0 1 0 0 0 1 -1.42322 2.8461 -0.892469</i>
                        <i>1 0 0 0 1 0 0 0 1 -1.4292 2.84058 -0.89806</i>
                        <i>1 0 0 0 1 0 0 0 1 -1.43482 2.83541 -0.90308</i>
                    </KeyFrames>
                </p>
            </i>
            <i>
                <p>
                    <Name><![CDATA[spine0]]></Name>
                    <Exclude>0</Exclude>
                    <Additive>0</Additive>
                    <IKPriority>0</IKPriority>
                    <IKRotLimits>-1e+010 -1e+010 -1e+010 1e+010 1e+010 1e+010</IKRotLimits>
                    <IKRotLimitOrder>0</IKRotLimitOrder>
                    <KeyFrames count="61">
                        <i>0.030251 0.678636 0.733851 -0.997109 0.0716884 -0.0251915 -0.0697045 -0.730967 0.678843 -1.43482 2.94751 -0.993242</i>
                        <i>0.0782657 0.710644 0.699185 -0.996768 0.0685125 0.0419413 -0.0180976 -0.700208 0.71371 -1.43333 2.95956 -0.989415</i>
                        <i>0.12341 0.746618 0.653705 -0.991719 0.0691984 0.108189 0.0355403 -0.661644 0.748976 -1.43179 2.9722 -0.985638</i>
                        <i>0.16354 0.778855 0.605508 -0.982301 0.071742 0.173027 0.0913222 -0.623088 0.776802 -1.43017 2.98421 -0.981369</i>
                        <i>0.199312 0.801 0.564512 -0.968876 0.0747743 0.235982 0.14681 -0.593976 0.790973 -1.42832 2.99442 -0.97611</i>
                        <i>0.234347 0.807704 0.541013 -0.951814 0.0773913 0.296749 0.197816 -0.584486 0.786921 -1.42594 3.00169 -0.969427</i>
                        <i>0.273888 0.794003 0.542719 -0.931503 0.0785668 0.355147 0.239348 -0.602815 0.761135 -1.42258 3.00542 -0.960872</i>
                        <i>0.319841 0.762703 0.562126 -0.908678 0.0788966 0.409976 0.26834 -0.641919 0.718286 -1.41808 3.00635 -0.95108</i>
                        <i>0.369979 0.720408 0.586624 -0.884443 0.0798372 0.459767 0.284386 -0.68894 0.666698 -1.41275 3.00539 -0.941252</i>
                        <i>0.419525 0.675644 0.606222 -0.860164 0.0825121 0.503299 0.29003 -0.732596 0.61578 -1.40717 3.00353 -0.932506</i>
                        <i>0.462657 0.639141 0.614367 -0.837409 0.0875737 0.539516 0.291025 -0.764087 0.575739 -1.4021 3.00184 -0.925858</i>
                        <i>0.467625 0.629419 0.620612 -0.836989 0.0895488 0.539843 0.284212 -0.771889 0.568692 -1.40088 3.00093 -0.925706</i>
                        <i>0.479176 0.605708 0.635223 -0.835867 0.0940941 0.540807 0.267801 -0.790104 0.551379 -1.39794 2.99869 -0.925327</i>
                        <i>0.492413 0.576389 0.652154 -0.834304 0.0991495 0.542316 0.247924 -0.811138 0.529706 -1.39437 2.9959 -0.924835</i>
                        <i>0.503119 0.550565 0.666145 -0.832806 0.102946 0.543909 0.23088 -0.82842 0.510308 -1.39123 2.99342 -0.924343</i>
                        <i>0.507819 0.537975 0.672832 -0.832116 0.104196 0.544726 0.222943 -0.836496 0.50057 -1.38952 2.99218 -0.923959</i>
                        <i>0.506832 0.538506 0.673151 -0.832371 0.102594 0.54464 0.22423 -0.836353 0.500235 -1.38871 2.99204 -0.923448</i>
                        <i>0.503597 0.543587 0.671493 -0.833058 0.0995873 0.544147 0.228919 -0.833424 0.502992 -1.38772 2.99212 -0.922595</i>
                        <i>0.499536 0.550434 0.668944 -0.833986 0.0966497 0.543255 0.234373 -0.829266 0.507334 -1.38665 2.99235 -0.921545</i>
                        <i>0.496051 0.556366 0.666627 -0.83495 0.0949274 0.542077 0.238312 -0.825498 0.511626 -1.38561 2.99265 -0.920443</i>
                        <i>0.494504 0.558808 0.665732 -0.835733 0.0952739 0.540809 0.238781 -0.823806 0.514127 -1.38473 2.99292 -0.919438</i>
                        <i>0.495816 0.555819 0.667257 -0.836177 0.0981048 0.539614 0.234467 -0.825494 0.513405 -1.38406 2.99314 -0.918632</i>
                        <i>0.49902 0.549052 0.670463 -0.836389 0.102675 0.538434 0.226788 -0.829458 0.510458 -1.38353 2.99334 -0.917929</i>
                        <i>0.502664 0.541383 0.673968 -0.836544 0.108025 0.537145 0.217996 -0.833807 0.507191 -1.38302 2.99361 -0.917191</i>
                        <i>0.505374 0.535838 0.676369 -0.836835 0.113145 0.535635 0.210486 -0.836706 0.505588 -1.38239 2.99398 -0.916275</i>
                        <i>0.505843 0.535583 0.67622 -0.837474 0.11699 0.533808 0.206788 -0.83634 0.507715 -1.38155 2.99454 -0.915034</i>
                        <i>0.503089 0.543016 0.672335 -0.838784 0.119387 0.531215 0.20819 -0.831192 0.515535 -1.38018 2.9954 -0.913102</i>
                        <i>0.498043 0.555977 0.665464 -0.840601 0.121095 0.527946 0.212941 -0.822329 0.527665 -1.37838 2.99648 -0.910562</i>
                        <i>0.492266 0.570826 0.657139 -0.842444 0.122493 0.524675 0.219003 -0.811882 0.541188 -1.37655 2.99754 -0.907955</i>
                        <i>0.487298 0.584078 0.649149 -0.843872 0.123821 0.522062 0.224546 -0.802198 0.553225 -1.37513 2.99839 -0.90585</i>
                        <i>0.484674 0.592479 0.643475 -0.844472 0.125243 0.520751 0.227943 -0.795791 0.561034 -1.37451 2.99889 -0.904834</i>
                        <i>0.48536 0.594918 0.640701 -0.843999 0.127512 0.520967 0.228235 -0.793608 0.563999 -1.37486 2.99901 -0.90516</i>
                        <i>0.4885 0.59347 0.639657 -0.842738 0.130865 0.522175 0.226186 -0.794146 0.564067 -1.3759 2.99885 -0.906453</i>
                        <i>0.492825 0.589807 0.639727 -0.841095 0.134575 0.523879 0.222896 -0.796252 0.562405 -1.37736 2.99849 -0.908353</i>
                        <i>0.496824 0.585832 0.640286 -0.839509 0.137412 0.525684 0.219979 -0.798698 0.560081 -1.37897 2.99802 -0.910505</i>
                        <i>0.498775 0.58371 0.640707 -0.838432 0.137585 0.527354 0.21967 -0.80022 0.558026 -1.38046 2.99757 -0.912561</i>
                        <i>0.498566 0.584033 0.640575 -0.837787 0.134894 0.529071 0.222585 -0.800443 0.55655 -1.38189 2.9971 -0.915074</i>
                        <i>0.497395 0.585811 0.639862 -0.837131 0.130587 0.531186 0.227617 -0.799857 0.555354 -1.38352 2.99658 -0.918412</i>
                        <i>0.495457 0.588897 0.638532 -0.836405 0.125062 0.533653 0.23441 -0.798474 0.554519 -1.38537 2.99614 -0.921982</i>
                        <i>0.492957 0.593094 0.636579 -0.835701 0.119205 0.536092 0.242069 -0.79626 0.554412 -1.38744 2.99598 -0.92521</i>
                        <i>0.490098 0.598173 0.634029 -0.83528 0.114317 0.53781 0.249223 -0.793171 0.555668 -1.38973 2.9963 -0.927549</i>
                        <i>0.48707 0.603833 0.63099 -0.835359 0.111295 0.53832 0.25483 -0.789303 0.558626 -1.39254 2.99732 -0.928465</i>
                        <i>0.484127 0.609427 0.627869 -0.835788 0.109682 0.537986 0.258997 -0.785219 0.562452 -1.39578 2.9988 -0.928179</i>
                        <i>0.48158 0.614228 0.625144 -0.836303 0.108777 0.537369 0.262066 -0.781596 0.566065 -1.39886 3.00028 -0.927269</i>
                        <i>0.479776 0.617567 0.623238 -0.836692 0.1082 0.53688 0.264125 -0.77904 0.568625 -1.40118 3.0014 -0.926306</i>
                        <i>0.47909 0.61882 0.622522 -0.836839 0.107974 0.536696 0.264902 -0.778077 0.569582 -1.4021 3.00184 -0.925858</i>
                        <i>0.479693 0.619846 0.621036 -0.836894 0.11055 0.536085 0.263634 -0.776897 0.571775 -1.40186 3.00202 -0.925548</i>
                        <i>0.481243 0.622488 0.617182 -0.836976 0.117045 0.534575 0.260529 -0.773827 0.577335 -1.40125 3.00248 -0.924744</i>
                        <i>0.483352 0.626094 0.611864 -0.836961 0.125593 0.532656 0.256647 -0.769567 0.584722 -1.40041 3.00309 -0.92364</i>
                        <i>0.485633 0.630009 0.60601 -0.83679 0.134496 0.530748 0.25287 -0.764852 0.592501 -1.39949 3.00374 -0.922428</i>
                        <i>0.487712 0.633589 0.600585 -0.836504 0.142316 0.529157 0.249795 -0.760468 0.599409 -1.39864 3.00433 -0.921308</i>
                        <i>0.489222 0.636197 0.596586 -0.836225 0.147833 0.528085 0.247771 -0.757231 0.604327 -1.39802 3.00475 -0.920485</i>
                        <i>0.489805 0.637205 0.595029 -0.836101 0.149929 0.52769 0.247035 -0.75597 0.606204 -1.39778 3.00491 -0.920165</i>
                        <i>0.456593 0.640823 0.617146 -0.859729 0.139345 0.491375 0.228888 -0.754936 0.614558 -1.40197 3.00119 -0.925302</i>
                        <i>0.411763 0.644875 0.643885 -0.888034 0.125341 0.442363 0.204563 -0.75394 0.624282 -1.4073 2.99607 -0.932396</i>
                        <i>0.357063 0.6494 0.671405 -0.917704 0.109884 0.381766 0.174142 -0.752466 0.635193 -1.4132 2.98971 -0.941138</i>
                        <i>0.294752 0.654432 0.696304 -0.945631 0.0949196 0.311083 0.13749 -0.750139 0.646829 -1.41911 2.98228 -0.951143</i>
                        <i>0.227638 0.659969 0.715976 -0.969159 0.0822754 0.232296 0.094401 -0.746774 0.658344 -1.42452 2.97402 -0.96193</i>
                        <i>0.158938 0.665953 0.728866 -0.986267 0.0735305 0.147885 0.0448903 -0.742361 0.668495 -1.42905 2.96521 -0.972936</i>
                        <i>0.0920434 0.672247 0.734583 -0.995701 0.0698382 0.0608498 -0.0103958 -0.737025 0.675785 -1.43249 2.95623 -0.983565</i>
                        <i>0.030251 0.678636 0.733851 -0.997109 0.0716884 -0.0251915 -0.0697045 -0.730967 0.678843 -1.43482 2.94751 -0.993242</i>
                    </KeyFrames>
                </p>
            </i>
            <i>
                <p>
                    <Name><![CDATA[spine1]]></Name>
                    <Exclude>0</Exclude>
                    <Additive>0</Additive>
                    <IKPriority>0</IKPriority>
                    <IKRotLimits>-1e+010 -1e+010 -1e+010 1e+010 1e+010 1e+010</IKRotLimits>
                    <IKRotLimitOrder>0</IKRotLimitOrder>
                    <KeyFrames count="61">
                        <i>0.00556831 0.144573 0.989478 -0.822931 0.562816 -0.0776024 -0.568113 -0.813841 0.122108 -1.42856 3.08767 -0.841995</i>
                        <i>0.0586746 0.173924 0.983009 -0.865663 0.499282 -0.0366679 -0.497176 -0.848804 0.179855 -1.41745 3.10379 -0.847773</i>
                        <i>0.112648 0.210751 0.971028 -0.902151 0.431279 0.0110538 -0.416454 -0.877259 0.238712 -1.40726 3.12073 -0.855812</i>
                        <i>0.165164 0.246594 0.954941 -0.927791 0.367282 0.0656255 -0.33455 -0.896825 0.289449 -1.39831 3.1361 -0.863461</i>
                        <i>0.21496 0.272285 0.937898 -0.941125 0.314318 0.124449 -0.260913 -0.909431 0.32382 -1.39012 3.1481 -0.867956</i>
                        <i>0.26235 0.277945 0.924077 -0.942756 0.278132 0.183996 -0.205874 -0.919451 0.335003 -1.38144 3.15522 -0.866724</i>
                        <i>0.308674 0.254599 0.91646 -0.934193 0.262367 0.241759 -0.178897 -0.930775 0.318831 -1.37055 3.15639 -0.857812</i>
                        <i>0.354375 0.207795 0.911723 -0.917764 0.264176 0.296513 -0.179242 -0.941824 0.284324 -1.35686 3.15248 -0.843525</i>
                        <i>0.398037 0.149537 0.9051 -0.895201 0.278901 0.347605 -0.200454 -0.948606 0.244878 -1.34114 3.145 -0.827737</i>
                        <i>0.43717 0.0920718 0.894654 -0.868891 0.300043 0.393702 -0.232186 -0.949472 0.21117 -1.32501 3.13602 -0.813815</i>
                        <i>0.469519 0.0473808 0.88165 -0.843537 0.318987 0.432079 -0.260763 -0.946574 0.189738 -1.31064 3.12838 -0.804436</i>
                        <i>0.467486 0.0354061 0.883291 -0.84131 0.324579 0.432257 -0.271394 -0.945196 0.181524 -1.3081 3.126 -0.802605</i>
                        <i>0.462324 0.00686654 0.886684 -0.835577 0.338041 0.433058 -0.296762 -0.941106 0.162022 -1.30205 3.12009 -0.798251</i>
                        <i>0.455525 -0.0272666 0.889805 -0.828023 0.354082 0.434746 -0.326918 -0.934817 0.138716 -1.29485 3.1126 -0.793073</i>
                        <i>0.448977 -0.0565647 0.891751 -0.821621 0.366148 0.436893 -0.351225 -0.928836 0.117917 -1.28872 3.10581 -0.788655</i>
                        <i>0.444986 -0.0711924 0.892703 -0.820697 0.366511 0.438322 -0.35839 -0.927686 0.104665 -1.28568 3.1024 -0.786419</i>
                        <i>0.442678 -0.0712069 0.893849 -0.829743 0.345388 0.438444 -0.339945 -0.935754 0.0938122 -1.28518 3.10225 -0.785982</i>
                        <i>0.439813 -0.065426 0.895703 -0.845186 0.307095 0.437439 -0.303686 -0.949427 0.0797673 -1.28518 3.10302 -0.785906</i>
                        <i>0.436783 -0.0573311 0.897738 -0.860339 0.264869 0.435502 -0.26275 -0.962579 0.0663659 -1.28538 3.10415 -0.785973</i>
                        <i>0.434022 -0.0504413 0.899489 -0.87108 0.231269 0.433283 -0.22988 -0.971581 0.0564376 -1.28551 3.10513 -0.785948</i>
                        <i>0.432012 -0.0483535 0.900571 -0.875373 0.217782 0.431617 -0.216999 -0.974799 0.0517572 -1.28527 3.10551 -0.78558</i>
                        <i>0.431043 -0.0537347 0.90073 -0.872068 0.23155 0.43114 -0.231732 -0.971338 0.0529478 -1.28448 3.10496 -0.784658</i>
                        <i>0.430674 -0.0642728 0.900216 -0.862517 0.264319 0.431509 -0.265678 -0.962291 0.0583988 -1.28333 3.10378 -0.783345</i>
                        <i>0.430344 -0.076118 0.89945 -0.849126 0.303928 0.431987 -0.30625 -0.949649 0.0661598 -1.28211 3.10247 -0.78194</i>
                        <i>0.429667 -0.0853626 0.898944 -0.836274 0.337926 0.431801 -0.340636 -0.937294 0.073809 -1.28109 3.10158 -0.780735</i>
                        <i>0.428411 -0.0880089 0.899288 -0.83043 0.35394 0.430247 -0.356159 -0.931118 0.0785466 -1.28052 3.10168 -0.780021</i>
                        <i>0.42626 -0.0809142 0.900975 -0.83638 0.344197 0.426611 -0.344632 -0.935404 0.0790423 -1.28048 3.10319 -0.779895</i>
                        <i>0.423362 -0.0663109 0.903531 -0.849371 0.317904 0.421316 -0.315173 -0.945801 0.0782658 -1.28078 3.10559 -0.78019</i>
                        <i>0.420228 -0.048416 0.906126 -0.862816 0.2879 0.415526 -0.280991 -0.956436 0.0792095 -1.28127 3.10817 -0.780789</i>
                        <i>0.417511 -0.0320223 0.908107 -0.872416 0.265355 0.410459 -0.254115 -0.963619 0.0828521 -1.28179 3.11039 -0.781546</i>
                        <i>0.416047 -0.0225028 0.909065 -0.875566 0.26002 0.407152 -0.245537 -0.965341 0.0884779 -1.28219 3.11187 -0.782299</i>
                        <i>0.41625 -0.0229811 0.90896 -0.87075 0.277744 0.405774 -0.261783 -0.96038 0.0956003 -1.28231 3.11259 -0.783012</i>
                        <i>0.417483 -0.0301432 0.908185 -0.859402 0.311577 0.4054 -0.295189 -0.949743 0.104173 -1.2822 3.11283 -0.783784</i>
                        <i>0.419099 -0.0398284 0.907067 -0.843748 0.351889 0.405294 -0.335329 -0.935194 0.113871 -1.28204 3.11272 -0.78465</i>
                        <i>0.420632 -0.0479809 0.905962 -0.827686 0.388608 0.40487 -0.37149 -0.920153 0.123748 -1.28206 3.11245 -0.785645</i>
                        <i>0.421802 -0.0507855 0.905265 -0.817321 0.410936 0.403878 -0.392517 -0.910248 0.131826 -1.28253 3.11234 -0.786804</i>
                        <i>0.422168 -0.0475497 0.90527 -0.814729 0.417964 0.401899 -0.39748 -0.907218 0.137711 -1.28346 3.11257 -0.788648</i>
                        <i>0.422152 -0.0408424 0.905604 -0.816108 0.417788 0.399275 -0.394658 -0.907626 0.143038 -1.28472 3.11312 -0.791358</i>
                        <i>0.42273 -0.0319742 0.905692 -0.819734 0.412658 0.397177 -0.38644 -0.910325 0.148232 -1.28639 3.11398 -0.79446</i>
                        <i>0.424778 -0.0223475 0.905022 -0.823714 0.4052 0.396621 -0.375579 -0.913955 0.153712 -1.2885 3.1152 -0.797498</i>
                        <i>0.42914 -0.0134202 0.903138 -0.826069 0.398565 0.398442 -0.365307 -0.917042 0.159954 -1.29112 3.11685 -0.800025</i>
                        <i>0.437558 -0.00671677 0.899165 -0.823859 0.397663 0.403883 -0.360277 -0.917507 0.168467 -1.29454 3.11901 -0.801551</i>
                        <i>0.449286 -0.00227282 0.893385 -0.817218 0.402994 0.412007 -0.360966 -0.9152 0.179202 -1.29853 3.1214 -0.802107</i>
                        <i>0.461435 0.00056509 0.887174 -0.80886 0.411066 0.42044 -0.36445 -0.911605 0.190137 -1.30236 3.12356 -0.802036</i>
                        <i>0.471001 0.00217042 0.88213 -0.801663 0.418332 0.427007 -0.368097 -0.908291 0.198775 -1.30524 3.1251 -0.801706</i>
                        <i>0.474884 0.00268182 0.880045 -0.798603 0.421463 0.429653 -0.369754 -0.906841 0.202288 -1.30637 3.12568 -0.801508</i>
                        <i>0.475397 0.00225892 0.879768 -0.797851 0.422484 0.430047 -0.370717 -0.906367 0.20265 -1.3061 3.12596 -0.8016</i>
                        <i>0.476738 0.00119666 0.879044 -0.795912 0.425088 0.431074 -0.373155 -0.905151 0.203608 -1.30538 3.12667 -0.801839</i>
                        <i>0.47861 -0.000187999 0.878028 -0.793264 0.428578 0.432497 -0.376384 -0.903505 0.204972 -1.30441 3.12762 -0.802162</i>
                        <i>0.4807 -0.00160429 0.876884 -0.790383 0.432291 0.434072 -0.379765 -0.901733 0.206534 -1.30335 3.12863 -0.802513</i>
                        <i>0.482668 -0.0028159 0.875799 -0.787744 0.435619 0.435541 -0.382741 -0.900127 0.208041 -1.30239 3.12954 -0.802831</i>
                        <i>0.484139 -0.00364666 0.874983 -0.785817 0.438005 0.436628 -0.384839 -0.898965 0.20919 -1.30169 3.13018 -0.803062</i>
                        <i>0.484717 -0.00395598 0.874662 -0.78507 0.438919 0.437052 -0.385635 -0.898518 0.209646 -1.30142 3.13043 -0.80315</i>
                        <i>0.449528 0.00526391 0.893251 -0.80223 0.44219 0.401116 -0.392875 -0.896906 0.203 -1.31186 3.12783 -0.803555</i>
                        <i>0.402512 0.0180667 0.915236 -0.821718 0.447763 0.352544 -0.40344 -0.89397 0.195076 -1.32566 3.12411 -0.804778</i>
                        <i>0.345667 0.0342035 0.937734 -0.839884 0.456932 0.292931 -0.418461 -0.888844 0.186673 -1.34199 3.1194 -0.807293</i>
                        <i>0.28129 0.053305 0.958141 -0.853343 0.470612 0.224342 -0.438954 -0.880729 0.177866 -1.35994 3.11384 -0.811424</i>
                        <i>0.212028 0.0748048 0.974396 -0.859357 0.48905 0.149451 -0.465349 -0.869042 0.167976 -1.37851 3.10762 -0.817266</i>
                        <i>0.140853 0.0979023 0.985178 -0.856214 0.511639 0.0715704 -0.497049 -0.853604 0.155891 -1.3967 3.10098 -0.824637</i>
                        <i>0.0709506 0.121567 0.990044 -0.843613 0.536923 -0.00547154 -0.532243 -0.834826 0.14065 -1.41362 3.09421 -0.833094</i>
                        <i>0.00556831 0.144573 0.989478 -0.822931 0.562816 -0.0776024 -0.568113 -0.813841 0.122108 -1.42856 3.08767 -0.841995</i>
                    </KeyFrames>
                </p>
            </i>
            <i>
                <p>
                    <Name><![CDATA[spine2]]></Name>
                    <Exclude>0</Exclude>
                    <Additive>0</Additive>
                    <IKPriority>0</IKPriority>
                    <IKRotLimits>-1e+010 -1e+010 -1e+010 1e+010 1e+010 1e+010</IKRotLimits>
                    <IKRotLimitOrder>0</IKRotLimitOrder>
                    <KeyFrames count="61">
                        <i>-0.0700074 0.216232 0.973829 -0.899941 0.407465 -0.155171 -0.430354 -0.887252 0.166071 -1.4283 3.11466 -0.654433</i>
                        <i>-0.011669 0.244752 0.969515 -0.917219 0.383506 -0.107855 -0.398213 -0.890516 0.220016 -1.40721 3.13576 -0.664586</i>
                        <i>0.047951 0.279513 0.958944 -0.93298 0.355397 -0.0569384 -0.356721 -0.891945 0.277821 -1.38726 3.15876 -0.678391</i>
                        <i>0.106507 0.311695 0.944194 -0.944855 0.327485 -0.00152634 -0.309685 -0.891964 0.329386 -1.3692 3.1798 -0.692372</i>
                        <i>0.162792 0.332611 0.928907 -0.950694 0.304754 0.0574878 -0.263968 -0.892466 0.365823 -1.35264 3.19562 -0.702628</i>
                        <i>0.217116 0.333496 0.91741 -0.948864 0.292744 0.118142 -0.229167 -0.896148 0.380002 -1.33598 3.20329 -0.705326</i>
                        <i>0.270976 0.306545 0.91247 -0.938239 0.295964 0.1792 -0.215125 -0.904674 0.367812 -1.31698 3.20039 -0.697697</i>
                        <i>0.3246 0.257113 0.910235 -0.919393 0.311795 0.239793 -0.222153 -0.914701 0.337596 -1.29486 3.18857 -0.683027</i>
                        <i>0.375934 0.196209 0.905635 -0.89378 0.334758 0.298487 -0.244603 -0.92165 0.301214 -1.27068 3.17111 -0.666592</i>
                        <i>0.421827 0.135277 0.896528 -0.864238 0.358968 0.352469 -0.274143 -0.923495 0.268334 -1.24671 3.15209 -0.652639</i>
                        <i>0.459317 0.0859593 0.884104 -0.835765 0.378951 0.397359 -0.300875 -0.921416 0.2459 -1.22575 3.13646 -0.644091</i>
                        <i>0.458636 0.0709831 0.885784 -0.831904 0.38472 0.399908 -0.312392 -0.9203 0.235498 -1.22328 3.13193 -0.641379</i>
                        <i>0.456504 0.0349476 0.889035 -0.82233 0.398053 0.406605 -0.339673 -0.916697 0.210451 -1.21748 3.12082 -0.635025</i>
                        <i>0.452954 -0.00880724 0.89149 -0.810291 0.412987 0.415778 -0.371835 -0.910695 0.179928 -1.21073 3.10698 -0.627648</i>
                        <i>0.448958 -0.047089 0.892311 -0.799917 0.423847 0.424838 -0.398208 -0.904509 0.152622 -1.20516 3.09465 -0.62152</i>
                        <i>0.446535 -0.0669592 0.892257 -0.796128 0.425415 0.430352 -0.408395 -0.902518 0.136654 -1.20258 3.08845 -0.618515</i>
                        <i>0.446523 -0.067908 0.892192 -0.801527 0.412841 0.43257 -0.397708 -0.908268 0.129913 -1.20257 3.0883 -0.618051</i>
                        <i>0.447633 -0.060902 0.892141 -0.812239 0.389604 0.434139 -0.374021 -0.918967 0.124933 -1.20332 3.09018 -0.618191</i>
                        <i>0.449009 -0.0503816 0.892106 -0.823815 0.363278 0.435153 -0.346006 -0.930317 0.12161 -1.2044 3.09286 -0.618642</i>
                        <i>0.449826 -0.0409812 0.892175 -0.832726 0.341848 0.435554 -0.322838 -0.938861 0.119646 -1.20536 3.09517 -0.619068</i>
                        <i>0.449342 -0.0375235 0.892572 -0.836319 0.333623 0.435048 -0.314107 -0.941959 0.118529 -1.20575 3.09597 -0.619078</i>
                        <i>0.4471 -0.0433694 0.893432 -0.832844 0.34418 0.433487 -0.326302 -0.937901 0.117763 -1.20527 3.09445 -0.618364</i>
                        <i>0.4435 -0.0553434 0.894564 -0.823871 0.367825 0.431209 -0.352908 -0.928247 0.117535 -1.20425 3.09134 -0.617177</i>
                        <i>0.439181 -0.0685289 0.895781 -0.812122 0.396075 0.428466 -0.384159 -0.915657 0.118295 -1.20316 3.08787 -0.615945</i>
                        <i>0.434969 -0.0781438 0.897048 -0.801309 0.420838 0.425206 -0.410739 -0.903764 0.120434 -1.20242 3.08532 -0.615061</i>
                        <i>0.431825 -0.0795481 0.898443 -0.796156 0.434492 0.421132 -0.423866 -0.897156 0.124292 -1.20239 3.08501 -0.61489</i>
                        <i>0.430444 -0.0686132 0.900005 -0.800168 0.432387 0.415659 -0.41767 -0.899074 0.131216 -1.20332 3.08794 -0.615738</i>
                        <i>0.430109 -0.0483363 0.901482 -0.810355 0.419456 0.409122 -0.397907 -0.906488 0.141242 -1.20497 3.09315 -0.61743</i>
                        <i>0.429754 -0.0248843 0.902603 -0.822076 0.402706 0.402516 -0.3735 -0.914991 0.152608 -1.2069 3.09908 -0.619584</i>
                        <i>0.428649 -0.00473829 0.903459 -0.831281 0.389618 0.396448 -0.353882 -0.920964 0.16307 -1.20866 3.10429 -0.621698</i>
                        <i>0.426365 0.00530632 0.904536 -0.834521 0.388107 0.391085 -0.348982 -0.921599 0.169903 -1.20971 3.10748 -0.623174</i>
                        <i>0.422087 0.00077763 0.906555 -0.829661 0.403377 0.38594 -0.365383 -0.915034 0.170905 -1.20973 3.10811 -0.623712</i>
                        <i>0.415862 -0.0136906 0.909325 -0.818637 0.429859 0.38086 -0.396096 -0.902792 0.167554 -1.20901 3.10706 -0.62366</i>
                        <i>0.408774 -0.0313926 0.912095 -0.804479 0.459529 0.37636 -0.43095 -0.887608 0.162589 -1.20801 3.10518 -0.623368</i>
                        <i>0.402503 -0.0460561 0.91426 -0.791133 0.484957 0.372726 -0.460543 -0.873324 0.15876 -1.20717 3.10339 -0.623168</i>
                        <i>0.399262 -0.0519127 0.915366 -0.783408 0.499354 0.370024 -0.476301 -0.864842 0.158704 -1.20697 3.10271 -0.623369</i>
                        <i>0.399224 -0.0491867 0.915533 -0.782002 0.503024 0.368022 -0.478637 -0.862872 0.162355 -1.20743 3.10347 -0.624293</i>
                        <i>0.400993 -0.0426417 0.915088 -0.783581 0.501504 0.366735 -0.474558 -0.864104 0.167686 -1.20823 3.10518 -0.625922</i>
                        <i>0.4045 -0.0335132 0.913924 -0.787127 0.496041 0.36657 -0.465629 -0.867652 0.17427 -1.20934 3.10761 -0.628037</i>
                        <i>0.409616 -0.0230383 0.911967 -0.79161 0.48787 0.367881 -0.453397 -0.872612 0.181602 -1.21072 3.11056 -0.630423</i>
                        <i>0.416199 -0.0124702 0.909188 -0.796028 0.478258 0.370957 -0.439452 -0.878131 0.189124 -1.21233 3.11384 -0.632864</i>
                        <i>0.42456 -0.0030685 0.905395 -0.799203 0.46865 0.376353 -0.425468 -0.883379 0.196518 -1.21418 3.11724 -0.635114</i>
                        <i>0.433985 0.00471309 0.900908 -0.800832 0.460104 0.383369 -0.412704 -0.887853 0.203452 -1.21614 3.12046 -0.63701</i>
                        <i>0.44284 0.0107265 0.896537 -0.801325 0.453294 0.390387 -0.402207 -0.891297 0.209332 -1.21792 3.12316 -0.638461</i>
                        <i>0.44944 0.0146574 0.89319 -0.801199 0.448813 0.395787 -0.395074 -0.893506 0.213458 -1.21921 3.12499 -0.639382</i>
                        <i>0.452036 0.0160666 0.891855 -0.801031 0.4472 0.397946 -0.392444 -0.89429 0.21502 -1.21971 3.12567 -0.639704</i>
                        <i>0.451901 0.0143567 0.891953 -0.800363 0.448094 0.398285 -0.39396 -0.893871 0.213984 -1.21941 3.12588 -0.639988</i>
                        <i>0.451542 0.00995671 0.892194 -0.798632 0.450395 0.399163 -0.397866 -0.892774 0.211324 -1.21864 3.12639 -0.640723</i>
                        <i>0.451028 0.00396371 0.892501 -0.796248 0.453533 0.400372 -0.403191 -0.891231 0.207712 -1.21759 3.12709 -0.64173</i>
                        <i>0.450438 -0.00253373 0.892804 -0.793629 0.456937 0.401698 -0.408973 -0.889495 0.203811 -1.21644 3.12785 -0.64283</i>
                        <i>0.44987 -0.00846586 0.893054 -0.791205 0.460048 0.402926 -0.414259 -0.887853 0.200264 -1.21539 3.12854 -0.643843</i>
                        <i>0.44944 -0.0127846 0.893219 -0.789421 0.462316 0.403829 -0.418112 -0.886623 0.197691 -1.21462 3.12905 -0.644585</i>
                        <i>0.44927 -0.0144545 0.893279 -0.788727 0.463193 0.404181 -0.419603 -0.88614 0.196698 -1.21432 3.12924 -0.644873</i>
                        <i>0.410291 0.000825729 0.911954 -0.810618 0.458472 0.364284 -0.417804 -0.888709 0.188776 -1.23088 3.1283 -0.641412</i>
                        <i>0.35864 0.022354 0.933208 -0.836209 0.452021 0.310534 -0.414888 -0.891727 0.180805 -1.25288 3.12692 -0.637874</i>
                        <i>0.296364 0.0491003 0.953812 -0.861666 0.4445 0.244851 -0.411948 -0.894432 0.174042 -1.27924 3.12519 -0.635299</i>
                        <i>0.225996 0.0799379 0.970843 -0.883554 0.436488 0.169737 -0.410193 -0.896152 0.169274 -1.30868 3.1232 -0.634543</i>
                        <i>0.150606 0.11359 0.982046 -0.899234 0.428455 0.0883482 -0.410727 -0.896395 0.166672 -1.33979 3.12105 -0.636144</i>
                        <i>0.0737013 0.148611 0.986145 -0.90716 0.420764 0.00438933 -0.414282 -0.894915 0.165825 -1.37106 3.11884 -0.640242</i>
                        <i>-0.00102733 0.183399 0.983038 -0.907059 0.413691 -0.0781275 -0.421003 -0.891754 0.165928 -1.40102 3.11667 -0.646556</i>
                        <i>-0.0700074 0.216232 0.973829 -0.899941 0.407465 -0.155171 -0.430354 -0.887252 0.166071 -1.4283 3.11466 -0.654433</i>
                    </KeyFrames>
                </p>
            </i>
            <i>
                <p>
                    <Name><![CDATA[head]]></Name>
                    <Exclude>0</Exclude>
                    <Additive>0</Additive>
                    <IKPriority>0</IKPriority>
                    <IKRotLimits>-1e+010 -1e+010 -1e+010 1e+010 1e+010 1e+010</IKRotLimits>
                    <IKRotLimitOrder>0</IKRotLimitOrder>
                    <KeyFrames count="61">
                        <i>0.0264256 0.941215 0.336774 0.254309 0.319478 -0.912831 -0.966762 0.109767 -0.230917 -1.44348 3.19129 -0.419701</i>
                        <i>0.101986 0.951908 0.28891 -0.0544009 0.295327 -0.953846 -0.993297 0.0815623 0.0819039 -1.40828 3.22009 -0.43217</i>
                        <i>0.150122 0.957411 0.246633 -0.373739 0.285904 -0.88237 -0.915305 0.0402864 0.400743 -1.37407 3.25232 -0.450087</i>
                        <i>0.181445 0.956584 0.228089 -0.633077 0.291108 -0.717265 -0.752523 -0.0142536 0.658412 -1.34211 3.28184 -0.469141</i>
                        <i>0.207559 0.95003 0.233156 -0.798974 0.302161 -0.519941 -0.564411 -0.0783674 0.821766 -1.31213 3.30318 -0.484181</i>
                        <i>0.225401 0.941584 0.250228 -0.883066 0.305946 -0.355796 -0.411568 -0.140771 0.900441 -1.28227 3.31129 -0.489956</i>
                        <i>0.215159 0.939419 0.266832 -0.920933 0.286093 -0.264639 -0.324945 -0.188795 0.926697 -1.24963 3.30185 -0.482798</i>
                        <i>0.178677 0.943619 0.278671 -0.939367 0.247856 -0.236976 -0.292685 -0.219433 0.93069 -1.2134 3.27777 -0.467285</i>
                        <i>0.13873 0.948742 0.283975 -0.945301 0.212344 -0.24762 -0.295228 -0.23409 0.926306 -1.17537 3.24494 -0.450426</i>
                        <i>0.117251 0.951035 0.28598 -0.942449 0.19735 -0.269894 -0.313117 -0.237877 0.919442 -1.13881 3.21028 -0.43737</i>
                        <i>0.130502 0.946359 0.295591 -0.936067 0.215858 -0.277821 -0.326724 -0.240436 0.914025 -1.10753 3.18178 -0.430967</i>
                        <i>0.162168 0.936006 0.312402 -0.922935 0.255891 -0.287594 -0.34913 -0.241688 0.90537 -1.10483 3.17318 -0.427476</i>
                        <i>0.23693 0.903609 0.356868 -0.884218 0.352753 -0.306143 -0.402519 -0.243015 0.882566 -1.09864 3.15226 -0.419498</i>
                        <i>0.323365 0.849019 0.417855 -0.823606 0.469954 -0.317515 -0.465949 -0.241475 0.851224 -1.09177 3.12646 -0.410618</i>
                        <i>0.394503 0.785076 0.477518 -0.75821 0.571692 -0.313507 -0.51912 -0.238379 0.820786 -1.08641 3.10363 -0.403591</i>
                        <i>0.434095 0.739849 0.513989 -0.718525 0.6285 -0.297842 -0.543401 -0.240022 0.804429 -1.08407 3.09198 -0.400257</i>
                        <i>0.435021 0.732249 0.523992 -0.718292 0.633135 -0.288439 -0.542967 -0.250902 0.801396 -1.08404 3.09168 -0.399756</i>
                        <i>0.406489 0.749771 0.522122 -0.739885 0.605408 -0.293346 -0.536039 -0.267068 0.800835 -1.08458 3.0957 -0.399981</i>
                        <i>0.362423 0.778056 0.513107 -0.769384 0.560479 -0.306449 -0.52602 -0.283712 0.801755 -1.08543 3.10153 -0.400609</i>
                        <i>0.317958 0.804428 0.501795 -0.794616 0.514813 -0.321796 -0.517192 -0.296417 0.802901 -1.08629 3.10666 -0.40122</i>
