<?xml version="1.0" encoding="ISO-8859-1" ?>
<Animl Version="1">
    <ModellingPackage>
        <![CDATA[Maya.2010]]>
</ModellingPackage>
    <SrcFile>
        <![CDATA[anims\turrets\mortar\blue\~src\mortar_m120\mortar_m120_aim_high_crewman_d.mb]]>
</SrcFile>
    <FramesPerSecond>30</FramesPerSecond>
    <TotalFrames>30</TotalFrames>
    <Skeleton>
        <RefFrame>
            <Name>
                <![CDATA[soldier_ref_frame]]>
</Name>
            <Exclude>0</Exclude>
            <Additive>0</Additive>
            <IKPriority>0</IKPriority>
            <IKRotLimits>-1e+010 -1e+010 -1e+010 1e+010 1e+010 1e+010</IKRotLimits>
            <IKRotLimitOrder>0</IKRotLimitOrder>
            <KeyFrames count="30">
                <i>1 0 0 0 1 0 0 0 1 -1.81 0.85 -1.79</i>
                <i>1 0 0 0 1 0 0 0 1 -1.81 0.85 -1.79</i>
                <i>1 0 0 0 1 0 0 0 1 -1.81 0.85 -1.79</i>
                <i>1 0 0 0 1 0 0 0 1 -1.81 0.85 -1.79</i>
                <i>1 0 0 0 1 0 0 0 1 -1.81 0.85 -1.79</i>
                <i>1 0 0 0 1 0 0 0 1 -1.81 0.85 -1.79</i>
                <i>1 0 0 0 1 0 0 0 1 -1.81 0.85 -1.79</i>
                <i>1 0 0 0 1 0 0 0 1 -1.81 0.85 -1.79</i>
                <i>1 0 0 0 1 0 0 0 1 -1.81 0.85 -1.79</i>
                <i>1 0 0 0 1 0 0 0 1 -1.81 0.85 -1.79</i>
                <i>1 0 0 0 1 0 0 0 1 -1.81 0.85 -1.79</i>
                <i>1 0 0 0 1 0 0 0 1 -1.81 0.85 -1.79</i>
                <i>1 0 0 0 1 0 0 0 1 -1.81 0.85 -1.79</i>
                <i>1 0 0 0 1 0 0 0 1 -1.81 0.85 -1.79</i>
                <i>1 0 0 0 1 0 0 0 1 -1.81 0.85 -1.79</i>
                <i>1 0 0 0 1 0 0 0 1 -1.81 0.85 -1.79</i>
                <i>1 0 0 0 1 0 0 0 1 -1.81 0.85 -1.79</i>
                <i>1 0 0 0 1 0 0 0 1 -1.81 0.85 -1.79</i>
                <i>1 0 0 0 1 0 0 0 1 -1.81 0.85 -1.79</i>
                <i>1 0 0 0 1 0 0 0 1 -1.81 0.85 -1.79</i>
                <i>1 0 0 0 1 0 0 0 1 -1.81 0.85 -1.79</i>
                <i>1 0 0 0 1 0 0 0 1 -1.81 0.85 -1.79</i>
                <i>1 0 0 0 1 0 0 0 1 -1.81 0.85 -1.79</i>
                <i>1 0 0 0 1 0 0 0 1 -1.81 0.85 -1.79</i>
                <i>1 0 0 0 1 0 0 0 1 -1.81 0.85 -1.79</i>
                <i>1 0 0 0 1 0 0 0 1 -1.81 0.85 -1.79</i>
                <i>1 0 0 0 1 0 0 0 1 -1.81 0.85 -1.79</i>
                <i>1 0 0 0 1 0 0 0 1 -1.81 0.85 -1.79</i>
                <i>1 0 0 0 1 0 0 0 1 -1.81 0.85 -1.79</i>
                <i>1 0 0 0 1 0 0 0 1 -1.81 0.85 -1.79</i>
            </KeyFrames>
        </RefFrame>
        <Bones count="23">
            <i>
                <p>
                    <Name>
                        <![CDATA[pelvis]]>
</Name>
                    <Exclude>0</Exclude>
                    <Additive>0</Additive>
                    <IKPriority>0</IKPriority>
                    <IKRotLimits>-1e+010 -1e+010 -1e+010 1e+010 1e+010 1e+010</IKRotLimits>
                    <IKRotLimitOrder>2</IKRotLimitOrder>
                    <KeyFrames count="30">
                        <i>1 0 0 0 1 0 0 0 1 -1.91705 1.46832 -1.90868</i>
                        <i>1 0 0 0 1 0 0 0 1 -1.91705 1.46839 -1.90868</i>
                        <i>1 0 0 0 1 0 0 0 1 -1.91705 1.4686 -1.90868</i>
                        <i>1 0 0 0 1 0 0 0 1 -1.91705 1.46892 -1.90868</i>
                        <i>1 0 0 0 1 0 0 0 1 -1.91705 1.46933 -1.90868</i>
                        <i>1 0 0 0 1 0 0 0 1 -1.91705 1.46984 -1.90868</i>
                        <i>1 0 0 0 1 0 0 0 1 -1.91705 1.4704 -1.90868</i>
                        <i>1 0 0 0 1 0 0 0 1 -1.91705 1.47102 -1.90868</i>
                        <i>1 0 0 0 1 0 0 0 1 -1.91705 1.47167 -1.90868</i>
                        <i>1 0 0 0 1 0 0 0 1 -1.91705 1.47234 -1.90868</i>
                        <i>1 0 0 0 1 0 0 0 1 -1.91705 1.473 -1.90868</i>
                        <i>1 0 0 0 1 0 0 0 1 -1.91705 1.47365 -1.90868</i>
                        <i>1 0 0 0 1 0 0 0 1 -1.91705 1.47427 -1.90868</i>
                        <i>1 0 0 0 1 0 0 0 1 -1.91705 1.47484 -1.90868</i>
                        <i>1 0 0 0 1 0 0 0 1 -1.91705 1.47534 -1.90868</i>
                        <i>1 0 0 0 1 0 0 0 1 -1.91705 1.47576 -1.90868</i>
                        <i>1 0 0 0 1 0 0 0 1 -1.91705 1.47608 -1.90868</i>
                        <i>1 0 0 0 1 0 0 0 1 -1.91705 1.47628 -1.90868</i>
                        <i>1 0 0 0 1 0 0 0 1 -1.91705 1.47635 -1.90868</i>
                        <i>1 0 0 0 1 0 0 0 1 -1.91705 1.47616 -1.90868</i>
                        <i>1 0 0 0 1 0 0 0 1 -1.91705 1.47565 -1.90868</i>
                        <i>1 0 0 0 1 0 0 0 1 -1.91705 1.47489 -1.90868</i>
                        <i>1 0 0 0 1 0 0 0 1 -1.91705 1.47394 -1.90868</i>
                        <i>1 0 0 0 1 0 0 0 1 -1.91705 1.47288 -1.90868</i>
                        <i>1 0 0 0 1 0 0 0 1 -1.91705 1.47179 -1.90868</i>
                        <i>1 0 0 0 1 0 0 0 1 -1.91705 1.47073 -1.90868</i>
                        <i>1 0 0 0 1 0 0 0 1 -1.91705 1.46979 -1.90868</i>
                        <i>1 0 0 0 1 0 0 0 1 -1.91705 1.46902 -1.90868</i>
                        <i>1 0 0 0 1 0 0 0 1 -1.91705 1.46851 -1.90868</i>
                        <i>1 0 0 0 1 0 0 0 1 -1.91705 1.46832 -1.90868</i>
                    </KeyFrames>
                </p>
            </i>
            <i>
                <p>
                    <Name>
                        <![CDATA[spine0]]>
</Name>
                    <Exclude>0</Exclude>
                    <Additive>0</Additive>
                    <IKPriority>0</IKPriority>
                    <IKRotLimits>-1e+010 -1e+010 -1e+010 1e+010 1e+010 1e+010</IKRotLimits>
                    <IKRotLimitOrder>0</IKRotLimitOrder>
                    <KeyFrames count="30">
                        <i>-0.0333484 0.97671 0.211955 -0.998234 -0.0221183 -0.0551362 -0.049164 -0.213419 0.975723 -1.93013 1.6052 -1.95097</i>
                        <i>-0.0334002 0.976736 0.211829 -0.998232 -0.0221771 -0.0551388 -0.0491583 -0.213297 0.97575 -1.93013 1.60527 -1.95097</i>
                        <i>-0.033546 0.976807 0.211477 -0.998228 -0.0223425 -0.0551464 -0.0491425 -0.212952 0.975826 -1.93013 1.60548 -1.95097</i>
                        <i>-0.033771 0.976917 0.210934 -0.998222 -0.0225979 -0.0551581 -0.0491182 -0.212422 0.975943 -1.93013 1.6058 -1.95097</i>
                        <i>-0.0340607 0.977057 0.210237 -0.998214 -0.0229264 -0.0551731 -0.0490872 -0.211741 0.976092 -1.93013 1.60622 -1.95097</i>
                        <i>-0.0344003 0.97722 0.209422 -0.998204 -0.0233114 -0.0551907 -0.0490515 -0.210945 0.976267 -1.93013 1.60672 -1.95097</i>
                        <i>-0.0347752 0.977399 0.208525 -0.998193 -0.0237361 -0.05521 -0.0490126 -0.210068 0.976457 -1.93013 1.60728 -1.95097</i>
                        <i>-0.0351709 0.977585 0.207582 -0.998181 -0.0241841 -0.0552305 -0.0489723 -0.209147 0.976657 -1.93013 1.6079 -1.95097</i>
                        <i>-0.0355729 0.977773 0.206627 -0.998168 -0.024639 -0.0552512 -0.048932 -0.208214 0.976858 -1.93013 1.60855 -1.95097</i>
                        <i>-0.0359669 0.977955 0.205695 -0.998156 -0.0250845 -0.0552715 -0.0488933 -0.207304 0.977054 -1.93013 1.60922 -1.95097</i>
                        <i>-0.0363387 0.978125 0.204819 -0.998145 -0.0255046 -0.0552906 -0.0488573 -0.206448 0.977237 -1.93013 1.60988 -1.95097</i>
                        <i>-0.0366742 0.978277 0.20403 -0.998134 -0.0258835 -0.0553079 -0.0488254 -0.205678 0.977401 -1.93013 1.61053 -1.95097</i>
                        <i>-0.0369594 0.978406 0.203362 -0.998125 -0.0262055 -0.0553225 -0.0487987 -0.205026 0.977539 -1.93013 1.61115 -1.95097</i>
                        <i>-0.0371804 0.978505 0.202846 -0.998117 -0.0264548 -0.0553339 -0.0487782 -0.204521 0.977646 -1.93013 1.61172 -1.95097</i>
                        <i>-0.0373232 0.978568 0.202513 -0.998113 -0.0266159 -0.0553412 -0.0487651 -0.204196 0.977715 -1.93013 1.61222 -1.95097</i>
                        <i>-0.037374 0.978591 0.202394 -0.998111 -0.0266731 -0.0553438 -0.0487604 -0.20408 0.977739 -1.93013 1.61264 -1.95097</i>
                        <i>-0.0373159 0.978565 0.20253 -0.998113 -0.0266077 -0.0553408 -0.0487657 -0.204213 0.977711 -1.93013 1.61296 -1.95097</i>
                        <i>-0.0371533 0.978492 0.202909 -0.998118 -0.0264242 -0.0553325 -0.0487807 -0.204583 0.977633 -1.93013 1.61316 -1.95097</i>
                        <i>-0.0369032 0.978381 0.203494 -0.998126 -0.0261421 -0.0553196 -0.0488039 -0.205154 0.977512 -1.93013 1.61323 -1.95097</i>
                        <i>-0.0365829 0.978236 0.204245 -0.998137 -0.0257804 -0.0553032 -0.0488341 -0.205887 0.977356 -1.93013 1.61305 -1.95097</i>
                        <i>-0.0362094 0.978066 0.205123 -0.998149 -0.0253585 -0.055284 -0.0488698 -0.206745 0.977174 -1.93013 1.61253 -1.95097</i>
                        <i>-0.0358 0.977878 0.20609 -0.998161 -0.0248958 -0.0552629 -0.0489096 -0.207689 0.976971 -1.93013 1.61177 -1.95097</i>
                        <i>-0.035372 0.977679 0.207104 -0.998175 -0.0244117 -0.0552408 -0.0489521 -0.20868 0.976758 -1.93013 1.61082 -1.95097</i>
                        <i>-0.0349431 0.977478 0.208125 -0.998188 -0.0239263 -0.0552187 -0.0489954 -0.209677 0.976542 -1.93013 1.60976 -1.95097</i>
                        <i>-0.0345309 0.977282 0.209109 -0.9982 -0.0234594 -0.0551974 -0.0490379 -0.210639 0.976333 -1.93013 1.60867 -1.95097</i>
                        <i>-0.0341533 0.977102 0.210015 -0.998211 -0.0230314 -0.0551779 -0.0490774 -0.211524 0.97614 -1.93013 1.60762 -1.95097</i>
                        <i>-0.0338282 0.976944 0.210797 -0.99822 -0.0226627 -0.055161 -0.049112 -0.212288 0.975972 -1.93013 1.60667 -1.95097</i>
                        <i>-0.0335736 0.976821 0.211411 -0.998227 -0.0223739 -0.0551478 -0.0491395 -0.212887 0.97584 -1.93013 1.6059 -1.95097</i>
                        <i>-0.0334077 0.976739 0.211811 -0.998232 -0.0221856 -0.0551392 -0.0491575 -0.213279 0.975754 -1.93013 1.60539 -1.95097</i>
                        <i>-0.0333484 0.97671 0.211955 -0.998234 -0.0221183 -0.0551362 -0.049164 -0.213419 0.975723 -1.93013 1.6052 -1.95097</i>
                    </KeyFrames>
                </p>
            </i>
            <i>
                <p>
                    <Name>
                        <![CDATA[spine1]]>
</Name>
                    <Exclude>0</Exclude>
                    <Additive>0</Additive>
                    <IKPriority>0</IKPriority>
                    <IKRotLimits>-1e+010 -1e+010 -1e+010 1e+010 1e+010 1e+010</IKRotLimits>
                    <IKRotLimitOrder>0</IKRotLimitOrder>
                    <KeyFrames count="30">
                        <i>0.0484587 0.762801 0.644815 -0.99121 -0.042841 0.125171 0.123105 -0.645213 0.75402 -1.9363 1.78604 -1.91181</i>
                        <i>0.0484378 0.762853 0.644755 -0.991205 -0.0428787 0.125198 0.123154 -0.645149 0.754066 -1.93631 1.78613 -1.91183</i>
                        <i>0.0483789 0.762999 0.644587 -0.991191 -0.0429846 0.125274 0.123291 -0.644969 0.754198 -1.93634 1.78637 -1.91189</i>
                        <i>0.0482877 0.763226 0.644325 -0.991169 -0.043148 0.125392 0.123503 -0.64469 0.754402 -1.93639 1.78675 -1.91198</i>
                        <i>0.0481698 0.763518 0.643987 -0.99114 -0.043358 0.125542 0.123776 -0.644329 0.754665 -1.93644 1.78725 -1.9121</i>
                        <i>0.0480308 0.763862 0.643589 -0.991107 -0.0436038 0.125718 0.124094 -0.643904 0.754975 -1.93651 1.78785 -1.91223</i>
                        <i>0.0478764 0.764244 0.643147 -0.991071 -0.0438746 0.125912 0.124445 -0.643433 0.75532 -1.93658 1.78852 -1.91239</i>
                        <i>0.0477123 0.764649 0.642678 -0.991032 -0.0441598 0.126115 0.124814 -0.642932 0.755685 -1.93665 1.78925 -1.91255</i>
                        <i>0.0475444 0.765063 0.642198 -0.990993 -0.0444491 0.12632 0.125188 -0.642419 0.756059 -1.93673 1.79001 -1.91271</i>
                        <i>0.0473787 0.765471 0.641724 -0.990955 -0.0447319 0.12652 0.125553 -0.641914 0.756428 -1.93681 1.79079 -1.91286</i>
                        <i>0.0472212 0.765857 0.641274 -0.990919 -0.0449984 0.126708 0.125897 -0.641434 0.756777 -1.93688 1.79156 -1.91301</i>
                        <i>0.0470782 0.766208 0.640866 -0.990886 -0.0452384 0.126877 0.126206 -0.640999 0.757095 -1.93694 1.7923 -1.91314</i>
                        <i>0.0469559 0.766507 0.640517 -0.990859 -0.0454421 0.12702 0.126468 -0.640626 0.757366 -1.937 1.793 -1.91326</i>
                        <i>0.0468608 0.766739 0.640246 -0.990837 -0.0455997 0.12713 0.126671 -0.640337 0.757577 -1.93704 1.79363 -1.91334</i>
                        <i>0.0467991 0.76689 0.64007 -0.990824 -0.0457016 0.127201 0.126802 -0.640149 0.757714 -1.93707 1.79417 -1.9134</i>
                        <i>0.0467771 0.766944 0.640007 -0.990819 -0.0457377 0.127226 0.126848 -0.640083 0.757762 -1.93708 1.7946 -1.91342</i>
                        <i>0.0468022 0.766882 0.640079 -0.990824 -0.0456964 0.127198 0.126795 -0.640159 0.757707 -1.93707 1.79491 -1.9134</i>
                        <i>0.0468725 0.766711 0.640279 -0.99084 -0.0455804 0.127117 0.126646 -0.640373 0.757551 -1.93704 1.79506 -1.91333</i>
                        <i>0.0469801 0.766448 0.640586 -0.990864 -0.045402 0.126992 0.126416 -0.6407 0.757313 -1.93699 1.79507 -1.91324</i>
                        <i>0.0471172 0.766112 0.640978 -0.990895 -0.0451731 0.126831 0.126122 -0.641117 0.757008 -1.93693 1.79479 -1.91311</i>
                        <i>0.0472761 0.765723 0.641431 -0.990931 -0.0449057 0.126643 0.125777 -0.641601 0.756656 -1.93685 1.79417 -1.91296</i>
                        <i>0.0474491 0.765298 0.641925 -0.990971 -0.0446121 0.126436 0.125399 -0.642129 0.756271 -1.93678 1.79329 -1.9128</i>
                        <i>0.0476285 0.764856 0.642438 -0.991013 -0.0443046 0.126218 0.125001 -0.642676 0.755872 -1.93669 1.79222 -1.91263</i>
                        <i>0.0478069 0.764416 0.642948 -0.991054 -0.0439957 0.125998 0.124602 -0.64322 0.755475 -1.93661 1.79105 -1.91245</i>
                        <i>0.0479772 0.763995 0.643436 -0.991095 -0.0436982 0.125786 0.124217 -0.64374 0.755095 -1.93653 1.78984 -1.91229</i>
                        <i>0.048132 0.763612 0.643879 -0.991131 -0.043425 0.12559 0.123863 -0.644214 0.75475 -1.93646 1.78868 -1.91213</i>
                        <i>0.0482645 0.763283 0.644259 -0.991163 -0.0431894 0.125421 0.123557 -0.644619 0.754454 -1.9364 1.78764 -1.912</i>
                        <i>0.0483677 0.763027 0.644554 -0.991188 -0.0430047 0.125289 0.123317 -0.644935 0.754223 -1.93635 1.7868 -1.9119</i>
                        <i>0.0484348 0.76286 0.644747 -0.991204 -0.0428841 0.125202 0.123161 -0.64514 0.754073 -1.93632 1.78624 -1.91183</i>
                        <i>0.0484587 0.762801 0.644815 -0.99121 -0.042841 0.125171 0.123105 -0.645213 0.75402 -1.9363 1.78604 -1.91181</i>
                    </KeyFrames>
                </p>
            </i>
            <i>
                <p>
                    <Name>
                        <![CDATA[spine2]]>
</Name>
                    <Exclude>0</Exclude>
                    <Additive>0</Additive>
                    <IKPriority>0</IKPriority>
                    <IKRotLimits>-1e+010 -1e+010 -1e+010 1e+010 1e+010 1e+010</IKRotLimits>
                    <IKRotLimitOrder>0</IKRotLimitOrder>
                    <KeyFrames count="30">
                        <i>0.039269 0.501404 0.864322 -0.95586 -0.233219 0.178721 0.291187 -0.833188 0.470114 -1.92783 1.91559 -1.80189</i>
                        <i>0.039364 0.50115 0.864465 -0.955851 -0.233239 0.178739 0.291202 -0.833336 0.469843 -1.92785 1.91569 -1.80192</i>
                        <i>0.0396315 0.500433 0.864868 -0.955828 -0.233296 0.178791 0.291243 -0.83375 0.469082 -1.92788 1.91598 -1.80199</i>
                        <i>0.0400449 0.499326 0.865488 -0.955791 -0.233385 0.17887 0.291307 -0.834389 0.467905 -1.92794 1.91643 -1.8021</i>
                        <i>0.0405777 0.497898 0.866286 -0.955744 -0.2335 0.178972 0.291387 -0.83521 0.466388 -1.92801 1.91702 -1.80224</i>
                        <i>0.0412034 0.496219 0.867219 -0.955689 -0.233635 0.179092 0.291481 -0.836171 0.464605 -1.9281 1.91772 -1.80241</i>
                        <i>0.0418955 0.494361 0.868246 -0.955628 -0.233784 0.179224 0.291583 -0.837229 0.462631 -1.92819 1.91851 -1.80259</i>
                        <i>0.0426274 0.492395 0.869327 -0.955563 -0.233942 0.179363 0.291689 -0.838342 0.460542 -1.92829 1.91936 -1.80278</i>
                        <i>0.0433726 0.490391 0.870422 -0.955497 -0.234103 0.179504 0.291796 -0.839471 0.458414 -1.92839 1.92025 -1.80298</i>
                        <i>0.0441046 0.488422 0.871492 -0.955432 -0.234262 0.179643 0.291899 -0.840575 0.456321 -1.92849 1.92115 -1.80317</i>
                        <i>0.0447967 0.486557 0.872499 -0.95537 -0.234412 0.179774 0.291995 -0.841613 0.454341 -1.92859 1.92204 -1.80335</i>
                        <i>0.0454226 0.48487 0.873406 -0.955315 -0.234548 0.179892 0.29208 -0.842548 0.45255 -1.92868 1.92289 -1.80351</i>
                        <i>0.0459555 0.483433 0.874174 -0.955267 -0.234664 0.179992 0.292152 -0.843342 0.451023 -1.92875 1.92367 -1.80365</i>
                        <i>0.046369 0.482317 0.874769 -0.95523 -0.234755 0.18007 0.292207 -0.843955 0.449838 -1.92881 1.92437 -1.80375</i>
                        <i>0.0466366 0.481594 0.875152 -0.955207 -0.234813 0.18012 0.292242 -0.844352 0.449071 -1.92884 1.92496 -1.80382</i>
                        <i>0.0467317 0.481338 0.875289 -0.955198 -0.234834 0.180138 0.292254 -0.844492 0.448799 -1.92886 1.92541 -1.80385</i>
                        <i>0.0466229 0.481631 0.875133 -0.955208 -0.23481 0.180117 0.29224 -0.844331 0.449111 -1.92884 1.9257 -1.80382</i>
                        <i>0.0463183 0.482454 0.874696 -0.955235 -0.234744 0.18006 0.2922 -0.84388 0.449984 -1.9288 1.9258 -1.80374</i>
                        <i>0.0458505 0.483716 0.874023 -0.955277 -0.234642 0.179972 0.292138 -0.843186 0.451324 -1.92873 1.92572 -1.80362</i>
                        <i>0.0452521 0.48533 0.873159 -0.95533 -0.234511 0.17986 0.292057 -0.842294 0.453038 -1.92865 1.92534 -1.80347</i>
                        <i>0.0445558 0.487206 0.872149 -0.955392 -0.23436 0.179728 0.291962 -0.841252 0.455031 -1.92856 1.92461 -1.80329</i>
                        <i>0.0437942 0.489257 0.871039 -0.955459 -0.234195 0.179584 0.291855 -0.840107 0.457209 -1.92845 1.9236 -1.80309</i>
                        <i>0.043 0.491394 0.869876 -0.95553 -0.234022 0.179434 0.291743 -0.838908 0.459478 -1.92834 1.9224 -1.80288</i>
                        <i>0.0422059 0.493528 0.868705 -0.9556 -0.233851 0.179283 0.291628 -0.837702 0.461745 -1.92824 1.92109 -1.80267</i>
                        <i>0.0414444 0.495573 0.867577 -0.955667 -0.233686 0.179138 0.291517 -0.83654 0.463918 -1.92813 1.91975 -1.80247</i>
                        <i>0.0407482 0.497441 0.866541 -0.955729 -0.233536 0.179005 0.291413 -0.835472 0.465902 -1.92804 1.91847 -1.80229</i>
                        <i>0.0401499 0.499044 0.865646 -0.955782 -0.233408 0.17889 0.291323 -0.834551 0.467606 -1.92795 1.91734 -1.80213</i>
                        <i>0.0396822 0.500297 0.864944 -0.955823 -0.233307 0.1788 0.291251 -0.833829 0.468938 -1.92789 1.91642 -1.802</i>
                        <i>0.0393777 0.501113 0.864485 -0.95585 -0.233242 0.178742 0.291204 -0.833357 0.469804 -1.92785 1.91581 -1.80192</i>
                        <i>0.039269 0.501404 0.864322 -0.95586 -0.233219 0.178721 0.291187 -0.833188 0.470114 -1.92783 1.91559 -1.80189</i>
                    </KeyFrames>
                </p>
            </i>
            <i>
                <p>
                    <Name>
                        <![CDATA[head]]>
</Name>
                    <Exclude>0</Exclude>
                    <Additive>0</Additive>
                    <IKPriority>0</IKPriority>
                    <IKRotLimits>-1e+010 -1e+010 -1e+010 1e+010 1e+010 1e+010</IKRotLimits>
                    <IKRotLimitOrder>0</IKRotLimitOrder>
                    <KeyFrames count="30">
                        <i>-0.00932389 0.902708 0.430153 -0.463901 0.377174 -0.801584 -0.885838 -0.207022 0.41525 -1.92643 2.05385 -1.57587</i>
                        <i>-0.00919456 0.902488 0.430617 -0.463988 0.37762 -0.801323 -0.885794 -0.207169 0.415271 -1.92641 2.05387 -1.57584</i>
                        <i>-0.0088303 0.901867 0.431924 -0.464234 0.378874 -0.800588 -0.885669 -0.207583 0.415331 -1.92635 2.05392 -1.57574</i>
                        <i>-0.00826658 0.900904 0.433941 -0.464612 0.38081 -0.79945 -0.885476 -0.208223 0.415423 -1.92626 2.05399 -1.57559</i>
                        <i>-0.00753866 0.899655 0.436536 -0.465098 0.383301 -0.797975 -0.885227 -0.209048 0.415538 -1.92615 2.0541 -1.57539</i>
                        <i>-0.00668189 0.898179 0.439579 -0.465666 0.386221 -0.796234 -0.884935 -0.210017 0.415671 -1.92601 2.05423 -1.57516</i>
                        <i>-0.0057318 0.896534 0.442937 -0.466291 0.389445 -0.794296 -0.884613 -0.21109 0.415813 -1.92586 2.05439 -1.57491</i>
                        <i>-0.0047242 0.894781 0.446481 -0.466947 0.392846 -0.792233 -0.884273 -0.212225 0.415959 -1.9257 2.05457 -1.57465</i>
                        <i>-0.00369532 0.89298 0.45008 -0.467611 0.396301 -0.790118 -0.883927 -0.213382 0.416103 -1.92554 2.05477 -1.57439</i>
                        <i>-0.00268182 0.891197 0.453608 -0.468258 0.399686 -0.788026 -0.883588 -0.214519 0.416239 -1.92538 2.055 -1.57413</i>
                        <i>-0.00172082 0.889498 0.456936 -0.468867 0.40288 -0.786035 -0.883267 -0.215595 0.416363 -1.92522 2.05526 -1.57389</i>
                        <i>-0.000849699 0.88795 0.459938 -0.469414 0.405762 -0.784225 -0.882978 -0.216568 0.416471 -1.92509 2.05553 -1.57367</i>
                        <i>-0.000106241 0.886624 0.462491 -0.469877 0.408211 -0.782674 -0.882732 -0.217397 0.416561 -1.92497 2.05583 -1.57348</i>
                        <i>0.000471714 0.88559 0.464468 -0.470235 0.410109 -0.781467 -0.882541 -0.21804 0.416629 -1.92488 2.05615 -1.57334</i>
                        <i>0.000846144 0.884918 0.465746 -0.470466 0.411335 -0.780683 -0.882418 -0.218457 0.416672 -1.92482 2.05649 -1.57325</i>
                        <i>0.000979289 0.884679 0.4662 -0.470548 0.411771 -0.780404 -0.882374 -0.218605 0.416687 -1.9248 2.05685 -1.57322</i>
                        <i>0.000826933 0.884952 0.465681 -0.470454 0.411272 -0.780723 -0.882424 -0.218436 0.416669 -1.92482 2.05723 -1.57325</i>
                        <i>0.000400716 0.885717 0.464226 -0.470191 0.409876 -0.781615 -0.882565 -0.217961 0.41662 -1.92489 2.05762 -1.57336</i>
                        <i>-0.000252897 0.886886 0.461988 -0.469786 0.407729 -0.782981 -0.88278 -0.217233 0.416543 -1.92499 2.05797 -1.57352</i>
                        <i>-0.00108724 0.888373 0.459121 -0.469265 0.404977 -0.784719 -0.883057 -0.216303 0.416442 -1.92512 2.05815 -1.57373</i>
                        <i>-0.00205565 0.890091 0.455778 -0.468655 0.401769 -0.78673 -0.883379 -0.21522 0.41632 -1.92528 2.05805 -1.57397</i>
                        <i>-0.00311193 0.891955 0.452113 -0.467984 0.398251 -0.788915 -0.883731 -0.214037 0.416182 -1.92544 2.05774 -1.57424</i>
                        <i>-0.00421011 0.893882 0.448282 -0.467279 0.394574 -0.791177 -0.8841 -0.212804 0.416032 -1.92562 2.05726 -1.57452</i>
                        <i>-0.0053049 0.895793 0.444441 -0.466569 0.390888 -0.793423 -0.884469 -0.211571 0.415876 -1.92579 2.05668 -1.5748</i>
                        <i>-0.00635144 0.897608 0.440749 -0.465884 0.387344 -0.795561 -0.884823 -0.210391 0.415721 -1.92596 2.05604 -1.57508</i>
                        <i>-0.00730546 0.899254 0.437366 -0.465253 0.384097 -0.797502 -0.885148 -0.209312 0.415575 -1.92611 2.0554 -1.57533</i>
                        <i>-0.00812321 0.900658 0.434453 -0.464708 0.381301 -0.799159 -0.885427 -0.208385 0.415446 -1.92624 2.0548 -1.57555</i>
                        <i>-0.00876115 0.901749 0.432171 -0.46428 0.379112 -0.800449 -0.885645 -0.207661 0.415343 -1.92634 2.05431 -1.57572</i>
                        <i>-0.00917588 0.902456 0.430684 -0.464001 0.377684 -0.801285 -0.885787 -0.20719 0.415274 -1.92641 2.05398 -1.57583</i>
                        <i>-0.00932389 0.902708 0.430153 -0.463901 0.377174 -0.801584 -0.885838 -0.207022 0.41525 -1.92643 2.05385 -1.57587</i>
                    </KeyFrames>
                </p>
            </i>
            <i>
                <p>
                    <Name>
                        <![CDATA[head_prop]]>
</Name>
                    <Exclude>0</Exclude>
                    <Additive>0</Additive>
                    <IKPriority>0</IKPriority>
                    <IKRotLimits>-1e+010 -1e+010 -1e+010 1e+010 1e+010 1e+010</IKRotLimits>
                    <IKRotLimitOrder>0</IKRotLimitOrder>
                    <KeyFrames count="30">
                        <i>0.885838 0.207022 -0.41525 -0.00932389 0.902708 0.430153 0.463901 -0.377174 0.801584 -1.92947 2.34805 -1.43568</i>
                        <i>0.885794 0.207169 -0.415271 -0.00919456 0.902488 0.430617 0.463988 -0.37762 0.801323 -1.92941 2.348 -1.43549</i>
                        <i>0.885669 0.207583 -0.415331 -0.0088303 0.901867 0.431924 0.464234 -0.378874 0.800588 -1.92923 2.34784 -1.43497</i>
                        <i>0.885476 0.208223 -0.415423 -0.00826658 0.900904 0.433941 0.464612 -0.38081 0.79945 -1.92896 2.3476 -1.43416</i>
                        <i>0.885227 0.209048 -0.415538 -0.00753866 0.899655 0.436536 0.465098 -0.383301 0.797975 -1.9286 2.3473 -1.43312</i>
                        <i>0.884935 0.210017 -0.415671 -0.00668189 0.898179 0.439579 0.465666 -0.386221 0.796234 -1.92819 2.34695 -1.4319</i>
                        <i>0.884613 0.21109 -0.415813 -0.0057318 0.896534 0.442937 0.466291 -0.389445 0.794296 -1.92773 2.34657 -1.43056</i>
                        <i>0.884273 0.212225 -0.415959 -0.0047242 0.894781 0.446481 0.466947 -0.392846 0.792233 -1.92724 2.34619 -1.42914</i>
                        <i>0.883927 0.213382 -0.416103 -0.00369532 0.89298 0.45008 0.467611 -0.396301 0.790118 -1.92674 2.34581 -1.4277</i>
                        <i>0.883588 0.214519 -0.416239 -0.00268182 0.891197 0.453608 0.468258 -0.399686 0.788026 -1.92625 2.34545 -1.42629</i>
                        <i>0.883267 0.215595 -0.416363 -0.00172082 0.889498 0.456936 0.468867 -0.40288 0.786035 -1.92578 2.34515 -1.42497</i>
                        <i>0.882978 0.216568 -0.416471 -0.000849699 0.88795 0.459938 0.469414 -0.405762 0.784225 -1.92536 2.34492 -1.42377</i>
                        <i>0.882732 0.217397 -0.416561 -0.000106241 0.886624 0.462491 0.469877 -0.408211 0.782674 -1.925 2.34479 -1.42275</i>
                        <i>0.882541 0.21804 -0.416629 0.000471714 0.88559 0.464468 0.470235 -0.410109 0.781467 -1.92473 2.34477 -1.42197</i>
                        <i>0.882418 0.218457 -0.416672 0.000846144 0.884918 0.465746 0.470466 -0.411335 0.780683 -1.92455 2.34489 -1.42146</i>
                        <i>0.882374 0.218605 -0.416687 0.000979289 0.884679 0.4662 0.470548 -0.411771 0.780404 -1.92448 2.34517 -1.42128</i>
                        <i>0.882424 0.218436 -0.416669 0.000826933 0.884952 0.465681 0.470454 -0.411272 0.780723 -1.92455 2.34565 -1.42148</i>
                        <i>0.882565 0.217961 -0.41662 0.000400716 0.885717 0.464226 0.470191 -0.409876 0.781615 -1.92476 2.34628 -1.42206</i>
                        <i>0.88278 0.217233 -0.416543 -0.000252897 0.886886 0.461988 0.469786 -0.407729 0.782981 -1.92508 2.34702 -1.42295</i>
                        <i>0.883057 0.216303 -0.416442 -0.00108724 0.888373 0.459121 0.469265 -0.404977 0.784719 -1.92548 2.34768 -1.4241</i>
                        <i>0.883379 0.21522 -0.41632 -0.00205565 0.890091 0.455778 0.468655 -0.401769 0.78673 -1.92595 2.34814 -1.42543</i>
                        <i>0.883731 0.214037 -0.416182 -0.00311193 0.891955 0.452113 0.467984 -0.398251 0.788915 -1.92646 2.34844 -1.42689</i>
                        <i>0.8841 0.212804 -0.416032 -0.00421011 0.893882 0.448282 0.467279 -0.394574 0.791177 -1.92699 2.34859 -1.42842</i>
                        <i>0.884469 0.211571 -0.415876 -0.0053049 0.895793 0.444441 0.466569 -0.390888 0.793423 -1.92752 2.34863 -1.42996</i>
                        <i>0.884823 0.210391 -0.415721 -0.00635144 0.897608 0.440749 0.465884 -0.387344 0.795561 -1.92803 2.34858 -1.43143</i>
                        <i>0.885148 0.209312 -0.415575 -0.00730546 0.899254 0.437366 0.465253 -0.384097 0.797502 -1.92849 2.34847 -1.43279</i>
                        <i>0.885427 0.208385 -0.415446 -0.00812321 0.900658 0.434453 0.464708 -0.381301 0.799159 -1.92889 2.34833 -1.43396</i>
                        <i>0.885645 0.207661 -0.415343 -0.00876115 0.901749 0.432171 0.46428 -0.379112 0.800449 -1.9292 2.3482 -1.43487</i>
                        <i>0.885787 0.20719 -0.415274 -0.00917588 0.902456 0.430684 0.464001 -0.377684 0.801285 -1.9294 2.34809 -1.43547</i>
                        <i>0.885838 0.207022 -0.41525 -0.00932389 0.902708 0.430153 0.463901 -0.377174 0.801584 -1.92947 2.34805 -1.43568</i>
                    </KeyFrames>
                </p>
            </i>
            <i>
                <p>
                    <Name>
                        <![CDATA[l_clav]]>
</Name>
                    <Exclude>0</Exclude>
                    <Additive>0</Additive>
                    <IKPriority>0</IKPriority>
                    <IKRotLimits>-1e+010 -1e+010 -1e+010 1e+010 1e+010 1e+010</IKRotLimits>
                    <IKRotLimitOrder>0</IKRotLimitOrder>
                    <KeyFrames count="30">
                        <i>0.673439 0.73898 0.0197194 -0.495643 0.431571 0.753713 0.548469 -0.517354 0.656907 -1.83011 1.94703 -1.74057</i>
                        <i>0.673125 0.739243 0.0205828 -0.496053 0.430694 0.753945 0.548483 -0.517709 0.656615 -1.83012 1.94713 -1.7406</i>
                        <i>0.672234 0.73998 0.0230212 -0.497214 0.428217 0.754592 0.548525 -0.518709 0.655791 -1.83015 1.94739 -1.7407</i>
                        <i>0.670846 0.741112 0.0268074 -0.499016 0.424373 0.755573 0.548588 -0.52025 0.654516 -1.83019 1.94781 -1.74084</i>
                        <i>0.669035 0.742554 0.0317152 -0.501353 0.419392 0.756806 0.548668 -0.522231 0.65287 -1.83026 1.94835 -1.74103</i>
                        <i>0.66688 0.74422 0.0375181 -0.504117 0.413505 0.758208 0.54876 -0.524547 0.650932 -1.83033 1.94899 -1.74125</i>
                        <i>0.664456 0.746032 0.043988 -0.5072 0.406945 0.7597 0.548859 -0.527098 0.648784 -1.83041 1.94972 -1.74149</i>
                        <i>0.661843 0.747913 0.0508955 -0.510495 0.399947 0.761208 0.548962 -0.529782 0.646508 -1.83049 1.95051 -1.74175</i>
                        <i>0.65912 0.749797 0.0580093 -0.513898 0.392745 0.762666 0.549062 -0.5325 0.644185 -1.83058 1.95133 -1.74201</i>
                        <i>0.656371 0.751625 0.0650957 -0.517306 0.385578 0.764018 0.549156 -0.535154 0.641902 -1.83067 1.95217 -1.74226</i>
                        <i>0.653678 0.753347 0.0719196 -0.520617 0.378686 0.765215 0.549238 -0.537647 0.639744 -1.83075 1.953 -1.7425</i>
                        <i>0.65113 0.754922 0.0782441 -0.523732 0.37231 0.766218 0.549304 -0.539887 0.637799 -1.83082 1.9538 -1.74272</i>
                        <i>0.648813 0.756316 0.0838317 -0.526552 0.366693 0.766994 0.549349 -0.541778 0.636155 -1.83088 1.95454 -1.7429</i>
                        <i>0.646819 0.757498 0.0884439 -0.528981 0.362077 0.767515 0.549368 -0.543228 0.6349 -1.83093 1.95521 -1.74304</i>
                        <i>0.645236 0.758443 0.0918424 -0.530922 0.358706 0.767758 0.549356 -0.544146 0.634124 -1.83096 1.95577 -1.74314</i>
                        <i>0.644158 0.759121 0.0937896 -0.532281 0.356822 0.767695 0.549307 -0.544439 0.633915 -1.83097 1.95622 -1.74317</i>
                        <i>0.64367 0.759504 0.0940339 -0.532966 0.356685 0.767282 0.549214 -0.543994 0.634378 -1.83096 1.95651 -1.74313</i>
                        <i>0.644057 0.7594 0.092208 -0.532614 0.358631 0.76662 0.549103 -0.542858 0.635446 -1.83092 1.95664 -1.74303</i>
                        <i>0.645411 0.758713 0.088315 -0.53108 0.362632 0.765802 0.548998 -0.54116 0.636984 -1.83087 1.9566 -1.74287</i>
                        <i>0.647552 0.757515 0.0827448 -0.528569 0.368296 0.764835 0.548899 -0.539007 0.638891 -1.8308 1.95627 -1.74266</i>
                        <i>0.650296 0.755881 0.0758868 -0.525285 0.375236 0.763724 0.548809 -0.536509 0.641067 -1.83072 1.95559 -1.74242</i>
                        <i>0.653459 0.75389 0.06813 -0.521429 0.38306 0.762481 0.548728 -0.533775 0.643414 -1.83063 1.95464 -1.74215</i>
                        <i>0.656863 0.75163 0.0598618 -0.517209 0.39138 0.761128 0.548658 -0.530918 0.645833 -1.83054 1.95351 -1.74188</i>
                        <i>0.660332 0.749208 0.0514675 -0.512835 0.39981 0.759705 0.5486 -0.528052 0.648228 -1.83044 1.95227 -1.7416</i>
                        <i>0.663698 0.746745 0.0433301 -0.508522 0.407969 0.758266 0.548554 -0.525293 0.650504 -1.83036 1.951 -1.74133</i>
                        <i>0.666798 0.744377 0.0358297 -0.504488 0.415478 0.756881 0.548519 -0.522762 0.652569 -1.83028 1.94979 -1.74109</i>
                        <i>0.669474 0.742255 0.0293436 -0.500957 0.421964 0.755638 0.548494 -0.52058 0.654332 -1.83021 1.9487 -1.74088</i>
                        <i>0.671575 0.74054 0.024247 -0.498155 0.427054 0.75463 0.548479 -0.518869 0.655703 -1.83015 1.94783 -1.74071</i>
                        <i>0.672947 0.739395 0.020914 -0.496308 0.43038 0.753957 0.548471 -0.517753 0.656591 -1.83012 1.94725 -1.74061</i>
                        <i>0.673439 0.73898 0.0197194 -0.495643 0.431571 0.753713 0.548469 -0.517354 0.656907 -1.83011 1.94703 -1.74057</i>
                    </KeyFrames>
                </p>
            </i>
            <i>
                <p>
                    <Name>
                        <![CDATA[l_shoulder]]>
</Name>
                    <Exclude>0</Exclude>
                    <Additive>0</Additive>
                    <IKPriority>0</IKPriority>
                    <IKRotLimits>-1e+010 -1e+010 -1e+010 1e+010 1e+010 1e+010</IKRotLimits>
                    <IKRotLimitOrder>0</IKRotLimitOrder>
                    <KeyFrames count="30">
                        <i>0.804222 -0.22187 -0.551363 0.587311 0.438832 0.680068 0.0910688 -0.870747 0.483225 -1.69705 2.09304 -1.73667</i>
                        <i>0.804217 -0.222074 -0.551288 0.587372 0.438554 0.680195 0.0907155 -0.870835 0.483132 -1.69712 2.09319 -1.73653</i>
                        <i>0.804203 -0.222653 -0.551074 0.587544 0.437769 0.680552 0.0897164 -0.871082 0.482874 -1.69733 2.0936 -1.73615</i>
                        <i>0.804179 -0.223558 -0.550743 0.587812 0.436554 0.681101 0.0881632 -0.87146 0.482478 -1.69765 2.09423 -1.73555</i>
                        <i>0.804144 -0.22474 -0.550313 0.588159 0.434984 0.681805 0.0861485 -0.871941 0.481973 -1.69807 2.09506 -1.73476</i>
                        <i>0.804096 -0.226149 -0.549805 0.588568 0.433136 0.682628 0.0837646 -0.872496 0.481388 -1.69857 2.09603 -1.73384</i>
                        <i>0.804036 -0.227737 -0.549237 0.589023 0.431087 0.683532 0.0811033 -0.873098 0.480752 -1.69913 2.09712 -1.7328</i>
                        <i>0.803962 -0.229456 -0.54863 0.589509 0.42891 0.684481 0.0782548 -0.87372 0.480094 -1.69973 2.09828 -1.73169</i>
                        <i>0.803873 -0.231261 -0.548003 0.590015 0.426683 0.685438 0.0753082 -0.874334 0.479446 -1.70035 2.09947 -1.73055</i>
                        <i>0.803767 -0.233108 -0.547375 0.590528 0.424477 0.686364 0.0723509 -0.874917 0.478838 -1.70098 2.10067 -1.7294</i>
                        <i>0.803643 -0.234956 -0.546766 0.591043 0.422367 0.687222 0.0694686 -0.875444 0.478302 -1.70159 2.10184 -1.72829</i>
                        <i>0.803499 -0.236766 -0.546196 0.591552 0.420425 0.687975 0.0667456 -0.875891 0.477871 -1.70217 2.10295 -1.72726</i>
                        <i>0.803333 -0.238499 -0.545687 0.592052 0.418722 0.688582 0.0642653 -0.876236 0.477577 -1.70269 2.10397 -1.72634</i>
                        <i>0.803142 -0.240118 -0.545258 0.592541 0.41733 0.689007 0.0621098 -0.876458 0.477455 -1.70313 2.10487 -1.72557</i>
                        <i>0.802923 -0.241587 -0.544931 0.593018 0.416319 0.689208 0.0603616 -0.876536 0.477537 -1.70348 2.10563 -1.72499</i>
                        <i>0.802675 -0.242867 -0.544728 0.593482 0.415758 0.689148 0.0591033 -0.876448 0.477856 -1.7037 2.1062 -1.72464</i>
                        <i>0.802388 -0.243927 -0.544677 0.593936 0.415725 0.688776 0.0584253 -0.876169 0.47845 -1.70379 2.10657 -1.72455</i>
                        <i>0.80213 -0.244657 -0.54473 0.594289 0.416248 0.688155 0.0583814 -0.875717 0.479282 -1.70367 2.10668 -1.72481</i>
                        <i>0.801953 -0.244962 -0.544854 0.594469 0.417284 0.687373 0.0589782 -0.875139 0.480264 -1.70335 2.1065 -1.72542</i>
                        <i>0.801893 -0.244499 -0.545149 0.594399 0.418821 0.686497 0.0604723 -0.874534 0.48118 -1.70286 2.10594 -1.72631</i>
                        <i>0.801969 -0.243085 -0.545669 0.594037 0.42082 0.685588 0.0629728 -0.873968 0.481886 -1.70223 2.10494 -1.72742</i>
                        <i>0.802154 -0.240924 -0.546356 0.593432 0.42316 0.684671 0.066243 -0.873437 0.482411 -1.70152 2.1036 -1.72869</i>
                        <i>0.802419 -0.23822 -0.547152 0.592636 0.425719 0.683774 0.0700442 -0.872935 0.482782 -1.70076 2.10202 -1.73005</i>
                        <i>0.802738 -0.235181 -0.547998 0.591706 0.428371 0.682922 0.0741361 -0.872461 0.483028 -1.69998 2.1003 -1.73143</i>
                        <i>0.803081 -0.232018 -0.548842 0.590706 0.430989 0.68214 0.078276 -0.872018 0.483174 -1.69922 2.09854 -1.73277</i>
                        <i>0.803422 -0.228944 -0.549634 0.589706 0.43344 0.681452 0.0822191 -0.871616 0.483245 -1.69853 2.09686 -1.73401</i>
                        <i>0.803733 -0.226175 -0.550326 0.588783 0.43559 0.680879 0.0857184 -0.871267 0.483266 -1.69793 2.09535 -1.73508</i>
                        <i>0.803987 -0.223928 -0.550873 0.588021 0.437298 0.680443 0.0885256 -0.870992 0.483256 -1.69746 2.09414 -1.73592</i>
                        <i>0.804159 -0.222421 -0.551233 0.587502 0.438426 0.680165 0.0903918 -0.870811 0.483236 -1.69716 2.09333 -1.73647</i>
                        <i>0.804222 -0.22187 -0.551363 0.587311 0.438832 0.680068 0.0910688 -0.870747 0.483225 -1.69705 2.09304 -1.73667</i>
                    </KeyFrames>
                </p>
            </i>
            <i>
                <p>
                    <Name>
                        <![CDATA[l_elbow]]>
</Name>
                    <Exclude>0</Exclude>
                    <Additive>0</Additive>
                    <IKPriority>0</IKPriority>
                    <IKRotLimits>-1e+010 -1e+010 -1e+010 1e+010 1e+010 1e+010</IKRotLimits>
                    <IKRotLimitOrder>0</IKRotLimitOrder>
                    <KeyFrames count="30">
                        <i>0.101767 -0.875075 0.473168 0.587475 0.436707 0.681293 -0.802818 0.208641 0.558527 -1.43545 2.02087 -1.91602</i>
                        <i>0.101995 -0.875317 0.472671 0.587535 0.436428 0.68142 -0.802745 0.208209 0.558793 -1.43553 2.02095 -1.91586</i>
                        <i>0.102643 -0.875997 0.471267 0.587704 0.435643 0.681776 -0.802538 0.206986 0.559543 -1.43574 2.02117 -1.9154</i>
                        <i>0.103655 -0.877049 0.469085 0.587969 0.434427 0.682324 -0.802215 0.205081 0.560708 -1.43607 2.02152 -1.91469</i>
                        <i>0.104978 -0.878402 0.466251 0.588311 0.432856 0.683027 -0.801792 0.202598 0.562213 -1.4365 2.02196 -1.91377</i>
                        <i>0.106555 -0.879986 0.462895 0.588714 0.431007 0.683849 -0.801288 0.199645 0.563986 -1.43701 2.02247 -1.91268</i>
