<?xml version="1.0" encoding="ISO-8859-1" ?>
<Animl Version="1">
    <ModellingPackage><![CDATA[Maya.2010]]></ModellingPackage>
    <SrcFile><![CDATA[anims\turrets\mortar\blue\~src\mortar_m29\mortar_m29_aim_random_crewman_b.mb]]></SrcFile>
    <FramesPerSecond>30</FramesPerSecond>
    <TotalFrames>80</TotalFrames>
    <Skeleton>
        <RefFrame>
            <Name><![CDATA[soldier_ref_frame]]></Name>
            <Exclude>0</Exclude>
            <Additive>0</Additive>
            <IKPriority>0</IKPriority>
            <IKRotLimits>-1e+010 -1e+010 -1e+010 1e+010 1e+010 1e+010</IKRotLimits>
            <IKRotLimitOrder>0</IKRotLimitOrder>
            <KeyFrames count="80">
                <i>1 0 0 0 1 0 0 0 1 -1.5 0.93 -1.56</i>
                <i>1 0 0 0 1 0 0 0 1 -1.5 0.93 -1.56</i>
                <i>1 0 0 0 1 0 0 0 1 -1.5 0.93 -1.56</i>
                <i>1 0 0 0 1 0 0 0 1 -1.5 0.93 -1.56</i>
                <i>1 0 0 0 1 0 0 0 1 -1.5 0.93 -1.56</i>
                <i>1 0 0 0 1 0 0 0 1 -1.5 0.93 -1.56</i>
                <i>1 0 0 0 1 0 0 0 1 -1.5 0.93 -1.56</i>
                <i>1 0 0 0 1 0 0 0 1 -1.5 0.93 -1.56</i>
                <i>1 0 0 0 1 0 0 0 1 -1.5 0.93 -1.56</i>
                <i>1 0 0 0 1 0 0 0 1 -1.5 0.93 -1.56</i>
                <i>1 0 0 0 1 0 0 0 1 -1.5 0.93 -1.56</i>
                <i>1 0 0 0 1 0 0 0 1 -1.5 0.93 -1.56</i>
                <i>1 0 0 0 1 0 0 0 1 -1.5 0.93 -1.56</i>
                <i>1 0 0 0 1 0 0 0 1 -1.5 0.93 -1.56</i>
                <i>1 0 0 0 1 0 0 0 1 -1.5 0.93 -1.56</i>
                <i>1 0 0 0 1 0 0 0 1 -1.5 0.93 -1.56</i>
                <i>1 0 0 0 1 0 0 0 1 -1.5 0.93 -1.56</i>
                <i>1 0 0 0 1 0 0 0 1 -1.5 0.93 -1.56</i>
                <i>1 0 0 0 1 0 0 0 1 -1.5 0.93 -1.56</i>
                <i>1 0 0 0 1 0 0 0 1 -1.5 0.93 -1.56</i>
                <i>1 0 0 0 1 0 0 0 1 -1.5 0.93 -1.56</i>
                <i>1 0 0 0 1 0 0 0 1 -1.5 0.93 -1.56</i>
                <i>1 0 0 0 1 0 0 0 1 -1.5 0.93 -1.56</i>
                <i>1 0 0 0 1 0 0 0 1 -1.5 0.93 -1.56</i>
                <i>1 0 0 0 1 0 0 0 1 -1.5 0.93 -1.56</i>
                <i>1 0 0 0 1 0 0 0 1 -1.5 0.93 -1.56</i>
                <i>1 0 0 0 1 0 0 0 1 -1.5 0.93 -1.56</i>
                <i>1 0 0 0 1 0 0 0 1 -1.5 0.93 -1.56</i>
                <i>1 0 0 0 1 0 0 0 1 -1.5 0.93 -1.56</i>
                <i>1 0 0 0 1 0 0 0 1 -1.5 0.93 -1.56</i>
                <i>1 0 0 0 1 0 0 0 1 -1.5 0.93 -1.56</i>
                <i>1 0 0 0 1 0 0 0 1 -1.5 0.93 -1.56</i>
                <i>1 0 0 0 1 0 0 0 1 -1.5 0.93 -1.56</i>
                <i>1 0 0 0 1 0 0 0 1 -1.5 0.93 -1.56</i>
                <i>1 0 0 0 1 0 0 0 1 -1.5 0.93 -1.56</i>
                <i>1 0 0 0 1 0 0 0 1 -1.5 0.93 -1.56</i>
                <i>1 0 0 0 1 0 0 0 1 -1.5 0.93 -1.56</i>
                <i>1 0 0 0 1 0 0 0 1 -1.5 0.93 -1.56</i>
                <i>1 0 0 0 1 0 0 0 1 -1.5 0.93 -1.56</i>
                <i>1 0 0 0 1 0 0 0 1 -1.5 0.93 -1.56</i>
                <i>1 0 0 0 1 0 0 0 1 -1.5 0.93 -1.56</i>
                <i>1 0 0 0 1 0 0 0 1 -1.5 0.93 -1.56</i>
                <i>1 0 0 0 1 0 0 0 1 -1.5 0.93 -1.56</i>
                <i>1 0 0 0 1 0 0 0 1 -1.5 0.93 -1.56</i>
                <i>1 0 0 0 1 0 0 0 1 -1.5 0.93 -1.56</i>
                <i>1 0 0 0 1 0 0 0 1 -1.5 0.93 -1.56</i>
                <i>1 0 0 0 1 0 0 0 1 -1.5 0.93 -1.56</i>
                <i>1 0 0 0 1 0 0 0 1 -1.5 0.93 -1.56</i>
                <i>1 0 0 0 1 0 0 0 1 -1.5 0.93 -1.56</i>
                <i>1 0 0 0 1 0 0 0 1 -1.5 0.93 -1.56</i>
                <i>1 0 0 0 1 0 0 0 1 -1.5 0.93 -1.56</i>
                <i>1 0 0 0 1 0 0 0 1 -1.5 0.93 -1.56</i>
                <i>1 0 0 0 1 0 0 0 1 -1.5 0.93 -1.56</i>
                <i>1 0 0 0 1 0 0 0 1 -1.5 0.93 -1.56</i>
                <i>1 0 0 0 1 0 0 0 1 -1.5 0.93 -1.56</i>
                <i>1 0 0 0 1 0 0 0 1 -1.5 0.93 -1.56</i>
                <i>1 0 0 0 1 0 0 0 1 -1.5 0.93 -1.56</i>
                <i>1 0 0 0 1 0 0 0 1 -1.5 0.93 -1.56</i>
                <i>1 0 0 0 1 0 0 0 1 -1.5 0.93 -1.56</i>
                <i>1 0 0 0 1 0 0 0 1 -1.5 0.93 -1.56</i>
                <i>1 0 0 0 1 0 0 0 1 -1.5 0.93 -1.56</i>
                <i>1 0 0 0 1 0 0 0 1 -1.5 0.93 -1.56</i>
                <i>1 0 0 0 1 0 0 0 1 -1.5 0.93 -1.56</i>
                <i>1 0 0 0 1 0 0 0 1 -1.5 0.93 -1.56</i>
                <i>1 0 0 0 1 0 0 0 1 -1.5 0.93 -1.56</i>
                <i>1 0 0 0 1 0 0 0 1 -1.5 0.93 -1.56</i>
                <i>1 0 0 0 1 0 0 0 1 -1.5 0.93 -1.56</i>
                <i>1 0 0 0 1 0 0 0 1 -1.5 0.93 -1.56</i>
                <i>1 0 0 0 1 0 0 0 1 -1.5 0.93 -1.56</i>
                <i>1 0 0 0 1 0 0 0 1 -1.5 0.93 -1.56</i>
                <i>1 0 0 0 1 0 0 0 1 -1.5 0.93 -1.56</i>
                <i>1 0 0 0 1 0 0 0 1 -1.5 0.93 -1.56</i>
                <i>1 0 0 0 1 0 0 0 1 -1.5 0.93 -1.56</i>
                <i>1 0 0 0 1 0 0 0 1 -1.5 0.93 -1.56</i>
                <i>1 0 0 0 1 0 0 0 1 -1.5 0.93 -1.56</i>
                <i>1 0 0 0 1 0 0 0 1 -1.5 0.93 -1.56</i>
                <i>1 0 0 0 1 0 0 0 1 -1.5 0.93 -1.56</i>
                <i>1 0 0 0 1 0 0 0 1 -1.5 0.93 -1.56</i>
                <i>1 0 0 0 1 0 0 0 1 -1.5 0.93 -1.56</i>
                <i>1 0 0 0 1 0 0 0 1 -1.5 0.93 -1.56</i>
            </KeyFrames>
        </RefFrame>
        <Bones count="23">
            <i>
                <p>
                    <Name><![CDATA[pelvis]]></Name>
                    <Exclude>0</Exclude>
                    <Additive>0</Additive>
                    <IKPriority>0</IKPriority>
                    <IKRotLimits>-1e+010 -1e+010 -1e+010 1e+010 1e+010 1e+010</IKRotLimits>
                    <IKRotLimitOrder>2</IKRotLimitOrder>
                    <KeyFrames count="80">
                        <i>1 0 0 0 1 0 0 0 1 -1.45387 1.81532 -1.61112</i>
                        <i>1 0 0 0 1 0 0 0 1 -1.45405 1.82275 -1.61255</i>
                        <i>1 0 0 0 1 0 0 0 1 -1.45453 1.84291 -1.6164</i>
                        <i>1 0 0 0 1 0 0 0 1 -1.45525 1.87257 -1.62208</i>
                        <i>1 0 0 0 1 0 0 0 1 -1.45611 1.90852 -1.62896</i>
                        <i>1 0 0 0 1 0 0 0 1 -1.45705 1.94754 -1.63644</i>
                        <i>1 0 0 0 1 0 0 0 1 -1.45798 1.98642 -1.64389</i>
                        <i>1 0 0 0 1 0 0 0 1 -1.45884 2.02193 -1.65071</i>
                        <i>1 0 0 0 1 0 0 0 1 -1.45954 2.05087 -1.65629</i>
                        <i>1 0 0 0 1 0 0 0 1 -1.46 2.07 -1.66</i>
                        <i>1 0 0 0 1 0 0 0 1 -1.46 2.06987 -1.66</i>
                        <i>1 0 0 0 1 0 0 0 1 -1.46 2.06952 -1.66001</i>
                        <i>1 0 0 0 1 0 0 0 1 -1.46 2.06901 -1.66002</i>
                        <i>1 0 0 0 1 0 0 0 1 -1.45999 2.06838 -1.66003</i>
                        <i>1 0 0 0 1 0 0 0 1 -1.45999 2.06771 -1.66005</i>
                        <i>1 0 0 0 1 0 0 0 1 -1.45999 2.06703 -1.66006</i>
                        <i>1 0 0 0 1 0 0 0 1 -1.45999 2.0664 -1.66007</i>
                        <i>1 0 0 0 1 0 0 0 1 -1.45999 2.06589 -1.66008</i>
                        <i>1 0 0 0 1 0 0 0 1 -1.45999 2.06554 -1.66009</i>
                        <i>1 0 0 0 1 0 0 0 1 -1.45999 2.06541 -1.66009</i>
                        <i>1 0 0 0 1 0 0 0 1 -1.46063 2.06564 -1.66012</i>
                        <i>1 0 0 0 1 0 0 0 1 -1.46241 2.06628 -1.6602</i>
                        <i>1 0 0 0 1 0 0 0 1 -1.46504 2.06722 -1.66032</i>
                        <i>1 0 0 0 1 0 0 0 1 -1.46828 2.06837 -1.66047</i>
                        <i>1 0 0 0 1 0 0 0 1 -1.47187 2.06963 -1.66063</i>
                        <i>1 0 0 0 1 0 0 0 1 -1.47554 2.0709 -1.66079</i>
                        <i>1 0 0 0 1 0 0 0 1 -1.47904 2.07209 -1.66093</i>
                        <i>1 0 0 0 1 0 0 0 1 -1.48211 2.0731 -1.66105</i>
                        <i>1 0 0 0 1 0 0 0 1 -1.48448 2.07382 -1.66113</i>
                        <i>1 0 0 0 1 0 0 0 1 -1.4859 2.07418 -1.66116</i>
                        <i>1 0 0 0 1 0 0 0 1 -1.48592 2.07416 -1.66115</i>
                        <i>1 0 0 0 1 0 0 0 1 -1.48597 2.0741 -1.66114</i>
                        <i>1 0 0 0 1 0 0 0 1 -1.48606 2.07401 -1.66111</i>
                        <i>1 0 0 0 1 0 0 0 1 -1.48618 2.07389 -1.66108</i>
                        <i>1 0 0 0 1 0 0 0 1 -1.48633 2.07374 -1.66104</i>
                        <i>1 0 0 0 1 0 0 0 1 -1.48649 2.07357 -1.66099</i>
                        <i>1 0 0 0 1 0 0 0 1 -1.48668 2.07338 -1.66094</i>
                        <i>1 0 0 0 1 0 0 0 1 -1.48689 2.07317 -1.66088</i>
                        <i>1 0 0 0 1 0 0 0 1 -1.48711 2.07294 -1.66081</i>
                        <i>1 0 0 0 1 0 0 0 1 -1.48734 2.07271 -1.66075</i>
                        <i>1 0 0 0 1 0 0 0 1 -1.48758 2.07246 -1.66068</i>
                        <i>1 0 0 0 1 0 0 0 1 -1.48783 2.07221 -1.66061</i>
                        <i>1 0 0 0 1 0 0 0 1 -1.48807 2.07196 -1.66054</i>
                        <i>1 0 0 0 1 0 0 0 1 -1.48832 2.07171 -1.66047</i>
                        <i>1 0 0 0 1 0 0 0 1 -1.48856 2.07147 -1.66041</i>
                        <i>1 0 0 0 1 0 0 0 1 -1.48879 2.07123 -1.66034</i>
                        <i>1 0 0 0 1 0 0 0 1 -1.48901 2.07101 -1.66028</i>
                        <i>1 0 0 0 1 0 0 0 1 -1.48922 2.0708 -1.66022</i>
                        <i>1 0 0 0 1 0 0 0 1 -1.4894 2.07061 -1.66017</i>
                        <i>1 0 0 0 1 0 0 0 1 -1.48957 2.07043 -1.66012</i>
                        <i>1 0 0 0 1 0 0 0 1 -1.48972 2.07029 -1.66008</i>
                        <i>1 0 0 0 1 0 0 0 1 -1.48984 2.07017 -1.66005</i>
                        <i>1 0 0 0 1 0 0 0 1 -1.48993 2.07008 -1.66002</i>
                        <i>1 0 0 0 1 0 0 0 1 -1.48998 2.07002 -1.66001</i>
                        <i>1 0 0 0 1 0 0 0 1 -1.49 2.07 -1.66</i>
                        <i>1 0 0 0 1 0 0 0 1 -1.48656 2.07154 -1.66029</i>
                        <i>1 0 0 0 1 0 0 0 1 -1.47951 2.07479 -1.66091</i>
                        <i>1 0 0 0 1 0 0 0 1 -1.47119 2.07727 -1.66139</i>
                        <i>1 0 0 0 1 0 0 0 1 -1.46391 2.0765 -1.66124</i>
                        <i>1 0 0 0 1 0 0 0 1 -1.46 2.07 -1.66</i>
                        <i>1 0 0 0 1 0 0 0 1 -1.45865 2.05896 -1.65788</i>
                        <i>1 0 0 0 1 0 0 0 1 -1.45749 2.04637 -1.65546</i>
                        <i>1 0 0 0 1 0 0 0 1 -1.4565 2.03245 -1.65279</i>
                        <i>1 0 0 0 1 0 0 0 1 -1.45566 2.01743 -1.64991</i>
                        <i>1 0 0 0 1 0 0 0 1 -1.45498 2.00155 -1.64686</i>
                        <i>1 0 0 0 1 0 0 0 1 -1.45443 1.98504 -1.6437</i>
                        <i>1 0 0 0 1 0 0 0 1 -1.454 1.96811 -1.64045</i>
                        <i>1 0 0 0 1 0 0 0 1 -1.45368 1.95101 -1.63717</i>
                        <i>1 0 0 0 1 0 0 0 1 -1.45346 1.93396 -1.63389</i>
                        <i>1 0 0 0 1 0 0 0 1 -1.45332 1.91719 -1.63067</i>
                        <i>1 0 0 0 1 0 0 0 1 -1.45326 1.90093 -1.62755</i>
                        <i>1 0 0 0 1 0 0 0 1 -1.45325 1.8854 -1.62458</i>
                        <i>1 0 0 0 1 0 0 0 1 -1.4533 1.87085 -1.62178</i>
                        <i>1 0 0 0 1 0 0 0 1 -1.45337 1.85749 -1.61922</i>
                        <i>1 0 0 0 1 0 0 0 1 -1.45347 1.84556 -1.61693</i>
                        <i>1 0 0 0 1 0 0 0 1 -1.45358 1.83528 -1.61496</i>
                        <i>1 0 0 0 1 0 0 0 1 -1.45369 1.82689 -1.61335</i>
                        <i>1 0 0 0 1 0 0 0 1 -1.45378 1.82061 -1.61214</i>
                        <i>1 0 0 0 1 0 0 0 1 -1.45385 1.81668 -1.61139</i>
                        <i>1 0 0 0 1 0 0 0 1 -1.45387 1.81532 -1.61112</i>
                    </KeyFrames>
                </p>
            </i>
            <i>
                <p>
                    <Name><![CDATA[spine0]]></Name>
                    <Exclude>0</Exclude>
                    <Additive>0</Additive>
                    <IKPriority>0</IKPriority>
                    <IKRotLimits>-1e+010 -1e+010 -1e+010 1e+010 1e+010 1e+010</IKRotLimits>
                    <IKRotLimitOrder>0</IKRotLimitOrder>
                    <KeyFrames count="80">
                        <i>0.154731 0.966401 0.205249 -0.819677 0.00959605 0.572746 0.551533 -0.256859 0.793621 -1.46209 1.95894 -1.6108</i>
                        <i>0.154151 0.968671 0.194717 -0.803377 0.00815942 0.595415 0.575172 -0.248215 0.779465 -1.463 1.96633 -1.61287</i>
                        <i>0.150274 0.974367 0.16741 -0.756039 0.00414759 0.654514 0.637042 -0.224925 0.737283 -1.46571 1.98632 -1.61829</i>
                        <i>0.139167 0.981566 0.131002 -0.678456 -0.00185457 0.734639 0.72134 -0.191116 0.665691 -1.47026 2.0156 -1.62572</i>
                        <i>0.118778 0.988498 0.093615 -0.572915 -0.00877489 0.819568 0.810963 -0.15098 0.565283 -1.47652 2.05085 -1.6337</i>
                        <i>0.0904276 0.993981 0.0618354 -0.44605 -0.0150909 0.894881 0.890428 -0.108504 0.442001 -1.48397 2.08879 -1.64091</i>
                        <i>0.0579486 0.99755 0.0391823 -0.309465 -0.0193655 0.950714 0.949144 -0.0672181 0.307585 -1.49175 2.12624 -1.64645</i>
                        <i>0.0259369 0.999326 0.0259792 -0.17827 -0.0209476 0.983759 0.98364 -0.030147 0.177607 -1.49887 2.16011 -1.64999</i>
                        <i>-0.00140965 0.999793 0.0202993 -0.0684951 -0.0203482 0.997444 0.99765 1.56404e-005 0.0685096 -1.50454 2.18743 -1.65179</i>
                        <i>-0.0205423 0.999606 0.0191104 0.00507029 -0.01901 0.999806 0.999776 0.0206352 -0.00467779 -1.50831 2.2053 -1.65245</i>
                        <i>-0.0213627 0.999587 0.0192047 0.0050108 -0.0191018 0.999805 0.999759 0.0214547 -0.00460067 -1.50854 2.20509 -1.65246</i>
                        <i>-0.0235864 0.999532 0.0194601 0.0048509 -0.0193508 0.999801 0.99971 0.0236761 -0.00439222 -1.50917 2.20451 -1.65247</i>
                        <i>-0.0268553 0.999443 0.0198345 0.00461946 -0.0197173 0.999795 0.999629 0.0269414 -0.00408737 -1.5101 2.20365 -1.6525</i>
                        <i>-0.0308106 0.999319 0.0202859 0.0043451 -0.0201615 0.999787 0.999516 0.0308922 -0.00372096 -1.51122 2.20261 -1.65252</i>
                        <i>-0.0350966 0.999168 0.0207733 0.00405479 -0.0206436 0.999779 0.999376 0.035173 -0.00332689 -1.51243 2.20146 -1.65256</i>
                        <i>-0.0393625 0.998999 0.0212567 0.00377299 -0.0211244 0.99977 0.999218 0.0394336 -0.0029377 -1.51365 2.2003 -1.65259</i>
                        <i>-0.0432638 0.998828 0.0216973 0.00352149 -0.0215651 0.999761 0.999057 0.0433299 -0.00258438 -1.51476 2.19922 -1.65262</i>
                        <i>-0.0464627 0.998676 0.0220576 0.00331968 -0.021927 0.999754 0.998914 0.0465245 -0.0022965 -1.51567 2.19833 -1.65265</i>
                        <i>-0.048626 0.998568 0.0223008 0.00318545 -0.0221721 0.999749 0.998812 0.0486848 -0.00210275 -1.51629 2.19772 -1.65266</i>
                        <i>-0.0494214 0.998527 0.0223902 0.00313655 -0.0222623 0.999747 0.998773 0.0494792 -0.00203169 -1.51651 2.19749 -1.65267</i>
                        <i>-0.0478819 0.998599 0.0225027 0.00319677 -0.0223752 0.999745 0.998848 0.0479416 -0.00212093 -1.51694 2.19782 -1.6527</i>
                        <i>-0.0437518 0.998785 0.0226793 0.00335105 -0.0225542 0.99974 0.999037 0.0438164 -0.00236019 -1.51811 2.19871 -1.65277</i>
                        <i>-0.0377736 0.999029 0.0226616 0.00356156 -0.0225431 0.99974 0.99928 0.0378445 -0.00270657 -1.51985 2.20002 -1.65287</i>
                        <i>-0.0307151 0.99928 0.0222832 0.00380259 -0.0221768 0.999747 0.999521 0.0307921 -0.00311869 -1.52201 2.20162 -1.653</i>
                        <i>-0.0233482 0.999495 0.0215599 0.00406203 -0.0214707 0.999761 0.999719 0.0234302 -0.00355868 -1.5244 2.20335 -1.65314</i>
                        <i>-0.015327 0.999679 0.0201815 0.00431909 -0.0201175 0.999788 0.999873 0.015411 -0.00400936 -1.52686 2.20509 -1.65328</i>
                        <i>-0.00657156 0.999815 0.0180939 0.00456527 -0.0180641 0.999826 0.999968 0.00665302 -0.00444572 -1.52924 2.2067 -1.65341</i>
                        <i>0.00175374 0.999873 0.0158235 0.0047922 -0.0158317 0.999863 0.999987 -0.00167767 -0.00481935 -1.53137 2.20805 -1.65351</i>
                        <i>0.00843617 0.999868 0.0138755 0.00496864 -0.0139178 0.999891 0.999952 -0.0083663 -0.00508539 -1.53307 2.20902 -1.65358</i>
                        <i>0.0122141 0.999844 0.0127526 0.00505034 -0.0128151 0.999905 0.999913 -0.0121485 -0.00520608 -1.53421 2.20947 -1.65361</i>
                        <i>0.0112271 0.999854 0.0129128 0.00493146 -0.0129688 0.999904 0.999925 -0.0111623 -0.00507634 -1.53462 2.20931 -1.65361</i>
                        <i>0.00867373 0.999874 0.0133313 0.00462906 -0.0133718 0.9999 0.999952 -0.00861115 -0.00474446 -1.53569 2.20889 -1.65361</i>
                        <i>0.00516666 0.99989 0.0139148 0.00422562 -0.0139367 0.999894 0.999978 -0.00510731 -0.00429716 -1.53717 2.20828 -1.6536</i>
                        <i>0.00131285 0.999893 0.0145715 0.00379989 -0.0145764 0.999887 0.999992 -0.00125733 -0.00381862 -1.53879 2.20758 -1.65359</i>
                        <i>-0.00229116 0.999882 0.0152121 0.00342332 -0.0152042 0.999879 0.999992 0.00234296 -0.00338808 -1.54031 2.20688 -1.65357</i>
                        <i>-0.00505921 0.999863 0.015749 0.00315957 -0.0157332 0.999871 0.999982 0.00510832 -0.00307954 -1.54148 2.2063 -1.65354</i>
                        <i>-0.00608131 0.999855 0.0159322 0.00305802 -0.0159138 0.999869 0.999977 0.00612924 -0.0029608 -1.54206 2.20595 -1.6535</i>
                        <i>-0.00459901 0.99987 0.0154431 0.00311701 -0.0154288 0.999876 0.999985 0.00464658 -0.00304564 -1.54197 2.20586 -1.65343</i>
                        <i>-0.00116291 0.999896 0.0143898 0.00329431 -0.0143859 0.999891 0.999994 0.00121019 -0.00327724 -1.5414 2.20596 -1.65336</i>
                        <i>0.00351651 0.999909 0.0129919 0.00356999 -0.0130044 0.999909 0.999987 -0.00346981 -0.0036154 -1.54052 2.20617 -1.65327</i>
                        <i>0.00872753 0.999896 0.0114697 0.00391755 -0.0115043 0.999926 0.999954 -0.00868195 -0.00401755 -1.53948 2.20643 -1.65319</i>
                        <i>0.0137554 0.999855 0.0100447 0.00429723 -0.0101047 0.99994 0.999896 -0.0137114 -0.0044356 -1.53843 2.20667 -1.6531</i>
                        <i>0.0178815 0.9998 0.00893934 0.00465446 -0.00902391 0.999948 0.999829 -0.017839 -0.00481489 -1.53754 2.20684 -1.65301</i>
                        <i>0.0203844 0.999757 0.00837713 0.0049236 -0.00847915 0.999952 0.99978 -0.0203421 -0.00509525 -1.53696 2.20689 -1.65293</i>
                        <i>0.0205404 0.999752 0.00858187 0.00503694 -0.00868705 0.99995 0.999776 -0.0204962 -0.00521413 -1.53686 2.20677 -1.65286</i>
                        <i>0.0181348 0.999789 0.00966077 0.00499186 -0.00975278 0.99994 0.999823 -0.0180855 -0.00516767 -1.53724 2.20648 -1.65279</i>
                        <i>0.0137813 0.99984 0.0114425 0.00485208 -0.0115104 0.999922 0.999893 -0.0137247 -0.00500993 -1.53794 2.20608 -1.65274</i>
                        <i>0.00799997 0.999874 0.0137325 0.00465829 -0.01377 0.999894 0.999957 -0.00793515 -0.00476786 -1.53886 2.20561 -1.65269</i>
                        <i>0.00131109 0.999866 0.0163363 0.00444877 -0.016342 0.999857 0.999989 -0.00123823 -0.0044696 -1.53992 2.2051 -1.65265</i>
                        <i>-0.00576583 0.999802 0.0190609 0.00425415 -0.0190366 0.99981 0.999974 0.00584582 -0.00414354 -1.54104 2.20457 -1.65262</i>
                        <i>-0.0127124 0.999683 0.0217144 0.00409444 -0.021664 0.999757 0.999911 0.0127983 -0.00381774 -1.54214 2.20405 -1.65259</i>
                        <i>-0.0190117 0.999529 0.0241065 0.00397828 -0.024035 0.999703 0.999811 0.019102 -0.00351946 -1.54314 2.20358 -1.65257</i>
                        <i>-0.0241482 0.999369 0.0260481 0.00390441 -0.0259612 0.999655 0.999701 0.0242416 -0.00327503 -1.54395 2.2032 -1.65256</i>
                        <i>-0.0276074 0.999245 0.027351 0.0038653 -0.0272546 0.999621 0.999611 0.0277027 -0.00310996 -1.54449 2.20294 -1.65255</i>
                        <i>-0.0288749 0.999196 0.0278273 0.00385307 -0.0277275 0.999608 0.999576 0.0289708 -0.00304934 -1.54469 2.20285 -1.65255</i>
                        <i>-0.0316796 0.999119 0.0275372 0.010266 -0.0272243 0.999577 0.999445 0.0319488 -0.00939454 -1.54049 2.20468 -1.65251</i>
                        <i>-0.0333831 0.999108 0.0258648 0.0231165 -0.0251004 0.999418 0.999175 0.0339615 -0.022258 -1.53167 2.2086 -1.6525</i>
                        <i>-0.0327478 0.999188 0.0234654 0.0329165 -0.022387 0.999207 0.998921 0.0334943 -0.0321567 -1.52129 2.21183 -1.65255</i>
                        <i>-0.0287514 0.999367 0.0209433 0.0301156 -0.0200764 0.999345 0.999133 0.0293633 -0.0295193 -1.51247 2.21164 -1.65257</i>
                        <i>-0.0205423 0.999606 0.0191104 0.00507029 -0.01901 0.999806 0.999776 0.0206352 -0.00467779 -1.50831 2.2053 -1.65245</i>
                        <i>-0.00900562 0.999791 0.0183714 -0.037702 -0.0186986 0.999114 0.999248 0.008305 0.0378625 -1.50786 2.19403 -1.65229</i>
                        <i>0.0043034 0.999816 0.0186878 -0.0865467 -0.0182455 0.996081 0.996239 -0.0059039 0.0864523 -1.50802 2.18102 -1.65225</i>
                        <i>0.0190886 0.999606 0.0205735 -0.140391 -0.0176936 0.989938 0.989912 -0.0217849 0.139998 -1.50859 2.16655 -1.65242</i>
                        <i>0.0349786 0.999088 0.0244706 -0.198082 -0.017069 0.980037 0.979561 -0.0391275 0.197304 -1.50934 2.15088 -1.65282</i>
                        <i>0.051517 0.9982 0.0307144 -0.258392 -0.016385 0.965901 0.964665 -0.0576967 0.257083 -1.51006 2.13429 -1.65348</i>
                        <i>0.0681634 0.996892 0.0394957 -0.320061 -0.0156452 0.947268 0.944942 -0.07721 0.318 -1.51057 2.11706 -1.65436</i>
                        <i>0.084311 0.995143 0.050821 -0.381823 -0.0148448 0.924116 0.920382 -0.0973179 0.378716 -1.51068 2.0995 -1.65536</i>
                        <i>0.0993273 0.992963 0.0644826 -0.442457 -0.0139706 0.896681 0.891272 -0.117596 0.437956 -1.51026 2.08188 -1.65637</i>
                        <i>0.112614 0.990409 0.0800455 -0.500833 -0.0129988 0.865446 0.858187 -0.137551 0.494566 -1.50922 2.06451 -1.65721</i>
                        <i>0.123682 0.987583 0.0968641 -0.555949 -0.0118936 0.831131 0.821963 -0.156647 0.547575 -1.5075 2.04769 -1.65771</i>
                        <i>0.13214 0.984646 0.114066 -0.606993 -0.0105957 0.794636 0.783644 -0.174241 0.596273 -1.50516 2.03166 -1.65773</i>
                        <i>0.137893 0.981783 0.130723 -0.653312 -0.0090391 0.757035 0.744425 -0.189793 0.640164 -1.50226 2.01669 -1.6571</i>
                        <i>0.139701 0.979671 0.143975 -0.694411 -0.00672317 0.719547 0.705887 -0.200499 0.679355 -1.49878 2.00307 -1.6556</i>
                        <i>0.138196 0.978612 0.15238 -0.729922 -0.0033544 0.683522 0.669414 -0.205685 0.713848 -1.49473 1.99108 -1.65297</i>
                        <i>0.136006 0.978033 0.157967 -0.759567 0.000572323 0.650429 0.636051 -0.208449 0.742959 -1.4901 1.98094 -1.64898</i>
                        <i>0.136144 0.976909 0.164665 -0.78282 0.00421325 0.622234 0.607172 -0.213616 0.765317 -1.48394 1.97325 -1.64214</i>
                        <i>0.139984 0.974527 0.175221 -0.799766 0.00695155 0.600272 0.583763 -0.224164 0.780366 -1.4765 1.96764 -1.63244</i>
                        <i>0.146183 0.971148 0.188421 -0.811142 0.00863844 0.584786 0.566286 -0.238322 0.789001 -1.46942 1.96327 -1.6222</i>
                        <i>0.152117 0.967871 0.200216 -0.817607 0.00940976 0.575701 0.55532 -0.251272 0.792769 -1.46416 1.96014 -1.61409</i>
                        <i>0.154731 0.966401 0.205249 -0.819677 0.00959605 0.572746 0.551533 -0.256859 0.793621 -1.46209 1.95894 -1.6108</i>
                    </KeyFrames>
                </p>
            </i>
            <i>
                <p>
                    <Name><![CDATA[spine1]]></Name>
                    <Exclude>0</Exclude>
                    <Additive>0</Additive>
                    <IKPriority>0</IKPriority>
                    <IKRotLimits>-1e+010 -1e+010 -1e+010 1e+010 1e+010 1e+010</IKRotLimits>
                    <IKRotLimitOrder>0</IKRotLimitOrder>
                    <KeyFrames count="80">
                        <i>0.301122 0.853159 0.425965 -0.862735 0.0534527 0.502823 0.406219 -0.518906 0.752146 -1.43424 2.13307 -1.57387</i>
                        <i>0.308524 0.859585 0.407341 -0.845813 0.0519777 0.530941 0.435216 -0.508342 0.743085 -1.43531 2.14052 -1.5779</i>
                        <i>0.32353 0.876595 0.356244 -0.795187 0.0478285 0.604475 0.512841 -0.478847 0.712531 -1.43886 2.1606 -1.58838</i>
                        <i>0.332193 0.900352 0.281094 -0.70868 0.0415866 0.704304 0.622432 -0.43317 0.651876 -1.44558 2.18985 -1.60249</i>
                        <i>0.32196 0.926674 0.193951 -0.586439 0.0343734 0.809263 0.743257 -0.374291 0.554505 -1.45563 2.22485 -1.61724</i>
                        <i>0.287389 0.951499 0.109802 -0.435526 0.0277156 0.899749 0.853068 -0.3064 0.422368 -1.4682 2.26231 -1.63013</i>
                        <i>0.232668 0.971636 0.042294 -0.270797 0.0229547 0.962363 0.934096 -0.235364 0.268457 -1.48171 2.29916 -1.63966</i>
                        <i>0.169693 0.985496 -0.00132381 -0.112149 0.0206455 0.993477 0.979095 -0.168437 0.114026 -1.4944 2.33245 -1.64551</i>
                        <i>0.112955 0.993346 -0.0224604 0.0199605 0.0203319 0.999594 0.9934 -0.113357 -0.0175311 -1.50479 2.3593 -1.6483</i>
                        <i>0.0747778 0.996779 -0.0289921 0.107846 0.0208192 0.99395 0.991351 -0.077452 -0.105942 -1.51183 2.3769 -1.64917</i>
                        <i>0.0757938 0.996704 -0.0289336 0.107815 0.0206551 0.993956 0.991278 -0.0784552 -0.105894 -1.51221 2.37674 -1.64916</i>
                        <i>0.078546 0.996495 -0.0287744 0.107732 0.0202099 0.993975 0.991072 -0.0811726 -0.105767 -1.51323 2.37631 -1.64913</i>
                        <i>0.0825862 0.996175 -0.0285384 0.107611 0.0195548 0.994001 0.990757 -0.0851618 -0.105584 -1.51472 2.37568 -1.64908</i>
                        <i>0.0874671 0.995767 -0.0282499 0.107466 0.018761 0.994032 0.990354 -0.089981 -0.10537 -1.51654 2.37491 -1.64903</i>
                        <i>0.0927465 0.995298 -0.0279338 0.107312 0.0178993 0.994064 0.98989 -0.0951936 -0.105147 -1.51851 2.37406 -1.64897</i>
                        <i>0.0979915 0.994804 -0.0276155 0.107161 0.0170401 0.994096 0.989401 -0.100372 -0.104934 -1.52047 2.37322 -1.64891</i>
                        <i>0.10278 0.994329 -0.0273213 0.107024 0.0162529 0.994124 0.98893 -0.1051 -0.104747 -1.52227 2.37243 -1.64886</i>
                        <i>0.106701 0.993922 -0.0270779 0.106914 0.0156063 0.994146 0.988526 -0.108972 -0.104599 -1.52375 2.37179 -1.64882</i>
                        <i>0.10935 0.993639 -0.0269121 0.10684 0.0151685 0.99416 0.988245 -0.111587 -0.104502 -1.52476 2.37135 -1.64879</i>
                        <i>0.110324 0.993533 -0.026851 0.106813 0.0150074 0.994166 0.98814 -0.112548 -0.104467 -1.52512 2.37119 -1.64878</i>
                        <i>0.109257 0.993652 -0.026812 0.109924 0.0147302 0.993831 0.987917 -0.11153 -0.107617 -1.52528 2.37142 -1.64878</i>
                        <i>0.107071 0.993884 -0.0270282 0.118325 0.0142535 0.992873 0.987185 -0.109506 -0.116076 -1.52572 2.37207 -1.64883</i>
                        <i>0.105283 0.994047 -0.0280299 0.130617 0.0141193 0.991332 0.985827 -0.108031 -0.128353 -1.52641 2.37308 -1.64895</i>
                        <i>0.105406 0.993966 -0.0303594 0.1454 0.0147966 0.989262 0.983742 -0.108689 -0.142963 -1.52732 2.37436 -1.64915</i>
                        <i>0.10897 0.993445 -0.0345248 0.161296 0.0166003 0.986766 0.980872 -0.113097 -0.15843 -1.52843 2.37584 -1.64942</i>
                        <i>0.118745 0.99204 -0.0419054 0.177915 0.0202629 0.983837 0.976855 -0.124281 -0.174093 -1.52951 2.37744 -1.6498</i>
                        <i>0.133875 0.98962 -0.0522436 0.194751 0.0254177 0.980523 0.971674 -0.141442 -0.189326 -1.53038 2.37901 -1.65029</i>
                        <i>0.15051 0.986574 -0.0633976 0.210234 0.0307203 0.977168 0.965996 -0.160401 -0.202788 -1.53107 2.38039 -1.65079</i>
                        <i>0.164893 0.983604 -0.0730271 0.222754 0.0349896 0.974247 0.960828 -0.176913 -0.213332 -1.53163 2.38141 -1.65119</i>
                        <i>0.173369 0.981712 -0.0786422 0.230673 0.0371534 0.972322 0.957462 -0.186711 -0.220014 -1.53211 2.3819 -1.65141</i>
                        <i>0.173795 0.981703 -0.0778093 0.230438 0.0362774 0.972411 0.957441 -0.18693 -0.219917 -1.53269 2.38182 -1.65138</i>
                        <i>0.174909 0.981672 -0.0756755 0.229856 0.0340239 0.97263 0.957378 -0.187516 -0.219693 -1.5342 2.38158 -1.6513</i>
                        <i>0.17646 0.981613 -0.0727884 0.22912 0.0309548 0.972906 0.95727 -0.188356 -0.219445 -1.53628 2.38123 -1.65119</i>
                        <i>0.178211 0.981521 -0.0696957 0.228397 0.027634 0.973176 0.957118 -0.189349 -0.219252 -1.53857 2.38083 -1.65107</i>
                        <i>0.179945 0.981396 -0.0669433 0.22781 0.024627 0.973394 0.956934 -0.190408 -0.219141 -1.54072 2.38041 -1.65093</i>
                        <i>0.181472 0.981241 -0.065075 0.227443 0.0225002 0.973531 0.956733 -0.191469 -0.219093 -1.54237 2.38005 -1.65081</i>
                        <i>0.182756 0.981027 -0.064703 0.227337 0.0218605 0.973571 0.956513 -0.192635 -0.219029 -1.54313 2.3798 -1.65073</i>
                        <i>0.184454 0.9806 -0.0663366 0.227493 0.0230647 0.973507 0.956151 -0.194658 -0.218825 -1.54278 2.37969 -1.65075</i>
                        <i>0.186873 0.979915 -0.0696142 0.227864 0.0256939 0.973354 0.955592 -0.197756 -0.218485 -1.54162 2.37967 -1.65086</i>
                        <i>0.189596 0.979076 -0.0739144 0.22842 0.0292318 0.973124 0.954923 -0.201384 -0.218099 -1.53992 2.37969 -1.65102</i>
                        <i>0.192211 0.9782 -0.0786135 0.229118 0.0331618 0.972834 0.954233 -0.205001 -0.217749 -1.53798 2.37973 -1.6512</i>
                        <i>0.194307 0.977416 -0.0830821 0.229878 0.0369667 0.972517 0.953625 -0.208065 -0.217504 -1.53606 2.37973 -1.65136</i>
                        <i>0.19548 0.976869 -0.0866857 0.230588 0.0401308 0.972224 0.953214 -0.210039 -0.21741 -1.53445 2.37969 -1.65146</i>
                        <i>0.195335 0.976709 -0.0887858 0.231105 0.0421398 0.972016 0.953119 -0.210387 -0.217491 -1.53345 2.37958 -1.65148</i>
                        <i>0.193478 0.977083 -0.088743 0.231278 0.042481 0.97196 0.953455 -0.208577 -0.217759 -1.53332 2.37938 -1.65138</i>
                        <i>0.189445 0.97809 -0.0863218 0.231081 0.0410327 0.972069 0.954313 -0.204101 -0.218244 -1.53412 2.37909 -1.65113</i>
                        <i>0.183413 0.979606 -0.0820449 0.230639 0.038249 0.972287 0.955597 -0.197253 -0.21892 -1.53556 2.37875 -1.65076</i>
                        <i>0.175951 0.981429 -0.0764135 0.230049 0.0344802 0.972568 0.957141 -0.188704 -0.21971 -1.53748 2.37837 -1.65032</i>
                        <i>0.167629 0.983367 -0.0699288 0.229402 0.0300773 0.972867 0.958788 -0.179122 -0.220545 -1.5397 2.37795 -1.64983</i>
                        <i>0.159016 0.985258 -0.0630903 0.228774 0.0253916 0.973148 0.960404 -0.16918 -0.221364 -1.54205 2.37751 -1.64932</i>
                        <i>0.150686 0.986972 -0.0563949 0.228222 0.0207747 0.973387 0.961877 -0.159547 -0.222119 -1.54435 2.37708 -1.64883</i>
                        <i>0.143212 0.988411 -0.0503362 0.22778 0.0165772 0.973572 0.963123 -0.150892 -0.222766 -1.54644 2.37669 -1.6484</i>
                        <i>0.137165 0.989507 -0.0454043 0.227461 0.0131484 0.973698 0.964078 -0.143885 -0.223271 -1.54814 2.37636 -1.64804</i>
                        <i>0.133117 0.990206 -0.0420875 0.227268 0.0108364 0.973772 0.964691 -0.139191 -0.2236 -1.54929 2.37614 -1.64781</i>
                        <i>0.131641 0.990454 -0.0408732 0.227202 0.00998838 0.973796 0.964909 -0.137478 -0.223718 -1.54971 2.37605 -1.64772</i>
                        <i>0.115998 0.99253 -0.0377938 0.218011 0.0116804 0.975876 0.969028 -0.12144 -0.215028 -1.54598 2.37754 -1.64774</i>
                        <i>0.0918542 0.995136 -0.0356024 0.204471 0.0161425 0.97874 0.974554 -0.0971809 -0.201993 -1.53743 2.38085 -1.64804</i>
                        <i>0.0697942 0.997002 -0.0334046 0.183611 0.0200751 0.982794 0.980518 -0.0747268 -0.181659 -1.52692 2.38353 -1.64852</i>
                        <i>0.0605464 0.997674 -0.0313183 0.152426 0.0217667 0.988075 0.986459 -0.0645982 -0.150754 -1.5174 2.38305 -1.64898</i>
                        <i>0.0747778 0.996779 -0.0289921 0.107846 0.0208192 0.99395 0.991351 -0.077452 -0.105942 -1.51183 2.3769 -1.64917</i>
                        <i>0.108101 0.993848 -0.0240728 0.051765 0.0185547 0.998487 0.992791 -0.109184 -0.0494407 -1.50941 2.36622 -1.64913</i>
                        <i>0.147836 0.988899 -0.0149396 -0.0110485 0.0167559 0.999799 0.98895 -0.147642 0.013403 -1.50729 2.35399 -1.64902</i>
                        <i>0.191725 0.981449 -0.000322677 -0.0792989 0.0158187 0.996725 0.97824 -0.191072 0.0808606 -1.50528 2.34047 -1.64884</i>
                        <i>0.237318 0.971213 0.0206272 -0.151558 0.0160431 0.988318 0.959536 -0.237672 0.151003 -1.50323 2.32592 -1.64854</i>
                        <i>0.282128 0.958164 0.048214 -0.22629 0.0176245 0.9739 0.932307 -0.285675 0.221796 -1.50099 2.31058 -1.64807</i>
                        <i>0.323832 0.942541 0.0821524 -0.301891 0.0206476 0.953119 0.896657 -0.333452 0.291231 -1.49846 2.29468 -1.64733</i>
                        <i>0.360456 0.924815 0.121606 -0.376745 0.025081 0.925977 0.853308 -0.379589 0.35746 -1.49556 2.27844 -1.64624</i>
                        <i>0.390522 0.905632 0.165296 -0.449286 0.0307742 0.892858 0.803514 -0.422946 0.418906 -1.49229 2.26208 -1.64469</i>
                        <i>0.413122 0.885742 0.211641 -0.518073 0.0374564 0.854516 0.748953 -0.462665 0.474353 -1.48866 2.24583 -1.64259</i>
                        <i>0.427915 0.865943 0.258903 -0.581863 0.0447423 0.812055 0.69161 -0.498137 0.523006 -1.48474 2.22992 -1.63988</i>
                        <i>0.435315 0.846856 0.30551 -0.639705 0.0521849 0.766847 0.633466 -0.529256 0.564454 -1.48068 2.21457 -1.63659</i>
                        <i>0.435941 0.829194 0.349847 -0.69094 0.0592764 0.720478 0.576679 -0.555809 0.598764 -1.47658 2.20003 -1.63276</i>
                        <i>0.431156 0.813292 0.39072 -0.734893 0.0652965 0.675032 0.523485 -0.578181 0.625835 -1.47266 2.18679 -1.62867</i>
                        <i>0.421852 0.799985 0.426691 -0.771419 0.0694135 0.632531 0.476397 -0.595992 0.646405 -1.4688 2.17522 -1.62438</i>
                        <i>0.408107 0.791319 0.455262 -0.800981 0.0710888 0.594454 0.438039 -0.607257 0.662843 -1.46454 2.16524 -1.61929</i>
                        <i>0.387401 0.793264 0.469736 -0.823943 0.0693476 0.562413 0.413567 -0.604915 0.68047 -1.45848 2.15641 -1.61134</i>
                        <i>0.360341 0.807525 0.466968 -0.841066 0.0647521 0.537043 0.403438 -0.586269 0.702514 -1.45062 2.14819 -1.60004</i>
                        <i>0.332359 0.827735 0.452098 -0.853088 0.0594091 0.518374 0.402218 -0.557966 0.725876 -1.44274 2.14081 -1.58781</i>
                        <i>0.310146 0.84561 0.434457 -0.860304 0.0551574 0.506788 0.404582 -0.530944 0.744589 -1.43667 2.13526 -1.57791</i>
                        <i>0.301122 0.853159 0.425965 -0.862735 0.0534527 0.502823 0.406219 -0.518906 0.752146 -1.43424 2.13307 -1.57387</i>
                    </KeyFrames>
                </p>
            </i>
            <i>
                <p>
                    <Name><![CDATA[spine2]]></Name>
                    <Exclude>0</Exclude>
                    <Additive>0</Additive>
                    <IKPriority>0</IKPriority>
                    <IKRotLimits>-1e+010 -1e+010 -1e+010 1e+010 1e+010 1e+010</IKRotLimits>
                    <IKRotLimitOrder>0</IKRotLimitOrder>
                    <KeyFrames count="80">
                        <i>0.40452 0.426458 0.80901 -0.910047 0.10023 0.402205 0.0904363 -0.898937 0.428642 -1.38435 2.27437 -1.5031</i>
                        <i>0.430057 0.447986 0.783811 -0.894454 0.0936367 0.437246 0.122486 -0.889124 0.440972 -1.38429 2.28261 -1.51036</i>
                        <i>0.490298 0.505763 0.709797 -0.845021 0.0764343 0.529243 0.213418 -0.85928 0.464855 -1.38561 2.30476 -1.52962</i>
                        <i>0.553273 0.588436 0.589603 -0.754111 0.0531567 0.654592 0.353844 -0.806794 0.473157 -1.39129 2.33684 -1.55647</i>
                        <i>0.586288 0.682977 0.43567 -0.617573 0.0287624 0.785988 0.524281 -0.729873 0.438651 -1.40344 2.37489 -1.58576</i>
                        <i>0.568794 0.775708 0.273405 -0.441864 0.00782764 0.897048 0.693708 -0.631043 0.34721 -1.42198 2.41516 -1.61247</i>
                        <i>0.501594 0.854854 0.132769 -0.245526 -0.00648976 0.969368 0.829531 -0.518827 0.206633 -1.44454 2.45419 -1.63294</i>
                        <i>0.405664 0.913373 0.0344532 -0.0548034 -0.0133205 0.998408 0.912378 -0.406907 0.0446522 -1.46743 2.48891 -1.64578</i>
                        <i>0.311082 0.950197 -0.0187911 0.10367 -0.0142726 0.994509 0.944712 -0.311322 -0.102946 -1.4869 2.51654 -1.65195</i>
                        <i>0.244678 0.968797 -0.0395503 0.208317 -0.0126872 0.977979 0.946962 -0.247529 -0.204921 -1.50001 2.53448 -1.65386</i>
                        <i>0.246225 0.968399 -0.0397077 0.20834 -0.0128722 0.977972 0.946556 -0.249073 -0.204926 -1.50022 2.53436 -1.65384</i>
                        <i>0.250411 0.967307 -0.0401333 0.208399 -0.0133743 0.977952 0.945444 -0.253254 -0.204935 -1.50079 2.53403 -1.65379</i>
                        <i>0.256551 0.965671 -0.0407563 0.20848 -0.0141137 0.977925 0.943778 -0.259385 -0.204944 -1.50163 2.53356 -1.65371</i>
                        <i>0.263959 0.96364 -0.0415061 0.208568 -0.0150106 0.977893 0.941714 -0.266781 -0.204946 -1.50264 2.53298 -1.65362</i>
                        <i>0.271959 0.961378 -0.0423138 0.20865 -0.0159847 0.97786 0.939417 -0.274767 -0.204939 -1.50374 2.53236 -1.65352</i>
                        <i>0.279894 0.959062 -0.0431127 0.208718 -0.0169564 0.977829 0.937068 -0.282687 -0.20492 -1.50483 2.53174 -1.65342</i>
                        <i>0.287126 0.956889 -0.043839 0.208769 -0.0178466 0.977802 0.934866 -0.289905 -0.204893 -1.50583 2.53117 -1.65333</i>
                        <i>0.293038 0.955068 -0.0444317 0.208803 -0.0185775 0.977781 0.933022 -0.295805 -0.204865 -1.50666 2.53071 -1.65326</i>
                        <i>0.297027 0.953816 -0.0448309 0.208821 -0.0190722 0.977768 0.931756 -0.299785 -0.204842 -1.50721 2.53039 -1.65321</i>
                        <i>0.298492 0.953352 -0.0449774 0.208827 -0.0192542 0.977763 0.931286 -0.301247 -0.204833 -1.50742 2.53027 -1.65319</i>
                        <i>0.294582 0.954538 -0.0455933 0.214936 -0.019693 0.97643 0.931141 -0.297438 -0.210966 -1.50776 2.53043 -1.65319</i>
                        <i>0.285617 0.957161 -0.0475876 0.231372 -0.020684 0.972646 0.929995 -0.288815 -0.227368 -1.50858 2.53087 -1.65328</i>
                        <i>0.275745 0.959866 -0.0511945 0.255257 -0.0217737 0.966628 0.926719 -0.279611 -0.251016 -1.50959 2.53159 -1.65356</i>
                        <i>0.269138 0.961419 -0.0569087 0.283673 -0.022666 0.958653 0.920377 -0.274154 -0.278829 -1.51053 2.53255 -1.65413</i>
                        <i>0.269953 0.960634 -0.0656293 0.313709 -0.0233067 0.949233 0.910336 -0.276836 -0.307652 -1.51111 2.53369 -1.65507</i>
                        <i>0.281774 0.956199 -0.0792854 0.34439 -0.0236652 0.938528 0.895544 -0.291758 -0.335974 -1.51066 2.53491 -1.65664</i>
                        <i>0.301418 0.948537 -0.0970774 0.37475 -0.024231 0.926809 0.876761 -0.315737 -0.362768 -1.50914 2.53603 -1.65878</i>
