<?xml version="1.0" encoding="ISO-8859-1" ?>
<Animl Version="1">
    <ModellingPackage><![CDATA[Maya.2010]]></ModellingPackage>
    <SrcFile><![CDATA[anims\turrets\mortar\blue\~src\mortar_m120\mortar_m120_reload_high_crewman_d.mb]]></SrcFile>
    <FramesPerSecond>30</FramesPerSecond>
    <TotalFrames>160</TotalFrames>
    <Skeleton>
        <RefFrame>
            <Name><![CDATA[soldier_ref_frame]]></Name>
            <Exclude>0</Exclude>
            <Additive>0</Additive>
            <IKPriority>0</IKPriority>
            <IKRotLimits>-1e+010 -1e+010 -1e+010 1e+010 1e+010 1e+010</IKRotLimits>
            <IKRotLimitOrder>0</IKRotLimitOrder>
            <KeyFrames count="160">
                <i>1 0 0 0 1 0 0 0 1 -1.81 0.85 -1.79</i>
                <i>1 0 0 0 1 0 0 0 1 -1.81 0.85 -1.79</i>
                <i>1 0 0 0 1 0 0 0 1 -1.81 0.85 -1.79</i>
                <i>1 0 0 0 1 0 0 0 1 -1.81 0.85 -1.79</i>
                <i>1 0 0 0 1 0 0 0 1 -1.81 0.85 -1.79</i>
                <i>1 0 0 0 1 0 0 0 1 -1.81 0.85 -1.79</i>
                <i>1 0 0 0 1 0 0 0 1 -1.81 0.85 -1.79</i>
                <i>1 0 0 0 1 0 0 0 1 -1.81 0.85 -1.79</i>
                <i>1 0 0 0 1 0 0 0 1 -1.81 0.85 -1.79</i>
                <i>1 0 0 0 1 0 0 0 1 -1.81 0.85 -1.79</i>
                <i>1 0 0 0 1 0 0 0 1 -1.81 0.85 -1.79</i>
                <i>1 0 0 0 1 0 0 0 1 -1.81 0.85 -1.79</i>
                <i>1 0 0 0 1 0 0 0 1 -1.81 0.85 -1.79</i>
                <i>1 0 0 0 1 0 0 0 1 -1.81 0.85 -1.79</i>
                <i>1 0 0 0 1 0 0 0 1 -1.81 0.85 -1.79</i>
                <i>1 0 0 0 1 0 0 0 1 -1.81 0.85 -1.79</i>
                <i>1 0 0 0 1 0 0 0 1 -1.81 0.85 -1.79</i>
                <i>1 0 0 0 1 0 0 0 1 -1.81 0.85 -1.79</i>
                <i>1 0 0 0 1 0 0 0 1 -1.81 0.85 -1.79</i>
                <i>1 0 0 0 1 0 0 0 1 -1.81 0.85 -1.79</i>
                <i>1 0 0 0 1 0 0 0 1 -1.81 0.85 -1.79</i>
                <i>1 0 0 0 1 0 0 0 1 -1.81 0.85 -1.79</i>
                <i>1 0 0 0 1 0 0 0 1 -1.81 0.85 -1.79</i>
                <i>1 0 0 0 1 0 0 0 1 -1.81 0.85 -1.79</i>
                <i>1 0 0 0 1 0 0 0 1 -1.81 0.85 -1.79</i>
                <i>1 0 0 0 1 0 0 0 1 -1.81 0.85 -1.79</i>
                <i>1 0 0 0 1 0 0 0 1 -1.81 0.85 -1.79</i>
                <i>1 0 0 0 1 0 0 0 1 -1.81 0.85 -1.79</i>
                <i>1 0 0 0 1 0 0 0 1 -1.81 0.85 -1.79</i>
                <i>1 0 0 0 1 0 0 0 1 -1.81 0.85 -1.79</i>
                <i>1 0 0 0 1 0 0 0 1 -1.81 0.85 -1.79</i>
                <i>1 0 0 0 1 0 0 0 1 -1.81 0.85 -1.79</i>
                <i>1 0 0 0 1 0 0 0 1 -1.81 0.85 -1.79</i>
                <i>1 0 0 0 1 0 0 0 1 -1.81 0.85 -1.79</i>
                <i>1 0 0 0 1 0 0 0 1 -1.81 0.85 -1.79</i>
                <i>1 0 0 0 1 0 0 0 1 -1.81 0.85 -1.79</i>
                <i>1 0 0 0 1 0 0 0 1 -1.81 0.85 -1.79</i>
                <i>1 0 0 0 1 0 0 0 1 -1.81 0.85 -1.79</i>
                <i>1 0 0 0 1 0 0 0 1 -1.81 0.85 -1.79</i>
                <i>1 0 0 0 1 0 0 0 1 -1.81 0.85 -1.79</i>
                <i>1 0 0 0 1 0 0 0 1 -1.81 0.85 -1.79</i>
                <i>1 0 0 0 1 0 0 0 1 -1.81 0.85 -1.79</i>
                <i>1 0 0 0 1 0 0 0 1 -1.81 0.85 -1.79</i>
                <i>1 0 0 0 1 0 0 0 1 -1.81 0.85 -1.79</i>
                <i>1 0 0 0 1 0 0 0 1 -1.81 0.85 -1.79</i>
                <i>1 0 0 0 1 0 0 0 1 -1.81 0.85 -1.79</i>
                <i>1 0 0 0 1 0 0 0 1 -1.81 0.85 -1.79</i>
                <i>1 0 0 0 1 0 0 0 1 -1.81 0.85 -1.79</i>
                <i>1 0 0 0 1 0 0 0 1 -1.81 0.85 -1.79</i>
                <i>1 0 0 0 1 0 0 0 1 -1.81 0.85 -1.79</i>
                <i>1 0 0 0 1 0 0 0 1 -1.81 0.85 -1.79</i>
                <i>1 0 0 0 1 0 0 0 1 -1.81 0.85 -1.79</i>
                <i>1 0 0 0 1 0 0 0 1 -1.81 0.85 -1.79</i>
                <i>1 0 0 0 1 0 0 0 1 -1.81 0.85 -1.79</i>
                <i>1 0 0 0 1 0 0 0 1 -1.81 0.85 -1.79</i>
                <i>1 0 0 0 1 0 0 0 1 -1.81 0.85 -1.79</i>
                <i>1 0 0 0 1 0 0 0 1 -1.81 0.85 -1.79</i>
                <i>1 0 0 0 1 0 0 0 1 -1.81 0.85 -1.79</i>
                <i>1 0 0 0 1 0 0 0 1 -1.81 0.85 -1.79</i>
                <i>1 0 0 0 1 0 0 0 1 -1.81 0.85 -1.79</i>
                <i>1 0 0 0 1 0 0 0 1 -1.81 0.85 -1.79</i>
                <i>1 0 0 0 1 0 0 0 1 -1.81 0.85 -1.79</i>
                <i>1 0 0 0 1 0 0 0 1 -1.81 0.85 -1.79</i>
                <i>1 0 0 0 1 0 0 0 1 -1.81 0.85 -1.79</i>
                <i>1 0 0 0 1 0 0 0 1 -1.81 0.85 -1.79</i>
                <i>1 0 0 0 1 0 0 0 1 -1.81 0.85 -1.79</i>
                <i>1 0 0 0 1 0 0 0 1 -1.81 0.85 -1.79</i>
                <i>1 0 0 0 1 0 0 0 1 -1.81 0.85 -1.79</i>
                <i>1 0 0 0 1 0 0 0 1 -1.81 0.85 -1.79</i>
                <i>1 0 0 0 1 0 0 0 1 -1.81 0.85 -1.79</i>
                <i>1 0 0 0 1 0 0 0 1 -1.81 0.85 -1.79</i>
                <i>1 0 0 0 1 0 0 0 1 -1.81 0.85 -1.79</i>
                <i>1 0 0 0 1 0 0 0 1 -1.81 0.85 -1.79</i>
                <i>1 0 0 0 1 0 0 0 1 -1.81 0.85 -1.79</i>
                <i>1 0 0 0 1 0 0 0 1 -1.81 0.85 -1.79</i>
                <i>1 0 0 0 1 0 0 0 1 -1.81 0.85 -1.79</i>
                <i>1 0 0 0 1 0 0 0 1 -1.81 0.85 -1.79</i>
                <i>1 0 0 0 1 0 0 0 1 -1.81 0.85 -1.79</i>
                <i>1 0 0 0 1 0 0 0 1 -1.81 0.85 -1.79</i>
                <i>1 0 0 0 1 0 0 0 1 -1.81 0.85 -1.79</i>
                <i>1 0 0 0 1 0 0 0 1 -1.81 0.85 -1.79</i>
                <i>1 0 0 0 1 0 0 0 1 -1.81 0.85 -1.79</i>
                <i>1 0 0 0 1 0 0 0 1 -1.81 0.85 -1.79</i>
                <i>1 0 0 0 1 0 0 0 1 -1.81 0.85 -1.79</i>
                <i>1 0 0 0 1 0 0 0 1 -1.81 0.85 -1.79</i>
                <i>1 0 0 0 1 0 0 0 1 -1.81 0.85 -1.79</i>
                <i>1 0 0 0 1 0 0 0 1 -1.81 0.85 -1.79</i>
                <i>1 0 0 0 1 0 0 0 1 -1.81 0.85 -1.79</i>
                <i>1 0 0 0 1 0 0 0 1 -1.81 0.85 -1.79</i>
                <i>1 0 0 0 1 0 0 0 1 -1.81 0.85 -1.79</i>
                <i>1 0 0 0 1 0 0 0 1 -1.81 0.85 -1.79</i>
                <i>1 0 0 0 1 0 0 0 1 -1.81 0.85 -1.79</i>
                <i>1 0 0 0 1 0 0 0 1 -1.81 0.85 -1.79</i>
                <i>1 0 0 0 1 0 0 0 1 -1.81 0.85 -1.79</i>
                <i>1 0 0 0 1 0 0 0 1 -1.81 0.85 -1.79</i>
                <i>1 0 0 0 1 0 0 0 1 -1.81 0.85 -1.79</i>
                <i>1 0 0 0 1 0 0 0 1 -1.81 0.85 -1.79</i>
                <i>1 0 0 0 1 0 0 0 1 -1.81 0.85 -1.79</i>
                <i>1 0 0 0 1 0 0 0 1 -1.81 0.85 -1.79</i>
                <i>1 0 0 0 1 0 0 0 1 -1.81 0.85 -1.79</i>
                <i>1 0 0 0 1 0 0 0 1 -1.81 0.85 -1.79</i>
                <i>1 0 0 0 1 0 0 0 1 -1.81 0.85 -1.79</i>
                <i>1 0 0 0 1 0 0 0 1 -1.81 0.85 -1.79</i>
                <i>1 0 0 0 1 0 0 0 1 -1.81 0.85 -1.79</i>
                <i>1 0 0 0 1 0 0 0 1 -1.81 0.85 -1.79</i>
                <i>1 0 0 0 1 0 0 0 1 -1.81 0.85 -1.79</i>
                <i>1 0 0 0 1 0 0 0 1 -1.81 0.85 -1.79</i>
                <i>1 0 0 0 1 0 0 0 1 -1.81 0.85 -1.79</i>
                <i>1 0 0 0 1 0 0 0 1 -1.81 0.85 -1.79</i>
                <i>1 0 0 0 1 0 0 0 1 -1.81 0.85 -1.79</i>
                <i>1 0 0 0 1 0 0 0 1 -1.81 0.85 -1.79</i>
                <i>1 0 0 0 1 0 0 0 1 -1.81 0.85 -1.79</i>
                <i>1 0 0 0 1 0 0 0 1 -1.81 0.85 -1.79</i>
                <i>1 0 0 0 1 0 0 0 1 -1.81 0.85 -1.79</i>
                <i>1 0 0 0 1 0 0 0 1 -1.81 0.85 -1.79</i>
                <i>1 0 0 0 1 0 0 0 1 -1.81 0.85 -1.79</i>
                <i>1 0 0 0 1 0 0 0 1 -1.81 0.85 -1.79</i>
                <i>1 0 0 0 1 0 0 0 1 -1.81 0.85 -1.79</i>
                <i>1 0 0 0 1 0 0 0 1 -1.81 0.85 -1.79</i>
                <i>1 0 0 0 1 0 0 0 1 -1.81 0.85 -1.79</i>
                <i>1 0 0 0 1 0 0 0 1 -1.81 0.85 -1.79</i>
                <i>1 0 0 0 1 0 0 0 1 -1.81 0.85 -1.79</i>
                <i>1 0 0 0 1 0 0 0 1 -1.81 0.85 -1.79</i>
                <i>1 0 0 0 1 0 0 0 1 -1.81 0.85 -1.79</i>
                <i>1 0 0 0 1 0 0 0 1 -1.81 0.85 -1.79</i>
                <i>1 0 0 0 1 0 0 0 1 -1.81 0.85 -1.79</i>
                <i>1 0 0 0 1 0 0 0 1 -1.81 0.85 -1.79</i>
                <i>1 0 0 0 1 0 0 0 1 -1.81 0.85 -1.79</i>
                <i>1 0 0 0 1 0 0 0 1 -1.81 0.85 -1.79</i>
                <i>1 0 0 0 1 0 0 0 1 -1.81 0.85 -1.79</i>
                <i>1 0 0 0 1 0 0 0 1 -1.81 0.85 -1.79</i>
                <i>1 0 0 0 1 0 0 0 1 -1.81 0.85 -1.79</i>
                <i>1 0 0 0 1 0 0 0 1 -1.81 0.85 -1.79</i>
                <i>1 0 0 0 1 0 0 0 1 -1.81 0.85 -1.79</i>
                <i>1 0 0 0 1 0 0 0 1 -1.81 0.85 -1.79</i>
                <i>1 0 0 0 1 0 0 0 1 -1.81 0.85 -1.79</i>
                <i>1 0 0 0 1 0 0 0 1 -1.81 0.85 -1.79</i>
                <i>1 0 0 0 1 0 0 0 1 -1.81 0.85 -1.79</i>
                <i>1 0 0 0 1 0 0 0 1 -1.81 0.85 -1.79</i>
                <i>1 0 0 0 1 0 0 0 1 -1.81 0.85 -1.79</i>
                <i>1 0 0 0 1 0 0 0 1 -1.81 0.85 -1.79</i>
                <i>1 0 0 0 1 0 0 0 1 -1.81 0.85 -1.79</i>
                <i>1 0 0 0 1 0 0 0 1 -1.81 0.85 -1.79</i>
                <i>1 0 0 0 1 0 0 0 1 -1.81 0.85 -1.79</i>
                <i>1 0 0 0 1 0 0 0 1 -1.81 0.85 -1.79</i>
                <i>1 0 0 0 1 0 0 0 1 -1.81 0.85 -1.79</i>
                <i>1 0 0 0 1 0 0 0 1 -1.81 0.85 -1.79</i>
                <i>1 0 0 0 1 0 0 0 1 -1.81 0.85 -1.79</i>
                <i>1 0 0 0 1 0 0 0 1 -1.81 0.85 -1.79</i>
                <i>1 0 0 0 1 0 0 0 1 -1.81 0.85 -1.79</i>
                <i>1 0 0 0 1 0 0 0 1 -1.81 0.85 -1.79</i>
                <i>1 0 0 0 1 0 0 0 1 -1.81 0.85 -1.79</i>
                <i>1 0 0 0 1 0 0 0 1 -1.81 0.85 -1.79</i>
                <i>1 0 0 0 1 0 0 0 1 -1.81 0.85 -1.79</i>
                <i>1 0 0 0 1 0 0 0 1 -1.81 0.85 -1.79</i>
                <i>1 0 0 0 1 0 0 0 1 -1.81 0.85 -1.79</i>
                <i>1 0 0 0 1 0 0 0 1 -1.81 0.85 -1.79</i>
                <i>1 0 0 0 1 0 0 0 1 -1.81 0.85 -1.79</i>
                <i>1 0 0 0 1 0 0 0 1 -1.81 0.85 -1.79</i>
                <i>1 0 0 0 1 0 0 0 1 -1.81 0.85 -1.79</i>
            </KeyFrames>
        </RefFrame>
        <Bones count="23">
            <i>
                <p>
                    <Name><![CDATA[pelvis]]></Name>
                    <Exclude>0</Exclude>
                    <Additive>0</Additive>
                    <IKPriority>0</IKPriority>
                    <IKRotLimits>-1e+010 -1e+010 -1e+010 1e+010 1e+010 1e+010</IKRotLimits>
                    <IKRotLimitOrder>2</IKRotLimitOrder>
                    <KeyFrames count="160">
                        <i>1 0 0 0 1 0 0 0 1 -1.91705 1.46832 -1.90868</i>
                        <i>1 0 0 0 1 0 0 0 1 -1.9111 1.48699 -1.90868</i>
                        <i>1 0 0 0 1 0 0 0 1 -1.89897 1.53026 -1.90868</i>
                        <i>1 0 0 0 1 0 0 0 1 -1.88925 1.57902 -1.90868</i>
                        <i>1 0 0 0 1 0 0 0 1 -1.8905 1.61413 -1.90868</i>
                        <i>1 0 0 0 1 0 0 0 1 -1.9084 1.6345 -1.89809</i>
                        <i>1 0 0 0 1 0 0 0 1 -1.9372 1.65099 -1.87271</i>
                        <i>1 0 0 0 1 0 0 0 1 -1.96834 1.66244 -1.84212</i>
                        <i>1 0 0 0 1 0 0 0 1 -1.99329 1.6677 -1.81592</i>
                        <i>1 0 0 0 1 0 0 0 1 -2.00351 1.66561 -1.80368</i>
                        <i>1 0 0 0 1 0 0 0 1 -2.00351 1.64973 -1.81105</i>
                        <i>1 0 0 0 1 0 0 0 1 -2.00351 1.62081 -1.83164</i>
                        <i>1 0 0 0 1 0 0 0 1 -2.00351 1.58855 -1.85699</i>
                        <i>1 0 0 0 1 0 0 0 1 -2.00351 1.5626 -1.87862</i>
                        <i>1 0 0 0 1 0 0 0 1 -2.00351 1.55263 -1.88808</i>
                        <i>1 0 0 0 1 0 0 0 1 -2.00573 1.56649 -1.8802</i>
                        <i>1 0 0 0 1 0 0 0 1 -2.01104 1.59772 -1.86065</i>
                        <i>1 0 0 0 1 0 0 0 1 -2.01737 1.63457 -1.83714</i>
                        <i>1 0 0 0 1 0 0 0 1 -2.02267 1.6653 -1.81737</i>
                        <i>1 0 0 0 1 0 0 0 1 -2.02489 1.67815 -1.80907</i>
                        <i>1 0 0 0 1 0 0 0 1 -2.02226 1.66135 -1.80907</i>
                        <i>1 0 0 0 1 0 0 0 1 -2.0161 1.62287 -1.80907</i>
                        <i>1 0 0 0 1 0 0 0 1 -2.00898 1.58066 -1.80907</i>
                        <i>1 0 0 0 1 0 0 0 1 -2.00351 1.55263 -1.80907</i>
                        <i>1 0 0 0 1 0 0 0 1 -1.99941 1.53468 -1.8102</i>
                        <i>1 0 0 0 1 0 0 0 1 -1.99484 1.51637 -1.81331</i>
                        <i>1 0 0 0 1 0 0 0 1 -1.99002 1.50612 -1.81796</i>
                        <i>1 0 0 0 1 0 0 0 1 -1.98516 1.51236 -1.8237</i>
                        <i>1 0 0 0 1 0 0 0 1 -1.98047 1.54352 -1.83011</i>
                        <i>1 0 0 0 1 0 0 0 1 -1.97618 1.60411 -1.83673</i>
                        <i>1 0 0 0 1 0 0 0 1 -1.97248 1.68705 -1.84313</i>
                        <i>1 0 0 0 1 0 0 0 1 -1.9696 1.7834 -1.84888</i>
                        <i>1 0 0 0 1 0 0 0 1 -1.96776 1.8842 -1.85352</i>
                        <i>1 0 0 0 1 0 0 0 1 -1.96716 1.98049 -1.85663</i>
                        <i>1 0 0 0 1 0 0 0 1 -1.96802 2.06333 -1.85777</i>
                        <i>1 0 0 0 1 0 0 0 1 -1.9722 2.13163 -1.85826</i>
                        <i>1 0 0 0 1 0 0 0 1 -1.98017 2.1564 -1.8586</i>
                        <i>1 0 0 0 1 0 0 0 1 -1.99032 2.11891 -1.85777</i>
                        <i>1 0 0 0 1 0 0 0 1 -2.00162 2.04086 -1.85631</i>
                        <i>1 0 0 0 1 0 0 0 1 -2.01336 1.94738 -1.85566</i>
                        <i>1 0 0 0 1 0 0 0 1 -2.02448 1.86404 -1.85637</i>
                        <i>1 0 0 0 1 0 0 0 1 -2.03346 1.81642 -1.85777</i>
                        <i>1 0 0 0 1 0 0 0 1 -2.04086 1.81595 -1.85652</i>
                        <i>1 0 0 0 1 0 0 0 1 -2.04786 1.83803 -1.8502</i>
                        <i>1 0 0 0 1 0 0 0 1 -2.05409 1.85413 -1.83995</i>
                        <i>1 0 0 0 1 0 0 0 1 -2.05955 1.85495 -1.82772</i>
                        <i>1 0 0 0 1 0 0 0 1 -2.06422 1.8522 -1.81509</i>
                        <i>1 0 0 0 1 0 0 0 1 -2.068 1.84885 -1.80349</i>
                        <i>1 0 0 0 1 0 0 0 1 -2.07067 1.84787 -1.79415</i>
                        <i>1 0 0 0 1 0 0 0 1 -2.07196 1.85226 -1.78825</i>
                        <i>1 0 0 0 1 0 0 0 1 -2.07147 1.86756 -1.78519</i>
                        <i>1 0 0 0 1 0 0 0 1 -2.06927 1.89316 -1.78349</i>
                        <i>1 0 0 0 1 0 0 0 1 -2.06577 1.92279 -1.7829</i>
                        <i>1 0 0 0 1 0 0 0 1 -2.06138 1.95016 -1.78317</i>
                        <i>1 0 0 0 1 0 0 0 1 -2.05654 1.96899 -1.78406</i>
                        <i>1 0 0 0 1 0 0 0 1 -2.05164 1.9773 -1.78534</i>
                        <i>1 0 0 0 1 0 0 0 1 -2.04711 1.97892 -1.78676</i>
                        <i>1 0 0 0 1 0 0 0 1 -2.04336 1.97629 -1.78808</i>
                        <i>1 0 0 0 1 0 0 0 1 -2.04081 1.97188 -1.78905</i>
                        <i>1 0 0 0 1 0 0 0 1 -2.03987 1.96813 -1.78943</i>
                        <i>1 0 0 0 1 0 0 0 1 -2.03987 1.96389 -1.78943</i>
                        <i>1 0 0 0 1 0 0 0 1 -2.03987 1.95797 -1.78943</i>
                        <i>1 0 0 0 1 0 0 0 1 -2.03987 1.9527 -1.78943</i>
                        <i>1 0 0 0 1 0 0 0 1 -2.03987 1.95043 -1.78943</i>
                        <i>1 0 0 0 1 0 0 0 1 -2.03987 1.95182 -1.78943</i>
                        <i>1 0 0 0 1 0 0 0 1 -2.03987 1.95527 -1.78943</i>
                        <i>1 0 0 0 1 0 0 0 1 -2.03987 1.95971 -1.78943</i>
                        <i>1 0 0 0 1 0 0 0 1 -2.03987 1.96405 -1.78943</i>
                        <i>1 0 0 0 1 0 0 0 1 -2.03987 1.96721 -1.78943</i>
                        <i>1 0 0 0 1 0 0 0 1 -2.03987 1.96813 -1.78943</i>
                        <i>1 0 0 0 1 0 0 0 1 -2.03951 1.96977 -1.79309</i>
                        <i>1 0 0 0 1 0 0 0 1 -2.03921 1.97406 -1.80269</i>
                        <i>1 0 0 0 1 0 0 0 1 -2.04005 1.97835 -1.81606</i>
                        <i>1 0 0 0 1 0 0 0 1 -2.04287 1.97997 -1.83073</i>
                        <i>1 0 0 0 1 0 0 0 1 -2.04826 1.97625 -1.84393</i>
                        <i>1 0 0 0 1 0 0 0 1 -2.05892 1.96744 -1.8576</i>
                        <i>1 0 0 0 1 0 0 0 1 -2.07442 1.95656 -1.87357</i>
                        <i>1 0 0 0 1 0 0 0 1 -2.09063 1.94525 -1.88877</i>
                        <i>1 0 0 0 1 0 0 0 1 -2.1034 1.93511 -1.90014</i>
                        <i>1 0 0 0 1 0 0 0 1 -2.10857 1.92776 -1.90462</i>
                        <i>1 0 0 0 1 0 0 0 1 -2.10857 1.92271 -1.90462</i>
                        <i>1 0 0 0 1 0 0 0 1 -2.10857 1.91845 -1.90462</i>
                        <i>1 0 0 0 1 0 0 0 1 -2.10857 1.91504 -1.90462</i>
                        <i>1 0 0 0 1 0 0 0 1 -2.10857 1.91255 -1.90462</i>
                        <i>1 0 0 0 1 0 0 0 1 -2.10857 1.91105 -1.90462</i>
                        <i>1 0 0 0 1 0 0 0 1 -2.10857 1.91059 -1.90462</i>
                        <i>1 0 0 0 1 0 0 0 1 -2.10857 1.91125 -1.90462</i>
                        <i>1 0 0 0 1 0 0 0 1 -2.10857 1.91442 -1.90462</i>
                        <i>1 0 0 0 1 0 0 0 1 -2.10857 1.92045 -1.90462</i>
                        <i>1 0 0 0 1 0 0 0 1 -2.10857 1.92789 -1.90462</i>
                        <i>1 0 0 0 1 0 0 0 1 -2.10857 1.93525 -1.90462</i>
                        <i>1 0 0 0 1 0 0 0 1 -2.10857 1.94106 -1.90462</i>
                        <i>1 0 0 0 1 0 0 0 1 -2.10857 1.94385 -1.90462</i>
                        <i>1 0 0 0 1 0 0 0 1 -2.10857 1.94433 -1.90462</i>
                        <i>1 0 0 0 1 0 0 0 1 -2.10857 1.94425 -1.90462</i>
                        <i>1 0 0 0 1 0 0 0 1 -2.10857 1.94369 -1.90462</i>
                        <i>1 0 0 0 1 0 0 0 1 -2.10857 1.94272 -1.90462</i>
                        <i>1 0 0 0 1 0 0 0 1 -2.10857 1.94143 -1.90462</i>
                        <i>1 0 0 0 1 0 0 0 1 -2.10857 1.93988 -1.90462</i>
                        <i>1 0 0 0 1 0 0 0 1 -2.10857 1.93817 -1.90462</i>
                        <i>1 0 0 0 1 0 0 0 1 -2.10857 1.93637 -1.90462</i>
                        <i>1 0 0 0 1 0 0 0 1 -2.10857 1.93455 -1.90462</i>
                        <i>1 0 0 0 1 0 0 0 1 -2.10857 1.9328 -1.90462</i>
                        <i>1 0 0 0 1 0 0 0 1 -2.10857 1.93119 -1.90462</i>
                        <i>1 0 0 0 1 0 0 0 1 -2.10857 1.92981 -1.90462</i>
                        <i>1 0 0 0 1 0 0 0 1 -2.10857 1.92872 -1.90462</i>
                        <i>1 0 0 0 1 0 0 0 1 -2.10857 1.92801 -1.90462</i>
                        <i>1 0 0 0 1 0 0 0 1 -2.10857 1.92776 -1.90462</i>
                        <i>1 0 0 0 1 0 0 0 1 -2.10857 1.92776 -1.90462</i>
                        <i>1 0 0 0 1 0 0 0 1 -2.10857 1.92776 -1.90462</i>
                        <i>1 0 0 0 1 0 0 0 1 -2.10857 1.92776 -1.90462</i>
                        <i>1 0 0 0 1 0 0 0 1 -2.10857 1.92776 -1.90462</i>
                        <i>1 0 0 0 1 0 0 0 1 -2.10857 1.92776 -1.90462</i>
                        <i>1 0 0 0 1 0 0 0 1 -2.10856 1.92934 -1.90445</i>
                        <i>1 0 0 0 1 0 0 0 1 -2.10854 1.93253 -1.90403</i>
                        <i>1 0 0 0 1 0 0 0 1 -2.10851 1.93499 -1.90348</i>
                        <i>1 0 0 0 1 0 0 0 1 -2.10848 1.9344 -1.9029</i>
                        <i>1 0 0 0 1 0 0 0 1 -2.10845 1.92841 -1.90241</i>
                        <i>1 0 0 0 1 0 0 0 1 -2.10843 1.9147 -1.90212</i>
                        <i>1 0 0 0 1 0 0 0 1 -2.10842 1.89094 -1.90215</i>
                        <i>1 0 0 0 1 0 0 0 1 -2.10582 1.85648 -1.90249</i>
                        <i>1 0 0 0 1 0 0 0 1 -2.0986 1.81364 -1.90302</i>
                        <i>1 0 0 0 1 0 0 0 1 -2.08762 1.7645 -1.9037</i>
                        <i>1 0 0 0 1 0 0 0 1 -2.07374 1.71115 -1.90447</i>
                        <i>1 0 0 0 1 0 0 0 1 -2.05781 1.65569 -1.9053</i>
                        <i>1 0 0 0 1 0 0 0 1 -2.04069 1.6002 -1.90613</i>
                        <i>1 0 0 0 1 0 0 0 1 -2.02325 1.54678 -1.90692</i>
                        <i>1 0 0 0 1 0 0 0 1 -2.00634 1.4975 -1.90762</i>
                        <i>1 0 0 0 1 0 0 0 1 -1.99082 1.45447 -1.90817</i>
                        <i>1 0 0 0 1 0 0 0 1 -1.97755 1.41977 -1.90854</i>
                        <i>1 0 0 0 1 0 0 0 1 -1.96739 1.39549 -1.90868</i>
                        <i>1 0 0 0 1 0 0 0 1 -1.95941 1.38148 -1.90868</i>
                        <i>1 0 0 0 1 0 0 0 1 -1.95211 1.37536 -1.90868</i>
                        <i>1 0 0 0 1 0 0 0 1 -1.94549 1.37586 -1.90868</i>
                        <i>1 0 0 0 1 0 0 0 1 -1.93955 1.38171 -1.90868</i>
                        <i>1 0 0 0 1 0 0 0 1 -1.9343 1.39162 -1.90868</i>
                        <i>1 0 0 0 1 0 0 0 1 -1.92974 1.40434 -1.90868</i>
                        <i>1 0 0 0 1 0 0 0 1 -1.92588 1.41859 -1.90868</i>
                        <i>1 0 0 0 1 0 0 0 1 -1.92271 1.43311 -1.90868</i>
                        <i>1 0 0 0 1 0 0 0 1 -1.92024 1.44661 -1.90868</i>
                        <i>1 0 0 0 1 0 0 0 1 -1.91847 1.45782 -1.90868</i>
                        <i>1 0 0 0 1 0 0 0 1 -1.91741 1.46548 -1.90868</i>
                        <i>1 0 0 0 1 0 0 0 1 -1.91705 1.46832 -1.90868</i>
                        <i>1 0 0 0 1 0 0 0 1 -1.91705 1.46832 -1.90868</i>
                        <i>1 0 0 0 1 0 0 0 1 -1.91705 1.46832 -1.90868</i>
                        <i>1 0 0 0 1 0 0 0 1 -1.91705 1.46832 -1.90868</i>
                        <i>1 0 0 0 1 0 0 0 1 -1.91705 1.46832 -1.90868</i>
                        <i>1 0 0 0 1 0 0 0 1 -1.91705 1.46832 -1.90868</i>
                        <i>1 0 0 0 1 0 0 0 1 -1.91705 1.46832 -1.90868</i>
                        <i>1 0 0 0 1 0 0 0 1 -1.91705 1.46832 -1.90868</i>
                        <i>1 0 0 0 1 0 0 0 1 -1.91705 1.46832 -1.90868</i>
                        <i>1 0 0 0 1 0 0 0 1 -1.91705 1.46832 -1.90868</i>
                        <i>1 0 0 0 1 0 0 0 1 -1.91705 1.46832 -1.90868</i>
                        <i>1 0 0 0 1 0 0 0 1 -1.91705 1.46832 -1.90868</i>
                        <i>1 0 0 0 1 0 0 0 1 -1.91705 1.46832 -1.90868</i>
                        <i>1 0 0 0 1 0 0 0 1 -1.91705 1.46832 -1.90868</i>
                        <i>1 0 0 0 1 0 0 0 1 -1.91705 1.46832 -1.90868</i>
                        <i>1 0 0 0 1 0 0 0 1 -1.91705 1.46832 -1.90868</i>
                        <i>1 0 0 0 1 0 0 0 1 -1.91705 1.46832 -1.90868</i>
                        <i>1 0 0 0 1 0 0 0 1 -1.91705 1.46832 -1.90868</i>
                    </KeyFrames>
                </p>
            </i>
            <i>
                <p>
                    <Name><![CDATA[spine0]]></Name>
                    <Exclude>0</Exclude>
                    <Additive>0</Additive>
                    <IKPriority>0</IKPriority>
                    <IKRotLimits>-1e+010 -1e+010 -1e+010 1e+010 1e+010 1e+010</IKRotLimits>
                    <IKRotLimitOrder>0</IKRotLimitOrder>
                    <KeyFrames count="160">
                        <i>-0.0333484 0.97671 0.211955 -0.998234 -0.0221183 -0.0551362 -0.049164 -0.213419 0.975723 -1.93013 1.6052 -1.95097</i>
                        <i>-0.0124121 0.978374 0.20647 -0.998453 -0.00093532 -0.055591 -0.0541956 -0.20684 0.976873 -1.92214 1.62255 -1.95558</i>
                        <i>0.0336553 0.979993 0.196168 -0.99723 0.0459554 -0.05849 -0.0663347 -0.193656 0.978824 -1.90571 1.66231 -1.96538</i>
                        <i>0.0794866 0.978903 0.188229 -0.993618 0.0929647 -0.0638802 -0.0800312 -0.18195 0.980046 -1.892 1.7069 -1.97452</i>
                        <i>0.100043 0.97751 0.185648 -0.991267 0.114031 -0.0662387 -0.0859185 -0.1774 0.980381 -1.89161 1.74033 -1.97772</i>
                        <i>0.0868204 0.978213 0.188579 -0.992102 0.1021 -0.0728669 -0.0905333 -0.180763 0.979351 -1.90891 1.76327 -1.96222</i>
                        <i>0.0553056 0.978997 0.19623 -0.992706 0.0749992 -0.0943883 -0.107123 -0.189579 0.976004 -1.93661 1.78426 -1.92688</i>
                        <i>0.0170112 0.977977 0.208018 -0.991095 0.0439735 -0.125688 -0.132067 -0.204028 0.970016 -1.96727 1.79996 -1.88436</i>
                        <i>-0.0159414 0.975307 0.220277 -0.9876 0.0190522 -0.155828 -0.156177 -0.22003 0.96291 -1.99255 1.80797 -1.84785</i>
                        <i>-0.0304859 0.973492 0.226682 -0.985515 0.00857633 -0.169371 -0.166825 -0.228562 0.959129 -2.0032 1.8069 -1.83076</i>
                        <i>-0.032547 0.973381 0.226872 -0.985097 0.00711608 -0.171853 -0.168893 -0.229084 0.958643 -2.00302 1.79063 -1.84006</i>
                        <i>-0.0360667 0.972343 0.230758 -0.984002 0.00575992 -0.178067 -0.174471 -0.233488 0.956579 -2.00224 1.76044 -1.86628</i>
                        <i>-0.0397877 0.968097 0.247397 -0.982562 0.00709943 -0.185802 -0.18163 -0.250476 0.950932 -2.00102 1.72637 -1.89817</i>
                        <i>-0.0427197 0.95767 0.284682 -0.981172 0.0135039 -0.192663 -0.188352 -0.287552 0.939062 -1.99962 1.69886 -1.92458</i>
                        <i>-0.0437812 0.936594 0.347671 -0.980318 0.0267836 -0.195601 -0.192511 -0.349392 0.916987 -1.99838 1.6887 -1.9345</i>
                        <i>-0.0517261 0.887345 0.458197 -0.980242 0.0425996 -0.193159 -0.190917 -0.459135 0.867609 -2.0014 1.70472 -1.91981</i>
                        <i>-0.068472 0.794231 0.603746 -0.981073 0.0562644 -0.185281 -0.181126 -0.605006 0.775346 -2.01015 1.73902 -1.88767</i>
                        <i>-0.0828054 0.669637 0.738058 -0.982725 0.0681351 -0.172074 -0.165515 -0.739557 0.652427 -2.0209 1.77779 -1.85027</i>
                        <i>-0.0889021 0.550986 0.829766 -0.984309 0.0788807 -0.157839 -0.15242 -0.830778 0.535328 -2.02973 1.80896 -1.82016</i>
                        <i>-0.0887137 0.490052 0.867167 -0.984429 0.089504 -0.15129 -0.151755 -0.867086 0.474481 -2.03275 1.8218 -1.80987</i>
                        <i>-0.0818422 0.516625 0.852291 -0.980462 0.111744 -0.161885 -0.178872 -0.848889 0.497386 -2.02542 1.8044 -1.82391</i>
                        <i>-0.0667886 0.59965 0.797471 -0.972164 0.140788 -0.187283 -0.224579 -0.787781 0.573555 -2.01077 1.76076 -1.84975</i>
                        <i>-0.0481409 0.699215 0.713289 -0.964577 0.152893 -0.214977 -0.259372 -0.698371 0.667086 -1.99641 1.70836 -1.87411</i>
                        <i>-0.0379597 0.782641 0.621315 -0.964465 0.133996 -0.227713 -0.261471 -0.60788 0.749743 -1.98888 1.67328 -1.88604</i>
                        <i>-0.0262149 0.855737 0.516747 -0.975881 0.0901612 -0.198815 -0.216724 -0.509495 0.832734 -1.98911 1.65709 -1.88507</i>
                        <i>-0.00863405 0.921672 0.387874 -0.990088 0.0464991 -0.132531 -0.140186 -0.385174 0.912134 -1.99217 1.64477 -1.87813</i>
                        <i>-0.00264577 0.962353 0.27179 -0.998338 0.0131071 -0.0561282 -0.0575775 -0.271486 0.960718 -1.99468 1.64085 -1.86818</i>
                        <i>-0.00690344 0.980569 0.196054 -0.999929 -0.00866569 0.0081322 0.00967312 -0.195984 0.980559 -1.9946 1.65125 -1.85996</i>
                        <i>-0.013966 0.989098 0.146596 -0.999048 -0.0198624 0.0388356 0.041324 -0.145915 0.988434 -1.99224 1.68386 -1.85946</i>
                        <i>-0.0193856 0.994643 0.10154 -0.998605 -0.0242516 0.0469086 0.0491198 -0.100489 0.993725 -1.9892 1.74405 -1.86743</i>
                        <i>-0.0221585 0.998047 0.0584043 -0.998059 -0.0254841 0.0568241 0.0582015 -0.0570318 0.996674 -1.98647 1.82561 -1.87922</i>
                        <i>-0.0238662 0.999538 0.018832 -0.997457 -0.0250734 0.0667095 0.0671508 -0.017192 0.997595 -1.98444 1.9196 -1.89276</i>
                        <i>-0.0251628 0.999569 -0.0151513 -0.996895 -0.0239586 0.0750024 0.074607 0.0169915 0.997068 -1.98338 2.01722 -1.90604</i>
                        <i>-0.0261375 0.998798 -0.0414596 -0.996521 -0.02275 0.0801724 0.0791329 0.0434109 0.995918 -1.98344 2.11 -1.91712</i>
                        <i>-0.0266533 0.997965 -0.0579279 -0.996505 -0.0219357 0.0806018 0.0791671 0.0598738 0.995062 -1.98466 2.18983 -1.92422</i>
                        <i>-0.0334136 0.997284 -0.065631 -0.996168 -0.0279213 0.0828884 0.0808308 0.0681491 0.994395 -1.99286 2.25529 -1.92882</i>
                        <i>-0.0455381 0.996564 -0.0691839 -0.995489 -0.0395002 0.0862653 0.0832361 0.0728002 0.993867 -2.00737 2.27663 -1.93276</i>
                        <i>-0.0487338 0.996343 -0.0701811 -0.995471 -0.0427083 0.0849367 0.0816288 0.0740025 0.993912 -2.01914 2.2363 -1.93578</i>
                        <i>-0.0352142 0.996847 -0.0711033 -0.996306 -0.029441 0.0806703 0.0783227 0.0736814 0.994201 -2.02405 2.15542 -1.94039</i>
                        <i>-0.0149764 0.997443 -0.0698857 -0.996603 -0.00923028 0.0818318 0.0809774 0.0708739 0.994193 -2.02595 2.05769 -1.94714</i>
                        <i>0.00280176 0.997986 -0.0633759 -0.995704 0.00864956 0.0921867 0.0925492 0.0628454 0.993723 -2.02804 1.97003 -1.95358</i>
                        <i>0.0125156 0.998501 -0.0532857 -0.994641 0.0179012 0.101826 0.102628 0.0517258 0.993374 -2.0321 1.921 -1.95655</i>
                        <i>0.0167866 0.998881 -0.0442258 -0.994615 0.0212065 0.101446 0.102271 0.0422847 0.993858 -2.03758 1.92273 -1.95286</i>
                        <i>0.0203783 0.99905 -0.0385253 -0.995305 0.0239185 0.0937862 0.0946186 0.0364332 0.994847 -2.0428 1.94853 -1.94217</i>
                        <i>0.0225741 0.999152 -0.0344206 -0.996349 0.0253195 0.0815315 0.0823339 0.0324544 0.996076 -2.04756 1.96914 -1.92612</i>
                        <i>0.0235691 0.999256 -0.0305176 -0.997418 0.0255751 0.0671043 0.0678348 0.0288572 0.997279 -2.05206 1.9746 -1.90725</i>
                        <i>0.024363 0.999317 -0.0277964 -0.998284 0.0258003 0.0525763 0.0532575 0.0264678 0.99823 -2.05642 1.97607 -1.88784</i>
                        <i>0.0249423 0.999353 -0.0259034 -0.99886 0.0259684 0.0400622 0.040709 0.0248747 0.998861 -2.06059 1.97612 -1.87014</i>
                        <i>0.0246429 0.99939 -0.0247348 -0.999187 0.0254122 0.0312835 0.031893 0.0239438 0.999204 -2.06435 1.97747 -1.85629</i>
                        <i>0.022488 0.999447 -0.0244755 -0.999355 0.0231583 0.0274552 0.0280069 0.0238423 0.999323 -2.06733 1.98289 -1.84834</i>
                        <i>0.0177204 0.999587 -0.0226289 -0.999462 0.018334 0.0271996 0.0276032 0.0221347 0.999374 -2.06996 1.99846 -1.84485</i>
                        <i>0.0113025 0.999791 -0.0170426 -0.999539 0.0117765 0.0279752 0.02817 0.0167186 0.999463 -2.07238 2.02417 -1.84286</i>
                        <i>0.00489205 0.999952 -0.00851671 -0.999566 0.00513725 0.0290109 0.0290533 0.00837109 0.999543 -2.0738 2.05367 -1.84208</i>
                        <i>0.000140255 0.999998 0.00210134 -0.999556 7.76154e-005 0.0297799 0.0297796 -0.00210458 0.999554 -2.07346 2.08077 -1.84225</i>
                        <i>-0.00136782 0.999903 0.0138766 -0.999548 -0.00178366 0.029999 0.0300209 -0.0138293 0.999454 -2.07059 2.09942 -1.84311</i>
                        <i>0.00167767 0.999665 0.0258415 -0.999552 0.000904208 0.0299138 0.0298804 -0.0258801 0.999218 -2.06466 2.10784 -1.84438</i>
                        <i>0.00811812 0.999278 0.0371148 -0.999533 0.00701566 0.0297383 0.0294565 -0.0373389 0.998868 -2.05687 2.10975 -1.8458</i>
                        <i>0.0157599 0.998777 0.0468691 -0.999468 0.0143971 0.0292744 0.0285638 -0.0473055 0.998472 -2.04903 2.10736 -1.84712</i>
                        <i>0.0222743 0.998277 0.0542763 -0.999374 0.0207411 0.0286491 0.027474 -0.0548804 0.998115 -2.04297 2.10305 -1.84809</i>
                        <i>0.0252738 0.997969 0.0584731 -0.99932 0.0236495 0.0283051 0.0268647 -0.0591487 0.997888 -2.04054 2.09931 -1.84847</i>
                        <i>0.0254494 0.997912 0.0593675 -0.999316 0.0238021 0.0282922 0.02682 -0.0600469 0.997835 -2.04054 2.09508 -1.84847</i>
                        <i>0.0251462 0.99801 0.0578235 -0.999322 0.0235387 0.0283144 0.026897 -0.0584963 0.997925 -2.04054 2.08916 -1.84847</i>
                        <i>0.0244687 0.998221 0.0543782 -0.999334 0.0229509 0.028364 0.0270655 -0.0550361 0.998117 -2.04054 2.08389 -1.84847</i>
                        <i>0.0235195 0.998494 0.0495611 -0.999351 0.0221284 0.0284333 0.0272938 -0.0501976 0.998366 -2.04054 2.08161 -1.84847</i>
                        <i>0.0224032 0.998784 0.0439102 -0.999369 0.0211627 0.0285147 0.0275508 -0.0445213 0.998628 -2.04054 2.083 -1.84847</i>
                        <i>0.0212286 0.999053 0.0379807 -0.999388 0.0201484 0.0286001 0.0278078 -0.0385646 0.998869 -2.04054 2.08646 -1.84847</i>
                        <i>0.0201092 0.999274 0.0323452 -0.999404 0.0191834 0.0286814 0.0280401 -0.0329027 0.999065 -2.04054 2.09089 -1.84847</i>
                        <i>0.0191622 0.999436 0.0275892 -0.999418 0.0183682 0.02875 0.028227 -0.0281241 0.999206 -2.04054 2.09523 -1.84847</i>
                        <i>0.0185068 0.999533 0.0243037 -0.999427 0.0178046 0.0287975 0.0283513 -0.0248227 0.99929 -2.04054 2.0984 -1.84847</i>
                        <i>0.0182621 0.999567 0.0230785 -0.99943 0.0175943 0.0288152 0.0283966 -0.0235916 0.999318 -2.04054 2.09931 -1.84847</i>
                        <i>0.0133842 0.999674 0.0217564 -0.999458 0.0127203 0.0303737 0.0300871 -0.0221511 0.999302 -2.04002 2.10126 -1.85145</i>
                        <i>0.00178495 0.999816 0.0191015 -0.999437 0.00114365 0.0335315 0.0335035 -0.0191506 0.999255 -2.03929 2.10628 -1.8594</i>
                        <i>-0.0119606 0.999784 0.0169774 -0.999263 -0.0125704 0.0362761 0.0364817 -0.016531 0.999198 -2.03959 2.11139 -1.8708</i>
                        <i>-0.0232081 0.999592 0.016667 -0.999004 -0.0238234 0.0377208 0.0381025 -0.0157749 0.999149 -2.04192 2.11367 -1.88382</i>
                        <i>-0.0272678 0.999452 0.018777 -0.998883 -0.0279677 0.038082 0.0385863 -0.0177176 0.999098 -2.04711 2.11023 -1.89632</i>
                        <i>-0.0226563 0.999611 0.0162917 -0.995703 -0.0240252 0.0894281 0.0897847 -0.0141956 0.99586 -2.0601 2.10128 -1.91033</i>
                        <i>-0.0150539 0.999874 0.00513176 -0.977429 -0.0157973 0.210672 0.210726 -0.0018445 0.977543 -2.08129 2.09019 -1.92642</i>
                        <i>-0.0101952 0.999906 -0.00919512 -0.936347 -0.00631921 0.351018 0.350927 0.0121885 0.936323 -2.10437 2.07878 -1.94051</i>
                        <i>-0.0102687 0.999706 -0.0219713 -0.886423 0.00106783 0.462874 0.462762 0.024229 0.886152 -2.1228 2.0687 -1.94987</i>
                        <i>-0.0139805 0.999407 -0.0314549 -0.861475 0.00393081 0.507785 0.507608 0.0341967 0.860909 -2.1303 2.0614 -1.95322</i>
                        <i>-0.0177138 0.999125 -0.0378936 -0.861475 0.00398523 0.507784 0.50749 0.0416392 0.860651 -2.1303 2.05636 -1.95322</i>
                        <i>-0.0196314 0.998938 -0.0416731 -0.86148 0.00425299 0.507774 0.507413 0.0458689 0.860482 -2.1303 2.0521 -1.95322</i>
                        <i>-0.0200801 0.998864 -0.0432104 -0.861486 0.00464709 0.507761 0.507385 0.047421 0.860414 -2.1303 2.04869 -1.95322</i>
                        <i>-0.0193902 0.998891 -0.0429018 -0.861492 0.00508437 0.507746 0.507401 0.0468048 0.860438 -2.1303 2.0462 -1.95322</i>
                        <i>-0.0178729 0.998994 -0.0411206 -0.861498 0.00548632 0.507732 0.507447 0.0445 0.860533 -2.1303 2.0447 -1.95322</i>
                        <i>-0.0148065 0.999224 -0.0365021 -0.861502 0.00578154 0.507722 0.507538 0.0389642 0.860748 -2.1303 2.04424 -1.95322</i>
                        <i>-0.0102447 0.999526 -0.0290355 -0.861504 0.00591875 0.507717 0.507648 0.0302156 0.861035 -2.1303 2.0449 -1.95322</i>
                        <i>-0.00595246 0.999753 -0.0214268 -0.861501 0.00575225 0.507723 0.50772 0.0214815 0.861254 -2.1303 2.04807 -1.95322</i>
                        <i>-0.00337513 0.999865 -0.016099 -0.861495 0.00526716 0.507739 0.507756 0.0155829 0.86136 -2.1303 2.0541 -1.95322</i>
                        <i>-0.00360804 0.999879 -0.0151338 -0.861484 0.00457669 0.507763 0.507771 0.0148696 0.861364 -2.1303 2.06154 -1.95322</i>
                        <i>-0.00738249 0.999773 -0.0199836 -0.861472 0.00378855 0.50779 0.507751 0.0209641 0.861249 -2.1303 2.0689 -1.95322</i>
                        <i>-0.0131964 0.999507 -0.0284991 -0.861462 0.00310551 0.507813 0.507651 0.0312522 0.860996 -2.1303 2.07471 -1.95322</i>
                        <i>-0.0188243 0.999124 -0.0373815 -0.861456 0.00276941 0.507825 0.507483 0.041762 0.860649 -2.1303 2.0775 -1.95322</i>
                        <i>-0.022883 0.998762 -0.0441727 -0.861455 0.00272274 0.507826 0.507318 0.0496734 0.860326 -2.1303 2.07798 -1.95322</i>
                        <i>-0.0244634 0.9986 -0.0468981 -0.861456 0.00274576 0.507825 0.507243 0.0528237 0.860183 -2.1303 2.0779 -1.95322</i>
                        <i>-0.0241642 0.998625 -0.0465188 -0.861457 0.0028108 0.507823 0.507256 0.052345 0.860204 -2.1303 2.07734 -1.95322</i>
                        <i>-0.0235927 0.998676 -0.0457182 -0.861458 0.00289636 0.50782 0.50728 0.0513651 0.860249 -2.1303 2.07637 -1.95322</i>
                        <i>-0.0227997 0.998746 -0.0445739 -0.86146 0.00299808 0.507817 0.507314 0.0499767 0.860311 -2.1303 2.07507 -1.95322</i>
                        <i>-0.0218359 0.998829 -0.0431632 -0.861462 0.00311167 0.507813 0.507353 0.048272 0.860385 -2.1303 2.07353 -1.95322</i>
                        <i>-0.0207519 0.99892 -0.0415636 -0.861464 0.00323282 0.507809 0.507395 0.0463435 0.860466 -2.1303 2.07182 -1.95322</i>
                        <i>-0.0195988 0.999013 -0.039853 -0.861466 0.00335717 0.507805 0.507438 0.0442844 0.86055 -2.1303 2.07002 -1.95322</i>
                        <i>-0.018428 0.999104 -0.0381101 -0.861468 0.0034803 0.507801 0.507478 0.0421884 0.860631 -2.1303 2.0682 -1.95322</i>
                        <i>-0.0172916 0.999187 -0.0364141 -0.861469 0.00359765 0.507797 0.507515 0.0401502 0.860707 -2.1303 2.06645 -1.95322</i>
                        <i>-0.0162422 0.999261 -0.034845 -0.861471 0.00370454 0.507793 0.507547 0.0382656 0.860774 -2.1303 2.06484 -1.95322</i>
                        <i>-0.015333 0.999322 -0.0334834 -0.861473 0.00379619 0.50779 0.507573 0.036631 0.86083 -2.1303 2.06346 -1.95322</i>
                        <i>-0.0146172 0.999368 -0.0324104 -0.861474 0.00386773 0.507788 0.507592 0.0353432 0.860872 -2.1303 2.06237 -1.95322</i>
                        <i>-0.0141486 0.999397 -0.0317073 -0.861474 0.00391424 0.507786 0.507604 0.0344994 0.8609 -2.1303 2.06166 -1.95322</i>
                        <i>-0.0139805 0.999407 -0.0314549 -0.861475 0.00393081 0.507785 0.507608 0.0341967 0.860909 -2.1303 2.0614 -1.95322</i>
                        <i>-0.0138699 0.999374 -0.032544 -0.858913 0.00475571 0.5121 0.511934 0.0350553 0.858309 -2.1312 2.06122 -1.95332</i>
                        <i>-0.013718 0.999295 -0.0349347 -0.852785 0.00654977 0.522222 0.522082 0.0369557 0.852094 -2.13335 2.06075 -1.95356</i>
                        <i>-0.0137198 0.999207 -0.0373912 -0.845444 0.00837419 0.533999 0.533888 0.0389386 0.844658 -2.13594 2.06014 -1.95382</i>
                        <i>-0.0138509 0.999139 -0.0391015 -0.839278 0.00963986 0.543617 0.543526 0.0403466 0.838422 -2.13812 2.0596 -1.954</i>
                        <i>-0.0139356 0.999114 -0.0397213 -0.836689 0.0100999 0.547585 0.5475 0.0408654 0.835807 -2.13905 2.05937 -1.95407</i>
                        <i>-0.0155366 0.99912 -0.038952 -0.840986 0.00801392 0.540998 0.540834 0.0411634 0.840122 -2.1389 2.06094 -1.95403</i>
                        <i>-0.0196968 0.999123 -0.0369525 -0.852453 0.00253034 0.522798 0.522433 0.0417977 0.851655 -2.13846 2.06409 -1.95394</i>
                        <i>-0.0254896 0.999092 -0.0341424 -0.868751 -0.0052408 0.495222 0.494593 0.0422843 0.868095 -2.13774 2.06653 -1.95387</i>
                        <i>-0.0319468 0.999009 -0.0310044 -0.88753 -0.0140892 0.460534 0.45964 0.0422299 0.887101 -2.13673 2.06593 -1.95386</i>
                        <i>-0.0379666 0.998882 -0.0281783 -0.906698 -0.0225815 0.421175 0.420068 0.0415398 0.906541 -2.13542 2.05997 -1.95401</i>
