<?xml version="1.0" encoding="ISO-8859-1" ?>
<Animl Version="1">
    <ModellingPackage><![CDATA[Maya.2010]]></ModellingPackage>
    <SrcFile><![CDATA[anims\turrets\mortar\blue\~src\mortar_m29\mortar_m29_fire_crewman_a.mb]]></SrcFile>
    <FramesPerSecond>30</FramesPerSecond>
    <TotalFrames>40</TotalFrames>
    <Skeleton>
        <RefFrame>
            <Name><![CDATA[soldier_ref_frame]]></Name>
            <Exclude>0</Exclude>
            <Additive>0</Additive>
            <IKPriority>0</IKPriority>
            <IKRotLimits>-1e+010 -1e+010 -1e+010 1e+010 1e+010 1e+010</IKRotLimits>
            <IKRotLimitOrder>0</IKRotLimitOrder>
            <KeyFrames count="40">
                <i>1 0 0 0 1 0 0 0 1 1.63 1.86 -0.24</i>
                <i>1 0 0 0 1 0 0 0 1 1.63 1.86 -0.24</i>
                <i>1 0 0 0 1 0 0 0 1 1.63 1.86 -0.24</i>
                <i>1 0 0 0 1 0 0 0 1 1.63 1.86 -0.24</i>
                <i>1 0 0 0 1 0 0 0 1 1.63 1.86 -0.24</i>
                <i>1 0 0 0 1 0 0 0 1 1.63 1.86 -0.24</i>
                <i>1 0 0 0 1 0 0 0 1 1.63 1.86 -0.24</i>
                <i>1 0 0 0 1 0 0 0 1 1.63 1.86 -0.24</i>
                <i>1 0 0 0 1 0 0 0 1 1.63 1.86 -0.24</i>
                <i>1 0 0 0 1 0 0 0 1 1.63 1.86 -0.24</i>
                <i>1 0 0 0 1 0 0 0 1 1.63 1.86 -0.24</i>
                <i>1 0 0 0 1 0 0 0 1 1.63 1.86 -0.24</i>
                <i>1 0 0 0 1 0 0 0 1 1.63 1.86 -0.24</i>
                <i>1 0 0 0 1 0 0 0 1 1.63 1.86 -0.24</i>
                <i>1 0 0 0 1 0 0 0 1 1.63 1.86 -0.24</i>
                <i>1 0 0 0 1 0 0 0 1 1.63 1.86 -0.24</i>
                <i>1 0 0 0 1 0 0 0 1 1.63 1.86 -0.24</i>
                <i>1 0 0 0 1 0 0 0 1 1.63 1.86 -0.24</i>
                <i>1 0 0 0 1 0 0 0 1 1.63 1.86 -0.24</i>
                <i>1 0 0 0 1 0 0 0 1 1.63 1.86 -0.24</i>
                <i>1 0 0 0 1 0 0 0 1 1.63 1.86 -0.24</i>
                <i>1 0 0 0 1 0 0 0 1 1.63 1.86 -0.24</i>
                <i>1 0 0 0 1 0 0 0 1 1.63 1.86 -0.24</i>
                <i>1 0 0 0 1 0 0 0 1 1.63 1.86 -0.24</i>
                <i>1 0 0 0 1 0 0 0 1 1.63 1.86 -0.24</i>
                <i>1 0 0 0 1 0 0 0 1 1.63 1.86 -0.24</i>
                <i>1 0 0 0 1 0 0 0 1 1.63 1.86 -0.24</i>
                <i>1 0 0 0 1 0 0 0 1 1.63 1.86 -0.24</i>
                <i>1 0 0 0 1 0 0 0 1 1.63 1.86 -0.24</i>
                <i>1 0 0 0 1 0 0 0 1 1.63 1.86 -0.24</i>
                <i>1 0 0 0 1 0 0 0 1 1.63 1.86 -0.24</i>
                <i>1 0 0 0 1 0 0 0 1 1.63 1.86 -0.24</i>
                <i>1 0 0 0 1 0 0 0 1 1.63 1.86 -0.24</i>
                <i>1 0 0 0 1 0 0 0 1 1.63 1.86 -0.24</i>
                <i>1 0 0 0 1 0 0 0 1 1.63 1.86 -0.24</i>
                <i>1 0 0 0 1 0 0 0 1 1.63 1.86 -0.24</i>
                <i>1 0 0 0 1 0 0 0 1 1.63 1.86 -0.24</i>
                <i>1 0 0 0 1 0 0 0 1 1.63 1.86 -0.24</i>
                <i>1 0 0 0 1 0 0 0 1 1.63 1.86 -0.24</i>
                <i>1 0 0 0 1 0 0 0 1 1.63 1.86 -0.24</i>
            </KeyFrames>
        </RefFrame>
        <Bones count="23">
            <i>
                <p>
                    <Name><![CDATA[pelvis]]></Name>
                    <Exclude>0</Exclude>
                    <Additive>0</Additive>
                    <IKPriority>0</IKPriority>
                    <IKRotLimits>-1e+010 -1e+010 -1e+010 1e+010 1e+010 1e+010</IKRotLimits>
                    <IKRotLimitOrder>2</IKRotLimitOrder>
                    <KeyFrames count="40">
                        <i>1 0 0 0 1 0 0 0 1 1.66901 2.69606 -0.240405</i>
                        <i>1 0 0 0 1 0 0 0 1 1.66274 2.76411 -0.254615</i>
                        <i>1 0 0 0 1 0 0 0 1 1.65769 2.82303 -0.287762</i>
                        <i>1 0 0 0 1 0 0 0 1 1.67694 2.78571 -0.331428</i>
                        <i>1 0 0 0 1 0 0 0 1 1.71653 2.70515 -0.375672</i>
                        <i>1 0 0 0 1 0 0 0 1 1.74411 2.63327 -0.407926</i>
                        <i>1 0 0 0 1 0 0 0 1 1.74874 2.5901 -0.427935</i>
                        <i>1 0 0 0 1 0 0 0 1 1.74638 2.56145 -0.444396</i>
                        <i>1 0 0 0 1 0 0 0 1 1.73783 2.56394 -0.458755</i>
                        <i>1 0 0 0 1 0 0 0 1 1.7204 2.59924 -0.470365</i>
                        <i>1 0 0 0 1 0 0 0 1 1.69794 2.65184 -0.478814</i>
                        <i>1 0 0 0 1 0 0 0 1 1.67385 2.7105 -0.484673</i>
                        <i>1 0 0 0 1 0 0 0 1 1.65342 2.76334 -0.487554</i>
                        <i>1 0 0 0 1 0 0 0 1 1.64193 2.79848 -0.487068</i>
                        <i>1 0 0 0 1 0 0 0 1 1.64085 2.81005 -0.483105</i>
                        <i>1 0 0 0 1 0 0 0 1 1.64878 2.79835 -0.474575</i>
                        <i>1 0 0 0 1 0 0 0 1 1.66323 2.76946 -0.461668</i>
                        <i>1 0 0 0 1 0 0 0 1 1.67954 2.735 -0.446701</i>
                        <i>1 0 0 0 1 0 0 0 1 1.69323 2.70663 -0.432022</i>
                        <i>1 0 0 0 1 0 0 0 1 1.7 2.69606 -0.42</i>
                        <i>1 0 0 0 1 0 0 0 1 1.6986 2.70621 -0.412377</i>
                        <i>1 0 0 0 1 0 0 0 1 1.69237 2.72721 -0.407412</i>
                        <i>1 0 0 0 1 0 0 0 1 1.68386 2.75152 -0.402258</i>
                        <i>1 0 0 0 1 0 0 0 1 1.67563 2.77163 -0.39407</i>
                        <i>1 0 0 0 1 0 0 0 1 1.67025 2.78 -0.38</i>
                        <i>1 0 0 0 1 0 0 0 1 1.66814 2.77127 -0.353988</i>
                        <i>1 0 0 0 1 0 0 0 1 1.66758 2.75045 -0.317932</i>
                        <i>1 0 0 0 1 0 0 0 1 1.66796 2.72561 -0.280922</i>
                        <i>1 0 0 0 1 0 0 0 1 1.66864 2.70479 -0.25205</i>
                        <i>1 0 0 0 1 0 0 0 1 1.66901 2.69606 -0.240405</i>
                        <i>1 0 0 0 1 0 0 0 1 1.66901 2.69606 -0.240405</i>
                        <i>1 0 0 0 1 0 0 0 1 1.66901 2.69606 -0.240405</i>
                        <i>1 0 0 0 1 0 0 0 1 1.66901 2.69606 -0.240405</i>
                        <i>1 0 0 0 1 0 0 0 1 1.66901 2.69606 -0.240405</i>
                        <i>1 0 0 0 1 0 0 0 1 1.66901 2.69606 -0.240405</i>
                        <i>1 0 0 0 1 0 0 0 1 1.66901 2.69606 -0.240405</i>
                        <i>1 0 0 0 1 0 0 0 1 1.66901 2.69606 -0.240405</i>
                        <i>1 0 0 0 1 0 0 0 1 1.66901 2.69606 -0.240405</i>
                        <i>1 0 0 0 1 0 0 0 1 1.66901 2.69606 -0.240405</i>
                        <i>1 0 0 0 1 0 0 0 1 1.66901 2.69606 -0.240405</i>
                    </KeyFrames>
                </p>
            </i>
            <i>
                <p>
                    <Name><![CDATA[spine0]]></Name>
                    <Exclude>0</Exclude>
                    <Additive>0</Additive>
                    <IKPriority>0</IKPriority>
                    <IKRotLimits>-1e+010 -1e+010 -1e+010 1e+010 1e+010 1e+010</IKRotLimits>
                    <IKRotLimitOrder>0</IKRotLimitOrder>
                    <KeyFrames count="40">
                        <i>-0.293548 0.955821 0.015386 -0.0813139 -0.00892956 -0.996649 -0.95248 -0.293815 0.0803427 1.69858 2.83602 -0.255667</i>
                        <i>-0.322144 0.946251 0.0288384 -0.0821255 0.00241441 -0.996619 -0.943122 -0.323423 0.0769336 1.69161 2.90424 -0.269668</i>
                        <i>-0.343726 0.937931 0.0462292 -0.0820259 0.0190531 -0.996448 -0.935481 -0.346297 0.0703856 1.68838 2.96278 -0.302774</i>
                        <i>-0.281464 0.958445 0.0464804 -0.0759373 0.0260387 -0.996773 -0.956562 -0.284086 0.0654528 1.72132 2.92156 -0.347913</i>
                        <i>-0.171813 0.98459 0.0326137 -0.0655229 0.0216114 -0.997617 -0.982948 -0.173541 0.0608001 1.78131 2.83223 -0.394414</i>
                        <i>-0.102391 0.994636 0.0146556 -0.0596728 0.00856494 -0.998181 -0.992953 -0.103079 0.0584758 1.82177 2.75272 -0.42784</i>
                        <i>-0.0768153 0.997014 -0.00788297 -0.0621141 -0.0126763 -0.997989 -0.995109 -0.0761712 0.0629024 1.82766 2.70878 -0.447535</i>
                        <i>-0.0637306 0.997481 -0.031142 -0.0662906 -0.0353678 -0.997173 -0.995763 -0.061486 0.0683776 1.82079 2.68315 -0.463039</i>
                        <i>-0.0629636 0.996896 -0.0472697 -0.0679661 -0.0515368 -0.996356 -0.995699 -0.0595214 0.071 1.80505 2.68992 -0.47626</i>
                        <i>-0.0526448 0.996908 -0.0583316 -0.0685167 -0.0618809 -0.995729 -0.99626 -0.0484233 0.0715625 1.78013 2.72905 -0.487027</i>
                        <i>-0.0490271 0.996527 -0.0673143 -0.0693001 -0.0706269 -0.995093 -0.99639 -0.0441216 0.0725221 1.75046 2.78479 -0.494988</i>
                        <i>-0.0797355 0.994201 -0.0721557 -0.0695879 -0.0777613 -0.99454 -0.994384 -0.0742791 0.0753847 1.7189 2.84622 -0.500423</i>
                        <i>-0.136579 0.988163 -0.0698633 -0.0696592 -0.0799297 -0.994364 -0.988177 -0.130943 0.0797514 1.69254 2.90092 -0.502987</i>
                        <i>-0.194618 0.978873 -0.0627008 -0.0699206 -0.0776051 -0.994529 -0.978384 -0.189169 0.0835467 1.67856 2.93676 -0.502367</i>
                        <i>-0.228311 0.972 -0.0555896 -0.0700573 -0.0733515 -0.994842 -0.971064 -0.223239 0.0848426 1.67892 2.94793 -0.498466</i>
                        <i>-0.217941 0.974367 -0.0557702 -0.0697225 -0.072542 -0.994925 -0.973468 -0.212946 0.0837452 1.69091 2.93502 -0.490138</i>
                        <i>-0.179765 0.98175 -0.062056 -0.0693379 -0.0755725 -0.994727 -0.981263 -0.174515 0.0816579 1.71091 2.90426 -0.477522</i>
                        <i>-0.138364 0.987925 -0.0697069 -0.0692881 -0.0798675 -0.994394 -0.987955 -0.132758 0.0795022 1.73274 2.86769 -0.46284</i>
                        <i>-0.108303 0.991381 -0.0737169 -0.0693827 -0.0815103 -0.994255 -0.991694 -0.102567 0.0776125 1.75051 2.83759 -0.448366</i>
                        <i>-0.0979402 0.992701 -0.0703668 -0.0690826 -0.0773178 -0.99461 -0.992792 -0.0925512 0.0761509 1.75853 2.82645 -0.436414</i>
                        <i>-0.100579 0.992941 -0.0628649 -0.0687061 -0.0699662 -0.99518 -0.992554 -0.0957746 0.0752582 1.75586 2.83717 -0.428754</i>
                        <i>-0.105629 0.992783 -0.056781 -0.0688266 -0.0642625 -0.995557 -0.992021 -0.101251 0.0751179 1.74721 2.8592 -0.423715</i>
                        <i>-0.115029 0.991958 -0.052796 -0.0694513 -0.0610496 -0.995716 -0.990931 -0.110869 0.0759152 1.73541 2.88485 -0.418454</i>
                        <i>-0.131355 0.99013 -0.0488618 -0.0703792 -0.0584786 -0.995805 -0.988834 -0.127365 0.0773661 1.72331 2.9064 -0.410127</i>
                        <i>-0.15781 0.986629 -0.0407212 -0.0716175 -0.0525649 -0.996046 -0.984869 -0.15427 0.0789553 1.71377 2.9162 -0.395896</i>
                        <i>-0.192093 0.980972 -0.028181 -0.0734064 -0.0429978 -0.996375 -0.978627 -0.189328 0.0802692 1.70752 2.90874 -0.369711</i>
                        <i>-0.2284 0.973473 -0.013547 -0.0757553 -0.0316432 -0.996624 -0.970616 -0.226603 0.0809731 1.70317 2.88897 -0.333484</i>
                        <i>-0.261043 0.965327 0.000544977 -0.0783205 -0.0206167 -0.996715 -0.962145 -0.260228 0.0809867 1.70042 2.86491 -0.296327</i>
                        <i>-0.284534 0.958601 0.0111853 -0.0804414 -0.0122472 -0.996684 -0.955285 -0.284491 0.0805959 1.69899 2.84458 -0.26735</i>
                        <i>-0.293548 0.955821 0.015386 -0.0813139 -0.00892956 -0.996649 -0.95248 -0.293815 0.0803427 1.69858 2.83602 -0.255667</i>
                        <i>-0.293548 0.955821 0.015386 -0.0813139 -0.00892956 -0.996649 -0.95248 -0.293815 0.0803427 1.69858 2.83602 -0.255667</i>
                        <i>-0.293548 0.955821 0.015386 -0.0813139 -0.00892956 -0.996649 -0.95248 -0.293815 0.0803427 1.69858 2.83602 -0.255667</i>
                        <i>-0.293548 0.955821 0.015386 -0.0813139 -0.00892956 -0.996649 -0.95248 -0.293815 0.0803427 1.69858 2.83602 -0.255667</i>
                        <i>-0.293548 0.955821 0.015386 -0.0813139 -0.00892956 -0.996649 -0.95248 -0.293815 0.0803427 1.69858 2.83602 -0.255667</i>
                        <i>-0.293548 0.955821 0.015386 -0.0813139 -0.00892956 -0.996649 -0.95248 -0.293815 0.0803427 1.69858 2.83602 -0.255667</i>
                        <i>-0.293548 0.955821 0.015386 -0.0813139 -0.00892956 -0.996649 -0.95248 -0.293815 0.0803427 1.69858 2.83602 -0.255667</i>
                        <i>-0.293548 0.955821 0.015386 -0.0813139 -0.00892956 -0.996649 -0.95248 -0.293815 0.0803427 1.69858 2.83602 -0.255667</i>
                        <i>-0.293548 0.955821 0.015386 -0.0813139 -0.00892956 -0.996649 -0.95248 -0.293815 0.0803427 1.69858 2.83602 -0.255667</i>
                        <i>-0.293548 0.955821 0.015386 -0.0813139 -0.00892956 -0.996649 -0.95248 -0.293815 0.0803427 1.69858 2.83602 -0.255667</i>
                        <i>-0.293548 0.955821 0.015386 -0.0813139 -0.00892956 -0.996649 -0.95248 -0.293815 0.0803427 1.69858 2.83602 -0.255667</i>
                    </KeyFrames>
                </p>
            </i>
            <i>
                <p>
                    <Name><![CDATA[spine1]]></Name>
                    <Exclude>0</Exclude>
                    <Additive>0</Additive>
                    <IKPriority>0</IKPriority>
                    <IKRotLimits>-1e+010 -1e+010 -1e+010 1e+010 1e+010 1e+010</IKRotLimits>
                    <IKRotLimitOrder>0</IKRotLimitOrder>
                    <KeyFrames count="40">
                        <i>-0.748015 0.623883 0.226371 -0.243464 0.0593601 -0.968092 -0.617413 -0.77926 0.107491 1.6434 3.01603 -0.252778</i>
                        <i>-0.796348 0.551171 0.249078 -0.246322 0.0805739 -0.965833 -0.552408 -0.830493 0.0716006 1.63305 3.07644 -0.264425</i>
                        <i>-0.831935 0.486223 0.26734 -0.237507 0.123392 -0.963517 -0.501472 -0.865079 0.0128276 1.62847 3.12631 -0.294715</i>
                        <i>-0.813171 0.517185 0.266971 -0.204792 0.175112 -0.963014 -0.544806 -0.837768 -0.0364809 1.674 3.08261 -0.340101</i>
                        <i>-0.775666 0.575445 0.259242 -0.161849 0.215658 -0.962962 -0.610039 -0.788895 -0.0741435 1.75238 2.99789 -0.388925</i>
                        <i>-0.748442 0.617163 0.242783 -0.130242 0.22217 -0.96627 -0.650285 -0.754818 -0.0859008 1.80367 2.92891 -0.425246</i>
                        <i>-0.692057 0.693198 0.201329 -0.104393 0.179864 -0.978136 -0.714254 -0.697944 -0.052111 1.81321 2.89777 -0.449036</i>
                        <i>-0.594794 0.791589 0.140024 -0.0846793 0.11152 -0.990148 -0.799406 -0.600791 0.000699589 1.80813 2.88419 -0.469328</i>
                        <i>-0.517491 0.850857 0.0908017 -0.0782665 0.0586049 -0.995208 -0.852102 -0.522118 0.0362661 1.79225 2.89594 -0.486043</i>
                        <i>-0.453229 0.889439 0.0590027 -0.0801597 0.0252555 -0.996462 -0.887782 -0.456355 0.0598506 1.76973 2.92946 -0.498766</i>
                        <i>-0.403223 0.914356 0.0369419 -0.0900132 0.000543019 -0.99594 -0.910664 -0.404911 0.0820851 1.74132 2.97269 -0.507687</i>
                        <i>-0.398278 0.916937 0.0245365 -0.106509 -0.019661 -0.994117 -0.91106 -0.398548 0.105492 1.70506 3.01897 -0.512961</i>
                        <i>-0.438856 0.898274 0.022562 -0.125342 -0.036334 -0.991448 -0.889772 -0.437931 0.128537 1.67045 3.06032 -0.514252</i>
                        <i>-0.49535 0.868431 0.0213712 -0.141767 -0.0565427 -0.988284 -0.857048 -0.492576 0.151123 1.64826 3.0886 -0.512086</i>
                        <i>-0.550409 0.834618 0.0215233 -0.155698 -0.0772834 -0.984777 -0.820249 -0.545381 0.172486 1.64312 3.09997 -0.507155</i>
                        <i>-0.582483 0.8125 0.0235948 -0.169013 -0.0926706 -0.981248 -0.795077 -0.575548 0.191302 1.65545 3.09331 -0.499194</i>
                        <i>-0.592617 0.804992 0.0281601 -0.181651 -0.099504 -0.978316 -0.784735 -0.584881 0.205195 1.68005 3.07278 -0.488174</i>
                        <i>-0.586142 0.809578 0.031949 -0.191219 -0.0999098 -0.976449 -0.78732 -0.578447 0.213368 1.70764 3.04739 -0.475524</i>
                        <i>-0.570375 0.820619 0.0354452 -0.196245 -0.0942439 -0.976015 -0.797596 -0.563651 0.214797 1.73002 3.02617 -0.462396</i>
                        <i>-0.559434 0.827741 0.0433402 -0.197062 -0.082033 -0.976953 -0.805108 -0.555082 0.209009 1.73971 3.01855 -0.45004</i>
                        <i>-0.552902 0.83149 0.0540687 -0.19631 -0.066925 -0.978255 -0.809791 -0.551494 0.200233 1.73659 3.02877 -0.440893</i>
                        <i>-0.545182 0.835978 0.0625952 -0.196189 -0.0546373 -0.979043 -0.815038 -0.546037 0.193797 1.72706 3.04972 -0.43462</i>
                        <i>-0.541671 0.837823 0.0681598 -0.196972 -0.0476812 -0.979249 -0.817187 -0.543856 0.190855 1.71359 3.07397 -0.428528</i>
                        <i>-0.549202 0.832304 0.0751503 -0.198922 -0.0428575 -0.979078 -0.811669 -0.55266 0.189101 1.69852 3.0941 -0.419398</i>
                        <i>-0.575977 0.812073 0.0937456 -0.203388 -0.0312874 -0.978598 -0.79176 -0.582716 0.183187 1.68405 3.1027 -0.403601</i>
                        <i>-0.618344 0.77603 0.124213 -0.211072 -0.0117385 -0.9774 -0.757033 -0.630587 0.171057 1.67134 3.09405 -0.375042</i>
                        <i>-0.665356 0.729278 0.159547 -0.221012 0.0117078 -0.975201 -0.71306 -0.684118 0.153389 1.66014 3.07281 -0.336051</i>
                        <i>-0.707382 0.680062 0.192684 -0.231486 0.0346768 -0.97222 -0.667852 -0.732334 0.132895 1.65128 3.04704 -0.296232</i>
                        <i>-0.736894 0.640243 0.216972 -0.239977 0.0523061 -0.969368 -0.63198 -0.76639 0.115099 1.64548 3.02522 -0.265251</i>
                        <i>-0.748015 0.623883 0.226371 -0.243464 0.0593601 -0.968092 -0.617413 -0.77926 0.107491 1.6434 3.01603 -0.252778</i>
                        <i>-0.748015 0.623883 0.226371 -0.243464 0.0593601 -0.968092 -0.617413 -0.77926 0.107491 1.6434 3.01603 -0.252778</i>
                        <i>-0.748015 0.623883 0.226371 -0.243464 0.0593601 -0.968092 -0.617413 -0.77926 0.107491 1.6434 3.01603 -0.252778</i>
                        <i>-0.748015 0.623883 0.226371 -0.243464 0.0593601 -0.968092 -0.617413 -0.77926 0.107491 1.6434 3.01603 -0.252778</i>
                        <i>-0.748015 0.623883 0.226371 -0.243464 0.0593601 -0.968092 -0.617413 -0.77926 0.107491 1.6434 3.01603 -0.252778</i>
                        <i>-0.748015 0.623883 0.226371 -0.243464 0.0593601 -0.968092 -0.617413 -0.77926 0.107491 1.6434 3.01603 -0.252778</i>
                        <i>-0.748015 0.623883 0.226371 -0.243464 0.0593601 -0.968092 -0.617413 -0.77926 0.107491 1.6434 3.01603 -0.252778</i>
                        <i>-0.748015 0.623883 0.226371 -0.243464 0.0593601 -0.968092 -0.617413 -0.77926 0.107491 1.6434 3.01603 -0.252778</i>
                        <i>-0.748015 0.623883 0.226371 -0.243464 0.0593601 -0.968092 -0.617413 -0.77926 0.107491 1.6434 3.01603 -0.252778</i>
                        <i>-0.748015 0.623883 0.226371 -0.243464 0.0593601 -0.968092 -0.617413 -0.77926 0.107491 1.6434 3.01603 -0.252778</i>
                        <i>-0.748015 0.623883 0.226371 -0.243464 0.0593601 -0.968092 -0.617413 -0.77926 0.107491 1.6434 3.01603 -0.252778</i>
                    </KeyFrames>
                </p>
            </i>
            <i>
                <p>
                    <Name><![CDATA[spine2]]></Name>
                    <Exclude>0</Exclude>
                    <Additive>0</Additive>
                    <IKPriority>0</IKPriority>
                    <IKRotLimits>-1e+010 -1e+010 -1e+010 1e+010 1e+010 1e+010</IKRotLimits>
                    <IKRotLimitOrder>0</IKRotLimitOrder>
                    <KeyFrames count="40">
                        <i>-0.940464 0.143425 0.30815 -0.32135 -0.0798458 -0.943588 -0.110729 -0.986435 0.121182 1.51382 3.12359 -0.213446</i>
                        <i>-0.945716 0.121596 0.30139 -0.310285 -0.0619796 -0.948621 -0.0966683 -0.990643 0.0963444 1.49985 3.1682 -0.222657</i>
                        <i>-0.946247 0.160375 0.280887 -0.286536 -0.0127726 -0.957984 -0.150049 -0.986973 0.0580393 1.49524 3.20385 -0.251824</i>
                        <i>-0.921633 0.291618 0.256032 -0.251989 0.0520214 -0.966331 -0.295119 -0.955119 0.0255398 1.54854 3.16216 -0.298864</i>
                        <i>-0.891041 0.380431 0.247626 -0.224103 0.105719 -0.968814 -0.394746 -0.918747 -0.008944 1.63253 3.08651 -0.348866</i>
                        <i>-0.894973 0.366556 0.254282 -0.218681 0.136347 -0.966223 -0.388846 -0.920351 -0.0418684 1.68181 3.02891 -0.385773</i>
                        <i>-0.895827 0.368814 0.247931 -0.209984 0.1404 -0.967571 -0.391663 -0.918838 -0.0483292 1.69244 3.01802 -0.414004</i>
                        <i>-0.863072 0.455428 0.218386 -0.183759 0.119613 -0.975667 -0.470468 -0.882201 -0.019546 1.69754 3.03037 -0.443396</i>
                        <i>-0.820099 0.542322 0.182548 -0.1599 0.089116 -0.983102 -0.549426 -0.835431 0.0136335 1.69344 3.0572 -0.468772</i>
                        <i>-0.772819 0.616367 0.151137 -0.144911 0.0604714 -0.987595 -0.617861 -0.785134 0.0425848 1.68552 3.09359 -0.487824</i>
                        <i>-0.711139 0.691953 0.124427 -0.143321 0.0305832 -0.989204 -0.688288 -0.721294 0.0774225 1.67114 3.13108 -0.501239</i>
                        <i>-0.652354 0.750756 0.103922 -0.158555 -0.00110033 -0.98735 -0.741144 -0.660579 0.119754 1.64135 3.16543 -0.508998</i>
                        <i>-0.61216 0.785994 0.0864475 -0.183367 -0.0347601 -0.98243 -0.769179 -0.617256 0.165404 1.60544 3.1936 -0.510866</i>
                        <i>-0.588135 0.806308 0.0629677 -0.208272 -0.0757655 -0.975132 -0.781486 -0.586624 0.212492 1.57777 3.21256 -0.508996</i>
                        <i>-0.606472 0.793678 0.0476117 -0.230753 -0.118389 -0.965783 -0.760885 -0.596707 0.254943 1.5641 3.22008 -0.503997</i>
                        <i>-0.668247 0.741855 0.0556467 -0.249241 -0.152778 -0.956315 -0.700945 -0.652924 0.286994 1.56853 3.21465 -0.495574</i>
                        <i>-0.741529 0.665589 0.0844229 -0.263848 -0.173605 -0.948813 -0.616863 -0.725846 0.304348 1.58652 3.19968 -0.48359</i>
                        <i>-0.798755 0.589952 0.118095 -0.274651 -0.182894 -0.94399 -0.53531 -0.786452 0.308119 1.60949 3.18252 -0.469997</i>
                        <i>-0.829761 0.539243 0.143922 -0.281643 -0.181933 -0.942113 -0.481844 -0.822263 0.302835 1.63004 3.16936 -0.455983</i>
                        <i>-0.835865 0.526424 0.155588 -0.283661 -0.171558 -0.943453 -0.469964 -0.832734 0.292725 1.63991 3.16547 -0.442108</i>
                        <i>-0.828367 0.537307 0.15846 -0.282888 -0.157079 -0.946203 -0.483511 -0.82863 0.282117 1.63823 3.17595 -0.431089</i>
                        <i>-0.822056 0.546097 0.161253 -0.2826 -0.145435 -0.948149 -0.494329 -0.825001 0.273883 1.63061 3.19691 -0.423372</i>
                        <i>-0.820933 0.546956 0.164037 -0.282629 -0.139581 -0.94902 -0.496175 -0.825443 0.269172 1.6184 3.22054 -0.416382</i>
                        <i>-0.829631 0.53168 0.170381 -0.282987 -0.137383 -0.949233 -0.481281 -0.835729 0.264436 1.60257 3.23888 -0.406106</i>
                        <i>-0.852522 0.487109 0.189553 -0.28597 -0.131114 -0.949226 -0.437524 -0.863443 0.251076 1.58374 3.24353 -0.387119</i>
                        <i>-0.883228 0.413847 0.220542 -0.292857 -0.119462 -0.948664 -0.366256 -0.902474 0.22671 1.56376 3.2285 -0.353286</i>
                        <i>-0.910932 0.325046 0.254063 -0.301981 -0.105763 -0.947429 -0.281088 -0.939765 0.194501 1.54447 3.19904 -0.308178</i>
                        <i>-0.929416 0.237369 0.282564 -0.311271 -0.0929388 -0.945766 -0.198234 -0.966963 0.160265 1.52846 3.16458 -0.262652</i>
                        <i>-0.938199 0.170151 0.301384 -0.318473 -0.0835201 -0.944245 -0.135492 -0.981872 0.132547 1.51773 3.13569 -0.227517</i>
                        <i>-0.940464 0.143425 0.30815 -0.32135 -0.0798458 -0.943588 -0.110729 -0.986435 0.121182 1.51382 3.12359 -0.213446</i>
                        <i>-0.940464 0.143425 0.30815 -0.32135 -0.0798458 -0.943588 -0.110729 -0.986435 0.121182 1.51382 3.12359 -0.213446</i>
                        <i>-0.940464 0.143425 0.30815 -0.32135 -0.0798458 -0.943588 -0.110729 -0.986435 0.121182 1.51382 3.12359 -0.213446</i>
                        <i>-0.940464 0.143425 0.30815 -0.32135 -0.0798458 -0.943588 -0.110729 -0.986435 0.121182 1.51382 3.12359 -0.213446</i>
                        <i>-0.940464 0.143425 0.30815 -0.32135 -0.0798458 -0.943588 -0.110729 -0.986435 0.121182 1.51382 3.12359 -0.213446</i>
                        <i>-0.940464 0.143425 0.30815 -0.32135 -0.0798458 -0.943588 -0.110729 -0.986435 0.121182 1.51382 3.12359 -0.213446</i>
                        <i>-0.940464 0.143425 0.30815 -0.32135 -0.0798458 -0.943588 -0.110729 -0.986435 0.121182 1.51382 3.12359 -0.213446</i>
                        <i>-0.940464 0.143425 0.30815 -0.32135 -0.0798458 -0.943588 -0.110729 -0.986435 0.121182 1.51382 3.12359 -0.213446</i>
                        <i>-0.940464 0.143425 0.30815 -0.32135 -0.0798458 -0.943588 -0.110729 -0.986435 0.121182 1.51382 3.12359 -0.213446</i>
                        <i>-0.940464 0.143425 0.30815 -0.32135 -0.0798458 -0.943588 -0.110729 -0.986435 0.121182 1.51382 3.12359 -0.213446</i>
                        <i>-0.940464 0.143425 0.30815 -0.32135 -0.0798458 -0.943588 -0.110729 -0.986435 0.121182 1.51382 3.12359 -0.213446</i>
                    </KeyFrames>
                </p>
            </i>
            <i>
                <p>
                    <Name><![CDATA[head]]></Name>
                    <Exclude>0</Exclude>
                    <Additive>0</Additive>
                    <IKPriority>0</IKPriority>
                    <IKRotLimits>-1e+010 -1e+010 -1e+010 1e+010 1e+010 1e+010</IKRotLimits>
                    <IKRotLimitOrder>0</IKRotLimitOrder>
                    <KeyFrames count="40">
                        <i>-0.345564 0.904406 0.250271 0.305408 0.360574 -0.881313 -0.887306 -0.228115 -0.400814 1.26333 3.15739 -0.133849</i>
                        <i>-0.360946 0.875265 0.321916 0.308545 0.437825 -0.844458 -0.880067 -0.205478 -0.428089 1.25294 3.20183 -0.147231</i>
                        <i>-0.321633 0.865596 0.38379 0.361552 0.486887 -0.795123 -0.875118 -0.116978 -0.469557 1.25505 3.25491 -0.184644</i>
                        <i>-0.202654 0.896158 0.394756 0.472262 0.442584 -0.762291 -0.857846 0.0319465 -0.512913 1.32303 3.25081 -0.240238</i>
                        <i>-0.0772635 0.94685 0.312258 0.54067 0.302934 -0.784798 -0.837679 0.108192 -0.535339 1.4176 3.1973 -0.291806</i>
                        <i>-0.0518112 0.983077 0.175711 0.53585 0.175841 -0.8258 -0.842722 0.0513688 -0.535892 1.45853 3.13379 -0.323201</i>
                        <i>-0.0919785 0.992284 0.0831396 0.532555 0.119569 -0.837907 -0.841383 -0.0327932 -0.539443 1.45734 3.11974 -0.348216</i>
                        <i>-0.150441 0.981655 0.117137 0.530427 0.180136 -0.828371 -0.834275 -0.0624882 -0.547796 1.45991 3.15351 -0.381213</i>
                        <i>-0.238834 0.942052 0.235577 0.508666 0.328021 -0.796028 -0.827174 -0.0702882 -0.557533 1.46187 3.20459 -0.414457</i>
                        <i>-0.298007 0.891509 0.34118 0.489408 0.449565 -0.747242 -0.819556 -0.0557069 -0.570285 1.46949 3.2608 -0.443163</i>
                        <i>-0.248912 0.906645 0.340642 0.526964 0.421873 -0.737789 -0.812621 -0.00413835 -0.582778 1.48059 3.31714 -0.466198</i>
                        <i>-0.080134 0.97598 0.202586 0.613457 0.208479 -0.761713 -0.785652 0.0632387 -0.615428 1.47853 3.36407 -0.482117</i>
                        <i>0.139928 0.99015 0.00479917 0.667832 -0.0907975 -0.738753 -0.731041 0.106577 -0.673959 1.46465 3.39801 -0.491212</i>
                        <i>0.338472 0.926318 -0.165445 0.660551 -0.35912 -0.659322 -0.670156 0.113877 -0.733432 1.45127 3.42074 -0.497379</i>
                        <i>0.404456 0.88282 -0.238839 0.652648 -0.461558 -0.600846 -0.640676 0.087138 -0.76285 1.43549 3.42752 -0.497414</i>
                        <i>0.328021 0.913463 -0.240806 0.685967 -0.405583 -0.604112 -0.649501 0.0329766 -0.759645 1.41964 3.41332 -0.486863</i>
                        <i>0.187946 0.957493 -0.218824 0.72158 -0.285757 -0.630607 -0.666332 -0.0393787 -0.744615 1.40864 3.38197 -0.465821</i>
                        <i>0.0360557 0.982795 -0.181145 0.734847 -0.148918 -0.661683 -0.677274 -0.109256 -0.727573 1.40508 3.34499 -0.440564</i>
                        <i>-0.0732597 0.986722 -0.14496 0.730006 -0.0459774 -0.681893 -0.679503 -0.155777 -0.716944 1.40863 3.31614 -0.417064</i>
                        <i>-0.0987987 0.986612 -0.129753 0.729079 -0.0169746 -0.684219 -0.677261 -0.1622 -0.717641 1.41359 3.30772 -0.399332</i>
                        <i>-0.0677384 0.989872 -0.124762 0.728507 -0.0363671 -0.684073 -0.681681 -0.137228 -0.718665 1.41426 3.32143 -0.388248</i>
                        <i>-0.039471 0.993181 -0.109702 0.714 -0.0487713 -0.698445 -0.699032 -0.105896 -0.707206 1.40883 3.34462 -0.380451</i>
                        <i>-0.0226062 0.995866 -0.0879761 0.68769 -0.048383 -0.72439 -0.725652 -0.0768759 -0.683753 1.3974 3.36795 -0.37322</i>
                        <i>-0.0266721 0.997969 -0.0578516 0.65142 -0.0265453 -0.758253 -0.758249 -0.0579099 -0.649388 1.37957 3.38141 -0.361597</i>
                        <i>-0.064578 0.997861 -0.0102001 0.602831 0.0308634 -0.797272 -0.795251 -0.0576352 -0.603534 1.35467 3.37315 -0.337733</i>
                        <i>-0.130765 0.989964 0.0535824 0.538791 0.11633 -0.834369 -0.832229 -0.0802369 -0.548596 1.32653 3.33739 -0.295831</i>
                        <i>-0.206994 0.970594 0.122885 0.463339 0.207881 -0.861454 -0.861667 -0.121378 -0.492744 1.30018 3.28306 -0.242066</i>
                        <i>-0.276736 0.942705 0.186347 0.387745 0.286977 -0.875956 -0.879245 -0.170153 -0.444946 1.2799 3.22424 -0.189328</i>
                        <i>-0.326559 0.916139 0.232481 0.328893 0.340736 -0.880754 -0.886109 -0.211157 -0.412582 1.26753 3.17682 -0.149556</i>
                        <i>-0.345564 0.904406 0.250271 0.305408 0.360574 -0.881313 -0.887306 -0.228115 -0.400814 1.26333 3.15739 -0.133849</i>
                        <i>-0.345564 0.904406 0.250271 0.305408 0.360574 -0.881313 -0.887306 -0.228115 -0.400814 1.26333 3.15739 -0.133849</i>
                        <i>-0.345564 0.904406 0.250271 0.305408 0.360574 -0.881313 -0.887306 -0.228115 -0.400814 1.26333 3.15739 -0.133849</i>
                        <i>-0.345564 0.904406 0.250271 0.305408 0.360574 -0.881313 -0.887306 -0.228115 -0.400814 1.26333 3.15739 -0.133849</i>
                        <i>-0.345564 0.904406 0.250271 0.305408 0.360574 -0.881313 -0.887306 -0.228115 -0.400814 1.26333 3.15739 -0.133849</i>
                        <i>-0.345564 0.904406 0.250271 0.305408 0.360574 -0.881313 -0.887306 -0.228115 -0.400814 1.26333 3.15739 -0.133849</i>
                        <i>-0.345564 0.904406 0.250271 0.305408 0.360574 -0.881313 -0.887306 -0.228115 -0.400814 1.26333 3.15739 -0.133849</i>
                        <i>-0.345564 0.904406 0.250271 0.305408 0.360574 -0.881313 -0.887306 -0.228115 -0.400814 1.26333 3.15739 -0.133849</i>
                        <i>-0.345564 0.904406 0.250271 0.305408 0.360574 -0.881313 -0.887306 -0.228115 -0.400814 1.26333 3.15739 -0.133849</i>
                        <i>-0.345564 0.904406 0.250271 0.305408 0.360574 -0.881313 -0.887306 -0.228115 -0.400814 1.26333 3.15739 -0.133849</i>
                        <i>-0.345564 0.904406 0.250271 0.305408 0.360574 -0.881313 -0.887306 -0.228115 -0.400814 1.26333 3.15739 -0.133849</i>
                    </KeyFrames>
                </p>
            </i>
            <i>
                <p>
                    <Name><![CDATA[head_prop]]></Name>
                    <Exclude>0</Exclude>
                    <Additive>0</Additive>
                    <IKPriority>0</IKPriority>
                    <IKRotLimits>-1e+010 -1e+010 -1e+010 1e+010 1e+010 1e+010</IKRotLimits>
                    <IKRotLimitOrder>0</IKRotLimitOrder>
                    <KeyFrames count="40">
                        <i>0.887306 0.228115 0.400814 -0.345564 0.904406 0.250271 -0.305408 -0.360574 0.881313 1.15071 3.45214 -0.0522832</i>
                        <i>0.880067 0.205478 0.428089 -0.360946 0.875265 0.321916 -0.308545 -0.437825 0.844458 1.13531 3.48709 -0.0423154</i>
                        <i>0.875118 0.116978 0.469557 -0.321633 0.865596 0.38379 -0.361552 -0.486887 0.795123 1.15023 3.53702 -0.0595635</i>
                        <i>0.855034 -0.0254913 0.517946 -0.165048 0.933476 0.318406 -0.491606 -0.357734 0.793946 1.26311 3.56066 -0.124654</i>
                        <i>0.830386 -0.0819694 0.551126 0.0599332 0.996521 0.0579115 -0.553956 -0.0150582 0.83241 1.42001 3.56759 -0.232481</i>
                        <i>0.828733 0.00606513 0.559611 0.164973 0.952861 -0.254638 -0.534775 0.303348 0.788667 1.48885 3.58093 -0.347053</i>
                        <i>0.813933 0.125492 0.567244 0.143895 0.90242 -0.406117 -0.562857 0.412176 0.716452 1.47295 3.66934 -0.426583</i>
                        <i>0.787075 0.184978 0.58847 0.00214553 0.953153 -0.302481 -0.616854 0.239337 0.749806 1.42866 3.81655 -0.422478</i>
                        <i>0.753435 0.207699 0.623857 -0.24864 0.968344 -0.0221052 -0.608699 -0.138461 0.781226 1.34949 3.92454 -0.339124</i>
                        <i>0.724483 0.195786 0.660902 -0.469882 0.841788 0.265715 -0.504316 -0.503052 0.701857 1.30125 3.94992 -0.256707</i>
                        <i>0.720277 0.155651 0.675998 -0.5356 0.744075 0.399357 -0.440833 -0.649712 0.619307 1.3552 3.91815 -0.27563</i>
                        <i>0.733712 0.0871289 0.673851 -0.433664 0.823525 0.365707 -0.52307 -0.560549 0.642015 1.4513 3.86417 -0.375146</i>
                        <i>0.723325 -0.00717519 0.690471 -0.210767 0.949931 0.230668 -0.657555 -0.312376 0.685597 1.51436 3.80718 -0.46397</i>
                        <i>0.675042 -0.082762 0.733123 0.0578006 0.996567 0.0592808 -0.735512 0.00235784 0.677508 1.54582 3.75734 -0.52221</i>
                        <i>0.640122 -0.0897116 0.763018 0.211098 0.975471 -0.0624067 -0.738703 0.201019 0.643358 1.53691 3.73579 -0.546949</i>
                        <i>0.661976 0.00179584 0.749523 0.206707 0.96078 -0.184865 -0.720458 0.277307 0.635642 1.49813 3.72627 -0.554279</i>
                        <i>0.684096 0.152541 0.713263 0.127832 0.937678 -0.32314 -0.718103 0.312237 0.621962 1.44904 3.70304 -0.549736</i>
                        <i>0.674154 0.267227 0.688554 0.0271153 0.922671 -0.384635 -0.738093 0.277973 0.614776 1.39921 3.67222 -0.523893</i>
                        <i>0.671246 0.235678 0.70277 -0.0676825 0.963633 -0.258514 -0.738138 0.125961 0.662786 1.37528 3.64068 -0.476113</i>
                        <i>0.677261 0.1622 0.717641 -0.0987987 0.986612 -0.129753 -0.729079 0.0169746 0.684219 1.38139 3.62927 -0.44162</i>
                        <i>0.681681 0.137228 0.718665 -0.0677384 0.989872 -0.124762 -0.728507 0.0363671 0.684073 1.39218 3.64403 -0.428909</i>
                        <i>0.699032 0.105896 0.707206 -0.039471 0.993181 -0.109702 -0.714 0.0487713 0.698445 1.39596 3.66831 -0.416204</i>
                        <i>0.725652 0.0768759 0.683753 -0.0226062 0.995866 -0.0879761 -0.68769 0.048383 0.72439 1.39004 3.69252 -0.401892</i>
                        <i>0.758249 0.0579099 0.649388 -0.0266721 0.997969 -0.0578516 -0.65142 0.0265453 0.758253 1.37088 3.70665 -0.380452</i>
                        <i>0.795251 0.0576352 0.603534 -0.064578 0.997861 -0.0102001 -0.602831 -0.0308634 0.797272 1.33362 3.69836 -0.341057</i>
                        <i>0.832229 0.0802369 0.548596 -0.130765 0.989964 0.0535824 -0.538791 -0.11633 0.834369 1.28391 3.66003 -0.278368</i>
                        <i>0.861667 0.121378 0.492744 -0.206994 0.970594 0.122885 -0.463339 -0.207881 0.861454 1.23272 3.59939 -0.202016</i>
                        <i>0.879245 0.170153 0.444946 -0.276736 0.942705 0.186347 -0.387745 -0.286977 0.875956 1.18971 3.53147 -0.128596</i>
                        <i>0.886109 0.211157 0.412582 -0.326559 0.916139 0.232481 -0.328893 -0.340736 0.880754 1.1611 3.47539 -0.0737878</i>
                        <i>0.887306 0.228115 0.400814 -0.345564 0.904406 0.250271 -0.305408 -0.360574 0.881313 1.15071 3.45214 -0.0522832</i>
                        <i>0.887306 0.228115 0.400814 -0.345564 0.904406 0.250271 -0.305408 -0.360574 0.881313 1.15071 3.45214 -0.0522832</i>
                        <i>0.887306 0.228115 0.400814 -0.345564 0.904406 0.250271 -0.305408 -0.360574 0.881313 1.15071 3.45214 -0.0522832</i>
                        <i>0.887306 0.228115 0.400814 -0.345564 0.904406 0.250271 -0.305408 -0.360574 0.881313 1.15071 3.45214 -0.0522832</i>
                        <i>0.887306 0.228115 0.400814 -0.345564 0.904406 0.250271 -0.305408 -0.360574 0.881313 1.15071 3.45214 -0.0522832</i>
                        <i>0.887306 0.228115 0.400814 -0.345564 0.904406 0.250271 -0.305408 -0.360574 0.881313 1.15071 3.45214 -0.0522832</i>
                        <i>0.887306 0.228115 0.400814 -0.345564 0.904406 0.250271 -0.305408 -0.360574 0.881313 1.15071 3.45214 -0.0522832</i>
                        <i>0.887306 0.228115 0.400814 -0.345564 0.904406 0.250271 -0.305408 -0.360574 0.881313 1.15071 3.45214 -0.0522832</i>
                        <i>0.887306 0.228115 0.400814 -0.345564 0.904406 0.250271 -0.305408 -0.360574 0.881313 1.15071 3.45214 -0.0522832</i>
                        <i>0.887306 0.228115 0.400814 -0.345564 0.904406 0.250271 -0.305408 -0.360574 0.881313 1.15071 3.45214 -0.0522832</i>
                        <i>0.887306 0.228115 0.400814 -0.345564 0.904406 0.250271 -0.305408 -0.360574 0.881313 1.15071 3.45214 -0.0522832</i>
                    </KeyFrames>
                </p>
            </i>
            <i>
                <p>
                    <Name><![CDATA[l_clav]]></Name>
                    <Exclude>0</Exclude>
                    <Additive>0</Additive>
                    <IKPriority>0</IKPriority>
                    <IKRotLimits>-1e+010 -1e+010 -1e+010 1e+010 1e+010 1e+010</IKRotLimits>
                    <IKRotLimitOrder>0</IKRotLimitOrder>
                    <KeyFrames count="40">
                        <i>-0.0207347 0.412332 0.910798 -0.981636 0.164395 -0.0967718 -0.189633 -0.896078 0.401351 1.47657 3.11676 -0.107544</i>
                        <i>-0.0220138 0.406728 0.913284 -0.973772 0.198199 -0.111739 -0.226459 -0.89179 0.391697 1.46422 3.15383 -0.117711</i>
                        <i>-0.00802378 0.397015 0.917777 -0.939238 0.311983 -0.14317 -0.343172 -0.86316 0.370388 1.45806 3.1822 -0.148382</i>
                        <i>0.0333757 0.387041 0.921458 -0.853731 0.490405 -0.175063 -0.519644 -0.780834 0.346797 1.50631 3.13962 -0.19715</i>
                        <i>0.0582609 0.355582 0.932828 -0.789285 0.588546 -0.17505 -0.611256 -0.726069 0.314945 1.58627 3.06493 -0.248896</i>
                        <i>0.0430166 0.308611 0.950215 -0.817144 0.55809 -0.144264 -0.574827 -0.770256 0.276187 1.63348 3.00766 -0.287224</i>
                        <i>0.0255568 0.281852 0.959117 -0.849859 0.511325 -0.127616 -0.52639 -0.811853 0.252602 1.63971 3.00348 -0.316007</i>
                        <i>0.028892 0.298348 0.95402 -0.830796 0.53788 -0.14305 -0.555826 -0.788463 0.263407 1.63794 3.03165 -0.345574</i>
                        <i>0.0403191 0.332791 0.942138 -0.790047 0.58788 -0.173846 -0.611719 -0.737324 0.286623 1.63066 3.07223 -0.371969</i>
                        <i>0.06168 0.371539 0.926366 -0.730851 0.648909 -0.211597 -0.679744 -0.663984 0.311565 1.62495 3.11568 -0.392306</i>
                        <i>0.111918 0.411204 0.904647 -0.640275 0.726046 -0.25081 -0.759949 -0.551152 0.344541 1.61587 3.15601 -0.406616</i>
                        <i>0.182686 0.442582 0.877922 -0.540823 0.79095 -0.286198 -0.821058 -0.422515 0.383854 1.59188 3.18969 -0.414619</i>
                        <i>0.250849 0.466901 0.847985 -0.459984 0.82827 -0.319975 -0.851757 -0.309794 0.422537 1.56032 3.21627 -0.416163</i>
