<?xml version="1.0" encoding="ISO-8859-1" ?>
<Animl Version="1">
    <ModellingPackage><![CDATA[Maya.2010]]></ModellingPackage>
    <SrcFile><![CDATA[anims\turrets\mortar\blue\~src\mortar_m252\mortar_m252_idle_crewman_c.mb]]></SrcFile>
    <FramesPerSecond>30</FramesPerSecond>
    <TotalFrames>61</TotalFrames>
    <Skeleton>
        <RefFrame>
            <Name><![CDATA[soldier_ref_frame]]></Name>
            <Exclude>0</Exclude>
            <Additive>0</Additive>
            <IKPriority>0</IKPriority>
            <IKRotLimits>-1e+010 -1e+010 -1e+010 1e+010 1e+010 1e+010</IKRotLimits>
            <IKRotLimitOrder>0</IKRotLimitOrder>
            <KeyFrames count="61">
                <i>1 0 0 0 1 0 0 0 1 2.06 0.92 -0.34</i>
                <i>1 0 0 0 1 0 0 0 1 2.06 0.92 -0.34</i>
                <i>1 0 0 0 1 0 0 0 1 2.06 0.92 -0.34</i>
                <i>1 0 0 0 1 0 0 0 1 2.06 0.92 -0.34</i>
                <i>1 0 0 0 1 0 0 0 1 2.06 0.92 -0.34</i>
                <i>1 0 0 0 1 0 0 0 1 2.06 0.92 -0.34</i>
                <i>1 0 0 0 1 0 0 0 1 2.06 0.92 -0.34</i>
                <i>1 0 0 0 1 0 0 0 1 2.06 0.92 -0.34</i>
                <i>1 0 0 0 1 0 0 0 1 2.06 0.92 -0.34</i>
                <i>1 0 0 0 1 0 0 0 1 2.06 0.92 -0.34</i>
                <i>1 0 0 0 1 0 0 0 1 2.06 0.92 -0.34</i>
                <i>1 0 0 0 1 0 0 0 1 2.06 0.92 -0.34</i>
                <i>1 0 0 0 1 0 0 0 1 2.06 0.92 -0.34</i>
                <i>1 0 0 0 1 0 0 0 1 2.06 0.92 -0.34</i>
                <i>1 0 0 0 1 0 0 0 1 2.06 0.92 -0.34</i>
                <i>1 0 0 0 1 0 0 0 1 2.06 0.92 -0.34</i>
                <i>1 0 0 0 1 0 0 0 1 2.06 0.92 -0.34</i>
                <i>1 0 0 0 1 0 0 0 1 2.06 0.92 -0.34</i>
                <i>1 0 0 0 1 0 0 0 1 2.06 0.92 -0.34</i>
                <i>1 0 0 0 1 0 0 0 1 2.06 0.92 -0.34</i>
                <i>1 0 0 0 1 0 0 0 1 2.06 0.92 -0.34</i>
                <i>1 0 0 0 1 0 0 0 1 2.06 0.92 -0.34</i>
                <i>1 0 0 0 1 0 0 0 1 2.06 0.92 -0.34</i>
                <i>1 0 0 0 1 0 0 0 1 2.06 0.92 -0.34</i>
                <i>1 0 0 0 1 0 0 0 1 2.06 0.92 -0.34</i>
                <i>1 0 0 0 1 0 0 0 1 2.06 0.92 -0.34</i>
                <i>1 0 0 0 1 0 0 0 1 2.06 0.92 -0.34</i>
                <i>1 0 0 0 1 0 0 0 1 2.06 0.92 -0.34</i>
                <i>1 0 0 0 1 0 0 0 1 2.06 0.92 -0.34</i>
                <i>1 0 0 0 1 0 0 0 1 2.06 0.92 -0.34</i>
                <i>1 0 0 0 1 0 0 0 1 2.06 0.92 -0.34</i>
                <i>1 0 0 0 1 0 0 0 1 2.06 0.92 -0.34</i>
                <i>1 0 0 0 1 0 0 0 1 2.06 0.92 -0.34</i>
                <i>1 0 0 0 1 0 0 0 1 2.06 0.92 -0.34</i>
                <i>1 0 0 0 1 0 0 0 1 2.06 0.92 -0.34</i>
                <i>1 0 0 0 1 0 0 0 1 2.06 0.92 -0.34</i>
                <i>1 0 0 0 1 0 0 0 1 2.06 0.92 -0.34</i>
                <i>1 0 0 0 1 0 0 0 1 2.06 0.92 -0.34</i>
                <i>1 0 0 0 1 0 0 0 1 2.06 0.92 -0.34</i>
                <i>1 0 0 0 1 0 0 0 1 2.06 0.92 -0.34</i>
                <i>1 0 0 0 1 0 0 0 1 2.06 0.92 -0.34</i>
                <i>1 0 0 0 1 0 0 0 1 2.06 0.92 -0.34</i>
                <i>1 0 0 0 1 0 0 0 1 2.06 0.92 -0.34</i>
                <i>1 0 0 0 1 0 0 0 1 2.06 0.92 -0.34</i>
                <i>1 0 0 0 1 0 0 0 1 2.06 0.92 -0.34</i>
                <i>1 0 0 0 1 0 0 0 1 2.06 0.92 -0.34</i>
                <i>1 0 0 0 1 0 0 0 1 2.06 0.92 -0.34</i>
                <i>1 0 0 0 1 0 0 0 1 2.06 0.92 -0.34</i>
                <i>1 0 0 0 1 0 0 0 1 2.06 0.92 -0.34</i>
                <i>1 0 0 0 1 0 0 0 1 2.06 0.92 -0.34</i>
                <i>1 0 0 0 1 0 0 0 1 2.06 0.92 -0.34</i>
                <i>1 0 0 0 1 0 0 0 1 2.06 0.92 -0.34</i>
                <i>1 0 0 0 1 0 0 0 1 2.06 0.92 -0.34</i>
                <i>1 0 0 0 1 0 0 0 1 2.06 0.92 -0.34</i>
                <i>1 0 0 0 1 0 0 0 1 2.06 0.92 -0.34</i>
                <i>1 0 0 0 1 0 0 0 1 2.06 0.92 -0.34</i>
                <i>1 0 0 0 1 0 0 0 1 2.06 0.92 -0.34</i>
                <i>1 0 0 0 1 0 0 0 1 2.06 0.92 -0.34</i>
                <i>1 0 0 0 1 0 0 0 1 2.06 0.92 -0.34</i>
                <i>1 0 0 0 1 0 0 0 1 2.06 0.92 -0.34</i>
                <i>1 0 0 0 1 0 0 0 1 2.06 0.92 -0.34</i>
            </KeyFrames>
        </RefFrame>
        <Bones count="23">
            <i>
                <p>
                    <Name><![CDATA[pelvis]]></Name>
                    <Exclude>0</Exclude>
                    <Additive>0</Additive>
                    <IKPriority>0</IKPriority>
                    <IKRotLimits>-1e+010 -1e+010 -1e+010 1e+010 1e+010 1e+010</IKRotLimits>
                    <IKRotLimitOrder>2</IKRotLimitOrder>
                    <KeyFrames count="61">
                        <i>1 0 0 0 1 0 0 0 1 1.991 2.0689 0.1199</i>
                        <i>1 0 0 0 1 0 0 0 1 1.98958 2.07042 0.120266</i>
                        <i>1 0 0 0 1 0 0 0 1 1.98827 2.07189 0.120587</i>
                        <i>1 0 0 0 1 0 0 0 1 1.98707 2.07329 0.120864</i>
                        <i>1 0 0 0 1 0 0 0 1 1.98596 2.07462 0.121102</i>
                        <i>1 0 0 0 1 0 0 0 1 1.98495 2.07586 0.121303</i>
                        <i>1 0 0 0 1 0 0 0 1 1.98404 2.077 0.121471</i>
                        <i>1 0 0 0 1 0 0 0 1 1.98321 2.07803 0.121608</i>
                        <i>1 0 0 0 1 0 0 0 1 1.98246 2.07895 0.121717</i>
                        <i>1 0 0 0 1 0 0 0 1 1.98178 2.07973 0.121802</i>
                        <i>1 0 0 0 1 0 0 0 1 1.98118 2.08037 0.121866</i>
                        <i>1 0 0 0 1 0 0 0 1 1.98065 2.08086 0.121911</i>
                        <i>1 0 0 0 1 0 0 0 1 1.98017 2.08119 0.121942</i>
                        <i>1 0 0 0 1 0 0 0 1 1.97976 2.08134 0.12196</i>
                        <i>1 0 0 0 1 0 0 0 1 1.97939 2.0813 0.121969</i>
                        <i>1 0 0 0 1 0 0 0 1 1.97907 2.08108 0.121973</i>
                        <i>1 0 0 0 1 0 0 0 1 1.97881 2.08056 0.121958</i>
                        <i>1 0 0 0 1 0 0 0 1 1.9786 2.07972 0.121913</i>
                        <i>1 0 0 0 1 0 0 0 1 1.97846 2.07858 0.121841</i>
                        <i>1 0 0 0 1 0 0 0 1 1.97838 2.0772 0.121748</i>
                        <i>1 0 0 0 1 0 0 0 1 1.97836 2.07562 0.121636</i>
                        <i>1 0 0 0 1 0 0 0 1 1.9784 2.07389 0.121511</i>
                        <i>1 0 0 0 1 0 0 0 1 1.97851 2.07206 0.121376</i>
                        <i>1 0 0 0 1 0 0 0 1 1.97867 2.07016 0.121235</i>
                        <i>1 0 0 0 1 0 0 0 1 1.97889 2.06824 0.121092</i>
                        <i>1 0 0 0 1 0 0 0 1 1.97918 2.06636 0.120951</i>
                        <i>1 0 0 0 1 0 0 0 1 1.97952 2.06455 0.120817</i>
                        <i>1 0 0 0 1 0 0 0 1 1.97993 2.06287 0.120693</i>
                        <i>1 0 0 0 1 0 0 0 1 1.98039 2.06135 0.120584</i>
                        <i>1 0 0 0 1 0 0 0 1 1.98091 2.06004 0.120494</i>
                        <i>1 0 0 0 1 0 0 0 1 1.98149 2.05899 0.120426</i>
                        <i>1 0 0 0 1 0 0 0 1 1.9822 2.0581 0.120385</i>
                        <i>1 0 0 0 1 0 0 0 1 1.98309 2.05724 0.12037</i>
                        <i>1 0 0 0 1 0 0 0 1 1.98412 2.05643 0.120376</i>
                        <i>1 0 0 0 1 0 0 0 1 1.98528 2.05567 0.120398</i>
                        <i>1 0 0 0 1 0 0 0 1 1.98652 2.05498 0.12043</i>
                        <i>1 0 0 0 1 0 0 0 1 1.98782 2.05436 0.120468</i>
                        <i>1 0 0 0 1 0 0 0 1 1.98916 2.05383 0.120506</i>
                        <i>1 0 0 0 1 0 0 0 1 1.99049 2.05339 0.120539</i>
                        <i>1 0 0 0 1 0 0 0 1 1.99179 2.05306 0.120561</i>
                        <i>1 0 0 0 1 0 0 0 1 1.99304 2.05285 0.120569</i>
                        <i>1 0 0 0 1 0 0 0 1 1.99419 2.05276 0.120556</i>
                        <i>1 0 0 0 1 0 0 0 1 1.99523 2.05282 0.120517</i>
                        <i>1 0 0 0 1 0 0 0 1 1.99611 2.05302 0.120448</i>
                        <i>1 0 0 0 1 0 0 0 1 1.99682 2.05337 0.120343</i>
                        <i>1 0 0 0 1 0 0 0 1 1.99733 2.0539 0.120223</i>
                        <i>1 0 0 0 1 0 0 0 1 1.99767 2.05452 0.120105</i>
                        <i>1 0 0 0 1 0 0 0 1 1.99789 2.05515 0.119979</i>
                        <i>1 0 0 0 1 0 0 0 1 1.99799 2.05581 0.119851</i>
                        <i>1 0 0 0 1 0 0 0 1 1.99797 2.0565 0.119725</i>
                        <i>1 0 0 0 1 0 0 0 1 1.99784 2.05723 0.119606</i>
                        <i>1 0 0 0 1 0 0 0 1 1.9976 2.05801 0.1195</i>
                        <i>1 0 0 0 1 0 0 0 1 1.99726 2.05886 0.11941</i>
                        <i>1 0 0 0 1 0 0 0 1 1.9968 2.05977 0.119342</i>
                        <i>1 0 0 0 1 0 0 0 1 1.99625 2.06077 0.119301</i>
                        <i>1 0 0 0 1 0 0 0 1 1.9956 2.06185 0.119293</i>
                        <i>1 0 0 0 1 0 0 0 1 1.99486 2.06303 0.119321</i>
                        <i>1 0 0 0 1 0 0 0 1 1.99402 2.06431 0.11939</i>
                        <i>1 0 0 0 1 0 0 0 1 1.9931 2.06571 0.119507</i>
                        <i>1 0 0 0 1 0 0 0 1 1.99209 2.06724 0.119675</i>
                        <i>1 0 0 0 1 0 0 0 1 1.991 2.0689 0.1199</i>
                    </KeyFrames>
                </p>
            </i>
            <i>
                <p>
                    <Name><![CDATA[spine0]]></Name>
                    <Exclude>0</Exclude>
                    <Additive>0</Additive>
                    <IKPriority>0</IKPriority>
                    <IKRotLimits>-1e+010 -1e+010 -1e+010 1e+010 1e+010 1e+010</IKRotLimits>
                    <IKRotLimitOrder>0</IKRotLimitOrder>
                    <KeyFrames count="61">
                        <i>-0.0505158 0.998297 0.0291833 0.99848 0.0498375 0.0235203 0.0220258 0.0303271 -0.999297 1.97628 2.19815 0.181329</i>
                        <i>-0.0505401 0.998291 0.0293313 0.998479 0.0498585 0.0235224 0.0220198 0.0304755 -0.999293 1.97485 2.19967 0.181695</i>
                        <i>-0.0503556 0.998308 0.0290594 0.998489 0.0496805 0.023504 0.0220205 0.030199 -0.999301 1.97354 2.20114 0.182015</i>
                        <i>-0.0500085 0.998343 0.0284647 0.998506 0.0493475 0.0234694 0.0220259 0.0295959 -0.999319 1.97234 2.20254 0.182293</i>
                        <i>-0.0495455 0.998389 0.0276438 0.998529 0.0489038 0.0234234 0.0220338 0.0287636 -0.999343 1.97123 2.20387 0.182531</i>
                        <i>-0.0490127 0.998441 0.0266928 0.998555 0.0483935 0.0233705 0.0220423 0.0277997 -0.99937 1.97023 2.20511 0.182732</i>
                        <i>-0.0484565 0.998494 0.025708 0.998582 0.0478605 0.0233151 0.0220496 0.0268013 -0.999398 1.96931 2.20625 0.1829</i>
                        <i>-0.0479229 0.998544 0.0247851 0.998608 0.0473485 0.023262 0.0220546 0.0258654 -0.999422 1.96848 2.20728 0.183036</i>
                        <i>-0.0474576 0.998584 0.0240203 0.99863 0.0469013 0.0232156 0.0220562 0.0250891 -0.999442 1.96773 2.2082 0.183146</i>
                        <i>-0.0471064 0.998613 0.0235092 0.998646 0.0465622 0.0231804 0.0220536 0.0245693 -0.999455 1.96706 2.20898 0.183231</i>
                        <i>-0.0469145 0.998626 0.0233477 0.998656 0.0463744 0.0231609 0.0220464 0.0244029 -0.999459 1.96645 2.20962 0.183295</i>
                        <i>-0.0468976 0.998622 0.0235669 0.998657 0.0463527 0.0231587 0.0220344 0.0246214 -0.999454 1.96592 2.21011 0.18334</i>
                        <i>-0.0470267 0.998603 0.0241012 0.998651 0.0464698 0.0231708 0.0220185 0.0251584 -0.999441 1.96544 2.21044 0.183371</i>
                        <i>-0.04728 0.998571 0.0249008 0.998639 0.0467048 0.0231952 0.0219991 0.0259636 -0.999421 1.96503 2.21059 0.183389</i>
                        <i>-0.0476357 0.998529 0.0259157 0.998623 0.0470373 0.0232297 0.0219765 0.0269866 -0.999394 1.96466 2.21056 0.183398</i>
                        <i>-0.0480722 0.998476 0.0270963 0.998603 0.0474467 0.0232722 0.0219511 0.0281772 -0.999362 1.96434 2.21033 0.183402</i>
                        <i>-0.0485678 0.998416 0.0283926 0.998579 0.0479125 0.0233205 0.0219233 0.0294849 -0.999325 1.96408 2.20981 0.183387</i>
                        <i>-0.0491009 0.998351 0.029755 0.998554 0.0484143 0.0233726 0.0218935 0.0308596 -0.999284 1.96387 2.20897 0.183341</i>
                        <i>-0.0496501 0.998281 0.0311338 0.998527 0.0489317 0.0234263 0.0218626 0.0322511 -0.999241 1.96373 2.20783 0.18327</i>
                        <i>-0.0501939 0.998211 0.0324795 0.998501 0.0494445 0.0234795 0.0218316 0.0336093 -0.999197 1.96365 2.20645 0.183177</i>
                        <i>-0.0507112 0.998143 0.0337425 0.998475 0.0499326 0.0235301 0.0218016 0.0348843 -0.999154 1.96363 2.20487 0.183065</i>
                        <i>-0.0511805 0.99808 0.0348735 0.998452 0.0503757 0.0235761 0.021774 0.0360262 -0.999114 1.96368 2.20314 0.18294</i>
                        <i>-0.0515806 0.998026 0.0358234 0.998432 0.0507539 0.0236153 0.0217505 0.0369853 -0.999079 1.96378 2.20131 0.182805</i>
                        <i>-0.0518905 0.997984 0.0365428 0.998416 0.0510471 0.0236457 0.0217326 0.0377119 -0.999052 1.96394 2.19941 0.182664</i>
                        <i>-0.0520888 0.997957 0.0369827 0.998406 0.0512352 0.0236652 0.0217221 0.0381565 -0.999036 1.96417 2.1975 0.182521</i>
                        <i>-0.0521757 0.997946 0.0371593 0.998402 0.051318 0.0236738 0.0217182 0.0383351 -0.999029 1.96445 2.19561 0.18238</i>
                        <i>-0.052198 0.997944 0.0371897 0.998401 0.0513396 0.023676 0.0217181 0.038366 -0.999028 1.96479 2.1938 0.182246</i>
                        <i>-0.0521982 0.997945 0.0371631 0.998401 0.0513403 0.0236761 0.0217195 0.0383395 -0.999029 1.9652 2.19212 0.182122</i>
                        <i>-0.0521801 0.997949 0.0370876 0.998401 0.0513239 0.0236744 0.0217224 0.0382636 -0.999032 1.96566 2.1906 0.182013</i>
                        <i>-0.0521474 0.997955 0.0369712 0.998403 0.0512939 0.0236713 0.0217265 0.0381465 -0.999036 1.96618 2.18929 0.181922</i>
                        <i>-0.052104 0.997963 0.0368219 0.998405 0.0512539 0.0236672 0.0217317 0.0379963 -0.999042 1.96676 2.18824 0.181854</i>
                        <i>-0.0520536 0.997972 0.0366478 0.998408 0.0512074 0.0236623 0.0217377 0.0378211 -0.999048 1.96747 2.18735 0.181814</i>
                        <i>-0.052 0.997981 0.0364569 0.99841 0.0511581 0.0236572 0.0217444 0.0376291 -0.999055 1.96836 2.18649 0.181799</i>
                        <i>-0.051947 0.997991 0.0362574 0.998413 0.0511097 0.0236522 0.0217516 0.0374285 -0.999063 1.96939 2.18568 0.181805</i>
                        <i>-0.0518986 0.998001 0.0360574 0.998415 0.0510657 0.0236476 0.0217591 0.0372276 -0.99907 1.97055 2.18492 0.181827</i>
                        <i>-0.0518584 0.99801 0.0358654 0.998417 0.0510298 0.0236439 0.0217667 0.0370347 -0.999077 1.97179 2.18423 0.181859</i>
                        <i>-0.0518304 0.998018 0.0356896 0.998419 0.0510058 0.0236414 0.0217742 0.0368585 -0.999083 1.9731 2.18361 0.181897</i>
                        <i>-0.0518185 0.998024 0.0355385 0.998419 0.0509972 0.0236405 0.0217815 0.0367073 -0.999089 1.97443 2.18308 0.181935</i>
                        <i>-0.0518265 0.998028 0.0354207 0.998418 0.0510077 0.0236416 0.0217883 0.0365899 -0.999093 1.97576 2.18264 0.181967</i>
                        <i>-0.0518584 0.998029 0.0353447 0.998417 0.0510411 0.0236451 0.0217945 0.036515 -0.999095 1.97707 2.18231 0.18199</i>
                        <i>-0.051918 0.998027 0.0353194 0.998413 0.0511011 0.0236513 0.0217998 0.0364913 -0.999096 1.97831 2.1821 0.181998</i>
                        <i>-0.0520091 0.998021 0.0353532 0.998409 0.0511912 0.0236607 0.0218041 0.0365276 -0.999095 1.97946 2.18201 0.181985</i>
                        <i>-0.0521357 0.99801 0.0354551 0.998402 0.0513152 0.0236735 0.021807 0.0366327 -0.999091 1.9805 2.18207 0.181946</i>
                        <i>-0.052307 0.997995 0.0356451 0.998393 0.0514817 0.0236908 0.0218082 0.036827 -0.999084 1.98138 2.18227 0.181877</i>
                        <i>-0.05252 0.997974 0.0359177 0.998382 0.0516881 0.0237122 0.0218076 0.037105 -0.999073 1.98209 2.18262 0.181771</i>
                        <i>-0.0527603 0.997949 0.0362436 0.998369 0.0519204 0.0237363 0.0218058 0.0374369 -0.999061 1.9826 2.18315 0.181652</i>
                        <i>-0.0529547 0.997931 0.0364577 0.998359 0.0521096 0.0237559 0.0218069 0.0376558 -0.999053 1.98294 2.18377 0.181534</i>
                        <i>-0.0530471 0.997927 0.0364352 0.998354 0.0522021 0.0237655 0.0218142 0.0376359 -0.999053 1.98316 2.1844 0.181408</i>
                        <i>-0.0530485 0.997935 0.0362073 0.998353 0.0522084 0.0237661 0.0218267 0.0374085 -0.999062 1.98326 2.18506 0.18128</i>
                        <i>-0.05297 0.997954 0.0358051 0.998357 0.052139 0.0237589 0.0218435 0.0370048 -0.999076 1.98325 2.18575 0.181154</i>
                        <i>-0.0528233 0.997981 0.03526 0.998365 0.0520047 0.023745 0.0218634 0.0364566 -0.999096 1.98311 2.18648 0.181035</i>
                        <i>-0.0526206 0.998015 0.0346036 0.998375 0.051817 0.0237255 0.0218854 0.0357958 -0.999119 1.98287 2.18726 0.180928</i>
                        <i>-0.0523745 0.998053 0.0338685 0.998387 0.0515878 0.0237018 0.0219084 0.0350553 -0.999145 1.98253 2.18811 0.180839</i>
                        <i>-0.0520985 0.998094 0.0330877 0.998401 0.0513297 0.023675 0.0219315 0.0342682 -0.999172 1.98208 2.18902 0.180771</i>
                        <i>-0.0518062 0.998135 0.0322947 0.998416 0.0510557 0.0236466 0.0219537 0.0334686 -0.999199 1.98152 2.19002 0.18073</i>
                        <i>-0.0515121 0.998175 0.0315236 0.998431 0.0507794 0.023618 0.0219741 0.0326907 -0.999224 1.98087 2.1911 0.180721</i>
                        <i>-0.0512305 0.998212 0.0308084 0.998445 0.0505144 0.0235905 0.021992 0.031969 -0.999247 1.98013 2.19228 0.180749</i>
                        <i>-0.0509761 0.998244 0.0301834 0.998457 0.0502744 0.0235656 0.0220067 0.0313381 -0.999267 1.97929 2.19356 0.180819</i>
                        <i>-0.0507631 0.99827 0.0296823 0.998468 0.0500731 0.0235447 0.0220177 0.030832 -0.999282 1.97837 2.19496 0.180936</i>
                        <i>-0.0506053 0.998288 0.0293383 0.998476 0.0499234 0.0235292 0.0220242 0.0304843 -0.999293 1.97737 2.19649 0.181104</i>
                        <i>-0.0505158 0.998297 0.0291833 0.99848 0.0498375 0.0235203 0.0220258 0.0303271 -0.999297 1.97628 2.19815 0.181329</i>
                    </KeyFrames>
                </p>
            </i>
            <i>
                <p>
                    <Name><![CDATA[spine1]]></Name>
                    <Exclude>0</Exclude>
                    <Additive>0</Additive>
                    <IKPriority>0</IKPriority>
                    <IKRotLimits>-1e+010 -1e+010 -1e+010 1e+010 1e+010 1e+010</IKRotLimits>
                    <IKRotLimitOrder>0</IKRotLimitOrder>
                    <KeyFrames count="61">
                        <i>0.086367 0.982464 -0.165243 0.973122 -0.0476511 0.225305 0.21348 -0.180261 -0.960173 1.96728 2.37598 0.186567</i>
                        <i>0.0876799 0.981884 -0.167976 0.973098 -0.0483589 0.22526 0.213056 -0.183208 -0.959709 1.96585 2.37759 0.186963</i>
                        <i>0.0892467 0.981182 -0.171221 0.973082 -0.0492212 0.225144 0.212479 -0.186705 -0.959163 1.96456 2.37914 0.187238</i>
                        <i>0.0909763 0.980394 -0.174788 0.973074 -0.0501901 0.224961 0.211778 -0.190548 -0.958562 1.96342 2.38062 0.187412</i>
                        <i>0.0927777 0.979558 -0.178488 0.973077 -0.0512175 0.224717 0.210982 -0.194532 -0.957938 1.96239 2.38203 0.187506</i>
                        <i>0.0945599 0.978717 -0.182133 0.973092 -0.0522545 0.224414 0.21012 -0.198452 -0.957322 1.96148 2.38334 0.18754</i>
                        <i>0.0962318 0.977915 -0.185532 0.973121 -0.053252 0.224054 0.209226 -0.202106 -0.956754 1.96066 2.38454 0.187533</i>
                        <i>0.0977026 0.977201 -0.188499 0.973166 -0.0541597 0.22364 0.208332 -0.205291 -0.956271 1.95992 2.38562 0.187506</i>
                        <i>0.0988815 0.976627 -0.190844 0.97323 -0.054927 0.223173 0.207474 -0.207803 -0.955914 1.95925 2.38657 0.18748</i>
                        <i>0.099678 0.976245 -0.192381 0.973316 -0.0555024 0.222654 0.206687 -0.209441 -0.955728 1.95864 2.38737 0.187474</i>
                        <i>0.100001 0.976105 -0.19292 0.973428 -0.0558339 0.222084 0.206006 -0.210002 -0.955751 1.95807 2.38802 0.187509</i>
                        <i>0.0998231 0.976226 -0.192403 0.973564 -0.0559019 0.221469 0.205448 -0.209424 -0.955998 1.95754 2.3885 0.187594</i>
                        <i>0.0992179 0.976565 -0.190989 0.97372 -0.0557421 0.220823 0.205002 -0.207879 -0.956431 1.95704 2.38881 0.187719</i>
                        <i>0.0982509 0.977085 -0.188815 0.973891 -0.0553857 0.220157 0.204655 -0.205516 -0.957016 1.95658 2.38893 0.187879</i>
                        <i>0.096987 0.977747 -0.18602 0.974072 -0.0548645 0.219485 0.204395 -0.202484 -0.957717 1.95616 2.38885 0.188069</i>
                        <i>0.0954911 0.978513 -0.182742 0.974259 -0.0542106 0.218818 0.20421 -0.198933 -0.958501 1.95576 2.38858 0.188282</i>
                        <i>0.0938284 0.979343 -0.179118 0.974446 -0.0534567 0.21817 0.204088 -0.195011 -0.959332 1.95541 2.38801 0.188497</i>
                        <i>0.0920638 0.980203 -0.175287 0.974628 -0.0526359 0.217552 0.204019 -0.190869 -0.96018 1.95511 2.3871 0.188693</i>
                        <i>0.0902623 0.98106 -0.171388 0.974802 -0.0517814 0.216977 0.203993 -0.186654 -0.961014 1.95488 2.3859 0.188866</i>
                        <i>0.0884893 0.981883 -0.167559 0.974963 -0.0509271 0.216457 0.204002 -0.182518 -0.961806 1.9547 2.38446 0.18901</i>
                        <i>0.0868098 0.982643 -0.16394 0.975106 -0.0501069 0.216003 0.204039 -0.17861 -0.962531 1.95459 2.38282 0.189122</i>
                        <i>0.0852893 0.983316 -0.160671 0.975228 -0.0493551 0.215626 0.204098 -0.175082 -0.963167 1.95455 2.38103 0.189196</i>
                        <i>0.0839931 0.983878 -0.157892 0.975324 -0.0487056 0.215338 0.204176 -0.172083 -0.963691 1.95459 2.37915 0.189229</i>
                        <i>0.0829867 0.984306 -0.155742 0.975391 -0.0481929 0.21515 0.204268 -0.169764 -0.964082 1.9547 2.37721 0.189215</i>
                        <i>0.0823354 0.984578 -0.154362 0.975425 -0.0478509 0.215073 0.20437 -0.168276 -0.964322 1.95489 2.37527 0.189149</i>
                        <i>0.0820955 0.984676 -0.153863 0.975429 -0.0477161 0.215085 0.204447 -0.16774 -0.964399 1.95515 2.37338 0.18904</i>
                        <i>0.0821654 0.984645 -0.154023 0.975414 -0.0477405 0.215149 0.204492 -0.167914 -0.964359 1.95549 2.37158 0.188911</i>
                        <i>0.0823944 0.984547 -0.154525 0.975385 -0.0478428 0.215258 0.204538 -0.168458 -0.964254 1.9559 2.3699 0.188784</i>
                        <i>0.0827606 0.984391 -0.155324 0.975343 -0.0480115 0.215408 0.204588 -0.169322 -0.964092 1.95636 2.3684 0.188662</i>
                        <i>0.0832425 0.984184 -0.156373 0.975291 -0.0482351 0.215596 0.204643 -0.170456 -0.963881 1.95689 2.36713 0.188552</i>
                        <i>0.0838181 0.983935 -0.157626 0.975228 -0.0485022 0.215819 0.204707 -0.171811 -0.963627 1.95747 2.36611 0.188458</i>
                        <i>0.0844659 0.983653 -0.159038 0.975157 -0.0488014 0.216074 0.20478 -0.173338 -0.963337 1.95819 2.36525 0.188388</i>
                        <i>0.0851641 0.983345 -0.160562 0.975078 -0.0491211 0.216357 0.204867 -0.174986 -0.963021 1.95908 2.36443 0.188341</i>
                        <i>0.0858911 0.983021 -0.162152 0.974993 -0.04945 0.216666 0.204968 -0.176707 -0.962685 1.96013 2.36366 0.188313</i>
                        <i>0.086625 0.982689 -0.163763 0.974902 -0.0497766 0.216997 0.205089 -0.17845 -0.962338 1.96129 2.36295 0.188301</i>
                        <i>0.0873445 0.98236 -0.165349 0.974808 -0.0500897 0.217347 0.20523 -0.180167 -0.961988 1.96254 2.3623 0.188301</i>
                        <i>0.0880277 0.982043 -0.166863 0.974712 -0.0503781 0.217713 0.205397 -0.181808 -0.961643 1.96385 2.36172 0.188309</i>
                        <i>0.0886531 0.981748 -0.168261 0.974614 -0.0506305 0.218091 0.205592 -0.183324 -0.961314 1.96518 2.36123 0.188321</i>
                        <i>0.0891992 0.981486 -0.169496 0.974516 -0.0508359 0.21848 0.205819 -0.184665 -0.961009 1.96651 2.36082 0.188334</i>
                        <i>0.0896445 0.981267 -0.170523 0.97442 -0.0509833 0.218875 0.206081 -0.185782 -0.960737 1.9678 2.36053 0.188345</i>
                        <i>0.0899674 0.981103 -0.171296 0.974326 -0.0510617 0.219274 0.206384 -0.186626 -0.960508 1.96904 2.36034 0.188349</i>
                        <i>0.0901465 0.981004 -0.171769 0.974236 -0.0510606 0.219674 0.20673 -0.187147 -0.960333 1.97017 2.36027 0.188342</i>
                        <i>0.0901601 0.98098 -0.171898 0.974151 -0.0509692 0.220072 0.207125 -0.187296 -0.960219 1.97118 2.36033 0.188322</i>
                        <i>0.089969 0.98105 -0.171598 0.974073 -0.0507674 0.220464 0.207574 -0.186984 -0.960182 1.97204 2.36053 0.188287</i>
                        <i>0.0895736 0.981214 -0.170869 0.974002 -0.0504566 0.220848 0.208078 -0.186209 -0.960224 1.97271 2.36088 0.18823</i>
                        <i>0.0890121 0.981452 -0.169793 0.973937 -0.0500585 0.221224 0.208621 -0.185059 -0.960328 1.97318 2.36138 0.188168</i>
                        <i>0.0883504 0.981733 -0.168506 0.973875 -0.0496072 0.221601 0.209194 -0.183683 -0.960468 1.97349 2.36197 0.188087</i>
                        <i>0.0876463 0.982031 -0.167132 0.973811 -0.0491331 0.221985 0.209784 -0.182211 -0.960619 1.97369 2.36256 0.187956</i>
                        <i>0.0869256 0.982334 -0.165722 0.973748 -0.0486515 0.222369 0.210378 -0.180701 -0.960775 1.97379 2.36316 0.187785</i>
                        <i>0.0862138 0.982631 -0.164329 0.973685 -0.0481778 0.222749 0.210963 -0.179208 -0.960926 1.97379 2.3638 0.187584</i>
                        <i>0.0855368 0.982911 -0.163004 0.973622 -0.047727 0.223119 0.211527 -0.177789 -0.961066 1.97369 2.36447 0.187365</i>
                        <i>0.0849203 0.983163 -0.1618 0.973561 -0.0473136 0.223474 0.212056 -0.1765 -0.961187 1.97349 2.36519 0.187139</i>
                        <i>0.08439 0.983377 -0.160771 0.973502 -0.0469524 0.223808 0.212539 -0.175398 -0.961282 1.97319 2.36598 0.186916</i>
                        <i>0.0839719 0.983544 -0.15997 0.973445 -0.0466577 0.224118 0.212966 -0.174542 -0.961343 1.97279 2.36684 0.186706</i>
                        <i>0.0836919 0.983652 -0.15945 0.97339 -0.0464436 0.224399 0.213325 -0.173987 -0.961364 1.9723 2.36779 0.186522</i>
                        <i>0.0835759 0.983692 -0.159265 0.973338 -0.0463244 0.224649 0.213607 -0.173794 -0.961336 1.9717 2.36884 0.186375</i>
                        <i>0.0836501 0.983653 -0.159469 0.973289 -0.0463142 0.224863 0.213801 -0.174019 -0.961253 1.97101 2.37 0.186274</i>
                        <i>0.0839404 0.983523 -0.160115 0.973243 -0.0464273 0.225039 0.213898 -0.17472 -0.961104 1.97022 2.37128 0.186233</i>
                        <i>0.0844728 0.983291 -0.161257 0.9732 -0.0466779 0.225174 0.213885 -0.175956 -0.960881 1.96933 2.3727 0.18626</i>
                        <i>0.0852731 0.982943 -0.162949 0.973159 -0.0470808 0.225264 0.21375 -0.177784 -0.960575 1.96835 2.37426 0.186368</i>
                        <i>0.086367 0.982464 -0.165243 0.973122 -0.0476511 0.225305 0.21348 -0.180261 -0.960173 1.96728 2.37598 0.186567</i>
                    </KeyFrames>
                </p>
            </i>
            <i>
                <p>
                    <Name><![CDATA[spine2]]></Name>
                    <Exclude>0</Exclude>
                    <Additive>0</Additive>
                    <IKPriority>0</IKPriority>
                    <IKRotLimits>-1e+010 -1e+010 -1e+010 1e+010 1e+010 1e+010</IKRotLimits>
                    <IKRotLimitOrder>0</IKRotLimitOrder>
                    <KeyFrames count="61">
                        <i>0.185236 0.935539 -0.300757 0.903451 -0.041721 0.426655 0.386605 -0.350751 -0.852942 1.98167 2.53701 0.159395</i>
                        <i>0.188017 0.933017 -0.306803 0.90342 -0.0417349 0.426721 0.385333 -0.357403 -0.850754 1.98047 2.5386 0.159329</i>
                        <i>0.190746 0.930469 -0.312799 0.90345 -0.0417781 0.426652 0.383919 -0.36398 -0.848602 1.97945 2.5401 0.159057</i>
                        <i>0.193358 0.927956 -0.318606 0.903541 -0.0418513 0.426453 0.382396 -0.370332 -0.846539 1.97859 2.54152 0.158633</i>
                        <i>0.195791 0.925545 -0.324087 0.90369 -0.0419554 0.426127 0.380803 -0.376306 -0.84462 1.97787 2.54285 0.158107</i>
                        <i>0.197983 0.923305 -0.329107 0.903895 -0.0420904 0.425677 0.379178 -0.381755 -0.842904 1.97725 2.54407 0.157531</i>
                        <i>0.199873 0.921308 -0.333531 0.904156 -0.0422554 0.425107 0.377561 -0.386531 -0.841452 1.97671 2.54518 0.156957</i>
                        <i>0.201401 0.919629 -0.337225 0.904471 -0.0424483 0.424417 0.375992 -0.390489 -0.840327 1.97621 2.54618 0.156435</i>
                        <i>0.202505 0.918342 -0.340058 0.904838 -0.0426655 0.423612 0.374512 -0.393482 -0.839591 1.97574 2.54705 0.156018</i>
                        <i>0.203126 0.917522 -0.341897 0.905257 -0.0429016 0.422694 0.373163 -0.395365 -0.839307 1.97526 2.54781 0.155756</i>
                        <i>0.2032 0.91724 -0.342608 0.905725 -0.0431496 0.421664 0.371983 -0.395991 -0.839535 1.97475 2.54844 0.155702</i>
                        <i>0.202713 0.917518 -0.342152 0.906239 -0.0434006 0.420532 0.370996 -0.395319 -0.840289 1.97418 2.54894 0.155872</i>
                        <i>0.201741 0.918279 -0.340682 0.906787 -0.0436464 0.419324 0.370187 -0.39352 -0.841489 1.97359 2.54928 0.156233</i>
                        <i>0.200358 0.919444 -0.338349 0.907357 -0.0438793 0.418065 0.369541 -0.390765 -0.843055 1.97296 2.54947 0.156755</i>
                        <i>0.19864 0.920931 -0.335303 0.907939 -0.044093 0.416777 0.369038 -0.387223 -0.844908 1.97233 2.54947 0.15741</i>
                        <i>0.196663 0.92266 -0.331695 0.908521 -0.0442823 0.415486 0.368664 -0.383062 -0.846965 1.97168 2.54929 0.158169</i>
                        <i>0.194501 0.924553 -0.327677 0.909093 -0.0444437 0.414216 0.368401 -0.378454 -0.849148 1.97105 2.54882 0.158987</i>
                        <i>0.192232 0.926531 -0.3234 0.909643 -0.0445752 0.412993 0.368235 -0.373569 -0.851381 1.97046 2.54801 0.159821</i>
                        <i>0.189932 0.928522 -0.31902 0.91016 -0.0446764 0.411841 0.368151 -0.368581 -0.853588 1.96992 2.54691 0.160642</i>
                        <i>0.18768 0.930455 -0.314691 0.910632 -0.0447485 0.410787 0.368137 -0.363664 -0.855701 1.96945 2.54556 0.161424</i>
                        <i>0.185554 0.932264 -0.31057 0.91105 -0.044794 0.409856 0.368182 -0.358995 -0.857651 1.96906 2.544 0.162138</i>
                        <i>0.183634 0.933885 -0.306817 0.911401 -0.0448163 0.409073 0.368276 -0.354753 -0.859374 1.96877 2.54229 0.162756</i>
                        <i>0.181999 0.935259 -0.303591 0.911674 -0.0448198 0.408463 0.368412 -0.351116 -0.860808 1.96859 2.54046 0.16325</i>
                        <i>0.180731 0.936325 -0.301052 0.911858 -0.0448086 0.408054 0.368581 -0.348264 -0.861893 1.96853 2.53857 0.163593</i>
                        <i>0.179908 0.937025 -0.29936 0.911941 -0.0447868 0.407869 0.368776 -0.346378 -0.86257 1.96861 2.53666 0.163758</i>
                        <i>0.179649 0.937256 -0.298793 0.911939 -0.044767 0.407876 0.368909 -0.345755 -0.862763 1.96884 2.53478 0.163731</i>
                        <i>0.179864 0.937084 -0.299204 0.911881 -0.0447532 0.408007 0.368947 -0.346224 -0.862558 1.96919 2.53297 0.163576</i>
                        <i>0.180356 0.936679 -0.300172 0.91178 -0.0447371 0.408235 0.368957 -0.347319 -0.862114 1.96963 2.5313 0.163363</i>
                        <i>0.181089 0.936071 -0.301624 0.911639 -0.0447176 0.408553 0.368947 -0.348957 -0.861457 1.97016 2.52979 0.163107</i>
                        <i>0.182028 0.935288 -0.303484 0.911461 -0.0446934 0.408952 0.368924 -0.351055 -0.860614 1.97077 2.5285 0.162821</i>
                        <i>0.183137 0.934356 -0.305679 0.91125 -0.0446632 0.409425 0.368896 -0.353531 -0.859611 1.97145 2.52747 0.162517</i>
                        <i>0.184381 0.933304 -0.308134 0.91101 -0.0446257 0.409963 0.36887 -0.356303 -0.858477 1.97228 2.5266 0.16221</i>
                        <i>0.185725 0.932161 -0.310776 0.910743 -0.0445796 0.41056 0.368854 -0.359288 -0.857239 1.97329 2.52576 0.161906</i>
                        <i>0.187132 0.930957 -0.313529 0.910454 -0.0445239 0.411207 0.368856 -0.362404 -0.855925 1.97446 2.52497 0.161611</i>
                        <i>0.188569 0.929721 -0.316323 0.910146 -0.0444578 0.411896 0.368885 -0.365571 -0.854565 1.97574 2.52424 0.161328</i>
                        <i>0.190001 0.928486 -0.319082 0.909822 -0.0443807 0.41262 0.36895 -0.368706 -0.853189 1.97711 2.52357 0.161061</i>
                        <i>0.191392 0.927284 -0.321737 0.909485 -0.0442924 0.41337 0.369061 -0.37173 -0.851828 1.97853 2.52297 0.160813</i>
                        <i>0.192708 0.926148 -0.324213 0.90914 -0.0441929 0.41414 0.369227 -0.374563 -0.850514 1.97997 2.52246 0.16059</i>
                        <i>0.193915 0.925113 -0.32644 0.908789 -0.0440824 0.414921 0.369458 -0.377125 -0.849281 1.9814 2.52205 0.160395</i>
                        <i>0.194979 0.924214 -0.328347 0.908436 -0.0439617 0.415706 0.369766 -0.379336 -0.848161 1.98277 2.52174 0.160231</i>
                        <i>0.195865 0.923487 -0.329863 0.908084 -0.0438317 0.416487 0.370162 -0.381119 -0.847189 1.98406 2.52154 0.160104</i>
                        <i>0.196539 0.922966 -0.330917 0.907737 -0.0436936 0.417258 0.370656 -0.382393 -0.846398 1.98522 2.52147 0.160017</i>
                        <i>0.196966 0.922688 -0.331438 0.907398 -0.0435491 0.41801 0.371259 -0.38308 -0.845823 1.98624 2.52154 0.159974</i>
                        <i>0.19709 0.922709 -0.331307 0.907071 -0.0433994 0.418734 0.371991 -0.383047 -0.845516 1.98706 2.52175 0.159988</i>
                        <i>0.196903 0.923034 -0.330511 0.906759 -0.043247 0.419425 0.37285 -0.38228 -0.845485 1.98767 2.52212 0.160052</i>
                        <i>0.196444 0.923623 -0.329136 0.906461 -0.0430949 0.420086 0.373817 -0.380872 -0.845694 1.98804 2.52265 0.16017</i>
                        <i>0.195647 0.924541 -0.327025 0.906173 -0.0429444 0.420722 0.374931 -0.378654 -0.846196 1.98824 2.52326 0.160305</i>
                        <i>0.194477 0.925819 -0.324097 0.905894 -0.0427966 0.421337 0.376211 -0.375537 -0.847016 1.98833 2.52387 0.160407</i>
                        <i>0.193018 0.92736 -0.320543 0.905624 -0.0426538 0.42193 0.377609 -0.371732 -0.848073 1.98831 2.52447 0.160476</i>
                        <i>0.191357 0.929072 -0.316557 0.905365 -0.042518 0.422501 0.379074 -0.367448 -0.849285 1.98819 2.5251 0.160515</i>
                        <i>0.18958 0.930863 -0.312335 0.905116 -0.0423905 0.423046 0.380558 -0.362901 -0.850576 1.98797 2.52576 0.160525</i>
                        <i>0.187775 0.932648 -0.308072 0.904879 -0.0422726 0.423564 0.382013 -0.358303 -0.851872 1.98766 2.52647 0.160507</i>
                        <i>0.186031 0.934343 -0.303966 0.904655 -0.0421651 0.424053 0.383395 -0.353872 -0.853102 1.98727 2.52723 0.160463</i>
                        <i>0.18444 0.93587 -0.300216 0.904445 -0.0420685 0.424511 0.384658 -0.349825 -0.854202 1.9868 2.52807 0.160395</i>
                        <i>0.183091 0.937153 -0.297022 0.904249 -0.0419832 0.424936 0.38576 -0.346384 -0.855107 1.98625 2.52899 0.160305</i>
                        <i>0.182077 0.938119 -0.294585 0.90407 -0.0419093 0.425325 0.38666 -0.343768 -0.855756 1.98563 2.53001 0.160194</i>
                        <i>0.18149 0.938695 -0.293107 0.903907 -0.0418471 0.425676 0.387315 -0.342198 -0.856089 1.98495 2.53115 0.160064</i>
                        <i>0.181423 0.938808 -0.292788 0.903763 -0.0417966 0.425987 0.387683 -0.341895 -0.856043 1.98421 2.5324 0.159918</i>
                        <i>0.181965 0.938379 -0.293827 0.903638 -0.0417583 0.426255 0.387719 -0.343077 -0.855554 1.98341 2.53379 0.159757</i>
                        <i>0.183207 0.937321 -0.296419 0.903534 -0.0417327 0.426479 0.387377 -0.345959 -0.854547 1.98257 2.53532 0.159582</i>
                        <i>0.185236 0.935539 -0.300757 0.903451 -0.041721 0.426655 0.386605 -0.350751 -0.852942 1.98167 2.53701 0.159395</i>
                    </KeyFrames>
                </p>
            </i>
            <i>
                <p>
                    <Name><![CDATA[head]]></Name>
                    <Exclude>0</Exclude>
                    <Additive>0</Additive>
                    <IKPriority>0</IKPriority>
                    <IKRotLimits>-1e+010 -1e+010 -1e+010 1e+010 1e+010 1e+010</IKRotLimits>
                    <IKRotLimitOrder>0</IKRotLimitOrder>
                    <KeyFrames count="61">
                        <i>0.0266342 0.990652 0.13379 0.886634 -0.0852261 0.454552 0.461705 0.106516 -0.880615 2.02603 2.78666 0.0931196</i>
                        <i>0.0275232 0.991844 0.12445 0.886542 -0.0817379 0.455371 0.461829 0.0977967 -0.881561 2.02566 2.78767 0.0912409</i>
                        <i>0.027739 0.992943 0.1153 0.886557 -0.0777223 0.456044 0.461787 0.0895694 -0.882457 2.02544 2.7886 0.0892208</i>
                        <i>0.0273037 0.993941 0.106468 0.886674 -0.0732616 0.456554 0.461588 0.0819366 -0.883302 2.02533 2.78945 0.0871407</i>
                        <i>0.0262399 0.994832 0.0980833 0.886888 -0.0684386 0.456888 0.461239 0.0750002 -0.8841 2.02529 2.79024 0.085082</i>
                        <i>0.0245702 0.995614 0.0902757 0.887188 -0.0633358 0.45704 0.460752 0.0688621 -0.884853 2.02527 2.79096 0.0831253</i>
                        <i>0.0223174 0.996285 0.0831749 0.887567 -0.0580354 0.457008 0.460137 0.0636241 -0.885565 2.02525 2.79163 0.0813514</i>
                        <i>0.0195043 0.996847 0.0769102 0.888013 -0.0526183 0.456797 0.459404 0.0593878 -0.88624 2.02516 2.79225 0.0798406</i>
                        <i>0.0161535 0.997302 0.0716111 0.888516 -0.0471643 0.456416 0.458561 0.0562549 -0.88688 2.02498 2.79285 0.0786728</i>
                        <i>0.0122874 0.99765 0.0674059 0.889063 -0.0417511 0.455876 0.457619 0.0543265 -0.887487 2.02466 2.79343 0.0779283</i>
                        <i>0.00792815 0.997891 0.0644222 0.889645 -0.0364548 0.455196 0.456584 0.053704 -0.888058 2.02416 2.794 0.0776872</i>
                        <i>0.00313051 0.998026 0.0627175 0.890246 -0.0313476 0.4544 0.455469 0.0544116 -0.888587 2.02346 2.79455 0.0779758</i>
                        <i>-0.00197088 0.998063 0.0621803 0.890849 -0.026496 0.453527 0.454296 0.0562871 -0.889071 2.0226 2.79507 0.0787209</i>
                        <i>-0.00723367 0.998007 0.0626832 0.891438 -0.0219664 0.452609 0.453084 0.0591523 -0.889503 2.02161 2.79551 0.0798542</i>
                        <i>-0.0125149 0.997865 0.0640981 0.892005 -0.0178262 0.451674 0.451853 0.0628285 -0.889877 2.02052 2.79584 0.0813073</i>
                        <i>-0.0176711 0.997644 0.066296 0.892541 -0.0141437 0.450744 0.45062 0.0671371 -0.890188 2.01935 2.79603 0.0830117</i>
                        <i>-0.0225584 0.997351 0.0691475 0.893043 -0.0109886 0.449837 0.449406 0.0718993 -0.89043 2.01814 2.79597 0.0848833</i>
                        <i>-0.0270325 0.997 0.0725229 0.893509 -0.0084319 0.448967 0.448231 0.0769365 -0.890601 2.01695 2.79559 0.0868384</i>
                        <i>-0.030949 0.996605 0.0762925 0.893939 -0.00654548 0.448141 0.447119 0.0820704 -0.890701 2.0158 2.79492 0.0888088</i>
                        <i>-0.0341636 0.996183 0.0803267 0.894335 -0.00540242 0.447366 0.446092 0.0871226 -0.890736 2.01473 2.79398 0.0907261</i>
