<?xml version="1.0" encoding="ISO-8859-1" ?>
<Animl Version="1">
    <ModellingPackage><![CDATA[Maya.2010]]></ModellingPackage>
    <SrcFile><![CDATA[anims\turrets\mortar\blue\~src\mortar_m120\mortar_m120_idle_crewman_c.mb]]></SrcFile>
    <FramesPerSecond>30</FramesPerSecond>
    <TotalFrames>120</TotalFrames>
    <Skeleton>
        <RefFrame>
            <Name><![CDATA[soldier_ref_frame]]></Name>
            <Exclude>0</Exclude>
            <Additive>0</Additive>
            <IKPriority>0</IKPriority>
            <IKRotLimits>-1e+010 -1e+010 -1e+010 1e+010 1e+010 1e+010</IKRotLimits>
            <IKRotLimitOrder>0</IKRotLimitOrder>
            <KeyFrames count="120">
                <i>1 0 0 0 1 0 0 0 1 -1.24 2.79 -0.12</i>
                <i>1 0 0 0 1 0 0 0 1 -1.24 2.79 -0.12</i>
                <i>1 0 0 0 1 0 0 0 1 -1.24 2.79 -0.12</i>
                <i>1 0 0 0 1 0 0 0 1 -1.24 2.79 -0.12</i>
                <i>1 0 0 0 1 0 0 0 1 -1.24 2.79 -0.12</i>
                <i>1 0 0 0 1 0 0 0 1 -1.24 2.79 -0.12</i>
                <i>1 0 0 0 1 0 0 0 1 -1.24 2.79 -0.12</i>
                <i>1 0 0 0 1 0 0 0 1 -1.24 2.79 -0.12</i>
                <i>1 0 0 0 1 0 0 0 1 -1.24 2.79 -0.12</i>
                <i>1 0 0 0 1 0 0 0 1 -1.24 2.79 -0.12</i>
                <i>1 0 0 0 1 0 0 0 1 -1.24 2.79 -0.12</i>
                <i>1 0 0 0 1 0 0 0 1 -1.24 2.79 -0.12</i>
                <i>1 0 0 0 1 0 0 0 1 -1.24 2.79 -0.12</i>
                <i>1 0 0 0 1 0 0 0 1 -1.24 2.79 -0.12</i>
                <i>1 0 0 0 1 0 0 0 1 -1.24 2.79 -0.12</i>
                <i>1 0 0 0 1 0 0 0 1 -1.24 2.79 -0.12</i>
                <i>1 0 0 0 1 0 0 0 1 -1.24 2.79 -0.12</i>
                <i>1 0 0 0 1 0 0 0 1 -1.24 2.79 -0.12</i>
                <i>1 0 0 0 1 0 0 0 1 -1.24 2.79 -0.12</i>
                <i>1 0 0 0 1 0 0 0 1 -1.24 2.79 -0.12</i>
                <i>1 0 0 0 1 0 0 0 1 -1.24 2.79 -0.12</i>
                <i>1 0 0 0 1 0 0 0 1 -1.24 2.79 -0.12</i>
                <i>1 0 0 0 1 0 0 0 1 -1.24 2.79 -0.12</i>
                <i>1 0 0 0 1 0 0 0 1 -1.24 2.79 -0.12</i>
                <i>1 0 0 0 1 0 0 0 1 -1.24 2.79 -0.12</i>
                <i>1 0 0 0 1 0 0 0 1 -1.24 2.79 -0.12</i>
                <i>1 0 0 0 1 0 0 0 1 -1.24 2.79 -0.12</i>
                <i>1 0 0 0 1 0 0 0 1 -1.24 2.79 -0.12</i>
                <i>1 0 0 0 1 0 0 0 1 -1.24 2.79 -0.12</i>
                <i>1 0 0 0 1 0 0 0 1 -1.24 2.79 -0.12</i>
                <i>1 0 0 0 1 0 0 0 1 -1.24 2.79 -0.12</i>
                <i>1 0 0 0 1 0 0 0 1 -1.24 2.79 -0.12</i>
                <i>1 0 0 0 1 0 0 0 1 -1.24 2.79 -0.12</i>
                <i>1 0 0 0 1 0 0 0 1 -1.24 2.79 -0.12</i>
                <i>1 0 0 0 1 0 0 0 1 -1.24 2.79 -0.12</i>
                <i>1 0 0 0 1 0 0 0 1 -1.24 2.79 -0.12</i>
                <i>1 0 0 0 1 0 0 0 1 -1.24 2.79 -0.12</i>
                <i>1 0 0 0 1 0 0 0 1 -1.24 2.79 -0.12</i>
                <i>1 0 0 0 1 0 0 0 1 -1.24 2.79 -0.12</i>
                <i>1 0 0 0 1 0 0 0 1 -1.24 2.79 -0.12</i>
                <i>1 0 0 0 1 0 0 0 1 -1.24 2.79 -0.12</i>
                <i>1 0 0 0 1 0 0 0 1 -1.24 2.79 -0.12</i>
                <i>1 0 0 0 1 0 0 0 1 -1.24 2.79 -0.12</i>
                <i>1 0 0 0 1 0 0 0 1 -1.24 2.79 -0.12</i>
                <i>1 0 0 0 1 0 0 0 1 -1.24 2.79 -0.12</i>
                <i>1 0 0 0 1 0 0 0 1 -1.24 2.79 -0.12</i>
                <i>1 0 0 0 1 0 0 0 1 -1.24 2.79 -0.12</i>
                <i>1 0 0 0 1 0 0 0 1 -1.24 2.79 -0.12</i>
                <i>1 0 0 0 1 0 0 0 1 -1.24 2.79 -0.12</i>
                <i>1 0 0 0 1 0 0 0 1 -1.24 2.79 -0.12</i>
                <i>1 0 0 0 1 0 0 0 1 -1.24 2.79 -0.12</i>
                <i>1 0 0 0 1 0 0 0 1 -1.24 2.79 -0.12</i>
                <i>1 0 0 0 1 0 0 0 1 -1.24 2.79 -0.12</i>
                <i>1 0 0 0 1 0 0 0 1 -1.24 2.79 -0.12</i>
                <i>1 0 0 0 1 0 0 0 1 -1.24 2.79 -0.12</i>
                <i>1 0 0 0 1 0 0 0 1 -1.24 2.79 -0.12</i>
                <i>1 0 0 0 1 0 0 0 1 -1.24 2.79 -0.12</i>
                <i>1 0 0 0 1 0 0 0 1 -1.24 2.79 -0.12</i>
                <i>1 0 0 0 1 0 0 0 1 -1.24 2.79 -0.12</i>
                <i>1 0 0 0 1 0 0 0 1 -1.24 2.79 -0.12</i>
                <i>1 0 0 0 1 0 0 0 1 -1.24 2.79 -0.12</i>
                <i>1 0 0 0 1 0 0 0 1 -1.24 2.79 -0.12</i>
                <i>1 0 0 0 1 0 0 0 1 -1.24 2.79 -0.12</i>
                <i>1 0 0 0 1 0 0 0 1 -1.24 2.79 -0.12</i>
                <i>1 0 0 0 1 0 0 0 1 -1.24 2.79 -0.12</i>
                <i>1 0 0 0 1 0 0 0 1 -1.24 2.79 -0.12</i>
                <i>1 0 0 0 1 0 0 0 1 -1.24 2.79 -0.12</i>
                <i>1 0 0 0 1 0 0 0 1 -1.24 2.79 -0.12</i>
                <i>1 0 0 0 1 0 0 0 1 -1.24 2.79 -0.12</i>
                <i>1 0 0 0 1 0 0 0 1 -1.24 2.79 -0.12</i>
                <i>1 0 0 0 1 0 0 0 1 -1.24 2.79 -0.12</i>
                <i>1 0 0 0 1 0 0 0 1 -1.24 2.79 -0.12</i>
                <i>1 0 0 0 1 0 0 0 1 -1.24 2.79 -0.12</i>
                <i>1 0 0 0 1 0 0 0 1 -1.24 2.79 -0.12</i>
                <i>1 0 0 0 1 0 0 0 1 -1.24 2.79 -0.12</i>
                <i>1 0 0 0 1 0 0 0 1 -1.24 2.79 -0.12</i>
                <i>1 0 0 0 1 0 0 0 1 -1.24 2.79 -0.12</i>
                <i>1 0 0 0 1 0 0 0 1 -1.24 2.79 -0.12</i>
                <i>1 0 0 0 1 0 0 0 1 -1.24 2.79 -0.12</i>
                <i>1 0 0 0 1 0 0 0 1 -1.24 2.79 -0.12</i>
                <i>1 0 0 0 1 0 0 0 1 -1.24 2.79 -0.12</i>
                <i>1 0 0 0 1 0 0 0 1 -1.24 2.79 -0.12</i>
                <i>1 0 0 0 1 0 0 0 1 -1.24 2.79 -0.12</i>
                <i>1 0 0 0 1 0 0 0 1 -1.24 2.79 -0.12</i>
                <i>1 0 0 0 1 0 0 0 1 -1.24 2.79 -0.12</i>
                <i>1 0 0 0 1 0 0 0 1 -1.24 2.79 -0.12</i>
                <i>1 0 0 0 1 0 0 0 1 -1.24 2.79 -0.12</i>
                <i>1 0 0 0 1 0 0 0 1 -1.24 2.79 -0.12</i>
                <i>1 0 0 0 1 0 0 0 1 -1.24 2.79 -0.12</i>
                <i>1 0 0 0 1 0 0 0 1 -1.24 2.79 -0.12</i>
                <i>1 0 0 0 1 0 0 0 1 -1.24 2.79 -0.12</i>
                <i>1 0 0 0 1 0 0 0 1 -1.24 2.79 -0.12</i>
                <i>1 0 0 0 1 0 0 0 1 -1.24 2.79 -0.12</i>
                <i>1 0 0 0 1 0 0 0 1 -1.24 2.79 -0.12</i>
                <i>1 0 0 0 1 0 0 0 1 -1.24 2.79 -0.12</i>
                <i>1 0 0 0 1 0 0 0 1 -1.24 2.79 -0.12</i>
                <i>1 0 0 0 1 0 0 0 1 -1.24 2.79 -0.12</i>
                <i>1 0 0 0 1 0 0 0 1 -1.24 2.79 -0.12</i>
                <i>1 0 0 0 1 0 0 0 1 -1.24 2.79 -0.12</i>
                <i>1 0 0 0 1 0 0 0 1 -1.24 2.79 -0.12</i>
                <i>1 0 0 0 1 0 0 0 1 -1.24 2.79 -0.12</i>
                <i>1 0 0 0 1 0 0 0 1 -1.24 2.79 -0.12</i>
                <i>1 0 0 0 1 0 0 0 1 -1.24 2.79 -0.12</i>
                <i>1 0 0 0 1 0 0 0 1 -1.24 2.79 -0.12</i>
                <i>1 0 0 0 1 0 0 0 1 -1.24 2.79 -0.12</i>
                <i>1 0 0 0 1 0 0 0 1 -1.24 2.79 -0.12</i>
                <i>1 0 0 0 1 0 0 0 1 -1.24 2.79 -0.12</i>
                <i>1 0 0 0 1 0 0 0 1 -1.24 2.79 -0.12</i>
                <i>1 0 0 0 1 0 0 0 1 -1.24 2.79 -0.12</i>
                <i>1 0 0 0 1 0 0 0 1 -1.24 2.79 -0.12</i>
                <i>1 0 0 0 1 0 0 0 1 -1.24 2.79 -0.12</i>
                <i>1 0 0 0 1 0 0 0 1 -1.24 2.79 -0.12</i>
                <i>1 0 0 0 1 0 0 0 1 -1.24 2.79 -0.12</i>
                <i>1 0 0 0 1 0 0 0 1 -1.24 2.79 -0.12</i>
                <i>1 0 0 0 1 0 0 0 1 -1.24 2.79 -0.12</i>
                <i>1 0 0 0 1 0 0 0 1 -1.24 2.79 -0.12</i>
                <i>1 0 0 0 1 0 0 0 1 -1.24 2.79 -0.12</i>
                <i>1 0 0 0 1 0 0 0 1 -1.24 2.79 -0.12</i>
                <i>1 0 0 0 1 0 0 0 1 -1.24 2.79 -0.12</i>
                <i>1 0 0 0 1 0 0 0 1 -1.24 2.79 -0.12</i>
            </KeyFrames>
        </RefFrame>
        <Bones count="23">
            <i>
                <p>
                    <Name><![CDATA[pelvis]]></Name>
                    <Exclude>0</Exclude>
                    <Additive>0</Additive>
                    <IKPriority>0</IKPriority>
                    <IKRotLimits>-1e+010 -1e+010 -1e+010 1e+010 1e+010 1e+010</IKRotLimits>
                    <IKRotLimitOrder>2</IKRotLimitOrder>
                    <KeyFrames count="120">
                        <i>1 0 0 0 1 0 0 0 1 -1.34718 3.37326 -0.0197361</i>
                        <i>1 0 0 0 1 0 0 0 1 -1.34718 3.37323 -0.0197361</i>
                        <i>1 0 0 0 1 0 0 0 1 -1.34718 3.37314 -0.0197361</i>
                        <i>1 0 0 0 1 0 0 0 1 -1.34718 3.373 -0.0197361</i>
                        <i>1 0 0 0 1 0 0 0 1 -1.34718 3.37282 -0.0197361</i>
                        <i>1 0 0 0 1 0 0 0 1 -1.34718 3.3726 -0.0197361</i>
                        <i>1 0 0 0 1 0 0 0 1 -1.34718 3.37233 -0.0197361</i>
                        <i>1 0 0 0 1 0 0 0 1 -1.34718 3.37203 -0.0197361</i>
                        <i>1 0 0 0 1 0 0 0 1 -1.34718 3.37169 -0.0197361</i>
                        <i>1 0 0 0 1 0 0 0 1 -1.34718 3.37133 -0.0197361</i>
                        <i>1 0 0 0 1 0 0 0 1 -1.34718 3.37094 -0.0197361</i>
                        <i>1 0 0 0 1 0 0 0 1 -1.34718 3.37053 -0.0197361</i>
                        <i>1 0 0 0 1 0 0 0 1 -1.34718 3.3701 -0.0197361</i>
                        <i>1 0 0 0 1 0 0 0 1 -1.34718 3.36965 -0.0197361</i>
                        <i>1 0 0 0 1 0 0 0 1 -1.34718 3.36919 -0.0197361</i>
                        <i>1 0 0 0 1 0 0 0 1 -1.34718 3.36873 -0.0197361</i>
                        <i>1 0 0 0 1 0 0 0 1 -1.34718 3.36826 -0.0197361</i>
                        <i>1 0 0 0 1 0 0 0 1 -1.34718 3.36778 -0.0197361</i>
                        <i>1 0 0 0 1 0 0 0 1 -1.34718 3.36731 -0.0197361</i>
                        <i>1 0 0 0 1 0 0 0 1 -1.34718 3.36684 -0.0197361</i>
                        <i>1 0 0 0 1 0 0 0 1 -1.34718 3.36639 -0.0197361</i>
                        <i>1 0 0 0 1 0 0 0 1 -1.34718 3.36594 -0.0197361</i>
                        <i>1 0 0 0 1 0 0 0 1 -1.34718 3.36551 -0.0197361</i>
                        <i>1 0 0 0 1 0 0 0 1 -1.34718 3.3651 -0.0197361</i>
                        <i>1 0 0 0 1 0 0 0 1 -1.34718 3.36471 -0.0197361</i>
                        <i>1 0 0 0 1 0 0 0 1 -1.34718 3.36435 -0.0197361</i>
                        <i>1 0 0 0 1 0 0 0 1 -1.34718 3.36402 -0.0197361</i>
                        <i>1 0 0 0 1 0 0 0 1 -1.34718 3.36372 -0.0197361</i>
                        <i>1 0 0 0 1 0 0 0 1 -1.34718 3.36346 -0.0197361</i>
                        <i>1 0 0 0 1 0 0 0 1 -1.34718 3.36324 -0.0197361</i>
                        <i>1 0 0 0 1 0 0 0 1 -1.34718 3.36306 -0.0197361</i>
                        <i>1 0 0 0 1 0 0 0 1 -1.34718 3.36293 -0.0197361</i>
                        <i>1 0 0 0 1 0 0 0 1 -1.34718 3.36284 -0.0197361</i>
                        <i>1 0 0 0 1 0 0 0 1 -1.34718 3.36281 -0.0197361</i>
                        <i>1 0 0 0 1 0 0 0 1 -1.34718 3.36286 -0.0197361</i>
                        <i>1 0 0 0 1 0 0 0 1 -1.34718 3.36299 -0.0197361</i>
                        <i>1 0 0 0 1 0 0 0 1 -1.34718 3.3632 -0.0197361</i>
                        <i>1 0 0 0 1 0 0 0 1 -1.34718 3.36348 -0.0197361</i>
                        <i>1 0 0 0 1 0 0 0 1 -1.34718 3.36382 -0.0197361</i>
                        <i>1 0 0 0 1 0 0 0 1 -1.34718 3.36422 -0.0197361</i>
                        <i>1 0 0 0 1 0 0 0 1 -1.34718 3.36468 -0.0197361</i>
                        <i>1 0 0 0 1 0 0 0 1 -1.34718 3.36517 -0.0197361</i>
                        <i>1 0 0 0 1 0 0 0 1 -1.34718 3.3657 -0.0197361</i>
                        <i>1 0 0 0 1 0 0 0 1 -1.34718 3.36626 -0.0197361</i>
                        <i>1 0 0 0 1 0 0 0 1 -1.34718 3.36684 -0.0197361</i>
                        <i>1 0 0 0 1 0 0 0 1 -1.34718 3.36743 -0.0197361</i>
                        <i>1 0 0 0 1 0 0 0 1 -1.34718 3.36803 -0.0197361</i>
                        <i>1 0 0 0 1 0 0 0 1 -1.34718 3.36863 -0.0197361</i>
                        <i>1 0 0 0 1 0 0 0 1 -1.34718 3.36922 -0.0197361</i>
                        <i>1 0 0 0 1 0 0 0 1 -1.34718 3.3698 -0.0197361</i>
                        <i>1 0 0 0 1 0 0 0 1 -1.34718 3.37036 -0.0197361</i>
                        <i>1 0 0 0 1 0 0 0 1 -1.34718 3.37089 -0.0197361</i>
                        <i>1 0 0 0 1 0 0 0 1 -1.34718 3.37139 -0.0197361</i>
                        <i>1 0 0 0 1 0 0 0 1 -1.34718 3.37184 -0.0197361</i>
                        <i>1 0 0 0 1 0 0 0 1 -1.34718 3.37224 -0.0197361</i>
                        <i>1 0 0 0 1 0 0 0 1 -1.34718 3.37259 -0.0197361</i>
                        <i>1 0 0 0 1 0 0 0 1 -1.34718 3.37287 -0.0197361</i>
                        <i>1 0 0 0 1 0 0 0 1 -1.34718 3.37308 -0.0197361</i>
                        <i>1 0 0 0 1 0 0 0 1 -1.34718 3.37321 -0.0197361</i>
                        <i>1 0 0 0 1 0 0 0 1 -1.34718 3.37326 -0.0197361</i>
                        <i>1 0 0 0 1 0 0 0 1 -1.34718 3.37323 -0.0197361</i>
                        <i>1 0 0 0 1 0 0 0 1 -1.34718 3.37315 -0.0197361</i>
                        <i>1 0 0 0 1 0 0 0 1 -1.34718 3.37302 -0.0197361</i>
                        <i>1 0 0 0 1 0 0 0 1 -1.34718 3.37284 -0.0197361</i>
                        <i>1 0 0 0 1 0 0 0 1 -1.34718 3.37263 -0.0197361</i>
                        <i>1 0 0 0 1 0 0 0 1 -1.34718 3.37238 -0.0197361</i>
                        <i>1 0 0 0 1 0 0 0 1 -1.34718 3.37209 -0.0197361</i>
                        <i>1 0 0 0 1 0 0 0 1 -1.34718 3.37177 -0.0197361</i>
                        <i>1 0 0 0 1 0 0 0 1 -1.34718 3.37143 -0.0197361</i>
                        <i>1 0 0 0 1 0 0 0 1 -1.34718 3.37105 -0.0197361</i>
                        <i>1 0 0 0 1 0 0 0 1 -1.34718 3.37066 -0.0197361</i>
                        <i>1 0 0 0 1 0 0 0 1 -1.34718 3.37024 -0.0197361</i>
                        <i>1 0 0 0 1 0 0 0 1 -1.34718 3.36981 -0.0197361</i>
                        <i>1 0 0 0 1 0 0 0 1 -1.34718 3.36937 -0.0197361</i>
                        <i>1 0 0 0 1 0 0 0 1 -1.34718 3.36891 -0.0197361</i>
                        <i>1 0 0 0 1 0 0 0 1 -1.34718 3.36845 -0.0197361</i>
                        <i>1 0 0 0 1 0 0 0 1 -1.34718 3.36798 -0.0197361</i>
                        <i>1 0 0 0 1 0 0 0 1 -1.34718 3.36751 -0.0197361</i>
                        <i>1 0 0 0 1 0 0 0 1 -1.34718 3.36705 -0.0197361</i>
                        <i>1 0 0 0 1 0 0 0 1 -1.34718 3.36658 -0.0197361</i>
                        <i>1 0 0 0 1 0 0 0 1 -1.34718 3.36613 -0.0197361</i>
                        <i>1 0 0 0 1 0 0 0 1 -1.34718 3.36569 -0.0197361</i>
                        <i>1 0 0 0 1 0 0 0 1 -1.34718 3.36526 -0.0197361</i>
                        <i>1 0 0 0 1 0 0 0 1 -1.34718 3.36484 -0.0197361</i>
                        <i>1 0 0 0 1 0 0 0 1 -1.34718 3.36445 -0.0197361</i>
                        <i>1 0 0 0 1 0 0 0 1 -1.34718 3.36408 -0.0197361</i>
                        <i>1 0 0 0 1 0 0 0 1 -1.34718 3.36374 -0.0197361</i>
                        <i>1 0 0 0 1 0 0 0 1 -1.34718 3.36342 -0.0197361</i>
                        <i>1 0 0 0 1 0 0 0 1 -1.34718 3.36314 -0.0197361</i>
                        <i>1 0 0 0 1 0 0 0 1 -1.34718 3.36289 -0.0197361</i>
                        <i>1 0 0 0 1 0 0 0 1 -1.34718 3.36268 -0.0197361</i>
                        <i>1 0 0 0 1 0 0 0 1 -1.34718 3.36252 -0.0197361</i>
                        <i>1 0 0 0 1 0 0 0 1 -1.34718 3.36239 -0.0197361</i>
                        <i>1 0 0 0 1 0 0 0 1 -1.34718 3.36232 -0.0197361</i>
                        <i>1 0 0 0 1 0 0 0 1 -1.34718 3.36229 -0.0197361</i>
                        <i>1 0 0 0 1 0 0 0 1 -1.34718 3.36234 -0.0197361</i>
                        <i>1 0 0 0 1 0 0 0 1 -1.34718 3.36249 -0.0197361</i>
                        <i>1 0 0 0 1 0 0 0 1 -1.34718 3.36272 -0.0197361</i>
                        <i>1 0 0 0 1 0 0 0 1 -1.34718 3.36304 -0.0197361</i>
                        <i>1 0 0 0 1 0 0 0 1 -1.34718 3.36343 -0.0197361</i>
                        <i>1 0 0 0 1 0 0 0 1 -1.34718 3.36388 -0.0197361</i>
                        <i>1 0 0 0 1 0 0 0 1 -1.34718 3.36438 -0.0197361</i>
                        <i>1 0 0 0 1 0 0 0 1 -1.34718 3.36493 -0.0197361</i>
                        <i>1 0 0 0 1 0 0 0 1 -1.34718 3.36552 -0.0197361</i>
                        <i>1 0 0 0 1 0 0 0 1 -1.34718 3.36614 -0.0197361</i>
                        <i>1 0 0 0 1 0 0 0 1 -1.34718 3.36678 -0.0197361</i>
                        <i>1 0 0 0 1 0 0 0 1 -1.34718 3.36743 -0.0197361</i>
                        <i>1 0 0 0 1 0 0 0 1 -1.34718 3.36809 -0.0197361</i>
                        <i>1 0 0 0 1 0 0 0 1 -1.34718 3.36874 -0.0197361</i>
                        <i>1 0 0 0 1 0 0 0 1 -1.34718 3.36938 -0.0197361</i>
                        <i>1 0 0 0 1 0 0 0 1 -1.34718 3.37 -0.0197361</i>
                        <i>1 0 0 0 1 0 0 0 1 -1.34718 3.37059 -0.0197361</i>
                        <i>1 0 0 0 1 0 0 0 1 -1.34718 3.37114 -0.0197361</i>
                        <i>1 0 0 0 1 0 0 0 1 -1.34718 3.37165 -0.0197361</i>
                        <i>1 0 0 0 1 0 0 0 1 -1.34718 3.3721 -0.0197361</i>
                        <i>1 0 0 0 1 0 0 0 1 -1.34718 3.37249 -0.0197361</i>
                        <i>1 0 0 0 1 0 0 0 1 -1.34718 3.37281 -0.0197361</i>
                        <i>1 0 0 0 1 0 0 0 1 -1.34718 3.37305 -0.0197361</i>
                        <i>1 0 0 0 1 0 0 0 1 -1.34718 3.3732 -0.0197361</i>
                        <i>1 0 0 0 1 0 0 0 1 -1.34718 3.37326 -0.0197361</i>
                    </KeyFrames>
                </p>
            </i>
            <i>
                <p>
                    <Name><![CDATA[spine0]]></Name>
                    <Exclude>0</Exclude>
                    <Additive>0</Additive>
                    <IKPriority>0</IKPriority>
                    <IKRotLimits>-1e+010 -1e+010 -1e+010 1e+010 1e+010 1e+010</IKRotLimits>
                    <IKRotLimitOrder>0</IKRotLimitOrder>
                    <KeyFrames count="120">
                        <i>0.0599924 0.958808 -0.277647 0.94561 0.0345017 0.323468 0.319723 -0.281951 -0.904589 -1.37341 3.50917 0.0194742</i>
                        <i>0.0600836 0.95869 -0.278036 0.945609 0.0345472 0.323467 0.31971 -0.282349 -0.904469 -1.37341 3.50913 0.0194742</i>
                        <i>0.0602343 0.958498 -0.278664 0.945607 0.0346169 0.323465 0.319687 -0.28299 -0.904277 -1.37341 3.50905 0.0194742</i>
                        <i>0.0604387 0.958239 -0.279508 0.945604 0.0347087 0.323463 0.319656 -0.283853 -0.904017 -1.37341 3.50891 0.0194742</i>
                        <i>0.0606915 0.95792 -0.280545 0.945601 0.0348204 0.32346 0.319617 -0.284915 -0.903697 -1.37341 3.50873 0.0194742</i>
                        <i>0.0609869 0.957546 -0.281755 0.945597 0.0349499 0.323456 0.319572 -0.286153 -0.903322 -1.37341 3.5085 0.0194742</i>
                        <i>0.0613195 0.957124 -0.283114 0.945593 0.0350952 0.323452 0.31952 -0.287544 -0.902898 -1.37341 3.50824 0.0194742</i>
                        <i>0.0616837 0.956659 -0.284601 0.945589 0.035254 0.323448 0.319463 -0.289067 -0.902432 -1.37341 3.50794 0.0194742</i>
                        <i>0.062074 0.956159 -0.286194 0.945584 0.0354243 0.323443 0.319401 -0.290698 -0.90193 -1.37341 3.5076 0.0194742</i>
                        <i>0.0624848 0.955629 -0.287871 0.945579 0.0356038 0.323438 0.319336 -0.292415 -0.901398 -1.37341 3.50724 0.0194742</i>
                        <i>0.0629106 0.955075 -0.289609 0.945574 0.0357904 0.323433 0.319268 -0.294194 -0.900843 -1.37341 3.50685 0.0194742</i>
                        <i>0.0633457 0.954506 -0.291386 0.945569 0.0359816 0.323428 0.319198 -0.296013 -0.900271 -1.37341 3.50644 0.0194742</i>
                        <i>0.0637847 0.953927 -0.29318 0.945563 0.0361753 0.323422 0.319127 -0.29785 -0.899691 -1.37341 3.50601 0.0194742</i>
                        <i>0.0642218 0.953347 -0.294968 0.945557 0.0363688 0.323417 0.319056 -0.299679 -0.899108 -1.37341 3.50556 0.0194742</i>
                        <i>0.0646517 0.952772 -0.296726 0.945552 0.0365598 0.323412 0.318986 -0.301479 -0.898531 -1.37341 3.5051 0.0194742</i>
                        <i>0.0650685 0.95221 -0.298432 0.945546 0.0367455 0.323406 0.318917 -0.303225 -0.897968 -1.37341 3.50463 0.0194742</i>
                        <i>0.0654667 0.951671 -0.300062 0.945541 0.0369235 0.323401 0.318851 -0.304893 -0.897426 -1.37341 3.50416 0.0194742</i>
                        <i>0.0658406 0.951161 -0.301593 0.945536 0.037091 0.323397 0.318789 -0.30646 -0.896915 -1.37341 3.50369 0.0194742</i>
                        <i>0.0661848 0.950689 -0.303002 0.945532 0.0372453 0.323392 0.318731 -0.307901 -0.896441 -1.37341 3.50322 0.0194742</i>
                        <i>0.0664934 0.950264 -0.304264 0.945528 0.0373835 0.323388 0.318679 -0.309193 -0.896015 -1.37341 3.50275 0.0194742</i>
                        <i>0.0667609 0.949895 -0.305357 0.945524 0.0375029 0.323385 0.318634 -0.310312 -0.895645 -1.37341 3.50229 0.0194742</i>
                        <i>0.0669817 0.94959 -0.306256 0.945521 0.0376007 0.323382 0.318596 -0.311232 -0.895338 -1.37341 3.50185 0.0194742</i>
                        <i>0.0671501 0.949357 -0.306939 0.945519 0.0376741 0.32338 0.318567 -0.311931 -0.895106 -1.37341 3.50142 0.0194742</i>
                        <i>0.0672607 0.949207 -0.307381 0.945517 0.0377203 0.323379 0.318548 -0.312385 -0.894954 -1.37341 3.50101 0.0194742</i>
                        <i>0.0673162 0.949133 -0.307597 0.945517 0.0377414 0.323378 0.318538 -0.312607 -0.89488 -1.37341 3.50062 0.0194742</i>
                        <i>0.0673215 0.949128 -0.30761 0.945517 0.0377407 0.323378 0.318537 -0.312621 -0.894876 -1.37341 3.50026 0.0194742</i>
                        <i>0.0672836 0.949183 -0.307447 0.945517 0.037721 0.323379 0.318543 -0.312455 -0.894931 -1.37341 3.49993 0.0194742</i>
                        <i>0.0672123 0.949286 -0.307147 0.945518 0.037686 0.32338 0.318555 -0.312149 -0.895034 -1.37341 3.49963 0.0194742</i>
                        <i>0.0671099 0.949431 -0.30672 0.94552 0.037637 0.323381 0.318572 -0.311712 -0.89518 -1.37341 3.49937 0.0194742</i>
                        <i>0.0669786 0.949617 -0.306173 0.945522 0.0375747 0.323383 0.318594 -0.311153 -0.895367 -1.37341 3.49914 0.0194742</i>
                        <i>0.0668202 0.949839 -0.305517 0.945524 0.0375004 0.323385 0.318621 -0.310482 -0.89559 -1.37341 3.49896 0.0194742</i>
                        <i>0.0666371 0.950096 -0.304758 0.945527 0.037415 0.323388 0.318652 -0.309707 -0.895848 -1.37341 3.49883 0.0194742</i>
                        <i>0.0664313 0.950383 -0.303907 0.945529 0.0373196 0.32339 0.318686 -0.308836 -0.896136 -1.37341 3.49875 0.0194742</i>
                        <i>0.0662048 0.950697 -0.302972 0.945533 0.0372152 0.323393 0.318724 -0.30788 -0.896451 -1.37341 3.49872 0.0194742</i>
                        <i>0.0659598 0.951035 -0.301962 0.945536 0.0371028 0.323396 0.318765 -0.306847 -0.896791 -1.37341 3.49877 0.0194742</i>
                        <i>0.0656984 0.951395 -0.300886 0.945539 0.0369835 0.3234 0.318809 -0.305746 -0.897151 -1.37341 3.4989 0.0194742</i>
                        <i>0.0654227 0.951772 -0.299751 0.945543 0.0368582 0.323403 0.318854 -0.304586 -0.89753 -1.37341 3.49911 0.0194742</i>
                        <i>0.0651347 0.952163 -0.298568 0.945547 0.036728 0.323407 0.318902 -0.303375 -0.897923 -1.37341 3.49939 0.0194742</i>
                        <i>0.0648365 0.952566 -0.297344 0.945551 0.0365939 0.323411 0.318951 -0.302123 -0.898327 -1.37341 3.49973 0.0194742</i>
                        <i>0.0645303 0.952978 -0.296089 0.945555 0.0364569 0.323414 0.319001 -0.300839 -0.89874 -1.37341 3.50013 0.0194742</i>
                        <i>0.0642181 0.953395 -0.294811 0.945559 0.0363179 0.323418 0.319052 -0.299531 -0.899159 -1.37341 3.50058 0.0194742</i>
                        <i>0.0639022 0.953815 -0.293519 0.945563 0.0361779 0.323422 0.319104 -0.298208 -0.89958 -1.37341 3.50108 0.0194742</i>
                        <i>0.0635844 0.954235 -0.292221 0.945567 0.0360378 0.323426 0.319155 -0.296879 -0.900001 -1.37341 3.50161 0.0194742</i>
                        <i>0.0632671 0.954651 -0.290926 0.945571 0.0358986 0.32343 0.319207 -0.295554 -0.900419 -1.37341 3.50216 0.0194742</i>
                        <i>0.0629523 0.955062 -0.289643 0.945575 0.0357612 0.323434 0.319257 -0.29424 -0.900832 -1.37341 3.50274 0.0194742</i>
                        <i>0.0626422 0.955465 -0.28838 0.945579 0.0356264 0.323438 0.319307 -0.292947 -0.901235 -1.37341 3.50334 0.0194742</i>
                        <i>0.0623388 0.955856 -0.287146 0.945582 0.0354952 0.323441 0.319356 -0.291683 -0.901628 -1.37341 3.50394 0.0194742</i>
                        <i>0.0620444 0.956234 -0.28595 0.945586 0.0353685 0.323445 0.319402 -0.290458 -0.902007 -1.37341 3.50454 0.0194742</i>
                        <i>0.061761 0.956595 -0.284799 0.945589 0.0352471 0.323448 0.319447 -0.28928 -0.902369 -1.37341 3.50513 0.0194742</i>
                        <i>0.0614909 0.956938 -0.283704 0.945592 0.0351318 0.323451 0.31949 -0.288157 -0.902713 -1.37341 3.50571 0.0194742</i>
                        <i>0.0612361 0.95726 -0.282672 0.945595 0.0350236 0.323454 0.31953 -0.2871 -0.903036 -1.37341 3.50627 0.0194742</i>
                        <i>0.0609989 0.957558 -0.281711 0.945598 0.0349232 0.323457 0.319567 -0.286116 -0.903335 -1.37341 3.5068 0.0194742</i>
                        <i>0.0607814 0.957831 -0.280831 0.945601 0.0348315 0.323459 0.319601 -0.285215 -0.903608 -1.37341 3.50729 0.0194742</i>
                        <i>0.0605857 0.958074 -0.280041 0.945603 0.0347492 0.323462 0.319632 -0.284404 -0.903853 -1.37341 3.50775 0.0194742</i>
                        <i>0.0604141 0.958288 -0.279348 0.945605 0.0346773 0.323464 0.319658 -0.283694 -0.904067 -1.37341 3.50815 0.0194742</i>
                        <i>0.0602687 0.958468 -0.278761 0.945607 0.0346166 0.323465 0.319681 -0.283093 -0.904247 -1.37341 3.50849 0.0194742</i>
                        <i>0.0601517 0.958612 -0.278288 0.945608 0.0345678 0.323467 0.319699 -0.282609 -0.904392 -1.37341 3.50878 0.0194742</i>
                        <i>0.0600652 0.958719 -0.27794 0.945609 0.0345318 0.323468 0.319712 -0.282251 -0.904499 -1.37341 3.50899 0.0194742</i>
                        <i>0.0600114 0.958785 -0.277723 0.94561 0.0345095 0.323468 0.319721 -0.282029 -0.904565 -1.37341 3.50912 0.0194742</i>
                        <i>0.0599924 0.958808 -0.277647 0.94561 0.0345017 0.323468 0.319723 -0.281951 -0.904589 -1.37341 3.50917 0.0194742</i>
                        <i>0.0600244 0.958763 -0.277794 0.945609 0.0345215 0.323468 0.319719 -0.282101 -0.904543 -1.37341 3.50913 0.0194742</i>
                        <i>0.0601165 0.958636 -0.278214 0.945608 0.0345766 0.323466 0.319706 -0.282527 -0.904415 -1.37341 3.50905 0.0194742</i>
                        <i>0.0602507 0.95845 -0.278826 0.945606 0.0346568 0.323464 0.319687 -0.283148 -0.904227 -1.37341 3.50892 0.0194742</i>
                        <i>0.0604088 0.95823 -0.279547 0.945603 0.0347516 0.323462 0.319665 -0.283881 -0.904005 -1.37341 3.50875 0.0194742</i>
                        <i>0.0605725 0.958 -0.280297 0.9456 0.0348508 0.323459 0.319642 -0.284641 -0.903774 -1.37341 3.50854 0.0194742</i>
                        <i>0.0607233 0.957788 -0.280991 0.945598 0.0349435 0.323456 0.319621 -0.285345 -0.90356 -1.37341 3.50828 0.0194742</i>
                        <i>0.0608422 0.957617 -0.281544 0.945596 0.0350187 0.323454 0.319605 -0.285906 -0.903388 -1.37341 3.508 0.0194742</i>
                        <i>0.0609101 0.957517 -0.28187 0.945594 0.0350652 0.323453 0.319596 -0.286236 -0.903287 -1.37341 3.50768 0.0194742</i>
                        <i>0.060908 0.957514 -0.281882 0.945594 0.0350713 0.323453 0.319597 -0.286247 -0.903283 -1.37341 3.50733 0.0194742</i>
                        <i>0.0608164 0.957635 -0.281491 0.945595 0.0350255 0.323454 0.31961 -0.285848 -0.903405 -1.37341 3.50696 0.0194742</i>
                        <i>0.0605566 0.957989 -0.28034 0.945599 0.0348815 0.323458 0.319648 -0.284677 -0.903761 -1.37341 3.50657 0.0194742</i>
                        <i>0.0601062 0.958603 -0.278329 0.945606 0.0346264 0.323465 0.319712 -0.282632 -0.90438 -1.37341 3.50615 0.0194742</i>
                        <i>0.0595308 0.959383 -0.275755 0.945615 0.0342995 0.323474 0.319794 -0.280015 -0.905165 -1.37341 3.50572 0.0194742</i>
                        <i>0.0588957 0.960234 -0.272913 0.945625 0.0339392 0.323484 0.319883 -0.277125 -0.906023 -1.37341 3.50527 0.0194742</i>
                        <i>0.0582652 0.96107 -0.270093 0.945634 0.033583 0.323493 0.31997 -0.274257 -0.906864 -1.37341 3.50482 0.0194742</i>
                        <i>0.0577024 0.961807 -0.267578 0.945643 0.0332667 0.323502 0.320048 -0.2717 -0.907606 -1.37341 3.50436 0.0194742</i>
                        <i>0.057269 0.962368 -0.265645 0.945649 0.0330249 0.323508 0.320107 -0.269734 -0.908171 -1.37341 3.50389 0.0194742</i>
                        <i>0.0570265 0.962679 -0.26457 0.945652 0.0328918 0.323512 0.32014 -0.26864 -0.908484 -1.37341 3.50342 0.0194742</i>
                        <i>0.0571256 0.962547 -0.265028 0.945651 0.0329526 0.32351 0.320127 -0.269105 -0.908351 -1.37341 3.50295 0.0194742</i>
                        <i>0.0575026 0.962052 -0.266738 0.945645 0.0331725 0.323504 0.320076 -0.270841 -0.907852 -1.37341 3.50249 0.0194742</i>
                        <i>0.0578957 0.961532 -0.268522 0.945639 0.0334027 0.323498 0.320023 -0.272654 -0.907329 -1.37341 3.50204 0.0194742</i>
                        <i>0.058037 0.961343 -0.26917 0.945637 0.0334879 0.323496 0.320004 -0.273311 -0.907137 -1.37341 3.50159 0.0194742</i>
                        <i>0.0577879 0.961669 -0.268054 0.945641 0.0333469 0.3235 0.320038 -0.272177 -0.907466 -1.37341 3.50116 0.0194742</i>
                        <i>0.0573055 0.962301 -0.265883 0.945648 0.033071 0.323507 0.320104 -0.26997 -0.908102 -1.37341 3.50075 0.0194742</i>
                        <i>0.056762 0.963005 -0.263437 0.945656 0.0327606 0.323515 0.320177 -0.267484 -0.908812 -1.37341 3.50036 0.0194742</i>
                        <i>0.0563444 0.963542 -0.261556 0.945662 0.0325219 0.323522 0.320233 -0.265572 -0.909353 -1.37341 3.49999 0.0194742</i>
                        <i>0.0562309 0.96369 -0.261037 0.945663 0.0324545 0.323524 0.320248 -0.265045 -0.909501 -1.37341 3.49965 0.0194742</i>
                        <i>0.0565051 0.963343 -0.262255 0.94566 0.0326052 0.32352 0.320211 -0.266284 -0.909152 -1.37341 3.49933 0.0194742</i>
                        <i>0.0570849 0.962601 -0.264841 0.945651 0.0329282 0.323511 0.320133 -0.268915 -0.908405 -1.37341 3.49905 0.0194742</i>
                        <i>0.0578797 0.961569 -0.268392 0.94564 0.0333738 0.323499 0.320024 -0.272526 -0.907367 -1.37341 3.4988 0.0194742</i>
                        <i>0.0587977 0.960359 -0.272496 0.945626 0.0338913 0.323485 0.319897 -0.2767 -0.906147 -1.37341 3.49859 0.0194742</i>
                        <i>0.059745 0.959088 -0.276732 0.945612 0.0344276 0.32347 0.319764 -0.281007 -0.904868 -1.37341 3.49842 0.0194742</i>
                        <i>0.0606253 0.957889 -0.280665 0.945598 0.0349266 0.323457 0.319638 -0.285006 -0.903661 -1.37341 3.4983 0.0194742</i>
                        <i>0.0613403 0.956905 -0.28385 0.945587 0.0353299 0.323446 0.319535 -0.288245 -0.90267 -1.37341 3.49822 0.0194742</i>
                        <i>0.0617915 0.956283 -0.285839 0.94558 0.0355781 0.323439 0.319469 -0.29027 -0.902044 -1.37341 3.4982 0.0194742</i>
                        <i>0.0620659 0.955909 -0.28703 0.945576 0.0357224 0.323435 0.319428 -0.291483 -0.901667 -1.37341 3.49825 0.0194742</i>
                        <i>0.0623134 0.955571 -0.288099 0.945572 0.0358513 0.323431 0.31939 -0.292573 -0.901327 -1.37341 3.4984 0.0194742</i>
                        <i>0.06253 0.955275 -0.289032 0.945569 0.0359631 0.323428 0.319357 -0.293524 -0.90103 -1.37341 3.49863 0.0194742</i>
                        <i>0.0627122 0.955027 -0.289813 0.945566 0.0360559 0.323426 0.31933 -0.29432 -0.90078 -1.37341 3.49895 0.0194742</i>
                        <i>0.0628562 0.954831 -0.290425 0.945564 0.0361277 0.323424 0.319307 -0.294945 -0.900583 -1.37341 3.49933 0.0194742</i>
                        <i>0.0629582 0.954694 -0.290854 0.945563 0.0361767 0.323422 0.319291 -0.295383 -0.900446 -1.37341 3.49978 0.0194742</i>
                        <i>0.0630143 0.954621 -0.291081 0.945562 0.0362008 0.323422 0.319282 -0.295616 -0.900372 -1.37341 3.50029 0.0194742</i>
                        <i>0.0630207 0.954617 -0.291092 0.945562 0.0361981 0.323422 0.319281 -0.295628 -0.900369 -1.37341 3.50084 0.0194742</i>
                        <i>0.0629737 0.954688 -0.290868 0.945563 0.0361665 0.323423 0.319287 -0.295401 -0.900441 -1.37341 3.50143 0.0194742</i>
                        <i>0.0628692 0.95484 -0.290394 0.945565 0.0361041 0.323424 0.319303 -0.29492 -0.900593 -1.37341 3.50205 0.0194742</i>
                        <i>0.0627119 0.955064 -0.289689 0.945568 0.0360132 0.323427 0.319326 -0.294203 -0.900819 -1.37341 3.50269 0.0194742</i>
                        <i>0.0625142 0.955344 -0.288808 0.945571 0.0359006 0.32343 0.319355 -0.293307 -0.901101 -1.37341 3.50334 0.0194742</i>
                        <i>0.0622843 0.955667 -0.287786 0.945575 0.0357709 0.323434 0.319389 -0.292268 -0.901427 -1.37341 3.504 0.0194742</i>
                        <i>0.0620304 0.956022 -0.286659 0.945579 0.0356285 0.323437 0.319427 -0.291122 -0.901784 -1.37341 3.50465 0.0194742</i>
                        <i>0.0617607 0.956397 -0.285464 0.945583 0.035478 0.323442 0.319466 -0.289906 -0.902162 -1.37341 3.50529 0.0194742</i>
                        <i>0.0614833 0.956781 -0.284235 0.945587 0.0353236 0.323446 0.319507 -0.288656 -0.902548 -1.37341 3.50591 0.0194742</i>
                        <i>0.0612064 0.957162 -0.28301 0.945591 0.03517 0.32345 0.319548 -0.287409 -0.902932 -1.37341 3.5065 0.0194742</i>
                        <i>0.0609381 0.957529 -0.281824 0.945596 0.0350217 0.323454 0.319587 -0.286202 -0.903301 -1.37341 3.50705 0.0194742</i>
                        <i>0.0606868 0.957871 -0.280713 0.945599 0.0348829 0.323458 0.319623 -0.285071 -0.903646 -1.37341 3.50756 0.0194742</i>
                        <i>0.0604605 0.958178 -0.279713 0.945603 0.0347582 0.323461 0.319656 -0.284054 -0.903954 -1.37341 3.50801 0.0194742</i>
                        <i>0.0602675 0.958439 -0.27886 0.945606 0.0346521 0.323464 0.319684 -0.283186 -0.904217 -1.37341 3.5084 0.0194742</i>
                        <i>0.060116 0.958643 -0.278191 0.945608 0.0345689 0.323467 0.319706 -0.282505 -0.904422 -1.37341 3.50872 0.0194742</i>
                        <i>0.0600142 0.958779 -0.277741 0.945609 0.0345132 0.323468 0.31972 -0.282048 -0.90456 -1.37341 3.50896 0.0194742</i>
                        <i>0.0599703 0.958838 -0.277548 0.94561 0.0344893 0.323469 0.319727 -0.281851 -0.904619 -1.37341 3.50911 0.0194742</i>
                        <i>0.0599924 0.958808 -0.277647 0.94561 0.0345017 0.323468 0.319723 -0.281951 -0.904589 -1.37341 3.50917 0.0194742</i>
                    </KeyFrames>
                </p>
            </i>
            <i>
                <p>
                    <Name><![CDATA[spine1]]></Name>
                    <Exclude>0</Exclude>
                    <Additive>0</Additive>
                    <IKPriority>0</IKPriority>
                    <IKRotLimits>-1e+010 -1e+010 -1e+010 1e+010 1e+010 1e+010</IKRotLimits>
                    <IKRotLimitOrder>0</IKRotLimitOrder>
                    <KeyFrames count="120">
                        <i>0.232843 0.696965 -0.67825 0.957471 -0.0420969 0.285441 0.170391 -0.715868 -0.677126 -1.36212 3.69023 -0.032852</i>
                        <i>0.232892 0.696585 -0.678624 0.957477 -0.0420466 0.28543 0.170292 -0.716242 -0.676756 -1.3621 3.69021 -0.0329363</i>
                        <i>0.232931 0.696051 -0.679159 0.957487 -0.0419355 0.285411 0.17018 -0.716767 -0.676228 -1.36206 3.69019 -0.0330854</i>
                        <i>0.232961 0.695379 -0.679836 0.957502 -0.0417695 0.285386 0.170055 -0.717428 -0.675558 -1.36201 3.69018 -0.0332937</i>
                        <i>0.232983 0.694586 -0.680639 0.957521 -0.0415544 0.285354 0.169919 -0.718209 -0.674762 -1.36195 3.69017 -0.0335555</i>
                        <i>0.232997 0.693685 -0.681553 0.957543 -0.0412959 0.285316 0.169774 -0.719094 -0.673855 -1.36188 3.69015 -0.0338652</i>
                        <i>0.233003 0.692691 -0.68256 0.957569 -0.0409999 0.285273 0.169621 -0.720068 -0.672852 -1.3618 3.69013 -0.0342171</i>
                        <i>0.233003 0.69162 -0.683646 0.957597 -0.0406721 0.285226 0.169462 -0.721116 -0.67177 -1.3617 3.6901 -0.0346057</i>
                        <i>0.232997 0.690486 -0.684793 0.957627 -0.0403185 0.285174 0.169299 -0.722221 -0.670623 -1.3616 3.69007 -0.0350252</i>
                        <i>0.232987 0.689305 -0.685985 0.957659 -0.0399446 0.28512 0.169133 -0.723369 -0.669426 -1.3615 3.69003 -0.0354698</i>
                        <i>0.232971 0.688093 -0.687206 0.957692 -0.0395561 0.285062 0.168966 -0.724544 -0.668197 -1.36139 3.68998 -0.0359339</i>
                        <i>0.232952 0.686865 -0.688441 0.957727 -0.0391587 0.285003 0.1688 -0.72573 -0.666951 -1.36128 3.68991 -0.0364114</i>
                        <i>0.232929 0.685637 -0.689671 0.957761 -0.0387578 0.284942 0.168636 -0.726911 -0.665704 -1.36116 3.68984 -0.0368963</i>
                        <i>0.232902 0.684426 -0.690882 0.957795 -0.0383589 0.28488 0.168478 -0.728073 -0.664474 -1.36105 3.68975 -0.0373825</i>
                        <i>0.232872 0.683249 -0.692056 0.957829 -0.0379674 0.284818 0.168326 -0.729198 -0.663278 -1.36093 3.68964 -0.0378636</i>
                        <i>0.232838 0.682124 -0.693176 0.957863 -0.0375886 0.284757 0.168184 -0.73027 -0.662133 -1.36082 3.68952 -0.0383333</i>
                        <i>0.232801 0.681068 -0.694226 0.957895 -0.0372276 0.284697 0.168053 -0.731273 -0.661058 -1.36072 3.68938 -0.038785</i>
                        <i>0.23276 0.6801 -0.695189 0.957925 -0.0368897 0.284638 0.167937 -0.732191 -0.660071 -1.36062 3.68922 -0.0392122</i>
                        <i>0.232715 0.679237 -0.696047 0.957953 -0.03658 0.284583 0.167838 -0.733007 -0.65919 -1.36052 3.68905 -0.0396082</i>
                        <i>0.232665 0.678499 -0.696783 0.957979 -0.0363035 0.284531 0.167758 -0.733704 -0.658434 -1.36044 3.68885 -0.0399662</i>
                        <i>0.232611 0.677903 -0.69738 0.958002 -0.0360652 0.284483 0.167701 -0.734266 -0.657822 -1.36036 3.68864 -0.0402794</i>
                        <i>0.232552 0.677469 -0.697822 0.958022 -0.0358703 0.28444 0.167669 -0.734676 -0.657373 -1.3603 3.6884 -0.040541</i>
                        <i>0.232486 0.677216 -0.698089 0.958039 -0.0357236 0.284403 0.167664 -0.734916 -0.657105 -1.36025 3.68815 -0.0407443</i>
                        <i>0.232415 0.677162 -0.698166 0.958052 -0.0356302 0.284372 0.16769 -0.734971 -0.657037 -1.36022 3.68787 -0.0408824</i>
                        <i>0.23235 0.677249 -0.698103 0.95806 -0.0355862 0.284349 0.167732 -0.734893 -0.657114 -1.3602 3.68756 -0.0409564</i>
                        <i>0.232307 0.677403 -0.697968 0.958063 -0.0355857 0.284338 0.167774 -0.734751 -0.657262 -1.3602 3.68723 -0.0409693</i>
                        <i>0.232278 0.677629 -0.697758 0.958062 -0.0356223 0.284337 0.167819 -0.734541 -0.657485 -1.36021 3.68689 -0.0409302</i>
                        <i>0.232254 0.677933 -0.697471 0.958059 -0.0356873 0.284341 0.167874 -0.734257 -0.657788 -1.36023 3.68655 -0.0408524</i>
                        <i>0.232235 0.67831 -0.69711 0.958052 -0.0357788 0.284352 0.167937 -0.733905 -0.658165 -1.36025 3.68622 -0.0407383</i>
                        <i>0.23222 0.678754 -0.696682 0.958043 -0.035895 0.284367 0.168008 -0.733488 -0.658611 -1.36029 3.68591 -0.0405907</i>
                        <i>0.23221 0.679261 -0.696192 0.958032 -0.0360344 0.284387 0.168086 -0.733012 -0.659121 -1.36033 3.68562 -0.0404119</i>
