<?xml version="1.0" encoding="ISO-8859-1" ?>
<Animl Version="1">
    <ModellingPackage>
        <![CDATA[Maya.2010]]>
</ModellingPackage>
    <SrcFile>
        <![CDATA[anims\turrets\mortar\blue\~src\mortar_m120\mortar_m120_aim_high_crewman_a.mb]]>
</SrcFile>
    <FramesPerSecond>30</FramesPerSecond>
    <TotalFrames>30</TotalFrames>
    <Skeleton>
        <RefFrame>
            <Name>
                <![CDATA[soldier_ref_frame]]>
</Name>
            <Exclude>0</Exclude>
            <Additive>0</Additive>
            <IKPriority>0</IKPriority>
            <IKRotLimits>-1e+010 -1e+010 -1e+010 1e+010 1e+010 1e+010</IKRotLimits>
            <IKRotLimitOrder>0</IKRotLimitOrder>
            <KeyFrames count="30">
                <i>1 0 0 0 1 0 0 0 1 1.26 0.92 0.93</i>
                <i>1 0 0 0 1 0 0 0 1 1.26 0.92 0.93</i>
                <i>1 0 0 0 1 0 0 0 1 1.26 0.92 0.93</i>
                <i>1 0 0 0 1 0 0 0 1 1.26 0.92 0.93</i>
                <i>1 0 0 0 1 0 0 0 1 1.26 0.92 0.93</i>
                <i>1 0 0 0 1 0 0 0 1 1.26 0.92 0.93</i>
                <i>1 0 0 0 1 0 0 0 1 1.26 0.92 0.93</i>
                <i>1 0 0 0 1 0 0 0 1 1.26 0.92 0.93</i>
                <i>1 0 0 0 1 0 0 0 1 1.26 0.92 0.93</i>
                <i>1 0 0 0 1 0 0 0 1 1.26 0.92 0.93</i>
                <i>1 0 0 0 1 0 0 0 1 1.26 0.92 0.93</i>
                <i>1 0 0 0 1 0 0 0 1 1.26 0.92 0.93</i>
                <i>1 0 0 0 1 0 0 0 1 1.26 0.92 0.93</i>
                <i>1 0 0 0 1 0 0 0 1 1.26 0.92 0.93</i>
                <i>1 0 0 0 1 0 0 0 1 1.26 0.92 0.93</i>
                <i>1 0 0 0 1 0 0 0 1 1.26 0.92 0.93</i>
                <i>1 0 0 0 1 0 0 0 1 1.26 0.92 0.93</i>
                <i>1 0 0 0 1 0 0 0 1 1.26 0.92 0.93</i>
                <i>1 0 0 0 1 0 0 0 1 1.26 0.92 0.93</i>
                <i>1 0 0 0 1 0 0 0 1 1.26 0.92 0.93</i>
                <i>1 0 0 0 1 0 0 0 1 1.26 0.92 0.93</i>
                <i>1 0 0 0 1 0 0 0 1 1.26 0.92 0.93</i>
                <i>1 0 0 0 1 0 0 0 1 1.26 0.92 0.93</i>
                <i>1 0 0 0 1 0 0 0 1 1.26 0.92 0.93</i>
                <i>1 0 0 0 1 0 0 0 1 1.26 0.92 0.93</i>
                <i>1 0 0 0 1 0 0 0 1 1.26 0.92 0.93</i>
                <i>1 0 0 0 1 0 0 0 1 1.26 0.92 0.93</i>
                <i>1 0 0 0 1 0 0 0 1 1.26 0.92 0.93</i>
                <i>1 0 0 0 1 0 0 0 1 1.26 0.92 0.93</i>
                <i>1 0 0 0 1 0 0 0 1 1.26 0.92 0.93</i>
            </KeyFrames>
        </RefFrame>
        <Bones count="23">
            <i>
                <p>
                    <Name>
                        <![CDATA[pelvis]]>
</Name>
                    <Exclude>0</Exclude>
                    <Additive>0</Additive>
                    <IKPriority>0</IKPriority>
                    <IKRotLimits>-1e+010 -1e+010 -1e+010 1e+010 1e+010 1e+010</IKRotLimits>
                    <IKRotLimitOrder>2</IKRotLimitOrder>
                    <KeyFrames count="30">
                        <i>1 0 0 0 1 0 0 0 1 1.22306 1.98588 0.565623</i>
                        <i>1 0 0 0 1 0 0 0 1 1.22306 1.98564 0.565623</i>
                        <i>1 0 0 0 1 0 0 0 1 1.22306 1.98496 0.565623</i>
                        <i>1 0 0 0 1 0 0 0 1 1.22306 1.98392 0.565623</i>
                        <i>1 0 0 0 1 0 0 0 1 1.22306 1.9826 0.565623</i>
                        <i>1 0 0 0 1 0 0 0 1 1.22306 1.98105 0.565623</i>
                        <i>1 0 0 0 1 0 0 0 1 1.22306 1.97936 0.565623</i>
                        <i>1 0 0 0 1 0 0 0 1 1.22306 1.9776 0.565623</i>
                        <i>1 0 0 0 1 0 0 0 1 1.22306 1.97584 0.565623</i>
                        <i>1 0 0 0 1 0 0 0 1 1.22306 1.97415 0.565623</i>
                        <i>1 0 0 0 1 0 0 0 1 1.22306 1.9726 0.565623</i>
                        <i>1 0 0 0 1 0 0 0 1 1.22306 1.97127 0.565623</i>
                        <i>1 0 0 0 1 0 0 0 1 1.22306 1.97023 0.565623</i>
                        <i>1 0 0 0 1 0 0 0 1 1.22306 1.96956 0.565623</i>
                        <i>1 0 0 0 1 0 0 0 1 1.22306 1.96932 0.565623</i>
                        <i>1 0 0 0 1 0 0 0 1 1.22306 1.96953 0.565623</i>
                        <i>1 0 0 0 1 0 0 0 1 1.22306 1.97012 0.565623</i>
                        <i>1 0 0 0 1 0 0 0 1 1.22306 1.97104 0.565623</i>
                        <i>1 0 0 0 1 0 0 0 1 1.22306 1.97222 0.565623</i>
                        <i>1 0 0 0 1 0 0 0 1 1.22306 1.97361 0.565623</i>
                        <i>1 0 0 0 1 0 0 0 1 1.22306 1.97515 0.565623</i>
                        <i>1 0 0 0 1 0 0 0 1 1.22306 1.97677 0.565623</i>
                        <i>1 0 0 0 1 0 0 0 1 1.22306 1.97842 0.565623</i>
                        <i>1 0 0 0 1 0 0 0 1 1.22306 1.98005 0.565623</i>
                        <i>1 0 0 0 1 0 0 0 1 1.22306 1.98159 0.565623</i>
                        <i>1 0 0 0 1 0 0 0 1 1.22306 1.98297 0.565623</i>
                        <i>1 0 0 0 1 0 0 0 1 1.22306 1.98416 0.565623</i>
                        <i>1 0 0 0 1 0 0 0 1 1.22306 1.98508 0.565623</i>
                        <i>1 0 0 0 1 0 0 0 1 1.22306 1.98567 0.565623</i>
                        <i>1 0 0 0 1 0 0 0 1 1.22306 1.98588 0.565623</i>
                    </KeyFrames>
                </p>
            </i>
            <i>
                <p>
                    <Name>
                        <![CDATA[spine0]]>
</Name>
                    <Exclude>0</Exclude>
                    <Additive>0</Additive>
                    <IKPriority>0</IKPriority>
                    <IKRotLimits>-1e+010 -1e+010 -1e+010 1e+010 1e+010 1e+010</IKRotLimits>
                    <IKRotLimitOrder>0</IKRotLimitOrder>
                    <KeyFrames count="30">
                        <i>0.0463595 0.997022 -0.0616287 -0.787099 -0.00152913 -0.616825 -0.615082 0.0771036 0.784684 1.27329 2.11212 0.518329</i>
                        <i>0.0446024 0.997195 -0.0600986 -0.78714 -0.00196417 -0.616771 -0.615159 0.0748155 0.784845 1.27329 2.11188 0.518329</i>
                        <i>0.0430473 0.997345 -0.0587408 -0.787177 -0.0023472 -0.616723 -0.615223 0.0727877 0.784985 1.27329 2.1112 0.518329</i>
                        <i>0.0416972 0.997471 -0.0575593 -0.787208 -0.00267823 -0.616682 -0.615276 0.0710251 0.785105 1.27329 2.11016 0.518329</i>
                        <i>0.0405546 0.997575 -0.0565576 -0.787234 -0.00295727 -0.616647 -0.615319 0.069532 0.785205 1.27329 2.10883 0.518329</i>
                        <i>0.0396221 0.997659 -0.0557387 -0.787256 -0.00318429 -0.616619 -0.615353 0.0683123 0.785286 1.27329 2.10729 0.518329</i>
                        <i>0.0389014 0.997722 -0.0551051 -0.787272 -0.00335927 -0.616597 -0.615378 0.0673691 0.785348 1.27329 2.1056 0.518329</i>
                        <i>0.0383944 0.997767 -0.0546589 -0.787283 -0.00348214 -0.616581 -0.615395 0.0667053 0.785392 1.27329 2.10384 0.518329</i>
                        <i>0.0381025 0.997792 -0.0544018 -0.78729 -0.0035528 -0.616573 -0.615404 0.0663229 0.785416 1.27329 2.10207 0.518329</i>
                        <i>0.0380267 0.997798 -0.0543351 -0.787292 -0.00357112 -0.61657 -0.615407 0.0662237 0.785423 1.27329 2.10038 0.518329</i>
                        <i>0.0381681 0.997786 -0.0544596 -0.787289 -0.00353691 -0.616575 -0.615402 0.0664089 0.785411 1.27329 2.09884 0.518329</i>
                        <i>0.0386705 0.997743 -0.0549019 -0.787277 -0.00341526 -0.61659 -0.615385 0.0670668 0.785368 1.27329 2.09751 0.518329</i>
                        <i>0.0396091 0.99766 -0.0557273 -0.787256 -0.00318745 -0.616618 -0.615353 0.0682953 0.785287 1.27329 2.09647 0.518329</i>
                        <i>0.0408815 0.997546 -0.0568444 -0.787227 -0.00287753 -0.616657 -0.615307 0.0699593 0.785177 1.27329 2.09579 0.518329</i>
                        <i>0.0423855 0.997407 -0.058162 -0.787192 -0.00250965 -0.616703 -0.61525 0.0719239 0.785044 1.27329 2.09555 0.518329</i>
                        <i>0.0440193 0.997252 -0.0595898 -0.787154 -0.00210802 -0.616753 -0.615184 0.0740554 0.784898 1.27329 2.09576 0.518329</i>
                        <i>0.0456823 0.997089 -0.0610395 -0.787115 -0.00169709 -0.616804 -0.615112 0.0762221 0.784747 1.27329 2.09636 0.518329</i>
                        <i>0.0472753 0.996929 -0.0624245 -0.787077 -0.00130142 -0.616853 -0.61504 0.0782948 0.784599 1.27329 2.09728 0.518329</i>
                        <i>0.0487004 0.996783 -0.0636607 -0.787043 -0.000945749 -0.616897 -0.614972 0.0801469 0.784465 1.27329 2.09846 0.518329</i>
                        <i>0.0498612 0.996661 -0.0646654 -0.787015 -0.000654858 -0.616933 -0.614915 0.0816537 0.784355 1.27329 2.09985 0.518329</i>
                        <i>0.0506618 0.996575 -0.0653573 -0.786996 -0.000453601 -0.616958 -0.614874 0.0826921 0.784278 1.27329 2.10138 0.518329</i>
                        <i>0.0511613 0.996521 -0.0657885 -0.786984 -0.000327755 -0.616973 -0.614848 0.0833397 0.78423 1.27329 2.10301 0.518329</i>
                        <i>0.0514684 0.996488 -0.0660534 -0.786977 -0.0002503 -0.616983 -0.614832 0.0837376 0.7842 1.27329 2.10466 0.518329</i>
                        <i>0.0515614 0.996478 -0.0661336 -0.786974 -0.00022683 -0.616986 -0.614827 0.0838581 0.784191 1.27329 2.10629 0.518329</i>
                        <i>0.0514183 0.996493 -0.0660103 -0.786978 -0.000262928 -0.616981 -0.614835 0.0836728 0.784205 1.27329 2.10782 0.518329</i>
                        <i>0.051017 0.996537 -0.065664 -0.786988 -0.000364132 -0.616969 -0.614856 0.0831526 0.784243 1.27329 2.10921 0.518329</i>
                        <i>0.0503345 0.99661 -0.0650745 -0.787004 -0.000535948 -0.616948 -0.614891 0.0822676 0.784309 1.27329 2.11039 0.518329</i>
                        <i>0.0493471 0.996715 -0.0642206 -0.787028 -0.000783827 -0.616917 -0.614941 0.0809865 0.784404 1.27329 2.11131 0.518329</i>
                        <i>0.0480306 0.996852 -0.06308 -0.787059 -0.00111313 -0.616876 -0.615005 0.0792766 0.784528 1.27329 2.11191 0.518329</i>
                        <i>0.0463595 0.997022 -0.0616287 -0.787099 -0.00152913 -0.616825 -0.615082 0.0771036 0.784684 1.27329 2.11212 0.518329</i>
                    </KeyFrames>
                </p>
            </i>
            <i>
                <p>
                    <Name>
                        <![CDATA[spine1]]>
</Name>
                    <Exclude>0</Exclude>
                    <Additive>0</Additive>
                    <IKPriority>0</IKPriority>
                    <IKRotLimits>-1e+010 -1e+010 -1e+010 1e+010 1e+010 1e+010</IKRotLimits>
                    <IKRotLimitOrder>0</IKRotLimitOrder>
                    <KeyFrames count="30">
                        <i>-0.162654 0.9795 0.11884 -0.736474 -0.0403701 -0.67526 -0.65662 -0.197357 0.727943 1.28149 2.28811 0.507426</i>
                        <i>-0.163435 0.979284 0.119544 -0.736851 -0.0405957 -0.674835 -0.656003 -0.198378 0.728222 1.28118 2.28781 0.507702</i>
                        <i>-0.16412 0.979094 0.120162 -0.737185 -0.0407956 -0.674458 -0.655456 -0.199273 0.728469 1.2809 2.28709 0.507946</i>
                        <i>-0.16471 0.97893 0.120694 -0.737476 -0.0409694 -0.67413 -0.654981 -0.200045 0.728685 1.28066 2.28601 0.508159</i>
                        <i>-0.165206 0.978791 0.121141 -0.737722 -0.0411166 -0.673852 -0.654579 -0.200693 0.728868 1.28045 2.28465 0.508339</i>
                        <i>-0.165608 0.978678 0.121504 -0.737923 -0.0412369 -0.673624 -0.654251 -0.201218 0.729018 1.28029 2.28307 0.508485</i>
                        <i>-0.165918 0.978591 0.121784 -0.738078 -0.0413299 -0.673448 -0.653997 -0.201623 0.729134 1.28016 2.28136 0.508599</i>
                        <i>-0.166135 0.97853 0.12198 -0.738188 -0.0413954 -0.673324 -0.653818 -0.201907 0.729216 1.28007 2.27958 0.508679</i>
                        <i>-0.16626 0.978494 0.122093 -0.738251 -0.0414331 -0.673253 -0.653715 -0.20207 0.729263 1.28002 2.27781 0.508725</i>
                        <i>-0.166292 0.978485 0.122122 -0.738267 -0.0414429 -0.673234 -0.653688 -0.202112 0.729275 1.28 2.27612 0.508737</i>
                        <i>-0.166232 0.978502 0.122067 -0.738237 -0.0414246 -0.673269 -0.653738 -0.202033 0.729252 1.28003 2.27458 0.508715</i>
                        <i>-0.166017 0.978563 0.121873 -0.738128 -0.0413597 -0.673392 -0.653915 -0.201752 0.729171 1.28012 2.27326 0.508635</i>
                        <i>-0.165614 0.978676 0.12151 -0.737926 -0.0412386 -0.673621 -0.654246 -0.201226 0.72902 1.28029 2.27225 0.508487</i>
                        <i>-0.165064 0.978831 0.121013 -0.737651 -0.0410745 -0.673931 -0.654694 -0.200508 0.728816 1.28051 2.27162 0.508287</i>
                        <i>-0.16441 0.979014 0.120423 -0.737328 -0.0408808 -0.674297 -0.655223 -0.199652 0.728575 1.28078 2.27142 0.50805</i>
                        <i>-0.163693 0.979213 0.119776 -0.736976 -0.0406707 -0.674694 -0.655798 -0.198715 0.728314 1.28107 2.27168 0.507794</i>
                        <i>-0.162956 0.979417 0.119112 -0.736619 -0.040457 -0.675096 -0.656382 -0.197752 0.72805 1.28137 2.27233 0.507532</i>
                        <i>-0.162244 0.979613 0.118471 -0.736278 -0.0402526 -0.675481 -0.656941 -0.19682 0.727798 1.28165 2.2733 0.507283</i>
                        <i>-0.161602 0.979789 0.117892 -0.735972 -0.0400699 -0.675825 -0.657441 -0.19598 0.727573 1.28191 2.27453 0.50706</i>
                        <i>-0.161075 0.979933 0.117418 -0.735724 -0.0399211 -0.676104 -0.657849 -0.19529 0.72739 1.28212 2.27595 0.506878</i>
                        <i>-0.160709 0.980032 0.117088 -0.735553 -0.0398185 -0.676296 -0.65813 -0.194811 0.727264 1.28226 2.27751 0.506753</i>
                        <i>-0.16048 0.980094 0.116882 -0.735446 -0.0397545 -0.676416 -0.658305 -0.194512 0.727186 1.28235 2.27916 0.506675</i>
                        <i>-0.160338 0.980133 0.116755 -0.73538 -0.0397152 -0.67649 -0.658413 -0.194327 0.727138 1.28241 2.28082 0.506627</i>
                        <i>-0.160296 0.980144 0.116717 -0.73536 -0.0397033 -0.676512 -0.658446 -0.194271 0.727123 1.28242 2.28245 0.506612</i>
                        <i>-0.160361 0.980126 0.116776 -0.735391 -0.0397216 -0.676478 -0.658395 -0.194357 0.727146 1.2824 2.28398 0.506634</i>
                        <i>-0.160546 0.980076 0.116942 -0.735477 -0.039773 -0.676382 -0.658255 -0.194598 0.727209 1.28233 2.28536 0.506697</i>
                        <i>-0.160859 0.979991 0.117223 -0.735623 -0.0398604 -0.676218 -0.658015 -0.195007 0.727316 1.2822 2.28652 0.506804</i>
                        <i>-0.161309 0.979869 0.117628 -0.735834 -0.039987 -0.67598 -0.657668 -0.195596 0.727471 1.28203 2.2874 0.506958</i>
                        <i>-0.161904 0.979706 0.118165 -0.736116 -0.0401558 -0.675663 -0.657206 -0.196376 0.727679 1.28179 2.28795 0.507164</i>
                        <i>-0.162654 0.9795 0.11884 -0.736474 -0.0403701 -0.67526 -0.65662 -0.197357 0.727943 1.28149 2.28811 0.507426</i>
                    </KeyFrames>
                </p>
            </i>
            <i>
                <p>
                    <Name>
                        <![CDATA[spine2]]>
</Name>
                    <Exclude>0</Exclude>
                    <Additive>0</Additive>
                    <IKPriority>0</IKPriority>
                    <IKRotLimits>-1e+010 -1e+010 -1e+010 1e+010 1e+010 1e+010</IKRotLimits>
                    <IKRotLimitOrder>0</IKRotLimitOrder>
                    <KeyFrames count="30">
                        <i>-0.25035 0.915153 0.315942 -0.689574 0.0605089 -0.721683 -0.679568 -0.398539 0.615917 1.25494 2.44713 0.526748</i>
                        <i>-0.247227 0.916939 0.313213 -0.689897 0.0604028 -0.721383 -0.680383 -0.39443 0.61766 1.25452 2.44672 0.527128</i>
                        <i>-0.244468 0.918498 0.310799 -0.690182 0.0603104 -0.721118 -0.68109 -0.390798 0.619187 1.25414 2.4459 0.527464</i>
                        <i>-0.242078 0.919837 0.308704 -0.69043 0.0602314 -0.720888 -0.681693 -0.387649 0.620502 1.25382 2.44474 0.527755</i>
                        <i>-0.240058 0.920959 0.306931 -0.690638 0.0601655 -0.720693 -0.682196 -0.384986 0.621607 1.25354 2.44331 0.528001</i>
                        <i>-0.238411 0.921867 0.305484 -0.690809 0.0601122 -0.720535 -0.682601 -0.382814 0.622503 1.25332 2.44168 0.528202</i>
                        <i>-0.23714 0.922565 0.304366 -0.69094 0.0600714 -0.720412 -0.68291 -0.381137 0.623192 1.25314 2.43992 0.528357</i>
                        <i>-0.236246 0.923053 0.30358 -0.691032 0.0600428 -0.720326 -0.683127 -0.379957 0.623675 1.25302 2.43811 0.528466</i>
                        <i>-0.235731 0.923334 0.303127 -0.691086 0.0600265 -0.720276 -0.683251 -0.379278 0.623952 1.25295 2.43633 0.528528</i>
                        <i>-0.235598 0.923406 0.303009 -0.691099 0.0600222 -0.720263 -0.683283 -0.379102 0.624024 1.25293 2.43463 0.528545</i>
                        <i>-0.235847 0.923271 0.303229 -0.691074 0.0600302 -0.720287 -0.683223 -0.379431 0.62389 1.25297 2.4331 0.528514</i>
                        <i>-0.236732 0.922788 0.304008 -0.690982 0.0600583 -0.720373 -0.683009 -0.3806 0.623412 1.25309 2.43181 0.528406</i>
                        <i>-0.238388 0.92188 0.305464 -0.690811 0.0601115 -0.720532 -0.682606 -0.382784 0.622515 1.25331 2.43086 0.528204</i>
                        <i>-0.240635 0.920639 0.307438 -0.690579 0.0601843 -0.720749 -0.682053 -0.385748 0.621291 1.25362 2.4303 0.52793</i>
                        <i>-0.243296 0.919156 0.309772 -0.690304 0.0602716 -0.721005 -0.681387 -0.389254 0.619833 1.25398 2.43019 0.527606</i>
                        <i>-0.246192 0.917526 0.312308 -0.690004 0.0603679 -0.721284 -0.68065 -0.393068 0.618234 1.25438 2.43056 0.527254</i>
                        <i>-0.249145 0.915845 0.31489 -0.689698 0.0604678 -0.721568 -0.679884 -0.396954 0.616591 1.25478 2.43131 0.526894</i>
                        <i>-0.251981 0.914213 0.317364 -0.689405 0.060565 -0.72184 -0.679137 -0.400682 0.615002 1.25517 2.43238 0.52655</i>
                        <i>-0.254523 0.912736 0.319579 -0.689141 0.0606534 -0.722084 -0.678456 -0.404022 0.613567 1.25552 2.4337 0.526241</i>
                        <i>-0.256598 0.911521 0.321384 -0.688926 0.0607263 -0.722283 -0.677893 -0.406746 0.612388 1.2558 2.4352 0.525989</i>
                        <i>-0.25803 0.910676 0.322629 -0.688778 0.0607771 -0.72242 -0.677499 -0.408626 0.611571 1.256 2.43682 0.525815</i>
                        <i>-0.258925 0.910146 0.323406 -0.688685 0.0608091 -0.722506 -0.677252 -0.4098 0.611059 1.25612 2.43849 0.525706</i>
                        <i>-0.259476 0.909819 0.323884 -0.688628 0.0608288 -0.722559 -0.6771 -0.410522 0.610743 1.25619 2.44018 0.52564</i>
                        <i>-0.259643 0.90972 0.324029 -0.68861 0.0608347 -0.722575 -0.677053 -0.410741 0.610648 1.25622 2.44181 0.525619</i>
                        <i>-0.259386 0.909873 0.323806 -0.688637 0.0608256 -0.72255 -0.677125 -0.410405 0.610795 1.25618 2.44333 0.525651</i>
                        <i>-0.258667 0.910299 0.323182 -0.688712 0.0607998 -0.722482 -0.677324 -0.409461 0.611207 1.25608 2.44468 0.525738</i>
                        <i>-0.257444 0.911022 0.32212 -0.688838 0.0607563 -0.722364 -0.677661 -0.407857 0.611906 1.25592 2.4458 0.525886</i>
                        <i>-0.255678 0.91206 0.320584 -0.689022 0.0606939 -0.722195 -0.678143 -0.405539 0.612911 1.25567 2.44662 0.5261</i>
                        <i>-0.253328 0.913432 0.318538 -0.689265 0.0606116 -0.721969 -0.678777 -0.402452 0.614243 1.25535 2.44708 0.526386</i>
                        <i>-0.25035 0.915153 0.315942 -0.689574 0.0605089 -0.721683 -0.679568 -0.398539 0.615917 1.25494 2.44713 0.526748</i>
                    </KeyFrames>
                </p>
            </i>
            <i>
                <p>
                    <Name>
                        <![CDATA[head]]>
</Name>
                    <Exclude>0</Exclude>
                    <Additive>0</Additive>
                    <IKPriority>0</IKPriority>
                    <IKRotLimits>-1e+010 -1e+010 -1e+010 1e+010 1e+010 1e+010</IKRotLimits>
                    <IKRotLimitOrder>0</IKRotLimitOrder>
                    <KeyFrames count="30">
                        <i>-0.017299 0.981014 0.193165 0.300918 0.189345 -0.934664 -0.953493 0.0419581 -0.29848 1.20366 2.6897 0.606595</i>
                        <i>-0.0160019 0.979455 0.201027 0.300886 0.196451 -0.933207 -0.953526 0.0455532 -0.297848 1.20435 2.68977 0.605974</i>
                        <i>-0.0149146 0.977989 0.208121 0.300903 0.202886 -0.931823 -0.953538 0.0487266 -0.297306 1.20496 2.68937 0.605425</i>
                        <i>-0.0139702 0.976682 0.214237 0.300955 0.20843 -0.930582 -0.953536 0.0514753 -0.296849 1.20548 2.68856 0.604948</i>
                        <i>-0.0131013 0.9756 0.219166 0.301028 0.212864 -0.929554 -0.953525 0.0537968 -0.296472 1.20593 2.68742 0.604544</i>
                        <i>-0.01224 0.97481 0.222699 0.301112 0.215971 -0.92881 -0.95351 0.0556888 -0.29617 1.2063 2.68603 0.604214</i>
                        <i>-0.0113183 0.974379 0.224628 0.301196 0.217531 -0.928419 -0.953495 0.057149 -0.295941 1.20658 2.68446 0.60396</i>
                        <i>-0.0102681 0.974364 0.224741 0.301274 0.217324 -0.928442 -0.953482 0.0581753 -0.295782 1.20677 2.68277 0.603781</i>
                        <i>-0.00902172 0.974816 0.222827 0.30134 0.215127 -0.928932 -0.953474 0.058766 -0.295692 1.20689 2.68106 0.603678</i>
                        <i>-0.00743591 0.975823 0.218436 0.30139 0.210471 -0.929982 -0.953472 0.0589192 -0.295668 1.20692 2.67938 0.603651</i>
                        <i>-0.00555662 0.97732 0.211697 0.301418 0.203491 -0.931525 -0.953476 0.0586332 -0.295712 1.20686 2.67781 0.603701</i>
                        <i>-0.00404168 0.97903 0.203678 0.3014 0.195401 -0.933261 -0.953489 0.0576166 -0.295869 1.20667 2.6764 0.603878</i>
                        <i>-0.00334146 0.980747 0.195257 0.301343 0.187169 -0.934965 -0.95351 0.0557151 -0.296166 1.2063 2.67521 0.60421</i>
                        <i>-0.00336009 0.982392 0.186801 0.301282 0.179117 -0.936561 -0.953529 0.053133 -0.296579 1.2058 2.67433 0.604659</i>
                        <i>-0.00400064 0.983899 0.178683 0.301245 0.171569 -0.937985 -0.953538 0.0500746 -0.29708 1.20522 2.67383 0.605191</i>
                        <i>-0.00516555 0.98521 0.171273 0.301247 0.164852 -0.939188 -0.953532 0.0467442 -0.297643 1.20458 2.67376 0.605768</i>
                        <i>-0.00675691 0.986279 0.164948 0.301292 0.159294 -0.940132 -0.953508 0.0433451 -0.298234 1.20392 2.67406 0.606356</i>
                        <i>-0.00867707 0.987066 0.160081 0.30137 0.155225 -0.940788 -0.953468 0.0400802 -0.298819 1.2033 2.67469 0.606919</i>
                        <i>-0.010829 0.987532 0.157047 0.301459 0.152973 -0.941128 -0.953418 0.0371518 -0.299357 1.20273 2.67561 0.607423</i>
                        <i>-0.0131162 0.987635 0.156221 0.301529 0.152869 -0.941122 -0.953367 0.0347613 -0.299806 1.20228 2.67678 0.607833</i>
                        <i>-0.0150089 0.987545 0.156622 0.301568 0.153817 -0.940955 -0.953326 0.0331096 -0.300121 1.20196 2.67816 0.608116</i>
                        <i>-0.0163469 0.987406 0.157357 0.301585 0.154917 -0.940769 -0.953299 0.0320777 -0.30032 1.20176 2.67969 0.608293</i>
                        <i>-0.0175034 0.987148 0.158847 0.301576 0.156685 -0.940479 -0.953281 0.031443 -0.300443 1.20164 2.68129 0.608402</i>
                        <i>-0.0184402 0.986761 0.161127 0.301538 0.15914 -0.940079 -0.953276 0.0312508 -0.300481 1.2016 2.68289 0.608435</i>
                        <i>-0.019119 0.986237 0.164229 0.301469 0.162301 -0.939561 -0.953284 0.0315465 -0.300423 1.20166 2.68446 0.608384</i>
                        <i>-0.0195015 0.985563 0.168185 0.301372 0.166187 -0.938912 -0.953307 0.032376 -0.300262 1.20182 2.68592 0.608242</i>
                        <i>-0.0195491 0.984723 0.173025 0.301254 0.170817 -0.938119 -0.953343 0.0337852 -0.299991 1.20209 2.68724 0.608001</i>
                        <i>-0.0192235 0.983701 0.178783 0.301126 0.176209 -0.937162 -0.95339 0.0358207 -0.299606 1.20248 2.68834 0.607651</i>
                        <i>-0.0184861 0.982473 0.185486 0.301006 0.18238 -0.93602 -0.953443 0.0385292 -0.299102 1.203 2.68918 0.607186</i>
                        <i>-0.017299 0.981014 0.193165 0.300918 0.189345 -0.934664 -0.953493 0.0419581 -0.29848 1.20366 2.6897 0.606595</i>
                    </KeyFrames>
                </p>
            </i>
            <i>
                <p>
                    <Name>
                        <![CDATA[head_prop]]>
</Name>
                    <Exclude>0</Exclude>
                    <Additive>0</Additive>
                    <IKPriority>0</IKPriority>
                    <IKRotLimits>-1e+010 -1e+010 -1e+010 1e+010 1e+010 1e+010</IKRotLimits>
                    <IKRotLimitOrder>0</IKRotLimitOrder>
                    <KeyFrames count="30">
                        <i>0.953493 -0.0419581 0.29848 -0.017299 0.981014 0.193165 -0.300918 -0.189345 0.934664 1.19802 3.00942 0.669549</i>
                        <i>0.953526 -0.0455532 0.297848 -0.0160019 0.979455 0.201027 -0.300886 -0.196451 0.933207 1.19913 3.00899 0.671491</i>
                        <i>0.953538 -0.0487266 0.297306 -0.0149146 0.977989 0.208121 -0.300903 -0.202886 0.931823 1.2001 3.0081 0.673253</i>
                        <i>0.953536 -0.0514753 0.296849 -0.0139702 0.976682 0.214237 -0.300955 -0.20843 0.930582 1.20093 3.00687 0.674769</i>
                        <i>0.953525 -0.0537968 0.296472 -0.0131013 0.9756 0.219166 -0.301028 -0.212864 0.929554 1.20166 3.00538 0.675972</i>
                        <i>0.95351 -0.0556888 0.29617 -0.01224 0.97481 0.222699 -0.301112 -0.215971 0.92881 1.20231 3.00373 0.676794</i>
                        <i>0.953495 -0.057149 0.295941 -0.0113183 0.974379 0.224628 -0.301196 -0.217531 0.928419 1.20289 3.00201 0.677168</i>
                        <i>0.953482 -0.0581753 0.295782 -0.0102681 0.974364 0.224741 -0.301274 -0.217324 0.928442 1.20343 3.00033 0.677026</i>
                        <i>0.953474 -0.058766 0.295692 -0.00902172 0.974816 0.222827 -0.30134 -0.215127 0.928932 1.20395 2.99876 0.676299</i>
                        <i>0.953472 -0.0589192 0.295668 -0.00743591 0.975823 0.218436 -0.30139 -0.210471 0.929982 1.20449 2.99741 0.674841</i>
                        <i>0.953476 -0.0586332 0.295712 -0.00555662 0.97732 0.211697 -0.301418 -0.203491 0.931525 1.20505 2.99633 0.672695</i>
                        <i>0.953489 -0.0576166 0.295869 -0.00404168 0.97903 0.203678 -0.3014 -0.195401 0.933261 1.20535 2.99548 0.670259</i>
                        <i>0.95351 -0.0557151 0.296166 -0.00334146 0.980747 0.195257 -0.301343 -0.187169 0.934965 1.20521 2.99485 0.667846</i>
                        <i>0.953529 -0.053133 0.296579 -0.00336009 0.982392 0.186801 -0.301282 -0.179117 0.936561 1.20471 2.9945 0.66554</i>
                        <i>0.953538 -0.0500746 0.29708 -0.00400064 0.983899 0.178683 -0.301245 -0.171569 0.937985 1.20391 2.99449 0.663425</i>
                        <i>0.953532 -0.0467442 0.297643 -0.00516555 0.98521 0.171273 -0.301247 -0.164852 0.939188 1.20289 2.99485 0.661588</i>
                        <i>0.953508 -0.0433451 0.298234 -0.00675691 0.986279 0.164948 -0.301292 -0.159294 0.940132 1.20172 2.9955 0.660114</i>
                        <i>0.953468 -0.0400802 0.298819 -0.00867707 0.987066 0.160081 -0.30137 -0.155225 0.940788 1.20047 2.99639 0.659091</i>
                        <i>0.953418 -0.0371518 0.299357 -0.010829 0.987532 0.157047 -0.301459 -0.152973 0.941128 1.1992 2.99746 0.658606</i>
                        <i>0.953367 -0.0347613 0.299806 -0.0131162 0.987635 0.156221 -0.301529 -0.152869 0.941122 1.198 2.99866 0.658747</i>
                        <i>0.953326 -0.0331096 0.300121 -0.0150089 0.987545 0.156622 -0.301568 -0.153817 0.940955 1.19707 3.00001 0.659161</i>
                        <i>0.953299 -0.0320777 0.30032 -0.0163469 0.987406 0.157357 -0.301585 -0.154917 0.940769 1.19643 3.0015 0.659577</i>
                        <i>0.953281 -0.031443 0.300443 -0.0175034 0.987148 0.158847 -0.301576 -0.156685 0.940479 1.19594 3.00301 0.660172</i>
                        <i>0.953276 -0.0312508 0.300481 -0.0184402 0.986761 0.161127 -0.301538 -0.15914 0.940079 1.19559 3.00449 0.660948</i>
                        <i>0.953284 -0.0315465 0.300423 -0.019119 0.986237 0.164229 -0.301469 -0.162301 0.939561 1.19543 3.00588 0.661908</i>
                        <i>0.953307 -0.032376 0.300262 -0.0195015 0.985563 0.168185 -0.301372 -0.166187 0.938912 1.19546 3.00713 0.663055</i>
                        <i>0.953343 -0.0337852 0.299991 -0.0195491 0.984723 0.173025 -0.301254 -0.170817 0.938119 1.19572 3.00817 0.664391</i>
                        <i>0.95339 -0.0358207 0.299606 -0.0192235 0.983701 0.178783 -0.301126 -0.176209 0.937162 1.19621 3.00894 0.665918</i>
                        <i>0.953443 -0.0385292 0.299102 -0.0184861 0.982473 0.185486 -0.301006 -0.18238 0.93602 1.19697 3.00938 0.667638</i>
                        <i>0.953493 -0.0419581 0.29848 -0.017299 0.981014 0.193165 -0.300918 -0.189345 0.934664 1.19802 3.00942 0.669549</i>
                    </KeyFrames>
                </p>
            </i>
            <i>
                <p>
                    <Name>
                        <![CDATA[l_clav]]>
</Name>
                    <Exclude>0</Exclude>
                    <Additive>0</Additive>
                    <IKPriority>0</IKPriority>
                    <IKRotLimits>-1e+010 -1e+010 -1e+010 1e+010 1e+010 1e+010</IKRotLimits>
                    <IKRotLimitOrder>0</IKRotLimitOrder>
                    <KeyFrames count="30">
                        <i>0.36891 0.0590873 0.927585 -0.235472 0.971362 0.0317735 -0.899143 -0.230142 0.372258 1.27175 2.48288 0.626662</i>
                        <i>0.370078 0.0619891 0.92693 -0.230172 0.97278 0.0268411 -0.900035 -0.223286 0.374273 1.27134 2.4827 0.627075</i>
                        <i>0.371121 0.06454 0.926339 -0.225495 0.973985 0.0224811 -0.900789 -0.217228 0.37602 1.27097 2.48207 0.627439</i>
                        <i>0.372034 0.0667416 0.925817 -0.221445 0.974993 0.0186998 -0.901417 -0.211975 0.37751 1.27066 2.48108 0.627754</i>
                        <i>0.372811 0.0685953 0.925369 -0.218026 0.97582 0.0155028 -0.90193 -0.207534 0.378751 1.27039 2.4798 0.62802</i>
                        <i>0.373448 0.0701021 0.924999 -0.21524 0.976476 0.0128951 -0.902335 -0.203912 0.379752 1.27018 2.47829 0.628237</i>
                        <i>0.373942 0.0712628 0.92471 -0.21309 0.976972 0.0108811 -0.90264 -0.201116 0.380517 1.27001 2.47663 0.628404</i>
                        <i>0.374292 0.0720773 0.924506 -0.211579 0.977315 0.00946466 -0.902851 -0.199149 0.381051 1.26989 2.47489 0.628522</i>
                        <i>0.374493 0.0725456 0.924387 -0.21071 0.97751 0.00864928 -0.902971 -0.198017 0.381357 1.26983 2.47313 0.628589</i>
                        <i>0.374545 0.072667 0.924357 -0.210484 0.977561 0.00843778 -0.903002 -0.197723 0.381436 1.26981 2.47145 0.628607</i>
                        <i>0.374448 0.0724403 0.924414 -0.210905 0.977467 0.00883267 -0.902944 -0.198271 0.381288 1.26984 2.4699 0.628574</i>
                        <i>0.374101 0.071634 0.924617 -0.212402 0.977129 0.0102358 -0.902737 -0.20022 0.38076 1.26996 2.46855 0.628458</i>
                        <i>0.373457 0.070123 0.924993 -0.215201 0.976485 0.0128588 -0.90234 -0.203862 0.379766 1.27018 2.46747 0.62824</i>
                        <i>0.372588 0.0680657 0.925497 -0.219004 0.975586 0.0164173 -0.901785 -0.208804 0.378398 1.27047 2.46675 0.627944</i>
                        <i>0.371568 0.0656206 0.926084 -0.223509 0.974484 0.0206271 -0.9011 -0.214652 0.376754 1.27082 2.46645 0.627593</i>
                        <i>0.370468 0.0629476 0.92671 -0.228416 0.973237 0.0252055 -0.900322 -0.221014 0.374932 1.2712 2.4666 0.627211</i>
                        <i>0.369359 0.0602083 0.927334 -0.233427 0.971916 0.0298716 -0.899492 -0.227498 0.37304 1.27159 2.46714 0.626821</i>
                        <i>0.368305 0.0575665 0.927921 -0.238241 0.970599 0.034347 -0.898662 -0.233719 0.371191 1.27197 2.46801 0.626446</i>
                        <i>0.367369 0.055188 0.928436 -0.24256 0.969378 0.038356 -0.897889 -0.239293 0.369506 1.27231 2.46915 0.62611</i>
                        <i>0.366613 0.0532402 0.928849 -0.246087 0.968353 0.041625 -0.897238 -0.243838 0.368112 1.27258 2.47051 0.625835</i>
                        <i>0.366093 0.0518911 0.92913 -0.248525 0.967631 0.0438817 -0.896778 -0.246977 0.36714 1.27277 2.47203 0.625645</i>
                        <i>0.365771 0.0510469 0.929304 -0.250048 0.967174 0.0452908 -0.896487 -0.248936 0.366528 1.27289 2.47364 0.625526</i>
                        <i>0.365573 0.0505271 0.92941 -0.250985 0.96689 0.0461572 -0.896306 -0.250142 0.36615 1.27297 2.47529 0.625453</i>
                        <i>0.365513 0.0503696 0.929443 -0.251268 0.966804 0.0464195 -0.89625 -0.250506 0.366035 1.27299 2.47691 0.62543</i>
                        <i>0.365605 0.0506118 0.929393 -0.250832 0.966936 0.0460159 -0.896335 -0.249945 0.366212 1.27296 2.47845 0.625465</i>
                        <i>0.365864 0.051291 0.929254 -0.249608 0.967306 0.0448836 -0.896571 -0.24837 0.366705 1.27286 2.47985 0.62556</i>
                        <i>0.366305 0.0524432 0.929016 -0.247528 0.967928 0.0429589 -0.896967 -0.245693 0.367538 1.2727 2.48105 0.625722</i>
                        <i>0.366947 0.0541041 0.928667 -0.244524 0.96881 0.0401768 -0.897529 -0.241824 0.368732 1.27246 2.48199 0.625956</i>
                        <i>0.367808 0.0563078 0.928195 -0.240528 0.969957 0.036471 -0.898256 -0.236672 0.370302 1.27215 2.48262 0.626268</i>
                        <i>0.36891 0.0590873 0.927585 -0.235472 0.971362 0.0317735 -0.899143 -0.230142 0.372258 1.27175 2.48288 0.626662</i>
                    </KeyFrames>
                </p>
            </i>
            <i>
                <p>
                    <Name>
                        <![CDATA[l_shoulder]]>
</Name>
                    <Exclude>0</Exclude>
                    <Additive>0</Additive>
                    <IKPriority>0</IKPriority>
                    <IKRotLimits>-1e+010 -1e+010 -1e+010 1e+010 1e+010 1e+010</IKRotLimits>
                    <IKRotLimitOrder>0</IKRotLimitOrder>
                    <KeyFrames count="30">
                        <i>-0.462551 -0.494248 0.736048 -0.0145815 0.834327 0.551077 -0.886473 0.244169 -0.393125 1.34464 2.49456 0.809933</i>
                        <i>-0.462161 -0.488946 0.739823 -0.020769 0.840005 0.542181 -0.886553 0.23521 -0.398373 1.34446 2.49494 0.810216</i>
                        <i>-0.461898 -0.484181 0.743114 -0.026047 0.844891 0.534304 -0.88655 0.227438 -0.402865 1.3443 2.49482 0.810463</i>
                        <i>-0.461736 -0.479988 0.74593 -0.0304022 0.849011 0.527499 -0.886496 0.220888 -0.406612 1.34417 2.49427 0.810675</i>
                        <i>-0.461656 -0.476395 0.748279 -0.0338252 0.852391 0.52181 -0.886414 0.215586 -0.409625 1.34405 2.49335 0.810853</i>
                        <i>-0.46164 -0.473426 0.750171 -0.0363101 0.855051 0.51727 -0.886324 0.211554 -0.411916 1.34396 2.49214 0.810997</i>
                        <i>-0.461676 -0.4711 0.751612 -0.0378543 0.857009 0.513909 -0.886241 0.208808 -0.413494 1.34389 2.49071 0.811107</i>
                        <i>-0.461756 -0.469431 0.752607 -0.038458 0.858276 0.511745 -0.886173 0.207358 -0.414367 1.34385 2.48913 0.811184</i>
                        <i>-0.461875 -0.468428 0.753158 -0.0381238 0.85886 0.51079 -0.886125 0.207208 -0.414544 1.34382 2.48747 0.811228</i>
                        <i>-0.462033 -0.468098 0.753266 -0.0368566 0.858761 0.511049 -0.886096 0.208359 -0.414029 1.34381 2.48581 0.81124</i>
                        <i>-0.462236 -0.468442 0.752928 -0.0346639 0.857976 0.512518 -0.886079 0.210805 -0.412825 1.34383 2.48421 0.811218</i>
                        <i>-0.462509 -0.469904 0.751848 -0.0310458 0.856062 0.51594 -0.886071 0.215285 -0.410525 1.34387 2.4827 0.811142</i>
                        <i>-0.462889 -0.472701 0.749858 -0.0257536 0.852758 0.52167 -0.886042 0.222164 -0.406906 1.34396 2.48133 0.810998</i>
                        <i>-0.463358 -0.476503 0.747158 -0.0194532 0.848396 0.529004 -0.885958 0.230584 -0.40238 1.34408 2.48019 0.810802</i>
                        <i>-0.46386 -0.481001 0.743957 -0.0129435 0.843358 0.537197 -0.885814 0.239555 -0.397426 1.34423 2.47941 0.810568</i>
                        <i>-0.464363 -0.48588 0.740465 -0.00667514 0.83797 0.545675 -0.88562 0.248449 -0.392365 1.3444 2.47904 0.810309</i>
                        <i>-0.464848 -0.490829 0.736888 -0.000887633 0.832532 0.553977 -0.88539 0.256861 -0.387436 1.34457 2.47904 0.810042</i>
                        <i>-0.465283 -0.495556 0.733441 0.00416175 0.827361 0.561654 -0.885152 0.26438 -0.382895 1.34474 2.47939 0.809783</i>
                        <i>-0.46563 -0.499784 0.730346 0.0082207 0.82279 0.568286 -0.884942 0.270615 -0.379007 1.34489 2.48006 0.809548</i>
                        <i>-0.465845 -0.50325 0.727824 0.0110396 0.819155 0.573466 -0.884797 0.275181 -0.376044 1.34502 2.48103 0.809355</i>
                        <i>-0.465887 -0.505694 0.726101 0.0123671 0.816796 0.576794 -0.884758 0.277701 -0.374281 1.34511 2.48228 0.809221</i>
                        <i>-0.465782 -0.507293 0.725052 0.0124849 0.815512 0.578605 -0.884812 0.278556 -0.373517 1.34516 2.48373 0.809136</i>
                        <i>-0.465584 -0.508354 0.724436 0.0118441 0.814916 0.579458 -0.884925 0.278366 -0.373391 1.3452 2.48527 0.809084</i>
                        <i>-0.4653 -0.508807 0.7243 0.0104401 0.815065 0.579275 -0.885091 0.277098 -0.373938 1.34521 2.48686 0.809068</i>
                        <i>-0.46494 -0.50858 0.724692 0.00826558 0.816015 0.577972 -0.885304 0.274712 -0.375194 1.34519 2.48845 0.809093</i>
                        <i>-0.464515 -0.507593 0.725655 0.00531063 0.817814 0.575458 -0.885549 0.271162 -0.377192 1.34515 2.48998 0.809161</i>
                        <i>-0.464043 -0.505762 0.727234 0.00156296 0.82051 0.57163 -0.885812 0.266397 -0.379961 1.34507 2.49141 0.809276</i>
                        <i>-0.463541 -0.502996 0.729469 -0.00299167 0.824142 0.566375 -0.88607 0.260356 -0.383528 1.34496 2.49268 0.809441</i>
                        <i>-0.463034 -0.499194 0.732396 -0.00836825 0.82874 0.559571 -0.886301 0.252972 -0.387912 1.34482 2.49375 0.809659</i>
                        <i>-0.462551 -0.494248 0.736048 -0.0145815 0.834327 0.551077 -0.886473 0.244169 -0.393125 1.34464 2.49456 0.809933</i>
                    </KeyFrames>
                </p>
            </i>
            <i>
                <p>
                    <Name>
                        <![CDATA[l_elbow]]>
</Name>
                    <Exclude>0</Exclude>
                    <Additive>0</Additive>
                    <IKPriority>0</IKPriority>
                    <IKRotLimits>-1e+010 -1e+010 -1e+010 1e+010 1e+010 1e+010</IKRotLimits>
                    <IKRotLimitOrder>0</IKRotLimitOrder>
                    <KeyFrames count="30">
                        <i>-0.972064 0.115237 -0.20448 -0.0167221 0.834965 0.55005 0.23412 0.538103 -0.809712 1.19418 2.33379 1.04935</i>
                        <i>-0.971891 0.108136 -0.209127 -0.0229097 0.84062 0.54114 0.234313 0.53072 -0.814514 1.19413 2.3359 1.05086</i>
                        <i>-0.971668 0.102058 -0.213178 -0.0281877 0.845487 0.533252 0.234661 0.524153 -0.818656 1.19405 2.33733 1.05218</i>
                        <i>-0.971416 0.0970321 -0.216645 -0.0325428 0.849591 0.526438 0.235141 0.51844 -0.822149 1.19397 2.33814 1.05331</i>
                        <i>-0.971153 0.0930826 -0.21954 -0.0359657 0.852957 0.52074 0.23573 0.513614 -0.825004 1.19389 2.33839 1.05425</i>
                        <i>-0.970892 0.0902273 -0.221874 -0.0384503 0.855607 0.516195 0.236412 0.509701 -0.827233 1.1938 2.33815 1.05501</i>
