<?xml version="1.0" encoding="ISO-8859-1" ?>
<Animl Version="1">
    <ModellingPackage><![CDATA[Maya.2010]]></ModellingPackage>
    <SrcFile><![CDATA[anims\turrets\mortar\blue\~src\mortar_m120\mortar_m120_aim_random_crewman_d.mb]]></SrcFile>
    <FramesPerSecond>30</FramesPerSecond>
    <TotalFrames>60</TotalFrames>
    <Skeleton>
        <RefFrame>
            <Name><![CDATA[soldier_ref_frame]]></Name>
            <Exclude>0</Exclude>
            <Additive>0</Additive>
            <IKPriority>0</IKPriority>
            <IKRotLimits>-1e+010 -1e+010 -1e+010 1e+010 1e+010 1e+010</IKRotLimits>
            <IKRotLimitOrder>0</IKRotLimitOrder>
            <KeyFrames count="60">
                <i>1 0 0 0 1 0 0 0 1 -1.81 0.85 -1.79</i>
                <i>1 0 0 0 1 0 0 0 1 -1.81 0.85 -1.79</i>
                <i>1 0 0 0 1 0 0 0 1 -1.81 0.85 -1.79</i>
                <i>1 0 0 0 1 0 0 0 1 -1.81 0.85 -1.79</i>
                <i>1 0 0 0 1 0 0 0 1 -1.81 0.85 -1.79</i>
                <i>1 0 0 0 1 0 0 0 1 -1.81 0.85 -1.79</i>
                <i>1 0 0 0 1 0 0 0 1 -1.81 0.85 -1.79</i>
                <i>1 0 0 0 1 0 0 0 1 -1.81 0.85 -1.79</i>
                <i>1 0 0 0 1 0 0 0 1 -1.81 0.85 -1.79</i>
                <i>1 0 0 0 1 0 0 0 1 -1.81 0.85 -1.79</i>
                <i>1 0 0 0 1 0 0 0 1 -1.81 0.85 -1.79</i>
                <i>1 0 0 0 1 0 0 0 1 -1.81 0.85 -1.79</i>
                <i>1 0 0 0 1 0 0 0 1 -1.81 0.85 -1.79</i>
                <i>1 0 0 0 1 0 0 0 1 -1.81 0.85 -1.79</i>
                <i>1 0 0 0 1 0 0 0 1 -1.81 0.85 -1.79</i>
                <i>1 0 0 0 1 0 0 0 1 -1.81 0.85 -1.79</i>
                <i>1 0 0 0 1 0 0 0 1 -1.81 0.85 -1.79</i>
                <i>1 0 0 0 1 0 0 0 1 -1.81 0.85 -1.79</i>
                <i>1 0 0 0 1 0 0 0 1 -1.81 0.85 -1.79</i>
                <i>1 0 0 0 1 0 0 0 1 -1.81 0.85 -1.79</i>
                <i>1 0 0 0 1 0 0 0 1 -1.81 0.85 -1.79</i>
                <i>1 0 0 0 1 0 0 0 1 -1.81 0.85 -1.79</i>
                <i>1 0 0 0 1 0 0 0 1 -1.81 0.85 -1.79</i>
                <i>1 0 0 0 1 0 0 0 1 -1.81 0.85 -1.79</i>
                <i>1 0 0 0 1 0 0 0 1 -1.81 0.85 -1.79</i>
                <i>1 0 0 0 1 0 0 0 1 -1.81 0.85 -1.79</i>
                <i>1 0 0 0 1 0 0 0 1 -1.81 0.85 -1.79</i>
                <i>1 0 0 0 1 0 0 0 1 -1.81 0.85 -1.79</i>
                <i>1 0 0 0 1 0 0 0 1 -1.81 0.85 -1.79</i>
                <i>1 0 0 0 1 0 0 0 1 -1.81 0.85 -1.79</i>
                <i>1 0 0 0 1 0 0 0 1 -1.81 0.85 -1.79</i>
                <i>1 0 0 0 1 0 0 0 1 -1.81 0.85 -1.79</i>
                <i>1 0 0 0 1 0 0 0 1 -1.81 0.85 -1.79</i>
                <i>1 0 0 0 1 0 0 0 1 -1.81 0.85 -1.79</i>
                <i>1 0 0 0 1 0 0 0 1 -1.81 0.85 -1.79</i>
                <i>1 0 0 0 1 0 0 0 1 -1.81 0.85 -1.79</i>
                <i>1 0 0 0 1 0 0 0 1 -1.81 0.85 -1.79</i>
                <i>1 0 0 0 1 0 0 0 1 -1.81 0.85 -1.79</i>
                <i>1 0 0 0 1 0 0 0 1 -1.81 0.85 -1.79</i>
                <i>1 0 0 0 1 0 0 0 1 -1.81 0.85 -1.79</i>
                <i>1 0 0 0 1 0 0 0 1 -1.81 0.85 -1.79</i>
                <i>1 0 0 0 1 0 0 0 1 -1.81 0.85 -1.79</i>
                <i>1 0 0 0 1 0 0 0 1 -1.81 0.85 -1.79</i>
                <i>1 0 0 0 1 0 0 0 1 -1.81 0.85 -1.79</i>
                <i>1 0 0 0 1 0 0 0 1 -1.81 0.85 -1.79</i>
                <i>1 0 0 0 1 0 0 0 1 -1.81 0.85 -1.79</i>
                <i>1 0 0 0 1 0 0 0 1 -1.81 0.85 -1.79</i>
                <i>1 0 0 0 1 0 0 0 1 -1.81 0.85 -1.79</i>
                <i>1 0 0 0 1 0 0 0 1 -1.81 0.85 -1.79</i>
                <i>1 0 0 0 1 0 0 0 1 -1.81 0.85 -1.79</i>
                <i>1 0 0 0 1 0 0 0 1 -1.81 0.85 -1.79</i>
                <i>1 0 0 0 1 0 0 0 1 -1.81 0.85 -1.79</i>
                <i>1 0 0 0 1 0 0 0 1 -1.81 0.85 -1.79</i>
                <i>1 0 0 0 1 0 0 0 1 -1.81 0.85 -1.79</i>
                <i>1 0 0 0 1 0 0 0 1 -1.81 0.85 -1.79</i>
                <i>1 0 0 0 1 0 0 0 1 -1.81 0.85 -1.79</i>
                <i>1 0 0 0 1 0 0 0 1 -1.81 0.85 -1.79</i>
                <i>1 0 0 0 1 0 0 0 1 -1.81 0.85 -1.79</i>
                <i>1 0 0 0 1 0 0 0 1 -1.81 0.85 -1.79</i>
                <i>1 0 0 0 1 0 0 0 1 -1.81 0.85 -1.79</i>
            </KeyFrames>
        </RefFrame>
        <Bones count="23">
            <i>
                <p>
                    <Name><![CDATA[pelvis]]></Name>
                    <Exclude>0</Exclude>
                    <Additive>0</Additive>
                    <IKPriority>0</IKPriority>
                    <IKRotLimits>-1e+010 -1e+010 -1e+010 1e+010 1e+010 1e+010</IKRotLimits>
                    <IKRotLimitOrder>2</IKRotLimitOrder>
                    <KeyFrames count="60">
                        <i>1 0 0 0 1 0 0 0 1 -1.91705 1.46832 -1.90868</i>
                        <i>1 0 0 0 1 0 0 0 1 -1.91705 1.46747 -1.90868</i>
                        <i>1 0 0 0 1 0 0 0 1 -1.91705 1.46515 -1.90868</i>
                        <i>1 0 0 0 1 0 0 0 1 -1.91705 1.46177 -1.90868</i>
                        <i>1 0 0 0 1 0 0 0 1 -1.91705 1.45768 -1.90868</i>
                        <i>1 0 0 0 1 0 0 0 1 -1.91705 1.45327 -1.90868</i>
                        <i>1 0 0 0 1 0 0 0 1 -1.91705 1.44892 -1.90868</i>
                        <i>1 0 0 0 1 0 0 0 1 -1.91705 1.445 -1.90868</i>
                        <i>1 0 0 0 1 0 0 0 1 -1.91705 1.4419 -1.90868</i>
                        <i>1 0 0 0 1 0 0 0 1 -1.91705 1.44 -1.90868</i>
                        <i>1 0 0 0 1 0 0 0 1 -1.91702 1.43895 -1.9088</i>
                        <i>1 0 0 0 1 0 0 0 1 -1.91693 1.43813 -1.90913</i>
                        <i>1 0 0 0 1 0 0 0 1 -1.9168 1.43754 -1.90961</i>
                        <i>1 0 0 0 1 0 0 0 1 -1.91665 1.43715 -1.9102</i>
                        <i>1 0 0 0 1 0 0 0 1 -1.91648 1.43693 -1.91084</i>
                        <i>1 0 0 0 1 0 0 0 1 -1.91631 1.43688 -1.91148</i>
                        <i>1 0 0 0 1 0 0 0 1 -1.91615 1.43695 -1.91207</i>
                        <i>1 0 0 0 1 0 0 0 1 -1.91602 1.43715 -1.91255</i>
                        <i>1 0 0 0 1 0 0 0 1 -1.91593 1.43744 -1.91288</i>
                        <i>1 0 0 0 1 0 0 0 1 -1.9159 1.4378 -1.913</i>
                        <i>1 0 0 0 1 0 0 0 1 -1.91594 1.43822 -1.91286</i>
                        <i>1 0 0 0 1 0 0 0 1 -1.91606 1.43867 -1.91241</i>
                        <i>1 0 0 0 1 0 0 0 1 -1.91627 1.43913 -1.9116</i>
                        <i>1 0 0 0 1 0 0 0 1 -1.9166 1.43958 -1.91037</i>
                        <i>1 0 0 0 1 0 0 0 1 -1.91705 1.44 -1.90868</i>
                        <i>1 0 0 0 1 0 0 0 1 -1.91779 1.44057 -1.90602</i>
                        <i>1 0 0 0 1 0 0 0 1 -1.9189 1.44142 -1.90213</i>
                        <i>1 0 0 0 1 0 0 0 1 -1.92028 1.4425 -1.89728</i>
                        <i>1 0 0 0 1 0 0 0 1 -1.92186 1.44371 -1.89176</i>
                        <i>1 0 0 0 1 0 0 0 1 -1.92353 1.445 -1.88584</i>
                        <i>1 0 0 0 1 0 0 0 1 -1.92519 1.44629 -1.8798</i>
                        <i>1 0 0 0 1 0 0 0 1 -1.92677 1.4475 -1.87391</i>
                        <i>1 0 0 0 1 0 0 0 1 -1.92816 1.44858 -1.86847</i>
                        <i>1 0 0 0 1 0 0 0 1 -1.92926 1.44943 -1.86374</i>
                        <i>1 0 0 0 1 0 0 0 1 -1.93 1.45 -1.86</i>
                        <i>1 0 0 0 1 0 0 0 1 -1.93048 1.4503 -1.85676</i>
                        <i>1 0 0 0 1 0 0 0 1 -1.9309 1.45043 -1.85336</i>
                        <i>1 0 0 0 1 0 0 0 1 -1.93124 1.45042 -1.8499</i>
                        <i>1 0 0 0 1 0 0 0 1 -1.93152 1.45029 -1.84645</i>
                        <i>1 0 0 0 1 0 0 0 1 -1.93173 1.45007 -1.84307</i>
                        <i>1 0 0 0 1 0 0 0 1 -1.93186 1.44981 -1.83984</i>
                        <i>1 0 0 0 1 0 0 0 1 -1.93193 1.44952 -1.83684</i>
                        <i>1 0 0 0 1 0 0 0 1 -1.93193 1.44924 -1.83414</i>
                        <i>1 0 0 0 1 0 0 0 1 -1.93186 1.44899 -1.83182</i>
                        <i>1 0 0 0 1 0 0 0 1 -1.93173 1.44882 -1.82995</i>
                        <i>1 0 0 0 1 0 0 0 1 -1.93152 1.44874 -1.82861</i>
                        <i>1 0 0 0 1 0 0 0 1 -1.93124 1.44878 -1.82787</i>
                        <i>1 0 0 0 1 0 0 0 1 -1.9309 1.44899 -1.82781</i>
                        <i>1 0 0 0 1 0 0 0 1 -1.93048 1.44939 -1.82849</i>
                        <i>1 0 0 0 1 0 0 0 1 -1.93 1.45 -1.83</i>
                        <i>1 0 0 0 1 0 0 0 1 -1.92922 1.45111 -1.83378</i>
                        <i>1 0 0 0 1 0 0 0 1 -1.92799 1.45284 -1.84067</i>
                        <i>1 0 0 0 1 0 0 0 1 -1.92644 1.45503 -1.84986</i>
                        <i>1 0 0 0 1 0 0 0 1 -1.9247 1.4575 -1.8605</i>
                        <i>1 0 0 0 1 0 0 0 1 -1.92288 1.46008 -1.87177</i>
                        <i>1 0 0 0 1 0 0 0 1 -1.92111 1.46258 -1.88285</i>
                        <i>1 0 0 0 1 0 0 0 1 -1.91952 1.46483 -1.89291</i>
                        <i>1 0 0 0 1 0 0 0 1 -1.91823 1.46665 -1.90112</i>
                        <i>1 0 0 0 1 0 0 0 1 -1.91737 1.46787 -1.90665</i>
                        <i>1 0 0 0 1 0 0 0 1 -1.91705 1.46832 -1.90868</i>
                    </KeyFrames>
                </p>
            </i>
            <i>
                <p>
                    <Name><![CDATA[spine0]]></Name>
                    <Exclude>0</Exclude>
                    <Additive>0</Additive>
                    <IKPriority>0</IKPriority>
                    <IKRotLimits>-1e+010 -1e+010 -1e+010 1e+010 1e+010 1e+010</IKRotLimits>
                    <IKRotLimitOrder>0</IKRotLimitOrder>
                    <KeyFrames count="60">
                        <i>-0.0333484 0.97671 0.211955 -0.998234 -0.0221183 -0.0551362 -0.049164 -0.213419 0.975723 -1.93013 1.6052 -1.95097</i>
                        <i>-0.0345495 0.97883 0.201736 -0.998206 -0.0239224 -0.0548814 -0.0488936 -0.20327 0.977901 -1.93037 1.60406 -1.9518</i>
                        <i>-0.0379005 0.984003 0.174076 -0.99812 -0.0288805 -0.0540612 -0.048169 -0.175798 0.983247 -1.93101 1.60096 -1.95405</i>
                        <i>-0.0430815 0.990107 0.13354 -0.997959 -0.0363424 -0.0524985 -0.047126 -0.135529 0.989652 -1.93195 1.59633 -1.95733</i>
                        <i>-0.0497359 0.995158 0.0847807 -0.997707 -0.0456018 -0.0500215 -0.0459131 -0.0870741 0.995143 -1.93308 1.59062 -1.96127</i>
                        <i>-0.057379 0.997824 0.032472 -0.997352 -0.0558353 -0.0466002 -0.0446857 -0.0350599 0.998386 -1.93431 1.5843 -1.96549</i>
                        <i>-0.0653666 0.997684 -0.0188208 -0.996909 -0.0661166 -0.0424446 -0.0435907 0.0159882 0.998922 -1.93552 1.57791 -1.96964</i>
                        <i>-0.0729103 0.995233 -0.0647759 -0.996422 -0.0754737 -0.0380468 -0.0427543 0.0617701 0.997174 -1.9366 1.57199 -1.97338</i>
                        <i>-0.0791197 0.991697 -0.101378 -0.995968 -0.0829518 -0.0341525 -0.0422784 0.0982674 0.994262 -1.93745 1.56717 -1.97641</i>
                        <i>-0.0830547 0.988691 -0.124869 -0.995649 -0.0876379 -0.031661 -0.0422462 0.121696 0.991668 -1.93795 1.56407 -1.97844</i>
                        <i>-0.0853068 0.986591 -0.139141 -0.995458 -0.0903179 -0.0300958 -0.0422591 0.135941 0.989815 -1.93817 1.56224 -1.97985</i>
                        <i>-0.0871196 0.984731 -0.150713 -0.995315 -0.0924088 -0.0284408 -0.0419337 0.147529 0.988168 -1.93826 1.56079 -1.98121</i>
                        <i>-0.0885197 0.983162 -0.159863 -0.995215 -0.0939622 -0.0267973 -0.0413672 0.156726 0.986775 -1.93824 1.5597 -1.98252</i>
                        <i>-0.0895297 0.981906 -0.166871 -0.995154 -0.0950299 -0.0252562 -0.0406569 0.163801 0.985655 -1.93813 1.55891 -1.98375</i>
                        <i>-0.0901698 0.980959 -0.172016 -0.995127 -0.0956632 -0.0239003 -0.0399008 0.169023 0.984804 -1.93796 1.55839 -1.98488</i>
                        <i>-0.0904603 0.9803 -0.175579 -0.995128 -0.0959135 -0.0228074 -0.0391985 0.17266 0.984201 -1.93774 1.55811 -1.9859</i>
                        <i>-0.0904227 0.979896 -0.17784 -0.995153 -0.0958328 -0.022052 -0.0386515 0.174984 0.983812 -1.9375 1.55802 -1.98679</i>
                        <i>-0.0900815 0.979702 -0.179079 -0.995195 -0.0954739 -0.0217073 -0.038364 0.176263 0.983595 -1.93725 1.55808 -1.98752</i>
                        <i>-0.0894643 0.979668 -0.179574 -0.995248 -0.0948915 -0.0218466 -0.0384425 0.176766 0.983502 -1.93701 1.55825 -1.98808</i>
                        <i>-0.0886023 0.979741 -0.179603 -0.995303 -0.0941425 -0.0225448 -0.0389963 0.176762 0.983481 -1.93681 1.55849 -1.98845</i>
                        <i>-0.08753 0.979868 -0.179435 -0.995353 -0.093286 -0.023879 -0.0401371 0.176511 0.98348 -1.93666 1.55875 -1.98861</i>
                        <i>-0.0862844 0.979996 -0.179339 -0.995386 -0.0923845 -0.0259297 -0.0419791 0.176274 0.983446 -1.93658 1.559 -1.98854</i>
                        <i>-0.0849034 0.980074 -0.17957 -0.995389 -0.0915033 -0.0287802 -0.044638 0.176299 0.983324 -1.93659 1.55919 -1.98821</i>
                        <i>-0.083425 0.980053 -0.180377 -0.995346 -0.0907115 -0.0325173 -0.048231 0.176825 0.98306 -1.93671 1.55928 -1.9876</i>
                        <i>-0.0818849 0.979885 -0.181992 -0.995238 -0.0900827 -0.0372305 -0.052876 0.178077 0.982595 -1.93694 1.55922 -1.9867</i>
                        <i>-0.0797248 0.979742 -0.183708 -0.995008 -0.089316 -0.0445266 -0.0600327 0.179241 0.981972 -1.93739 1.55911 -1.98513</i>
                        <i>-0.0765406 0.979851 -0.18448 -0.994567 -0.0881239 -0.0554187 -0.0705592 0.179236 0.981273 -1.93807 1.55908 -1.98266</i>
                        <i>-0.0726433 0.980241 -0.183985 -0.993842 -0.0866201 -0.0690956 -0.0836672 0.177833 0.980497 -1.9389 1.55911 -1.97944</i>
                        <i>-0.0684054 0.980925 -0.181951 -0.992778 -0.0849452 -0.0847128 -0.0985527 0.174842 0.979652 -1.9398 1.55919 -1.97566</i>
                        <i>-0.0642334 0.981884 -0.178263 -0.991358 -0.083259 -0.10138 -0.114386 0.170211 0.978746 -1.94071 1.5593 -1.97149</i>
                        <i>-0.0605112 0.983054 -0.173042 -0.989626 -0.0817159 -0.118166 -0.130304 0.164097 0.9778 -1.94157 1.55944 -1.96711</i>
                        <i>-0.057526 0.984333 -0.166669 -0.987698 -0.0804298 -0.134107 -0.145411 0.156904 0.97685 -1.94234 1.55962 -1.9627</i>
                        <i>-0.0554064 0.985598 -0.159769 -0.985756 -0.0794445 -0.148235 -0.158793 0.14928 0.975961 -1.94298 1.55983 -1.95846</i>
                        <i>-0.0541022 0.986722 -0.15314 -0.984039 -0.0787241 -0.159593 -0.16953 0.142061 0.975232 -1.94347 1.56006 -1.9546</i>
                        <i>-0.053428 0.987595 -0.147655 -0.98281 -0.0781747 -0.16725 -0.176718 0.136181 0.974795 -1.94378 1.56032 -1.9513</i>
                        <i>-0.0530966 0.988177 -0.143828 -0.981954 -0.0778482 -0.172355 -0.181514 0.132081 0.974478 -1.944 1.5605 -1.94824</i>
                        <i>-0.0529283 0.988534 -0.14142 -0.981186 -0.0778121 -0.176689 -0.185667 0.129407 0.974054 -1.94421 1.56053 -1.945</i>
                        <i>-0.0528766 0.988719 -0.140136 -0.98052 -0.0779893 -0.180274 -0.18917 0.127874 0.973583 -1.94442 1.56045 -1.94164</i>
                        <i>-0.0529133 0.988784 -0.139667 -0.979965 -0.0783085 -0.183128 -0.192011 0.127179 0.973117 -1.94461 1.5603 -1.93822</i>
                        <i>-0.0530228 0.988775 -0.139687 -0.979531 -0.0787007 -0.185269 -0.194183 0.127005 0.972709 -1.94479 1.56012 -1.93481</i>
                        <i>-0.0531967 0.98874 -0.13987 -0.979225 -0.079098 -0.186715 -0.195676 0.127031 0.972406 -1.94493 1.55996 -1.93145</i>
                        <i>-0.0534289 0.988726 -0.139882 -0.979051 -0.0794309 -0.187485 -0.196483 0.126934 0.972256 -1.94505 1.55985 -1.92822</i>
                        <i>-0.0537118 0.988779 -0.139394 -0.979013 -0.0796282 -0.187599 -0.196594 0.126393 0.972304 -1.94514 1.55985 -1.92517</i>
                        <i>-0.0540335 0.988946 -0.138081 -0.979114 -0.0796167 -0.187076 -0.196002 0.125088 0.972593 -1.94518 1.56 -1.92236</i>
                        <i>-0.0543758 0.989268 -0.135618 -0.979354 -0.0793211 -0.185939 -0.194701 0.122707 0.973157 -1.94518 1.56033 -1.91985</i>
                        <i>-0.0547132 0.98978 -0.131689 -0.979734 -0.0786664 -0.184208 -0.192684 0.118941 0.974026 -1.94512 1.56088 -1.91769</i>
                        <i>-0.0550133 0.990506 -0.125978 -0.980252 -0.0775787 -0.181899 -0.189945 0.113483 0.975214 -1.94499 1.5617 -1.91595</i>
                        <i>-0.0552374 0.991455 -0.118174 -0.980905 -0.0759883 -0.179027 -0.186477 0.106029 0.976721 -1.9448 1.56282 -1.91468</i>
                        <i>-0.0553419 0.992613 -0.107964 -0.981689 -0.0738325 -0.1756 -0.182274 0.0962695 0.978524 -1.94452 1.56428 -1.91393</i>
                        <i>-0.0552813 0.993938 -0.0950336 -0.982598 -0.0710594 -0.171617 -0.177329 0.0838927 0.980569 -1.94415 1.56611 -1.91375</i>
                        <i>-0.0549165 0.995686 -0.0747865 -0.984034 -0.0666686 -0.165021 -0.169295 0.0645301 0.983451 -1.94351 1.56899 -1.91499</i>
                        <i>-0.0540349 0.997539 -0.0446758 -0.986165 -0.0603336 -0.154394 -0.15671 0.0357151 0.986999 -1.94243 1.57325 -1.91807</i>
                        <i>-0.0524885 0.998594 -0.00747675 -0.988629 -0.0530184 -0.14072 -0.140918 5.54423e-006 0.990021 -1.94098 1.57838 -1.92246</i>
                        <i>-0.050196 0.998161 0.0339829 -0.991102 -0.0455834 -0.125058 -0.123279 -0.0399579 0.991567 -1.93923 1.5839 -1.92764</i>
                        <i>-0.0471968 0.995927 0.0768265 -0.993337 -0.0387004 -0.10855 -0.105134 -0.0814378 0.991118 -1.93729 1.58939 -1.93314</i>
                        <i>-0.0436841 0.992033 0.118159 -0.995182 -0.0328179 -0.0923942 -0.0877804 -0.121626 0.988687 -1.93527 1.59447 -1.93852</i>
                        <i>-0.0400135 0.987086 0.155113 -0.996571 -0.028172 -0.0778017 -0.0724271 -0.157695 0.984828 -1.93334 1.59883 -1.94338</i>
                        <i>-0.0366804 0.982076 0.184884 -0.997513 -0.0248391 -0.0659621 -0.0601875 -0.186844 0.980544 -1.9317 1.60222 -1.94733</i>
                        <i>-0.034266 0.978218 0.204733 -0.998054 -0.0228155 -0.0580303 -0.0520952 -0.206323 0.977096 -1.93056 1.60442 -1.94999</i>
                        <i>-0.0333484 0.97671 0.211955 -0.998234 -0.0221183 -0.0551362 -0.049164 -0.213419 0.975723 -1.93013 1.6052 -1.95097</i>
                    </KeyFrames>
                </p>
            </i>
            <i>
                <p>
                    <Name><![CDATA[spine1]]></Name>
                    <Exclude>0</Exclude>
                    <Additive>0</Additive>
                    <IKPriority>0</IKPriority>
                    <IKRotLimits>-1e+010 -1e+010 -1e+010 1e+010 1e+010 1e+010</IKRotLimits>
                    <IKRotLimitOrder>0</IKRotLimitOrder>
                    <KeyFrames count="60">
                        <i>0.0484587 0.762801 0.644815 -0.99121 -0.042841 0.125171 0.123105 -0.645213 0.75402 -1.9363 1.78604 -1.91181</i>
                        <i>0.0512892 0.772461 0.632987 -0.990778 -0.0402382 0.129384 0.125415 -0.633786 0.763274 -1.93675 1.78505 -1.91458</i>
                        <i>0.0587861 0.797736 0.600135 -0.98952 -0.0328615 0.14061 0.131891 -0.602111 0.787444 -1.93799 1.78224 -1.92205</i>
                        <i>0.0693032 0.832404 0.549819 -0.987437 -0.021217 0.156585 0.142008 -0.553764 0.820475 -1.93984 1.7778 -1.93293</i>
                        <i>0.0811986 0.870179 0.485999 -0.984547 -0.00588134 0.175024 0.155161 -0.4927 0.856255 -1.94214 1.77195 -1.94589</i>
                        <i>0.0930529 0.905634 0.413726 -0.980967 0.0122649 0.193786 0.170425 -0.423884 0.889538 -1.9447 1.76506 -1.95967</i>
                        <i>0.103826 0.934936 0.339285 -0.976961 0.0319152 0.211018 0.18646 -0.353377 0.91671 -1.94729 1.75769 -1.97308</i>
                        <i>0.112928 0.956251 0.269872 -0.972948 0.0513304 0.225249 0.201542 -0.288008 0.936179 -1.94968 1.75059 -1.98506</i>
                        <i>0.120185 0.96962 0.213057 -0.969484 0.0684414 0.235409 0.213675 -0.234848 0.948256 -1.9516 1.74463 -1.9946</i>
                        <i>0.125693 0.976277 0.176309 -0.967202 0.0810509 0.24073 0.220729 -0.200784 0.954445 -1.95279 1.74079 -2.0008</i>
                        <i>0.130694 0.979423 0.153786 -0.965656 0.0906223 0.243509 0.224562 -0.180329 0.957629 -1.95341 1.73857 -2.00476</i>
                        <i>0.136216 0.981476 0.134726 -0.964005 0.0999715 0.246374 0.228341 -0.163436 0.959765 -1.95383 1.73685 -2.0082</i>
                        <i>0.142102 0.98268 0.118945 -0.962309 0.108997 0.24916 0.23188 -0.149868 0.96113 -1.95407 1.73557 -2.01116</i>
                        <i>0.148206 0.983233 0.106241 -0.960633 0.117602 0.251702 0.234988 -0.139362 0.961956 -1.95416 1.73472 -2.01367</i>
                        <i>0.15439 0.983296 0.0964019 -0.959046 0.125697 0.253832 0.237474 -0.131643 0.962432 -1.95412 1.73424 -2.01576</i>
                        <i>0.160518 0.982993 0.0892084 -0.957623 0.1332 0.255374 0.239149 -0.12642 0.962718 -1.95398 1.73409 -2.01747</i>
                        <i>0.166458 0.982427 0.0844369 -0.956439 0.140039 0.256152 0.239826 -0.123397 0.962942 -1.95375 1.7342 -2.01881</i>
                        <i>0.172078 0.981676 0.0818622 -0.955569 0.146155 0.255983 0.239328 -0.122274 0.963209 -1.95347 1.73453 -2.01983</i>
                        <i>0.177242 0.980807 0.0812588 -0.955085 0.151493 0.254679 0.237481 -0.122749 0.963605 -1.95315 1.73502 -2.02054</i>
                        <i>0.181809 0.979875 0.0824024 -0.955057 0.156008 0.252048 0.234121 -0.124524 0.9642 -1.95283 1.73561 -2.02098</i>
                        <i>0.18563 0.97893 0.0850703 -0.955542 0.159653 0.247892 0.229087 -0.127304 0.965045 -1.95251 1.73624 -2.02117</i>
                        <i>0.188545 0.97802 0.0890416 -0.956591 0.162381 0.242005 0.222227 -0.130805 0.966181 -1.95224 1.73687 -2.02115</i>
                        <i>0.19038 0.977191 0.0940965 -0.958238 0.164138 0.234175 0.213389 -0.134749 0.96763 -1.95203 1.73742 -2.02093</i>
                        <i>0.190941 0.976493 0.100016 -0.960503 0.164853 0.224182 0.202424 -0.138871 0.969402 -1.9519 1.73784 -2.02053</i>
                        <i>0.190014 0.975979 0.106578 -0.963382 0.164433 0.211797 0.189184 -0.14292 0.971485 -1.95189 1.73808 -2.01999</i>
                        <i>0.185898 0.97547 0.1179 -0.967853 0.161102 0.193149 0.169418 -0.150016 0.97406 -1.95197 1.73833 -2.01881</i>
                        <i>0.177222 0.974607 0.136873 -0.97408 0.153836 0.16584 0.140573 -0.162716 0.976608 -1.95211 1.73879 -2.01656</i>
                        <i>0.164213 0.973132 0.161397 -0.980807 0.14364 0.131851 0.105126 -0.179951 0.978042 -1.95226 1.73946 -2.01337</i>
                        <i>0.147253 0.970807 0.189344 -0.986919 0.131511 0.0932483 0.0656254 -0.200598 0.977473 -1.95243 1.74033 -2.00935</i>
                        <i>0.12707 0.967503 0.218613 -0.991588 0.118435 0.0522143 0.0246261 -0.223409 0.974414 -1.95261 1.74135 -2.00463</i>
                        <i>0.104821 0.963272 0.247222 -0.994372 0.105373 0.0110367 -0.0154192 -0.246987 0.968896 -1.95283 1.74249 -1.99942</i>
                        <i>0.0821014 0.958391 0.273399 -0.995252 0.09323 -0.0279413 -0.0522677 -0.269807 0.961495 -1.95308 1.74367 -1.99396</i>
                        <i>0.0608577 0.95336 0.295635 -0.994609 0.0828337 -0.0623765 -0.0839558 -0.290246 0.953262 -1.95336 1.74479 -1.98855</i>
                        <i>0.043257 0.948873 0.312681 -0.993123 0.0749207 -0.0899663 -0.108793 -0.306639 0.945588 -1.95363 1.74578 -1.98352</i>
                        <i>0.0315247 0.94572 0.323449 -0.991624 0.0701466 -0.108451 -0.125253 -0.317321 0.94001 -1.95384 1.74654 -1.97924</i>
                        <i>0.0245035 0.944069 0.328837 -0.990377 0.0677417 -0.120683 -0.136209 -0.322716 0.936644 -1.954 1.74698 -1.97548</i>
                        <i>0.0194942 0.943471 0.330882 -0.989151 0.0663964 -0.131045 -0.145606 -0.324737 0.934529 -1.95419 1.74712 -1.9718</i>
                        <i>0.0163173 0.943767 0.33021 -0.988015 0.0659184 -0.139578 -0.153495 -0.323974 0.933531 -1.95438 1.74704 -1.96819</i>
                        <i>0.0147586 0.944763 0.327421 -0.987025 0.0661271 -0.146317 -0.159887 -0.321014 0.933481 -1.95457 1.7468 -1.96467</i>
                        <i>0.01458 0.946253 0.323099 -0.986225 0.0668563 -0.151296 -0.164766 -0.316443 0.934193 -1.95476 1.74645 -1.96123</i>
                        <i>0.0155286 0.948025 0.317817 -0.985646 0.0679549 -0.154546 -0.168111 -0.310855 0.935472 -1.95493 1.74607 -1.95788</i>
                        <i>0.0173443 0.949878 0.31214 -0.985309 0.0692865 -0.156097 -0.1699 -0.304847 0.937124 -1.95508 1.74571 -1.95461</i>
                        <i>0.0197666 0.951621 0.306637 -0.985224 0.0707266 -0.155984 -0.170125 -0.299023 0.938958 -1.9552 1.74545 -1.95143</i>
                        <i>0.02254 0.95308 0.301877 -0.985394 0.0721594 -0.154245 -0.168791 -0.293991 0.940786 -1.95529 1.74534 -1.94833</i>
                        <i>0.0254187 0.954092 0.298432 -0.985811 0.073472 -0.150925 -0.165923 -0.290361 0.942422 -1.95533 1.74544 -1.94532</i>
                        <i>0.02817 0.954499 0.296881 -0.98646 0.0745486 -0.146079 -0.161564 -0.288746 0.943675 -1.95532 1.74582 -1.94239</i>
                        <i>0.0305763 0.954138 0.297801 -0.98732 0.0752632 -0.139768 -0.155771 -0.289751 0.944341 -1.95524 1.74652 -1.93955</i>
                        <i>0.0324354 0.952828 0.301771 -0.988364 0.0754715 -0.132065 -0.14861 -0.293976 0.944189 -1.95507 1.74759 -1.93679</i>
                        <i>0.0335598 0.95035 0.309367 -0.989561 0.0750032 -0.123057 -0.140151 -0.302008 0.942947 -1.95481 1.74909 -1.93412</i>
                        <i>0.0337741 0.946426 0.32115 -0.990879 0.073652 -0.112845 -0.130453 -0.314409 0.940281 -1.95442 1.75104 -1.93152</i>
                        <i>0.0333435 0.938974 0.34237 -0.992833 0.0704529 -0.0965297 -0.11476 -0.336697 0.934594 -1.9537 1.75417 -1.92899</i>
                        <i>0.0329512 0.926273 0.375409 -0.995396 0.0642415 -0.0711374 -0.0900096 -0.371337 0.924125 -1.95246 1.75871 -1.92646</i>
                        <i>0.0330579 0.908549 0.416469 -0.99772 0.0545297 -0.0397637 -0.0588373 -0.414205 0.90828 -1.95072 1.76397 -1.92393</i>
                        <i>0.0340121 0.886343 0.461777 -0.999135 0.0412171 -0.00552181 -0.0239273 -0.46119 0.886979 -1.94855 1.76934 -1.92141</i>
                        <i>0.0359479 0.860766 0.50773 -0.999281 0.0248398 0.0286388 0.0120394 -0.508395 0.86104 -1.94604 1.77432 -1.91896</i>
                        <i>0.038739 0.83359 0.551024 -0.998168 0.00663718 0.0601341 0.0464699 -0.552344 0.83232 -1.94336 1.77855 -1.91668</i>
                        <i>0.0420053 0.807219 0.588755 -0.99615 -0.0115424 0.0868966 0.0769402 -0.590139 0.803627 -1.94075 1.78186 -1.91471</i>
                        <i>0.0451678 0.784545 0.618424 -0.993837 -0.0274417 0.1074 0.101231 -0.619464 0.778471 -1.93849 1.78418 -1.91316</i>
                        <i>0.0475416 0.768709 0.637829 -0.991959 -0.0386455 0.120513 0.117288 -0.63843 0.760691 -1.9369 1.78557 -1.91216</i>
                        <i>0.0484587 0.762801 0.644815 -0.99121 -0.042841 0.125171 0.123105 -0.645213 0.75402 -1.9363 1.78604 -1.91181</i>
                    </KeyFrames>
                </p>
            </i>
            <i>
                <p>
                    <Name><![CDATA[spine2]]></Name>
                    <Exclude>0</Exclude>
                    <Additive>0</Additive>
                    <IKPriority>0</IKPriority>
                    <IKRotLimits>-1e+010 -1e+010 -1e+010 1e+010 1e+010 1e+010</IKRotLimits>
                    <IKRotLimitOrder>0</IKRotLimitOrder>
                    <KeyFrames count="60">
                        <i>0.039269 0.501404 0.864322 -0.95586 -0.233219 0.178721 0.291187 -0.833188 0.470114 -1.92783 1.91559 -1.80189</i>
                        <i>0.0457178 0.514349 0.856362 -0.954316 -0.23091 0.189637 0.295282 -0.825909 0.480294 -1.92781 1.91607 -1.80682</i>
                        <i>0.0631415 0.548852 0.833532 -0.949786 -0.223423 0.219064 0.306464 -0.805509 0.507184 -1.92779 1.9171 -1.82025</i>
                        <i>0.0885367 0.597894 0.79667 -0.942185 -0.209236 0.261738 0.323184 -0.773785 0.544802 -1.92791 1.91785 -1.84011</i>
                        <i>0.11885 0.654162 0.746958 -0.931474 -0.187062 0.312032 0.343847 -0.732857 0.587103 -1.92827 1.91755 -1.8643</i>
                        <i>0.151124 0.710672 0.6871 -0.918004 -0.156913 0.364206 0.366646 -0.685801 0.628687 -1.92892 1.91577 -1.8906</i>
                        <i>0.182664 0.761518 0.621871 -0.90273 -0.120675 0.412936 0.389502 -0.63681 0.665402 -1.92979 1.91251 -1.91672</i>
                        <i>0.211183 0.802508 0.558017 -0.887263 -0.0821252 0.453895 0.410081 -0.590963 0.694692 -1.93073 1.90831 -1.94039</i>
                        <i>0.234849 0.831378 0.503643 -0.873775 -0.0464436 0.484107 0.425867 -0.553763 0.715531 -1.9315 1.90415 -1.95941</i>
                        <i>0.252181 0.847344 0.467347 -0.864769 -0.0193952 0.501796 0.434258 -0.530691 0.727865 -1.93179 1.90123 -1.9717</i>
                        <i>0.266527 0.855266 0.444391 -0.858658 0.00126864 0.512546 0.4378 -0.518188 0.73472 -1.93158 1.89953 -1.97937</i>
                        <i>0.281879 0.860485 0.424395 -0.852251 0.021386 0.522695 0.440695 -0.509027 0.739377 -1.93108 1.8982 -1.98594</i>
                        <i>0.297828 0.863363 0.407312 -0.845712 0.0407156 0.532085 0.442798 -0.502938 0.742282 -1.93034 1.89723 -1.99148</i>
                        <i>0.313975 0.864244 0.393067 -0.839235 0.0590389 0.540555 0.443965 -0.499596 0.74384 -1.92939 1.89662 -1.99606</i>
                        <i>0.329924 0.863457 0.381566 -0.833043 0.0761652 0.54794 0.444061 -0.498639 0.744425 -1.9283 1.89635 -1.99976</i>
                        <i>0.345287 0.86132 0.372698 -0.827382 0.0919356 0.554064 0.442962 -0.499675 0.744385 -1.92711 1.89637 -2.00262</i>
                        <i>0.359682 0.858149 0.366347 -0.822518 0.106223 0.558731 0.44056 -0.502292 0.744049 -1.92585 1.89665 -2.00473</i>
                        <i>0.372728 0.854253 0.362388 -0.818728 0.118933 0.561728 0.436758 -0.506069 0.743731 -1.92459 1.89713 -2.00615</i>
                        <i>0.384048 0.849946 0.360693 -0.816294 0.129998 0.562818 0.431475 -0.510581 0.743731 -1.92336 1.89778 -2.00693</i>
                        <i>0.393263 0.845535 0.36113 -0.815492 0.139371 0.561736 0.424637 -0.515409 0.744337 -1.92222 1.89852 -2.00715</i>
                        <i>0.399988 0.841329 0.363558 -0.816585 0.147018 0.558189 0.416171 -0.520145 0.745822 -1.92121 1.89931 -2.00686</i>
                        <i>0.40383 0.837631 0.367825 -0.819807 0.152907 0.551847 0.406001 -0.524398 0.748445 -1.9204 1.9001 -2.00614</i>
                        <i>0.40438 0.834734 0.373759 -0.825355 0.156996 0.542347 0.394037 -0.527799 0.752438 -1.91982 1.90083 -2.00503</i>
                        <i>0.40121 0.832916 0.381159 -0.83337 0.159215 0.529288 0.380166 -0.530002 0.758005 -1.91955 1.90145 -2.00361</i>
                        <i>0.393864 0.83243 0.389784 -0.843919 0.159451 0.512227 0.364241 -0.530694 0.765306 -1.91964 1.90189 -2.00192</i>
                        <i>0.376783 0.8333 0.404532 -0.861039 0.15405 0.484645 0.341537 -0.530924 0.775547 -1.92037 1.90238 -1.99878</i>
                        <i>0.346194 0.834788 0.42811 -0.885908 0.140719 0.442001 0.308734 -0.532284 0.788262 -1.92191 1.90312 -1.99327</i>
                        <i>0.304351 0.835853 0.45686 -0.914114 0.1214 0.386856 0.267892 -0.535362 0.801013 -1.9242 1.90405 -1.98584</i>
                        <i>0.253837 0.835529 0.487297 -0.941571 0.0981407 0.322199 0.221382 -0.540611 0.811622 -1.92719 1.9051 -1.97694</i>
                        <i>0.197739 0.83319 0.516423 -0.96506 0.0730679 0.251635 0.171926 -0.548138 0.818527 -1.93075 1.90621 -1.96709</i>
                        <i>0.139635 0.828721 0.541963 -0.982599 0.0482646 0.179361 0.122483 -0.557577 0.82104 -1.93473 1.90729 -1.95681</i>
                        <i>0.0834509 0.822581 0.562491 -0.993607 0.0256128 0.109955 0.0760401 -0.56807 0.81946 -1.93885 1.90829 -1.94666</i>
                        <i>0.0332594 0.815774 0.577414 -0.998819 0.00666259 0.0481196 0.0354076 -0.578333 0.815032 -1.94278 1.90914 -1.93722</i>
                        <i>-0.00690946 0.809704 0.586797 -0.999971 -0.00741079 -0.00154857 0.00309476 -0.586791 0.809732 -1.94609 1.90982 -1.92909</i>
                        <i>-0.0331768 0.805965 0.591033 -0.999276 -0.0157213 -0.0346546 -0.0186386 -0.591755 0.805903 -1.94834 1.91031 -1.92285</i>
                        <i>-0.0489844 0.805181 0.591002 -0.998243 -0.0197087 -0.0558868 -0.0333511 -0.592701 0.804731 -1.94973 1.91059 -1.91811</i>
                        <i>-0.0605371 0.806707 0.587842 -0.997099 -0.021656 -0.0729643 -0.0461306 -0.590554 0.805678 -1.95079 1.91068 -1.91405</i>
                        <i>-0.0682582 0.810142 0.582246 -0.996037 -0.0219828 -0.0861809 -0.0570194 -0.585822 0.808432 -1.95154 1.91062 -1.91058</i>
                        <i>-0.0725934 0.815037 0.574844 -0.995175 -0.0210481 -0.0958315 -0.0660068 -0.579027 0.812632 -1.95201 1.91046 -1.90757</i>
                        <i>-0.0740051 0.820922 0.566225 -0.994579 -0.0191657 -0.102204 -0.0730493 -0.570719 0.81789 -1.95223 1.91024 -1.90494</i>
                        <i>-0.0729673 0.827328 0.556959 -0.994273 -0.0166186 -0.105574 -0.0780885 -0.561473 0.823803 -1.95225 1.90998 -1.90257</i>
                        <i>-0.069962 0.8338 0.547615 -0.99425 -0.013672 -0.106206 -0.0810675 -0.551897 0.829962 -1.95209 1.90973 -1.90036</i>
                        <i>-0.0654733 0.839906 0.538769 -0.994484 -0.0105849 -0.104352 -0.0819434 -0.542629 0.835966 -1.95179 1.90953 -1.89821</i>
                        <i>-0.0599834 0.84524 0.531009 -0.994932 -0.00762051 -0.100259 -0.0806961 -0.534332 0.841414 -1.95141 1.90943 -1.89602</i>
                        <i>-0.0539663 0.849426 0.524942 -0.995544 -0.0050547 -0.0941671 -0.0773345 -0.527684 0.845913 -1.95096 1.90946 -1.89368</i>
                        <i>-0.0478832 0.852099 0.521186 -0.996262 -0.00318379 -0.086325 -0.0718981 -0.523371 0.849066 -1.95047 1.90967 -1.8911</i>
                        <i>-0.042177 0.852899 0.520369 -0.997029 -0.00232989 -0.0769926 -0.0644545 -0.52207 0.850464 -1.94998 1.91009 -1.88817</i>
                        <i>-0.0372683 0.851448 0.523114 -0.997785 -0.00284484 -0.0664551 -0.0550948 -0.524432 0.849668 -1.94949 1.91075 -1.8848</i>
                        <i>-0.0335533 0.847317 0.530027 -0.998471 -0.00511151 -0.0550367 -0.0439243 -0.531063 0.846193 -1.94903 1.91167 -1.88088</i>
                        <i>-0.0314011 0.840002 0.541674 -0.999024 -0.0095412 -0.0431178 -0.0310508 -0.5425 0.839482 -1.94861 1.91283 -1.87631</i>
                        <i>-0.0294411 0.825042 0.564304 -0.999516 -0.0186027 -0.0249491 -0.0100865 -0.564765 0.82519 -1.94796 1.9146 -1.87017</i>
                        <i>-0.0258213 0.799244 0.600452 -0.999404 -0.0344057 0.00281896 0.022912 -0.600021 0.799656 -1.94676 1.9169 -1.86203</i>
                        <i>-0.020158 0.763962 0.644946 -0.997741 -0.0567149 0.0359963 0.0640779 -0.642763 0.76338 -1.94499 1.91905 -1.85251</i>
                        <i>-0.0122893 0.721047 0.692777 -0.993909 -0.0846937 0.0705186 0.109521 -0.687691 0.717695 -1.94263 1.92054 -1.84229</i>
                        <i>-0.00246256 0.673158 0.739495 -0.987831 -0.116636 0.102884 0.155509 -0.730243 0.665253 -1.93976 1.92104 -1.83205</i>
                        <i>0.00860658 0.62382 0.78152 -0.980032 -0.150002 0.130527 0.198655 -0.767038 0.610073 -1.93659 1.92051 -1.82247</i>
                        <i>0.0197846 0.577268 0.816315 -0.971538 -0.181672 0.152019 0.236057 -0.796088 0.557243 -1.9334 1.91919 -1.81415</i>
                        <i>0.0296462 0.53817 0.842315 -0.963708 -0.20828 0.166992 0.265307 -0.816696 0.512464 -1.93059 1.91755 -1.80764</i>
                        <i>0.03664 0.511328 0.858604 -0.95802 -0.2265 0.175771 0.28435 -0.829 0.481564 -1.92859 1.91616 -1.80341</i>
                        <i>0.039269 0.501404 0.864322 -0.95586 -0.233219 0.178721 0.291187 -0.833188 0.470114 -1.92783 1.91559 -1.80189</i>
                    </KeyFrames>
                </p>
            </i>
            <i>
                <p>
                    <Name><![CDATA[head]]></Name>
                    <Exclude>0</Exclude>
                    <Additive>0</Additive>
                    <IKPriority>0</IKPriority>
                    <IKRotLimits>-1e+010 -1e+010 -1e+010 1e+010 1e+010 1e+010</IKRotLimits>
                    <IKRotLimitOrder>0</IKRotLimitOrder>
                    <KeyFrames count="60">
                        <i>-0.00932389 0.902708 0.430153 -0.463901 0.377174 -0.801584 -0.885838 -0.207022 0.41525 -1.92643 2.05385 -1.57587</i>
                        <i>0.0202576 0.893679 0.44825 -0.435367 0.411487 -0.800709 -0.900025 -0.178933 0.397414 -1.92461 2.05762 -1.58301</i>
                        <i>0.0825746 0.865422 0.494193 -0.363395 0.487891 -0.793666 -0.927969 -0.114051 0.354777 -1.91973 2.06739 -1.60274</i>
                        <i>0.141175 0.821659 0.552219 -0.274586 0.568419 -0.775566 -0.951142 -0.0421413 0.305863 -1.9128 2.0805 -1.63268</i>
                        <i>0.182453 0.779446 0.599312 -0.210064 0.626371 -0.750688 -0.960512 0.0110716 0.278018 -1.90478 2.09431 -1.67031</i>
                        <i>0.22052 0.762059 0.6088 -0.215632 0.646811 -0.731532 -0.951249 0.0300412 0.306959 -1.89654 2.10657 -1.71261</i>
                        <i>0.278109 0.774523 0.568128 -0.337139 0.632542 -0.697301 -0.89944 0.00238708 0.437038 -1.88876 2.11586 -1.75599</i>
                        <i>0.348713 0.798027 0.491479 -0.524114 0.600778 -0.60363 -0.776983 -0.0470972 0.627757 -1.88187 2.12172 -1.79641</i>
                        <i>0.406236 0.819845 0.403518 -0.683788 0.565677 -0.460916 -0.60614 -0.0886797 0.790399 -1.8761 2.12461 -1.82962</i>
                        <i>0.440675 0.830449 0.340823 -0.765743 0.545898 -0.340048 -0.468447 -0.111132 0.876474 -1.87153 2.12562 -1.85133</i>
                        <i>0.45868 0.834128 0.30634 -0.793588 0.539626 -0.281108 -0.399789 -0.114169 0.909469 -1.86719 2.12589 -1.86494</i>
                        <i>0.467929 0.838376 0.279585 -0.806352 0.534494 -0.253204 -0.361717 -0.106963 0.926132 -1.86224 2.12584 -1.87666</i>
                        <i>0.474346 0.841063 0.260017 -0.810757 0.532453 -0.243241 -0.343028 -0.09543 0.934465 -1.85683 2.12558 -1.8866</i>
                        <i>0.483399 0.84001 0.24639 -0.810316 0.535867 -0.237138 -0.331231 -0.0850218 0.939711 -1.85113 2.12517 -1.89484</i>
                        <i>0.500173 0.832734 0.237446 -0.807141 0.547658 -0.22044 -0.313608 -0.0813945 0.946058 -1.8453 2.12466 -1.90148</i>
                        <i>0.523843 0.81992 0.230909 -0.802784 0.565848 -0.188025 -0.284825 -0.0868743 0.954635 -1.83951 2.12411 -1.90662</i>
                        <i>0.549419 0.804581 0.225361 -0.79713 0.585576 -0.147253 -0.250443 -0.0987384 0.963083 -1.83392 2.12356 -1.91036</i>
                        <i>0.575549 0.787467 0.220544 -0.789248 0.605497 -0.10228 -0.21408 -0.115197 0.97 -1.82868 2.12304 -1.91279</i>
                        <i>0.600922 0.769394 0.216622 -0.778912 0.624505 -0.0573559 -0.179411 -0.134263 0.974569 -1.82396 2.12259 -1.91401</i>
                        <i>0.624328 0.751196 0.214286 -0.7666 0.641906 -0.0167413 -0.150128 -0.15382 0.976627 -1.81992 2.12223 -1.91412</i>
                        <i>0.644692 0.733653 0.214769 -0.753324 0.657469 0.0154029 -0.129903 -0.17172 0.976543 -1.81672 2.12201 -1.91321</i>
                        <i>0.661034 0.717448 0.219777 -0.740309 0.671351 0.0350818 -0.122378 -0.185893 0.974919 -1.81454 2.12195 -1.91139</i>
