<?xml version="1.0" encoding="ISO-8859-1" ?>
<Animl Version="1">
    <ModellingPackage><![CDATA[Maya.2010]]></ModellingPackage>
    <SrcFile><![CDATA[anims\turrets\mortar\blue\~src\mortar_m29\mortar_m29_idle_crewman_b.mb]]></SrcFile>
    <FramesPerSecond>30</FramesPerSecond>
    <TotalFrames>120</TotalFrames>
    <Skeleton>
        <RefFrame>
            <Name><![CDATA[soldier_ref_frame]]></Name>
            <Exclude>0</Exclude>
            <Additive>0</Additive>
            <IKPriority>0</IKPriority>
            <IKRotLimits>-1e+010 -1e+010 -1e+010 1e+010 1e+010 1e+010</IKRotLimits>
            <IKRotLimitOrder>0</IKRotLimitOrder>
            <KeyFrames count="120">
                <i>1 0 0 0 1 0 0 0 1 -1.5 0.93 -1.56</i>
                <i>1 0 0 0 1 0 0 0 1 -1.5 0.93 -1.56</i>
                <i>1 0 0 0 1 0 0 0 1 -1.5 0.93 -1.56</i>
                <i>1 0 0 0 1 0 0 0 1 -1.5 0.93 -1.56</i>
                <i>1 0 0 0 1 0 0 0 1 -1.5 0.93 -1.56</i>
                <i>1 0 0 0 1 0 0 0 1 -1.5 0.93 -1.56</i>
                <i>1 0 0 0 1 0 0 0 1 -1.5 0.93 -1.56</i>
                <i>1 0 0 0 1 0 0 0 1 -1.5 0.93 -1.56</i>
                <i>1 0 0 0 1 0 0 0 1 -1.5 0.93 -1.56</i>
                <i>1 0 0 0 1 0 0 0 1 -1.5 0.93 -1.56</i>
                <i>1 0 0 0 1 0 0 0 1 -1.5 0.93 -1.56</i>
                <i>1 0 0 0 1 0 0 0 1 -1.5 0.93 -1.56</i>
                <i>1 0 0 0 1 0 0 0 1 -1.5 0.93 -1.56</i>
                <i>1 0 0 0 1 0 0 0 1 -1.5 0.93 -1.56</i>
                <i>1 0 0 0 1 0 0 0 1 -1.5 0.93 -1.56</i>
                <i>1 0 0 0 1 0 0 0 1 -1.5 0.93 -1.56</i>
                <i>1 0 0 0 1 0 0 0 1 -1.5 0.93 -1.56</i>
                <i>1 0 0 0 1 0 0 0 1 -1.5 0.93 -1.56</i>
                <i>1 0 0 0 1 0 0 0 1 -1.5 0.93 -1.56</i>
                <i>1 0 0 0 1 0 0 0 1 -1.5 0.93 -1.56</i>
                <i>1 0 0 0 1 0 0 0 1 -1.5 0.93 -1.56</i>
                <i>1 0 0 0 1 0 0 0 1 -1.5 0.93 -1.56</i>
                <i>1 0 0 0 1 0 0 0 1 -1.5 0.93 -1.56</i>
                <i>1 0 0 0 1 0 0 0 1 -1.5 0.93 -1.56</i>
                <i>1 0 0 0 1 0 0 0 1 -1.5 0.93 -1.56</i>
                <i>1 0 0 0 1 0 0 0 1 -1.5 0.93 -1.56</i>
                <i>1 0 0 0 1 0 0 0 1 -1.5 0.93 -1.56</i>
                <i>1 0 0 0 1 0 0 0 1 -1.5 0.93 -1.56</i>
                <i>1 0 0 0 1 0 0 0 1 -1.5 0.93 -1.56</i>
                <i>1 0 0 0 1 0 0 0 1 -1.5 0.93 -1.56</i>
                <i>1 0 0 0 1 0 0 0 1 -1.5 0.93 -1.56</i>
                <i>1 0 0 0 1 0 0 0 1 -1.5 0.93 -1.56</i>
                <i>1 0 0 0 1 0 0 0 1 -1.5 0.93 -1.56</i>
                <i>1 0 0 0 1 0 0 0 1 -1.5 0.93 -1.56</i>
                <i>1 0 0 0 1 0 0 0 1 -1.5 0.93 -1.56</i>
                <i>1 0 0 0 1 0 0 0 1 -1.5 0.93 -1.56</i>
                <i>1 0 0 0 1 0 0 0 1 -1.5 0.93 -1.56</i>
                <i>1 0 0 0 1 0 0 0 1 -1.5 0.93 -1.56</i>
                <i>1 0 0 0 1 0 0 0 1 -1.5 0.93 -1.56</i>
                <i>1 0 0 0 1 0 0 0 1 -1.5 0.93 -1.56</i>
                <i>1 0 0 0 1 0 0 0 1 -1.5 0.93 -1.56</i>
                <i>1 0 0 0 1 0 0 0 1 -1.5 0.93 -1.56</i>
                <i>1 0 0 0 1 0 0 0 1 -1.5 0.93 -1.56</i>
                <i>1 0 0 0 1 0 0 0 1 -1.5 0.93 -1.56</i>
                <i>1 0 0 0 1 0 0 0 1 -1.5 0.93 -1.56</i>
                <i>1 0 0 0 1 0 0 0 1 -1.5 0.93 -1.56</i>
                <i>1 0 0 0 1 0 0 0 1 -1.5 0.93 -1.56</i>
                <i>1 0 0 0 1 0 0 0 1 -1.5 0.93 -1.56</i>
                <i>1 0 0 0 1 0 0 0 1 -1.5 0.93 -1.56</i>
                <i>1 0 0 0 1 0 0 0 1 -1.5 0.93 -1.56</i>
                <i>1 0 0 0 1 0 0 0 1 -1.5 0.93 -1.56</i>
                <i>1 0 0 0 1 0 0 0 1 -1.5 0.93 -1.56</i>
                <i>1 0 0 0 1 0 0 0 1 -1.5 0.93 -1.56</i>
                <i>1 0 0 0 1 0 0 0 1 -1.5 0.93 -1.56</i>
                <i>1 0 0 0 1 0 0 0 1 -1.5 0.93 -1.56</i>
                <i>1 0 0 0 1 0 0 0 1 -1.5 0.93 -1.56</i>
                <i>1 0 0 0 1 0 0 0 1 -1.5 0.93 -1.56</i>
                <i>1 0 0 0 1 0 0 0 1 -1.5 0.93 -1.56</i>
                <i>1 0 0 0 1 0 0 0 1 -1.5 0.93 -1.56</i>
                <i>1 0 0 0 1 0 0 0 1 -1.5 0.93 -1.56</i>
                <i>1 0 0 0 1 0 0 0 1 -1.5 0.93 -1.56</i>
                <i>1 0 0 0 1 0 0 0 1 -1.5 0.93 -1.56</i>
                <i>1 0 0 0 1 0 0 0 1 -1.5 0.93 -1.56</i>
                <i>1 0 0 0 1 0 0 0 1 -1.5 0.93 -1.56</i>
                <i>1 0 0 0 1 0 0 0 1 -1.5 0.93 -1.56</i>
                <i>1 0 0 0 1 0 0 0 1 -1.5 0.93 -1.56</i>
                <i>1 0 0 0 1 0 0 0 1 -1.5 0.93 -1.56</i>
                <i>1 0 0 0 1 0 0 0 1 -1.5 0.93 -1.56</i>
                <i>1 0 0 0 1 0 0 0 1 -1.5 0.93 -1.56</i>
                <i>1 0 0 0 1 0 0 0 1 -1.5 0.93 -1.56</i>
                <i>1 0 0 0 1 0 0 0 1 -1.5 0.93 -1.56</i>
                <i>1 0 0 0 1 0 0 0 1 -1.5 0.93 -1.56</i>
                <i>1 0 0 0 1 0 0 0 1 -1.5 0.93 -1.56</i>
                <i>1 0 0 0 1 0 0 0 1 -1.5 0.93 -1.56</i>
                <i>1 0 0 0 1 0 0 0 1 -1.5 0.93 -1.56</i>
                <i>1 0 0 0 1 0 0 0 1 -1.5 0.93 -1.56</i>
                <i>1 0 0 0 1 0 0 0 1 -1.5 0.93 -1.56</i>
                <i>1 0 0 0 1 0 0 0 1 -1.5 0.93 -1.56</i>
                <i>1 0 0 0 1 0 0 0 1 -1.5 0.93 -1.56</i>
                <i>1 0 0 0 1 0 0 0 1 -1.5 0.93 -1.56</i>
                <i>1 0 0 0 1 0 0 0 1 -1.5 0.93 -1.56</i>
                <i>1 0 0 0 1 0 0 0 1 -1.5 0.93 -1.56</i>
                <i>1 0 0 0 1 0 0 0 1 -1.5 0.93 -1.56</i>
                <i>1 0 0 0 1 0 0 0 1 -1.5 0.93 -1.56</i>
                <i>1 0 0 0 1 0 0 0 1 -1.5 0.93 -1.56</i>
                <i>1 0 0 0 1 0 0 0 1 -1.5 0.93 -1.56</i>
                <i>1 0 0 0 1 0 0 0 1 -1.5 0.93 -1.56</i>
                <i>1 0 0 0 1 0 0 0 1 -1.5 0.93 -1.56</i>
                <i>1 0 0 0 1 0 0 0 1 -1.5 0.93 -1.56</i>
                <i>1 0 0 0 1 0 0 0 1 -1.5 0.93 -1.56</i>
                <i>1 0 0 0 1 0 0 0 1 -1.5 0.93 -1.56</i>
                <i>1 0 0 0 1 0 0 0 1 -1.5 0.93 -1.56</i>
                <i>1 0 0 0 1 0 0 0 1 -1.5 0.93 -1.56</i>
                <i>1 0 0 0 1 0 0 0 1 -1.5 0.93 -1.56</i>
                <i>1 0 0 0 1 0 0 0 1 -1.5 0.93 -1.56</i>
                <i>1 0 0 0 1 0 0 0 1 -1.5 0.93 -1.56</i>
                <i>1 0 0 0 1 0 0 0 1 -1.5 0.93 -1.56</i>
                <i>1 0 0 0 1 0 0 0 1 -1.5 0.93 -1.56</i>
                <i>1 0 0 0 1 0 0 0 1 -1.5 0.93 -1.56</i>
                <i>1 0 0 0 1 0 0 0 1 -1.5 0.93 -1.56</i>
                <i>1 0 0 0 1 0 0 0 1 -1.5 0.93 -1.56</i>
                <i>1 0 0 0 1 0 0 0 1 -1.5 0.93 -1.56</i>
                <i>1 0 0 0 1 0 0 0 1 -1.5 0.93 -1.56</i>
                <i>1 0 0 0 1 0 0 0 1 -1.5 0.93 -1.56</i>
                <i>1 0 0 0 1 0 0 0 1 -1.5 0.93 -1.56</i>
                <i>1 0 0 0 1 0 0 0 1 -1.5 0.93 -1.56</i>
                <i>1 0 0 0 1 0 0 0 1 -1.5 0.93 -1.56</i>
                <i>1 0 0 0 1 0 0 0 1 -1.5 0.93 -1.56</i>
                <i>1 0 0 0 1 0 0 0 1 -1.5 0.93 -1.56</i>
                <i>1 0 0 0 1 0 0 0 1 -1.5 0.93 -1.56</i>
                <i>1 0 0 0 1 0 0 0 1 -1.5 0.93 -1.56</i>
                <i>1 0 0 0 1 0 0 0 1 -1.5 0.93 -1.56</i>
                <i>1 0 0 0 1 0 0 0 1 -1.5 0.93 -1.56</i>
                <i>1 0 0 0 1 0 0 0 1 -1.5 0.93 -1.56</i>
                <i>1 0 0 0 1 0 0 0 1 -1.5 0.93 -1.56</i>
                <i>1 0 0 0 1 0 0 0 1 -1.5 0.93 -1.56</i>
                <i>1 0 0 0 1 0 0 0 1 -1.5 0.93 -1.56</i>
                <i>1 0 0 0 1 0 0 0 1 -1.5 0.93 -1.56</i>
                <i>1 0 0 0 1 0 0 0 1 -1.5 0.93 -1.56</i>
                <i>1 0 0 0 1 0 0 0 1 -1.5 0.93 -1.56</i>
            </KeyFrames>
        </RefFrame>
        <Bones count="23">
            <i>
                <p>
                    <Name><![CDATA[pelvis]]></Name>
                    <Exclude>0</Exclude>
                    <Additive>0</Additive>
                    <IKPriority>0</IKPriority>
                    <IKRotLimits>-1e+010 -1e+010 -1e+010 1e+010 1e+010 1e+010</IKRotLimits>
                    <IKRotLimitOrder>2</IKRotLimitOrder>
                    <KeyFrames count="120">
                        <i>1 0 0 0 1 0 0 0 1 -1.44137 2.04778 -1.42336</i>
                        <i>1 0 0 0 1 0 0 0 1 -1.44137 2.05036 -1.42336</i>
                        <i>1 0 0 0 1 0 0 0 1 -1.44137 2.05329 -1.42336</i>
                        <i>1 0 0 0 1 0 0 0 1 -1.44137 2.05639 -1.42336</i>
                        <i>1 0 0 0 1 0 0 0 1 -1.44137 2.05949 -1.42336</i>
                        <i>1 0 0 0 1 0 0 0 1 -1.44137 2.06241 -1.42336</i>
                        <i>1 0 0 0 1 0 0 0 1 -1.44137 2.06499 -1.42336</i>
                        <i>1 0 0 0 1 0 0 0 1 -1.44137 2.06705 -1.42336</i>
                        <i>1 0 0 0 1 0 0 0 1 -1.44137 2.06841 -1.42336</i>
                        <i>1 0 0 0 1 0 0 0 1 -1.44137 2.0689 -1.42336</i>
                        <i>1 0 0 0 1 0 0 0 1 -1.44137 2.0689 -1.42336</i>
                        <i>1 0 0 0 1 0 0 0 1 -1.44137 2.0689 -1.42336</i>
                        <i>1 0 0 0 1 0 0 0 1 -1.44137 2.0689 -1.42336</i>
                        <i>1 0 0 0 1 0 0 0 1 -1.44137 2.0689 -1.42336</i>
                        <i>1 0 0 0 1 0 0 0 1 -1.44137 2.0689 -1.42336</i>
                        <i>1 0 0 0 1 0 0 0 1 -1.44137 2.0689 -1.42336</i>
                        <i>1 0 0 0 1 0 0 0 1 -1.44137 2.0689 -1.42336</i>
                        <i>1 0 0 0 1 0 0 0 1 -1.44137 2.0689 -1.42336</i>
                        <i>1 0 0 0 1 0 0 0 1 -1.44137 2.0689 -1.42336</i>
                        <i>1 0 0 0 1 0 0 0 1 -1.44137 2.0689 -1.42336</i>
                        <i>1 0 0 0 1 0 0 0 1 -1.44015 2.0643 -1.42403</i>
                        <i>1 0 0 0 1 0 0 0 1 -1.43684 2.0532 -1.42582</i>
                        <i>1 0 0 0 1 0 0 0 1 -1.43197 2.0397 -1.42847</i>
                        <i>1 0 0 0 1 0 0 0 1 -1.42605 2.02785 -1.43168</i>
                        <i>1 0 0 0 1 0 0 0 1 -1.41961 2.02175 -1.43518</i>
                        <i>1 0 0 0 1 0 0 0 1 -1.41316 2.02289 -1.43868</i>
                        <i>1 0 0 0 1 0 0 0 1 -1.40725 2.02856 -1.44189</i>
                        <i>1 0 0 0 1 0 0 0 1 -1.40237 2.03649 -1.44454</i>
                        <i>1 0 0 0 1 0 0 0 1 -1.39906 2.04446 -1.44634</i>
                        <i>1 0 0 0 1 0 0 0 1 -1.39784 2.0502 -1.447</i>
                        <i>1 0 0 0 1 0 0 0 1 -1.39784 2.05414 -1.447</i>
                        <i>1 0 0 0 1 0 0 0 1 -1.39784 2.05812 -1.447</i>
                        <i>1 0 0 0 1 0 0 0 1 -1.39784 2.06205 -1.447</i>
                        <i>1 0 0 0 1 0 0 0 1 -1.39784 2.06583 -1.447</i>
                        <i>1 0 0 0 1 0 0 0 1 -1.39784 2.06936 -1.447</i>
                        <i>1 0 0 0 1 0 0 0 1 -1.39784 2.07255 -1.447</i>
                        <i>1 0 0 0 1 0 0 0 1 -1.39784 2.07531 -1.447</i>
                        <i>1 0 0 0 1 0 0 0 1 -1.39784 2.07753 -1.447</i>
                        <i>1 0 0 0 1 0 0 0 1 -1.39784 2.07913 -1.447</i>
                        <i>1 0 0 0 1 0 0 0 1 -1.39784 2.08 -1.447</i>
                        <i>1 0 0 0 1 0 0 0 1 -1.39792 2.08032 -1.447</i>
                        <i>1 0 0 0 1 0 0 0 1 -1.39815 2.08034 -1.447</i>
                        <i>1 0 0 0 1 0 0 0 1 -1.3985 2.08009 -1.447</i>
                        <i>1 0 0 0 1 0 0 0 1 -1.39896 2.07961 -1.447</i>
                        <i>1 0 0 0 1 0 0 0 1 -1.39953 2.07892 -1.447</i>
                        <i>1 0 0 0 1 0 0 0 1 -1.40017 2.07806 -1.447</i>
                        <i>1 0 0 0 1 0 0 0 1 -1.40088 2.07705 -1.447</i>
                        <i>1 0 0 0 1 0 0 0 1 -1.40163 2.07593 -1.447</i>
                        <i>1 0 0 0 1 0 0 0 1 -1.40242 2.07472 -1.447</i>
                        <i>1 0 0 0 1 0 0 0 1 -1.40322 2.07346 -1.447</i>
                        <i>1 0 0 0 1 0 0 0 1 -1.40403 2.07217 -1.447</i>
                        <i>1 0 0 0 1 0 0 0 1 -1.40482 2.07089 -1.447</i>
                        <i>1 0 0 0 1 0 0 0 1 -1.40557 2.06965 -1.447</i>
                        <i>1 0 0 0 1 0 0 0 1 -1.40628 2.06847 -1.447</i>
                        <i>1 0 0 0 1 0 0 0 1 -1.40692 2.06739 -1.447</i>
                        <i>1 0 0 0 1 0 0 0 1 -1.40749 2.06644 -1.447</i>
                        <i>1 0 0 0 1 0 0 0 1 -1.40795 2.06565 -1.447</i>
                        <i>1 0 0 0 1 0 0 0 1 -1.4083 2.06504 -1.447</i>
                        <i>1 0 0 0 1 0 0 0 1 -1.40853 2.06466 -1.447</i>
                        <i>1 0 0 0 1 0 0 0 1 -1.4086 2.06452 -1.447</i>
                        <i>1 0 0 0 1 0 0 0 1 -1.4086 2.06466 -1.447</i>
                        <i>1 0 0 0 1 0 0 0 1 -1.4086 2.06506 -1.447</i>
                        <i>1 0 0 0 1 0 0 0 1 -1.4086 2.06567 -1.447</i>
                        <i>1 0 0 0 1 0 0 0 1 -1.4086 2.06648 -1.447</i>
                        <i>1 0 0 0 1 0 0 0 1 -1.4086 2.06745 -1.447</i>
                        <i>1 0 0 0 1 0 0 0 1 -1.4086 2.06855 -1.447</i>
                        <i>1 0 0 0 1 0 0 0 1 -1.4086 2.06975 -1.447</i>
                        <i>1 0 0 0 1 0 0 0 1 -1.4086 2.07102 -1.447</i>
                        <i>1 0 0 0 1 0 0 0 1 -1.4086 2.07232 -1.447</i>
                        <i>1 0 0 0 1 0 0 0 1 -1.4086 2.07363 -1.447</i>
                        <i>1 0 0 0 1 0 0 0 1 -1.4086 2.0749 -1.447</i>
                        <i>1 0 0 0 1 0 0 0 1 -1.4086 2.07612 -1.447</i>
                        <i>1 0 0 0 1 0 0 0 1 -1.4086 2.07725 -1.447</i>
                        <i>1 0 0 0 1 0 0 0 1 -1.4086 2.07826 -1.447</i>
                        <i>1 0 0 0 1 0 0 0 1 -1.4086 2.07911 -1.447</i>
                        <i>1 0 0 0 1 0 0 0 1 -1.4086 2.07979 -1.447</i>
                        <i>1 0 0 0 1 0 0 0 1 -1.4086 2.08024 -1.447</i>
                        <i>1 0 0 0 1 0 0 0 1 -1.4086 2.08045 -1.447</i>
                        <i>1 0 0 0 1 0 0 0 1 -1.4086 2.08038 -1.447</i>
                        <i>1 0 0 0 1 0 0 0 1 -1.4086 2.08 -1.447</i>
                        <i>1 0 0 0 1 0 0 0 1 -1.40872 2.07937 -1.44703</i>
                        <i>1 0 0 0 1 0 0 0 1 -1.40905 2.0786 -1.4471</i>
                        <i>1 0 0 0 1 0 0 0 1 -1.40958 2.07767 -1.44721</i>
                        <i>1 0 0 0 1 0 0 0 1 -1.41029 2.07661 -1.44736</i>
                        <i>1 0 0 0 1 0 0 0 1 -1.41117 2.07543 -1.44754</i>
                        <i>1 0 0 0 1 0 0 0 1 -1.41221 2.07413 -1.44774</i>
                        <i>1 0 0 0 1 0 0 0 1 -1.41339 2.07272 -1.44795</i>
                        <i>1 0 0 0 1 0 0 0 1 -1.41469 2.07122 -1.44818</i>
                        <i>1 0 0 0 1 0 0 0 1 -1.41609 2.06963 -1.4484</i>
                        <i>1 0 0 0 1 0 0 0 1 -1.41759 2.06796 -1.44862</i>
                        <i>1 0 0 0 1 0 0 0 1 -1.41916 2.06622 -1.44883</i>
                        <i>1 0 0 0 1 0 0 0 1 -1.4208 2.06442 -1.44902</i>
                        <i>1 0 0 0 1 0 0 0 1 -1.42248 2.06258 -1.44919</i>
                        <i>1 0 0 0 1 0 0 0 1 -1.42419 2.06069 -1.44933</i>
                        <i>1 0 0 0 1 0 0 0 1 -1.42591 2.05877 -1.44943</i>
                        <i>1 0 0 0 1 0 0 0 1 -1.42763 2.05683 -1.44949</i>
                        <i>1 0 0 0 1 0 0 0 1 -1.42934 2.05488 -1.4495</i>
                        <i>1 0 0 0 1 0 0 0 1 -1.43101 2.05293 -1.44945</i>
                        <i>1 0 0 0 1 0 0 0 1 -1.43264 2.05099 -1.44934</i>
                        <i>1 0 0 0 1 0 0 0 1 -1.4342 2.04906 -1.44916</i>
                        <i>1 0 0 0 1 0 0 0 1 -1.43568 2.04716 -1.44891</i>
                        <i>1 0 0 0 1 0 0 0 1 -1.43707 2.04529 -1.44857</i>
                        <i>1 0 0 0 1 0 0 0 1 -1.43835 2.04347 -1.44814</i>
                        <i>1 0 0 0 1 0 0 0 1 -1.4395 2.0417 -1.44762</i>
                        <i>1 0 0 0 1 0 0 0 1 -1.44051 2.04 -1.447</i>
                        <i>1 0 0 0 1 0 0 0 1 -1.4413 2.03741 -1.44579</i>
                        <i>1 0 0 0 1 0 0 0 1 -1.4418 2.03384 -1.44368</i>
                        <i>1 0 0 0 1 0 0 0 1 -1.44207 2.03056 -1.4409</i>
                        <i>1 0 0 0 1 0 0 0 1 -1.44216 2.02885 -1.43771</i>
                        <i>1 0 0 0 1 0 0 0 1 -1.44211 2.03 -1.43434</i>
                        <i>1 0 0 0 1 0 0 0 1 -1.44197 2.0358 -1.43104</i>
                        <i>1 0 0 0 1 0 0 0 1 -1.44177 2.04539 -1.42804</i>
                        <i>1 0 0 0 1 0 0 0 1 -1.44158 2.05608 -1.42561</i>
                        <i>1 0 0 0 1 0 0 0 1 -1.44143 2.06518 -1.42397</i>
                        <i>1 0 0 0 1 0 0 0 1 -1.44137 2.07 -1.42336</i>
                        <i>1 0 0 0 1 0 0 0 1 -1.44137 2.06883 -1.42336</i>
                        <i>1 0 0 0 1 0 0 0 1 -1.44137 2.06346 -1.42336</i>
                        <i>1 0 0 0 1 0 0 0 1 -1.44137 2.05646 -1.42336</i>
                        <i>1 0 0 0 1 0 0 0 1 -1.44137 2.05038 -1.42336</i>
                        <i>1 0 0 0 1 0 0 0 1 -1.44137 2.04778 -1.42336</i>
                    </KeyFrames>
                </p>
            </i>
            <i>
                <p>
                    <Name><![CDATA[spine0]]></Name>
                    <Exclude>0</Exclude>
                    <Additive>0</Additive>
                    <IKPriority>0</IKPriority>
                    <IKRotLimits>-1e+010 -1e+010 -1e+010 1e+010 1e+010 1e+010</IKRotLimits>
                    <IKRotLimitOrder>0</IKRotLimitOrder>
                    <KeyFrames count="120">
                        <i>0.0159052 0.99987 0.00270487 -0.822528 0.011546 0.568608 0.568503 -0.0112687 0.822604 -1.46867 2.18565 -1.45408</i>
                        <i>0.0178981 0.999831 0.00428317 -0.822184 0.0122801 0.569089 0.56894 -0.0137071 0.822265 -1.4678 2.18868 -1.4528</i>
                        <i>0.0199219 0.999786 0.00561604 -0.821779 0.013175 0.569655 0.569459 -0.0159638 0.821865 -1.46682 2.19209 -1.45133</i>
                        <i>0.0219121 0.999737 0.00672143 -0.82133 0.0141677 0.570278 0.570033 -0.0180165 0.821424 -1.46577 2.19568 -1.44978</i>
                        <i>0.0237985 0.999688 0.00761231 -0.820861 0.0151939 0.570926 0.570632 -0.0198358 0.820966 -1.46472 2.19925 -1.44822</i>
                        <i>0.0255073 0.99964 0.00829972 -0.820399 0.0161882 0.571562 0.571222 -0.0213881 0.820517 -1.46373 2.20259 -1.44675</i>
                        <i>0.0269635 0.999598 0.00879667 -0.819977 0.0170834 0.572142 0.571761 -0.02264 0.820107 -1.46285 2.20552 -1.44544</i>
                        <i>0.0280924 0.999564 0.00912119 -0.819629 0.0178102 0.572618 0.572206 -0.0235622 0.819771 -1.46214 2.20784 -1.4444</i>
                        <i>0.0288216 0.999541 0.00929676 -0.819393 0.0182981 0.572941 0.572508 -0.0241307 0.819544 -1.46167 2.20937 -1.44371</i>
                        <i>0.0290802 0.999533 0.00934967 -0.819306 0.0184763 0.573059 0.572618 -0.0243249 0.819461 -1.46151 2.20993 -1.44346</i>
                        <i>0.0288621 0.999539 0.00938191 -0.819371 0.0182817 0.572972 0.572536 -0.0242244 0.819521 -1.46162 2.20989 -1.44363</i>
                        <i>0.0282458 0.999556 0.00943456 -0.819552 0.0177533 0.57273 0.572308 -0.0239093 0.81969 -1.46194 2.20977 -1.4441</i>
                        <i>0.0272883 0.999583 0.00944093 -0.819825 0.0169751 0.572363 0.571964 -0.0233588 0.819946 -1.46244 2.20958 -1.44484</i>
                        <i>0.0260476 0.999617 0.00933434 -0.820164 0.0160311 0.571903 0.571535 -0.0225524 0.820268 -1.46309 2.20933 -1.44581</i>
                        <i>0.0245818 0.999657 0.00904905 -0.820548 0.0150052 0.57138 0.571048 -0.0214707 0.820636 -1.46387 2.20902 -1.44696</i>
                        <i>0.0229495 0.9997 0.00852063 -0.820956 0.013981 0.570821 0.57053 -0.0200951 0.821031 -1.46475 2.20865 -1.44826</i>
                        <i>0.0212091 0.999746 0.00768561 -0.821369 0.0130412 0.570248 0.570002 -0.0184072 0.821437 -1.46569 2.20824 -1.44966</i>
                        <i>0.0194181 0.99979 0.00648075 -0.821775 0.012268 0.56968 0.569481 -0.0163878 0.821841 -1.46668 2.20778 -1.45112</i>
                        <i>0.0176323 0.999833 0.00484219 -0.822164 0.0117427 0.56913 0.568978 -0.0140161 0.822233 -1.46768 2.20728 -1.45261</i>
                        <i>0.0159052 0.99987 0.00270487 -0.822528 0.011546 0.568608 0.568503 -0.0112687 0.822604 -1.46867 2.20677 -1.45408</i>
                        <i>0.0131611 0.999913 -0.00106802 -0.821159 0.0114177 0.570586 0.570548 -0.00663251 0.821237 -1.46913 2.20139 -1.45664</i>
                        <i>0.00903568 0.999939 -0.00635952 -0.816807 0.0110493 0.576805 0.57684 -1.73295e-005 0.816857 -1.46852 2.18911 -1.46077</i>
                        <i>0.00465256 0.999924 -0.0113903 -0.810108 0.0104467 0.586188 0.586262 0.0065001 0.810095 -1.46677 2.17429 -1.46547</i>
                        <i>0.00117119 0.999894 -0.0144996 -0.801602 0.00960743 0.597781 0.597857 0.0109228 0.801528 -1.4638 2.16133 -1.46982</i>
                        <i>-0.000184537 0.9999 -0.0141731 -0.791716 0.00851214 0.610831 0.61089 0.0113338 0.791634 -1.45947 2.15472 -1.47296</i>
                        <i>0.00153308 0.999953 -0.0095383 -0.780867 0.00715563 0.624657 0.624696 0.00649049 0.780841 -1.45378 2.15624 -1.47426</i>
                        <i>0.00566222 0.999982 -0.00206732 -0.769928 0.00567877 0.638106 0.638106 -0.00202141 0.769946 -1.44741 2.1629 -1.47404</i>
                        <i>0.0109708 0.99992 0.00622881 -0.760102 0.00429189 0.649789 0.649711 -0.0118633 0.760089 -1.44128 2.17207 -1.47286</i>
                        <i>0.0160376 0.999781 0.0134099 -0.752802 0.00324691 0.658238 0.658051 -0.0206516 0.75269 -1.4364 2.18113 -1.47127</i>
                        <i>0.0192898 0.999659 0.0175785 -0.749558 0.00282398 0.661933 0.661658 -0.0259447 0.749357 -1.43384 2.18761 -1.46979</i>
                        <i>0.0207951 0.999603 0.0190335 -0.748848 0.00295941 0.662735 0.662415 -0.0280349 0.748612 -1.43281 2.19201 -1.46854</i>
                        <i>0.02176 0.999574 0.0194702 -0.748142 0.00336191 0.663531 0.663182 -0.0290049 0.747896 -1.4318 2.19643 -1.46733</i>
                        <i>0.0222756 0.99957 0.0190902 -0.747448 0.00396984 0.664308 0.663946 -0.0290668 0.747215 -1.43084 2.20075 -1.46618</i>
                        <i>0.0224315 0.999585 0.018095 -0.746782 0.00471932 0.665052 0.664691 -0.0284311 0.746578 -1.42994 2.20489 -1.4651</i>
                        <i>0.0223165 0.999612 0.0166872 -0.746158 0.00554436 0.665746 0.665394 -0.0273084 0.745992 -1.42912 2.20873 -1.46413</i>
                        <i>0.0220193 0.999644 0.0150709 -0.745597 0.00637705 0.666367 0.666034 -0.0259097 0.745472 -1.42841 2.21218 -1.46328</i>
                        <i>0.0216295 0.999676 0.0134519 -0.745119 0.00714786 0.666894 0.666581 -0.0244478 0.745031 -1.42783 2.21515 -1.46258</i>
                        <i>0.0212375 0.999702 0.0120377 -0.744748 0.00778611 0.667301 0.667008 -0.0231368 0.744691 -1.42738 2.21752 -1.46206</i>
                        <i>0.0209347 0.99972 0.0110367 -0.744508 0.00822069 0.667563 0.667285 -0.0221921 0.744472 -1.4271 2.21921 -1.46172</i>
                        <i>0.0208133 0.999727 0.010657 -0.744423 0.00838101 0.667656 0.667384 -0.0218294 0.744394 -1.42701 2.22012 -1.46161</i>
                        <i>0.020957 0.999725 0.0105643 -0.745335 0.00857989 0.666635 0.66636 -0.0218446 0.74531 -1.4271 2.22042 -1.46171</i>
                        <i>0.0213723 0.999718 0.0103016 -0.747938 0.00915053 0.663705 0.663424 -0.0218899 0.747923 -1.42737 2.2204 -1.46198</i>
                        <i>0.0220374 0.999708 0.00989614 -0.752024 0.0100535 0.659059 0.658767 -0.0219661 0.752026 -1.42779 2.22009 -1.46243</i>
                        <i>0.0229324 0.999693 0.00937871 -0.757377 0.0112488 0.652881 0.652575 -0.0220754 0.757403 -1.42834 2.21953 -1.46301</i>
                        <i>0.0240378 0.999672 0.00878215 -0.763779 0.0126961 0.645353 0.64503 -0.0222205 0.763834 -1.429 2.21874 -1.46372</i>
                        <i>0.0253328 0.999646 0.00813963 -0.77101 0.0143548 0.636661 0.636319 -0.0224042 0.771101 -1.42974 2.21775 -1.46454</i>
                        <i>0.0267953 0.999613 0.00748319 -0.778857 0.0161841 0.626993 0.626629 -0.0226288 0.778989 -1.43053 2.21661 -1.46544</i>
                        <i>0.0284002 0.999573 0.0068424 -0.787111 0.0181432 0.616545 0.616158 -0.0228957 0.78729 -1.43136 2.21534 -1.46642</i>
                        <i>0.0301198 0.999527 0.00624319 -0.795572 0.0201916 0.605523 0.60511 -0.0232051 0.795803 -1.4322 2.21397 -1.46744</i>
                        <i>0.0319237 0.999474 0.00570676 -0.804051 0.0222894 0.594143 0.593703 -0.0235558 0.80434 -1.43304 2.21254 -1.46849</i>
                        <i>0.0337788 0.999416 0.00524882 -0.812371 0.0243971 0.58263 0.582162 -0.0239445 0.81272 -1.43385 2.21109 -1.46954</i>
                        <i>0.03565 0.999352 0.00487911 -0.820367 0.0264762 0.571223 0.570724 -0.0243668 0.82078 -1.43462 2.20964 -1.47058</i>
                        <i>0.0375006 0.999286 0.00460107 -0.827888 0.0284893 0.560169 0.559638 -0.0248158 0.828366 -1.43534 2.20823 -1.47158</i>
                        <i>0.0392933 0.999218 0.004412 -0.834794 0.0304002 0.549723 0.549159 -0.0252835 0.835336 -1.436 2.20689 -1.47252</i>
                        <i>0.0409904 0.99915 0.0043035 -0.840955 0.0321739 0.540148 0.53955 -0.0257599 0.841559 -1.43658 2.20567 -1.47338</i>
                        <i>0.0425548 0.999085 0.00426218 -0.846252 0.0337767 0.531712 0.531081 -0.0262338 0.846915 -1.43707 2.20459 -1.47413</i>
                        <i>0.0439501 0.999025 0.00427087 -0.850568 0.035176 0.524687 0.524024 -0.0266927 0.851285 -1.43747 2.20369 -1.47475</i>
                        <i>0.0451409 0.998971 0.00430998 -0.853793 0.03634 0.519343 0.518652 -0.0271234 0.854555 -1.43777 2.203 -1.47522</i>
                        <i>0.046093 0.998928 0.00435927 -0.855809 0.0372376 0.515951 0.515235 -0.0275124 0.856607 -1.43796 2.20256 -1.47552</i>
                        <i>0.0467732 0.998896 0.00439981 -0.856492 0.0378378 0.514772 0.514037 -0.027846 0.857316 -1.43802 2.20241 -1.47562</i>
                        <i>0.0471618 0.998878 0.00437181 -0.856438 0.0381832 0.514837 0.514092 -0.0280248 0.857277 -1.438 2.20256 -1.47558</i>
                        <i>0.0472904 0.998872 0.00426155 -0.856336 0.038345 0.514994 0.51425 -0.0280036 0.857183 -1.43793 2.20299 -1.47546</i>
                        <i>0.0472055 0.998877 0.00412343 -0.856192 0.0383355 0.515234 0.514497 -0.0278523 0.85704 -1.43783 2.20367 -1.47528</i>
                        <i>0.0469554 0.998889 0.00401367 -0.856012 0.0381676 0.515545 0.514819 -0.0276434 0.856853 -1.4377 2.20456 -1.47503</i>
                        <i>0.0465891 0.998906 0.00398945 -0.855802 0.0378542 0.515916 0.515201 -0.0274503 0.85663 -1.43754 2.20562 -1.47473</i>
                        <i>0.0461558 0.998926 0.00410826 -0.855569 0.0374084 0.516335 0.515627 -0.0273467 0.856377 -1.43736 2.20683 -1.47438</i>
                        <i>0.0457041 0.998945 0.00442733 -0.855319 0.0368424 0.516791 0.516083 -0.0274062 0.8561 -1.43715 2.20814 -1.474</i>
                        <i>0.0452818 0.998962 0.00500324 -0.855057 0.0361681 0.517271 0.516553 -0.027701 0.855807 -1.43694 2.20953 -1.4736</i>
                        <i>0.0449356 0.998973 0.00589164 -0.854791 0.0353964 0.517763 0.517023 -0.0283021 0.855504 -1.43671 2.21096 -1.47318</i>
                        <i>0.0447102 0.998974 0.0071471 -0.854527 0.0345374 0.518257 0.517479 -0.0292787 0.855195 -1.43648 2.21239 -1.47275</i>
                        <i>0.0446376 0.998965 0.00879561 -0.85427 0.0336047 0.518741 0.517909 -0.0306692 0.854886 -1.43624 2.2138 -1.47232</i>
                        <i>0.0447029 0.998942 0.0107526 -0.854026 0.0326291 0.519207 0.518307 -0.0323931 0.854581 -1.43602 2.21514 -1.47189</i>
                        <i>0.044878 0.998909 0.0129055 -0.853797 0.0316449 0.519644 0.518669 -0.0343392 0.854285 -1.4358 2.21638 -1.47149</i>
                        <i>0.0451335 0.998866 0.0151408 -0.853587 0.0306862 0.520045 0.518991 -0.0363954 0.854004 -1.43559 2.2175 -1.47111</i>
                        <i>0.0454384 0.998817 0.0173448 -0.853401 0.0297861 0.520404 0.519271 -0.0384484 0.853744 -1.4354 2.21845 -1.47076</i>
                        <i>0.0457609 0.998764 0.0194035 -0.853241 0.0289773 0.520711 0.519506 -0.0403841 0.853512 -1.43524 2.2192 -1.47046</i>
                        <i>0.0460683 0.998713 0.0212027 -0.853111 0.028292 0.520962 0.519692 -0.0420881 0.853316 -1.4351 2.21972 -1.47021</i>
                        <i>0.0463276 0.99867 0.0226284 -0.853014 0.0277622 0.52115 0.519828 -0.0434459 0.853165 -1.435 2.21998 -1.47002</i>
                        <i>0.0465062 0.99864 0.0235668 -0.852953 0.0274203 0.521267 0.519912 -0.0443435 0.853068 -1.43493 2.21994 -1.4699</i>
                        <i>0.0465725 0.998629 0.0239047 -0.852932 0.0272988 0.521308 0.51994 -0.0446677 0.853034 -1.43491 2.21958 -1.46986</i>
                        <i>0.0465459 0.998633 0.0237785 -0.853382 0.0273806 0.520566 0.519203 -0.0445223 0.85349 -1.43502 2.21894 -1.46994</i>
                        <i>0.0464737 0.998645 0.0234182 -0.854682 0.0276174 0.518416 0.517067 -0.0441078 0.854808 -1.43532 2.21814 -1.47018</i>
                        <i>0.0463704 0.998663 0.0228503 -0.85675 0.027998 0.514971 0.513643 -0.0434564 0.856903 -1.43581 2.21718 -1.47055</i>
                        <i>0.0462526 0.998685 0.0221003 -0.859499 0.0285128 0.510342 0.509041 -0.0425998 0.859688 -1.43648 2.21608 -1.47104</i>
                        <i>0.0461382 0.99871 0.0211935 -0.86284 0.0291525 0.504636 0.503368 -0.0415696 0.863072 -1.43729 2.21483 -1.47164</i>
                        <i>0.0460448 0.998736 0.0201558 -0.866683 0.0299073 0.497963 0.49673 -0.0403973 0.866964 -1.43825 2.21346 -1.47233</i>
                        <i>0.0459888 0.998761 0.0190142 -0.870938 0.0307664 0.490429 0.489237 -0.0391144 0.871274 -1.43932 2.21197 -1.4731</i>
                        <i>0.0459841 0.998784 0.0177974 -0.875516 0.0317174 0.482146 0.480995 -0.0377529 0.87591 -1.4405 2.21038 -1.47394</i>
                        <i>0.0460415 0.998803 0.0165354 -0.880333 0.0327461 0.473224 0.472116 -0.0363447 0.880787 -1.44177 2.20869 -1.47481</i>
                        <i>0.0461683 0.998817 0.0152603 -0.885305 0.0338357 0.463778 0.462713 -0.0349218 0.88582 -1.44312 2.20692 -1.47572</i>
                        <i>0.0463673 0.998826 0.0140052 -0.890355 0.0349671 0.453922 0.4529 -0.0335167 0.890931 -1.44452 2.20507 -1.47665</i>
                        <i>0.0466369 0.99883 0.0128046 -0.895409 0.0361189 0.443778 0.442796 -0.0321618 0.896045 -1.44597 2.20316 -1.47757</i>
                        <i>0.0469709 0.998828 0.0116939 -0.900399 0.0372674 0.433466 0.432522 -0.0308895 0.901094 -1.44745 2.20119 -1.47848</i>
                        <i>0.047359 0.998821 0.0107086 -0.905264 0.0383867 0.423112 0.422202 -0.0297322 0.906014 -1.44895 2.19919 -1.47935</i>
                        <i>0.0477865 0.998809 0.00988417 -0.909947 0.0394496 0.412845 0.411963 -0.0287225 0.910748 -1.45045 2.19715 -1.48018</i>
                        <i>0.0482448 0.998792 0.00934938 -0.914399 0.0403979 0.402793 0.401929 -0.0279817 0.915243 -1.45194 2.19509 -1.48094</i>
                        <i>0.0487091 0.998771 0.00916399 -0.918577 0.0411914 0.393091 0.39223 -0.0275649 0.919454 -1.45342 2.19303 -1.48162</i>
                        <i>0.0491458 0.998749 0.00925844 -0.922437 0.0418321 0.383875 0.383007 -0.0274062 0.923339 -1.45487 2.19097 -1.48221</i>
                        <i>0.0495304 0.998727 0.00956154 -0.925943 0.0423279 0.375285 0.374402 -0.0274414 0.92686 -1.45627 2.18892 -1.48268</i>
                        <i>0.0498469 0.998707 0.0100012 -0.929059 0.0426909 0.36746 0.366558 -0.0276085 0.929986 -1.45763 2.1869 -1.48303</i>
                        <i>0.0500873 0.99869 0.0105051 -0.931755 0.0429378 0.36054 0.359617 -0.0278467 0.932684 -1.45892 2.18492 -1.48323</i>
                        <i>0.0502492 0.998676 0.0110009 -0.933999 0.0430881 0.354667 0.353723 -0.0280966 0.934928 -1.46014 2.18298 -1.48327</i>
                        <i>0.0503345 0.998667 0.011417 -0.935762 0.043163 0.34998 0.349021 -0.0282996 0.936688 -1.46128 2.18111 -1.48313</i>
                        <i>0.0503462 0.998663 0.011682 -0.937012 0.0431835 0.346618 0.34565 -0.028397 0.937934 -1.46233 2.17931 -1.4828</i>
                        <i>0.0502854 0.998666 0.0117254 -0.937713 0.043169 0.344718 0.343752 -0.0283293 0.938633 -1.46328 2.1776 -1.48226</i>
                        <i>0.0490317 0.998743 0.0103877 -0.935927 0.0423113 0.349643 0.348764 -0.0268657 0.936825 -1.4646 2.1747 -1.48193</i>
                        <i>0.045984 0.998916 0.00728228 -0.930052 0.0401513 0.365228 0.36454 -0.0235676 0.930889 -1.46656 2.17034 -1.48176</i>
                        <i>0.0418799 0.999116 0.00354195 -0.920386 0.0371998 0.389239 0.388763 -0.0195612 0.92113 -1.46886 2.16607 -1.48109</i>
                        <i>0.0374051 0.9993 0.000192609 -0.907219 0.0338776 0.419292 0.418992 -0.0158584 0.907851 -1.47114 2.16349 -1.47929</i>
                        <i>0.0332065 0.999447 -0.00196818 -0.891051 0.030497 0.452877 0.452687 -0.0132847 0.891571 -1.47287 2.16427 -1.47582</i>
                        <i>0.0293853 0.999564 -0.00296099 -0.873096 0.0271094 0.486795 0.486663 -0.0117194 0.873511 -1.47388 2.1702 -1.47119</i>
                        <i>0.0257628 0.999663 -0.00324738 -0.855244 0.0237226 0.517682 0.517585 -0.0105596 0.855567 -1.47441 2.1801 -1.46658</i>
                        <i>0.0225903 0.999741 -0.00290378 -0.839541 0.0205473 0.542907 0.542826 -0.0098266 0.839787 -1.47439 2.19122 -1.46245</i>
                        <i>0.0201123 0.999796 -0.00209456 -0.828268 0.0178351 0.560049 0.559971 -0.009529 0.828457 -1.47385 2.20082 -1.45926</i>
                        <i>0.0185379 0.999828 -0.00105693 -0.823724 0.0158719 0.566769 0.566688 -0.00963611 0.823876 -1.4728 2.20618 -1.45746</i>
                        <i>0.0175829 0.999845 1.24317e-005 -0.8233 0.0144712 0.567421 0.567334 -0.00998715 0.823427 -1.47155 2.20553 -1.45649</i>
                        <i>0.016845 0.999858 0.00103135 -0.822965 0.013279 0.567936 0.567842 -0.0104157 0.823072 -1.47042 2.20063 -1.45557</i>
                        <i>0.0163218 0.999865 0.00189213 -0.822725 0.0123547 0.568305 0.568205 -0.0108325 0.822815 -1.46951 2.19399 -1.4548</i>
                        <i>0.0160094 0.999869 0.00248518 -0.822578 0.0117576 0.56853 0.568426 -0.0111461 0.822659 -1.46889 2.18816 -1.45428</i>
                        <i>0.0159052 0.99987 0.00270487 -0.822528 0.011546 0.568608 0.568503 -0.0112687 0.822604 -1.46867 2.18565 -1.45408</i>
                    </KeyFrames>
                </p>
            </i>
            <i>
                <p>
                    <Name><![CDATA[spine1]]></Name>
                    <Exclude>0</Exclude>
                    <Additive>0</Additive>
                    <IKPriority>0</IKPriority>
                    <IKRotLimits>-1e+010 -1e+010 -1e+010 1e+010 1e+010 1e+010</IKRotLimits>
                    <IKRotLimitOrder>0</IKRotLimitOrder>
                    <KeyFrames count="120">
                        <i>0.0956393 0.991668 0.0863019 -0.881472 0.044094 0.470173 0.46245 -0.12104 0.878345 -1.46593 2.35811 -1.45362</i>
                        <i>0.0911319 0.992742 0.0784692 -0.883117 0.04415 0.46707 0.460216 -0.111863 0.880732 -1.46473 2.36081 -1.45206</i>
                        <i>0.085097 0.994063 0.0678105 -0.885008 0.0441449 0.463479 0.457734 -0.0994535 0.883509 -1.4634 2.36387 -1.45037</i>
                        <i>0.078062 0.995413 0.0553054 -0.887027 0.0440259 0.459614 0.455071 -0.0849357 0.886395 -1.46202 2.36711 -1.44863</i>
                        <i>0.0705674 0.996625 0.0419497 -0.88906 0.0437702 0.455693 0.452319 -0.0694529 0.889148 -1.46065 2.37037 -1.44692</i>
                        <i>0.0631665 0.997589 0.0287518 -0.89099 0.0433912 0.451944 0.449606 -0.0541652 0.891583 -1.45937 2.37344 -1.44532</i>
                        <i>0.0564219 0.998267 0.0167264 -0.8927 0.0429388 0.4486 0.447104 -0.0402425 0.893576 -1.45824 2.37616 -1.44394</i>
                        <i>0.0509016 0.99868 0.00688826 -0.894071 0.0424942 0.445905 0.445024 -0.0288559 0.895054 -1.45735 2.37833 -1.44284</i>
                        <i>0.0471746 0.998887 0.000248017 -0.894981 0.0421572 0.444108 0.443603 -0.0211726 0.895973 -1.45676 2.37977 -1.44212</i>
                        <i>0.0458074 0.998948 -0.00218837 -0.895311 0.0420265 0.443454 0.44308 -0.0183542 0.896294 -1.45655 2.38029 -1.44186</i>
                        <i>0.0467632 0.998906 -0.000379895 -0.894917 0.042064 0.444245 0.443775 -0.0204343 0.895905 -1.45669 2.38027 -1.44202</i>
                        <i>0.0494295 0.998767 0.00463814 -0.893848 0.042164 0.446383 0.445637 -0.0262103 0.89483 -1.45712 2.38021 -1.44249</i>
                        <i>0.0535022 0.998493 0.0122538 -0.892271 0.0422939 0.449516 0.44832 -0.0349838 0.893188 -1.45778 2.38013 -1.44323</i>
                        <i>0.0586751 0.998038 0.0218523 -0.890354 0.0424194 0.453289 0.451472 -0.046053 0.891096 -1.45864 2.38002 -1.44421</i>
                        <i>0.0646404 0.997369 0.0328152 -0.888269 0.0425219 0.457351 0.454752 -0.0587121 0.888681 -1.45967 2.3799 -1.44541</i>
                        <i>0.0710902 0.996476 0.0445197 -0.88619 0.04261 0.461359 0.457836 -0.072251 0.886096 -1.46082 2.37978 -1.4468</i>
                        <i>0.0777173 0.995382 0.0563414 -0.884292 0.0427247 0.464975 0.460421 -0.0859589 0.883529 -1.46206 2.37964 -1.44834</i>
                        <i>0.084217 0.994148 0.0676568 -0.882754 0.0429397 0.467869 0.462225 -0.0991268 0.881205 -1.46334 2.37951 -1.45001</i>
                        <i>0.0902891 0.992868 0.0778471 -0.881755 0.0433565 0.46971 0.462985 -0.111052 0.879382 -1.46465 2.37937 -1.45178</i>
                        <i>0.0956393 0.991668 0.0863019 -0.881472 0.044094 0.470173 0.46245 -0.12104 0.878345 -1.46593 2.37923 -1.45362</i>
                        <i>0.102936 0.990282 0.0935169 -0.880327 0.0469301 0.47204 0.463064 -0.130916 0.876603 -1.46686 2.37438 -1.45684</i>
                        <i>0.113732 0.988514 0.0995233 -0.877012 0.0528235 0.477556 0.466814 -0.141597 0.872946 -1.46696 2.36288 -1.46188</i>
                        <i>0.126068 0.986648 0.103111 -0.872045 0.0606711 0.48565 0.47291 -0.151143 0.868051 -1.46597 2.34886 -1.46747</i>
                        <i>0.138031 0.985022 0.103338 -0.865819 0.0693417 0.495528 0.480941 -0.15787 0.862423 -1.4636 2.33655 -1.47238</i>
                        <i>0.147761 0.983999 0.0995631 -0.858574 0.0776502 0.506775 0.490935 -0.160364 0.85631 -1.45952 2.33021 -1.47546</i>
                        <i>0.153656 0.983872 0.09157 -0.850519 0.0845159 0.519109 0.502998 -0.157646 0.849789 -1.45353 2.33145 -1.47594</i>
                        <i>0.155656 0.984509 0.0807009 -0.842296 0.0896029 0.531516 0.516051 -0.150708 0.843195 -1.44644 2.33744 -1.47441</i>
                        <i>0.154332 0.985621 0.0687906 -0.834863 0.0928576 0.542569 0.52838 -0.141167 0.83719 -1.43939 2.34575 -1.47179</i>
                        <i>0.150567 0.986914 0.0577078 -0.829352 0.094327 0.550707 0.538057 -0.130778 0.832702 -1.43364 2.35402 -1.46896</i>
                        <i>0.145562 0.988118 0.0493474 -0.826958 0.0941379 0.554327 0.543094 -0.121497 0.830835 -1.43052 2.35996 -1.46676</i>
                        <i>0.139871 0.989274 0.0421169 -0.826503 0.0932222 0.555159 0.545278 -0.11246 0.830677 -1.42923 2.36404 -1.46527</i>
                        <i>0.133364 0.990501 0.0334971 -0.826041 0.0924186 0.555982 0.547604 -0.101818 0.830519 -1.42806 2.36818 -1.46399</i>
                        <i>0.126367 0.991693 0.0239894 -0.825582 0.0917317 0.556776 0.54995 -0.0901633 0.830316 -1.42702 2.37228 -1.4629</i>
                        <i>0.11921 0.992769 0.0141006 -0.82514 0.0911624 0.557525 0.552208 -0.0780973 0.83004 -1.42609 2.37623 -1.462</i>
