<?xml version="1.0" encoding="ISO-8859-1" ?>
<Animl Version="1">
    <ModellingPackage><![CDATA[Maya.2010]]></ModellingPackage>
    <SrcFile><![CDATA[anims\turrets\mortar\blue\~src\mortar_m252\mortar_m252_aim_random_crewman_a.mb]]></SrcFile>
    <FramesPerSecond>30</FramesPerSecond>
    <TotalFrames>61</TotalFrames>
    <Skeleton>
        <RefFrame>
            <Name><![CDATA[soldier_ref_frame]]></Name>
            <Exclude>0</Exclude>
            <Additive>0</Additive>
            <IKPriority>0</IKPriority>
            <IKRotLimits>-1e+010 -1e+010 -1e+010 1e+010 1e+010 1e+010</IKRotLimits>
            <IKRotLimitOrder>0</IKRotLimitOrder>
            <KeyFrames count="61">
                <i>1 0 0 0 1 0 0 0 1 1.01 0.91 -1.51</i>
                <i>1 0 0 0 1 0 0 0 1 1.01 0.91 -1.51</i>
                <i>1 0 0 0 1 0 0 0 1 1.01 0.91 -1.51</i>
                <i>1 0 0 0 1 0 0 0 1 1.01 0.91 -1.51</i>
                <i>1 0 0 0 1 0 0 0 1 1.01 0.91 -1.51</i>
                <i>1 0 0 0 1 0 0 0 1 1.01 0.91 -1.51</i>
                <i>1 0 0 0 1 0 0 0 1 1.01 0.91 -1.51</i>
                <i>1 0 0 0 1 0 0 0 1 1.01 0.91 -1.51</i>
                <i>1 0 0 0 1 0 0 0 1 1.01 0.91 -1.51</i>
                <i>1 0 0 0 1 0 0 0 1 1.01 0.91 -1.51</i>
                <i>1 0 0 0 1 0 0 0 1 1.01 0.91 -1.51</i>
                <i>1 0 0 0 1 0 0 0 1 1.01 0.91 -1.51</i>
                <i>1 0 0 0 1 0 0 0 1 1.01 0.91 -1.51</i>
                <i>1 0 0 0 1 0 0 0 1 1.01 0.91 -1.51</i>
                <i>1 0 0 0 1 0 0 0 1 1.01 0.91 -1.51</i>
                <i>1 0 0 0 1 0 0 0 1 1.01 0.91 -1.51</i>
                <i>1 0 0 0 1 0 0 0 1 1.01 0.91 -1.51</i>
                <i>1 0 0 0 1 0 0 0 1 1.01 0.91 -1.51</i>
                <i>1 0 0 0 1 0 0 0 1 1.01 0.91 -1.51</i>
                <i>1 0 0 0 1 0 0 0 1 1.01 0.91 -1.51</i>
                <i>1 0 0 0 1 0 0 0 1 1.01 0.91 -1.51</i>
                <i>1 0 0 0 1 0 0 0 1 1.01 0.91 -1.51</i>
                <i>1 0 0 0 1 0 0 0 1 1.01 0.91 -1.51</i>
                <i>1 0 0 0 1 0 0 0 1 1.01 0.91 -1.51</i>
                <i>1 0 0 0 1 0 0 0 1 1.01 0.91 -1.51</i>
                <i>1 0 0 0 1 0 0 0 1 1.01 0.91 -1.51</i>
                <i>1 0 0 0 1 0 0 0 1 1.01 0.91 -1.51</i>
                <i>1 0 0 0 1 0 0 0 1 1.01 0.91 -1.51</i>
                <i>1 0 0 0 1 0 0 0 1 1.01 0.91 -1.51</i>
                <i>1 0 0 0 1 0 0 0 1 1.01 0.91 -1.51</i>
                <i>1 0 0 0 1 0 0 0 1 1.01 0.91 -1.51</i>
                <i>1 0 0 0 1 0 0 0 1 1.01 0.91 -1.51</i>
                <i>1 0 0 0 1 0 0 0 1 1.01 0.91 -1.51</i>
                <i>1 0 0 0 1 0 0 0 1 1.01 0.91 -1.51</i>
                <i>1 0 0 0 1 0 0 0 1 1.01 0.91 -1.51</i>
                <i>1 0 0 0 1 0 0 0 1 1.01 0.91 -1.51</i>
                <i>1 0 0 0 1 0 0 0 1 1.01 0.91 -1.51</i>
                <i>1 0 0 0 1 0 0 0 1 1.01 0.91 -1.51</i>
                <i>1 0 0 0 1 0 0 0 1 1.01 0.91 -1.51</i>
                <i>1 0 0 0 1 0 0 0 1 1.01 0.91 -1.51</i>
                <i>1 0 0 0 1 0 0 0 1 1.01 0.91 -1.51</i>
                <i>1 0 0 0 1 0 0 0 1 1.01 0.91 -1.51</i>
                <i>1 0 0 0 1 0 0 0 1 1.01 0.91 -1.51</i>
                <i>1 0 0 0 1 0 0 0 1 1.01 0.91 -1.51</i>
                <i>1 0 0 0 1 0 0 0 1 1.01 0.91 -1.51</i>
                <i>1 0 0 0 1 0 0 0 1 1.01 0.91 -1.51</i>
                <i>1 0 0 0 1 0 0 0 1 1.01 0.91 -1.51</i>
                <i>1 0 0 0 1 0 0 0 1 1.01 0.91 -1.51</i>
                <i>1 0 0 0 1 0 0 0 1 1.01 0.91 -1.51</i>
                <i>1 0 0 0 1 0 0 0 1 1.01 0.91 -1.51</i>
                <i>1 0 0 0 1 0 0 0 1 1.01 0.91 -1.51</i>
                <i>1 0 0 0 1 0 0 0 1 1.01 0.91 -1.51</i>
                <i>1 0 0 0 1 0 0 0 1 1.01 0.91 -1.51</i>
                <i>1 0 0 0 1 0 0 0 1 1.01 0.91 -1.51</i>
                <i>1 0 0 0 1 0 0 0 1 1.01 0.91 -1.51</i>
                <i>1 0 0 0 1 0 0 0 1 1.01 0.91 -1.51</i>
                <i>1 0 0 0 1 0 0 0 1 1.01 0.91 -1.51</i>
                <i>1 0 0 0 1 0 0 0 1 1.01 0.91 -1.51</i>
                <i>1 0 0 0 1 0 0 0 1 1.01 0.91 -1.51</i>
                <i>1 0 0 0 1 0 0 0 1 1.01 0.91 -1.51</i>
                <i>1 0 0 0 1 0 0 0 1 1.01 0.91 -1.51</i>
            </KeyFrames>
        </RefFrame>
        <Bones count="23">
            <i>
                <p>
                    <Name><![CDATA[pelvis]]></Name>
                    <Exclude>0</Exclude>
                    <Additive>0</Additive>
                    <IKPriority>0</IKPriority>
                    <IKRotLimits>-1e+010 -1e+010 -1e+010 1e+010 1e+010 1e+010</IKRotLimits>
                    <IKRotLimitOrder>2</IKRotLimitOrder>
                    <KeyFrames count="61">
                        <i>1 0 0 0 1 0 0 0 1 0.857505 2.06353 -2.56871</i>
                        <i>1 0 0 0 1 0 0 0 1 0.85823 2.06853 -2.57045</i>
                        <i>1 0 0 0 1 0 0 0 1 0.860212 2.08058 -2.57523</i>
                        <i>1 0 0 0 1 0 0 0 1 0.863157 2.09527 -2.58234</i>
                        <i>1 0 0 0 1 0 0 0 1 0.866772 2.10818 -2.59108</i>
                        <i>1 0 0 0 1 0 0 0 1 0.870765 2.1149 -2.60075</i>
                        <i>1 0 0 0 1 0 0 0 1 0.874846 2.11328 -2.61065</i>
                        <i>1 0 0 0 1 0 0 0 1 0.878726 2.10625 -2.62009</i>
                        <i>1 0 0 0 1 0 0 0 1 0.882121 2.09704 -2.62836</i>
                        <i>1 0 0 0 1 0 0 0 1 0.884747 2.08888 -2.63476</i>
                        <i>1 0 0 0 1 0 0 0 1 0.886321 2.085 -2.63861</i>
                        <i>1 0 0 0 1 0 0 0 1 0.886321 2.08483 -2.63861</i>
                        <i>1 0 0 0 1 0 0 0 1 0.886321 2.08554 -2.6386</i>
                        <i>1 0 0 0 1 0 0 0 1 0.88632 2.087 -2.6386</i>
                        <i>1 0 0 0 1 0 0 0 1 0.88632 2.08903 -2.63859</i>
                        <i>1 0 0 0 1 0 0 0 1 0.886319 2.0915 -2.63858</i>
                        <i>1 0 0 0 1 0 0 0 1 0.886319 2.09424 -2.63858</i>
                        <i>1 0 0 0 1 0 0 0 1 0.886318 2.09712 -2.63857</i>
                        <i>1 0 0 0 1 0 0 0 1 0.886318 2.09997 -2.63857</i>
                        <i>1 0 0 0 1 0 0 0 1 0.886317 2.10265 -2.63856</i>
                        <i>1 0 0 0 1 0 0 0 1 0.886317 2.10501 -2.63856</i>
                        <i>1 0 0 0 1 0 0 0 1 0.886317 2.10702 -2.63856</i>
                        <i>1 0 0 0 1 0 0 0 1 0.886318 2.10879 -2.63857</i>
                        <i>1 0 0 0 1 0 0 0 1 0.886318 2.11031 -2.63857</i>
                        <i>1 0 0 0 1 0 0 0 1 0.886319 2.11161 -2.63858</i>
                        <i>1 0 0 0 1 0 0 0 1 0.886319 2.11268 -2.63858</i>
                        <i>1 0 0 0 1 0 0 0 1 0.88632 2.11354 -2.63859</i>
                        <i>1 0 0 0 1 0 0 0 1 0.88632 2.11419 -2.6386</i>
                        <i>1 0 0 0 1 0 0 0 1 0.886321 2.11465 -2.6386</i>
                        <i>1 0 0 0 1 0 0 0 1 0.886321 2.11492 -2.63861</i>
                        <i>1 0 0 0 1 0 0 0 1 0.886321 2.115 -2.63861</i>
                        <i>1 0 0 0 1 0 0 0 1 0.882317 2.10965 -2.63884</i>
                        <i>1 0 0 0 1 0 0 0 1 0.875957 2.09979 -2.6392</i>
                        <i>1 0 0 0 1 0 0 0 1 0.867792 2.08853 -2.63963</i>
                        <i>1 0 0 0 1 0 0 0 1 0.858376 2.07902 -2.64013</i>
                        <i>1 0 0 0 1 0 0 0 1 0.848264 2.07437 -2.64067</i>
                        <i>1 0 0 0 1 0 0 0 1 0.838011 2.07625 -2.64121</i>
                        <i>1 0 0 0 1 0 0 0 1 0.828174 2.08259 -2.64173</i>
                        <i>1 0 0 0 1 0 0 0 1 0.819312 2.09092 -2.6422</i>
                        <i>1 0 0 0 1 0 0 0 1 0.811987 2.09877 -2.6426</i>
                        <i>1 0 0 0 1 0 0 0 1 0.806758 2.10366 -2.64291</i>
                        <i>1 0 0 0 1 0 0 0 1 0.806757 2.10388 -2.64292</i>
                        <i>1 0 0 0 1 0 0 0 1 0.806754 2.10449 -2.64296</i>
                        <i>1 0 0 0 1 0 0 0 1 0.806751 2.1054 -2.64301</i>
                        <i>1 0 0 0 1 0 0 0 1 0.806747 2.10653 -2.64308</i>
                        <i>1 0 0 0 1 0 0 0 1 0.806742 2.10782 -2.64316</i>
                        <i>1 0 0 0 1 0 0 0 1 0.806737 2.10916 -2.64324</i>
                        <i>1 0 0 0 1 0 0 0 1 0.806731 2.1105 -2.64332</i>
                        <i>1 0 0 0 1 0 0 0 1 0.806727 2.11174 -2.6434</i>
                        <i>1 0 0 0 1 0 0 0 1 0.806722 2.11281 -2.64347</i>
                        <i>1 0 0 0 1 0 0 0 1 0.806719 2.11362 -2.64352</i>
                        <i>1 0 0 0 1 0 0 0 1 0.810198 2.11495 -2.63842</i>
                        <i>1 0 0 0 1 0 0 0 1 0.815253 2.11676 -2.63099</i>
                        <i>1 0 0 0 1 0 0 0 1 0.821426 2.11798 -2.6219</i>
                        <i>1 0 0 0 1 0 0 0 1 0.828258 2.11752 -2.61184</i>
                        <i>1 0 0 0 1 0 0 0 1 0.835292 2.11429 -2.60147</i>
                        <i>1 0 0 0 1 0 0 0 1 0.842072 2.10584 -2.59148</i>
                        <i>1 0 0 0 1 0 0 0 1 0.848139 2.09285 -2.58253</i>
                        <i>1 0 0 0 1 0 0 0 1 0.853038 2.07902 -2.5753</i>
                        <i>1 0 0 0 1 0 0 0 1 0.856312 2.06802 -2.57047</i>
                        <i>1 0 0 0 1 0 0 0 1 0.857505 2.06353 -2.56871</i>
                    </KeyFrames>
                </p>
            </i>
            <i>
                <p>
                    <Name><![CDATA[spine0]]></Name>
                    <Exclude>0</Exclude>
                    <Additive>0</Additive>
                    <IKPriority>0</IKPriority>
                    <IKRotLimits>-1e+010 -1e+010 -1e+010 1e+010 1e+010 1e+010</IKRotLimits>
                    <IKRotLimitOrder>0</IKRotLimitOrder>
                    <KeyFrames count="61">
                        <i>0.106014 0.986718 0.123082 -0.968172 0.0742049 0.239034 0.226726 -0.144505 0.963179 0.855086 2.19795 -2.61991</i>
                        <i>0.0993275 0.98867 0.112546 -0.96902 0.0704047 0.236734 0.226128 -0.132573 0.965034 0.857358 2.20325 -2.62091</i>
                        <i>0.0829957 0.9928 0.0863738 -0.971354 0.0612266 0.229613 0.222671 -0.102956 0.969442 0.863112 2.21591 -2.62396</i>
                        <i>0.0631796 0.996623 0.0524472 -0.974711 0.0503326 0.217727 0.214352 -0.0648767 0.974599 0.870737 2.2311 -2.62912</i>
                        <i>0.0468278 0.998732 0.0185028 -0.97833 0.0421156 0.202722 0.201686 -0.0275949 0.979061 0.878615 2.24416 -2.63653</i>
                        <i>0.0405854 0.99915 -0.00719904 -0.981359 0.0412152 0.18771 0.187847 -0.000553417 0.982198 0.885159 2.25057 -2.6464</i>
                        <i>0.0458111 0.998655 -0.024288 -0.983295 0.0493674 0.175196 0.176159 0.0158564 0.984234 0.88953 2.24792 -2.65916</i>
                        <i>0.0570558 0.997655 -0.0377961 -0.984424 0.0625243 0.164318 0.166295 0.0278321 0.985683 0.892334 2.23912 -2.67352</i>
                        <i>0.0698985 0.99643 -0.047345 -0.985144 0.0764141 0.153791 0.156859 0.0358919 0.986969 0.894133 2.22774 -2.68726</i>
                        <i>0.0806752 0.995322 -0.0531566 -0.985666 0.0875931 0.144187 0.148169 0.0407624 0.988122 0.895363 2.21758 -2.69816</i>
                        <i>0.0865199 0.994691 -0.055717 -0.986042 0.0934848 0.137771 0.142249 0.0430194 0.988896 0.896357 2.21271 -2.70408</i>
                        <i>0.0868019 0.994676 -0.0555459 -0.986042 0.0937329 0.137607 0.14208 0.0428261 0.988928 0.896427 2.21271 -2.70372</i>
                        <i>0.0875663 0.994636 -0.055065 -0.986039 0.0944033 0.137166 0.141629 0.0422852 0.989016 0.896617 2.2139 -2.70275</i>
                        <i>0.0886882 0.994577 -0.0543176 -0.986032 0.095383 0.136536 0.140976 0.0414498 0.989145 0.896898 2.21604 -2.7013</i>
                        <i>0.0900427 0.994508 -0.0533497 -0.98602 0.096559 0.1358 0.140206 0.040376 0.989299 0.89724 2.21889 -2.69952</i>
                        <i>0.091507 0.994434 -0.0522183 -0.986 0.0978217 0.135036 0.139392 0.0391306 0.989464 0.897614 2.22223 -2.69754</i>
                        <i>0.0929624 0.994363 -0.0509951 -0.985976 0.099066 0.134305 0.1386 0.0377946 0.989627 0.89799 2.22584 -2.69553</i>
                        <i>0.0942951 0.9943 -0.0497646 -0.98595 0.100193 0.133658 0.137882 0.0364621 0.989777 0.898342 2.22949 -2.69362</i>
                        <i>0.0953968 0.994251 -0.0486201 -0.985927 0.101108 0.133132 0.137283 0.0352355 0.989905 0.898641 2.23298 -2.69199</i>
                        <i>0.096163 0.994224 -0.0476584 -0.985914 0.101723 0.132759 0.13684 0.0342205 0.990002 0.898862 2.23612 -2.69077</i>
                        <i>0.0964907 0.994225 -0.0469746 -0.985917 0.101948 0.132568 0.136592 0.0335215 0.99006 0.898977 2.23871 -2.69014</i>
                        <i>0.0963245 0.994261 -0.0465382 -0.985941 0.101723 0.132564 0.136537 0.0331148 0.990081 0.898978 2.24072 -2.69015</i>
                        <i>0.0957441 0.994331 -0.0462405 -0.985984 0.101112 0.132709 0.136633 0.0328862 0.990076 0.898891 2.24229 -2.69067</i>
                        <i>0.0948461 0.994426 -0.0460539 -0.98604 0.100205 0.13298 0.136854 0.0327983 0.990048 0.898734 2.24348 -2.69157</i>
                        <i>0.0937274 0.994537 -0.0459501 -0.986102 0.0990936 0.133352 0.137177 0.0328128 0.990003 0.898529 2.24433 -2.69273</i>
                        <i>0.0924867 0.994655 -0.0459026 -0.986164 0.0978718 0.133797 0.137574 0.0328931 0.989945 0.898297 2.24488 -2.69404</i>
                        <i>0.0912267 0.994772 -0.0458887 -0.98622 0.0966366 0.134278 0.138011 0.0330066 0.989881 0.898058 2.2452 -2.69537</i>
                        <i>0.0900536 0.994879 -0.0458915 -0.986268 0.0954899 0.134752 0.138444 0.0331264 0.989816 0.897834 2.24534 -2.69661</i>
                        <i>0.0890773 0.994967 -0.0459003 -0.986303 0.0945371 0.135164 0.138823 0.0332315 0.989759 0.897646 2.24535 -2.69763</i>
                        <i>0.0884096 0.995026 -0.0459092 -0.986325 0.0938862 0.135456 0.139092 0.0333058 0.989719 0.897518 2.24532 -2.69833</i>
                        <i>0.0881624 0.995047 -0.0459136 -0.986333 0.0936455 0.135566 0.139194 0.0333343 0.989704 0.89747 2.24529 -2.69859</i>
                        <i>0.0888159 0.994836 -0.0491187 -0.985193 0.0950016 0.142719 0.146648 0.0357157 0.988544 0.893309 2.24008 -2.69854</i>
                        <i>0.0898297 0.994501 -0.0538295 -0.983266 0.0971562 0.154108 0.158491 0.0390852 0.986587 0.886742 2.23064 -2.698</i>
                        <i>0.0899596 0.99426 -0.057912 -0.98071 0.0985655 0.168799 0.173539 0.0416097 0.983948 0.87837 2.22001 -2.69706</i>
                        <i>0.0885779 0.994315 -0.0590903 -0.977682 0.0981357 0.185763 0.190506 0.0413169 0.980816 0.868789 2.21125 -2.69582</i>
                        <i>0.0859217 0.994779 -0.0550675 -0.974332 0.0954418 0.203882 0.208074 0.0361361 0.977445 0.858586 2.20742 -2.6944</i>
                        <i>0.083063 0.995528 -0.0449953 -0.970786 0.0910328 0.222008 0.225111 0.0252401 0.974006 0.84833 2.2101 -2.69292</i>
                        <i>0.0811289 0.996212 -0.0312946 -0.967163 0.0862732 0.239066 0.24086 0.0108718 0.970499 0.838572 2.21716 -2.6915</i>
                        <i>0.080545 0.996609 -0.0168032 -0.963674 0.0821679 0.254129 0.254648 -0.00427599 0.967024 0.829846 2.2261 -2.69027</i>
                        <i>0.0810035 0.996704 -0.00449207 -0.960608 0.0792704 0.266363 0.265841 -0.0172612 0.963862 0.822669 2.2344 -2.68935</i>
                        <i>0.0816255 0.99666 0.00267118 -0.958305 0.0777474 0.274966 0.27384 -0.0250041 0.96145 0.817551 2.23955 -2.68889</i>
                        <i>0.0816176 0.996662 0.00197916 -0.958302 0.0779304 0.274925 0.273853 -0.0243354 0.961464 0.817541 2.23973 -2.68902</i>
                        <i>0.0815938 0.996666 6.0207e-005 -0.958294 0.0784358 0.274811 0.27389 -0.0224806 0.961498 0.817515 2.24022 -2.68939</i>
                        <i>0.0815535 0.996665 -0.00284985 -0.958281 0.079198 0.274637 0.273946 -0.0196666 0.961544 0.817475 2.24096 -2.68995</i>
                        <i>0.0814962 0.996652 -0.00651522 -0.958265 0.0801511 0.274415 0.274018 -0.0161205 0.961589 0.817425 2.24188 -2.69065</i>
                        <i>0.0814213 0.996622 -0.0107002 -0.958248 0.0812297 0.274159 0.274102 -0.0120689 0.961625 0.817369 2.24291 -2.69144</i>
                        <i>0.0813284 0.996572 -0.0151696 -0.958229 0.0823683 0.273884 0.274194 -0.00773855 0.961643 0.817309 2.244 -2.69228</i>
                        <i>0.0812171 0.996502 -0.0196884 -0.958211 0.0835021 0.273604 0.274291 -0.00335567 0.961641 0.817249 2.24506 -2.6931</i>
                        <i>0.0810874 0.996417 -0.0240221 -0.958194 0.0845665 0.273337 0.274389 0.00085363 0.961618 0.817194 2.24605 -2.69387</i>
                        <i>0.080939 0.996327 -0.0279363 -0.958179 0.0854974 0.273101 0.274486 0.00466346 0.96158 0.817146 2.24689 -2.69454</i>
                        <i>0.080772 0.996244 -0.0311969 -0.958166 0.0862309 0.272915 0.27458 0.00784798 0.961532 0.817108 2.24753 -2.69505</i>
                        <i>0.0847044 0.996203 -0.0200939 -0.959106 0.086983 0.26935 0.270076 -0.00354296 0.962833 0.82032 2.24949 -2.68835</i>
                        <i>0.0903892 0.995905 -0.00149237 -0.960455 0.0875678 0.264305 0.263353 -0.022457 0.964438 0.82514 2.25242 -2.67785</i>
                        <i>0.0966262 0.995083 0.0217416 -0.961883 0.0877435 0.259001 0.25582 -0.0459392 0.965632 0.830846 2.25483 -2.66525</i>
                        <i>0.1023 0.993662 0.0465873 -0.963195 0.0872424 0.254252 0.248576 -0.0708826 0.966015 0.836761 2.25532 -2.65226</i>
                        <i>0.106443 0.991862 0.0698588 -0.964337 0.0858555 0.250367 0.242332 -0.0940173 0.965627 0.842256 2.25255 -2.64064</i>
                        <i>0.10842 0.990131 0.088804 -0.965359 0.083537 0.24719 0.237332 -0.112528 0.964889 0.846821 2.24383 -2.63188</i>
                        <i>0.108557 0.988705 0.103331 -0.966345 0.0805685 0.244309 0.233224 -0.126375 0.964176 0.850383 2.22999 -2.62593</i>
                        <i>0.10764 0.987636 0.113971 -0.967245 0.0775244 0.241716 0.229892 -0.136256 0.963631 0.852965 2.21499 -2.62228</i>
                        <i>0.106532 0.986954 0.120717 -0.967913 0.0751476 0.239785 0.227585 -0.142389 0.963292 0.854548 2.20291 -2.62042</i>
                        <i>0.106014 0.986718 0.123082 -0.968172 0.0742049 0.239034 0.226726 -0.144505 0.963179 0.855086 2.19795 -2.61991</i>
                    </KeyFrames>
                </p>
            </i>
            <i>
                <p>
                    <Name><![CDATA[spine1]]></Name>
                    <Exclude>0</Exclude>
                    <Additive>0</Additive>
                    <IKPriority>0</IKPriority>
                    <IKRotLimits>-1e+010 -1e+010 -1e+010 1e+010 1e+010 1e+010</IKRotLimits>
                    <IKRotLimitOrder>0</IKRotLimitOrder>
                    <KeyFrames count="61">
                        <i>-0.0636229 0.897284 0.436845 -0.993846 -0.0967395 0.0539585 0.0906763 -0.430723 0.897917 0.873335 2.36781 -2.59872</i>
                        <i>-0.0757985 0.907195 0.413827 -0.992966 -0.106533 0.0516659 0.0909571 -0.406999 0.908888 0.874389 2.37277 -2.60161</i>
                        <i>-0.104522 0.929263 0.354324 -0.990761 -0.128251 0.0440894 0.086413 -0.346442 0.934083 0.877224 2.3847 -2.60926</i>
                        <i>-0.137153 0.951928 0.273901 -0.988039 -0.151147 0.0305541 0.0704846 -0.266435 0.961272 0.881397 2.39919 -2.62026</i>
                        <i>-0.161371 0.967829 0.193047 -0.985913 -0.166816 0.0121845 0.0439959 -0.188361 0.981114 0.886481 2.41181 -2.6334</i>
                        <i>-0.167756 0.976397 0.13604 -0.985714 -0.168237 -0.00803244 0.0150441 -0.135444 0.990671 0.891965 2.41799 -2.64759</i>
                        <i>-0.154278 0.981923 0.109664 -0.987969 -0.152106 -0.0279526 -0.0107666 -0.112657 0.993576 0.897212 2.41529 -2.66321</i>
                        <i>-0.128878 0.986603 0.100026 -0.991018 -0.124507 -0.048803 -0.0356953 -0.105417 0.993787 0.901917 2.40662 -2.67985</i>
                        <i>-0.0998134 0.98992 0.100481 -0.993098 -0.0928618 -0.0716428 -0.0615897 -0.106939 0.992356 0.905907 2.39554 -2.69521</i>
                        <i>-0.0750664 0.991714 0.104248 -0.993474 -0.0653744 -0.0934671 -0.0858775 -0.110584 0.99015 0.908996 2.38576 -2.70713</i>
                        <i>-0.0619535 0.992553 0.104886 -0.992941 -0.0506442 -0.107251 -0.10114 -0.11079 0.988684 0.911 2.38104 -2.7135</i>
                        <i>-0.0622388 0.992739 0.102935 -0.992903 -0.0511154 -0.107377 -0.101336 -0.108887 0.988875 0.911111 2.38096 -2.71311</i>
                        <i>-0.063015 0.99323 0.0975884 -0.992797 -0.052402 -0.107737 -0.101894 -0.103675 0.989378 0.911413 2.38194 -2.71204</i>
                        <i>-0.0641606 0.99391 0.0895934 -0.992632 -0.0543149 -0.108308 -0.102782 -0.0958824 0.990072 0.911857 2.38377 -2.71044</i>
                        <i>-0.0655536 0.994661 0.0797016 -0.992418 -0.0566662 -0.109068 -0.10397 -0.0862471 0.990834 0.912396 2.38626 -2.70848</i>
                        <i>-0.0670744 0.99538 0.0686962 -0.992165 -0.0592673 -0.109983 -0.105403 -0.075535 0.991557 0.912983 2.38923 -2.70629</i>
                        <i>-0.0686069 0.995991 0.0574031 -0.99189 -0.0619272 -0.110995 -0.106996 -0.0645526 0.992162 0.913572 2.39247 -2.70405</i>
                        <i>-0.0700399 0.996451 0.0466901 -0.991613 -0.0644506 -0.112028 -0.108621 -0.0541449 0.992608 0.914119 2.39581 -2.70192</i>
                        <i>-0.0712676 0.996754 0.0374566 -0.99136 -0.0666364 -0.112979 -0.110116 -0.0451847 0.992891 0.914579 2.39905 -2.70008</i>
                        <i>-0.0721882 0.996921 0.0306196 -0.991163 -0.0682781 -0.11373 -0.111289 -0.0385589 0.99304 0.91491 2.40201 -2.6987</i>
                        <i>-0.0727011 0.996986 0.0270969 -0.991052 -0.0691659 -0.114155 -0.111937 -0.0351537 0.993093 0.915071 2.4045 -2.69795</i>
                        <i>-0.072789 0.996976 0.0272176 -0.991041 -0.0692378 -0.11421 -0.11198 -0.035287 0.993084 0.915044 2.4065 -2.69788</i>
                        <i>-0.07255 0.996906 0.0302426 -0.991107 -0.0686703 -0.113977 -0.111547 -0.0382426 0.993023 0.914864 2.40814 -2.69835</i>
                        <i>-0.0720539 0.99677 0.0354682 -0.991231 -0.0676136 -0.113533 -0.110768 -0.0433376 0.992901 0.914567 2.40944 -2.69923</i>
                        <i>-0.0713707 0.996557 0.0421866 -0.991391 -0.0662188 -0.11296 -0.109777 -0.0498854 0.992704 0.914189 2.41045 -2.70038</i>
                        <i>-0.0705722 0.996268 0.0496945 -0.991566 -0.064636 -0.112332 -0.108701 -0.0572029 0.992427 0.913765 2.4112 -2.70169</i>
                        <i>-0.0697342 0.995919 0.0573018 -0.99174 -0.0630138 -0.111717 -0.107651 -0.064619 0.992087 0.913332 2.41172 -2.70303</i>
                        <i>-0.0689362 0.995544 0.0643366 -0.991897 -0.0614993 -0.11117 -0.106718 -0.0714789 0.991717 0.912929 2.41206 -2.70427</i>
                        <i>-0.068261 0.995198 0.0701472 -0.992023 -0.060238 -0.110733 -0.105976 -0.0771464 0.991372 0.912592 2.41226 -2.70531</i>
                        <i>-0.0677935 0.994944 0.0740976 -0.992107 -0.0593749 -0.110445 -0.105487 -0.0810002 0.991116 0.912362 2.41235 -2.70601</i>
                        <i>-0.0676191 0.994846 0.0755562 -0.992138 -0.0590549 -0.110341 -0.10531 -0.0824233 0.991018 0.912276 2.41237 -2.70627</i>
                        <i>-0.0660489 0.994953 0.0755409 -0.994028 -0.059019 -0.0917832 -0.0868616 -0.081152 0.99291 0.908226 2.40713 -2.70677</i>
                        <i>-0.0638054 0.995118 0.0752996 -0.996291 -0.0591521 -0.0624894 -0.0577302 -0.0790075 0.995201 0.901831 2.39765 -2.70702</i>
                        <i>-0.0614844 0.995245 0.0755419 -0.997893 -0.0597233 -0.025358 -0.0207258 -0.0769419 0.99682 0.893481 2.38698 -2.70676</i>
                        <i>-0.0594904 0.995248 0.0770914 -0.998 -0.0609514 0.0167374 0.0213567 -0.0759415 0.996884 0.883662 2.37816 -2.70572</i>
                        <i>-0.057922 0.99504 0.0808718 -0.996143 -0.0629539 0.0611217 0.0659097 -0.0770196 0.994849 0.872997 2.37421 -2.70361</i>
                        <i>-0.0564922 0.994589 0.087184 -0.992252 -0.0656081 0.105508 0.110657 -0.0805482 0.990589 0.862235 2.37669 -2.70043</i>
                        <i>-0.0547989 0.993987 0.0947955 -0.986639 -0.0684918 0.147826 0.15343 -0.0854282 0.98446 0.852124 2.38348 -2.6967</i>
                        <i>-0.0527628 0.993355 0.102286 -0.97999 -0.0711927 0.185877 0.191924 -0.0904315 0.977235 0.84327 2.39211 -2.69304</i>
                        <i>-0.0506497 0.992835 0.108227 -0.973339 -0.0733456 0.217329 0.223709 -0.0943337 0.97008 0.836146 2.40012 -2.69007</i>
                        <i>-0.0489806 0.992586 0.111238 -0.967953 -0.0746375 0.239784 0.246309 -0.0959287 0.964432 0.831116 2.40507 -2.68841</i>
                        <i>-0.0490151 0.992673 0.11044 -0.967937 -0.0744831 0.239895 0.246363 -0.0951401 0.964496 0.831105 2.40525 -2.68866</i>
                        <i>-0.0491111 0.992912 0.108231 -0.967895 -0.0740562 0.240199 0.246512 -0.0929594 0.964671 0.831074 2.40573 -2.68935</i>
                        <i>-0.0492576 0.993263 0.104892 -0.967831 -0.0734104 0.240655 0.246734 -0.0896638 0.964926 0.831026 2.40646 -2.6904</i>
                        <i>-0.0494434 0.993687 0.100705 -0.967752 -0.0725991 0.241219 0.247007 -0.0855304 0.965232 0.830965 2.40736 -2.6917</i>
                        <i>-0.0496576 0.994147 0.0959491 -0.967663 -0.0716765 0.241849 0.247311 -0.0808367 0.965558 0.830895 2.40837 -2.69319</i>
                        <i>-0.0498888 0.994609 0.090907 -0.967571 -0.0706975 0.242505 0.247624 -0.0758607 0.965882 0.830819 2.40943 -2.69476</i>
                        <i>-0.0501258 0.995045 0.0858606 -0.967481 -0.0697178 0.243145 0.247926 -0.0708807 0.966182 0.830739 2.41047 -2.69634</i>
                        <i>-0.050357 0.995434 0.081093 -0.9674 -0.0687944 0.243731 0.248196 -0.0661758 0.966447 0.830661 2.41142 -2.69782</i>
                        <i>-0.0505709 0.995756 0.0768874 -0.967333 -0.0679851 0.244223 0.248414 -0.0620251 0.966666 0.830588 2.41225 -2.69914</i>
                        <i>-0.0507557 0.996001 0.0735275 -0.967286 -0.0673484 0.244586 0.24856 -0.058708 0.966836 0.830522 2.41287 -2.7002</i>
                        <i>-0.0522643 0.994777 0.0876813 -0.970894 -0.0711668 0.228691 0.233736 -0.0731769 0.969542 0.834375 2.41467 -2.69165</i>
                        <i>-0.0559081 0.992685 0.107004 -0.975691 -0.077065 0.205152 0.211898 -0.0929336 0.972863 0.840111 2.41726 -2.67807</i>
                        <i>-0.0605699 0.989174 0.133666 -0.980613 -0.0839709 0.177054 0.186361 -0.120351 0.975082 0.846824 2.41928 -2.66162</i>
                        <i>-0.0650568 0.983338 0.169748 -0.984895 -0.0906289 0.14754 0.160466 -0.157586 0.97438 0.85367 2.41947 -2.64453</i>
                        <i>-0.0680311 0.973797 0.217005 -0.988181 -0.0957188 0.119738 0.137372 -0.206294 0.968799 0.859887 2.41675 -2.62904</i>
                        <i>-0.0684271 0.959 0.275021 -0.99049 -0.0982844 0.0962775 0.11936 -0.265818 0.956605 0.864886 2.40873 -2.61706</i>
                        <i>-0.0672084 0.939765 0.335149 -0.992055 -0.0987466 0.077948 0.106348 -0.327247 0.938935 0.868639 2.39622 -2.60854</i>
                        <i>-0.0655656 0.91962 0.387299 -0.993069 -0.0980796 0.0647684 0.0975484 -0.380368 0.919676 0.87126 2.38284 -2.6029</i>
                        <i>-0.0642086 0.903674 0.423381 -0.99365 -0.0971753 0.0567194 0.092398 -0.41705 0.904175 0.872817 2.37217 -2.59972</i>
                        <i>-0.0636229 0.897284 0.436845 -0.993846 -0.0967395 0.0539585 0.0906763 -0.430723 0.897917 0.873335 2.36781 -2.59872</i>
                    </KeyFrames>
                </p>
            </i>
            <i>
                <p>
                    <Name><![CDATA[spine2]]></Name>
                    <Exclude>0</Exclude>
                    <Additive>0</Additive>
                    <IKPriority>0</IKPriority>
                    <IKRotLimits>-1e+010 -1e+010 -1e+010 1e+010 1e+010 1e+010</IKRotLimits>
                    <IKRotLimitOrder>0</IKRotLimitOrder>
                    <KeyFrames count="61">
                        <i>-0.309981 0.783342 0.538783 -0.950547 -0.243839 -0.192363 -0.0193101 -0.571767 0.820189 0.8631 2.50984 -2.52949</i>
                        <i>-0.2993 0.796444 0.525449 -0.953878 -0.236389 -0.185033 -0.023158 -0.556595 0.830461 0.86227 2.51582 -2.53629</i>
                        <i>-0.272501 0.827769 0.49045 -0.961477 -0.215137 -0.171109 -0.0361248 -0.518184 0.854506 0.860704 2.53003 -2.55381</i>
                        <i>-0.237359 0.865103 0.44188 -0.969588 -0.183041 -0.162468 -0.0596696 -0.467004 0.882239 0.859926 2.54694 -2.57774</i>
                        <i>-0.203009 0.898305 0.389661 -0.974797 -0.147812 -0.167099 -0.0925089 -0.413763 0.905672 0.861351 2.56136 -2.60359</i>
                        <i>-0.180556 0.92117 0.344739 -0.974821 -0.120969 -0.187323 -0.130853 -0.369881 0.919818 0.865878 2.56863 -2.62663</i>
                        <i>-0.173574 0.936573 0.304471 -0.969297 -0.107792 -0.221005 -0.174168 -0.333484 0.926528 0.873189 2.56682 -2.64632</i>
                        <i>-0.173623 0.949269 0.262189 -0.959616 -0.103239 -0.261683 -0.221339 -0.297035 0.928859 0.881768 2.55912 -2.66442</i>
                        <i>-0.176238 0.958769 0.222942 -0.947363 -0.103708 -0.302901 -0.267291 -0.264589 0.926579 0.890191 2.54902 -2.67966</i>
                        <i>-0.178598 0.964969 0.19219 -0.935377 -0.105919 -0.337418 -0.305242 -0.240032 0.921527 0.897066 2.54001 -2.69093</i>
                        <i>-0.179023 0.968075 0.175448 -0.92803 -0.10695 -0.356821 -0.326666 -0.2267 0.917549 0.901087 2.53566 -2.69717</i>
                        <i>-0.179665 0.967983 0.175301 -0.927988 -0.107639 -0.356723 -0.326433 -0.226768 0.917615 0.901158 2.53555 -2.6971</i>
                        <i>-0.181408 0.967734 0.174875 -0.927866 -0.109518 -0.356468 -0.325815 -0.226927 0.917796 0.901351 2.53641 -2.69688</i>
                        <i>-0.18398 0.967373 0.174187 -0.927667 -0.112305 -0.356121 -0.32494 -0.227107 0.918061 0.901635 2.53809 -2.69656</i>
                        <i>-0.187108 0.96694 0.173254 -0.927392 -0.115714 -0.355744 -0.323936 -0.227237 0.918384 0.901979 2.54039 -2.69616</i>
                        <i>-0.19052 0.966479 0.172108 -0.927052 -0.119461 -0.355392 -0.322919 -0.227263 0.918736 0.902353 2.54314 -2.69571</i>
                        <i>-0.193944 0.96603 0.1708 -0.926667 -0.123258 -0.355099 -0.321984 -0.227144 0.919093 0.902726 2.54618 -2.69524</i>
                        <i>-0.197113 0.965635 0.1694 -0.926269 -0.126821 -0.354883 -0.321204 -0.226862 0.919436 0.903071 2.54931 -2.69479</i>
                        <i>-0.199763 0.965336 0.167994 -0.925901 -0.129868 -0.354741 -0.320627 -0.22641 0.919748 0.903357 2.55238 -2.69438</i>
                        <i>-0.201633 0.965175 0.166679 -0.925613 -0.132121 -0.35466 -0.320287 -0.225792 0.920019 0.903558 2.55521 -2.69406</i>
                        <i>-0.202466 0.965194 0.165552 -0.925458 -0.133305 -0.354623 -0.320211 -0.225011 0.920236 0.903646 2.55764 -2.69385</i>
                        <i>-0.202132 0.965444 0.164499 -0.925456 -0.133338 -0.354617 -0.320429 -0.223916 0.920428 0.903607 2.55962 -2.69377</i>
                        <i>-0.20083 0.965908 0.163369 -0.925573 -0.132462 -0.354639 -0.320908 -0.222432 0.92062 0.903461 2.56129 -2.69377</i>
                        <i>-0.198794 0.966526 0.162201 -0.925774 -0.130887 -0.354699 -0.321596 -0.220673 0.920804 0.903234 2.56266 -2.69384</i>
                        <i>-0.196258 0.967239 0.16103 -0.926021 -0.128824 -0.354809 -0.32244 -0.218751 0.920967 0.902951 2.56376 -2.69395</i>
                        <i>-0.193456 0.967992 0.159894 -0.926281 -0.126485 -0.354972 -0.323386 -0.216778 0.921102 0.90264 2.56462 -2.69409</i>
                        <i>-0.190625 0.968728 0.158836 -0.926526 -0.124084 -0.35518 -0.324364 -0.214872 0.921205 0.902324 2.56525 -2.69425</i>
                        <i>-0.188004 0.969392 0.157906 -0.926735 -0.121838 -0.355411 -0.325294 -0.213156 0.921275 0.902032 2.5657 -2.69439</i>
                        <i>-0.185833 0.969931 0.157163 -0.926895 -0.119963 -0.355631 -0.326084 -0.211762 0.921318 0.901789 2.56599 -2.69452</i>
                        <i>-0.184354 0.970293 0.15667 -0.926998 -0.118679 -0.355796 -0.326632 -0.210825 0.921338 0.901624 2.56614 -2.6946</i>
                        <i>-0.183808 0.970425 0.156492 -0.927034 -0.118203 -0.355859 -0.326837 -0.210483 0.921344 0.901563 2.56618 -2.69463</i>
                        <i>-0.178324 0.969448 0.168437 -0.937535 -0.115433 -0.328182 -0.298712 -0.216438 0.929476 0.897765 2.56097 -2.69513</i>
                        <i>-0.169774 0.966711 0.191432 -0.952391 -0.111032 -0.283942 -0.253235 -0.230524 0.939538 0.891734 2.55153 -2.69541</i>
                        <i>-0.156353 0.963 0.219509 -0.968213 -0.105506 -0.226785 -0.195235 -0.247991 0.948886 0.883764 2.54086 -2.69511</i>
                        <i>-0.137361 0.959381 0.246415 -0.982031 -0.0994004 -0.160422 -0.129412 -0.264023 0.955795 0.874281 2.53198 -2.69383</i>
                        <i>-0.113778 0.95729 0.265801 -0.991693 -0.0932753 -0.0885684 -0.059993 -0.27367 0.959951 0.863895 2.52784 -2.69116</i>
                        <i>-0.0883888 0.957654 0.274019 -0.996039 -0.0876408 -0.0149957 0.00965455 -0.274259 0.961608 0.853397 2.52996 -2.68703</i>
                        <i>-0.0644625 0.959688 0.273574 -0.994979 -0.082843 0.0561628 0.0765625 -0.26858 0.96021 0.843591 2.53631 -2.68217</i>
                        <i>-0.0442419 0.962458 0.2678 -0.989558 -0.0790272 0.120539 0.137178 -0.259671 0.955905 0.835091 2.54451 -2.6774</i>
                        <i>-0.0288016 0.965101 0.260288 -0.98184 -0.0761617 0.17375 0.18751 -0.250557 0.949769 0.828323 2.55217 -2.67356</i>
                        <i>-0.0182518 0.966863 0.254642 -0.974553 -0.0741134 0.211552 0.223414 -0.244301 0.943612 0.823571 2.55691 -2.67146</i>
                        <i>-0.0183776 0.967183 0.253416 -0.974535 -0.0739803 0.211679 0.22348 -0.243073 0.943913 0.823555 2.5571 -2.67183</i>
                        <i>-0.0187217 0.968053 0.250046 -0.974487 -0.0736122 0.212027 0.22366 -0.239697 0.944734 0.823509 2.55761 -2.67286</i>
                        <i>-0.0192341 0.969334 0.244994 -0.974416 -0.073055 0.212547 0.223927 -0.234638 0.94594 0.82344 2.55838 -2.67442</i>
                        <i>-0.0198648 0.970885 0.238722 -0.974328 -0.0723544 0.213189 0.224255 -0.228358 0.947398 0.823352 2.55933 -2.67637</i>
                        <i>-0.0205637 0.972572 0.231693 -0.97423 -0.0715568 0.213905 0.224618 -0.221323 0.94898 0.82325 2.56039 -2.67858</i>
                        <i>-0.02128 0.974271 0.224374 -0.974129 -0.0707099 0.214647 0.22499 -0.214001 0.95057 0.823139 2.56151 -2.68093</i>
                        <i>-0.0219622 0.975873 0.217234 -0.974031 -0.0698624 0.215367 0.225347 -0.206862 0.952064 0.823024 2.5626 -2.68328</i>
                        <i>-0.022558 0.97728 0.210746 -0.973944 -0.0690644 0.216019 0.225666 -0.200382 0.953374 0.822911 2.56361 -2.6855</i>
                        <i>-0.0230149 0.97841 0.205385 -0.973873 -0.0683672 0.216557 0.225924 -0.195035 0.954421 0.822805 2.56447 -2.68746</i>
                        <i>-0.0232796 0.979186 0.201628 -0.973826 -0.0678227 0.216938 0.226098 -0.1913 0.955136 0.822712 2.56513 -2.68903</i>
                        <i>-0.0438288 0.974392 0.220545 -0.977885 -0.0870304 0.190175 0.204499 -0.207333 0.956657 0.82633 2.56661 -2.67833</i>
                        <i>-0.0748293 0.96598 0.247554 -0.981968 -0.114598 0.15035 0.173604 -0.231839 0.957138 0.83151 2.56861 -2.66182</i>
                        <i>-0.113191 0.952786 0.281757 -0.984073 -0.146627 0.1005 0.137069 -0.265894 0.954208 0.83751 2.56985 -2.64134</i>
                        <i>-0.155452 0.933804 0.322249 -0.982885 -0.178856 0.0441408 0.0988548 -0.309872 0.945625 0.843659 2.56909 -2.61877</i>
                        <i>-0.197644 0.908516 0.368152 -0.97825 -0.206917 -0.0145533 0.0629549 -0.363021 0.929652 0.849385 2.56521 -2.59602</i>
                        <i>-0.23563 0.877499 0.417701 -0.971292 -0.227099 -0.0708302 0.0327061 -0.422399 0.90582 0.854251 2.55578 -2.57493</i>
                        <i>-0.267019 0.844158 0.464863 -0.963644 -0.238666 -0.12012 0.00954616 -0.480037 0.877196 0.858088 2.54162 -2.55669</i>
                        <i>-0.29043 0.813688 0.503549 -0.956874 -0.24336 -0.158646 -0.00654488 -0.527908 0.849276 0.860851 2.52661 -2.54231</i>
                        <i>-0.304974 0.791693 0.529351 -0.952225 -0.244105 -0.183523 -0.0160766 -0.560031 0.828316 0.862528 2.51469 -2.53288</i>
                        <i>-0.309981 0.783342 0.538783 -0.950547 -0.243839 -0.192363 -0.0193101 -0.571767 0.820189 0.8631 2.50984 -2.52949</i>
                    </KeyFrames>
                </p>
            </i>
            <i>
                <p>
                    <Name><![CDATA[head]]></Name>
                    <Exclude>0</Exclude>
                    <Additive>0</Additive>
                    <IKPriority>0</IKPriority>
                    <IKRotLimits>-1e+010 -1e+010 -1e+010 1e+010 1e+010 1e+010</IKRotLimits>
                    <IKRotLimitOrder>0</IKRotLimitOrder>
                    <KeyFrames count="61">
                        <i>-0.0046353 0.975746 -0.218855 0.099517 -0.217321 -0.971014 -0.995025 -0.0262807 -0.096096 0.77183 2.71657 -2.41071</i>
                        <i>-0.0130091 0.976612 -0.214616 0.0808832 -0.212903 -0.97372 -0.996639 -0.0300261 -0.0762218 0.77581 2.72582 -2.41976</i>
                        <i>-0.0256487 0.979582 -0.199404 0.0425107 -0.19822 -0.979235 -0.998767 -0.0335929 -0.0365586 0.786249 2.74761 -2.44345</i>
                        <i>-0.0259674 0.984782 -0.171844 0.012194 -0.171577 -0.985095 -0.999588 -0.0276758 -0.00755302 0.800903 2.77301 -2.47635</i>
                        <i>-0.00717839 0.990769 -0.135373 0.0190703 -0.135216 -0.990633 -0.999792 -0.00969275 -0.0179236 0.816826 2.79445 -2.51239</i>
                        <i>0.0254858 0.995176 -0.0947396 0.0907465 -0.0966822 -0.99117 -0.995548 0.0166635 -0.0927728 0.830144 2.80651 -2.54524</i>
                        <i>0.0606969 0.997288 -0.041628 0.263621 -0.0562407 -0.962985 -0.962715 0.0474762 -0.26632 0.839102 2.80855 -2.57589</i>
                        <i>0.0618949 0.997857 0.0212398 0.504896 -0.0129465 -0.863083 -0.860958 0.0641443 -0.504615 0.845773 2.80445 -2.60725</i>
                        <i>0.0113998 0.997997 0.0622279 0.725106 0.0346016 -0.687768 -0.688543 0.0529622 -0.723259 0.85101 2.79699 -2.63583</i>
                        <i>-0.0611053 0.995999 0.0652094 0.861991 0.0855962 -0.499645 -0.503228 0.025679 -0.863772 0.855106 2.78947 -2.65795</i>
                        <i>-0.110159 0.992361 0.0555314 0.912205 0.123129 -0.390796 -0.394648 0.00760637 -0.918801 0.85798 2.78568 -2.66993</i>
                        <i>-0.107532 0.99261 0.0562284 0.912402 0.120992 -0.391004 -0.394918 0.00925738 -0.91867 0.857902 2.78549 -2.66967</i>
                        <i>-0.100589 0.993221 0.05826 0.91287 0.115422 -0.391593 -0.395663 0.0137937 -0.918292 0.85769 2.78615 -2.66896</i>
                        <i>-0.0907362 0.993972 0.0615333 0.913414 0.107682 -0.39253 -0.39679 0.0205888 -0.917679 0.857378 2.7875 -2.66791</i>
                        <i>-0.0793811 0.99466 0.0659551 0.913856 0.0990432 -0.393774 -0.398203 0.0290153 -0.916838 0.857001 2.78942 -2.66664</i>
                        <i>-0.0679366 0.995129 0.0714371 0.914079 0.0907768 -0.395245 -0.399805 0.0384476 -0.915794 0.856592 2.79174 -2.66526</i>
                        <i>-0.0578184 0.995283 0.0779025 0.914039 0.084157 -0.396801 -0.401485 0.0482635 -0.914593 0.856184 2.79434 -2.66387</i>
