<?xml version="1.0" encoding="ISO-8859-1" ?>
<Animl Version="1">
    <ModellingPackage><![CDATA[Maya.2010]]></ModellingPackage>
    <SrcFile><![CDATA[anims\turrets\mortar\blue\~src\mortar_m29\mortar_m29_aim_high_crewman_a.mb]]></SrcFile>
    <FramesPerSecond>30</FramesPerSecond>
    <TotalFrames>30</TotalFrames>
    <Skeleton>
        <RefFrame>
            <Name><![CDATA[soldier_ref_frame]]></Name>
            <Exclude>0</Exclude>
            <Additive>0</Additive>
            <IKPriority>0</IKPriority>
            <IKRotLimits>-1e+010 -1e+010 -1e+010 1e+010 1e+010 1e+010</IKRotLimits>
            <IKRotLimitOrder>0</IKRotLimitOrder>
            <KeyFrames count="30">
                <i>1 0 0 0 1 0 0 0 1 1.63 1.86 -0.24</i>
                <i>1 0 0 0 1 0 0 0 1 1.63 1.86 -0.24</i>
                <i>1 0 0 0 1 0 0 0 1 1.63 1.86 -0.24</i>
                <i>1 0 0 0 1 0 0 0 1 1.63 1.86 -0.24</i>
                <i>1 0 0 0 1 0 0 0 1 1.63 1.86 -0.24</i>
                <i>1 0 0 0 1 0 0 0 1 1.63 1.86 -0.24</i>
                <i>1 0 0 0 1 0 0 0 1 1.63 1.86 -0.24</i>
                <i>1 0 0 0 1 0 0 0 1 1.63 1.86 -0.24</i>
                <i>1 0 0 0 1 0 0 0 1 1.63 1.86 -0.24</i>
                <i>1 0 0 0 1 0 0 0 1 1.63 1.86 -0.24</i>
                <i>1 0 0 0 1 0 0 0 1 1.63 1.86 -0.24</i>
                <i>1 0 0 0 1 0 0 0 1 1.63 1.86 -0.24</i>
                <i>1 0 0 0 1 0 0 0 1 1.63 1.86 -0.24</i>
                <i>1 0 0 0 1 0 0 0 1 1.63 1.86 -0.24</i>
                <i>1 0 0 0 1 0 0 0 1 1.63 1.86 -0.24</i>
                <i>1 0 0 0 1 0 0 0 1 1.63 1.86 -0.24</i>
                <i>1 0 0 0 1 0 0 0 1 1.63 1.86 -0.24</i>
                <i>1 0 0 0 1 0 0 0 1 1.63 1.86 -0.24</i>
                <i>1 0 0 0 1 0 0 0 1 1.63 1.86 -0.24</i>
                <i>1 0 0 0 1 0 0 0 1 1.63 1.86 -0.24</i>
                <i>1 0 0 0 1 0 0 0 1 1.63 1.86 -0.24</i>
                <i>1 0 0 0 1 0 0 0 1 1.63 1.86 -0.24</i>
                <i>1 0 0 0 1 0 0 0 1 1.63 1.86 -0.24</i>
                <i>1 0 0 0 1 0 0 0 1 1.63 1.86 -0.24</i>
                <i>1 0 0 0 1 0 0 0 1 1.63 1.86 -0.24</i>
                <i>1 0 0 0 1 0 0 0 1 1.63 1.86 -0.24</i>
                <i>1 0 0 0 1 0 0 0 1 1.63 1.86 -0.24</i>
                <i>1 0 0 0 1 0 0 0 1 1.63 1.86 -0.24</i>
                <i>1 0 0 0 1 0 0 0 1 1.63 1.86 -0.24</i>
                <i>1 0 0 0 1 0 0 0 1 1.63 1.86 -0.24</i>
            </KeyFrames>
        </RefFrame>
        <Bones count="23">
            <i>
                <p>
                    <Name><![CDATA[pelvis]]></Name>
                    <Exclude>0</Exclude>
                    <Additive>0</Additive>
                    <IKPriority>0</IKPriority>
                    <IKRotLimits>-1e+010 -1e+010 -1e+010 1e+010 1e+010 1e+010</IKRotLimits>
                    <IKRotLimitOrder>2</IKRotLimitOrder>
                    <KeyFrames count="30">
                        <i>1 0 0 0 1 0 0 0 1 1.66901 2.69606 -0.240405</i>
                        <i>1 0 0 0 1 0 0 0 1 1.66901 2.69587 -0.240405</i>
                        <i>1 0 0 0 1 0 0 0 1 1.66901 2.69533 -0.240405</i>
                        <i>1 0 0 0 1 0 0 0 1 1.66901 2.69449 -0.240405</i>
                        <i>1 0 0 0 1 0 0 0 1 1.66901 2.69339 -0.240405</i>
                        <i>1 0 0 0 1 0 0 0 1 1.66901 2.69208 -0.240405</i>
                        <i>1 0 0 0 1 0 0 0 1 1.66901 2.69061 -0.240405</i>
                        <i>1 0 0 0 1 0 0 0 1 1.66901 2.68903 -0.240405</i>
                        <i>1 0 0 0 1 0 0 0 1 1.66901 2.68737 -0.240405</i>
                        <i>1 0 0 0 1 0 0 0 1 1.66901 2.68569 -0.240405</i>
                        <i>1 0 0 0 1 0 0 0 1 1.66901 2.68403 -0.240405</i>
                        <i>1 0 0 0 1 0 0 0 1 1.66901 2.68244 -0.240405</i>
                        <i>1 0 0 0 1 0 0 0 1 1.66901 2.68097 -0.240405</i>
                        <i>1 0 0 0 1 0 0 0 1 1.66901 2.67966 -0.240405</i>
                        <i>1 0 0 0 1 0 0 0 1 1.66901 2.67856 -0.240405</i>
                        <i>1 0 0 0 1 0 0 0 1 1.66901 2.67772 -0.240405</i>
                        <i>1 0 0 0 1 0 0 0 1 1.66901 2.67718 -0.240405</i>
                        <i>1 0 0 0 1 0 0 0 1 1.66901 2.67699 -0.240405</i>
                        <i>1 0 0 0 1 0 0 0 1 1.66901 2.67736 -0.240405</i>
                        <i>1 0 0 0 1 0 0 0 1 1.66901 2.6784 -0.240405</i>
                        <i>1 0 0 0 1 0 0 0 1 1.66901 2.67997 -0.240405</i>
                        <i>1 0 0 0 1 0 0 0 1 1.66901 2.68193 -0.240405</i>
                        <i>1 0 0 0 1 0 0 0 1 1.66901 2.68416 -0.240405</i>
                        <i>1 0 0 0 1 0 0 0 1 1.66901 2.68652 -0.240405</i>
                        <i>1 0 0 0 1 0 0 0 1 1.66901 2.68888 -0.240405</i>
                        <i>1 0 0 0 1 0 0 0 1 1.66901 2.69111 -0.240405</i>
                        <i>1 0 0 0 1 0 0 0 1 1.66901 2.69308 -0.240405</i>
                        <i>1 0 0 0 1 0 0 0 1 1.66901 2.69465 -0.240405</i>
                        <i>1 0 0 0 1 0 0 0 1 1.66901 2.69568 -0.240405</i>
                        <i>1 0 0 0 1 0 0 0 1 1.66901 2.69606 -0.240405</i>
                    </KeyFrames>
                </p>
            </i>
            <i>
                <p>
                    <Name><![CDATA[spine0]]></Name>
                    <Exclude>0</Exclude>
                    <Additive>0</Additive>
                    <IKPriority>0</IKPriority>
                    <IKRotLimits>-1e+010 -1e+010 -1e+010 1e+010 1e+010 1e+010</IKRotLimits>
                    <IKRotLimitOrder>0</IKRotLimitOrder>
                    <KeyFrames count="30">
                        <i>-0.332185 0.942217 0.0433686 -0.230228 -0.036408 -0.972455 -0.914685 -0.333019 0.229019 1.69553 2.83547 -0.264012</i>
                        <i>-0.326472 0.944274 0.0419923 -0.229828 -0.0362104 -0.972557 -0.91684 -0.327164 0.228843 1.69621 2.83513 -0.264147</i>
                        <i>-0.320055 0.946536 0.0404415 -0.229391 -0.0360063 -0.972668 -0.919209 -0.320584 0.22865 1.69696 2.83442 -0.264294</i>
                        <i>-0.313222 0.948887 0.0387872 -0.228921 -0.0358014 -0.972786 -0.921676 -0.313578 0.228434 1.69775 2.83339 -0.264449</i>
                        <i>-0.306262 0.951224 0.0370992 -0.228427 -0.0356006 -0.97291 -0.924135 -0.306439 0.228188 1.69858 2.83209 -0.26461</i>
                        <i>-0.299455 0.953452 0.0354461 -0.227915 -0.035408 -0.973037 -0.926489 -0.299459 0.227909 1.69943 2.83056 -0.264776</i>
                        <i>-0.29308 0.955487 0.0338955 -0.227393 -0.0352264 -0.973166 -0.928653 -0.292923 0.227595 1.7003 2.82887 -0.264942</i>
                        <i>-0.287412 0.957255 0.0325142 -0.226868 -0.0350574 -0.973294 -0.930551 -0.287113 0.227247 1.70116 2.82706 -0.265108</i>
                        <i>-0.282726 0.958687 0.031369 -0.226348 -0.0349012 -0.973421 -0.932112 -0.282312 0.226865 1.70201 2.82517 -0.26527</i>
                        <i>-0.279296 0.95972 0.0305273 -0.225841 -0.0347568 -0.973544 -0.933268 -0.278801 0.226451 1.70283 2.82326 -0.265427</i>
                        <i>-0.277401 0.960284 0.0300583 -0.225354 -0.0346219 -0.973662 -0.933951 -0.276868 0.226008 1.70362 2.82138 -0.265576</i>
                        <i>-0.277184 0.960348 0.0300145 -0.224897 -0.0344778 -0.973772 -0.934125 -0.276664 0.225536 1.70435 2.81958 -0.265715</i>
                        <i>-0.278635 0.959914 0.0304534 -0.224481 -0.0342637 -0.973876 -0.933794 -0.278192 0.225029 1.70503 2.8179 -0.265843</i>
                        <i>-0.28164 0.959007 0.0313644 -0.224112 -0.0339633 -0.973971 -0.93298 -0.281339 0.224491 1.70563 2.81641 -0.265956</i>
                        <i>-0.285959 0.957685 0.0326659 -0.223798 -0.0336004 -0.974056 -0.931741 -0.285851 0.223936 1.70615 2.81516 -0.266054</i>
                        <i>-0.291343 0.956005 0.0342744 -0.223544 -0.033201 -0.974128 -0.930133 -0.291467 0.223382 1.70658 2.81418 -0.266133</i>
                        <i>-0.297538 0.954027 0.036104 -0.223357 -0.0327928 -0.974185 -0.928215 -0.297921 0.222846 1.7069 2.81354 -0.266192</i>
                        <i>-0.304284 0.95182 0.0380665 -0.223244 -0.0324057 -0.974224 -0.926052 -0.304939 0.222349 1.7071 2.81329 -0.266229</i>
                        <i>-0.311314 0.949462 0.0400713 -0.223214 -0.0320713 -0.974242 -0.92372 -0.31224 0.221917 1.70717 2.81364 -0.266242</i>
                        <i>-0.318518 0.946985 0.0420186 -0.223429 -0.0319244 -0.974197 -0.921209 -0.319688 0.221753 1.70685 2.81478 -0.266183</i>
                        <i>-0.32571 0.944454 0.0438055 -0.223992 -0.0320683 -0.974063 -0.918554 -0.327074 0.221995 1.70597 2.81662 -0.26602</i>
                        <i>-0.33208 0.942164 0.0452749 -0.22481 -0.0324396 -0.973862 -0.916069 -0.333579 0.222581 1.70468 2.81897 -0.265778</i>
                        <i>-0.336933 0.940391 0.0462651 -0.225791 -0.032999 -0.973617 -0.914054 -0.33849 0.22345 1.70311 2.82165 -0.26548</i>
                        <i>-0.340322 0.939143 0.0468192 -0.226844 -0.0336783 -0.973349 -0.912536 -0.341873 0.224501 1.70138 2.82449 -0.265151</i>
                        <i>-0.342311 0.938411 0.0469876 -0.227885 -0.0344036 -0.97308 -0.911533 -0.343804 0.225626 1.69964 2.82731 -0.264815</i>
                        <i>-0.342946 0.938188 0.0468159 -0.228833 -0.0351032 -0.972833 -0.911056 -0.344343 0.226727 1.69802 2.82995 -0.2645</i>
                        <i>-0.342254 0.938464 0.0463418 -0.229614 -0.0357105 -0.972627 -0.91112 -0.343526 0.227706 1.69666 2.83223 -0.264234</i>
                        <i>-0.340239 0.939233 0.0455947 -0.230155 -0.0361652 -0.972482 -0.911738 -0.34137 0.228474 1.6957 2.83402 -0.264045</i>
                        <i>-0.336887 0.940488 0.0445971 -0.230385 -0.0364137 -0.972418 -0.912924 -0.33787 0.228941 1.69527 2.83515 -0.263962</i>
                        <i>-0.332185 0.942217 0.0433686 -0.230228 -0.036408 -0.972455 -0.914685 -0.333019 0.229019 1.69553 2.83547 -0.264012</i>
                    </KeyFrames>
                </p>
            </i>
            <i>
                <p>
                    <Name><![CDATA[spine1]]></Name>
                    <Exclude>0</Exclude>
                    <Additive>0</Additive>
                    <IKPriority>0</IKPriority>
                    <IKRotLimits>-1e+010 -1e+010 -1e+010 1e+010 1e+010 1e+010</IKRotLimits>
                    <IKRotLimitOrder>0</IKRotLimitOrder>
                    <KeyFrames count="30">
                        <i>-0.673596 0.675291 0.300418 -0.268563 0.155052 -0.950701 -0.68858 -0.721069 0.076916 1.63645 3.00314 -0.256304</i>
                        <i>-0.671075 0.678842 0.298046 -0.266861 0.153892 -0.951369 -0.691696 -0.717977 0.0778829 1.638 3.00362 -0.256665</i>
                        <i>-0.668121 0.682919 0.295359 -0.264975 0.152551 -0.952112 -0.695272 -0.714388 0.0790342 1.63973 3.00381 -0.257067</i>
                        <i>-0.664915 0.687272 0.292479 -0.262978 0.151097 -0.952897 -0.699093 -0.710511 0.0802705 1.64157 3.00373 -0.257498</i>
                        <i>-0.661648 0.691661 0.28953 -0.260936 0.149603 -0.953693 -0.702947 -0.706558 0.0814947 1.64348 3.0034 -0.257941</i>
                        <i>-0.658512 0.695847 0.286635 -0.258917 0.148143 -0.954471 -0.706629 -0.702745 0.082613 1.64539 3.00283 -0.258385</i>
                        <i>-0.655708 0.699598 0.283918 -0.256983 0.14679 -0.955203 -0.709934 -0.699297 0.0835337 1.64724 3.00205 -0.258813</i>
                        <i>-0.653441 0.702688 0.281504 -0.255193 0.14562 -0.955862 -0.712665 -0.696437 0.0841674 1.64898 3.00107 -0.259212</i>
                        <i>-0.651916 0.704895 0.279515 -0.253604 0.14471 -0.956422 -0.714626 -0.694393 0.084426 1.65054 2.99991 -0.259568</i>
                        <i>-0.651337 0.706 0.278072 -0.252272 0.144139 -0.956861 -0.715625 -0.693388 0.0842213 1.65187 2.99861 -0.259865</i>
                        <i>-0.651902 0.705784 0.277295 -0.251251 0.143986 -0.957153 -0.71547 -0.69364 0.083464 1.6529 2.99718 -0.26009</i>
                        <i>-0.653751 0.704075 0.277288 -0.250587 0.144329 -0.957275 -0.714014 -0.695304 0.0820766 1.6536 2.99567 -0.260229</i>
                        <i>-0.657065 0.700617 0.278211 -0.250349 0.145307 -0.957189 -0.711049 -0.698585 0.0799226 1.65395 2.99413 -0.260269</i>
                        <i>-0.661739 0.695469 0.280043 -0.250542 0.146919 -0.956893 -0.706633 -0.703376 0.0770219 1.65396 2.99263 -0.260211</i>
                        <i>-0.667399 0.689 0.282589 -0.25111 0.149031 -0.956417 -0.701086 -0.709273 0.0735516 1.65366 2.99122 -0.260066</i>
                        <i>-0.673683 0.681579 0.285659 -0.252 0.151506 -0.955794 -0.694728 -0.715888 0.0696914 1.65308 2.98997 -0.259848</i>
                        <i>-0.680244 0.673578 0.289069 -0.253159 0.154203 -0.955056 -0.68788 -0.722851 0.0656271 1.65227 2.98893 -0.259573</i>
                        <i>-0.686754 0.66538 0.292641 -0.254529 0.156978 -0.954239 -0.68087 -0.729813 0.0615533 1.65127 2.98817 -0.259253</i>
                        <i>-0.692907 0.657377 0.296201 -0.256051 0.159686 -0.953383 -0.674031 -0.736448 0.0576744 1.6501 2.98793 -0.258904</i>
                        <i>-0.697857 0.650576 0.299578 -0.257878 0.161989 -0.952501 -0.668203 -0.741964 0.0547247 1.64857 2.98827 -0.258502</i>
                        <i>-0.701014 0.645759 0.302612 -0.260078 0.163613 -0.951625 -0.664032 -0.745806 0.0532524 1.64657 2.98906 -0.258038</i>
                        <i>-0.702335 0.643142 0.305115 -0.26242 0.164512 -0.950827 -0.661711 -0.747867 0.0532311 1.64437 2.99027 -0.257561</i>
                        <i>-0.701643 0.643094 0.306801 -0.264639 0.16458 -0.9502 -0.661561 -0.747893 0.0547115 1.64219 2.99184 -0.257121</i>
                        <i>-0.699293 0.645218 0.307705 -0.266624 0.163968 -0.949751 -0.66325 -0.746196 0.0573687 1.64014 2.99365 -0.256731</i>
                        <i>-0.695661 0.649051 0.307878 -0.268277 0.162844 -0.949479 -0.666396 -0.743111 0.0608408 1.63831 2.99558 -0.256402</i>
                        <i>-0.691146 0.654091 0.30738 -0.269506 0.161373 -0.949381 -0.670584 -0.739002 0.0647494 1.63681 2.99751 -0.256149</i>
                        <i>-0.686187 0.659801 0.306285 -0.270227 0.159712 -0.949457 -0.67537 -0.734272 0.0687042 1.63575 2.99934 -0.255992</i>
                        <i>-0.681263 0.665617 0.304687 -0.270361 0.158011 -0.949704 -0.680283 -0.729374 0.0723095 1.63526 3.00097 -0.25595</i>
                        <i>-0.676889 0.670968 0.302692 -0.26983 0.156413 -0.950119 -0.684845 -0.724801 0.0751731 1.63545 3.00227 -0.256046</i>
                        <i>-0.673596 0.675291 0.300418 -0.268563 0.155052 -0.950701 -0.68858 -0.721069 0.076916 1.63645 3.00314 -0.256304</i>
                    </KeyFrames>
                </p>
            </i>
            <i>
                <p>
                    <Name><![CDATA[spine2]]></Name>
                    <Exclude>0</Exclude>
                    <Additive>0</Additive>
                    <IKPriority>0</IKPriority>
                    <IKRotLimits>-1e+010 -1e+010 -1e+010 1e+010 1e+010 1e+010</IKRotLimits>
                    <IKRotLimitOrder>0</IKRotLimitOrder>
                    <KeyFrames count="30">
                        <i>-0.785753 0.50372 0.358968 -0.312771 0.177116 -0.933169 -0.533635 -0.845515 0.01838 1.52618 3.1134 -0.207196</i>
                        <i>-0.787471 0.50262 0.356739 -0.310934 0.175787 -0.934034 -0.532174 -0.846447 0.0178545 1.52784 3.11475 -0.207813</i>
                        <i>-0.789359 0.501435 0.354226 -0.308873 0.17428 -0.935 -0.530576 -0.847461 0.0173103 1.52972 3.11593 -0.208513</i>
                        <i>-0.791323 0.500232 0.351534 -0.306675 0.172651 -0.936025 -0.528923 -0.848504 0.0167856 1.53175 3.11691 -0.209265</i>
                        <i>-0.793273 0.49908 0.348764 -0.304424 0.170962 -0.937069 -0.527298 -0.849524 0.0163126 1.53383 3.11767 -0.21004</i>
                        <i>-0.795125 0.498044 0.346019 -0.302206 0.169275 -0.938093 -0.525783 -0.85047 0.0159175 1.5359 3.11816 -0.210809</i>
                        <i>-0.796794 0.497187 0.343401 -0.3001 0.167655 -0.939059 -0.524461 -0.851291 0.0156199 1.53787 3.11835 -0.21154</i>
                        <i>-0.798201 0.496574 0.341013 -0.298187 0.166171 -0.939932 -0.523412 -0.85194 0.0154343 1.53966 3.11823 -0.212201</i>
                        <i>-0.799267 0.496268 0.338954 -0.296542 0.164892 -0.940677 -0.522719 -0.852367 0.0153712 1.54118 3.11776 -0.212762</i>
                        <i>-0.799917 0.49633 0.337326 -0.295241 0.163889 -0.941261 -0.52246 -0.852524 0.0154391 1.54233 3.11692 -0.213189</i>
                        <i>-0.800073 0.496825 0.336227 -0.294361 0.163233 -0.941651 -0.522719 -0.852361 0.015648 1.54305 3.11568 -0.213451</i>
                        <i>-0.799811 0.497561 0.335762 -0.293984 0.16298 -0.941812 -0.523332 -0.85198 0.0159218 1.54326 3.11407 -0.213518</i>
                        <i>-0.799558 0.497721 0.336127 -0.294275 0.163213 -0.941681 -0.523555 -0.851842 0.0159683 1.54292 3.11208 -0.213348</i>
                        <i>-0.799461 0.497059 0.337334 -0.295248 0.16392 -0.941254 -0.523155 -0.852093 0.0157079 1.54204 3.10981 -0.21294</i>
                        <i>-0.799435 0.495815 0.339222 -0.29678 0.165002 -0.940583 -0.522327 -0.852609 0.0152395 1.54073 3.10736 -0.212343</i>
                        <i>-0.799396 0.494221 0.341631 -0.298749 0.166361 -0.93972 -0.521263 -0.85327 0.0146599 1.53908 3.10487 -0.211602</i>
                        <i>-0.799263 0.492509 0.344403 -0.301032 0.167902 -0.938717 -0.520152 -0.853958 0.0140629 1.53719 3.10245 -0.210762</i>
                        <i>-0.798961 0.490905 0.347382 -0.303504 0.169537 -0.937626 -0.519179 -0.854558 0.0135378 1.53515 3.10024 -0.209871</i>
                        <i>-0.798416 0.489634 0.350415 -0.306038 0.171187 -0.936502 -0.518529 -0.854958 0.0131681 1.53306 3.09853 -0.208972</i>
                        <i>-0.797366 0.489167 0.353443 -0.30857 0.172854 -0.935364 -0.518644 -0.85489 0.0131143 1.53093 3.09752 -0.208101</i>
                        <i>-0.795623 0.489879 0.356375 -0.311008 0.174526 -0.934245 -0.519864 -0.854142 0.0134997 1.52881 3.09714 -0.207298</i>
                        <i>-0.793665 0.491124 0.359017 -0.31319 0.176077 -0.933225 -0.521544 -0.853108 0.0140694 1.52689 3.09746 -0.206619</i>
                        <i>-0.791695 0.492791 0.361077 -0.314867 0.17735 -0.932419 -0.523524 -0.851883 0.014757 1.52538 3.09854 -0.206134</i>
                        <i>-0.789778 0.494791 0.362536 -0.316026 0.178328 -0.931841 -0.525716 -0.850518 0.0155274 1.52427 3.10021 -0.205833</i>
                        <i>-0.788012 0.496973 0.363393 -0.316673 0.178996 -0.931493 -0.527973 -0.849104 0.0163272 1.52356 3.10231 -0.205702</i>
                        <i>-0.786507 0.499162 0.363653 -0.31682 0.179335 -0.931378 -0.530124 -0.847748 0.017096 1.52326 3.10467 -0.205727</i>
                        <i>-0.78539 0.501158 0.363323 -0.316481 0.179328 -0.931494 -0.531979 -0.846571 0.0177643 1.52335 3.10712 -0.205899</i>
                        <i>-0.784798 0.502738 0.362418 -0.315678 0.178962 -0.931837 -0.533329 -0.845711 0.0182544 1.52387 3.10951 -0.206206</i>
                        <i>-0.784873 0.503669 0.360959 -0.314434 0.178227 -0.932398 -0.533953 -0.845312 0.0184852 1.52481 3.11166 -0.206642</i>
                        <i>-0.785753 0.50372 0.358968 -0.312771 0.177116 -0.933169 -0.533635 -0.845515 0.01838 1.52618 3.1134 -0.207196</i>
                    </KeyFrames>
                </p>
            </i>
            <i>
                <p>
                    <Name><![CDATA[head]]></Name>
                    <Exclude>0</Exclude>
                    <Additive>0</Additive>
                    <IKPriority>0</IKPriority>
                    <IKRotLimits>-1e+010 -1e+010 -1e+010 1e+010 1e+010 1e+010</IKRotLimits>
                    <IKRotLimitOrder>0</IKRotLimitOrder>
                    <KeyFrames count="30">
                        <i>-0.0834982 0.950089 0.300598 0.28879 0.311777 -0.905204 -0.953744 0.0112268 -0.300409 1.33085 3.25831 -0.117365</i>
                        <i>-0.0876987 0.949921 0.299933 0.289455 0.312402 -0.904777 -0.953166 0.00746933 -0.302357 1.33149 3.25919 -0.118382</i>
                        <i>-0.0892556 0.95034 0.29814 0.290499 0.311159 -0.90487 -0.952703 0.00584448 -0.303846 1.33224 3.25986 -0.11954</i>
                        <i>-0.0891533 0.951139 0.295611 0.291763 0.308712 -0.905302 -0.952327 0.00553754 -0.30503 1.33306 3.2603 -0.120792</i>
                        <i>-0.088381 0.952099 0.292739 0.293102 0.305735 -0.905879 -0.951987 0.00573992 -0.306084 1.33395 3.26052 -0.122088</i>
                        <i>-0.0879402 0.953 0.289927 0.294418 0.302918 -0.906399 -0.951622 0.00565086 -0.307219 1.33486 3.26052 -0.123378</i>
                        <i>-0.0888443 0.953624 0.287591 0.295654 0.300968 -0.906646 -0.951155 0.00447709 -0.308682 1.33578 3.26031 -0.124609</i>
                        <i>-0.0921116 0.953748 0.286148 0.296774 0.300605 -0.906401 -0.950495 0.00143133 -0.310737 1.33665 3.25989 -0.125728</i>
                        <i>-0.0965853 0.953708 0.284802 0.297797 0.300722 -0.906026 -0.949731 -0.00269564 -0.313056 1.33746 3.25928 -0.126681</i>
                        <i>-0.100082 0.954014 0.282562 0.298763 0.299697 -0.906048 -0.949065 -0.00625973 -0.315019 1.33815 3.2585 -0.127411</i>
                        <i>-0.102079 0.95469 0.279548 0.299647 0.297473 -0.906489 -0.948574 -0.00876763 -0.316435 1.33869 3.25755 -0.127866</i>
                        <i>-0.102551 0.955668 0.276012 0.300328 0.294272 -0.907308 -0.948307 -0.0101513 -0.317192 1.33902 3.2564 -0.127988</i>
                        <i>-0.102483 0.956675 0.272525 0.300459 0.290942 -0.908337 -0.948273 -0.0112062 -0.317259 1.33892 3.25482 -0.127674</i>
                        <i>-0.102232 0.9576 0.269352 0.299946 0.287843 -0.909494 -0.948463 -0.0121884 -0.316655 1.33836 3.2528 -0.126918</i>
                        <i>-0.10166 0.958462 0.266487 0.298912 0.284926 -0.910752 -0.94885 -0.0129311 -0.315461 1.33744 3.2505 -0.125812</i>
                        <i>-0.100627 0.95928 0.263923 0.297483 0.282144 -0.912085 -0.949409 -0.0132678 -0.313761 1.33628 3.24809 -0.124446</i>
                        <i>-0.0989924 0.960071 0.261657 0.295789 0.279453 -0.913463 -0.95011 -0.0130308 -0.311642 1.33497 3.24573 -0.12291</i>
                        <i>-0.0966118 0.960849 0.259684 0.293962 0.276811 -0.914856 -0.950922 -0.0120488 -0.309196 1.33362 3.24359 -0.121292</i>
                        <i>-0.093339 0.961624 0.258007 0.292141 0.274184 -0.916229 -0.951809 -0.0101453 -0.306522 1.33232 3.24202 -0.11968</i>
                        <i>-0.0890239 0.962401 0.256632 0.290474 0.27154 -0.917546 -0.952733 -0.00713861 -0.303726 1.33115 3.24124 -0.118159</i>
                        <i>-0.0835131 0.963177 0.255569 0.289112 0.268853 -0.918767 -0.953645 -0.00284095 -0.300919 1.33022 3.24126 -0.11681</i>
                        <i>-0.0780542 0.96372 0.255246 0.288065 0.266908 -0.919662 -0.954425 0.00174403 -0.298447 1.32947 3.24194 -0.115703</i>
                        <i>-0.0732534 0.963951 0.255796 0.287548 0.266007 -0.920085 -0.954961 0.00615434 -0.296668 1.32898 3.2433 -0.114954</i>
                        <i>-0.0693775 0.963821 0.257362 0.287478 0.266356 -0.920006 -0.955271 0.0101584 -0.295557 1.32873 3.2452 -0.11454</i>
                        <i>-0.0667429 0.96325 0.260182 0.287738 0.268266 -0.919369 -0.955381 0.0135029 -0.295069 1.32869 3.24746 -0.114427</i>
                        <i>-0.0656711 0.962153 0.264481 0.288201 0.272046 -0.918113 -0.955315 0.0159302 -0.295159 1.32883 3.24993 -0.114586</i>
                        <i>-0.0664869 0.960428 0.270475 0.288723 0.277997 -0.916164 -0.955101 0.0171796 -0.295781 1.32914 3.25242 -0.114986</i>
                        <i>-0.0695165 0.957955 0.278369 0.289138 0.286415 -0.913436 -0.95476 0.0169883 -0.296892 1.32959 3.25477 -0.115602</i>
                        <i>-0.0750827 0.954576 0.288353 0.289244 0.297585 -0.909825 -0.954306 0.015092 -0.298449 1.33017 3.25679 -0.116404</i>
                        <i>-0.0834982 0.950089 0.300598 0.28879 0.311777 -0.905204 -0.953744 0.0112268 -0.300409 1.33085 3.25831 -0.117365</i>
                    </KeyFrames>
                </p>
            </i>
            <i>
                <p>
                    <Name><![CDATA[head_prop]]></Name>
                    <Exclude>0</Exclude>
                    <Additive>0</Additive>
                    <IKPriority>0</IKPriority>
                    <IKRotLimits>-1e+010 -1e+010 -1e+010 1e+010 1e+010 1e+010</IKRotLimits>
                    <IKRotLimitOrder>0</IKRotLimitOrder>
                    <KeyFrames count="30">
                        <i>0.953744 -0.0112268 0.300409 -0.0834982 0.950089 0.300598 -0.28879 -0.311777 0.905204 1.30364 3.56795 -0.0193973</i>
                        <i>0.953166 -0.00746933 0.302357 -0.0876987 0.949921 0.299933 -0.289455 -0.312402 0.904777 1.30291 3.56878 -0.0206308</i>
                        <i>0.952703 -0.00584448 0.303846 -0.0892556 0.95034 0.29814 -0.290499 -0.311159 0.90487 1.30315 3.56959 -0.0223733</i>
                        <i>0.952327 -0.00553754 0.30503 -0.0891533 0.951139 0.295611 -0.291763 -0.308712 0.905302 1.30401 3.57029 -0.0244496</i>
                        <i>0.951987 -0.00573992 0.306084 -0.088381 0.952099 0.292739 -0.293102 -0.305735 0.905879 1.30514 3.57082 -0.026682</i>
                        <i>0.951622 -0.00565086 0.307219 -0.0879402 0.953 0.289927 -0.294418 -0.302918 0.906399 1.3062 3.57111 -0.0288883</i>
                        <i>0.951155 -0.00447709 0.308682 -0.0888443 0.953624 0.287591 -0.295654 -0.300968 0.906646 1.30682 3.5711 -0.0308809</i>
                        <i>0.950495 -0.00143133 0.310737 -0.0921116 0.953748 0.286148 -0.296774 -0.300605 0.906401 1.30663 3.57073 -0.03247</i>
                        <i>0.949731 0.00269564 0.313056 -0.0965853 0.953708 0.284802 -0.297797 -0.300722 0.906026 1.30598 3.57011 -0.0338609</i>
                        <i>0.949065 0.00625973 0.315019 -0.100082 0.954014 0.282562 -0.298763 -0.299697 0.906048 1.30553 3.56942 -0.0353218</i>
                        <i>0.948574 0.00876763 0.316435 -0.102079 0.95469 0.279548 -0.299647 -0.297473 0.906489 1.30543 3.56869 -0.0367586</i>
                        <i>0.948307 0.0101513 0.317192 -0.102551 0.955668 0.276012 -0.300328 -0.294272 0.907308 1.30559 3.56786 -0.0380334</i>
                        <i>0.948273 0.0112062 0.317259 -0.102483 0.956675 0.272525 -0.300459 -0.290942 0.908337 1.30552 3.56661 -0.0388551</i>
                        <i>0.948463 0.0121884 0.316655 -0.102232 0.9576 0.269352 -0.299946 -0.287843 0.909494 1.30504 3.56489 -0.0391339</i>
                        <i>0.94885 0.0129311 0.315461 -0.10166 0.958462 0.266487 -0.298912 -0.284926 0.910752 1.30431 3.56287 -0.0389618</i>
                        <i>0.949409 0.0132678 0.313761 -0.100627 0.95928 0.263923 -0.297483 -0.282144 0.912085 1.30348 3.56073 -0.0384312</i>
                        <i>0.95011 0.0130308 0.311642 -0.0989924 0.960071 0.261657 -0.295789 -0.279453 0.913463 1.30271 3.55863 -0.0376337</i>
                        <i>0.950922 0.0120488 0.309196 -0.0966118 0.960849 0.259684 -0.293962 -0.276811 0.914856 1.30213 3.55674 -0.036659</i>
                        <i>0.951809 0.0101453 0.306522 -0.093339 0.961624 0.258007 -0.292141 -0.274184 0.916229 1.3019 3.55542 -0.0355935</i>
                        <i>0.952733 0.00713861 0.303726 -0.0890239 0.962401 0.256632 -0.290474 -0.27154 0.917546 1.30214 3.55489 -0.0345201</i>
                        <i>0.953645 0.00284095 0.300919 -0.0835131 0.963177 0.255569 -0.289112 -0.268853 0.918767 1.303 3.55517 -0.0335178</i>
                        <i>0.954425 -0.00174403 0.298447 -0.0780542 0.96372 0.255246 -0.288065 -0.266908 0.919662 1.30403 3.55603 -0.0325155</i>
                        <i>0.954961 -0.00615434 0.296668 -0.0732534 0.963951 0.255796 -0.287548 -0.266007 0.920085 1.30511 3.55746 -0.0315882</i>
                        <i>0.955271 -0.0101584 0.295557 -0.0693775 0.963821 0.257362 -0.287478 -0.266356 0.920006 1.30612 3.55932 -0.0306632</i>
                        <i>0.955381 -0.0135029 0.295069 -0.0667429 0.96325 0.260182 -0.287738 -0.268266 0.919369 1.30694 3.5614 -0.0296315</i>
                        <i>0.955315 -0.0159302 0.295159 -0.0656711 0.962153 0.264481 -0.288201 -0.272046 0.918113 1.30743 3.5635 -0.0283889</i>
                        <i>0.955101 -0.0171796 0.295781 -0.0664869 0.960428 0.270475 -0.288723 -0.277997 0.916164 1.30747 3.56543 -0.0268361</i>
                        <i>0.95476 -0.0169883 0.296892 -0.0695165 0.957955 0.278369 -0.289138 -0.286415 0.913436 1.30694 3.56697 -0.0248785</i>
                        <i>0.954306 -0.015092 0.298449 -0.0750827 0.954576 0.288353 -0.289244 -0.297585 0.909825 1.3057 3.56789 -0.0224268</i>
                        <i>0.953744 -0.0112268 0.300409 -0.0834982 0.950089 0.300598 -0.28879 -0.311777 0.905204 1.30364 3.56795 -0.0193973</i>
                    </KeyFrames>
                </p>
            </i>
            <i>
                <p>
                    <Name><![CDATA[l_clav]]></Name>
                    <Exclude>0</Exclude>
                    <Additive>0</Additive>
                    <IKPriority>0</IKPriority>
                    <IKRotLimits>-1e+010 -1e+010 -1e+010 1e+010 1e+010 1e+010</IKRotLimits>
                    <IKRotLimitOrder>0</IKRotLimitOrder>
                    <KeyFrames count="30">
                        <i>0.22332 0.295245 0.928956 -0.70688 0.705253 -0.0542136 -0.671155 -0.644553 0.3662 1.48158 3.10079 -0.10054</i>
                        <i>0.222528 0.30045 0.927476 -0.713414 0.698571 -0.05513 -0.664472 -0.649406 0.369797 1.48301 3.10247 -0.101195</i>
                        <i>0.221015 0.306571 0.925833 -0.720597 0.691024 -0.0567977 -0.657185 -0.654599 0.373641 1.48463 3.10403 -0.101939</i>
                        <i>0.219006 0.313455 0.924003 -0.72813 0.682888 -0.0590796 -0.64951 -0.659856 0.377792 1.48637 3.10543 -0.102738</i>
                        <i>0.21673 0.320943 0.921967 -0.735723 0.674454 -0.0618335 -0.641669 -0.664912 0.3823 1.48817 3.10662 -0.10356</i>
                        <i>0.214425 0.328876 0.919708 -0.743101 0.666024 -0.0649118 -0.633895 -0.669517 0.3872 1.48994 3.10754 -0.104372</i>
                        <i>0.212339 0.33709 0.917214 -0.750003 0.657913 -0.0681635 -0.626424 -0.67344 0.392519 1.49161 3.10816 -0.105138</i>
                        <i>0.210732 0.34542 0.914482 -0.756184 0.650448 -0.0714348 -0.619498 -0.676463 0.398271 1.4931 3.10842 -0.105825</i>
                        <i>0.209869 0.3537 0.91151 -0.761412 0.643965 -0.074572 -0.613357 -0.678385 0.40446 1.49431 3.10829 -0.106398</i>
                        <i>0.21003 0.361762 0.908304 -0.765465 0.638803 -0.0774234 -0.608236 -0.679013 0.411084 1.49517 3.10772 -0.10682</i>
                        <i>0.211498 0.369435 0.904868 -0.768125 0.635303 -0.0798418 -0.604361 -0.678165 0.418138 1.4956 3.10668 -0.107057</i>
                        <i>0.214309 0.376522 0.901278 -0.769481 0.633428 -0.0816535 -0.601639 -0.676018 0.425476 1.49553 3.10513 -0.107079</i>
                        <i>0.218018 0.382733 0.897766 -0.770255 0.632372 -0.082538 -0.599312 -0.673514 0.43267 1.49495 3.10305 -0.106849</i>
                        <i>0.222362 0.387938 0.89446 -0.770726 0.631813 -0.0824233 -0.597107 -0.671056 0.439485 1.49389 3.10048 -0.106373</i>
                        <i>0.22722 0.392143 0.891401 -0.770823 0.631819 -0.0814638 -0.595149 -0.668602 0.445835 1.49246 3.0976 -0.105701</i>
                        <i>0.232472 0.39535 0.888626 -0.770475 0.632454 -0.0798161 -0.59357 -0.666109 0.451635 1.49074 3.09456 -0.104882</i>
                        <i>0.237998 0.397558 0.886174 -0.769605 0.633782 -0.0776381 -0.592507 -0.663527 0.456802 1.48884 3.09153 -0.103967</i>
                        <i>0.243675 0.398762 0.884088 -0.768136 0.635868 -0.0750882 -0.592106 -0.660802 0.461249 1.48684 3.08867 -0.103001</i>
                        <i>0.249379 0.398949 0.882411 -0.765984 0.638778 -0.0723238 -0.592519 -0.657877 0.464886 1.48484 3.08633 -0.102032</i>
                        <i>0.254979 0.398096 0.881196 -0.763061 0.642579 -0.0695002 -0.593905 -0.654685 0.467615 1.4829 3.08473 -0.101104</i>
                        <i>0.259154 0.393726 0.881941 -0.757983 0.648831 -0.0669287 -0.598582 -0.651151 0.466585 1.48111 3.08387 -0.10026</i>
                        <i>0.260207 0.384324 0.885769 -0.750698 0.657466 -0.0647383 -0.607244 -0.6481 0.459588 1.47964 3.08381 -0.0995633</i>
                        <i>0.258212 0.371341 0.89187 -0.742176 0.667243 -0.0629423 -0.618467 -0.645672 0.447891 1.47863 3.08466 -0.099089</i>
                        <i>0.253911 0.356082 0.899297 -0.732998 0.677464 -0.0612888 -0.631065 -0.643621 0.433023 1.47806 3.08624 -0.0988211</i>
                        <i>0.248062 0.339879 0.907165 -0.723851 0.687378 -0.0595978 -0.643821 -0.641868 0.416534 1.47788 3.08837 -0.0987407</i>
                        <i>0.241452 0.324119 0.914685 -0.715495 0.69622 -0.0578349 -0.655567 -0.640488 0.400009 1.47804 3.09086 -0.0988299</i>
                        <i>0.234881 0.310256 0.92118 -0.708757 0.703217 -0.0561273 -0.665203 -0.639709 0.385068 1.47853 3.09354 -0.0990715</i>
                        <i>0.229152 0.299795 0.926074 -0.704506 0.707584 -0.0547379 -0.671685 -0.639881 0.373352 1.47931 3.09621 -0.0994481</i>
                        <i>0.225051 0.294277 0.928845 -0.703608 0.708533 -0.0540004 -0.674009 -0.64139 0.366512 1.48033 3.09869 -0.0999433</i>
                        <i>0.22332 0.295245 0.928956 -0.70688 0.705253 -0.0542136 -0.671155 -0.644553 0.3662 1.48158 3.10079 -0.10054</i>
                    </KeyFrames>
                </p>
            </i>
            <i>
                <p>
                    <Name><![CDATA[l_shoulder]]></Name>
                    <Exclude>0</Exclude>
                    <Additive>0</Additive>
                    <IKPriority>0</IKPriority>
                    <IKRotLimits>-1e+010 -1e+010 -1e+010 1e+010 1e+010 1e+010</IKRotLimits>
                    <IKRotLimitOrder>0</IKRotLimitOrder>
                    <KeyFrames count="30">
                        <i>0.688232 -0.473781 0.549426 -0.621677 0.00524205 0.783256 -0.373972 -0.880627 -0.290931 1.52571 3.15913 0.0830013</i>
                        <i>0.686722 -0.479023 0.546763 -0.618839 0.00937686 0.785462 -0.381382 -0.877752 -0.289999 1.52697 3.16183 0.0820541</i>
                        <i>0.684877 -0.484959 0.543836 -0.615796 0.0137784 0.787786 -0.389537 -0.874429 -0.289199 1.52829 3.16461 0.0809861</i>
                        <i>0.682708 -0.491333 0.540834 -0.612726 0.0182992 0.790083 -0.398091 -0.87078 -0.288559 1.52964 3.16737 0.0798252</i>
                        <i>0.680248 -0.497892 0.537928 -0.609792 0.0228038 0.792233 -0.406713 -0.866939 -0.288098 1.53099 3.17003 0.0786006</i>
                        <i>0.677559 -0.504384 0.535267 -0.607136 0.0271676 0.794133 -0.41509 -0.863052 -0.287822 1.53231 3.17252 0.0773427</i>
                        <i>0.674723 -0.510562 0.532987 -0.604884 0.0312755 0.795699 -0.422923 -0.859272 -0.287729 1.53357 3.17476 0.0760834</i>
                        <i>0.671841 -0.516185 0.531209 -0.60315 0.0350209 0.796858 -0.429929 -0.855761 -0.287808 1.53473 3.17667 0.0748564</i>
                        <i>0.669026 -0.521014 0.530045 -0.602039 0.0383017 0.797547 -0.435835 -0.852688 -0.288046 1.53578 3.17817 0.0736968</i>
                        <i>0.666394 -0.524819 0.529607 -0.601657 0.0410194 0.797701 -0.440373 -0.850225 -0.288426 1.53667 3.1792 0.0726409</i>
                        <i>0.664053 -0.527369 0.530014 -0.602114 0.0430756 0.797248 -0.443275 -0.848543 -0.288932 1.53738 3.17967 0.0717255</i>
                        <i>0.662244 -0.528463 0.531187 -0.603285 0.0443881 0.79629 -0.444388 -0.847795 -0.289418 1.53787 3.17953 0.0709945</i>
                        <i>0.661626 -0.527791 0.532623 -0.604502 0.0448323 0.795341 -0.443653 -0.84819 -0.289389 1.53802 3.17867 0.0705307</i>
                        <i>0.662358 -0.525366 0.534109 -0.605512 0.0444171 0.794595 -0.441177 -0.849716 -0.288696 1.53783 3.17713 0.0703533</i>
                        <i>0.664145 -0.521505 0.535671 -0.606399 0.0432893 0.793981 -0.437254 -0.852149 -0.28749 1.53735 3.17508 0.0704206</i>
                        <i>0.666693 -0.516525 0.53733 -0.607246 0.0415942 0.793424 -0.432173 -0.855262 -0.285927 1.53668 3.17267 0.0706908</i>
                        <i>0.669702 -0.510743 0.539111 -0.608141 0.0394722 0.792847 -0.426221 -0.858827 -0.284169 1.53587 3.17007 0.0711223</i>
                        <i>0.672881 -0.504483 0.541043 -0.609177 0.037055 0.792168 -0.419684 -0.862626 -0.282386 1.53499 3.16745 0.0716755</i>
                        <i>0.675945 -0.498075 0.543158 -0.610456 0.0344645 0.7913 -0.412846 -0.866449 -0.280757 1.53411 3.16515 0.0723132</i>
                        <i>0.678362 -0.492479 0.545243 -0.61196 0.0319693 0.790242 -0.406609 -0.869737 -0.27969 1.53328 3.16338 0.0730009</i>
                        <i>0.680267 -0.487351 0.547472 -0.614095 0.0288197 0.788706 -0.400155 -0.87273 -0.279675 1.53231 3.16166 0.0739923</i>
                        <i>0.682362 -0.482074 0.549533 -0.6165 0.024462 0.786975 -0.392823 -0.875789 -0.280507 1.53105 3.15975 0.0754456</i>
                        <i>0.684338 -0.477407 0.551147 -0.618815 0.0195499 0.785293 -0.38568 -0.878465 -0.282048 1.52965 3.15803 0.0771253</i>
                        <i>0.686111 -0.473455 0.552351 -0.620929 0.0145093 0.783733 -0.379076 -0.880698 -0.284027 1.52823 3.15659 0.0788606</i>
                        <i>0.687638 -0.470317 0.553133 -0.622681 0.00978053 0.782415 -0.373393 -0.882443 -0.286132 1.52689 3.15552 0.0804954</i>
                        <i>0.688856 -0.468142 0.553462 -0.623923 0.00580421 0.781464 -0.369049 -0.883634 -0.288087 1.52575 3.1549 0.081892</i>
                        <i>0.689672 -0.467138 0.553294 -0.624528 0.00300076 0.780997 -0.366494 -0.884179 -0.289671 1.52494 3.15484 0.0829338</i>
                        <i>0.689957 -0.467558 0.552584 -0.624396 0.00175402 0.781106 -0.366181 -0.883961 -0.290731 1.52458 3.15545 0.083524</i>
                        <i>0.689543 -0.469683 0.551296 -0.62346 0.00240311 0.781851 -0.368547 -0.882832 -0.291172 1.5248 3.15684 0.0835764</i>
                        <i>0.688232 -0.473781 0.549426 -0.621677 0.00524205 0.783256 -0.373972 -0.880627 -0.290931 1.52571 3.15913 0.0830013</i>
                    </KeyFrames>
                </p>
            </i>
            <i>
                <p>
                    <Name><![CDATA[l_elbow]]></Name>
                    <Exclude>0</Exclude>
                    <Additive>0</Additive>
                    <IKPriority>0</IKPriority>
                    <IKRotLimits>-1e+010 -1e+010 -1e+010 1e+010 1e+010 1e+010</IKRotLimits>
                    <IKRotLimitOrder>0</IKRotLimitOrder>
                    <KeyFrames count="30">
                        <i>-0.497109 -0.773852 -0.392475 -0.622638 0.00310809 0.782504 -0.604322 0.633359 -0.483374 1.74957 3.00502 0.261717</i>
                        <i>-0.499333 -0.775053 -0.387245 -0.619818 0.00725044 0.784712 -0.605386 0.631855 -0.484012 1.75035 3.00602 0.259904</i>
                        <i>-0.50137 -0.776628 -0.381413 -0.616795 0.0116607 0.787038 -0.606788 0.629851 -0.484867 1.75107 3.00686 0.257883</i>
                        <i>-0.503142 -0.778483 -0.375248 -0.613747 0.0161911 0.789337 -0.60841 0.627456 -0.485938 1.75171 3.00755 0.255746</i>
                        <i>-0.504596 -0.780524 -0.369005 -0.610834 0.0207058 0.791488 -0.610135 0.624783 -0.487219 1.75226 3.00808 0.253576</i>
                        <i>-0.505701 -0.782658 -0.362922 -0.608199 0.0250797 0.793388 -0.61185 0.621946 -0.488695 1.7527 3.00846 0.251453</i>
