<?xml version="1.0" encoding="ISO-8859-1" ?>
<Animl Version="1">
    <ModellingPackage><![CDATA[Maya.2010]]></ModellingPackage>
    <SrcFile><![CDATA[anims\turrets\mortar\blue\~src\mortar_m252\mortar_m252_aim_random_crewman_c.mb]]></SrcFile>
    <FramesPerSecond>30</FramesPerSecond>
    <TotalFrames>61</TotalFrames>
    <Skeleton>
        <RefFrame>
            <Name><![CDATA[soldier_ref_frame]]></Name>
            <Exclude>0</Exclude>
            <Additive>0</Additive>
            <IKPriority>0</IKPriority>
            <IKRotLimits>-1e+010 -1e+010 -1e+010 1e+010 1e+010 1e+010</IKRotLimits>
            <IKRotLimitOrder>0</IKRotLimitOrder>
            <KeyFrames count="61">
                <i>1 0 0 0 1 0 0 0 1 2.06 0.92 -0.34</i>
                <i>1 0 0 0 1 0 0 0 1 2.06 0.92 -0.34</i>
                <i>1 0 0 0 1 0 0 0 1 2.06 0.92 -0.34</i>
                <i>1 0 0 0 1 0 0 0 1 2.06 0.92 -0.34</i>
                <i>1 0 0 0 1 0 0 0 1 2.06 0.92 -0.34</i>
                <i>1 0 0 0 1 0 0 0 1 2.06 0.92 -0.34</i>
                <i>1 0 0 0 1 0 0 0 1 2.06 0.92 -0.34</i>
                <i>1 0 0 0 1 0 0 0 1 2.06 0.92 -0.34</i>
                <i>1 0 0 0 1 0 0 0 1 2.06 0.92 -0.34</i>
                <i>1 0 0 0 1 0 0 0 1 2.06 0.92 -0.34</i>
                <i>1 0 0 0 1 0 0 0 1 2.06 0.92 -0.34</i>
                <i>1 0 0 0 1 0 0 0 1 2.06 0.92 -0.34</i>
                <i>1 0 0 0 1 0 0 0 1 2.06 0.92 -0.34</i>
                <i>1 0 0 0 1 0 0 0 1 2.06 0.92 -0.34</i>
                <i>1 0 0 0 1 0 0 0 1 2.06 0.92 -0.34</i>
                <i>1 0 0 0 1 0 0 0 1 2.06 0.92 -0.34</i>
                <i>1 0 0 0 1 0 0 0 1 2.06 0.92 -0.34</i>
                <i>1 0 0 0 1 0 0 0 1 2.06 0.92 -0.34</i>
                <i>1 0 0 0 1 0 0 0 1 2.06 0.92 -0.34</i>
                <i>1 0 0 0 1 0 0 0 1 2.06 0.92 -0.34</i>
                <i>1 0 0 0 1 0 0 0 1 2.06 0.92 -0.34</i>
                <i>1 0 0 0 1 0 0 0 1 2.06 0.92 -0.34</i>
                <i>1 0 0 0 1 0 0 0 1 2.06 0.92 -0.34</i>
                <i>1 0 0 0 1 0 0 0 1 2.06 0.92 -0.34</i>
                <i>1 0 0 0 1 0 0 0 1 2.06 0.92 -0.34</i>
                <i>1 0 0 0 1 0 0 0 1 2.06 0.92 -0.34</i>
                <i>1 0 0 0 1 0 0 0 1 2.06 0.92 -0.34</i>
                <i>1 0 0 0 1 0 0 0 1 2.06 0.92 -0.34</i>
                <i>1 0 0 0 1 0 0 0 1 2.06 0.92 -0.34</i>
                <i>1 0 0 0 1 0 0 0 1 2.06 0.92 -0.34</i>
                <i>1 0 0 0 1 0 0 0 1 2.06 0.92 -0.34</i>
                <i>1 0 0 0 1 0 0 0 1 2.06 0.92 -0.34</i>
                <i>1 0 0 0 1 0 0 0 1 2.06 0.92 -0.34</i>
                <i>1 0 0 0 1 0 0 0 1 2.06 0.92 -0.34</i>
                <i>1 0 0 0 1 0 0 0 1 2.06 0.92 -0.34</i>
                <i>1 0 0 0 1 0 0 0 1 2.06 0.92 -0.34</i>
                <i>1 0 0 0 1 0 0 0 1 2.06 0.92 -0.34</i>
                <i>1 0 0 0 1 0 0 0 1 2.06 0.92 -0.34</i>
                <i>1 0 0 0 1 0 0 0 1 2.06 0.92 -0.34</i>
                <i>1 0 0 0 1 0 0 0 1 2.06 0.92 -0.34</i>
                <i>1 0 0 0 1 0 0 0 1 2.06 0.92 -0.34</i>
                <i>1 0 0 0 1 0 0 0 1 2.06 0.92 -0.34</i>
                <i>1 0 0 0 1 0 0 0 1 2.06 0.92 -0.34</i>
                <i>1 0 0 0 1 0 0 0 1 2.06 0.92 -0.34</i>
                <i>1 0 0 0 1 0 0 0 1 2.06 0.92 -0.34</i>
                <i>1 0 0 0 1 0 0 0 1 2.06 0.92 -0.34</i>
                <i>1 0 0 0 1 0 0 0 1 2.06 0.92 -0.34</i>
                <i>1 0 0 0 1 0 0 0 1 2.06 0.92 -0.34</i>
                <i>1 0 0 0 1 0 0 0 1 2.06 0.92 -0.34</i>
                <i>1 0 0 0 1 0 0 0 1 2.06 0.92 -0.34</i>
                <i>1 0 0 0 1 0 0 0 1 2.06 0.92 -0.34</i>
                <i>1 0 0 0 1 0 0 0 1 2.06 0.92 -0.34</i>
                <i>1 0 0 0 1 0 0 0 1 2.06 0.92 -0.34</i>
                <i>1 0 0 0 1 0 0 0 1 2.06 0.92 -0.34</i>
                <i>1 0 0 0 1 0 0 0 1 2.06 0.92 -0.34</i>
                <i>1 0 0 0 1 0 0 0 1 2.06 0.92 -0.34</i>
                <i>1 0 0 0 1 0 0 0 1 2.06 0.92 -0.34</i>
                <i>1 0 0 0 1 0 0 0 1 2.06 0.92 -0.34</i>
                <i>1 0 0 0 1 0 0 0 1 2.06 0.92 -0.34</i>
                <i>1 0 0 0 1 0 0 0 1 2.06 0.92 -0.34</i>
                <i>1 0 0 0 1 0 0 0 1 2.06 0.92 -0.34</i>
            </KeyFrames>
        </RefFrame>
        <Bones count="23">
            <i>
                <p>
                    <Name><![CDATA[pelvis]]></Name>
                    <Exclude>0</Exclude>
                    <Additive>0</Additive>
                    <IKPriority>0</IKPriority>
                    <IKRotLimits>-1e+010 -1e+010 -1e+010 1e+010 1e+010 1e+010</IKRotLimits>
                    <IKRotLimitOrder>2</IKRotLimitOrder>
                    <KeyFrames count="61">
                        <i>1 0 0 0 1 0 0 0 1 2.03956 2.01697 -0.0388203</i>
                        <i>1 0 0 0 1 0 0 0 1 2.12347 2.0294 -0.0603551</i>
                        <i>1 0 0 0 1 0 0 0 1 2.20998 2.04565 -0.0871888</i>
                        <i>1 0 0 0 1 0 0 0 1 2.29519 2.05999 -0.111373</i>
                        <i>1 0 0 0 1 0 0 0 1 2.37519 2.06668 -0.12496</i>
                        <i>1 0 0 0 1 0 0 0 1 2.44609 2.06 -0.12</i>
                        <i>1 0 0 0 1 0 0 0 1 2.51122 1.99318 -0.0851003</i>
                        <i>1 0 0 0 1 0 0 0 1 2.5732 1.91 -0.0255592</i>
                        <i>1 0 0 0 1 0 0 0 1 2.627 1.86796 0.041532</i>
                        <i>1 0 0 0 1 0 0 0 1 2.66761 1.83792 0.0990821</i>
                        <i>1 0 0 0 1 0 0 0 1 2.69 1.82 0.13</i>
                        <i>1 0 0 0 1 0 0 0 1 2.69 1.81828 0.13</i>
                        <i>1 0 0 0 1 0 0 0 1 2.69 1.81375 0.13</i>
                        <i>1 0 0 0 1 0 0 0 1 2.69 1.80734 0.13</i>
                        <i>1 0 0 0 1 0 0 0 1 2.69 1.8 0.13</i>
                        <i>1 0 0 0 1 0 0 0 1 2.69 1.79266 0.13</i>
                        <i>1 0 0 0 1 0 0 0 1 2.69 1.78625 0.13</i>
                        <i>1 0 0 0 1 0 0 0 1 2.69 1.78172 0.13</i>
                        <i>1 0 0 0 1 0 0 0 1 2.69 1.78 0.13</i>
                        <i>1 0 0 0 1 0 0 0 1 2.69 1.78172 0.13</i>
                        <i>1 0 0 0 1 0 0 0 1 2.69 1.78625 0.13</i>
                        <i>1 0 0 0 1 0 0 0 1 2.69 1.79266 0.13</i>
                        <i>1 0 0 0 1 0 0 0 1 2.69 1.8 0.13</i>
                        <i>1 0 0 0 1 0 0 0 1 2.69 1.80734 0.13</i>
                        <i>1 0 0 0 1 0 0 0 1 2.69 1.81375 0.13</i>
                        <i>1 0 0 0 1 0 0 0 1 2.69 1.81828 0.13</i>
                        <i>1 0 0 0 1 0 0 0 1 2.69 1.82 0.13</i>
                        <i>1 0 0 0 1 0 0 0 1 2.69 1.81582 0.123171</i>
                        <i>1 0 0 0 1 0 0 0 1 2.69 1.80528 0.105926</i>
                        <i>1 0 0 0 1 0 0 0 1 2.69 1.79141 0.083125</i>
                        <i>1 0 0 0 1 0 0 0 1 2.69 1.77722 0.0596297</i>
                        <i>1 0 0 0 1 0 0 0 1 2.69 1.76575 0.040301</i>
                        <i>1 0 0 0 1 0 0 0 1 2.69 1.76 0.03</i>
                        <i>1 0 0 0 1 0 0 0 1 2.69 1.76079 0.03</i>
                        <i>1 0 0 0 1 0 0 0 1 2.69 1.76294 0.03</i>
                        <i>1 0 0 0 1 0 0 0 1 2.69 1.76613 0.03</i>
                        <i>1 0 0 0 1 0 0 0 1 2.69 1.77003 0.03</i>
                        <i>1 0 0 0 1 0 0 0 1 2.69 1.77431 0.03</i>
                        <i>1 0 0 0 1 0 0 0 1 2.69 1.77864 0.03</i>
                        <i>1 0 0 0 1 0 0 0 1 2.69 1.7827 0.03</i>
                        <i>1 0 0 0 1 0 0 0 1 2.69 1.78617 0.03</i>
                        <i>1 0 0 0 1 0 0 0 1 2.69 1.78871 0.03</i>
                        <i>1 0 0 0 1 0 0 0 1 2.69 1.79 0.03</i>
                        <i>1 0 0 0 1 0 0 0 1 2.69 1.78957 0.03</i>
                        <i>1 0 0 0 1 0 0 0 1 2.69 1.7875 0.03</i>
                        <i>1 0 0 0 1 0 0 0 1 2.69 1.78432 0.03</i>
                        <i>1 0 0 0 1 0 0 0 1 2.69 1.78056 0.03</i>
                        <i>1 0 0 0 1 0 0 0 1 2.69 1.77672 0.03</i>
                        <i>1 0 0 0 1 0 0 0 1 2.69 1.77333 0.03</i>
                        <i>1 0 0 0 1 0 0 0 1 2.69 1.77092 0.03</i>
                        <i>1 0 0 0 1 0 0 0 1 2.69 1.77 0.03</i>
                        <i>1 0 0 0 1 0 0 0 1 2.65817 1.81132 0.0149443</i>
                        <i>1 0 0 0 1 0 0 0 1 2.59841 1.87958 -0.0134626</i>
                        <i>1 0 0 0 1 0 0 0 1 2.52256 1.95819 -0.0483417</i>
                        <i>1 0 0 0 1 0 0 0 1 2.44247 2.03053 -0.0828138</i>
                        <i>1 0 0 0 1 0 0 0 1 2.37 2.08 -0.11</i>
                        <i>1 0 0 0 1 0 0 0 1 2.30465 2.08428 -0.130386</i>
                        <i>1 0 0 0 1 0 0 0 1 2.2385 2.05579 -0.143272</i>
                        <i>1 0 0 0 1 0 0 0 1 2.17224 2.03 -0.14</i>
                        <i>1 0 0 0 1 0 0 0 1 2.10596 2.02196 -0.0984985</i>
                        <i>1 0 0 0 1 0 0 0 1 2.03956 2.01697 -0.0388203</i>
                    </KeyFrames>
                </p>
            </i>
            <i>
                <p>
                    <Name><![CDATA[spine0]]></Name>
                    <Exclude>0</Exclude>
                    <Additive>0</Additive>
                    <IKPriority>0</IKPriority>
                    <IKRotLimits>-1e+010 -1e+010 -1e+010 1e+010 1e+010 1e+010</IKRotLimits>
                    <IKRotLimitOrder>0</IKRotLimitOrder>
                    <KeyFrames count="61">
                        <i>0.040128 0.998536 -0.0362579 0.596242 0.00518903 0.802788 0.801801 -0.0538328 -0.595161 1.98043 2.14398 -0.00614002</i>
                        <i>0.0281957 0.999555 0.00971567 0.373028 -0.0195389 0.927614 0.927392 -0.0225306 -0.373413 2.06095 2.15665 -0.0359731</i>
                        <i>0.00695929 0.99845 0.0552244 0.123799 -0.0556612 0.990745 0.992283 -5.81446e-005 -0.123994 2.14606 2.17339 -0.0700753</i>
                        <i>0.00449264 0.997549 0.0698212 -0.129928 -0.0686477 0.989144 0.991513 -0.0135156 0.129302 2.23388 2.18989 -0.103465</i>
                        <i>0.0409752 0.997607 0.0556834 -0.365071 -0.0369288 0.930247 0.930077 -0.0584455 0.362685 2.32162 2.20016 -0.128314</i>
                        <i>0.111548 0.993072 0.0369356 -0.566481 0.0330055 0.823413 0.81649 -0.112774 0.566239 2.404 2.19671 -0.135353</i>
                        <i>0.248543 0.96845 0.0181732 -0.732197 0.175561 0.658078 0.634125 -0.176867 0.752731 2.48958 2.13201 -0.116005</i>
                        <i>0.210469 0.972777 0.0969978 -0.85196 0.133854 0.506209 0.479444 -0.189179 0.856939 2.54658 2.04739 -0.0588905</i>
                        <i>0.14879 0.975852 0.159922 -0.913409 0.0736644 0.400322 0.378874 -0.205638 0.902312 2.59104 2.00245 0.00527021</i>
                        <i>0.209423 0.961766 0.176488 -0.938505 0.147033 0.312395 0.274501 -0.231058 0.933414 2.64035 1.97204 0.054741</i>
                        <i>0.299749 0.93841 0.171862 -0.921532 0.238195 0.306662 0.246838 -0.250298 0.936174 2.67264 1.95431 0.0814631</i>
                        <i>0.304067 0.936504 0.17465 -0.920616 0.24172 0.306655 0.244967 -0.254029 0.93566 2.67326 1.95272 0.0816131</i>
                        <i>0.315756 0.931183 0.182198 -0.917964 0.251209 0.30698 0.240084 -0.264182 0.934113 2.67493 1.94853 0.0820165</i>
                        <i>0.332945 0.922938 0.19322 -0.913609 0.265025 0.308351 0.23338 -0.279192 0.931443 2.67734 1.94258 0.082606</i>
                        <i>0.353663 0.912305 0.206451 -0.907666 0.281402 0.311377 0.225975 -0.297511 0.92759 2.68017 1.93572 0.0833107</i>
                        <i>0.375764 0.900034 0.220771 -0.900534 0.298407 0.316215 0.218725 -0.317634 0.922642 2.68311 1.92881 0.0840506</i>
                        <i>0.396946 0.887169 0.235297 -0.892997 0.314052 0.322377 0.212108 -0.338086 0.916901 2.68584 1.92274 0.0847356</i>
                        <i>0.414838 0.875043 0.249416 -0.886217 0.326439 0.32872 0.206225 -0.357403 0.910898 2.68805 1.91843 0.0852675</i>
                        <i>0.427077 0.865199 0.262745 -0.881606 0.333858 0.333631 0.200938 -0.374124 0.905348 2.6895 1.91682 0.0855436</i>
                        <i>0.433868 0.858029 0.274854 -0.879367 0.336863 0.336508 0.196145 -0.387698 0.900676 2.69023 1.91853 0.0855177</i>
                        <i>0.43743 0.85271 0.285553 -0.878547 0.33749 0.338017 0.191859 -0.39873 0.896774 2.69055 1.92298 0.0852599</i>
                        <i>0.438463 0.849011 0.294839 -0.878838 0.336351 0.338396 0.188133 -0.40749 0.893621 2.69056 1.92925 0.0848423</i>
                        <i>0.437682 0.846661 0.302654 -0.879884 0.334047 0.337959 0.185036 -0.414219 0.89117 2.69035 1.93642 0.0843376</i>
                        <i>0.435809 0.845368 0.308906 -0.881316 0.33118 0.337048 0.182626 -0.419133 0.889368 2.69002 1.94359 0.0838187</i>
                        <i>0.433572 0.84483 0.313492 -0.882768 0.328361 0.336004 0.180928 -0.422423 0.888158 2.68966 1.94984 0.0833585</i>
                        <i>0.431701 0.844739 0.316308 -0.883888 0.326213 0.335152 0.179932 -0.424266 0.887481 2.68938 1.95426 0.0830294</i>
                        <i>0.430918 0.844779 0.317265 -0.884336 0.325359 0.334799 0.179606 -0.42484 0.887273 2.68926 1.95593 0.0829036</i>
                        <i>0.4186 0.851155 0.316717 -0.889957 0.314958 0.329817 0.180972 -0.419926 0.889332 2.68804 1.9517 0.0759722</i>
                        <i>0.387727 0.866521 0.314338 -0.902721 0.287975 0.319635 0.186449 -0.40769 0.893882 2.68479 1.94101 0.0585347</i>
                        <i>0.34792 0.885083 0.309158 -0.916387 0.251426 0.311479 0.197955 -0.391679 0.898555 2.68022 1.92685 0.0356225</i>
                        <i>0.308852 0.901997 0.301682 -0.926597 0.213806 0.309362 0.214543 -0.375085 0.901822 2.67531 1.91225 0.0122169</i>
                        <i>0.278702 0.914211 0.294181 -0.932045 0.183623 0.312369 0.231553 -0.361248 0.903263 2.67121 1.90038 -0.00677126</i>
                        <i>0.263394 0.920077 0.289968 -0.933804 0.167724 0.316035 0.242142 -0.354015 0.90335 2.66901 1.89452 -0.0164875</i>
                        <i>0.263269 0.920054 0.290156 -0.933762 0.167438 0.31631 0.24244 -0.354211 0.903193 2.66896 1.89538 -0.0162525</i>
                        <i>0.262934 0.919991 0.290658 -0.933651 0.166673 0.317042 0.243231 -0.354735 0.902775 2.66883 1.89772 -0.0156339</i>
                        <i>0.262448 0.9199 0.291386 -0.933491 0.165567 0.318091 0.244368 -0.355488 0.902171 2.66862 1.90117 -0.0147609</i>
                        <i>0.261869 0.919792 0.292244 -0.933304 0.164261 0.319313 0.245697 -0.356371 0.901461 2.66835 1.90535 -0.0137634</i>
                        <i>0.261257 0.919684 0.293132 -0.933118 0.162903 0.320552 0.247054 -0.357273 0.900733 2.66804 1.90989 -0.0127721</i>
                        <i>0.260668 0.919594 0.293938 -0.932963 0.161651 0.321635 0.248258 -0.358073 0.900084 2.6677 1.91444 -0.0119192</i>
                        <i>0.260157 0.919545 0.294543 -0.932878 0.160669 0.322374 0.249113 -0.35864 0.899622 2.66734 1.91862 -0.0113377</i>
                        <i>0.25978 0.91956 0.294828 -0.932903 0.160127 0.32257 0.249412 -0.358843 0.899458 2.667 1.92208 -0.0111605</i>
                        <i>0.259496 0.91965 0.294799 -0.93306 0.160004 0.322177 0.249121 -0.358669 0.899608 2.66661 1.92449 -0.0114013</i>
                        <i>0.259235 0.919794 0.294577 -0.933324 0.160131 0.321348 0.248403 -0.358241 0.899977 2.66615 1.92553 -0.0119349</i>
                        <i>0.259003 0.919974 0.294219 -0.933669 0.16046 0.320181 0.247347 -0.357631 0.900511 2.66564 1.92477 -0.0126851</i>
                        <i>0.258805 0.920171 0.293779 -0.934067 0.160939 0.318776 0.246048 -0.35691 0.901153 2.66511 1.92232 -0.0135761</i>
                        <i>0.258644 0.920366 0.293307 -0.934489 0.161512 0.317244 0.244608 -0.356145 0.901847 2.66458 1.91874 -0.0145324</i>
                        <i>0.258521 0.920547 0.292847 -0.934906 0.162121 0.315702 0.243142 -0.3554 0.902537 2.66409 1.91456 -0.0154793</i>
                        <i>0.258433 0.920703 0.292437 -0.935285 0.162706 0.314274 0.241772 -0.354731 0.903168 2.66367 1.91034 -0.0163427</i>
                        <i>0.258377 0.920823 0.292108 -0.935596 0.163202 0.31309 0.240628 -0.35419 0.903686 2.66333 1.90664 -0.0170494</i>
                        <i>0.258346 0.920901 0.291889 -0.935805 0.163546 0.312283 0.239845 -0.353829 0.904035 2.66311 1.90401 -0.0175267</i>
                        <i>0.258337 0.920929 0.291809 -0.935882 0.163674 0.311986 0.239555 -0.353697 0.904164 2.66303 1.90302 -0.017702</i>
                        <i>0.223438 0.929733 0.292697 -0.92509 0.107676 0.364164 0.307059 -0.352139 0.884145 2.62546 1.94435 -0.028953</i>
                        <i>0.176325 0.937898 0.298758 -0.882845 0.0164593 0.469377 0.43531 -0.346519 0.830921 2.55669 2.01254 -0.0492025</i>
                        <i>0.149533 0.942697 0.298266 -0.789188 -0.0679405 0.610382 0.59567 -0.32666 0.733805 2.473 2.09082 -0.0738393</i>
                        <i>0.153705 0.948531 0.276882 -0.644488 -0.116168 0.755739 0.749007 -0.294607 0.593461 2.38874 2.163 -0.0989582</i>
                        <i>0.16797 0.958274 0.231292 -0.472102 -0.127774 0.872235 0.865394 -0.255703 0.430941 2.31418 2.21227 -0.119247</i>
                        <i>0.167029 0.970753 0.172452 -0.279583 -0.121096 0.952454 0.945481 -0.207302 0.25118 2.24587 2.21556 -0.133035</i>
                        <i>0.148326 0.982828 0.109766 -0.0592431 -0.101964 0.993023 0.987162 -0.153794 0.0431019 2.17658 2.18552 -0.13778</i>
                        <i>0.114412 0.991979 0.0537349 0.172773 -0.0731347 0.982243 0.978294 -0.103097 -0.179754 2.10846 2.15806 -0.12486</i>
                        <i>0.0746649 0.99718 0.00753705 0.397322 -0.0366805 0.916946 0.914637 -0.0654691 -0.39894 2.04296 2.14885 -0.0734851</i>
                        <i>0.040128 0.998536 -0.0362579 0.596242 0.00518903 0.802788 0.801801 -0.0538328 -0.595161 1.98043 2.14398 -0.00614002</i>
                    </KeyFrames>
                </p>
            </i>
            <i>
                <p>
                    <Name><![CDATA[spine1]]></Name>
                    <Exclude>0</Exclude>
                    <Additive>0</Additive>
                    <IKPriority>0</IKPriority>
                    <IKRotLimits>-1e+010 -1e+010 -1e+010 1e+010 1e+010 1e+010</IKRotLimits>
                    <IKRotLimitOrder>0</IKRotLimitOrder>
                    <KeyFrames count="61">
                        <i>0.363068 0.92081 -0.142444 0.557931 -0.0924072 0.824727 0.746254 -0.378905 -0.547298 1.98781 2.32927 -0.012817</i>
                        <i>0.33481 0.941623 -0.0353313 0.32189 -0.0790528 0.943471 0.885601 -0.327257 -0.329566 2.06605 2.33984 -0.0341657</i>
                        <i>0.280054 0.958198 0.0585333 0.0569596 -0.0774515 0.995368 0.958293 -0.275423 -0.0762692 2.14726 2.35399 -0.060079</i>
                        <i>0.239612 0.965312 0.10373 -0.211517 -0.0523719 0.97597 0.947548 -0.255795 0.191631 2.23464 2.36833 -0.0909818</i>
                        <i>0.248372 0.962716 0.107187 -0.453182 0.0176873 0.891243 0.856118 -0.269935 0.440678 2.32886 2.37732 -0.118439</i>
                        <i>0.308144 0.945027 0.109417 -0.646569 0.12367 0.752764 0.69785 -0.302705 0.649133 2.42374 2.37276 -0.128825</i>
                        <i>0.441699 0.886425 0.138393 -0.778012 0.301637 0.551101 0.446765 -0.351092 0.822882 2.53388 2.30472 -0.112795</i>
                        <i>0.413148 0.868947 0.272469 -0.87521 0.296202 0.382455 0.251627 -0.396478 0.882887 2.58458 2.22318 -0.0414113</i>
                        <i>0.361696 0.849079 0.385021 -0.923963 0.271371 0.269539 0.124377 -0.453236 0.882671 2.61835 2.1818 0.0345924</i>
                        <i>0.405038 0.797674 0.446835 -0.913908 0.367521 0.172337 -0.0267528 -0.478169 0.87786 2.67943 2.15163 0.087606</i>
                        <i>0.482158 0.745438 0.460267 -0.870785 0.465475 0.158327 -0.0962194 -0.477132 0.873548 2.7291 2.13117 0.113752</i>
                        <i>0.485002 0.741173 0.46415 -0.868765 0.469104 0.158709 -0.100104 -0.480212 0.871422 2.73055 2.12928 0.114438</i>
                        <i>0.492647 0.729353 0.474703 -0.863176 0.47886 0.160066 -0.110572 -0.488608 0.865469 2.73448 2.12426 0.116296</i>
                        <i>0.50377 0.711331 0.490126 -0.854633 0.49302 0.162892 -0.125772 -0.500938 0.856296 2.74023 2.11701 0.119017</i>
                        <i>0.51694 0.688511 0.50865 -0.843839 0.509758 0.167581 -0.143907 -0.515848 0.844507 2.7471 2.10847 0.122294</i>
                        <i>0.530549 0.662519 0.528759 -0.831759 0.527132 0.174093 -0.163386 -0.532165 0.830726 2.75439 2.09962 0.125837</i>
                        <i>0.542818 0.635271 0.549345 -0.819687 0.543202 0.181782 -0.182924 -0.548966 0.815583 2.76132 2.09153 0.129388</i>
                        <i>0.551866 0.608955 0.569752 -0.809213 0.556154 0.189388 -0.201541 -0.565567 0.799697 2.76715 2.08537 0.13273</i>
                        <i>0.555802 0.585944 0.589706 -0.802104 0.564376 0.195214 -0.218431 -0.581506 0.78367 2.77115 2.08233 0.135683</i>
                        <i>0.554981 0.566977 0.608715 -0.798457 0.568356 0.198588 -0.233372 -0.596245 0.768134 2.77341 2.08312 0.138114</i>
                        <i>0.551515 0.551091 0.626203 -0.796885 0.569988 0.200219 -0.246589 -0.609436 0.753513 2.77463 2.08698 0.14005</i>
                        <i>0.546243 0.538142 0.641889 -0.79693 0.56985 0.200435 -0.257918 -0.621026 0.740138 2.77504 2.09294 0.141553</i>
                        <i>0.540031 0.527962 0.655456 -0.798097 0.568493 0.19964 -0.26722 -0.630929 0.728369 2.77486 2.10001 0.142679</i>
                        <i>0.533749 0.52037 0.666579 -0.799879 0.566464 0.198272 -0.274418 -0.63901 0.718583 2.77432 2.10723 0.143475</i>
                        <i>0.528252 0.515183 0.674934 -0.801766 0.564315 0.196774 -0.279501 -0.645085 0.711157 2.77365 2.11361 0.143986</i>
                        <i>0.524371 0.512215 0.680199 -0.803257 0.562609 0.195572 -0.282511 -0.648928 0.706456 2.77308 2.11815 0.144256</i>
                        <i>0.522905 0.511272 0.682035 -0.803863 0.561915 0.195081 -0.283506 -0.650272 0.70482 2.77284 2.11989 0.144335</i>
                        <i>0.513148 0.521575 0.681644 -0.812086 0.552125 0.188876 -0.27784 -0.650475 0.706886 2.7691 2.11663 0.137202</i>
                        <i>0.489511 0.54697 0.67912 -0.83182 0.526581 0.175464 -0.261638 -0.650797 0.712747 2.75957 2.10824 0.119062</i>
                        <i>0.460741 0.579104 0.672574 -0.855474 0.491608 0.162748 -0.236395 -0.650354 0.721912 2.74696 2.09672 0.0948302</i>
                        <i>0.434511 0.610524 0.662164 -0.876708 0.455146 0.155644 -0.206356 -0.648153 0.733017 2.7342 2.08435 0.0696579</i>
                        <i>0.415972 0.635288 0.650674 -0.891615 0.425648 0.154421 -0.178856 -0.644386 0.74349 2.72407 2.07391 0.048952</i>
                        <i>0.407819 0.648586 0.642667 -0.89846 0.410436 0.155922 -0.162645 -0.640998 0.750112 2.71879 2.06852 0.0382433</i>
                        <i>0.408362 0.648917 0.641987 -0.898297 0.410638 0.156327 -0.162181 -0.640533 0.75061 2.71869 2.0693 0.0384887</i>
                        <i>0.409819 0.649786 0.640177 -0.897853 0.411199 0.157403 -0.160962 -0.639291 0.751929 2.71843 2.07142 0.0391368</i>
                        <i>0.411935 0.651001 0.637579 -0.897191 0.41205 0.158943 -0.159242 -0.637504 0.753811 2.71805 2.07456 0.0400562</i>
                        <i>0.41445 0.652371 0.634542 -0.896378 0.413123 0.160738 -0.157283 -0.635407 0.75599 2.71758 2.07839 0.0411142</i>
                        <i>0.417108 0.653693 0.631432 -0.895479 0.414354 0.162568 -0.155367 -0.633242 0.758199 2.71706 2.0826 0.0421753</i>
                        <i>0.419649 0.654758 0.628639 -0.89456 0.415691 0.164203 -0.153806 -0.631263 0.760165 2.71654 2.08688 0.0431012</i>
                        <i>0.421818 0.655351 0.626566 -0.893689 0.417088 0.165402 -0.152937 -0.629725 0.761615 2.71605 2.09091 0.043751</i>
                        <i>0.423355 0.655257 0.625626 -0.892932 0.418505 0.165912 -0.153113 -0.628881 0.762276 2.71564 2.09438 0.0439831</i>
                        <i>0.424411 0.654403 0.625805 -0.892194 0.42015 0.165722 -0.154483 -0.628674 0.76217 2.71525 2.09697 0.0437896</i>
                        <i>0.425306 0.652968 0.626696 -0.891364 0.42217 0.165054 -0.156797 -0.628813 0.761583 2.71482 2.09833 0.0433065</i>
                        <i>0.426042 0.651128 0.628109 -0.890478 0.424441 0.164008 -0.159805 -0.629191 0.760645 2.71437 2.09799 0.0426098</i>
                        <i>0.426623 0.649055 0.629857 -0.889574 0.426837 0.162691 -0.163251 -0.629712 0.759481 2.71392 2.09603 0.0417752</i>
                        <i>0.42706 0.646914 0.631762 -0.888691 0.429229 0.161216 -0.166878 -0.63029 0.758213 2.7135 2.09295 0.040877</i>
                        <i>0.427366 0.644857 0.633654 -0.88787 0.431487 0.159706 -0.170426 -0.630856 0.756952 2.71312 2.08927 0.0399877</i>
                        <i>0.427563 0.643028 0.635378 -0.887153 0.433477 0.158292 -0.173636 -0.631357 0.755803 2.7128 2.08551 0.0391778</i>
                        <i>0.427672 0.641562 0.636785 -0.886585 0.435067 0.15711 -0.176248 -0.631755 0.754865 2.71254 2.08217 0.0385157</i>
                        <i>0.42772 0.640588 0.637733 -0.886211 0.436119 0.156299 -0.178004 -0.632018 0.754233 2.71238 2.0798 0.0380689</i>
                        <i>0.42773 0.640233 0.638081 -0.886077 0.4365 0.155999 -0.178647 -0.632115 0.754 2.71232 2.07889 0.0379048</i>
                        <i>0.416175 0.653955 0.631776 -0.905096 0.364543 0.218881 -0.087171 -0.662911 0.743606 2.66807 2.12184 0.0268057</i>
                        <i>0.41159 0.669748 0.618086 -0.90782 0.241501 0.34284 0.0803476 -0.702221 0.707411 2.59025 2.19138 0.00765587</i>
                        <i>0.43431 0.686865 0.582744 -0.854871 0.110438 0.506951 0.28385 -0.718345 0.635145 2.50141 2.27036 -0.0171269</i>
                        <i>0.481516 0.709722 0.514235 -0.736469 0.00956948 0.676404 0.475137 -0.704417 0.527296 2.41789 2.34346 -0.0463596</i>
                        <i>0.52501 0.742385 0.416209 -0.575585 -0.0505314 0.816179 0.626951 -0.668066 0.400776 2.34597 2.39422 -0.0753857</i>
                        <i>0.541718 0.785483 0.299262 -0.383116 -0.0861658 0.919672 0.748174 -0.612855 0.254254 2.27737 2.39922 -0.10044</i>
                        <i>0.52847 0.831363 0.171912 -0.153297 -0.105721 0.982509 0.834996 -0.54558 0.0715751 2.2044 2.37058 -0.117118</i>
                        <i>0.485622 0.872659 0.0513516 0.0956881 -0.111456 0.989152 0.868916 -0.47544 -0.137628 2.1298 2.34385 -0.114779</i>
                        <i>0.424788 0.903773 -0.0524369 0.340476 -0.105823 0.934279 0.838827 -0.414724 -0.352665 2.05679 2.33467 -0.0720446</i>
                        <i>0.363068 0.92081 -0.142444 0.557931 -0.0924072 0.824727 0.746254 -0.378905 -0.547298 1.98781 2.32927 -0.012817</i>
                    </KeyFrames>
                </p>
            </i>
            <i>
                <p>
                    <Name><![CDATA[spine2]]></Name>
                    <Exclude>0</Exclude>
                    <Additive>0</Additive>
                    <IKPriority>0</IKPriority>
                    <IKRotLimits>-1e+010 -1e+010 -1e+010 1e+010 1e+010 1e+010</IKRotLimits>
                    <IKRotLimitOrder>0</IKRotLimitOrder>
                    <KeyFrames count="61">
                        <i>0.479636 0.857525 -0.186009 0.506678 -0.0975908 0.856594 0.716399 -0.5051 -0.481297 2.04998 2.4863 -0.0372311</i>
                        <i>0.473502 0.880072 -0.0356357 0.257391 -0.0995642 0.961164 0.842345 -0.464285 -0.273667 2.12269 2.49849 -0.0401411</i>
                        <i>0.425987 0.897952 0.110535 -0.0195226 -0.113023 0.993401 0.904519 -0.425334 -0.030616 2.19403 2.51338 -0.0502828</i>
                        <i>0.370992 0.90403 0.212354 -0.298343 -0.10052 0.949151 0.879407 -0.415482 0.232419 2.27419 2.52715 -0.0737995</i>
                        <i>0.341539 0.901192 0.26684 -0.54759 -0.0399467 0.835793 0.76387 -0.431575 0.47984 2.3695 2.53461 -0.10078</i>
                        <i>0.343526 0.888513 0.304196 -0.743151 0.0591366 0.666505 0.574209 -0.455025 0.680614 2.47401 2.52691 -0.110813</i>
                        <i>0.400334 0.849139 0.344522 -0.869849 0.233863 0.434363 0.288263 -0.473572 0.832246 2.60631 2.45017 -0.0899014</i>
                        <i>0.3103 0.830752 0.462131 -0.945817 0.220896 0.23798 0.0956192 -0.510937 0.854284 2.65317 2.3676 0.00409765</i>
                        <i>0.218386 0.805087 0.551491 -0.975719 0.189839 0.109243 -0.0167444 -0.561957 0.826997 2.67936 2.32525 0.0999248</i>
                        <i>0.229734 0.772855 0.591538 -0.959719 0.280904 0.0057164 -0.161748 -0.569024 0.806257 2.74879 2.2885 0.164611</i>
                        <i>0.2963 0.742837 0.600332 -0.926025 0.377333 -0.00985394 -0.233845 -0.553003 0.79969 2.81243 2.26025 0.193816</i>
                        <i>0.298888 0.738839 0.603973 -0.924164 0.381871 -0.00980142 -0.237882 -0.55524 0.796945 2.81441 2.25767 0.195201</i>
                        <i>0.305864 0.727717 0.613902 -0.919008 0.394128 -0.00932141 -0.248739 -0.56133 0.789327 2.81974 2.25071 0.198966</i>
                        <i>0.316075 0.710693 0.6285 -0.911128 0.412052 -0.00772981 -0.264468 -0.5702 0.777771 2.82753 2.2405 0.204488</i>
                        <i>0.328243 0.689018 0.64615 -0.901153 0.433479 -0.00445324 -0.283161 -0.580818 0.763197 2.83686 2.22821 0.211152</i>
                        <i>0.340846 0.664115 0.665413 -0.889918 0.45612 0.000614704 -0.3031 -0.592373 0.746475 2.8467 2.21509 0.218402</i>
                        <i>0.3521 0.637658 0.68514 -0.878515 0.477664 0.00691724 -0.322856 -0.604342 0.728378 2.856 2.20251 0.225784</i>
                        <i>0.36003 0.611575 0.704524 -0.868273 0.49591 0.0132262 -0.341292 -0.616481 0.709557 2.86365 2.19201 0.232961</i>
                        <i>0.362602 0.587974 0.723053 -0.860672 0.508848 0.0178298 -0.357441 -0.628777 0.690562 2.8686 2.18521 0.239695</i>
                        <i>0.360186 0.567759 0.740213 -0.855869 0.516803 0.0200654 -0.371152 -0.640753 0.672073 2.87096 2.18292 0.245758</i>
                        <i>0.355067 0.550405 0.755634 -0.852826 0.521786 0.0206669 -0.382904 -0.651762 0.654668 2.87181 2.18421 0.251063</i>
                        <i>0.348176 0.535886 0.769156 -0.851232 0.524409 0.0199636 -0.392654 -0.661681 0.63875 2.87151 2.1881 0.255613</i>
                        <i>0.340471 0.524148 0.780608 -0.850745 0.525257 0.0183722 -0.40039 -0.670354 0.624751 2.87042 2.19356 0.259392</i>
                        <i>0.332907 0.515124 0.789823 -0.851002 0.524907 0.0163483 -0.406162 -0.677584 0.613117 2.86893 2.19959 0.262376</i>
                        <i>0.326415 0.508751 0.796634 -0.851637 0.523935 0.0143533 -0.410082 -0.683128 0.604292 2.86741 2.20516 0.264538</i>
                        <i>0.32189 0.50497 0.800869 -0.852283 0.522924 0.012837 -0.412311 -0.686699 0.598702 2.86622 2.20925 0.265853</i>
                        <i>0.320195 0.503724 0.802332 -0.852578 0.522457 0.0122355 -0.413021 -0.687969 0.596752 2.86575 2.21084 0.266297</i>
                        <i>0.310364 0.51286 0.800406 -0.858988 0.511971 0.0050342 -0.407203 -0.689101 0.599438 2.86013 2.20928 0.2589</i>
                        <i>0.28687 0.535176 0.794539 -0.874556 0.484805 -0.0107889 -0.39097 -0.691774 0.607117 2.84604 2.20502 0.239815</i>
                        <i>0.258971 0.563123 0.784746 -0.893671 0.447938 -0.0265169 -0.36645 -0.694438 0.61925 2.82789 2.19865 0.213765</i>
                        <i>0.234336 0.590322 0.772403 -0.911465 0.409743 -0.0366275 -0.338109 -0.695435 0.634076 2.81008 2.1912 0.186069</i>
                        <i>0.217483 0.611807 0.760522 -0.924544 0.378924 -0.0404403 -0.312922 -0.694341 0.648052 2.79633 2.18452 0.16275</i>
                        <i>0.210113 0.623309 0.753219 -0.930866 0.363077 -0.040787 -0.298899 -0.692576 0.656504 2.78938 2.18107 0.150241</i>
                        <i>0.210443 0.62354 0.752935 -0.930803 0.363251 -0.0406684 -0.298863 -0.692276 0.656837 2.78935 2.18185 0.150316</i>
                        <i>0.211331 0.624154 0.752178 -0.930633 0.363723 -0.0403467 -0.298767 -0.691475 0.657724 2.78925 2.18399 0.150513</i>
                        <i>0.212628 0.625031 0.751083 -0.930381 0.364419 -0.0398728 -0.29863 -0.690316 0.659002 2.78912 2.18715 0.150793</i>
                        <i>0.214183 0.626047 0.749794 -0.930075 0.365263 -0.0392974 -0.298474 -0.688947 0.660504 2.78895 2.19102 0.151117</i>
                        <i>0.215845 0.62707 0.748461 -0.929739 0.366183 -0.0386695 -0.298322 -0.687527 0.66205 2.78877 2.19526 0.151442</i>
                        <i>0.217459 0.627955 0.747251 -0.929399 0.367111 -0.0380364 -0.298209 -0.686223 0.663453 2.78858 2.19957 0.151728</i>
                        <i>0.218869 0.628551 0.746337 -0.92908 0.367977 -0.0374442 -0.298171 -0.685212 0.664514 2.78841 2.20361 0.15193</i>
                        <i>0.219916 0.628704 0.745901 -0.928808 0.368716 -0.0369394 -0.29825 -0.684675 0.665032 2.78826 2.20706 0.152004</i>
                        <i>0.220706 0.628389 0.745933 -0.92855 0.369413 -0.0364627 -0.29847 -0.684588 0.665022 2.78812 2.20961 0.151948</i>
                        <i>0.221438 0.62775 0.746254 -0.928267 0.370174 -0.0359426 -0.298807 -0.684764 0.66469 2.78797 2.21092 0.151805</i>
                        <i>0.222098 0.626883 0.746786 -0.927976 0.370953 -0.0354089 -0.29922 -0.685135 0.664121 2.78781 2.21051 0.151598</i>
                        <i>0.222673 0.625886 0.747451 -0.927692 0.371713 -0.0348887 -0.299674 -0.685636 0.6634 2.78765 2.20847 0.15135</i>
                        <i>0.223156 0.624847 0.748176 -0.927428 0.372417 -0.0344065 -0.300132 -0.686201 0.662608 2.7875 2.20531 0.151084</i>
                        <i>0.223544 0.623848 0.748894 -0.927194 0.373036 -0.0339822 -0.300564 -0.686774 0.661818 2.78737 2.20157 0.150822</i>
                        <i>0.223836 0.622961 0.749544 -0.927001 0.373547 -0.0336318 -0.300941 -0.687301 0.661099 2.78725 2.19775 0.150584</i>
                        <i>0.224038 0.622252 0.750073 -0.926856 0.373932 -0.0333679 -0.301239 -0.687733 0.660513 2.78716 2.19438 0.15039</i>
                        <i>0.224156 0.621782 0.750427 -0.926764 0.374174 -0.0332014 -0.301435 -0.688027 0.660118 2.78711 2.19197 0.150259</i>
                        <i>0.224194 0.621611 0.750558 -0.926732 0.374259 -0.033143 -0.301505 -0.688135 0.659973 2.78709 2.19106 0.150211</i>
                        <i>0.240369 0.61234 0.753168 -0.946915 0.318568 0.0432004 -0.213482 -0.723571 0.656408 2.74082 2.23634 0.137969</i>
                        <i>0.291009 0.594611 0.749501 -0.955044 0.226901 0.190805 -0.0566077 -0.771333 0.63391 2.6622 2.30847 0.116295</i>
                        <i>0.386076 0.585474 0.712857 -0.912868 0.131298 0.386564 0.132726 -0.799988 0.585152 2.57736 2.39028 0.0851913</i>
                        <i>0.503134 0.596133 0.625685 -0.804998 0.0599112 0.590245 0.314379 -0.800647 0.510029 2.50213 2.46723 0.0438411</i>
                        <i>0.59652 0.628345 0.499346 -0.650758 0.014504 0.759147 0.469763 -0.7778 0.417552 2.43773 2.52348 -0.00250557</i>
                        <i>0.64289 0.678987 0.354498 -0.463029 -0.0241734 0.886013 0.610161 -0.733752 0.29885 2.37178 2.53556 -0.0482097</i>
                        <i>0.646238 0.736496 0.199878 -0.234344 -0.0577427 0.970437 0.726264 -0.673973 0.135278 2.29612 2.51427 -0.0872476</i>
                        <i>0.610042 0.790528 0.0539918 0.0194844 -0.0830851 0.996352 0.79213 -0.606764 -0.0660884 2.21368 2.49395 -0.105904</i>
                        <i>0.54853 0.832915 -0.07326 0.275059 -0.0970127 0.95652 0.789593 -0.544831 -0.282315 2.12983 2.48939 -0.0810733</i>
                        <i>0.479636 0.857525 -0.186009 0.506678 -0.0975908 0.856594 0.716399 -0.5051 -0.481297 2.04998 2.4863 -0.0372311</i>
                    </KeyFrames>
                </p>
            </i>
            <i>
                <p>
                    <Name><![CDATA[head]]></Name>
                    <Exclude>0</Exclude>
                    <Additive>0</Additive>
                    <IKPriority>0</IKPriority>
                    <IKRotLimits>-1e+010 -1e+010 -1e+010 1e+010 1e+010 1e+010</IKRotLimits>
                    <IKRotLimitOrder>0</IKRotLimitOrder>
                    <KeyFrames count="61">
                        <i>0.0492038 0.998787 0.00167866 -0.774248 0.0392038 -0.631668 -0.630967 0.0297807 0.775238 2.1624 2.72406 -0.0777213</i>
                        <i>-0.0217491 0.996734 0.0777728 -0.693198 0.0410212 -0.719579 -0.720419 -0.0695622 0.690042 2.23263 2.73951 -0.0425356</i>
                        <i>-0.0937168 0.988182 0.1213 -0.603147 0.0405822 -0.796597 -0.792106 -0.147816 0.592215 2.29095 2.75604 -0.0157429</i>
                        <i>-0.126127 0.985245 0.115692 -0.507296 0.0361622 -0.861013 -0.852492 -0.167287 0.49525 2.35632 2.76898 -0.0139729</i>
                        <i>-0.0980233 0.991839 0.081531 -0.413269 0.0339584 -0.909975 -0.905318 -0.122893 0.406568 2.44318 2.77455 -0.0280318</i>
                        <i>-0.0247762 0.998145 0.0556194 -0.320445 0.0447712 -0.946209 -0.946943 -0.0412664 0.318741 2.54675 2.76404 -0.0301997</i>
                        <i>0.112484 0.99262 0.0452969 -0.215623 0.0688837 -0.974044 -0.969976 0.0997977 0.22178 2.6925 2.6805 -0.00259096</i>
                        <i>0.0628276 0.986504 0.151204 -0.179827 0.160213 -0.970564 -0.98169 0.0337877 0.187466 2.71374 2.59506 0.11844</i>
                        <i>-0.0151141 0.968826 0.247283 -0.220362 0.238003 -0.945936 -0.975301 -0.0687888 0.209896 2.71407 2.54786 0.234973</i>
                        <i>0.0252431 0.957718 0.286599 -0.228169 0.284643 -0.931084 -0.973294 -0.0418896 0.225707 2.78707 2.50649 0.307713</i>
                        <i>0.101337 0.948576 0.29989 -0.248503 0.316021 -0.915629 -0.963316 0.0182636 0.267749 2.86919 2.47346 0.338827</i>
                        <i>0.0994476 0.949312 0.298188 -0.231436 0.313523 -0.920946 -0.967754 0.0225742 0.250885 2.87198 2.47001 0.341199</i>
                        <i>0.0954535 0.951109 0.293735 -0.185165 0.306897 -0.933557 -0.978061 0.0347218 0.205407 2.8795 2.46062 0.347667</i>
                        <i>0.092431 0.953303 0.287525 -0.117182 0.297169 -0.947607 -0.9888 0.0538954 0.139178 2.89051 2.44668 0.357195</i>
                        <i>0.0930282 0.95519 0.280993 -0.0355664 0.285224 -0.957801 -0.995028 0.0791086 0.0605067 2.9037 2.42957 0.368755</i>
                        <i>0.0984161 0.956085 0.276073 0.0510722 0.272202 -0.960884 -0.993834 0.108666 -0.0220403 2.91761 2.41083 0.381411</i>
                        <i>0.107843 0.955426 0.274829 0.134232 0.259916 -0.956256 -0.985064 0.140017 -0.100219 2.93064 2.39221 0.394384</i>
                        <i>0.118802 0.952925 0.278962 0.206252 0.251139 -0.945722 -0.97126 0.16989 -0.166707 2.94112 2.37566 0.407087</i>
                        <i>0.127659 0.94861 0.289556 0.260597 0.249607 -0.932623 -0.95697 0.194515 -0.21534 2.94739 2.36331 0.419097</i>
                        <i>0.132791 0.943129 0.304753 0.300085 0.254787 -0.919256 -0.944624 0.213521 -0.249186 2.94965 2.3562 0.430018</i>
                        <i>0.135247 0.937236 0.321399 0.332054 0.262746 -0.905928 -0.933514 0.229246 -0.275677 2.9496 2.35331 0.439676</i>
                        <i>0.135324 0.931255 0.338306 0.357267 0.272614 -0.893332 -0.924147 0.241755 -0.295816 2.94784 2.35365 0.448028</i>
                        <i>0.133581 0.925516 0.354368 0.376403 0.283397 -0.882047 -0.916775 0.25121 -0.31051 2.94501 2.35622 0.455016</i>
                        <i>0.130756 0.920367 0.368548 0.390106 0.293989 -0.872575 -0.911438 0.257867 -0.3206 2.94173 2.35999 0.460572</i>
                        <i>0.127681 0.916189 0.379863 0.399038 0.30318 -0.865362 -0.908001 0.26207 -0.326883 2.93863 2.36395 0.464628</i>
