<?xml version="1.0" encoding="ISO-8859-1" ?>
<Animl Version="1">
    <ModellingPackage><![CDATA[Maya.2010]]></ModellingPackage>
    <SrcFile><![CDATA[anims\turrets\mortar\blue\~src\mortar_m252\mortar_m252_idle_crewman_b.mb]]></SrcFile>
    <FramesPerSecond>30</FramesPerSecond>
    <TotalFrames>61</TotalFrames>
    <Skeleton>
        <RefFrame>
            <Name><![CDATA[soldier_ref_frame]]></Name>
            <Exclude>0</Exclude>
            <Additive>0</Additive>
            <IKPriority>0</IKPriority>
            <IKRotLimits>-1e+010 -1e+010 -1e+010 1e+010 1e+010 1e+010</IKRotLimits>
            <IKRotLimitOrder>0</IKRotLimitOrder>
            <KeyFrames count="61">
                <i>1 0 0 0 1 0 0 0 1 -1.5 2.23 -0.42</i>
                <i>1 0 0 0 1 0 0 0 1 -1.5 2.23 -0.42</i>
                <i>1 0 0 0 1 0 0 0 1 -1.5 2.23 -0.42</i>
                <i>1 0 0 0 1 0 0 0 1 -1.5 2.23 -0.42</i>
                <i>1 0 0 0 1 0 0 0 1 -1.5 2.23 -0.42</i>
                <i>1 0 0 0 1 0 0 0 1 -1.5 2.23 -0.42</i>
                <i>1 0 0 0 1 0 0 0 1 -1.5 2.23 -0.42</i>
                <i>1 0 0 0 1 0 0 0 1 -1.5 2.23 -0.42</i>
                <i>1 0 0 0 1 0 0 0 1 -1.5 2.23 -0.42</i>
                <i>1 0 0 0 1 0 0 0 1 -1.5 2.23 -0.42</i>
                <i>1 0 0 0 1 0 0 0 1 -1.5 2.23 -0.42</i>
                <i>1 0 0 0 1 0 0 0 1 -1.5 2.23 -0.42</i>
                <i>1 0 0 0 1 0 0 0 1 -1.5 2.23 -0.42</i>
                <i>1 0 0 0 1 0 0 0 1 -1.5 2.23 -0.42</i>
                <i>1 0 0 0 1 0 0 0 1 -1.5 2.23 -0.42</i>
                <i>1 0 0 0 1 0 0 0 1 -1.5 2.23 -0.42</i>
                <i>1 0 0 0 1 0 0 0 1 -1.5 2.23 -0.42</i>
                <i>1 0 0 0 1 0 0 0 1 -1.5 2.23 -0.42</i>
                <i>1 0 0 0 1 0 0 0 1 -1.5 2.23 -0.42</i>
                <i>1 0 0 0 1 0 0 0 1 -1.5 2.23 -0.42</i>
                <i>1 0 0 0 1 0 0 0 1 -1.5 2.23 -0.42</i>
                <i>1 0 0 0 1 0 0 0 1 -1.5 2.23 -0.42</i>
                <i>1 0 0 0 1 0 0 0 1 -1.5 2.23 -0.42</i>
                <i>1 0 0 0 1 0 0 0 1 -1.5 2.23 -0.42</i>
                <i>1 0 0 0 1 0 0 0 1 -1.5 2.23 -0.42</i>
                <i>1 0 0 0 1 0 0 0 1 -1.5 2.23 -0.42</i>
                <i>1 0 0 0 1 0 0 0 1 -1.5 2.23 -0.42</i>
                <i>1 0 0 0 1 0 0 0 1 -1.5 2.23 -0.42</i>
                <i>1 0 0 0 1 0 0 0 1 -1.5 2.23 -0.42</i>
                <i>1 0 0 0 1 0 0 0 1 -1.5 2.23 -0.42</i>
                <i>1 0 0 0 1 0 0 0 1 -1.5 2.23 -0.42</i>
                <i>1 0 0 0 1 0 0 0 1 -1.5 2.23 -0.42</i>
                <i>1 0 0 0 1 0 0 0 1 -1.5 2.23 -0.42</i>
                <i>1 0 0 0 1 0 0 0 1 -1.5 2.23 -0.42</i>
                <i>1 0 0 0 1 0 0 0 1 -1.5 2.23 -0.42</i>
                <i>1 0 0 0 1 0 0 0 1 -1.5 2.23 -0.42</i>
                <i>1 0 0 0 1 0 0 0 1 -1.5 2.23 -0.42</i>
                <i>1 0 0 0 1 0 0 0 1 -1.5 2.23 -0.42</i>
                <i>1 0 0 0 1 0 0 0 1 -1.5 2.23 -0.42</i>
                <i>1 0 0 0 1 0 0 0 1 -1.5 2.23 -0.42</i>
                <i>1 0 0 0 1 0 0 0 1 -1.5 2.23 -0.42</i>
                <i>1 0 0 0 1 0 0 0 1 -1.5 2.23 -0.42</i>
                <i>1 0 0 0 1 0 0 0 1 -1.5 2.23 -0.42</i>
                <i>1 0 0 0 1 0 0 0 1 -1.5 2.23 -0.42</i>
                <i>1 0 0 0 1 0 0 0 1 -1.5 2.23 -0.42</i>
                <i>1 0 0 0 1 0 0 0 1 -1.5 2.23 -0.42</i>
                <i>1 0 0 0 1 0 0 0 1 -1.5 2.23 -0.42</i>
                <i>1 0 0 0 1 0 0 0 1 -1.5 2.23 -0.42</i>
                <i>1 0 0 0 1 0 0 0 1 -1.5 2.23 -0.42</i>
                <i>1 0 0 0 1 0 0 0 1 -1.5 2.23 -0.42</i>
                <i>1 0 0 0 1 0 0 0 1 -1.5 2.23 -0.42</i>
                <i>1 0 0 0 1 0 0 0 1 -1.5 2.23 -0.42</i>
                <i>1 0 0 0 1 0 0 0 1 -1.5 2.23 -0.42</i>
                <i>1 0 0 0 1 0 0 0 1 -1.5 2.23 -0.42</i>
                <i>1 0 0 0 1 0 0 0 1 -1.5 2.23 -0.42</i>
                <i>1 0 0 0 1 0 0 0 1 -1.5 2.23 -0.42</i>
                <i>1 0 0 0 1 0 0 0 1 -1.5 2.23 -0.42</i>
                <i>1 0 0 0 1 0 0 0 1 -1.5 2.23 -0.42</i>
                <i>1 0 0 0 1 0 0 0 1 -1.5 2.23 -0.42</i>
                <i>1 0 0 0 1 0 0 0 1 -1.5 2.23 -0.42</i>
                <i>1 0 0 0 1 0 0 0 1 -1.5 2.23 -0.42</i>
            </KeyFrames>
        </RefFrame>
        <Bones count="23">
            <i>
                <p>
                    <Name><![CDATA[pelvis]]></Name>
                    <Exclude>0</Exclude>
                    <Additive>0</Additive>
                    <IKPriority>0</IKPriority>
                    <IKRotLimits>-1e+010 -1e+010 -1e+010 1e+010 1e+010 1e+010</IKRotLimits>
                    <IKRotLimitOrder>2</IKRotLimitOrder>
                    <KeyFrames count="61">
                        <i>1 0 0 0 1 0 0 0 1 -1.43482 2.88522 -0.856666</i>
                        <i>1 0 0 0 1 0 0 0 1 -1.43482 2.88522 -0.856666</i>
                        <i>1 0 0 0 1 0 0 0 1 -1.43482 2.88522 -0.856666</i>
                        <i>1 0 0 0 1 0 0 0 1 -1.43482 2.88522 -0.856666</i>
                        <i>1 0 0 0 1 0 0 0 1 -1.43482 2.88522 -0.856666</i>
                        <i>1 0 0 0 1 0 0 0 1 -1.43482 2.88522 -0.856666</i>
                        <i>1 0 0 0 1 0 0 0 1 -1.43482 2.88522 -0.856666</i>
                        <i>1 0 0 0 1 0 0 0 1 -1.43482 2.88522 -0.856666</i>
                        <i>1 0 0 0 1 0 0 0 1 -1.43482 2.88522 -0.856666</i>
                        <i>1 0 0 0 1 0 0 0 1 -1.43482 2.88522 -0.856666</i>
                        <i>1 0 0 0 1 0 0 0 1 -1.43482 2.88522 -0.856666</i>
                        <i>1 0 0 0 1 0 0 0 1 -1.43482 2.88522 -0.856666</i>
                        <i>1 0 0 0 1 0 0 0 1 -1.43482 2.88522 -0.856666</i>
                        <i>1 0 0 0 1 0 0 0 1 -1.43482 2.88522 -0.856666</i>
                        <i>1 0 0 0 1 0 0 0 1 -1.43482 2.88522 -0.856666</i>
                        <i>1 0 0 0 1 0 0 0 1 -1.43482 2.88522 -0.856666</i>
                        <i>1 0 0 0 1 0 0 0 1 -1.43482 2.88522 -0.856666</i>
                        <i>1 0 0 0 1 0 0 0 1 -1.43482 2.88522 -0.856666</i>
                        <i>1 0 0 0 1 0 0 0 1 -1.43482 2.88522 -0.856666</i>
                        <i>1 0 0 0 1 0 0 0 1 -1.43482 2.88522 -0.856666</i>
                        <i>1 0 0 0 1 0 0 0 1 -1.43482 2.88522 -0.856666</i>
                        <i>1 0 0 0 1 0 0 0 1 -1.43482 2.88522 -0.856666</i>
                        <i>1 0 0 0 1 0 0 0 1 -1.43482 2.88522 -0.856666</i>
                        <i>1 0 0 0 1 0 0 0 1 -1.43482 2.88522 -0.856666</i>
                        <i>1 0 0 0 1 0 0 0 1 -1.43482 2.88522 -0.856666</i>
                        <i>1 0 0 0 1 0 0 0 1 -1.43482 2.88522 -0.856666</i>
                        <i>1 0 0 0 1 0 0 0 1 -1.43482 2.88522 -0.856666</i>
                        <i>1 0 0 0 1 0 0 0 1 -1.43482 2.88522 -0.856666</i>
                        <i>1 0 0 0 1 0 0 0 1 -1.43482 2.88522 -0.856666</i>
                        <i>1 0 0 0 1 0 0 0 1 -1.43482 2.88522 -0.856666</i>
                        <i>1 0 0 0 1 0 0 0 1 -1.43482 2.88522 -0.856666</i>
                        <i>1 0 0 0 1 0 0 0 1 -1.43482 2.88522 -0.856666</i>
                        <i>1 0 0 0 1 0 0 0 1 -1.43482 2.88522 -0.856666</i>
                        <i>1 0 0 0 1 0 0 0 1 -1.43482 2.88522 -0.856666</i>
                        <i>1 0 0 0 1 0 0 0 1 -1.43482 2.88522 -0.856666</i>
                        <i>1 0 0 0 1 0 0 0 1 -1.43482 2.88522 -0.856666</i>
                        <i>1 0 0 0 1 0 0 0 1 -1.43482 2.88522 -0.856666</i>
                        <i>1 0 0 0 1 0 0 0 1 -1.43482 2.88522 -0.856666</i>
                        <i>1 0 0 0 1 0 0 0 1 -1.43482 2.88522 -0.856666</i>
                        <i>1 0 0 0 1 0 0 0 1 -1.43482 2.88522 -0.856666</i>
                        <i>1 0 0 0 1 0 0 0 1 -1.43482 2.88522 -0.856666</i>
                        <i>1 0 0 0 1 0 0 0 1 -1.43482 2.88522 -0.856666</i>
                        <i>1 0 0 0 1 0 0 0 1 -1.43482 2.88522 -0.856666</i>
                        <i>1 0 0 0 1 0 0 0 1 -1.43482 2.88522 -0.856666</i>
                        <i>1 0 0 0 1 0 0 0 1 -1.43482 2.88522 -0.856666</i>
                        <i>1 0 0 0 1 0 0 0 1 -1.43482 2.88522 -0.856666</i>
                        <i>1 0 0 0 1 0 0 0 1 -1.43482 2.88522 -0.856666</i>
                        <i>1 0 0 0 1 0 0 0 1 -1.43482 2.88522 -0.856666</i>
                        <i>1 0 0 0 1 0 0 0 1 -1.43482 2.88522 -0.856666</i>
                        <i>1 0 0 0 1 0 0 0 1 -1.43482 2.88522 -0.856666</i>
                        <i>1 0 0 0 1 0 0 0 1 -1.43482 2.88522 -0.856666</i>
                        <i>1 0 0 0 1 0 0 0 1 -1.43482 2.88522 -0.856666</i>
                        <i>1 0 0 0 1 0 0 0 1 -1.43482 2.88522 -0.856666</i>
                        <i>1 0 0 0 1 0 0 0 1 -1.43482 2.88522 -0.856666</i>
                        <i>1 0 0 0 1 0 0 0 1 -1.43482 2.88522 -0.856666</i>
                        <i>1 0 0 0 1 0 0 0 1 -1.43482 2.88522 -0.856666</i>
                        <i>1 0 0 0 1 0 0 0 1 -1.43482 2.88522 -0.856666</i>
                        <i>1 0 0 0 1 0 0 0 1 -1.43482 2.88522 -0.856666</i>
                        <i>1 0 0 0 1 0 0 0 1 -1.43482 2.88522 -0.856666</i>
                        <i>1 0 0 0 1 0 0 0 1 -1.43482 2.88522 -0.856666</i>
                        <i>1 0 0 0 1 0 0 0 1 -1.43482 2.88522 -0.856666</i>
                    </KeyFrames>
                </p>
            </i>
            <i>
                <p>
                    <Name><![CDATA[spine0]]></Name>
                    <Exclude>0</Exclude>
                    <Additive>0</Additive>
                    <IKPriority>0</IKPriority>
                    <IKRotLimits>-1e+010 -1e+010 -1e+010 1e+010 1e+010 1e+010</IKRotLimits>
                    <IKRotLimitOrder>0</IKRotLimitOrder>
                    <KeyFrames count="61">
                        <i>0.0740904 0.997214 -0.00859809 -0.995008 0.074499 0.0664069 0.0668624 0.00363506 0.997756 -1.4077 3.0126 -0.917793</i>
                        <i>0.0796221 0.996745 -0.0126039 -0.994384 0.0803052 0.0689385 0.0697263 0.00704412 0.997541 -1.40699 3.01243 -0.917813</i>
                        <i>0.0853508 0.996211 -0.0166899 -0.993475 0.0863644 0.0744911 0.0756503 0.0102231 0.997082 -1.40639 3.01229 -0.917835</i>
                        <i>0.0910305 0.995631 -0.0207894 -0.992322 0.0924435 0.0821617 0.0837246 0.0131506 0.996402 -1.40589 3.01217 -0.917855</i>
                        <i>0.0964237 0.995031 -0.0248083 -0.990983 0.0983015 0.0910493 0.0930356 0.0158053 0.995537 -1.40549 3.01207 -0.917868</i>
                        <i>0.101304 0.994444 -0.0286277 -0.989544 0.103691 0.100258 0.102669 0.0181718 0.99455 -1.40519 3.012 -0.917873</i>
                        <i>0.105456 0.993905 -0.032109 -0.988129 0.108361 0.108897 0.111713 0.0202441 0.993534 -1.40499 3.01195 -0.917871</i>
                        <i>0.108673 0.993458 -0.0351011 -0.986898 0.112057 0.116083 0.119257 0.0220262 0.992619 -1.4049 3.01193 -0.917863</i>
                        <i>0.110754 0.993142 -0.0374481 -0.986032 0.114521 0.120935 0.124395 0.023531 0.991954 -1.40491 3.01194 -0.917853</i>
                        <i>0.111356 0.992995 -0.0395101 -0.985724 0.115418 0.122582 0.126284 0.0252959 0.991672 -1.40501 3.01197 -0.917847</i>
                        <i>0.110499 0.992983 -0.0421343 -0.985783 0.1149 0.122595 0.126576 0.0279886 0.991562 -1.40525 3.01192 -0.918051</i>
                        <i>0.108485 0.993052 -0.0455937 -0.9859 0.113355 0.12309 0.127403 0.0315974 0.991348 -1.40563 3.01173 -0.918639</i>
                        <i>0.105326 0.993198 -0.0496437 -0.986079 0.11077 0.124013 0.128669 0.0358908 0.991038 -1.40614 3.01139 -0.919557</i>
                        <i>0.101056 0.993407 -0.0541241 -0.986311 0.107162 0.125323 0.130297 0.0407186 0.990638 -1.40676 3.01093 -0.92075</i>
                        <i>0.0958012 0.993656 -0.0589101 -0.986581 0.102647 0.126973 0.132214 0.0459554 0.990155 -1.40748 3.01036 -0.922165</i>
                        <i>0.0896987 0.993919 -0.0638609 -0.986866 0.0973451 0.128915 0.134348 0.0514587 0.989597 -1.40828 3.00969 -0.923747</i>
                        <i>0.0828854 0.994178 -0.0688477 -0.987149 0.0913782 0.131102 0.13663 0.0570965 0.988975 -1.40913 3.00894 -0.925442</i>
                        <i>0.0755188 0.994417 -0.0736984 -0.987411 0.0848789 0.133476 0.138986 0.0626906 0.988308 -1.41004 3.00813 -0.927199</i>
                        <i>0.0677622 0.994628 -0.0782505 -0.987639 0.0779834 0.135973 0.141344 0.0680694 0.987617 -1.41096 3.00729 -0.928966</i>
                        <i>0.0597856 0.994808 -0.0823524 -0.987824 0.0708324 0.138515 0.143629 0.0730685 0.98693 -1.4119 3.00643 -0.930695</i>
                        <i>0.0517648 0.994961 -0.0858642 -0.987964 0.0635702 0.141015 0.145763 0.0775311 0.986277 -1.41284 3.00558 -0.932336</i>
                        <i>0.0438811 0.995095 -0.0886569 -0.988064 0.0563446 0.143371 0.147664 0.0813073 0.98569 -1.41374 3.00478 -0.933844</i>
                        <i>0.0363201 0.995224 -0.090612 -0.988133 0.0493061 0.145472 0.149245 0.0842531 0.985204 -1.41461 3.00407 -0.935174</i>
                        <i>0.0292699 0.995364 -0.0916195 -0.988189 0.0426078 0.147196 0.150417 0.086229 0.984855 -1.41542 3.00346 -0.936282</i>
                        <i>0.0227803 0.995515 -0.0918185 -0.988255 0.0363051 0.148439 0.151107 0.0873586 0.98465 -1.41617 3.00301 -0.937126</i>
                        <i>0.0169185 0.995668 -0.091428 -0.988353 0.0304847 0.149092 0.151233 0.0878408 0.984587 -1.41682 3.00275 -0.93766</i>
                        <i>0.0120525 0.995906 -0.0895925 -0.988509 0.0253686 0.149016 0.150679 0.086767 0.984768 -1.41739 3.00271 -0.937843</i>
                        <i>0.0083103 0.996273 -0.0858604 -0.988707 0.0210344 0.148375 0.149628 0.0836578 0.985197 -1.41788 3.00282 -0.937782</i>
                        <i>0.00551446 0.996719 -0.0807478 -0.988917 0.0174161 0.147443 0.148365 0.0790398 0.985769 -1.41833 3.00299 -0.937623</i>
                        <i>0.00356951 0.997215 -0.0745011 -0.98914 0.0144678 0.146263 0.146933 0.0731699 0.986436 -1.41875 3.00322 -0.937376</i>
                        <i>0.00237707 0.997725 -0.0673666 -0.989374 0.0121397 0.144882 0.145371 0.0663064 0.987153 -1.41913 3.00349 -0.937052</i>
                        <i>0.00183682 0.998221 -0.0595925 -0.989618 0.0103788 0.14335 0.143713 0.0587105 0.987876 -1.41947 3.0038 -0.936661</i>
                        <i>0.00184738 0.998675 -0.0514303 -0.989866 0.00912907 0.141713 0.141994 0.0506473 0.988571 -1.41977 3.00414 -0.936214</i>
                        <i>0.00230714 0.999067 -0.0431364 -0.990114 0.00833203 0.140019 0.140248 0.0423869 0.989209 -1.42003 3.0045 -0.935719</i>
                        <i>0.00311517 0.999383 -0.0349723 -0.990357 0.0079272 0.138315 0.138507 0.0342041 0.989771 -1.42025 3.00488 -0.935189</i>
                        <i>0.00417217 0.999621 -0.027204 -0.990589 0.00785314 0.136644 0.136806 0.0263779 0.990247 -1.42043 3.00526 -0.934633</i>
                        <i>0.00538163 0.999783 -0.0201018 -0.990806 0.00804859 0.135047 0.13518 0.0191902 0.990635 -1.42056 3.00565 -0.934063</i>
                        <i>0.00665119 0.999881 -0.0139378 -0.991004 0.00845394 0.133563 0.133665 0.0129241 0.990942 -1.42064 3.00602 -0.933488</i>
                        <i>0.00831348 0.999931 -0.00824663 -0.991184 0.00933072 0.132161 0.132229 0.00707521 0.991194 -1.42067 3.00639 -0.932919</i>
                        <i>0.0112647 0.999932 -0.00287149 -0.991356 0.0115434 0.130694 0.130718 0.00137445 0.991419 -1.42065 3.00673 -0.932369</i>
                        <i>0.0157391 0.999875 0.00164254 -0.991507 0.0153953 0.129136 0.129095 -0.00366108 0.991625 -1.42058 3.00704 -0.931847</i>
                        <i>0.021542 0.999752 0.00561331 -0.991521 0.0206443 0.128293 0.128145 -0.0083294 0.99172 -1.42044 3.00734 -0.931337</i>
                        <i>0.0284839 0.999549 0.00952335 -0.991309 0.0270224 0.128751 0.128435 -0.0131079 0.991631 -1.42024 3.00764 -0.930812</i>
                        <i>0.0360618 0.999262 0.0132593 -0.99089 0.0340307 0.130305 0.129757 -0.0178375 0.991385 -1.41998 3.00793 -0.930273</i>
                        <i>0.0437824 0.998903 0.0166344 -0.990295 0.0411947 0.132739 0.131908 -0.0222846 0.991011 -1.41967 3.00823 -0.929717</i>
                        <i>0.0511651 0.998502 0.0193889 -0.989566 0.0480697 0.135828 0.134693 -0.0261363 0.990543 -1.41933 3.00852 -0.929145</i>
                        <i>0.0577425 0.998106 0.0212032 -0.988758 0.0542417 0.139337 0.137923 -0.0290105 0.990018 -1.41897 3.00882 -0.928554</i>
                        <i>0.0630558 0.997774 0.0217241 -0.98794 0.0593204 0.143022 0.141415 -0.0304805 0.989481 -1.41859 3.00913 -0.927944</i>
                        <i>0.0666427 0.997564 0.0206041 -0.987187 0.0629207 0.146638 0.144985 -0.0301125 0.988976 -1.41822 3.00944 -0.927314</i>
                        <i>0.0680894 0.99751 0.0183608 -0.986583 0.0645835 0.149945 0.148386 -0.0283242 0.988524 -1.41786 3.00975 -0.926666</i>
                        <i>0.0670453 0.997624 0.01584 -0.986208 0.0638536 0.152698 0.151324 -0.0258592 0.988146 -1.41753 3.01008 -0.925997</i>
                        <i>0.064787 0.997815 0.0129881 -0.98606 0.0620141 0.154399 0.153256 -0.0228101 0.987923 -1.41725 3.01042 -0.925308</i>
                        <i>0.0628152 0.997978 0.0097471 -0.986125 0.0605596 0.154562 0.153659 -0.0193207 0.987935 -1.41704 3.01078 -0.924599</i>
                        <i>0.061266 0.9981 0.0065921 -0.98686 0.0595841 0.150193 0.149514 -0.0157072 0.988635 -1.41657 3.01116 -0.92377</i>
                        <i>0.0603585 0.998169 0.00387129 -0.988404 0.0592257 0.13982 0.139334 -0.0122657 0.990169 -1.41562 3.01154 -0.922772</i>
                        <i>0.0601689 0.998187 0.00153059 -0.99031 0.0595017 0.12548 0.125161 -0.00906576 0.992095 -1.41435 3.01191 -0.921674</i>
                        <i>0.060785 0.998151 -0.000520239 -0.992176 0.0604781 0.109219 0.109048 -0.0061227 0.994018 -1.41291 3.01224 -0.920554</i>
                        <i>0.0623213 0.998053 -0.00240453 -0.993708 0.0622743 0.0930983 0.0930668 -0.0034126 0.995654 -1.41141 3.0125 -0.919501</i>
                        <i>0.0649276 0.997881 -0.00427044 -0.994734 0.0650617 0.0791969 0.0793069 -0.000894118 0.99685 -1.40997 3.01266 -0.918616</i>
                        <i>0.0687848 0.997612 -0.00627992 -0.995182 0.0690554 0.0696034 0.0698709 0.001462 0.997555 -1.4087 3.0127 -0.918009</i>
                        <i>0.0740904 0.997214 -0.00859809 -0.995008 0.074499 0.0664069 0.0668624 0.00363506 0.997756 -1.4077 3.0126 -0.917793</i>
                    </KeyFrames>
                </p>
            </i>
            <i>
                <p>
                    <Name><![CDATA[spine1]]></Name>
                    <Exclude>0</Exclude>
                    <Additive>0</Additive>
                    <IKPriority>0</IKPriority>
                    <IKRotLimits>-1e+010 -1e+010 -1e+010 1e+010 1e+010 1e+010</IKRotLimits>
                    <IKRotLimitOrder>0</IKRotLimitOrder>
                    <KeyFrames count="61">
                        <i>-0.213023 0.949573 0.230071 -0.959082 -0.248175 0.136278 0.186503 -0.191627 0.963585 -1.39761 3.14826 -0.918747</i>
                        <i>-0.217179 0.950753 0.221138 -0.957603 -0.251448 0.140606 0.189286 -0.181226 0.965053 -1.39615 3.14796 -0.919311</i>
                        <i>-0.220597 0.951924 0.212549 -0.955626 -0.254557 0.148251 0.19523 -0.170413 0.965839 -1.39477 3.14767 -0.919886</i>
                        <i>-0.22338 0.953068 0.20436 -0.953286 -0.257347 0.158174 0.203342 -0.15948 0.966032 -1.3935 3.14739 -0.920461</i>
                        <i>-0.225616 0.954163 0.196651 -0.950723 -0.259705 0.16935 0.212659 -0.148752 0.965738 -1.39238 3.14713 -0.921018</i>
                        <i>-0.22738 0.955184 0.189534 -0.948103 -0.261567 0.180784 0.222257 -0.138591 0.965088 -1.39142 3.1469 -0.921539</i>
                        <i>-0.228733 0.956106 0.183148 -0.945624 -0.262909 0.191503 0.231248 -0.129386 0.964253 -1.39067 3.1467 -0.922006</i>
                        <i>-0.229725 0.956903 0.177658 -0.943511 -0.263746 0.200559 0.238772 -0.121549 0.963438 -1.39015 3.14654 -0.9224</i>
                        <i>-0.230398 0.957551 0.173241 -0.942013 -0.264113 0.207017 0.243984 -0.115499 0.962877 -1.38988 3.14642 -0.922705</i>
                        <i>-0.23099 0.958251 0.168521 -0.940978 -0.264063 0.211734 0.247394 -0.109666 0.962689 -1.38992 3.14633 -0.922973</i>
                        <i>-0.231576 0.958941 0.163721 -0.939733 -0.264026 0.217239 0.251546 -0.103547 0.96229 -1.39028 3.14619 -0.923529</i>
                        <i>-0.232099 0.959369 0.160439 -0.937879 -0.26446 0.224598 0.257903 -0.0983437 0.961153 -1.39094 3.14597 -0.924583</i>
                        <i>-0.232547 0.959556 0.158667 -0.93543 -0.265327 0.233605 0.266256 -0.0940979 0.959298 -1.39187 3.14568 -0.926049</i>
                        <i>-0.232881 0.959527 0.158347 -0.932446 -0.266559 0.243908 0.276245 -0.0908481 0.956784 -1.39306 3.14532 -0.927853</i>
                        <i>-0.23302 0.95932 0.159394 -0.929024 -0.268044 0.255083 0.287431 -0.0886411 0.953691 -1.39448 3.1449 -0.929923</i>
                        <i>-0.232933 0.958972 0.1616 -0.925239 -0.269703 0.266821 0.299458 -0.0873669 0.950101 -1.39609 3.14442 -0.932185</i>
                        <i>-0.23259 0.958522 0.164736 -0.921183 -0.271448 0.278816 0.311968 -0.0869022 0.94611 -1.39785 3.1439 -0.934571</i>
                        <i>-0.231901 0.957999 0.168701 -0.916976 -0.27317 0.290745 0.324617 -0.0872713 0.941811 -1.39974 3.14333 -0.937003</i>
                        <i>-0.230772 0.957434 0.173394 -0.912763 -0.274749 0.302286 0.337059 -0.0885084 0.937314 -1.40171 3.14275 -0.939409</i>
                        <i>-0.229108 0.956855 0.178713 -0.908707 -0.27606 0.313116 0.348942 -0.0906605 0.932749 -1.40372 3.14216 -0.941718</i>
                        <i>-0.226812 0.956291 0.184563 -0.904996 -0.276967 0.32291 0.359914 -0.0937891 0.928259 -1.40573 3.14159 -0.943862</i>
                        <i>-0.223787 0.955768 0.190857 -0.901831 -0.277325 0.331348 0.369621 -0.0979697 0.924003 -1.4077 3.14107 -0.945777</i>
                        <i>-0.219934 0.955309 0.197518 -0.899426 -0.276975 0.33811 0.377707 -0.103291 0.920146 -1.4096 3.14062 -0.947399</i>
                        <i>-0.215153 0.954933 0.204482 -0.897995 -0.275747 0.342884 0.383816 -0.109851 0.916852 -1.41137 3.14027 -0.948669</i>
                        <i>-0.210001 0.954699 0.210828 -0.897584 -0.273746 0.345551 0.387611 -0.11667 0.91441 -1.413 3.14003 -0.949557</i>
                        <i>-0.205204 0.954715 0.215429 -0.898188 -0.271137 0.34604 0.38878 -0.122487 0.913152 -1.41446 3.13989 -0.950049</i>
                        <i>-0.200004 0.95482 0.219811 -0.899912 -0.267741 0.3442 0.387502 -0.128969 0.912803 -1.41569 3.13993 -0.949983</i>
                        <i>-0.193455 0.954683 0.226174 -0.902592 -0.263544 0.340399 0.38458 -0.138291 0.912674 -1.4167 3.14018 -0.949416</i>
                        <i>-0.185558 0.954144 0.234897 -0.90592 -0.258709 0.335231 0.380628 -0.150593 0.912383 -1.41754 3.14056 -0.948564</i>
                        <i>-0.176647 0.953175 0.245465 -0.909724 -0.253317 0.328988 0.375764 -0.165191 0.911874 -1.41822 3.14106 -0.947472</i>
                        <i>-0.16706 0.951763 0.257367 -0.913839 -0.247466 0.321962 0.370121 -0.181405 0.9111 -1.41877 3.14164 -0.94618</i>
                        <i>-0.157139 0.949923 0.270098 -0.918101 -0.241282 0.31444 0.363864 -0.198566 0.910041 -1.41918 3.14229 -0.944731</i>
                        <i>-0.14722 0.947706 0.283159 -0.922357 -0.234921 0.306707 0.357188 -0.216021 0.908709 -1.41949 3.14299 -0.943167</i>
                        <i>-0.137634 0.9452 0.296062 -0.926461 -0.228573 0.29904 0.350325 -0.233132 0.907151 -1.41968 3.14369 -0.941534</i>
                        <i>-0.128705 0.942532 0.308331 -0.930276 -0.22246 0.291714 0.343541 -0.249288 0.905447 -1.41979 3.14439 -0.939878</i>
                        <i>-0.120746 0.939863 0.319498 -0.933681 -0.216833 0.284996 0.337135 -0.263897 0.903714 -1.41982 3.14505 -0.938246</i>
                        <i>-0.114058 0.937381 0.329102 -0.936562 -0.211963 0.279147 0.331424 -0.276386 0.902091 -1.41978 3.14566 -0.936687</i>
                        <i>-0.108932 0.935294 0.336689 -0.938816 -0.208129 0.27442 0.326738 -0.286196 0.900741 -1.41968 3.14619 -0.935252</i>
                        <i>-0.103899 0.933047 0.344425 -0.941204 -0.204167 0.269165 0.321464 -0.296208 0.899401 -1.41948 3.1467 -0.933888</i>
                        <i>-0.0977486 0.930159 0.353905 -0.944159 -0.199106 0.262527 0.314657 -0.308481 0.897681 -1.41904 3.14723 -0.932584</i>
                        <i>-0.0913502 0.926953 0.363887 -0.947234 -0.19363 0.255451 0.30725 -0.321351 0.895729 -1.41834 3.14772 -0.931429</i>
                        <i>-0.0853824 0.923404 0.374211 -0.950058 -0.188606 0.248633 0.300167 -0.334293 0.893391 -1.41738 3.14819 -0.93036</i>
                        <i>-0.0802169 0.919427 0.384993 -0.952384 -0.184679 0.242606 0.294159 -0.3472 0.890462 -1.41619 3.14865 -0.929284</i>
                        <i>-0.0763741 0.915324 0.395411 -0.954118 -0.182245 0.237584 0.289527 -0.359123 0.887245 -1.41486 3.14909 -0.928217</i>
                        <i>-0.0742016 0.911486 0.404583 -0.955204 -0.181515 0.233749 0.286496 -0.369114 0.884124 -1.41346 3.14948 -0.927183</i>
                        <i>-0.0738715 0.908379 0.41157 -0.955621 -0.182495 0.231265 0.285186 -0.376222 0.881548 -1.41207 3.14979 -0.92622</i>
                        <i>-0.0754093 0.906511 0.415393 -0.955374 -0.185001 0.230292 0.28561 -0.379489 0.880008 -1.41078 3.15 -0.925373</i>
                        <i>-0.0787547 0.906393 0.41503 -0.954478 -0.188706 0.231 0.287696 -0.377944 0.879994 -1.40966 3.1501 -0.924692</i>
                        <i>-0.0838549 0.908484 0.40942 -0.952945 -0.193225 0.23358 0.291314 -0.370568 0.881939 -1.4088 3.15005 -0.924226</i>
                        <i>-0.0906483 0.912124 0.399766 -0.951309 -0.198059 0.236187 0.294609 -0.358891 0.885665 -1.40826 3.14993 -0.923898</i>
                        <i>-0.0988695 0.916262 0.388187 -0.950238 -0.202743 0.236524 0.29542 -0.345485 0.890711 -1.40811 3.14979 -0.923589</i>
                        <i>-0.107751 0.920762 0.37495 -0.949929 -0.206617 0.234403 0.293301 -0.330919 0.896921 -1.40818 3.14964 -0.923303</i>
                        <i>-0.116436 0.925524 0.360345 -0.950431 -0.20915 0.230081 0.288312 -0.315693 0.903999 -1.40828 3.14947 -0.923048</i>
                        <i>-0.126527 0.930431 0.343932 -0.951716 -0.211623 0.222378 0.279691 -0.299189 0.912282 -1.40806 3.1493 -0.922658</i>
                        <i>-0.139183 0.935213 0.325583 -0.953506 -0.215317 0.210869 0.267311 -0.281096 0.921699 -1.40727 3.14912 -0.922035</i>
                        <i>-0.153319 0.939559 0.306142 -0.955415 -0.220054 0.196871 0.252339 -0.262309 0.931407 -1.40607 3.14896 -0.921257</i>
                        <i>-0.167898 0.943234 0.286566 -0.95713 -0.225577 0.181707 0.236034 -0.243772 0.940672 -1.40457 3.14881 -0.920415</i>
                        <i>-0.18197 0.946095 0.267938 -0.958429 -0.231557 0.166716 0.219773 -0.226463 0.948902 -1.40288 3.14867 -0.919616</i>
                        <i>-0.194684 0.948085 0.251461 -0.959195 -0.237612 0.153248 0.205043 -0.211365 0.955658 -1.40111 3.14854 -0.918983</i>
                        <i>-0.205277 0.949222 0.23841 -0.959401 -0.243308 0.142654 0.193418 -0.199447 0.96063 -1.39933 3.14841 -0.918647</i>
                        <i>-0.213023 0.949573 0.230071 -0.959082 -0.248175 0.136278 0.186503 -0.191627 0.963585 -1.39761 3.14826 -0.918747</i>
                    </KeyFrames>
                </p>
            </i>
            <i>
                <p>
                    <Name><![CDATA[spine2]]></Name>
                    <Exclude>0</Exclude>
                    <Additive>0</Additive>
                    <IKPriority>0</IKPriority>
                    <IKRotLimits>-1e+010 -1e+010 -1e+010 1e+010 1e+010 1e+010</IKRotLimits>
                    <IKRotLimitOrder>0</IKRotLimitOrder>
                    <KeyFrames count="61">
                        <i>-0.100479 0.965237 0.241291 -0.973579 -0.145369 0.1761 0.205054 -0.217222 0.954341 -1.42429 3.26721 -0.890427</i>
                        <i>-0.107944 0.965946 0.23515 -0.971403 -0.152797 0.181739 0.211481 -0.208807 0.954817 -1.42334 3.26699 -0.892126</i>
                        <i>-0.113958 0.966599 0.229565 -0.968426 -0.159648 0.191475 0.22173 -0.200497 0.954273 -1.42238 3.26679 -0.893793</i>
                        <i>-0.118734 0.967203 0.224544 -0.964815 -0.165814 0.204053 0.234594 -0.192415 0.95286 -1.42144 3.26659 -0.895408</i>
                        <i>-0.122492 0.967762 0.220072 -0.960757 -0.171232 0.218232 0.248881 -0.184704 0.950759 -1.42059 3.2664 -0.896945</i>
                        <i>-0.125449 0.968272 0.21613 -0.95649 -0.175885 0.232792 0.26342 -0.177522 0.948207 -1.41984 3.26622 -0.898371</i>
                        <i>-0.127826 0.968721 0.212697 -0.95231 -0.179792 0.246537 0.277067 -0.171039 0.945505 -1.41925 3.26607 -0.899651</i>
                        <i>-0.129847 0.969093 0.209757 -0.948573 -0.183005 0.258297 0.288701 -0.16543 0.943019 -1.41883 3.26593 -0.900746</i>
                        <i>-0.131734 0.969368 0.207297 -0.945679 -0.185595 0.266921 0.297218 -0.160873 0.94116 -1.41864 3.26583 -0.901616</i>
                        <i>-0.133314 0.969883 0.203851 -0.943077 -0.187379 0.274763 0.304685 -0.155617 0.939654 -1.41873 3.26574 -0.90249</i>
                        <i>-0.134109 0.970808 0.198865 -0.939927 -0.188187 0.284821 0.31393 -0.148722 0.937726 -1.41914 3.2656 -0.903659</i>
                        <i>-0.133947 0.971969 0.193219 -0.936212 -0.18804 0.296898 0.324908 -0.141125 0.935157 -1.41985 3.26541 -0.905128</i>
                        <i>-0.132657 0.973361 0.187006 -0.931965 -0.186721 0.310769 0.337408 -0.133057 0.931907 -1.42085 3.26516 -0.906812</i>
                        <i>-0.130106 0.974937 0.180474 -0.927298 -0.184083 0.325932 0.350985 -0.124947 0.928007 -1.42209 3.26486 -0.908644</i>
                        <i>-0.126323 0.976622 0.17393 -0.922358 -0.180168 0.341753 0.3651 -0.117254 0.923555 -1.42355 3.26451 -0.910566</i>
                        <i>-0.121402 0.978379 0.167442 -0.917236 -0.175053 0.357818 0.379393 -0.110144 0.918656 -1.42517 3.26412 -0.91253</i>
                        <i>-0.115436 0.980168 0.161072 -0.912045 -0.168828 0.373725 0.393507 -0.103764 0.913447 -1.42693 3.2637 -0.914494</i>
                        <i>-0.108468 0.981943 0.154991 -0.906925 -0.161592 0.38907 0.40709 -0.0983637 0.908076 -1.42877 3.26325 -0.916396</i>
                        <i>-0.100531 0.983656 0.149377 -0.902032 -0.153459 0.403471 0.4198 -0.0941812 0.902717 -1.43064 3.26279 -0.918176</i>
                        <i>-0.091653 0.985263 0.144416 -0.897538 -0.144551 0.416569 0.431305 -0.0914389 0.89756 -1.43249 3.26234 -0.919775</i>
                        <i>-0.0818534 0.986719 0.140302 -0.893627 -0.134993 0.428027 0.441283 -0.0903425 0.892809 -1.43426 3.26192 -0.921138</i>
                        <i>-0.0711471 0.987979 0.13724 -0.890484 -0.124904 0.437535 0.449417 -0.0910804 0.888667 -1.4359 3.26156 -0.922212</i>
                        <i>-0.0595451 0.988995 0.135438 -0.888295 -0.114395 0.444799 0.455397 -0.0938236 0.885331 -1.43735 3.26127 -0.922946</i>
                        <i>-0.0470567 0.989712 0.135117 -0.887234 -0.103557 0.449547 0.458914 -0.0987259 0.882979 -1.43857 3.26107 -0.92329</i>
                        <i>-0.0343812 0.990181 0.135498 -0.88736 -0.0926196 0.451678 0.459793 -0.104707 0.881832 -1.43958 3.26095 -0.923337</i>
                        <i>-0.0225313 0.990514 0.135551 -0.888714 -0.0819454 0.451079 0.457908 -0.110303 0.88213 -1.44045 3.2609 -0.923223</i>
                        <i>-0.0110851 0.990557 0.136656 -0.891218 -0.0717599 0.447863 0.45344 -0.116825 0.883597 -1.44103 3.26101 -0.922591</i>
                        <i>0.000594369 0.990093 0.140412 -0.894625 -0.0622118 0.442465 0.446817 -0.125879 0.885725 -1.44122 3.2613 -0.921197</i>
                        <i>0.0124025 0.989089 0.146798 -0.898685 -0.0533428 0.435339 0.438419 -0.137324 0.888218 -1.44108 3.26175 -0.919204</i>
                        <i>0.0241004 0.987572 0.155307 -0.903172 -0.0450948 0.426904 0.428602 -0.150558 0.890861 -1.44067 3.2623 -0.91672</i>
                        <i>0.0354538 0.985584 0.165433 -0.907877 -0.0374306 0.417563 0.417736 -0.164997 0.893461 -1.44003 3.26292 -0.913852</i>
                        <i>0.0462356 0.983184 0.176669 -0.912608 -0.030345 0.407709 0.406214 -0.18008 0.895858 -1.43922 3.26357 -0.910707</i>
                        <i>0.0562285 0.980459 0.188519 -0.917194 -0.0238726 0.397724 0.394453 -0.195272 0.897929 -1.43829 3.26423 -0.907396</i>
                        <i>0.0652258 0.977522 0.200492 -0.921488 -0.0180898 0.387985 0.382891 -0.210058 0.899595 -1.4373 3.26487 -0.904028</i>
                        <i>0.0730321 0.974513 0.212111 -0.925361 -0.0131138 0.378861 0.371986 -0.223948 0.900818 -1.43629 3.26546 -0.900715</i>
                        <i>0.0794623 0.971595 0.22291 -0.928703 -0.00909708 0.370713 0.362211 -0.236475 0.9016 -1.43532 3.266 -0.897572</i>
                        <i>0.0843402 0.96895 0.232428 -0.931417 -0.00621775 0.3639 0.354046 -0.247179 0.901972 -1.43444 3.26646 -0.894713</i>
                        <i>0.0874956 0.966769 0.240212 -0.933412 -0.00466799 0.358776 0.347975 -0.255608 0.901986 -1.4337 3.26684 -0.892254</i>
                        <i>0.0902113 0.964235 0.249225 -0.935728 -0.00361861 0.352704 0.340991 -0.265024 0.901935 -1.43286 3.26718 -0.889845</i>
                        <i>0.0922065 0.96066 0.261975 -0.938767 -0.00384955 0.344531 0.331986 -0.277701 0.901481 -1.43165 3.26749 -0.887254</i>
                        <i>0.091794 0.956455 0.277069 -0.941948 -0.00684208 0.33569 0.322968 -0.291799 0.900303 -1.43013 3.26772 -0.884742</i>
                        <i>0.0889197 0.951755 0.293695 -0.945109 -0.012459 0.326518 0.314425 -0.306607 0.898404 -1.42842 3.26789 -0.882268</i>
                        <i>0.0837953 0.946601 0.311328 -0.948089 -0.020445 0.317346 0.306765 -0.321759 0.895749 -1.42658 3.268 -0.879721</i>
                        <i>0.076584 0.941339 0.328656 -0.950718 -0.030384 0.308564 0.300449 -0.336091 0.892622 -1.42476 3.26806 -0.877231</i>
                        <i>0.0676673 0.936376 0.344414 -0.952825 -0.0417238 0.300639 0.295882 -0.348509 0.889379 -1.42309 3.26806 -0.87495</i>
                        <i>0.0576406 0.932172 0.357397 -0.954251 -0.0537661 0.294135 0.2934 -0.358 0.886427 -1.42167 3.26803 -0.873049</i>
                        <i>0.0472744 0.929228 0.36647 -0.954858 -0.0656785 0.289712 0.293278 -0.363622 0.884176 -1.42058 3.26797 -0.871715</i>
                        <i>0.037444 0.928061 0.370542 -0.954536 -0.0765195 0.288108 0.295736 -0.364484 0.883002 -1.41989 3.26792 -0.871145</i>
                        <i>0.0290327 0.929165 0.368524 -0.95319 -0.0852748 0.290098 0.300975 -0.359696 0.883195 -1.41967 3.26789 -0.871534</i>
                        <i>0.0223747 0.931937 0.361929 -0.951922 -0.0907732 0.292581 0.305521 -0.351075 0.885101 -1.41998 3.26787 -0.872626</i>
                        <i>0.0179105 0.935372 0.353212 -0.952142 -0.0918537 0.291527 0.30513 -0.341529 0.888962 -1.42086 3.26787 -0.873992</i>
                        <i>0.0137789 0.939252 0.342951 -0.953738 -0.0906704 0.286641 0.300324 -0.331035 0.894551 -1.42203 3.26787 -0.875596</i>
                        <i>0.00774398 0.943347 0.331717 -0.956196 -0.0900884 0.278518 0.292623 -0.319344 0.901327 -1.42318 3.26786 -0.877403</i>
                        <i>-0.000755106 0.947614 0.319416 -0.95917 -0.0910261 0.267781 0.282828 -0.306172 0.908992 -1.4242 3.26783 -0.8793</i>
                        <i>-0.0120769 0.951922 0.306104 -0.962313 -0.0942378 0.255094 0.271676 -0.291487 0.917185 -1.42495 3.26778 -0.881193</i>
                        <i>-0.025499 0.955976 0.292336 -0.965374 -0.0994929 0.24115 0.259619 -0.276064 0.925412 -1.42546 3.26771 -0.88304</i>
                        <i>-0.0403117 0.95952 0.278739 -0.968138 -0.106511 0.226637 0.247152 -0.260722 0.933242 -1.42572 3.26762 -0.884804</i>
                        <i>-0.0558375 0.962347 0.266026 -0.970433 -0.114974 0.21223 0.234825 -0.24631 0.940313 -1.42574 3.26752 -0.886451</i>
                        <i>-0.0714396 0.964302 0.254985 -0.972139 -0.124532 0.198587 0.223252 -0.233694 0.946333 -1.42552 3.26741 -0.887953</i>
                        <i>-0.0865163 0.965285 0.246455 -0.973193 -0.134802 0.186342 0.213096 -0.223727 0.951071 -1.42504 3.26731 -0.889286</i>
                        <i>-0.100479 0.965237 0.241291 -0.973579 -0.145369 0.1761 0.205054 -0.217222 0.954341 -1.42429 3.26721 -0.890427</i>
                    </KeyFrames>
                </p>
            </i>
            <i>
                <p>
                    <Name><![CDATA[head]]></Name>
                    <Exclude>0</Exclude>
                    <Additive>0</Additive>
                    <IKPriority>0</IKPriority>
                    <IKRotLimits>-1e+010 -1e+010 -1e+010 1e+010 1e+010 1e+010</IKRotLimits>
                    <IKRotLimitOrder>0</IKRotLimitOrder>
                    <KeyFrames count="61">
                        <i>-0.0899054 0.96238 0.256403 0.0440877 0.261039 -0.964321 -0.994974 -0.0753935 -0.0658979 -1.4356 3.49297 -0.856538</i>
                        <i>-0.0590265 0.960709 0.271208 0.0345429 0.273484 -0.961256 -0.997659 -0.0473713 -0.0493285 -1.43634 3.4928 -0.859327</i>
                        <i>-0.0198354 0.960049 0.279128 0.021802 0.279532 -0.959889 -0.999565 -0.0129542 -0.0264756 -1.43677 3.49261 -0.861948</i>
                        <i>0.0228493 0.959593 0.280463 0.00722047 0.280371 -0.959865 -0.999713 0.0239573 -0.000522434 -1.43698 3.49242 -0.864386</i>
                        <i>0.0640072 0.959079 0.275811 -0.0080696 0.276866 -0.960875 -0.997917 0.0592772 0.0254608 -1.43706 3.49222 -0.866623</i>
                        <i>0.098605 0.958866 0.266183 -0.0229172 0.269603 -0.962699 -0.994863 0.0888268 0.0485587 -1.43708 3.49203 -0.868643</i>
                        <i>0.121752 0.959776 0.252997 -0.0359412 0.258989 -0.965211 -0.99191 0.108424 0.0660279 -1.43714 3.49185 -0.870425</i>
                        <i>0.128782 0.962699 0.237963 -0.045325 0.245424 -0.968356 -0.990637 0.113921 0.0752405 -1.4373 3.49169 -0.871949</i>
                        <i>0.111109 0.968858 0.221291 -0.0480753 0.227649 -0.972556 -0.992645 0.0974213 0.071872 -1.43764 3.49156 -0.873194</i>
                        <i>0.0704592 0.976831 0.202081 -0.0448157 0.20548 -0.977635 -0.996507 0.059827 0.0582553 -1.43821 3.49145 -0.874698</i>
                        <i>0.0177334 0.98324 0.181452 -0.0383548 0.182016 -0.982547 -0.999107 0.0104643 0.0409397 -1.43895 3.49138 -0.876936</i>
                        <i>-0.0369313 0.98608 0.162115 -0.0301047 0.161054 -0.986486 -0.998864 -0.0413126 0.0237378 -1.43979 3.49131 -0.879789</i>
                        <i>-0.0838699 0.98566 0.146427 -0.0231351 0.144979 -0.989164 -0.996208 -0.0863487 0.0106439 -1.44065 3.49125 -0.883141</i>
                        <i>-0.114175 0.984056 0.136371 -0.0212175 0.134822 -0.990643 -0.993234 -0.116 0.00548594 -1.44148 3.49119 -0.886849</i>
                        <i>-0.131185 0.982084 0.13528 -0.024486 0.133208 -0.990786 -0.991055 -0.133289 0.00657239 -1.44222 3.49111 -0.890761</i>
                        <i>-0.143772 0.979242 0.14288 -0.030329 0.139952 -0.989694 -0.989146 -0.146624 0.0095781 -1.44285 3.491 -0.894794</i>
                        <i>-0.151892 0.976113 0.155344 -0.0379417 0.151294 -0.98776 -0.987668 -0.155927 0.0140551 -1.44337 3.49085 -0.89887</i>
