<?xml version="1.0" encoding="ISO-8859-1" ?>
<Animl Version="1">
    <ModellingPackage><![CDATA[Maya.2010]]></ModellingPackage>
    <SrcFile><![CDATA[anims\turrets\mortar\blue\~src\mortar_m29\mortar_m29_aim_high_crewman_c.mb]]></SrcFile>
    <FramesPerSecond>30</FramesPerSecond>
    <TotalFrames>30</TotalFrames>
    <Skeleton>
        <RefFrame>
            <Name><![CDATA[soldier_ref_frame]]></Name>
            <Exclude>0</Exclude>
            <Additive>0</Additive>
            <IKPriority>0</IKPriority>
            <IKRotLimits>-1e+010 -1e+010 -1e+010 1e+010 1e+010 1e+010</IKRotLimits>
            <IKRotLimitOrder>0</IKRotLimitOrder>
            <KeyFrames count="30">
                <i>1 0 0 0 1 0 0 0 1 -2.01 0.94 0.91</i>
                <i>1 0 0 0 1 0 0 0 1 -2.01 0.94 0.91</i>
                <i>1 0 0 0 1 0 0 0 1 -2.01 0.94 0.91</i>
                <i>1 0 0 0 1 0 0 0 1 -2.01 0.94 0.91</i>
                <i>1 0 0 0 1 0 0 0 1 -2.01 0.94 0.91</i>
                <i>1 0 0 0 1 0 0 0 1 -2.01 0.94 0.91</i>
                <i>1 0 0 0 1 0 0 0 1 -2.01 0.94 0.91</i>
                <i>1 0 0 0 1 0 0 0 1 -2.01 0.94 0.91</i>
                <i>1 0 0 0 1 0 0 0 1 -2.01 0.94 0.91</i>
                <i>1 0 0 0 1 0 0 0 1 -2.01 0.94 0.91</i>
                <i>1 0 0 0 1 0 0 0 1 -2.01 0.94 0.91</i>
                <i>1 0 0 0 1 0 0 0 1 -2.01 0.94 0.91</i>
                <i>1 0 0 0 1 0 0 0 1 -2.01 0.94 0.91</i>
                <i>1 0 0 0 1 0 0 0 1 -2.01 0.94 0.91</i>
                <i>1 0 0 0 1 0 0 0 1 -2.01 0.94 0.91</i>
                <i>1 0 0 0 1 0 0 0 1 -2.01 0.94 0.91</i>
                <i>1 0 0 0 1 0 0 0 1 -2.01 0.94 0.91</i>
                <i>1 0 0 0 1 0 0 0 1 -2.01 0.94 0.91</i>
                <i>1 0 0 0 1 0 0 0 1 -2.01 0.94 0.91</i>
                <i>1 0 0 0 1 0 0 0 1 -2.01 0.94 0.91</i>
                <i>1 0 0 0 1 0 0 0 1 -2.01 0.94 0.91</i>
                <i>1 0 0 0 1 0 0 0 1 -2.01 0.94 0.91</i>
                <i>1 0 0 0 1 0 0 0 1 -2.01 0.94 0.91</i>
                <i>1 0 0 0 1 0 0 0 1 -2.01 0.94 0.91</i>
                <i>1 0 0 0 1 0 0 0 1 -2.01 0.94 0.91</i>
                <i>1 0 0 0 1 0 0 0 1 -2.01 0.94 0.91</i>
                <i>1 0 0 0 1 0 0 0 1 -2.01 0.94 0.91</i>
                <i>1 0 0 0 1 0 0 0 1 -2.01 0.94 0.91</i>
                <i>1 0 0 0 1 0 0 0 1 -2.01 0.94 0.91</i>
                <i>1 0 0 0 1 0 0 0 1 -2.01 0.94 0.91</i>
            </KeyFrames>
        </RefFrame>
        <Bones count="23">
            <i>
                <p>
                    <Name><![CDATA[pelvis]]></Name>
                    <Exclude>0</Exclude>
                    <Additive>0</Additive>
                    <IKPriority>0</IKPriority>
                    <IKRotLimits>-1e+010 -1e+010 -1e+010 1e+010 1e+010 1e+010</IKRotLimits>
                    <IKRotLimitOrder>2</IKRotLimitOrder>
                    <KeyFrames count="30">
                        <i>1 0 0 0 1 0 0 0 1 -2.01678 1.56387 0.913668</i>
                        <i>1 0 0 0 1 0 0 0 1 -2.01678 1.56289 0.913668</i>
                        <i>1 0 0 0 1 0 0 0 1 -2.01678 1.56179 0.913668</i>
                        <i>1 0 0 0 1 0 0 0 1 -2.01678 1.56063 0.913668</i>
                        <i>1 0 0 0 1 0 0 0 1 -2.01678 1.55941 0.913668</i>
                        <i>1 0 0 0 1 0 0 0 1 -2.01678 1.55819 0.913668</i>
                        <i>1 0 0 0 1 0 0 0 1 -2.01678 1.55699 0.913668</i>
                        <i>1 0 0 0 1 0 0 0 1 -2.01678 1.55584 0.913668</i>
                        <i>1 0 0 0 1 0 0 0 1 -2.01678 1.55478 0.913668</i>
                        <i>1 0 0 0 1 0 0 0 1 -2.01678 1.55384 0.913668</i>
                        <i>1 0 0 0 1 0 0 0 1 -2.01678 1.55305 0.913668</i>
                        <i>1 0 0 0 1 0 0 0 1 -2.01678 1.55245 0.913668</i>
                        <i>1 0 0 0 1 0 0 0 1 -2.01678 1.55206 0.913668</i>
                        <i>1 0 0 0 1 0 0 0 1 -2.01678 1.55193 0.913668</i>
                        <i>1 0 0 0 1 0 0 0 1 -2.01678 1.55212 0.913668</i>
                        <i>1 0 0 0 1 0 0 0 1 -2.01678 1.55264 0.913668</i>
                        <i>1 0 0 0 1 0 0 0 1 -2.01678 1.55345 0.913668</i>
                        <i>1 0 0 0 1 0 0 0 1 -2.01678 1.55448 0.913668</i>
                        <i>1 0 0 0 1 0 0 0 1 -2.01678 1.55569 0.913668</i>
                        <i>1 0 0 0 1 0 0 0 1 -2.01678 1.557 0.913668</i>
                        <i>1 0 0 0 1 0 0 0 1 -2.01678 1.55837 0.913668</i>
                        <i>1 0 0 0 1 0 0 0 1 -2.01678 1.55974 0.913668</i>
                        <i>1 0 0 0 1 0 0 0 1 -2.01678 1.56105 0.913668</i>
                        <i>1 0 0 0 1 0 0 0 1 -2.01678 1.56224 0.913668</i>
                        <i>1 0 0 0 1 0 0 0 1 -2.01678 1.56327 0.913668</i>
                        <i>1 0 0 0 1 0 0 0 1 -2.01678 1.56407 0.913668</i>
                        <i>1 0 0 0 1 0 0 0 1 -2.01678 1.56459 0.913668</i>
                        <i>1 0 0 0 1 0 0 0 1 -2.01678 1.56476 0.913668</i>
                        <i>1 0 0 0 1 0 0 0 1 -2.01678 1.56454 0.913668</i>
                        <i>1 0 0 0 1 0 0 0 1 -2.01678 1.56387 0.913668</i>
                    </KeyFrames>
                </p>
            </i>
            <i>
                <p>
                    <Name><![CDATA[spine0]]></Name>
                    <Exclude>0</Exclude>
                    <Additive>0</Additive>
                    <IKPriority>0</IKPriority>
                    <IKRotLimits>-1e+010 -1e+010 -1e+010 1e+010 1e+010 1e+010</IKRotLimits>
                    <IKRotLimitOrder>0</IKRotLimitOrder>
                    <KeyFrames count="30">
                        <i>-0.107839 0.993128 -0.0454606 -0.957757 -0.0915189 0.272629 0.266595 0.0729404 0.961045 -2.05496 1.6909 0.857986</i>
                        <i>-0.105823 0.993437 -0.0434113 -0.957938 -0.0901361 0.272451 0.26675 0.0704169 0.96119 -2.05508 1.68983 0.857855</i>
                        <i>-0.104483 0.993636 -0.0420693 -0.958091 -0.0892199 0.272216 0.26673 0.0687481 0.961316 -2.0554 1.68848 0.857489</i>
                        <i>-0.103857 0.993727 -0.0414743 -0.958214 -0.0887965 0.271923 0.266534 0.0679823 0.961425 -2.05587 1.68692 0.856936</i>
                        <i>-0.103985 0.993706 -0.0416672 -0.958303 -0.0888929 0.271577 0.266164 0.0681698 0.961514 -2.05646 1.68521 0.856241</i>
                        <i>-0.104907 0.993565 -0.0426901 -0.958351 -0.089537 0.271193 0.265626 0.0693623 0.961578 -2.05711 1.68341 0.855449</i>
                        <i>-0.106664 0.993295 -0.0445848 -0.958348 -0.090756 0.270799 0.264937 0.0716122 0.961603 -2.05779 1.68159 0.854606</i>
                        <i>-0.108903 0.992941 -0.0470005 -0.958313 -0.0923057 0.270401 0.264154 0.0744886 0.9616 -2.05844 1.67982 0.853756</i>
                        <i>-0.111182 0.992567 -0.0494956 -0.958273 -0.0938768 0.270001 0.263348 0.0774496 0.961587 -2.05903 1.67817 0.852943</i>
                        <i>-0.113406 0.992188 -0.0519771 -0.958225 -0.0953986 0.269638 0.262573 0.0803843 0.961558 -2.05953 1.67669 0.852211</i>
                        <i>-0.115481 0.991821 -0.0543553 -0.958164 -0.0968009 0.269353 0.261889 0.0831865 0.961506 -2.05987 1.67548 0.851602</i>
                        <i>-0.117315 0.991484 -0.0565413 -0.958087 -0.0980125 0.269191 0.261357 0.0857517 0.961426 -2.06004 1.67459 0.851159</i>
                        <i>-0.118916 0.991182 -0.0584579 -0.957983 -0.0990573 0.269177 0.261013 0.088011 0.961315 -2.06005 1.67407 0.850911</i>
                        <i>-0.120342 0.990912 -0.0600847 -0.957852 -0.099998 0.269296 0.26084 0.0899599 0.961181 -2.05997 1.67393 0.850844</i>
                        <i>-0.121578 0.99068 -0.0614179 -0.957702 -0.100821 0.269523 0.260819 0.0915879 0.961033 -2.05981 1.67422 0.850937</i>
                        <i>-0.122605 0.990489 -0.0624524 -0.957542 -0.101514 0.269831 0.260925 0.0928836 0.96088 -2.05958 1.67495 0.851171</i>
                        <i>-0.123409 0.990342 -0.0631834 -0.957381 -0.102063 0.270195 0.261136 0.0938349 0.96073 -2.05928 1.67604 0.851526</i>
                        <i>-0.123971 0.990245 -0.0636065 -0.957228 -0.102457 0.270588 0.261432 0.094431 0.960592 -2.05893 1.67742 0.851982</i>
                        <i>-0.124277 0.9902 -0.0637187 -0.957089 -0.102684 0.270991 0.261792 0.0946624 0.960471 -2.05855 1.67903 0.85252</i>
                        <i>-0.124279 0.990214 -0.0634852 -0.956977 -0.102709 0.271379 0.262203 0.0944806 0.960377 -2.05813 1.68077 0.853119</i>
                        <i>-0.123946 0.990294 -0.0628887 -0.956897 -0.102509 0.271737 0.262653 0.0938586 0.960315 -2.0577 1.6826 0.85376</i>
                        <i>-0.123289 0.990435 -0.0619542 -0.956851 -0.102091 0.272054 0.263127 0.0928222 0.960285 -2.05726 1.68443 0.854422</i>
                        <i>-0.12232 0.990632 -0.0607077 -0.956841 -0.101459 0.272324 0.263614 0.0913985 0.960289 -2.05682 1.68619 0.855084</i>
                        <i>-0.121052 0.990881 -0.0591758 -0.956868 -0.100621 0.272543 0.264103 0.0896153 0.960322 -2.05641 1.68782 0.855727</i>
                        <i>-0.119497 0.991175 -0.0573852 -0.95693 -0.0995801 0.272707 0.264586 0.0875014 0.960384 -2.05602 1.68924 0.856329</i>
                        <i>-0.117668 0.991509 -0.0553629 -0.957027 -0.0983428 0.272815 0.265054 0.0850854 0.960472 -2.05567 1.69039 0.856869</i>
                        <i>-0.115577 0.991876 -0.0531349 -0.957158 -0.0969137 0.272866 0.2655 0.0823954 0.960584 -2.05538 1.6912 0.857326</i>
                        <i>-0.113234 0.992273 -0.0507266 -0.957323 -0.0952972 0.272856 0.265913 0.0794584 0.960717 -2.05516 1.6916 0.857679</i>
                        <i>-0.110652 0.992692 -0.0481614 -0.957523 -0.0934977 0.27278 0.266283 0.0762993 0.96087 -2.05501 1.69153 0.857906</i>
                        <i>-0.107839 0.993128 -0.0454606 -0.957757 -0.0915189 0.272629 0.266595 0.0729404 0.961045 -2.05496 1.6909 0.857986</i>
                    </KeyFrames>
                </p>
            </i>
            <i>
                <p>
                    <Name><![CDATA[spine1]]></Name>
                    <Exclude>0</Exclude>
                    <Additive>0</Additive>
                    <IKPriority>0</IKPriority>
                    <IKRotLimits>-1e+010 -1e+010 -1e+010 1e+010 1e+010 1e+010</IKRotLimits>
                    <IKRotLimitOrder>0</IKRotLimitOrder>
                    <KeyFrames count="30">
                        <i>0.100844 0.980015 0.171465 -0.866584 0.00186082 0.499027 0.488736 -0.198913 0.849454 -2.07375 1.86385 0.850055</i>
                        <i>0.102499 0.979524 0.173282 -0.866796 0.00248814 0.498657 0.488016 -0.201312 0.849302 -2.0735 1.86272 0.850284</i>
                        <i>0.105091 0.97874 0.176137 -0.867037 0.00343352 0.498232 0.487035 -0.205077 0.848964 -2.07359 1.8614 0.850153</i>
                        <i>0.108324 0.977732 0.179739 -0.867292 0.00458028 0.497778 0.48587 -0.209808 0.848476 -2.07396 1.85994 0.849699</i>
                        <i>0.111906 0.976573 0.183802 -0.867545 0.00581002 0.497326 0.484607 -0.21511 0.84787 -2.07458 1.85837 0.848963</i>
                        <i>0.11555 0.97534 0.188045 -0.867774 0.00700275 0.49691 0.483339 -0.220599 0.847183 -2.07542 1.85677 0.847983</i>
                        <i>0.118978 0.974118 0.192194 -0.867958 0.00803746 0.496572 0.482175 -0.225898 0.84645 -2.07643 1.85518 0.846795</i>
                        <i>0.122094 0.972941 0.196161 -0.868111 0.00887886 0.49629 0.481119 -0.230884 0.845705 -2.07751 1.85363 0.845508</i>
                        <i>0.124851 0.971829 0.199901 -0.868254 0.00951371 0.496029 0.480153 -0.235494 0.844982 -2.07853 1.85218 0.844243</i>
                        <i>0.127048 0.970856 0.203217 -0.868372 0.00985401 0.495815 0.479362 -0.23946 0.844317 -2.07944 1.85087 0.843063</i>
                        <i>0.128489 0.970098 0.205916 -0.868451 0.00981164 0.495678 0.478835 -0.242517 0.843743 -2.08017 1.84975 0.842027</i>
                        <i>0.128978 0.969629 0.207806 -0.868474 0.00929823 0.495647 0.478662 -0.244402 0.843297 -2.08067 1.84887 0.841195</i>
                        <i>0.128658 0.96947 0.208748 -0.868433 0.00850758 0.495733 0.478822 -0.245064 0.843014 -2.08096 1.84828 0.840612</i>
                        <i>0.127845 0.969567 0.208797 -0.868336 0.00770019 0.495917 0.479217 -0.244707 0.842894 -2.08112 1.84799 0.840265</i>
                        <i>0.126598 0.96989 0.208053 -0.868193 0.00688725 0.496179 0.479806 -0.243446 0.842924 -2.08115 1.84809 0.840135</i>
                        <i>0.124978 0.970408 0.206611 -0.868015 0.0060801 0.4965 0.480552 -0.241393 0.843089 -2.08107 1.84858 0.840201</i>
                        <i>0.123044 0.971088 0.204567 -0.867813 0.00529022 0.496863 0.481416 -0.238661 0.843374 -2.08089 1.8494 0.840445</i>
                        <i>0.120857 0.971896 0.202017 -0.867595 0.00452925 0.497251 0.482361 -0.235365 0.84376 -2.08061 1.8505 0.840846</i>
                        <i>0.118482 0.972798 0.199062 -0.867371 0.00380897 0.497647 0.483352 -0.231623 0.844228 -2.08024 1.85182 0.841384</i>
                        <i>0.116004 0.973754 0.195824 -0.867152 0.00314887 0.498034 0.484346 -0.227583 0.844757 -2.07979 1.85329 0.842043</i>
                        <i>0.113503 0.974727 0.192418 -0.866945 0.002565 0.498397 0.485307 -0.223386 0.845326 -2.07926 1.85485 0.842806</i>
                        <i>0.111042 0.975689 0.188946 -0.866757 0.00206425 0.498726 0.486211 -0.21915 0.845915 -2.07868 1.85646 0.843648</i>
                        <i>0.108687 0.976613 0.185512 -0.866593 0.00165364 0.499012 0.487035 -0.214999 0.846506 -2.07805 1.85804 0.844541</i>
                        <i>0.106506 0.977472 0.18222 -0.866458 0.00134013 0.499248 0.487757 -0.211059 0.847082 -2.07739 1.85955 0.84546</i>
                        <i>0.104567 0.978244 0.179179 -0.866358 0.00113051 0.499423 0.488355 -0.207456 0.847627 -2.07672 1.86093 0.846379</i>
                        <i>0.102938 0.978904 0.176498 -0.866297 0.0010314 0.499528 0.488808 -0.20432 0.848127 -2.07606 1.86212 0.847271</i>
                        <i>0.101689 0.979431 0.174283 -0.866282 0.00104909 0.499554 0.489096 -0.201778 0.84857 -2.07541 1.86306 0.84811</i>
                        <i>0.100884 0.979805 0.172641 -0.86632 0.00118955 0.499488 0.489196 -0.199952 0.848944 -2.0748 1.8637 0.84887</i>
                        <i>0.100583 0.980006 0.17167 -0.866418 0.00145837 0.499318 0.489084 -0.198961 0.849241 -2.07424 1.86398 0.849526</i>
                        <i>0.100844 0.980015 0.171465 -0.866584 0.00186082 0.499027 0.488736 -0.198913 0.849454 -2.07375 1.86385 0.850055</i>
                    </KeyFrames>
                </p>
            </i>
            <i>
                <p>
                    <Name><![CDATA[spine2]]></Name>
                    <Exclude>0</Exclude>
                    <Additive>0</Additive>
                    <IKPriority>0</IKPriority>
                    <IKRotLimits>-1e+010 -1e+010 -1e+010 1e+010 1e+010 1e+010</IKRotLimits>
                    <IKRotLimitOrder>0</IKRotLimitOrder>
                    <KeyFrames count="30">
                        <i>0.232748 0.897841 0.373778 -0.720775 -0.0987794 0.686095 0.652925 -0.429097 0.624151 -2.05732 2.02082 0.877482</i>
                        <i>0.228788 0.900372 0.370118 -0.720972 -0.0987496 0.685892 0.654107 -0.423768 0.62655 -2.05681 2.01952 0.877986</i>
                        <i>0.226086 0.902054 0.367674 -0.721139 -0.0987533 0.685716 0.654862 -0.420175 0.62818 -2.05648 2.01807 0.878311</i>
                        <i>0.224712 0.902862 0.366529 -0.721269 -0.0988014 0.685572 0.655191 -0.418423 0.629005 -2.05633 2.01651 0.878449</i>
                        <i>0.224734 0.902765 0.366757 -0.721353 -0.0989055 0.685469 0.655091 -0.418609 0.628985 -2.05637 2.01489 0.878392</i>
                        <i>0.226211 0.901715 0.368427 -0.721383 -0.0990772 0.685413 0.65455 -0.420824 0.62807 -2.05659 2.01328 0.878132</i>
                        <i>0.229207 0.899653 0.371602 -0.721352 -0.0993284 0.685409 0.653541 -0.425156 0.6262 -2.05702 2.01172 0.877662</i>
                        <i>0.233071 0.896964 0.375677 -0.721284 -0.0996586 0.685432 0.652247 -0.430724 0.623738 -2.05757 2.01024 0.877069</i>
                        <i>0.237 0.894152 0.379898 -0.721213 -0.100064 0.685448 0.650909 -0.436439 0.621159 -2.05811 2.00884 0.87646</i>
                        <i>0.240828 0.891322 0.384117 -0.721142 -0.10055 0.685451 0.649581 -0.442079 0.618555 -2.05863 2.00757 0.875861</i>
                        <i>0.244397 0.888579 0.388197 -0.721076 -0.101122 0.685436 0.64832 -0.447439 0.616019 -2.05911 2.00646 0.875293</i>
                        <i>0.247556 0.88603 0.392004 -0.72102 -0.101787 0.685398 0.647184 -0.452317 0.613647 -2.05952 2.00557 0.874782</i>
                        <i>0.250346 0.883732 0.395405 -0.720964 -0.102413 0.685363 0.646172 -0.45665 0.6115 -2.05987 2.00493 0.874346</i>
                        <i>0.25289 0.881683 0.39835 -0.7209 -0.102877 0.685361 0.645252 -0.460491 0.609588 -2.06017 2.00457 0.873987</i>
                        <i>0.255159 0.879903 0.400831 -0.720828 -0.103193 0.685389 0.644438 -0.463813 0.607928 -2.06042 2.00458 0.873705</i>
                        <i>0.257118 0.878414 0.402839 -0.720751 -0.103374 0.685443 0.643745 -0.466586 0.606538 -2.06063 2.00497 0.873497</i>
                        <i>0.258732 0.87724 0.40436 -0.720669 -0.103433 0.68552 0.64319 -0.468776 0.605439 -2.06079 2.00569 0.873362</i>
                        <i>0.259964 0.876406 0.405378 -0.720586 -0.103384 0.685615 0.642787 -0.470344 0.60465 -2.06089 2.00668 0.873298</i>
                        <i>0.260774 0.875935 0.405875 -0.720502 -0.103238 0.685725 0.642552 -0.471254 0.604191 -2.06093 2.00789 0.873306</i>
                        <i>0.261061 0.875895 0.405777 -0.720425 -0.103007 0.685841 0.642522 -0.471378 0.604125 -2.06091 2.00927 0.873391</i>
                        <i>0.260751 0.876332 0.405032 -0.720358 -0.102701 0.685956 0.642723 -0.470632 0.604494 -2.06082 2.01075 0.873556</i>
                        <i>0.25985 0.87723 0.403665 -0.720306 -0.102333 0.686067 0.643147 -0.469036 0.605283 -2.06066 2.01229 0.873795</i>
                        <i>0.258365 0.87857 0.4017 -0.72027 -0.101917 0.686167 0.643785 -0.466613 0.606476 -2.06043 2.01384 0.8741</i>
                        <i>0.256305 0.880327 0.399164 -0.720254 -0.101464 0.686251 0.644626 -0.463388 0.608053 -2.06013 2.01534 0.874464</i>
                        <i>0.253683 0.882475 0.396085 -0.720261 -0.100989 0.686313 0.645654 -0.45939 0.609993 -2.05978 2.01676 0.87488</i>
                        <i>0.250512 0.88498 0.392497 -0.720296 -0.100506 0.686347 0.646851 -0.454652 0.61227 -2.05938 2.01804 0.87534</i>
                        <i>0.246812 0.887809 0.388433 -0.720362 -0.100029 0.686347 0.648199 -0.449211 0.614855 -2.05893 2.01913 0.875838</i>
                        <i>0.242601 0.890922 0.383931 -0.720462 -0.0995717 0.686309 0.649676 -0.443107 0.617719 -2.05843 2.01999 0.876365</i>
                        <i>0.237904 0.89428 0.379032 -0.720599 -0.0991503 0.686226 0.651259 -0.436386 0.620829 -2.05789 2.02057 0.876916</i>
                        <i>0.232748 0.897841 0.373778 -0.720775 -0.0987794 0.686095 0.652925 -0.429097 0.624151 -2.05732 2.02082 0.877482</i>
                    </KeyFrames>
                </p>
            </i>
            <i>
                <p>
                    <Name><![CDATA[head]]></Name>
                    <Exclude>0</Exclude>
                    <Additive>0</Additive>
                    <IKPriority>0</IKPriority>
                    <IKRotLimits>-1e+010 -1e+010 -1e+010 1e+010 1e+010 1e+010</IKRotLimits>
                    <IKRotLimitOrder>0</IKRotLimitOrder>
                    <KeyFrames count="30">
                        <i>0.0994735 0.974803 0.19966 -0.202038 0.216262 -0.955202 -0.974313 0.0546783 0.21846 -2.00655 2.25709 0.970122</i>
                        <i>0.0936419 0.97536 0.19976 -0.201575 0.21506 -0.955571 -0.974986 0.0492148 0.216747 -2.00751 2.25656 0.969228</i>
                        <i>0.0889506 0.975548 0.200982 -0.201107 0.215216 -0.955635 -0.975522 0.0445855 0.215333 -2.00832 2.25571 0.968468</i>
                        <i>0.0857202 0.975308 0.203533 -0.200631 0.216998 -0.955332 -0.975909 0.0410562 0.214278 -2.00894 2.25459 0.967888</i>
                        <i>0.0842714 0.974572 0.207623 -0.200133 0.220673 -0.954594 -0.976138 0.0388926 0.213641 -2.00932 2.25321 0.967533</i>
                        <i>0.0849237 0.973255 0.213455 -0.199587 0.226503 -0.953342 -0.976193 0.0383586 0.213484 -2.00942 2.25161 0.967445</i>
                        <i>0.0879953 0.971245 0.221224 -0.198946 0.234747 -0.95148 -0.976052 0.0397142 0.213882 -2.00919 2.2498 0.967669</i>
                        <i>0.0925515 0.968812 0.229866 -0.198229 0.244163 -0.949257 -0.975776 0.0422891 0.214644 -2.00876 2.24789 0.968093</i>
                        <i>0.0973607 0.966367 0.238025 -0.197511 0.253165 -0.947046 -0.975454 0.0451924 0.215517 -2.00826 2.246 0.968571</i>
                        <i>0.102294 0.963995 0.245459 -0.196818 0.261489 -0.944927 -0.975089 0.0483493 0.21648 -2.00772 2.24419 0.969089</i>
                        <i>0.107222 0.961788 0.251927 -0.196183 0.268872 -0.942985 -0.974687 0.0516853 0.217516 -2.00714 2.24249 0.969636</i>
                        <i>0.112019 0.959846 0.257191 -0.195647 0.275057 -0.941311 -0.974256 0.0551264 0.218602 -2.00655 2.24097 0.970199</i>
                        <i>0.11622 0.958754 0.259391 -0.195456 0.278131 -0.940447 -0.973802 0.058599 0.219718 -2.00594 2.23967 0.970766</i>
                        <i>0.119515 0.958879 0.257422 -0.195791 0.276952 -0.940725 -0.973336 0.0620303 0.22084 -2.00535 2.23865 0.971326</i>
                        <i>0.122009 0.95996 0.252172 -0.196577 0.272409 -0.941887 -0.972868 0.065348 0.221942 -2.00477 2.23801 0.971866</i>
                        <i>0.123801 0.961709 0.244518 -0.197716 0.265379 -0.943654 -0.97241 0.0684806 0.223 -2.00422 2.23777 0.972375</i>
                        <i>0.124992 0.963842 0.235341 -0.199093 0.256742 -0.945751 -0.971977 0.071357 0.223985 -2.00371 2.2379 0.972842</i>
                        <i>0.125687 0.966095 0.225527 -0.200578 0.247381 -0.94793 -0.971582 0.0739069 0.22487 -2.00326 2.23837 0.973255</i>
                        <i>0.125996 0.968236 0.215971 -0.202032 0.238187 -0.949973 -0.97124 0.0760602 0.225626 -2.00288 2.23913 0.973604</i>
                        <i>0.125923 0.970105 0.207459 -0.20332 0.229922 -0.951734 -0.970981 0.0776649 0.226194 -2.0026 2.24018 0.973863</i>
                        <i>0.125529 0.971549 0.200838 -0.204297 0.223415 -0.953073 -0.970827 0.0786074 0.22653 -2.00243 2.24147 0.974015</i>
                        <i>0.125014 0.972381 0.197094 -0.20482 0.219666 -0.953832 -0.970783 0.0788739 0.226625 -2.00237 2.24296 0.974058</i>
                        <i>0.124275 0.97274 0.19579 -0.20494 0.218228 -0.954136 -0.970853 0.0784497 0.226474 -2.00244 2.24462 0.973989</i>
                        <i>0.123012 0.972936 0.195613 -0.204828 0.217757 -0.954268 -0.971037 0.0773192 0.226071 -2.00263 2.24639 0.973806</i>
                        <i>0.121138 0.973046 0.196233 -0.204532 0.217914 -0.954296 -0.971335 0.0754656 0.225416 -2.00294 2.24825 0.973505</i>
                        <i>0.118564 0.973144 0.197318 -0.204101 0.218361 -0.954286 -0.971743 0.0728708 0.224509 -2.00339 2.25013 0.973084</i>
                        <i>0.115199 0.9733 0.198536 -0.203588 0.218758 -0.954304 -0.972256 0.0695156 0.223353 -2.00397 2.252 0.97254</i>
                        <i>0.110955 0.973585 0.199555 -0.203043 0.218766 -0.954418 -0.972863 0.0653797 0.221953 -2.00469 2.25382 0.971867</i>
                        <i>0.105743 0.974065 0.200041 -0.202513 0.218048 -0.954696 -0.973554 0.0604414 0.220318 -2.00555 2.25553 0.971063</i>
                        <i>0.0994735 0.974803 0.19966 -0.202038 0.216262 -0.955202 -0.974313 0.0546783 0.21846 -2.00655 2.25709 0.970122</i>
                    </KeyFrames>
                </p>
            </i>
            <i>
                <p>
                    <Name><![CDATA[head_prop]]></Name>
                    <Exclude>0</Exclude>
                    <Additive>0</Additive>
                    <IKPriority>0</IKPriority>
                    <IKRotLimits>-1e+010 -1e+010 -1e+010 1e+010 1e+010 1e+010</IKRotLimits>
                    <IKRotLimitOrder>0</IKRotLimitOrder>
                    <KeyFrames count="30">
                        <i>0.973547 -0.0619152 -0.219936 0.106706 0.97437 0.198032 0.202038 -0.216262 0.955202 -1.97413 2.57479 1.03519</i>
                        <i>0.974264 -0.056456 -0.218225 0.100879 0.974968 0.198145 0.201575 -0.21506 0.955571 -1.97699 2.57444 1.03433</i>
                        <i>0.974835 -0.0518282 -0.21682 0.0961919 0.97519 0.199377 0.201107 -0.215216 0.955635 -1.97933 2.57365 1.03397</i>
                        <i>0.975246 -0.0482973 -0.215783 0.0929645 0.974977 0.201937 0.200631 -0.216998 0.955332 -1.981 2.57245 1.03422</i>
                        <i>0.975485 -0.0461283 -0.215176 0.0915174 0.974257 0.206031 0.200133 -0.220673 0.954594 -1.98185 2.57083 1.0352</i>
                        <i>0.975536 -0.0455845 -0.215064 0.0921701 0.972943 0.211863 0.199587 -0.226503 0.953342 -1.98174 2.5688 1.03701</i>
                        <i>0.975372 -0.0469251 -0.215519 0.0952406 0.970923 0.21963 0.198946 -0.234747 0.95148 -1.98051 2.56634 1.03977</i>
                        <i>0.975062 -0.0494819 -0.216345 0.0997946 0.968471 0.228266 0.198229 -0.244163 0.949257 -1.97859 2.56364 1.04301</i>
                        <i>0.974704 -0.0523669 -0.217278 0.104601 0.966005 0.236418 0.197511 -0.253165 0.947046 -1.97653 2.56095 1.04615</i>
                        <i>0.974302 -0.0555062 -0.218297 0.109531 0.963609 0.243845 0.196818 -0.261489 0.944927 -1.97438 2.55836 1.04909</i>
                        <i>0.973864 -0.0588257 -0.21938 0.114457 0.961378 0.250305 0.196183 -0.268872 0.942985 -1.9722 2.55595 1.05174</i>
                        <i>0.973397 -0.0622523 -0.220506 0.11925 0.95941 0.25556 0.195647 -0.275057 0.941311 -1.97004 2.55379 1.05402</i>
                        <i>0.972912 -0.0657167 -0.221638 0.123447 0.958292 0.257752 0.195456 -0.278131 0.940447 -1.96807 2.55214 1.0553</i>
                        <i>0.972421 -0.0691487 -0.222745 0.12674 0.958392 0.255776 0.195791 -0.276952 0.940725 -1.96639 2.55116 1.05522</i>
                        <i>0.971935 -0.0724744 -0.223809 0.12923 0.959448 0.250517 0.196577 -0.272409 0.941887 -1.965 2.55087 1.05405</i>
                        <i>0.971464 -0.0756199 -0.224809 0.131019 0.961174 0.242855 0.197716 -0.265379 0.943654 -1.96387 2.5512 1.05207</i>
                        <i>0.971022 -0.0785121 -0.225727 0.132206 0.963286 0.233671 0.199093 -0.256742 0.945751 -1.96298 2.55202 1.04954</i>
                        <i>0.970622 -0.0810786 -0.226539 0.132898 0.96552 0.223851 0.200578 -0.247381 0.94793 -1.9623 2.55322 1.04676</i>
                        <i>0.970278 -0.0832477 -0.227223 0.133205 0.967645 0.214289 0.202032 -0.238187 0.949973 -1.96182 2.55469 1.04399</i>
                        <i>0.970019 -0.0848663 -0.227728 0.13313 0.969502 0.205774 0.20332 -0.229922 0.951734 -1.96156 2.55634 1.04148</i>
                        <i>0.969868 -0.0858195 -0.228015 0.132734 0.970938 0.19915 0.204297 -0.223415 0.953073 -1.96152 2.5581 1.03947</i>
                        <i>0.969828 -0.0860921 -0.228082 0.132219 0.971769 0.195405 0.20482 -0.219666 0.953832 -1.96163 2.55987 1.03829</i>
                        <i>0.969903 -0.0856707 -0.227921 0.13148 0.97213 0.194103 0.20494 -0.218228 0.954136 -1.96194 2.56164 1.0378</i>
                        <i>0.970097 -0.0845417 -0.227518 0.130219 0.972335 0.193929 0.204828 -0.217757 0.954268 -1.96254 2.56348 1.03756</i>
                        <i>0.970409 -0.0826889 -0.226867 0.128347 0.972459 0.194554 0.204532 -0.217914 0.954296 -1.96346 2.56537 1.03746</i>
                        <i>0.970836 -0.0800949 -0.225968 0.125776 0.972576 0.195645 0.204101 -0.218361 0.954286 -1.96475 2.56729 1.03739</i>
                        <i>0.971373 -0.076741 -0.224821 0.122416 0.972757 0.196872 0.203588 -0.218758 0.954304 -1.96643 2.56921 1.03724</i>
                        <i>0.972012 -0.0726073 -0.223429 0.118176 0.973072 0.197901 0.203043 -0.218766 0.954418 -1.96853 2.57112 1.0369</i>
                        <i>0.972742 -0.0676727 -0.221797 0.112969 0.973589 0.1984 0.202513 -0.218048 0.954696 -1.97108 2.57299 1.03626</i>
                        <i>0.973547 -0.0619152 -0.219936 0.106706 0.97437 0.198032 0.202038 -0.216262 0.955202 -1.97413 2.57479 1.03519</i>
                    </KeyFrames>
                </p>
            </i>
            <i>
                <p>
                    <Name><![CDATA[l_clav]]></Name>
                    <Exclude>0</Exclude>
                    <Additive>0</Additive>
                    <IKPriority>0</IKPriority>
                    <IKRotLimits>-1e+010 -1e+010 -1e+010 1e+010 1e+010 1e+010</IKRotLimits>
                    <IKRotLimitOrder>0</IKRotLimitOrder>
                    <KeyFrames count="30">
                        <i>0.611696 0.58438 -0.533224 -0.300853 0.795232 0.526396 0.731652 -0.161572 0.662253 -1.95759 2.07337 0.862125</i>
                        <i>0.603153 0.597475 -0.528422 -0.318587 0.787812 0.527119 0.731238 -0.149586 0.665519 -1.95706 2.07236 0.862735</i>
                        <i>0.59622 0.606982 -0.525448 -0.332174 0.782363 0.526848 0.730878 -0.139577 0.668084 -1.9566 2.07114 0.86325</i>
                        <i>0.591139 0.613323 -0.523823 -0.341716 0.77872 0.526142 0.730606 -0.132025 0.669913 -1.95626 2.06973 0.863643</i>
                        <i>0.588081 0.616899 -0.523065 -0.347282 0.776662 0.525539 0.730449 -0.127408 0.670978 -1.95605 2.06819 0.863883</i>
                        <i>0.587155 0.618086 -0.522704 -0.348914 0.775913 0.525564 0.730417 -0.126209 0.67124 -1.956 2.06654 0.863942</i>
                        <i>0.588415 0.617238 -0.522289 -0.346621 0.776145 0.526738 0.730494 -0.128904 0.670643 -1.95615 2.06484 0.863793</i>
                        <i>0.591229 0.614729 -0.522069 -0.341473 0.777241 0.528482 0.730646 -0.134182 0.669441 -1.95641 2.06313 0.863508</i>
                        <i>0.594802 0.610942 -0.522456 -0.334786 0.779143 0.529957 0.730841 -0.140309 0.66797 -1.95671 2.06148 0.863185</i>
                        <i>0.59931 0.605217 -0.523965 -0.326103 0.782339 0.530661 0.731084 -0.147164 0.666227 -1.95703 2.05992 0.862835</i>
                        <i>0.60484 0.597 -0.52703 -0.315054 0.787202 0.530145 0.731375 -0.15461 0.664218 -1.95736 2.05851 0.862463</i>
                        <i>0.611028 0.586792 -0.531338 -0.302145 0.793275 0.528605 0.731678 -0.162451 0.662009 -1.95771 2.05729 0.862079</i>
                        <i>0.617532 0.575105 -0.536571 -0.287899 0.800117 0.526239 0.731962 -0.170492 0.65967 -1.95806 2.05631 0.861691</i>
                        <i>0.624044 0.562465 -0.542404 -0.272853 0.807315 0.523252 0.732202 -0.178536 0.657271 -1.95841 2.05561 0.861307</i>
                        <i>0.630296 0.549416 -0.548515 -0.25757 0.814495 0.519861 0.732383 -0.186386 0.654886 -1.95874 2.05528 0.860935</i>
                        <i>0.636066 0.536524 -0.554583 -0.242626 0.821319 0.516302 0.732498 -0.193846 0.652588 -1.95906 2.05535 0.860583</i>
                        <i>0.641176 0.524372 -0.560292 -0.228617 0.827494 0.512823 0.732548 -0.200718 0.65045 -1.95934 2.05577 0.860259</i>
                        <i>0.645491 0.513557 -0.565332 -0.216151 0.832761 0.509694 0.732543 -0.206806 0.648546 -1.9596 2.0565 0.859971</i>
                        <i>0.648906 0.504685 -0.569398 -0.205842 0.83689 0.507192 0.732496 -0.211914 0.646949 -1.95981 2.0575 0.859728</i>
                        <i>0.651288 0.498373 -0.572231 -0.198412 0.839704 0.505499 0.732432 -0.215688 0.645773 -1.95997 2.05871 0.859547</i>
                        <i>0.652523 0.495229 -0.573553 -0.194532 0.841006 0.504842 0.732374 -0.217847 0.645114 -1.96006 2.06011 0.85944</i>
                        <i>0.652523 0.495792 -0.573066 -0.194694 0.840558 0.505526 0.73233 -0.218295 0.645011 -1.96008 2.06163 0.859409</i>
                        <i>0.651316 0.499875 -0.570887 -0.198764 0.83847 0.507407 0.732311 -0.21701 0.645466 -1.96003 2.06324 0.859457</i>
                        <i>0.648958 0.506976 -0.567299 -0.206328 0.834968 0.510154 0.732313 -0.214019 0.646463 -1.95991 2.06489 0.859584</i>
                        <i>0.645472 0.516583 -0.56259 -0.21696 0.830251 0.513432 0.732321 -0.209346 0.647982 -1.95971 2.06655 0.859793</i>
                        <i>0.640866 0.528182 -0.557059 -0.230225 0.824505 0.516902 0.732316 -0.203016 0.649998 -1.95944 2.06816 0.860085</i>
                        <i>0.635147 0.541261 -0.551021 -0.245684 0.817919 0.520239 0.732275 -0.195051 0.652478 -1.95909 2.06969 0.860462</i>
                        <i>0.62834 0.555317 -0.544804 -0.262898 0.810693 0.523127 0.73217 -0.185474 0.655382 -1.95867 2.07109 0.860927</i>
                        <i>0.620495 0.569851 -0.538754 -0.281429 0.803048 0.525272 0.731972 -0.174308 0.65866 -1.95817 2.07233 0.86148</i>
                        <i>0.611696 0.58438 -0.533224 -0.300853 0.795232 0.526396 0.731652 -0.161572 0.662253 -1.95759 2.07337 0.862125</i>
                    </KeyFrames>
                </p>
            </i>
            <i>
                <p>
                    <Name><![CDATA[l_shoulder]]></Name>
                    <Exclude>0</Exclude>
                    <Additive>0</Additive>
                    <IKPriority>0</IKPriority>
                    <IKRotLimits>-1e+010 -1e+010 -1e+010 1e+010 1e+010 1e+010</IKRotLimits>
                    <IKRotLimitOrder>0</IKRotLimitOrder>
                    <KeyFrames count="30">
                        <i>0.56408 -0.824042 -0.0526201 0.724441 0.524466 -0.447349 0.396232 0.21422 0.89281 -1.83673 2.18883 0.756772</i>
                        <i>0.5593 -0.827784 -0.0442284 0.722802 0.513101 -0.462908 0.405881 0.226936 0.885302 -1.83789 2.19041 0.75833</i>
                        <i>0.555736 -0.830578 -0.0360236 0.720874 0.503012 -0.47678 0.414124 0.238996 0.878284 -1.8388 2.19106 0.759433</i>
                        <i>0.552921 -0.832743 -0.0285999 0.718987 0.494175 -0.488721 0.421113 0.249661 0.871971 -1.83946 2.19091 0.760147</i>
                        <i>0.550456 -0.834559 -0.0225552 0.717407 0.486658 -0.49849 0.426996 0.258216 0.866602 -1.83986 2.19007 0.760536</i>
                        <i>0.548 -0.836274 -0.0184954 0.716344 0.480599 -0.505841 0.431911 0.263952 0.862428 -1.83999 2.18866 0.760667</i>
                        <i>0.545255 -0.838097 -0.0170407 0.715977 0.476185 -0.510514 0.435975 0.266159 0.859701 -1.83989 2.18679 0.7606</i>
                        <i>0.543002 -0.839547 -0.0176049 0.715995 0.473842 -0.512665 0.438748 0.265773 0.858408 -1.8396 2.18459 0.760358</i>
                        <i>0.542323 -0.839948 -0.0193291 0.71597 0.474069 -0.51249 0.439628 0.264096 0.858475 -1.83919 2.18219 0.759959</i>
                        <i>0.543564 -0.839078 -0.0220482 0.715918 0.477172 -0.509674 0.438177 0.261256 0.860085 -1.83862 2.1795 0.75931</i>
                        <i>0.54642 -0.837133 -0.0251548 0.715909 0.482459 -0.504685 0.434625 0.257762 0.862937 -1.83786 2.17646 0.758333</i>
                        <i>0.550191 -0.834559 -0.0283013 0.715986 0.488919 -0.498319 0.429714 0.253907 0.866532 -1.83698 2.17322 0.757098</i>
                        <i>0.554715 -0.831442 -0.0315526 0.716114 0.496393 -0.490689 0.423641 0.249597 0.870764 -1.83605 2.16993 0.755676</i>
                        <i>0.559788 -0.827897 -0.034973 0.71628 0.504675 -0.48192 0.41663 0.244722 0.875517 -1.83511 2.16674 0.75414</i>
                        <i>0.565154 -0.824081 -0.0386213 0.716505 0.513506 -0.472156 0.408927 0.239168 0.880669 -1.83421 2.16383 0.75256</i>
                        <i>0.570562 -0.820154 -0.0425039 0.7168 0.522584 -0.461631 0.400821 0.232922 0.886053 -1.83338 2.16135 0.751009</i>
                        <i>0.575804 -0.816262 -0.0465455 0.717127 0.531575 -0.450729 0.392655 0.226152 0.891447 -1.83266 2.15938 0.749557</i>
                        <i>0.580624 -0.812594 -0.0506643 0.717504 0.540104 -0.439858 0.38479 0.21904 0.896637 -1.83206 2.15797 0.748274</i>
                        <i>0.584738 -0.809371 -0.0547708 0.717983 0.547776 -0.429466 0.3776 0.211801 0.90142 -1.8316 2.15721 0.747227</i>
                        <i>0.587948 -0.806769 -0.0586692 0.718585 0.55423 -0.420077 0.371422 0.204825 0.90559 -1.83129 2.15718 0.746486</i>
                        <i>0.589937 -0.805052 -0.0621729 0.719384 0.559002 -0.412315 0.36669 0.198514 0.908917 -1.83114 2.15795 0.746118</i>
                        <i>0.590459 -0.804422 -0.0652914 0.720456 0.561826 -0.406565 0.363732 0.19302 0.911286 -1.83116 2.15959 0.746184</i>
                        <i>0.589623 -0.804821 -0.0678876 0.721742 0.562751 -0.402988 0.362537 0.188614 0.912684 -1.83135 2.162 0.746662</i>
                        <i>0.587639 -0.806112 -0.069738 0.723119 0.561891 -0.401718 0.363016 0.185636 0.913104 -1.83169 2.16506 0.747498</i>
                        <i>0.584738 -0.808142 -0.0706244 0.724431 0.559375 -0.402863 0.365077 0.184407 0.912531 -1.83218 2.16861 0.748637</i>
                        <i>0.581152 -0.81075 -0.0703271 0.725513 0.555317 -0.406514 0.368635 0.185223 0.910934 -1.83282 2.17252 0.750022</i>
                        <i>0.577105 -0.813782 -0.0686198 0.726199 0.549797 -0.412745 0.373612 0.188366 0.908258 -1.8336 2.17663 0.751593</i>
                        <i>0.572795 -0.817096 -0.0652669 0.726333 0.542846 -0.421614 0.379929 0.194093 0.904424 -1.83452 2.18081 0.753285</i>
                        <i>0.568402 -0.820559 -0.0600211 0.725783 0.534434 -0.433151 0.387503 0.202641 0.899321 -1.83557 2.18492 0.755034</i>
                        <i>0.56408 -0.824042 -0.0526201 0.724441 0.524466 -0.447349 0.396232 0.21422 0.89281 -1.83673 2.18883 0.756772</i>
                    </KeyFrames>
                </p>
            </i>
            <i>
                <p>
                    <Name><![CDATA[l_elbow]]></Name>
                    <Exclude>0</Exclude>
                    <Additive>0</Additive>
                    <IKPriority>0</IKPriority>
                    <IKRotLimits>-1e+010 -1e+010 -1e+010 1e+010 1e+010 1e+010</IKRotLimits>
                    <IKRotLimitOrder>0</IKRotLimitOrder>
                    <KeyFrames count="30">
                        <i>0.393993 0.213599 0.893949 0.725372 0.525049 -0.44515 -0.564451 0.823832 0.0519276 -1.65325 1.92079 0.739655</i>
                        <i>0.405085 0.224222 0.886358 0.723758 0.513717 -0.460728 -0.558642 0.828142 0.0458169 -1.65596 1.92115 0.743944</i>
                        <i>0.413689 0.235757 0.879364 0.721849 0.503658 -0.474618 -0.554793 0.831112 0.0381765 -1.65803 1.9209 0.747716</i>
                        <i>0.420107 0.247298 0.873129 0.71998 0.494846 -0.486575 -0.552393 0.833049 0.0298384 -1.65961 1.92004 0.750844</i>
                        <i>0.424642 0.257913 0.867848 0.718414 0.48735 -0.496357 -0.550963 0.834248 0.0216605 -1.66081 1.91861 0.7532</i>
                        <i>0.427595 0.266658 0.863746 0.717364 0.481306 -0.503719 -0.550047 0.835008 0.0145135 -1.66174 1.91664 0.754651</i>
                        <i>0.429255 0.272572 0.861072 0.717008 0.476897 -0.508399 -0.549218 0.835627 0.00927403 -1.66253 1.91418 0.755057</i>
                        <i>0.429339 0.276341 0.859828 0.717032 0.474553 -0.510553 -0.54912 0.835724 0.00559881 -1.66297 1.9115 0.754632</i>
                        <i>0.427375 0.279006 0.859946 0.717009 0.474776 -0.510378 -0.55068 0.834712 0.00285709 -1.66278 1.90897 0.753672</i>
                        <i>0.422919 0.280634 0.861617 0.716955 0.477872 -0.507557 -0.55418 0.832396 0.000899346 -1.66181 1.90656 0.752139</i>
