<?xml version="1.0" encoding="ISO-8859-1" ?>
<Animl Version="1">
    <ModellingPackage><![CDATA[Maya.2010]]></ModellingPackage>
    <SrcFile><![CDATA[anims\turrets\mortar\blue\~src\mortar_m252\mortar_m252_fire_crewman_a.mb]]></SrcFile>
    <FramesPerSecond>30</FramesPerSecond>
    <TotalFrames>43</TotalFrames>
    <Skeleton>
        <RefFrame>
            <Name><![CDATA[soldier_ref_frame]]></Name>
            <Exclude>0</Exclude>
            <Additive>0</Additive>
            <IKPriority>0</IKPriority>
            <IKRotLimits>-1e+010 -1e+010 -1e+010 1e+010 1e+010 1e+010</IKRotLimits>
            <IKRotLimitOrder>0</IKRotLimitOrder>
            <KeyFrames count="43">
                <i>1 0 0 0 1 0 0 0 1 1.01 0.91 -1.51</i>
                <i>1 0 0 0 1 0 0 0 1 1.01 0.91 -1.51</i>
                <i>1 0 0 0 1 0 0 0 1 1.01 0.91 -1.51</i>
                <i>1 0 0 0 1 0 0 0 1 1.01 0.91 -1.51</i>
                <i>1 0 0 0 1 0 0 0 1 1.01 0.91 -1.51</i>
                <i>1 0 0 0 1 0 0 0 1 1.01 0.91 -1.51</i>
                <i>1 0 0 0 1 0 0 0 1 1.01 0.91 -1.51</i>
                <i>1 0 0 0 1 0 0 0 1 1.01 0.91 -1.51</i>
                <i>1 0 0 0 1 0 0 0 1 1.01 0.91 -1.51</i>
                <i>1 0 0 0 1 0 0 0 1 1.01 0.91 -1.51</i>
                <i>1 0 0 0 1 0 0 0 1 1.01 0.91 -1.51</i>
                <i>1 0 0 0 1 0 0 0 1 1.01 0.91 -1.51</i>
                <i>1 0 0 0 1 0 0 0 1 1.01 0.91 -1.51</i>
                <i>1 0 0 0 1 0 0 0 1 1.01 0.91 -1.51</i>
                <i>1 0 0 0 1 0 0 0 1 1.01 0.91 -1.51</i>
                <i>1 0 0 0 1 0 0 0 1 1.01 0.91 -1.51</i>
                <i>1 0 0 0 1 0 0 0 1 1.01 0.91 -1.51</i>
                <i>1 0 0 0 1 0 0 0 1 1.01 0.91 -1.51</i>
                <i>1 0 0 0 1 0 0 0 1 1.01 0.91 -1.51</i>
                <i>1 0 0 0 1 0 0 0 1 1.01 0.91 -1.51</i>
                <i>1 0 0 0 1 0 0 0 1 1.01 0.91 -1.51</i>
                <i>1 0 0 0 1 0 0 0 1 1.01 0.91 -1.51</i>
                <i>1 0 0 0 1 0 0 0 1 1.01 0.91 -1.51</i>
                <i>1 0 0 0 1 0 0 0 1 1.01 0.91 -1.51</i>
                <i>1 0 0 0 1 0 0 0 1 1.01 0.91 -1.51</i>
                <i>1 0 0 0 1 0 0 0 1 1.01 0.91 -1.51</i>
                <i>1 0 0 0 1 0 0 0 1 1.01 0.91 -1.51</i>
                <i>1 0 0 0 1 0 0 0 1 1.01 0.91 -1.51</i>
                <i>1 0 0 0 1 0 0 0 1 1.01 0.91 -1.51</i>
                <i>1 0 0 0 1 0 0 0 1 1.01 0.91 -1.51</i>
                <i>1 0 0 0 1 0 0 0 1 1.01 0.91 -1.51</i>
                <i>1 0 0 0 1 0 0 0 1 1.01 0.91 -1.51</i>
                <i>1 0 0 0 1 0 0 0 1 1.01 0.91 -1.51</i>
                <i>1 0 0 0 1 0 0 0 1 1.01 0.91 -1.51</i>
                <i>1 0 0 0 1 0 0 0 1 1.01 0.91 -1.51</i>
                <i>1 0 0 0 1 0 0 0 1 1.01 0.91 -1.51</i>
                <i>1 0 0 0 1 0 0 0 1 1.01 0.91 -1.51</i>
                <i>1 0 0 0 1 0 0 0 1 1.01 0.91 -1.51</i>
                <i>1 0 0 0 1 0 0 0 1 1.01 0.91 -1.51</i>
                <i>1 0 0 0 1 0 0 0 1 1.01 0.91 -1.51</i>
                <i>1 0 0 0 1 0 0 0 1 1.01 0.91 -1.51</i>
                <i>1 0 0 0 1 0 0 0 1 1.01 0.91 -1.51</i>
                <i>1 0 0 0 1 0 0 0 1 1.01 0.91 -1.51</i>
            </KeyFrames>
        </RefFrame>
        <Bones count="23">
            <i>
                <p>
                    <Name><![CDATA[pelvis]]></Name>
                    <Exclude>0</Exclude>
                    <Additive>1</Additive>
                    <IKPriority>0</IKPriority>
                    <IKRotLimits>-1e+010 -1e+010 -1e+010 1e+010 1e+010 1e+010</IKRotLimits>
                    <IKRotLimitOrder>2</IKRotLimitOrder>
                    <KeyFrames count="43">
                        <i>1 0 0 0 1 0 0 0 1 0.857573 2.06358 -1.79648</i>
                        <i>1 0 0 0 1 0 0 0 1 0.85965 1.93919 -1.81502</i>
                        <i>1 0 0 0 1 0 0 0 1 0.86151 1.81581 -1.83199</i>
                        <i>1 0 0 0 1 0 0 0 1 0.858733 1.86879 -1.84578</i>
                        <i>1 0 0 0 1 0 0 0 1 0.856387 1.96923 -1.85872</i>
                        <i>1 0 0 0 1 0 0 0 1 0.856655 2.07988 -1.87093</i>
                        <i>1 0 0 0 1 0 0 0 1 0.857573 2.16356 -1.88237</i>
                        <i>1 0 0 0 1 0 0 0 1 0.857574 2.21865 -1.89616</i>
                        <i>1 0 0 0 1 0 0 0 1 0.857575 2.26251 -1.91125</i>
                        <i>1 0 0 0 1 0 0 0 1 0.857574 2.28636 -1.92123</i>
                        <i>1 0 0 0 1 0 0 0 1 0.857574 2.28143 -1.91964</i>
                        <i>1 0 0 0 1 0 0 0 1 0.860049 2.23619 -1.90198</i>
                        <i>1 0 0 0 1 0 0 0 1 0.865801 2.15816 -1.87313</i>
                        <i>1 0 0 0 1 0 0 0 1 0.872682 2.0671 -1.84076</i>
                        <i>1 0 0 0 1 0 0 0 1 0.878986 1.97847 -1.81255</i>
                        <i>1 0 0 0 1 0 0 0 1 0.882447 1.91463 -1.79615</i>
                        <i>1 0 0 0 1 0 0 0 1 0.880405 1.8937 -1.7956</i>
                        <i>1 0 0 0 1 0 0 0 1 0.87425 1.90441 -1.80578</i>
                        <i>1 0 0 0 1 0 0 0 1 0.866847 1.9301 -1.8206</i>
                        <i>1 0 0 0 1 0 0 0 1 0.860611 1.96025 -1.83397</i>
                        <i>1 0 0 0 1 0 0 0 1 0.85793 1.98436 -1.83977</i>
                        <i>1 0 0 0 1 0 0 0 1 0.857801 2.00361 -1.83892</i>
                        <i>1 0 0 0 1 0 0 0 1 0.857665 2.02494 -1.83656</i>
                        <i>1 0 0 0 1 0 0 0 1 0.857543 2.04637 -1.833</i>
                        <i>1 0 0 0 1 0 0 0 1 0.857452 2.06593 -1.82854</i>
                        <i>1 0 0 0 1 0 0 0 1 0.857401 2.08165 -1.82348</i>
                        <i>1 0 0 0 1 0 0 0 1 0.85739 2.09157 -1.81812</i>
                        <i>1 0 0 0 1 0 0 0 1 0.857408 2.09392 -1.81276</i>
                        <i>1 0 0 0 1 0 0 0 1 0.857441 2.08997 -1.8077</i>
                        <i>1 0 0 0 1 0 0 0 1 0.857485 2.08235 -1.80324</i>
                        <i>1 0 0 0 1 0 0 0 1 0.857528 2.07367 -1.79969</i>
                        <i>1 0 0 0 1 0 0 0 1 0.857561 2.06654 -1.79733</i>
                        <i>1 0 0 0 1 0 0 0 1 0.857573 2.06358 -1.79648</i>
                        <i>1 0 0 0 1 0 0 0 1 0.857573 2.06358 -1.79648</i>
                        <i>1 0 0 0 1 0 0 0 1 0.857573 2.06358 -1.79648</i>
                        <i>1 0 0 0 1 0 0 0 1 0.857573 2.06358 -1.79648</i>
                        <i>1 0 0 0 1 0 0 0 1 0.857573 2.06358 -1.79648</i>
                        <i>1 0 0 0 1 0 0 0 1 0.857573 2.06358 -1.79648</i>
                        <i>1 0 0 0 1 0 0 0 1 0.857573 2.06358 -1.79648</i>
                        <i>1 0 0 0 1 0 0 0 1 0.857573 2.06358 -1.79648</i>
                        <i>1 0 0 0 1 0 0 0 1 0.857573 2.06358 -1.79648</i>
                        <i>1 0 0 0 1 0 0 0 1 0.857573 2.06358 -1.79648</i>
                        <i>1 0 0 0 1 0 0 0 1 0.857573 2.06358 -1.79648</i>
                    </KeyFrames>
                </p>
            </i>
            <i>
                <p>
                    <Name><![CDATA[spine0]]></Name>
                    <Exclude>0</Exclude>
                    <Additive>1</Additive>
                    <IKPriority>0</IKPriority>
                    <IKRotLimits>-1e+010 -1e+010 -1e+010 1e+010 1e+010 1e+010</IKRotLimits>
                    <IKRotLimitOrder>0</IKRotLimitOrder>
                    <KeyFrames count="43">
                        <i>0.110492 0.951098 0.288452 -0.967915 0.0370708 0.24853 0.225683 -0.306657 0.924677 0.855792 2.20474 -1.82416</i>
                        <i>0.160627 0.96002 0.229262 -0.964699 0.103588 0.242127 0.208698 -0.260061 0.942769 0.860637 2.07644 -1.85812</i>
                        <i>0.184945 0.964646 0.187761 -0.962733 0.139476 0.231716 0.197336 -0.223618 0.954491 0.86247 1.94963 -1.88479</i>
                        <i>0.144049 0.971386 0.188837 -0.968035 0.0987298 0.230567 0.205326 -0.216013 0.954557 0.8547 2.00283 -1.89784</i>
                        <i>0.0793057 0.977604 0.194939 -0.972323 0.0327482 0.231334 0.219769 -0.20789 0.953144 0.845078 2.10434 -1.90683</i>
                        <i>0.0193831 0.979967 0.198214 -0.972146 -0.0278425 0.232718 0.233575 -0.197203 0.952131 0.839143 2.21619 -1.91345</i>
                        <i>-0.00785594 0.979833 0.199666 -0.970677 -0.055447 0.233907 0.24026 -0.191974 0.951536 0.83856 2.3013 -1.91926</i>
                        <i>0.00199164 0.979291 0.202449 -0.970056 -0.0472774 0.238234 0.242872 -0.196862 0.949873 0.843261 2.35866 -1.92599</i>
                        <i>0.026726 0.978205 0.205913 -0.969191 -0.0250988 0.245028 0.244855 -0.206118 0.947397 0.85135 2.40469 -1.93228</i>
                        <i>0.0533319 0.976555 0.208558 -0.968301 -0.000464011 0.249784 0.244025 -0.215268 0.945575 0.859657 2.42954 -1.93506</i>
                        <i>0.0694847 0.974282 0.214351 -0.967882 0.0138004 0.251025 0.241611 -0.224909 0.943949 0.864535 2.42466 -1.93117</i>
                        <i>0.0569708 0.977016 0.205413 -0.968375 0.00401757 0.249468 0.242909 -0.213129 0.946346 0.863636 2.37872 -1.92118</i>
                        <i>0.0209614 0.98307 0.182026 -0.969131 -0.0247558 0.245301 0.245654 -0.181549 0.952205 0.860485 2.29798 -1.90656</i>
                        <i>-0.0106348 0.985188 0.171149 -0.968876 -0.0524849 0.241917 0.247316 -0.163249 0.955083 0.860073 2.20323 -1.88556</i>
                        <i>-0.0160659 0.983481 0.180297 -0.968586 -0.0600622 0.241318 0.248161 -0.170756 0.953551 0.862588 2.11213 -1.86318</i>
                        <i>-0.00233896 0.979949 0.199233 -0.96933 -0.0511838 0.240373 0.245751 -0.192561 0.950014 0.864303 2.04676 -1.85007</i>
                        <i>0.0147344 0.975945 0.21752 -0.969928 -0.0389062 0.240262 0.242945 -0.214519 0.946023 0.862615 2.02583 -1.84965</i>
                        <i>0.0226081 0.972191 0.233097 -0.969841 -0.0352711 0.241172 0.242686 -0.23152 0.942073 0.857908 2.03762 -1.85759</i>
                        <i>0.0248982 0.968736 0.246843 -0.96955 -0.0367745 0.242117 0.243625 -0.245355 0.938322 0.852386 2.06472 -1.86922</i>
                        <i>0.0245307 0.966501 0.255487 -0.969412 -0.0394325 0.24225 0.24421 -0.253615 0.935971 0.848049 2.09641 -1.87869</i>
                        <i>0.0251782 0.965765 0.258195 -0.969596 -0.0392963 0.241537 0.243414 -0.256426 0.935412 0.846842 2.12198 -1.88018</i>
                        <i>0.0291998 0.966181 0.256208 -0.969931 -0.0345707 0.240911 0.241621 -0.255539 0.936119 0.847945 2.14257 -1.87484</i>
                        <i>0.0357768 0.967384 0.250774 -0.970174 -0.026581 0.240949 0.239756 -0.251915 0.93758 0.849221 2.16504 -1.86815</i>
                        <i>0.0441995 0.968623 0.244574 -0.970225 -0.0167376 0.241628 0.23814 -0.247971 0.939042 0.850578 2.18737 -1.86069</i>
                        <i>0.0537445 0.969267 0.240068 -0.970065 -0.00633856 0.242762 0.236823 -0.245929 0.939912 0.851916 2.20757 -1.85308</i>
                        <i>0.0637093 0.968773 0.239626 -0.969757 0.00340859 0.244049 0.235611 -0.247927 0.939691 0.853123 2.22369 -1.84592</i>
                        <i>0.0733978 0.966831 0.244643 -0.969408 0.0115539 0.245181 0.234222 -0.255154 0.938102 0.854075 2.23375 -1.8398</i>
                        <i>0.0824224 0.963984 0.252866 -0.969072 0.018302 0.2461 0.232609 -0.265329 0.935678 0.854745 2.23604 -1.8349</i>
                        <i>0.0906892 0.960756 0.262152 -0.968751 0.0240848 0.246863 0.230862 -0.276347 0.932917 0.855216 2.23193 -1.83096</i>
                        <i>0.0979084 0.957426 0.271567 -0.968465 0.0288429 0.247475 0.229106 -0.287233 0.930058 0.855522 2.22406 -1.82795</i>
                        <i>0.103801 0.954371 0.280001 -0.968226 0.0325631 0.247948 0.227517 -0.296841 0.927427 0.855696 2.21512 -1.82583</i>
                        <i>0.108089 0.952078 0.286121 -0.968041 0.0352832 0.248296 0.226302 -0.303815 0.925464 0.855774 2.20778 -1.82457</i>
                        <i>0.110492 0.951098 0.288452 -0.967915 0.0370708 0.24853 0.225683 -0.306657 0.924677 0.855792 2.20474 -1.82416</i>
                        <i>0.111596 0.950982 0.28841 -0.967834 0.0381557 0.248678 0.225483 -0.306884 0.924651 0.855792 2.20474 -1.82416</i>
                        <i>0.112235 0.950914 0.288386 -0.967788 0.0387833 0.248763 0.225368 -0.307016 0.924635 0.855792 2.20474 -1.82416</i>
                        <i>0.112492 0.950886 0.288376 -0.967769 0.0390366 0.248797 0.225321 -0.307069 0.924629 0.855792 2.20474 -1.82416</i>
                        <i>0.112452 0.950891 0.288377 -0.967772 0.0389966 0.248792 0.225328 -0.307061 0.92463 0.855792 2.20474 -1.82416</i>
                        <i>0.112194 0.950918 0.288387 -0.967791 0.0387433 0.248757 0.225375 -0.307008 0.924636 0.855792 2.20474 -1.82416</i>
                        <i>0.1118 0.95096 0.288402 -0.96782 0.0383561 0.248705 0.225446 -0.306926 0.924646 0.855792 2.20474 -1.82416</i>
                        <i>0.111351 0.951008 0.288419 -0.967852 0.0379149 0.248645 0.225528 -0.306834 0.924657 0.855792 2.20474 -1.82416</i>
                        <i>0.110929 0.951052 0.288435 -0.967883 0.0374999 0.248589 0.225604 -0.306747 0.924667 0.855792 2.20474 -1.82416</i>
                        <i>0.110615 0.951085 0.288447 -0.967906 0.0371915 0.248547 0.225661 -0.306682 0.924674 0.855792 2.20474 -1.82416</i>
                        <i>0.110492 0.951098 0.288452 -0.967915 0.0370708 0.24853 0.225683 -0.306657 0.924677 0.855792 2.20474 -1.82416</i>
                    </KeyFrames>
                </p>
            </i>
            <i>
                <p>
                    <Name><![CDATA[spine1]]></Name>
                    <Exclude>0</Exclude>
                    <Additive>1</Additive>
                    <IKPriority>0</IKPriority>
                    <IKRotLimits>-1e+010 -1e+010 -1e+010 1e+010 1e+010 1e+010</IKRotLimits>
                    <IKRotLimitOrder>0</IKRotLimitOrder>
                    <KeyFrames count="43">
                        <i>-0.0596764 0.810572 0.58259 -0.9943 -0.0999226 0.0371757 0.0883475 -0.577051 0.811915 0.874811 2.36847 -1.77451</i>
                        <i>0.0238631 0.827566 0.560861 -0.999483 0.00765294 0.0312331 0.0215552 -0.561317 0.82732 0.889409 2.24847 -1.81708</i>
                        <i>0.0829814 0.83519 0.543665 -0.996279 0.0822629 0.0256914 -0.0232662 -0.543774 0.838909 0.896681 2.12818 -1.85012</i>
                        <i>0.0761237 0.835258 0.544564 -0.997045 0.0694308 0.0328816 -0.010345 -0.545458 0.838075 0.881946 2.18674 -1.8622</i>
                        <i>0.0508841 0.839329 0.541237 -0.99843 0.0300541 0.04726 0.0234003 -0.542793 0.839541 0.860338 2.29282 -1.86938</i>
                        <i>0.0216062 0.849402 0.527304 -0.998033 -0.0127242 0.0613908 0.058855 -0.527593 0.847456 0.842888 2.40722 -1.87496</i>
                        <i>0.00126122 0.862709 0.505698 -0.997096 -0.037421 0.0663262 0.076144 -0.504314 0.860157 0.836988 2.49302 -1.88034</i>
                        <i>-0.0193371 0.883209 0.46858 -0.996603 -0.0545529 0.0616976 0.0800543 -0.465795 0.881264 0.843615 2.5495 -1.88668</i>
                        <i>-0.0518114 0.908777 0.414052 -0.995397 -0.0804671 0.0520559 0.0806248 -0.409449 0.908763 0.856478 2.5936 -1.89265</i>
                        <i>-0.0849487 0.927565 0.363877 -0.993582 -0.106235 0.0388497 0.0746922 -0.358242 0.930636 0.869813 2.61607 -1.89534</i>
                        <i>-0.106192 0.929567 0.353026 -0.991811 -0.124353 0.029097 0.0709474 -0.347046 0.935161 0.8776 2.60822 -1.89089</i>
                        <i>-0.111486 0.91848 0.379429 -0.990857 -0.131929 0.0282205 0.0759777 -0.372814 0.92479 0.874009 2.5569 -1.88378</i>
                        <i>-0.10926 0.90179 0.418136 -0.990604 -0.13359 0.0292655 0.0822502 -0.41101 0.907913 0.864151 2.47016 -1.87471</i>
                        <i>-0.109713 0.883042 0.45629 -0.990027 -0.137896 0.0288185 0.0883687 -0.448578 0.889364 0.858225 2.37411 -1.85589</i>
                        <i>-0.110631 0.86907 0.48216 -0.989266 -0.142893 0.0305712 0.0954657 -0.473603 0.875549 0.85971 2.28766 -1.83104</i>
                        <i>-0.101726 0.85691 0.505328 -0.990423 -0.134905 0.0293861 0.0933527 -0.497499 0.862427 0.86385 2.22801 -1.8133</i>
                        <i>-0.09124 0.843653 0.529079 -0.991907 -0.1241 0.0268305 0.0882942 -0.522349 0.848148 0.865365 2.2096 -1.80879</i>
                        <i>-0.0867149 0.828577 0.553119 -0.992355 -0.120786 0.0253623 0.0878237 -0.546691 0.832716 0.862132 2.22028 -1.81389</i>
                        <i>-0.0854097 0.817852 0.569055 -0.992489 -0.120044 0.023565 0.0875842 -0.562768 0.821962 0.857004 2.24526 -1.82331</i>
                        <i>-0.0873444 0.817178 0.569728 -0.992406 -0.121099 0.0215515 0.0866051 -0.56352 0.82155 0.852546 2.27436 -1.83173</i>
                        <i>-0.0923317 0.827444 0.553906 -0.992144 -0.123611 0.0192725 0.0844159 -0.547774 0.832356 0.851398 2.29731 -1.83336</i>
                        <i>-0.0979652 0.843271 0.528485 -0.991844 -0.126241 0.0175766 0.0815382 -0.522453 0.84876 0.853156 2.31533 -1.82907</i>
                        <i>-0.102062 0.86105 0.498173 -0.991666 -0.127646 0.0174602 0.0786239 -0.49224 0.866902 0.855509 2.33527 -1.82404</i>
                        <i>-0.104282 0.877447 0.468201 -0.991632 -0.127754 0.0185566 0.0760969 -0.462348 0.883427 0.858235 2.35523 -1.81832</i>
                        <i>-0.104288 0.889485 0.444905 -0.991751 -0.126528 0.020493 0.0745211 -0.439097 0.895344 0.86111 2.37335 -1.81202</i>
                        <i>-0.101775 0.894478 0.435374 -0.992022 -0.123982 0.0228223 0.0743927 -0.429578 0.89996 0.863918 2.38779 -1.80531</i>
                        <i>-0.0965416 0.890648 0.444325 -0.992445 -0.120098 0.0251011 0.0757189 -0.438545 0.895514 0.866451 2.39671 -1.79855</i>
                        <i>-0.0892008 0.879618 0.467242 -0.992949 -0.115305 0.0275078 0.0780718 -0.461493 0.883702 0.868639 2.39849 -1.79227</i>
                        <i>-0.0811067 0.863917 0.49706 -0.993407 -0.110606 0.0301415 0.0810174 -0.491338 0.867193 0.870549 2.39433 -1.78663</i>
                        <i>-0.0732802 0.845911 0.528266 -0.993776 -0.106498 0.0326798 0.0839034 -0.522583 0.84845 0.87216 2.38674 -1.78179</i>
                        <i>-0.0666152 0.82863 0.55582 -0.994041 -0.103286 0.0348454 0.0862824 -0.550186 0.830572 0.873438 2.37824 -1.77797</i>
                        <i>-0.0618607 0.815614 0.57528 -0.994211 -0.101088 0.0364109 0.0878512 -0.569697 0.817146 0.874339 2.37131 -1.77543</i>
                        <i>-0.0596764 0.810572 0.58259 -0.9943 -0.0999226 0.0371757 0.0883475 -0.577051 0.811915 0.874811 2.36847 -1.77451</i>
                        <i>-0.0591267 0.810684 0.582491 -0.994343 -0.0994055 0.0374155 0.088235 -0.576984 0.811975 0.875006 2.36849 -1.77451</i>
                        <i>-0.0588069 0.810748 0.582433 -0.994368 -0.0991051 0.0375555 0.0881702 -0.576945 0.81201 0.875119 2.36851 -1.7745</i>
                        <i>-0.0586776 0.810775 0.58241 -0.994378 -0.0989836 0.0376123 0.0881441 -0.576929 0.812025 0.875165 2.36851 -1.7745</i>
                        <i>-0.0586979 0.810771 0.582414 -0.994376 -0.0990028 0.0376033 0.0881482 -0.576931 0.812022 0.875158 2.36851 -1.7745</i>
                        <i>-0.0588274 0.810744 0.582437 -0.994366 -0.0991243 0.0375465 0.0881743 -0.576947 0.812008 0.875112 2.3685 -1.7745</i>
                        <i>-0.0590247 0.810704 0.582473 -0.994351 -0.0993097 0.0374602 0.0882143 -0.576972 0.811987 0.875042 2.3685 -1.7745</i>
                        <i>-0.059249 0.810659 0.582513 -0.994334 -0.0995205 0.0373621 0.08826 -0.576999 0.811962 0.874963 2.36848 -1.77451</i>
                        <i>-0.0594594 0.810616 0.582551 -0.994317 -0.0997184 0.0372702 0.088303 -0.577025 0.811939 0.874888 2.36848 -1.77451</i>
                        <i>-0.0596154 0.810584 0.582579 -0.994305 -0.0998652 0.0372023 0.088335 -0.577044 0.811922 0.874833 2.36847 -1.77451</i>
                        <i>-0.0596764 0.810572 0.58259 -0.9943 -0.0999226 0.0371757 0.0883475 -0.577051 0.811915 0.874811 2.36847 -1.77451</i>
                    </KeyFrames>
                </p>
            </i>
            <i>
                <p>
                    <Name><![CDATA[spine2]]></Name>
                    <Exclude>0</Exclude>
                    <Additive>1</Additive>
                    <IKPriority>0</IKPriority>
                    <IKRotLimits>-1e+010 -1e+010 -1e+010 1e+010 1e+010 1e+010</IKRotLimits>
                    <IKRotLimitOrder>0</IKRotLimitOrder>
                    <KeyFrames count="43">
                        <i>-0.306595 0.682137 0.663844 -0.95158 -0.203355 -0.230526 -0.0222543 -0.702379 0.711455 0.865201 2.49676 -1.68221</i>
                        <i>-0.242596 0.722797 0.647079 -0.962688 -0.0969152 -0.252665 -0.119914 -0.684231 0.719339 0.893155 2.38474 -1.72451</i>
                        <i>-0.181202 0.740609 0.647042 -0.9666 -0.0128662 -0.255967 -0.181247 -0.671813 0.718204 0.910597 2.27017 -1.75736</i>
                        <i>-0.142708 0.726339 0.672359 -0.974313 0.0164766 -0.224596 -0.174211 -0.68714 0.705329 0.894996 2.33195 -1.76712</i>
                        <i>-0.107997 0.705893 0.700037 -0.984237 0.0232773 -0.175313 -0.140047 -0.707936 0.692252 0.869177 2.44139 -1.77311</i>
                        <i>-0.0812261 0.689937 0.719298 -0.991536 0.0174041 -0.128662 -0.101287 -0.723661 0.682683 0.846605 2.55925 -1.78008</i>
                        <i>-0.0688889 0.686689 0.72368 -0.994095 0.0137146 -0.107644 -0.083843 -0.726822 0.681689 0.837069 2.64804 -1.78898</i>
                        <i>-0.0904447 0.704283 0.704135 -0.99259 -0.00613939 -0.121356 -0.0811457 -0.709893 0.699619 0.839999 2.70764 -1.80233</i>
                        <i>-0.144039 0.735026 0.662563 -0.986875 -0.0572976 -0.15098 -0.0730108 -0.675614 0.733632 0.847113 2.75494 -1.81874</i>
                        <i>-0.202899 0.760761 0.616502 -0.977069 -0.115779 -0.178694 -0.0645653 -0.638622 0.766807 0.854708 2.77904 -1.83107</i>
                        <i>-0.237934 0.767068 0.595813 -0.969601 -0.151519 -0.192134 -0.0571028 -0.623417 0.779802 0.859004 2.76937 -1.82939</i>
                        <i>-0.235209 0.775405 0.586024 -0.970098 -0.150143 -0.190699 -0.0598817 -0.613355 0.787534 0.855111 2.71101 -1.8199</i>
                        <i>-0.219316 0.797498 0.562048 -0.97276 -0.134398 -0.188879 -0.0750926 -0.588162 0.80525 0.846351 2.61543 -1.80723</i>
                        <i>-0.221149 0.808091 0.545969 -0.971865 -0.136076 -0.192255 -0.0810661 -0.573125 0.815448 0.840525 2.51495 -1.783</i>
                        <i>-0.256369 0.801007 0.540984 -0.964328 -0.173781 -0.19968 -0.0659329 -0.572877 0.816985 0.841365 2.43023 -1.75174</i>
                        <i>-0.296762 0.786524 0.541583 -0.953398 -0.21169 -0.214987 -0.054445 -0.580144 0.812692 0.846372 2.37363 -1.72712</i>
                        <i>-0.315709 0.765075 0.561238 -0.947419 -0.221635 -0.230815 -0.0522008 -0.604597 0.794819 0.849394 2.35552 -1.7169</i>
                        <i>-0.307582 0.743738 0.593504 -0.949905 -0.20366 -0.237073 -0.0554474 -0.636691 0.769123 0.846978 2.36326 -1.71806</i>
                        <i>-0.287244 0.732402 0.617315 -0.955759 -0.176521 -0.235296 -0.0633626 -0.657593 0.750705 0.842193 2.38524 -1.72554</i>
                        <i>-0.268301 0.733731 0.624222 -0.960701 -0.15591 -0.229663 -0.0711887 -0.66131 0.746727 0.837579 2.41256 -1.73506</i>
                        <i>-0.264327 0.744319 0.613286 -0.96154 -0.154169 -0.227316 -0.0746462 -0.649785 0.756444 0.835799 2.43534 -1.7407</i>
                        <i>-0.273037 0.755804 0.595156 -0.959209 -0.16677 -0.228267 -0.073271 -0.633205 0.770508 0.836855 2.45394 -1.742</i>
                        <i>-0.282545 0.766916 0.576202 -0.956716 -0.181624 -0.227393 -0.0697393 -0.61551 0.785038 0.838796 2.4746 -1.74329</i>
                        <i>-0.291845 0.775763 0.559481 -0.954269 -0.196543 -0.225259 -0.0647856 -0.599636 0.797646 0.841414 2.49511 -1.74359</i>
                        <i>-0.299915 0.780511 0.548502 -0.952142 -0.209376 -0.222681 -0.0589622 -0.589037 0.805952 0.844501 2.51335 -1.74195</i>
                        <i>-0.305776 0.779361 0.546897 -0.950639 -0.218071 -0.220748 -0.0527802 -0.587402 0.807573 0.84786 2.52724 -1.73742</i>
                        <i>-0.308652 0.77176 0.555986 -0.950009 -0.221195 -0.220353 -0.0470781 -0.596204 0.801451 0.851286 2.53488 -1.72962</i>
                        <i>-0.308991 0.758638 0.57358 -0.950147 -0.219748 -0.221203 -0.0417698 -0.613335 0.788718 0.854621 2.5349 -1.71981</i>
                        <i>-0.308028 0.740769 0.596976 -0.950686 -0.215746 -0.222823 -0.0362655 -0.636172 0.770694 0.857755 2.52869 -1.70931</i>
                        <i>-0.306535 0.720932 0.621524 -0.951348 -0.210647 -0.224866 -0.0311912 -0.660215 0.750428 0.860531 2.51896 -1.69918</i>
                        <i>-0.305291 0.702272 0.643126 -0.951876 -0.205912 -0.227006 -0.0269929 -0.681479 0.731339 0.862797 2.50849 -1.69054</i>
                        <i>-0.30506 0.688187 0.658283 -0.952032 -0.202995 -0.228971 -0.0239469 -0.696557 0.717102 0.864402 2.50012 -1.68449</i>
                        <i>-0.306595 0.682137 0.663844 -0.95158 -0.203355 -0.230526 -0.0222543 -0.702379 0.711455 0.865201 2.49676 -1.68221</i>
                        <i>-0.308759 0.681399 0.663599 -0.950898 -0.205371 -0.231553 -0.0214962 -0.702508 0.711351 0.865481 2.49684 -1.68219</i>
                        <i>-0.310013 0.680969 0.663456 -0.950499 -0.20654 -0.232148 -0.0210559 -0.702583 0.71129 0.865643 2.49688 -1.68218</i>
                        <i>-0.31052 0.680794 0.663398 -0.950338 -0.207012 -0.232389 -0.0208778 -0.702613 0.711266 0.865709 2.4969 -1.68218</i>
                        <i>-0.31044 0.680822 0.663407 -0.950363 -0.206937 -0.232351 -0.0209059 -0.702608 0.71127 0.865699 2.4969 -1.68218</i>
                        <i>-0.309933 0.680996 0.663465 -0.950525 -0.206465 -0.23211 -0.021084 -0.702578 0.711294 0.865633 2.49688 -1.68218</i>
                        <i>-0.309159 0.681262 0.663553 -0.950771 -0.205744 -0.231743 -0.0213557 -0.702532 0.711331 0.865533 2.49685 -1.68219</i>
                        <i>-0.308278 0.681563 0.663654 -0.95105 -0.204923 -0.231325 -0.0216647 -0.70248 0.711374 0.865419 2.49682 -1.6822</i>
                        <i>-0.30745 0.681846 0.663748 -0.951311 -0.204152 -0.230932 -0.0219549 -0.70243 0.711414 0.865312 2.49679 -1.6822</i>
                        <i>-0.306835 0.682055 0.663817 -0.951504 -0.203579 -0.23064 -0.0221701 -0.702394 0.711443 0.865232 2.49677 -1.68221</i>
                        <i>-0.306595 0.682137 0.663844 -0.95158 -0.203355 -0.230526 -0.0222543 -0.702379 0.711455 0.865201 2.49676 -1.68221</i>
                    </KeyFrames>
                </p>
            </i>
            <i>
                <p>
                    <Name><![CDATA[head]]></Name>
                    <Exclude>0</Exclude>
                    <Additive>1</Additive>
                    <IKPriority>0</IKPriority>
                    <IKRotLimits>-1e+010 -1e+010 -1e+010 1e+010 1e+010 1e+010</IKRotLimits>
                    <IKRotLimitOrder>0</IKRotLimitOrder>
                    <KeyFrames count="43">
                        <i>-0.0188662 0.990052 0.13943 0.0970829 0.14061 -0.985294 -0.995098 -0.00505248 -0.0987699 0.774834 2.68079 -1.53008</i>
                        <i>-0.0163461 0.967086 0.253924 0.134779 0.253771 -0.957828 -0.990741 0.0185669 -0.134492 0.815316 2.58269 -1.57565</i>
                        <i>0.00440855 0.947099 0.32091 0.150363 0.316637 -0.936553 -0.988621 0.0523819 -0.141013 0.846413 2.47579 -1.60561</i>
                        <i>0.0631468 0.96156 0.267235 0.122044 0.25832 -0.958319 -0.990514 0.0931293 -0.101041 0.841861 2.53626 -1.60325</i>
                        <i>0.113685 0.980934 0.157619 0.0564764 0.152011 -0.986764 -0.99191 0.121082 -0.0381183 0.827607 2.64139 -1.59537</i>
                        <i>0.137859 0.989402 0.0456028 -0.0189288 0.0486658 -0.998636 -0.990271 0.136808 0.0254372 0.815241 2.75429 -1.59131</i>
                        <i>0.147689 0.988971 -0.0111456 -0.0630661 -0.00182938 -0.998008 -0.987021 0.148097 0.0621004 0.811597 2.84064 -1.59528</i>
                        <i>0.134194 0.990809 0.0170006 -0.053921 0.0244311 -0.998246 -0.989487 0.133042 0.0567039 0.810147 2.90283 -1.61209</i>
                        <i>0.0812959 0.992358 0.0928287 -0.0207172 0.0947993 -0.995281 -0.996475 0.0789891 0.0282656 0.803863 2.95555 -1.63845</i>
                        <i>0.0116334 0.985074 0.171738 0.00395249 0.171703 -0.985141 -0.999924 0.0121393 -0.00189602 0.796714 2.98398 -1.66258</i>
                        <i>-0.0400634 0.97603 0.213915 0.011297 0.214515 -0.976655 -0.999133 -0.0367115 -0.0196204 0.792654 2.97494 -1.66808</i>
                        <i>-0.058509 0.988763 0.137566 0.0258312 0.139255 -0.98992 -0.997953 -0.0543657 -0.0336886 0.790758 2.91922 -1.66867</i>
                        <i>-0.0640848 0.997594 -0.0264499 0.0555406 -0.022898 -0.998194 -0.996398 -0.0654381 -0.0539396 0.786876 2.82971 -1.67348</i>
                        <i>-0.077701 0.987737 -0.135421 0.080741 -0.129151 -0.988332 -0.993702 -0.0877285 -0.0697156 0.779402 2.73292 -1.66072</i>
                        <i>-0.109163 0.983406 -0.144898 0.105641 -0.133466 -0.985407 -0.988394 -0.122878 -0.0893188 0.766597 2.64905 -1.63278</i>
                        <i>-0.134478 0.98426 -0.11466 0.136824 -0.0961589 -0.985917 -0.981425 -0.148273 -0.121739 0.755047 2.59095 -1.609</i>
                        <i>-0.139986 0.988523 -0.056793 0.149085 -0.0356613 -0.988181 -0.978866 -0.146798 -0.142382 0.749714 2.56826 -1.59335</i>
                        <i>-0.112934 0.993559 0.0093305 0.136831 0.0248525 -0.990283 -0.984136 -0.11056 -0.138756 0.749985 2.57104 -1.58476</i>
                        <i>-0.0604249 0.996148 0.0635481 0.120691 0.0704887 -0.990184 -0.990849 -0.0521621 -0.124486 0.752763 2.59063 -1.58481</i>
                        <i>-0.00639918 0.99568 0.0926335 0.108506 0.0927798 -0.989757 -0.994075 0.00371762 -0.108631 0.755797 2.61805 -1.5919</i>
                        <i>0.0248099 0.994843 0.0983447 0.106189 0.0951958 -0.989779 -0.994036 0.0349995 -0.10328 0.756957 2.64221 -1.60029</i>
                        <i>0.0335122 0.994661 0.0976067 0.109482 0.0934204 -0.989589 -0.993424 0.0438495 -0.105766 0.756833 2.66151 -1.60612</i>
                        <i>0.0364189 0.994675 0.0964147 0.110575 0.0918755 -0.989612 -0.9932 0.0467017 -0.10664 0.757331 2.6824 -1.61174</i>
                        <i>0.0341278 0.994832 0.0956321 0.10926 0.0914005 -0.989802 -0.993427 0.0442285 -0.105576 0.758439 2.70254 -1.61558</i>
                        <i>0.0271689 0.994993 0.0961834 0.105559 0.0928252 -0.990071 -0.994042 0.0370523 -0.102509 0.760123 2.71973 -1.61609</i>
                        <i>0.0187005 0.995028 0.0978216 0.10109 0.0954557 -0.990287 -0.994701 0.0284077 -0.0988028 0.762318 2.73179 -1.61172</i>
                        <i>0.0120747 0.99496 0.099543 0.0983604 0.0978856 -0.990325 -0.995078 0.0217489 -0.0966827 0.764897 2.73701 -1.60202</i>
                        <i>0.00661926 0.994683 0.102775 0.0970369 0.101653 -0.990076 -0.995259 0.0165265 -0.0958481 0.767591 2.7341 -1.58854</i>
                        <i>0.0012231 0.993905 0.110238 0.0959196 0.109613 -0.989335 -0.995388 0.011784 -0.0952009 0.770136 2.72426 -1.57287</i>
                        <i>-0.00407276 0.992793 0.119774 0.0952824 0.119615 -0.988238 -0.995442 0.0073875 -0.0950828 0.772328 2.71064 -1.55712</i>
                        <i>-0.0092193 0.991571 0.129235 0.0952578 0.129524 -0.98699 -0.99541 0.00321135 -0.095649 0.773967 2.69655 -1.54338</i>
                        <i>-0.0141653 0.99054 0.136492 0.0958679 0.137223 -0.98589 -0.995293 -0.000880227 -0.0969047 0.774865 2.68543 -1.5337</i>
                        <i>-0.0188662 0.990052 0.13943 0.0970829 0.14061 -0.985294 -0.995098 -0.00505248 -0.0987699 0.774834 2.68079 -1.53008</i>
                        <i>-0.0225657 0.989967 0.139488 0.098306 0.141044 -0.98511 -0.9949 -0.00851722 -0.100502 0.774382 2.6806 -1.53016</i>
                        <i>-0.0247122 0.989911 0.139518 0.0990149 0.141298 -0.985003 -0.994779 -0.0105272 -0.101508 0.77412 2.68049 -1.53021</i>
                        <i>-0.0255799 0.989887 0.13953 0.0993013 0.141401 -0.984959 -0.994729 -0.0113397 -0.101914 0.774014 2.68045 -1.53023</i>
                        <i>-0.0254429 0.989891 0.139528 0.0992561 0.141385 -0.984966 -0.994737 -0.0112114 -0.10185 0.77403 2.68045 -1.53023</i>
                        <i>-0.0245752 0.989915 0.139516 0.0989696 0.141282 -0.98501 -0.994787 -0.0103989 -0.101444 0.774136 2.6805 -1.53021</i>
                        <i>-0.0232507 0.989949 0.139498 0.0985323 0.141125 -0.985076 -0.994862 -0.00915873 -0.100823 0.774298 2.68056 -1.53018</i>
                        <i>-0.0217436 0.989987 0.139475 0.0980344 0.140947 -0.985151 -0.994945 -0.00774734 -0.100117 0.774482 2.68064 -1.53015</i>
                        <i>-0.0203277 0.99002 0.139454 0.0975663 0.140781 -0.985222 -0.995021 -0.00642139 -0.0994544 0.774655 2.68071 -1.53011</i>
                        <i>-0.0192773 0.990043 0.139437 0.0972189 0.140658 -0.985273 -0.995076 -0.00543747 -0.0989624 0.774783 2.68077 -1.53009</i>
                        <i>-0.0188662 0.990052 0.13943 0.0970829 0.14061 -0.985294 -0.995098 -0.00505248 -0.0987699 0.774834 2.68079 -1.53008</i>
                    </KeyFrames>
                </p>
            </i>
            <i>
                <p>
                    <Name><![CDATA[head_prop]]></Name>
                    <Exclude>0</Exclude>
                    <Additive>1</Additive>
                    <IKPriority>0</IKPriority>
                    <IKRotLimits>-1e+010 -1e+010 -1e+010 1e+010 1e+010 1e+010</IKRotLimits>
                    <IKRotLimitOrder>0</IKRotLimitOrder>
                    <KeyFrames count="43">
                        <i>0.995098 0.00505248 0.0987699 -0.0188662 0.990052 0.13943 -0.0970829 -0.14061 0.985294 0.768685 3.00345 -1.48464</i>
                        <i>0.987159 0.0627026 0.14692 -0.0808174 0.989386 0.120764 -0.137788 -0.131087 0.981749 0.793549 3.05154 -1.52829</i>
                        <i>0.979374 0.11019 0.169365 -0.120537 0.991344 0.052044 -0.162164 -0.0713853 0.984178 0.823081 3.0967 -1.55039</i>
                        <i>0.986477 0.109465 0.121989 -0.102888 0.992943 -0.0589836 -0.127584 0.0456349 0.990777 0.844879 3.27386 -1.59313</i>
                        <i>0.998327 -0.000515115 0.0578117 0.00205799 0.999643 -0.0266321 -0.0577773 0.0267065 0.997972 0.854843 3.41084 -1.61772</i>
                        <i>0.991106 -0.132977 0.00510038 0.13249 0.989616 0.0557301 -0.0124582 -0.0545586 0.998433 0.858438 3.47656 -1.62757</i>
                        <i>0.97152 -0.230351 -0.0555748 0.235913 0.962273 0.135561 0.0222515 -0.144811 0.989209 0.87095 3.43926 -1.62489</i>
                        <i>0.952182 -0.29053 -0.0945623 0.305514 0.908714 0.284428 0.00329523 -0.299718 0.954022 0.875322 3.34548 -1.58839</i>
                        <i>0.964765 -0.24152 -0.104387 0.262997 0.87341 0.409863 -0.00781704 -0.422875 0.906154 0.853689 3.27613 -1.56686</i>
                        <i>0.999428 0.0233634 -0.024437 -0.013861 0.942424 0.334133 0.0308365 -0.333603 0.942209 0.796331 3.2838 -1.58526</i>
                        <i>0.964228 0.256347 0.0674581 -0.264834 0.94248 0.203946 -0.011297 -0.214515 0.976655 0.745204 3.29304 -1.59836</i>
                        <i>0.970362 0.234515 0.0583109 -0.240272 0.962086 0.12907 -0.0258312 -0.139255 0.98992 0.744256 3.24069 -1.62437</i>
                        <i>0.989904 0.131835 0.0520552 -0.130405 0.991007 -0.0299889 -0.0555406 0.022898 0.998194 0.756105 3.15442 -1.68254</i>
                        <i>0.993702 0.0877285 0.0697156 -0.077701 0.987737 -0.135421 -0.080741 0.129151 0.988332 0.754079 3.05483 -1.70486</i>
                        <i>0.988394 0.122878 0.0893188 -0.109163 0.983406 -0.144898 -0.105641 0.133466 0.985407 0.73102 2.96955 -1.68001</i>
                        <i>0.981425 0.148273 0.121739 -0.134478 0.98426 -0.11466 -0.136824 0.0961589 0.985917 0.711219 2.91173 -1.64637</i>
                        <i>0.978866 0.146798 0.142382 -0.139986 0.988523 -0.056793 -0.149085 0.0356613 0.988181 0.704092 2.89043 -1.61186</i>
                        <i>0.984136 0.11056 0.138756 -0.112934 0.993559 0.0093305 -0.136831 -0.0248525 0.990283 0.713179 2.89485 -1.58172</i>
                        <i>0.990849 0.0521621 0.124486 -0.0604249 0.996148 0.0635481 -0.120691 -0.0704887 0.990184 0.73307 2.91528 -1.5641</i>
                        <i>0.994075 -0.00371762 0.108631 -0.00639918 0.99568 0.0926335 -0.108506 -0.0927798 0.989757 0.753712 2.94256 -1.56171</i>
                        <i>0.994036 -0.0349995 0.10328 0.0248099 0.994843 0.0983447 -0.106189 -0.0951958 0.989779 0.765042 2.96643 -1.56824</i>
                        <i>0.993424 -0.0438495 0.105766 0.0335122 0.994661 0.0976067 -0.109482 -0.0934204 0.989589 0.767755 2.98568 -1.57431</i>
                        <i>0.9932 -0.0467017 0.10664 0.0364189 0.994675 0.0964147 -0.110575 -0.0918755 0.989612 0.7692 3.00657 -1.58032</i>
                        <i>0.993427 -0.0442285 0.105576 0.0341278 0.994832 0.0956321 -0.10926 -0.0914005 0.989802 0.769562 3.02677 -1.58442</i>
                        <i>0.994042 -0.0370523 0.102509 0.0271689 0.994993 0.0961834 -0.105559 -0.0928252 0.990071 0.768978 3.04401 -1.58474</i>
                        <i>0.994701 -0.0284077 0.0988028 0.0187005 0.995028 0.0978216 -0.10109 -0.0954557 0.990287 0.768412 3.05608 -1.57984</i>
                        <i>0.995078 -0.0217489 0.0966827 0.0120747 0.99496 0.099543 -0.0983604 -0.0978856 0.990325 0.768832 3.06128 -1.56958</i>
                        <i>0.995259 -0.0165265 0.0958481 0.00661926 0.994683 0.102775 -0.0970369 -0.101653 0.990076 0.769748 3.05828 -1.55504</i>
                        <i>0.995388 -0.011784 0.0952009 0.0012231 0.993905 0.110238 -0.0959196 -0.109613 0.989335 0.770535 3.04818 -1.53694</i>
                        <i>0.995442 -0.0073875 0.0950828 -0.00407276 0.992793 0.119774 -0.0952824 -0.119615 0.988238 0.771 3.0342 -1.51809</i>
                        <i>0.99541 -0.00321135 0.095649 -0.0092193 0.991571 0.129235 -0.0952578 -0.129524 0.98699 0.770963 3.01971 -1.50126</i>
                        <i>0.995293 0.000880227 0.0969047 -0.0141653 0.99054 0.136492 -0.0958679 -0.137223 0.98589 0.770248 3.00825 -1.48921</i>
                        <i>0.995098 0.00505248 0.0987699 -0.0188662 0.990052 0.13943 -0.0970829 -0.14061 0.985294 0.768685 3.00345 -1.48464</i>
                        <i>0.9949 0.00851722 0.100502 -0.0225657 0.989967 0.139488 -0.098306 -0.141044 0.98511 0.767027 3.00324 -1.4847</i>
                        <i>0.994779 0.0105272 0.101508 -0.0247122 0.989911 0.139518 -0.0990149 -0.141298 0.985003 0.766066 3.00311 -1.48474</i>
                        <i>0.994729 0.0113397 0.101914 -0.0255799 0.989887 0.13953 -0.0993013 -0.141401 0.984959 0.765677 3.00306 -1.48476</i>
                        <i>0.994737 0.0112114 0.10185 -0.0254429 0.989891 0.139528 -0.0992561 -0.141385 0.984966 0.765738 3.00307 -1.48475</i>
                        <i>0.994787 0.0103989 0.101444 -0.0245752 0.989915 0.139516 -0.0989696 -0.141282 0.98501 0.766127 3.00312 -1.48474</i>
                        <i>0.994862 0.00915873 0.100823 -0.0232507 0.989949 0.139498 -0.0985323 -0.141125 0.985076 0.76672 3.0032 -1.48472</i>
                        <i>0.994945 0.00774734 0.100117 -0.0217436 0.989987 0.139475 -0.0980344 -0.140947 0.985151 0.767395 3.00329 -1.48469</i>
                        <i>0.995021 0.00642139 0.0994544 -0.0203277 0.99002 0.139454 -0.0975663 -0.140781 0.985222 0.76803 3.00337 -1.48466</i>
                        <i>0.995076 0.00543747 0.0989624 -0.0192773 0.990043 0.139437 -0.0972189 -0.140658 0.985273 0.768501 3.00343 -1.48465</i>
