<?xml version="1.0" encoding="ISO-8859-1" ?>
<Animl Version="1">
    <ModellingPackage><![CDATA[Maya.2010]]></ModellingPackage>
    <SrcFile><![CDATA[anims\turrets\mortar\blue\~src\mortar_m29\mortar_m29_reload_high_crewman_c.mb]]></SrcFile>
    <FramesPerSecond>30</FramesPerSecond>
    <TotalFrames>160</TotalFrames>
    <Skeleton>
        <RefFrame>
            <Name><![CDATA[soldier_ref_frame]]></Name>
            <Exclude>0</Exclude>
            <Additive>0</Additive>
            <IKPriority>0</IKPriority>
            <IKRotLimits>-1e+010 -1e+010 -1e+010 1e+010 1e+010 1e+010</IKRotLimits>
            <IKRotLimitOrder>0</IKRotLimitOrder>
            <KeyFrames count="160">
                <i>1 0 0 0 1 0 0 0 1 -2.01 0.94 0.91</i>
                <i>1 0 0 0 1 0 0 0 1 -2.01 0.94 0.91</i>
                <i>1 0 0 0 1 0 0 0 1 -2.01 0.94 0.91</i>
                <i>1 0 0 0 1 0 0 0 1 -2.01 0.94 0.91</i>
                <i>1 0 0 0 1 0 0 0 1 -2.01 0.94 0.91</i>
                <i>1 0 0 0 1 0 0 0 1 -2.01 0.94 0.91</i>
                <i>1 0 0 0 1 0 0 0 1 -2.01 0.94 0.91</i>
                <i>1 0 0 0 1 0 0 0 1 -2.01 0.94 0.91</i>
                <i>1 0 0 0 1 0 0 0 1 -2.01 0.94 0.91</i>
                <i>1 0 0 0 1 0 0 0 1 -2.01 0.94 0.91</i>
                <i>1 0 0 0 1 0 0 0 1 -2.01 0.94 0.91</i>
                <i>1 0 0 0 1 0 0 0 1 -2.01 0.94 0.91</i>
                <i>1 0 0 0 1 0 0 0 1 -2.01 0.94 0.91</i>
                <i>1 0 0 0 1 0 0 0 1 -2.01 0.94 0.91</i>
                <i>1 0 0 0 1 0 0 0 1 -2.01 0.94 0.91</i>
                <i>1 0 0 0 1 0 0 0 1 -2.01 0.94 0.91</i>
                <i>1 0 0 0 1 0 0 0 1 -2.01 0.94 0.91</i>
                <i>1 0 0 0 1 0 0 0 1 -2.01 0.94 0.91</i>
                <i>1 0 0 0 1 0 0 0 1 -2.01 0.94 0.91</i>
                <i>1 0 0 0 1 0 0 0 1 -2.01 0.94 0.91</i>
                <i>1 0 0 0 1 0 0 0 1 -2.01 0.94 0.91</i>
                <i>1 0 0 0 1 0 0 0 1 -2.01 0.94 0.91</i>
                <i>1 0 0 0 1 0 0 0 1 -2.01 0.94 0.91</i>
                <i>1 0 0 0 1 0 0 0 1 -2.01 0.94 0.91</i>
                <i>1 0 0 0 1 0 0 0 1 -2.01 0.94 0.91</i>
                <i>1 0 0 0 1 0 0 0 1 -2.01 0.94 0.91</i>
                <i>1 0 0 0 1 0 0 0 1 -2.01 0.94 0.91</i>
                <i>1 0 0 0 1 0 0 0 1 -2.01 0.94 0.91</i>
                <i>1 0 0 0 1 0 0 0 1 -2.01 0.94 0.91</i>
                <i>1 0 0 0 1 0 0 0 1 -2.01 0.94 0.91</i>
                <i>1 0 0 0 1 0 0 0 1 -2.01 0.94 0.91</i>
                <i>1 0 0 0 1 0 0 0 1 -2.01 0.94 0.91</i>
                <i>1 0 0 0 1 0 0 0 1 -2.01 0.94 0.91</i>
                <i>1 0 0 0 1 0 0 0 1 -2.01 0.94 0.91</i>
                <i>1 0 0 0 1 0 0 0 1 -2.01 0.94 0.91</i>
                <i>1 0 0 0 1 0 0 0 1 -2.01 0.94 0.91</i>
                <i>1 0 0 0 1 0 0 0 1 -2.01 0.94 0.91</i>
                <i>1 0 0 0 1 0 0 0 1 -2.01 0.94 0.91</i>
                <i>1 0 0 0 1 0 0 0 1 -2.01 0.94 0.91</i>
                <i>1 0 0 0 1 0 0 0 1 -2.01 0.94 0.91</i>
                <i>1 0 0 0 1 0 0 0 1 -2.01 0.94 0.91</i>
                <i>1 0 0 0 1 0 0 0 1 -2.01 0.94 0.91</i>
                <i>1 0 0 0 1 0 0 0 1 -2.01 0.94 0.91</i>
                <i>1 0 0 0 1 0 0 0 1 -2.01 0.94 0.91</i>
                <i>1 0 0 0 1 0 0 0 1 -2.01 0.94 0.91</i>
                <i>1 0 0 0 1 0 0 0 1 -2.01 0.94 0.91</i>
                <i>1 0 0 0 1 0 0 0 1 -2.01 0.94 0.91</i>
                <i>1 0 0 0 1 0 0 0 1 -2.01 0.94 0.91</i>
                <i>1 0 0 0 1 0 0 0 1 -2.01 0.94 0.91</i>
                <i>1 0 0 0 1 0 0 0 1 -2.01 0.94 0.91</i>
                <i>1 0 0 0 1 0 0 0 1 -2.01 0.94 0.91</i>
                <i>1 0 0 0 1 0 0 0 1 -2.01 0.94 0.91</i>
                <i>1 0 0 0 1 0 0 0 1 -2.01 0.94 0.91</i>
                <i>1 0 0 0 1 0 0 0 1 -2.01 0.94 0.91</i>
                <i>1 0 0 0 1 0 0 0 1 -2.01 0.94 0.91</i>
                <i>1 0 0 0 1 0 0 0 1 -2.01 0.94 0.91</i>
                <i>1 0 0 0 1 0 0 0 1 -2.01 0.94 0.91</i>
                <i>1 0 0 0 1 0 0 0 1 -2.01 0.94 0.91</i>
                <i>1 0 0 0 1 0 0 0 1 -2.01 0.94 0.91</i>
                <i>1 0 0 0 1 0 0 0 1 -2.01 0.94 0.91</i>
                <i>1 0 0 0 1 0 0 0 1 -2.01 0.94 0.91</i>
                <i>1 0 0 0 1 0 0 0 1 -2.01 0.94 0.91</i>
                <i>1 0 0 0 1 0 0 0 1 -2.01 0.94 0.91</i>
                <i>1 0 0 0 1 0 0 0 1 -2.01 0.94 0.91</i>
                <i>1 0 0 0 1 0 0 0 1 -2.01 0.94 0.91</i>
                <i>1 0 0 0 1 0 0 0 1 -2.01 0.94 0.91</i>
                <i>1 0 0 0 1 0 0 0 1 -2.01 0.94 0.91</i>
                <i>1 0 0 0 1 0 0 0 1 -2.01 0.94 0.91</i>
                <i>1 0 0 0 1 0 0 0 1 -2.01 0.94 0.91</i>
                <i>1 0 0 0 1 0 0 0 1 -2.01 0.94 0.91</i>
                <i>1 0 0 0 1 0 0 0 1 -2.01 0.94 0.91</i>
                <i>1 0 0 0 1 0 0 0 1 -2.01 0.94 0.91</i>
                <i>1 0 0 0 1 0 0 0 1 -2.01 0.94 0.91</i>
                <i>1 0 0 0 1 0 0 0 1 -2.01 0.94 0.91</i>
                <i>1 0 0 0 1 0 0 0 1 -2.01 0.94 0.91</i>
                <i>1 0 0 0 1 0 0 0 1 -2.01 0.94 0.91</i>
                <i>1 0 0 0 1 0 0 0 1 -2.01 0.94 0.91</i>
                <i>1 0 0 0 1 0 0 0 1 -2.01 0.94 0.91</i>
                <i>1 0 0 0 1 0 0 0 1 -2.01 0.94 0.91</i>
                <i>1 0 0 0 1 0 0 0 1 -2.01 0.94 0.91</i>
                <i>1 0 0 0 1 0 0 0 1 -2.01 0.94 0.91</i>
                <i>1 0 0 0 1 0 0 0 1 -2.01 0.94 0.91</i>
                <i>1 0 0 0 1 0 0 0 1 -2.01 0.94 0.91</i>
                <i>1 0 0 0 1 0 0 0 1 -2.01 0.94 0.91</i>
                <i>1 0 0 0 1 0 0 0 1 -2.01 0.94 0.91</i>
                <i>1 0 0 0 1 0 0 0 1 -2.01 0.94 0.91</i>
                <i>1 0 0 0 1 0 0 0 1 -2.01 0.94 0.91</i>
                <i>1 0 0 0 1 0 0 0 1 -2.01 0.94 0.91</i>
                <i>1 0 0 0 1 0 0 0 1 -2.01 0.94 0.91</i>
                <i>1 0 0 0 1 0 0 0 1 -2.01 0.94 0.91</i>
                <i>1 0 0 0 1 0 0 0 1 -2.01 0.94 0.91</i>
                <i>1 0 0 0 1 0 0 0 1 -2.01 0.94 0.91</i>
                <i>1 0 0 0 1 0 0 0 1 -2.01 0.94 0.91</i>
                <i>1 0 0 0 1 0 0 0 1 -2.01 0.94 0.91</i>
                <i>1 0 0 0 1 0 0 0 1 -2.01 0.94 0.91</i>
                <i>1 0 0 0 1 0 0 0 1 -2.01 0.94 0.91</i>
                <i>1 0 0 0 1 0 0 0 1 -2.01 0.94 0.91</i>
                <i>1 0 0 0 1 0 0 0 1 -2.01 0.94 0.91</i>
                <i>1 0 0 0 1 0 0 0 1 -2.01 0.94 0.91</i>
                <i>1 0 0 0 1 0 0 0 1 -2.01 0.94 0.91</i>
                <i>1 0 0 0 1 0 0 0 1 -2.01 0.94 0.91</i>
                <i>1 0 0 0 1 0 0 0 1 -2.01 0.94 0.91</i>
                <i>1 0 0 0 1 0 0 0 1 -2.01 0.94 0.91</i>
                <i>1 0 0 0 1 0 0 0 1 -2.01 0.94 0.91</i>
                <i>1 0 0 0 1 0 0 0 1 -2.01 0.94 0.91</i>
                <i>1 0 0 0 1 0 0 0 1 -2.01 0.94 0.91</i>
                <i>1 0 0 0 1 0 0 0 1 -2.01 0.94 0.91</i>
                <i>1 0 0 0 1 0 0 0 1 -2.01 0.94 0.91</i>
                <i>1 0 0 0 1 0 0 0 1 -2.01 0.94 0.91</i>
                <i>1 0 0 0 1 0 0 0 1 -2.01 0.94 0.91</i>
                <i>1 0 0 0 1 0 0 0 1 -2.01 0.94 0.91</i>
                <i>1 0 0 0 1 0 0 0 1 -2.01 0.94 0.91</i>
                <i>1 0 0 0 1 0 0 0 1 -2.01 0.94 0.91</i>
                <i>1 0 0 0 1 0 0 0 1 -2.01 0.94 0.91</i>
                <i>1 0 0 0 1 0 0 0 1 -2.01 0.94 0.91</i>
                <i>1 0 0 0 1 0 0 0 1 -2.01 0.94 0.91</i>
                <i>1 0 0 0 1 0 0 0 1 -2.01 0.94 0.91</i>
                <i>1 0 0 0 1 0 0 0 1 -2.01 0.94 0.91</i>
                <i>1 0 0 0 1 0 0 0 1 -2.01 0.94 0.91</i>
                <i>1 0 0 0 1 0 0 0 1 -2.01 0.94 0.91</i>
                <i>1 0 0 0 1 0 0 0 1 -2.01 0.94 0.91</i>
                <i>1 0 0 0 1 0 0 0 1 -2.01 0.94 0.91</i>
                <i>1 0 0 0 1 0 0 0 1 -2.01 0.94 0.91</i>
                <i>1 0 0 0 1 0 0 0 1 -2.01 0.94 0.91</i>
                <i>1 0 0 0 1 0 0 0 1 -2.01 0.94 0.91</i>
                <i>1 0 0 0 1 0 0 0 1 -2.01 0.94 0.91</i>
                <i>1 0 0 0 1 0 0 0 1 -2.01 0.94 0.91</i>
                <i>1 0 0 0 1 0 0 0 1 -2.01 0.94 0.91</i>
                <i>1 0 0 0 1 0 0 0 1 -2.01 0.94 0.91</i>
                <i>1 0 0 0 1 0 0 0 1 -2.01 0.94 0.91</i>
                <i>1 0 0 0 1 0 0 0 1 -2.01 0.94 0.91</i>
                <i>1 0 0 0 1 0 0 0 1 -2.01 0.94 0.91</i>
                <i>1 0 0 0 1 0 0 0 1 -2.01 0.94 0.91</i>
                <i>1 0 0 0 1 0 0 0 1 -2.01 0.94 0.91</i>
                <i>1 0 0 0 1 0 0 0 1 -2.01 0.94 0.91</i>
                <i>1 0 0 0 1 0 0 0 1 -2.01 0.94 0.91</i>
                <i>1 0 0 0 1 0 0 0 1 -2.01 0.94 0.91</i>
                <i>1 0 0 0 1 0 0 0 1 -2.01 0.94 0.91</i>
                <i>1 0 0 0 1 0 0 0 1 -2.01 0.94 0.91</i>
                <i>1 0 0 0 1 0 0 0 1 -2.01 0.94 0.91</i>
                <i>1 0 0 0 1 0 0 0 1 -2.01 0.94 0.91</i>
                <i>1 0 0 0 1 0 0 0 1 -2.01 0.94 0.91</i>
                <i>1 0 0 0 1 0 0 0 1 -2.01 0.94 0.91</i>
                <i>1 0 0 0 1 0 0 0 1 -2.01 0.94 0.91</i>
                <i>1 0 0 0 1 0 0 0 1 -2.01 0.94 0.91</i>
                <i>1 0 0 0 1 0 0 0 1 -2.01 0.94 0.91</i>
                <i>1 0 0 0 1 0 0 0 1 -2.01 0.94 0.91</i>
                <i>1 0 0 0 1 0 0 0 1 -2.01 0.94 0.91</i>
                <i>1 0 0 0 1 0 0 0 1 -2.01 0.94 0.91</i>
                <i>1 0 0 0 1 0 0 0 1 -2.01 0.94 0.91</i>
                <i>1 0 0 0 1 0 0 0 1 -2.01 0.94 0.91</i>
                <i>1 0 0 0 1 0 0 0 1 -2.01 0.94 0.91</i>
                <i>1 0 0 0 1 0 0 0 1 -2.01 0.94 0.91</i>
                <i>1 0 0 0 1 0 0 0 1 -2.01 0.94 0.91</i>
                <i>1 0 0 0 1 0 0 0 1 -2.01 0.94 0.91</i>
                <i>1 0 0 0 1 0 0 0 1 -2.01 0.94 0.91</i>
                <i>1 0 0 0 1 0 0 0 1 -2.01 0.94 0.91</i>
                <i>1 0 0 0 1 0 0 0 1 -2.01 0.94 0.91</i>
                <i>1 0 0 0 1 0 0 0 1 -2.01 0.94 0.91</i>
                <i>1 0 0 0 1 0 0 0 1 -2.01 0.94 0.91</i>
            </KeyFrames>
        </RefFrame>
        <Bones count="23">
            <i>
                <p>
                    <Name><![CDATA[pelvis]]></Name>
                    <Exclude>0</Exclude>
                    <Additive>0</Additive>
                    <IKPriority>0</IKPriority>
                    <IKRotLimits>-1e+010 -1e+010 -1e+010 1e+010 1e+010 1e+010</IKRotLimits>
                    <IKRotLimitOrder>2</IKRotLimitOrder>
                    <KeyFrames count="160">
                        <i>1 0 0 0 1 0 0 0 1 -2.01678 1.56387 0.913668</i>
                        <i>1 0 0 0 1 0 0 0 1 -2.01676 1.5653 0.913657</i>
                        <i>1 0 0 0 1 0 0 0 1 -2.01674 1.56844 0.913648</i>
                        <i>1 0 0 0 1 0 0 0 1 -2.01676 1.57158 0.913657</i>
                        <i>1 0 0 0 1 0 0 0 1 -2.01678 1.57301 0.913668</i>
                        <i>1 0 0 0 1 0 0 0 1 -2.01678 1.56828 0.913667</i>
                        <i>1 0 0 0 1 0 0 0 1 -2.01678 1.56387 0.913668</i>
                        <i>1 0 0 0 1 0 0 0 1 -2.01679 1.56735 0.913669</i>
                        <i>1 0 0 0 1 0 0 0 1 -2.01678 1.57314 0.913668</i>
                        <i>1 0 0 0 1 0 0 0 1 -2.01678 1.57619 0.913668</i>
                        <i>1 0 0 0 1 0 0 0 1 -2.01678 1.57577 0.913668</i>
                        <i>1 0 0 0 1 0 0 0 1 -2.01678 1.57463 0.913668</i>
                        <i>1 0 0 0 1 0 0 0 1 -2.01678 1.573 0.913668</i>
                        <i>1 0 0 0 1 0 0 0 1 -2.01678 1.57105 0.913668</i>
                        <i>1 0 0 0 1 0 0 0 1 -2.01678 1.56901 0.913668</i>
                        <i>1 0 0 0 1 0 0 0 1 -2.01678 1.56706 0.913668</i>
                        <i>1 0 0 0 1 0 0 0 1 -2.01678 1.56542 0.913668</i>
                        <i>1 0 0 0 1 0 0 0 1 -2.01678 1.56429 0.913668</i>
                        <i>1 0 0 0 1 0 0 0 1 -2.01678 1.56387 0.913668</i>
                        <i>1 0 0 0 1 0 0 0 1 -2.01678 1.56712 0.913668</i>
                        <i>1 0 0 0 1 0 0 0 1 -2.01678 1.57303 0.913668</i>
                        <i>1 0 0 0 1 0 0 0 1 -2.01678 1.57621 0.913668</i>
                        <i>1 0 0 0 1 0 0 0 1 -2.01678 1.57301 0.913668</i>
                        <i>1 0 0 0 1 0 0 0 1 -2.01678 1.56707 0.913668</i>
                        <i>1 0 0 0 1 0 0 0 1 -2.01678 1.56387 0.913668</i>
                        <i>1 0 0 0 1 0 0 0 1 -2.01678 1.56706 0.913668</i>
                        <i>1 0 0 0 1 0 0 0 1 -2.01678 1.57299 0.913668</i>
                        <i>1 0 0 0 1 0 0 0 1 -2.01678 1.57619 0.913668</i>
                        <i>1 0 0 0 1 0 0 0 1 -2.01678 1.57566 0.913668</i>
                        <i>1 0 0 0 1 0 0 0 1 -2.01678 1.57426 0.913668</i>
                        <i>1 0 0 0 1 0 0 0 1 -2.01678 1.57229 0.913668</i>
                        <i>1 0 0 0 1 0 0 0 1 -2.01678 1.57003 0.913668</i>
                        <i>1 0 0 0 1 0 0 0 1 -2.01678 1.56777 0.913668</i>
                        <i>1 0 0 0 1 0 0 0 1 -2.01678 1.56579 0.913668</i>
                        <i>1 0 0 0 1 0 0 0 1 -2.01678 1.5644 0.913668</i>
                        <i>1 0 0 0 1 0 0 0 1 -2.01678 1.56387 0.913668</i>
                        <i>1 0 0 0 1 0 0 0 1 -2.01678 1.56712 0.913668</i>
                        <i>1 0 0 0 1 0 0 0 1 -2.01678 1.57303 0.913668</i>
                        <i>1 0 0 0 1 0 0 0 1 -2.01678 1.57621 0.913668</i>
                        <i>1 0 0 0 1 0 0 0 1 -2.01678 1.57301 0.913668</i>
                        <i>1 0 0 0 1 0 0 0 1 -2.01678 1.56707 0.913668</i>
                        <i>1 0 0 0 1 0 0 0 1 -2.01678 1.56387 0.913668</i>
                        <i>1 0 0 0 1 0 0 0 1 -2.01678 1.56706 0.913668</i>
                        <i>1 0 0 0 1 0 0 0 1 -2.01678 1.57299 0.913668</i>
                        <i>1 0 0 0 1 0 0 0 1 -2.01678 1.57619 0.913668</i>
                        <i>1 0 0 0 1 0 0 0 1 -2.01678 1.57491 0.913668</i>
                        <i>1 0 0 0 1 0 0 0 1 -2.01678 1.57185 0.913668</i>
                        <i>1 0 0 0 1 0 0 0 1 -2.01678 1.56821 0.913668</i>
                        <i>1 0 0 0 1 0 0 0 1 -2.01678 1.56515 0.913668</i>
                        <i>1 0 0 0 1 0 0 0 1 -2.01678 1.56387 0.913668</i>
                        <i>1 0 0 0 1 0 0 0 1 -2.01678 1.5658 0.913668</i>
                        <i>1 0 0 0 1 0 0 0 1 -2.01678 1.57004 0.913668</i>
                        <i>1 0 0 0 1 0 0 0 1 -2.01678 1.57428 0.913668</i>
                        <i>1 0 0 0 1 0 0 0 1 -2.01678 1.57621 0.913668</i>
                        <i>1 0 0 0 1 0 0 0 1 -2.01678 1.57301 0.913668</i>
                        <i>1 0 0 0 1 0 0 0 1 -2.01678 1.56707 0.913668</i>
                        <i>1 0 0 0 1 0 0 0 1 -2.01678 1.56387 0.913668</i>
                        <i>1 0 0 0 1 0 0 0 1 -2.01678 1.56706 0.913668</i>
                        <i>1 0 0 0 1 0 0 0 1 -2.01678 1.57299 0.913668</i>
                        <i>1 0 0 0 1 0 0 0 1 -2.01678 1.57619 0.913668</i>
                        <i>1 0 0 0 1 0 0 0 1 -2.01678 1.57577 0.913668</i>
                        <i>1 0 0 0 1 0 0 0 1 -2.01678 1.57463 0.913668</i>
                        <i>1 0 0 0 1 0 0 0 1 -2.01678 1.573 0.913668</i>
                        <i>1 0 0 0 1 0 0 0 1 -2.01678 1.57105 0.913668</i>
                        <i>1 0 0 0 1 0 0 0 1 -2.01678 1.56901 0.913668</i>
                        <i>1 0 0 0 1 0 0 0 1 -2.01678 1.56706 0.913668</i>
                        <i>1 0 0 0 1 0 0 0 1 -2.01678 1.56542 0.913668</i>
                        <i>1 0 0 0 1 0 0 0 1 -2.01678 1.56429 0.913668</i>
                        <i>1 0 0 0 1 0 0 0 1 -2.01678 1.56387 0.913668</i>
                        <i>1 0 0 0 1 0 0 0 1 -2.01678 1.56712 0.913668</i>
                        <i>1 0 0 0 1 0 0 0 1 -2.01678 1.57303 0.913668</i>
                        <i>1 0 0 0 1 0 0 0 1 -2.01678 1.57621 0.913668</i>
                        <i>1 0 0 0 1 0 0 0 1 -2.01678 1.57301 0.913668</i>
                        <i>1 0 0 0 1 0 0 0 1 -2.01678 1.56707 0.913668</i>
                        <i>1 0 0 0 1 0 0 0 1 -2.01678 1.56387 0.913668</i>
                        <i>1 0 0 0 1 0 0 0 1 -2.01678 1.56706 0.913668</i>
                        <i>1 0 0 0 1 0 0 0 1 -2.01678 1.57299 0.913668</i>
                        <i>1 0 0 0 1 0 0 0 1 -2.01678 1.57619 0.913668</i>
                        <i>1 0 0 0 1 0 0 0 1 -2.01678 1.57566 0.913668</i>
                        <i>1 0 0 0 1 0 0 0 1 -2.01678 1.57426 0.913668</i>
                        <i>1 0 0 0 1 0 0 0 1 -2.01678 1.57229 0.913668</i>
                        <i>1 0 0 0 1 0 0 0 1 -2.01678 1.57003 0.913668</i>
                        <i>1 0 0 0 1 0 0 0 1 -2.01678 1.56777 0.913668</i>
                        <i>1 0 0 0 1 0 0 0 1 -2.01678 1.56579 0.913668</i>
                        <i>1 0 0 0 1 0 0 0 1 -2.01678 1.5644 0.913668</i>
                        <i>1 0 0 0 1 0 0 0 1 -2.01678 1.56387 0.913668</i>
                        <i>1 0 0 0 1 0 0 0 1 -2.01678 1.56712 0.913668</i>
                        <i>1 0 0 0 1 0 0 0 1 -2.01678 1.57303 0.913668</i>
                        <i>1 0 0 0 1 0 0 0 1 -2.01678 1.57621 0.913668</i>
                        <i>1 0 0 0 1 0 0 0 1 -2.01678 1.57301 0.913668</i>
                        <i>1 0 0 0 1 0 0 0 1 -2.01678 1.56707 0.913668</i>
                        <i>1 0 0 0 1 0 0 0 1 -2.01678 1.56387 0.913668</i>
                        <i>1 0 0 0 1 0 0 0 1 -2.01678 1.56706 0.913668</i>
                        <i>1 0 0 0 1 0 0 0 1 -2.01678 1.57299 0.913668</i>
                        <i>1 0 0 0 1 0 0 0 1 -2.01678 1.57619 0.913668</i>
                        <i>1 0 0 0 1 0 0 0 1 -2.01679 1.5753 0.913669</i>
                        <i>1 0 0 0 1 0 0 0 1 -2.0168 1.57304 0.913673</i>
                        <i>1 0 0 0 1 0 0 0 1 -2.01681 1.56998 0.913675</i>
                        <i>1 0 0 0 1 0 0 0 1 -2.01681 1.56673 0.913674</i>
                        <i>1 0 0 0 1 0 0 0 1 -2.01678 1.56387 0.913668</i>
                        <i>1 0 0 0 1 0 0 0 1 -2.01678 1.5658 0.913668</i>
                        <i>1 0 0 0 1 0 0 0 1 -2.01678 1.57004 0.913668</i>
                        <i>1 0 0 0 1 0 0 0 1 -2.01678 1.57428 0.913668</i>
                        <i>1 0 0 0 1 0 0 0 1 -2.01678 1.57621 0.913668</i>
                        <i>1 0 0 0 1 0 0 0 1 -2.01678 1.57301 0.913668</i>
                        <i>1 0 0 0 1 0 0 0 1 -2.01678 1.56707 0.913668</i>
                        <i>1 0 0 0 1 0 0 0 1 -2.01678 1.56387 0.913668</i>
                        <i>1 0 0 0 1 0 0 0 1 -2.01678 1.56706 0.913668</i>
                        <i>1 0 0 0 1 0 0 0 1 -2.01678 1.57299 0.913668</i>
                        <i>1 0 0 0 1 0 0 0 1 -2.01678 1.57619 0.913668</i>
                        <i>1 0 0 0 1 0 0 0 1 -2.01678 1.57577 0.913668</i>
                        <i>1 0 0 0 1 0 0 0 1 -2.01678 1.57463 0.913668</i>
                        <i>1 0 0 0 1 0 0 0 1 -2.01678 1.573 0.913668</i>
                        <i>1 0 0 0 1 0 0 0 1 -2.01678 1.57105 0.913668</i>
                        <i>1 0 0 0 1 0 0 0 1 -2.01678 1.56901 0.913668</i>
                        <i>1 0 0 0 1 0 0 0 1 -2.01678 1.56706 0.913668</i>
                        <i>1 0 0 0 1 0 0 0 1 -2.01678 1.56542 0.913668</i>
                        <i>1 0 0 0 1 0 0 0 1 -2.01678 1.56429 0.913668</i>
                        <i>1 0 0 0 1 0 0 0 1 -2.01678 1.56387 0.913668</i>
                        <i>1 0 0 0 1 0 0 0 1 -2.01678 1.56712 0.913668</i>
                        <i>1 0 0 0 1 0 0 0 1 -2.01678 1.57303 0.913668</i>
                        <i>1 0 0 0 1 0 0 0 1 -2.01678 1.57621 0.913668</i>
                        <i>1 0 0 0 1 0 0 0 1 -2.01678 1.57301 0.913668</i>
                        <i>1 0 0 0 1 0 0 0 1 -2.01678 1.56707 0.913668</i>
                        <i>1 0 0 0 1 0 0 0 1 -2.01678 1.56387 0.913668</i>
                        <i>1 0 0 0 1 0 0 0 1 -2.01678 1.56706 0.913668</i>
                        <i>1 0 0 0 1 0 0 0 1 -2.01678 1.57299 0.913668</i>
                        <i>1 0 0 0 1 0 0 0 1 -2.01678 1.57619 0.913668</i>
                        <i>1 0 0 0 1 0 0 0 1 -2.01678 1.57566 0.913668</i>
                        <i>1 0 0 0 1 0 0 0 1 -2.01678 1.57426 0.913668</i>
                        <i>1 0 0 0 1 0 0 0 1 -2.01678 1.57229 0.913668</i>
                        <i>1 0 0 0 1 0 0 0 1 -2.01678 1.57003 0.913668</i>
                        <i>1 0 0 0 1 0 0 0 1 -2.01678 1.56777 0.913668</i>
                        <i>1 0 0 0 1 0 0 0 1 -2.01678 1.56579 0.913668</i>
                        <i>1 0 0 0 1 0 0 0 1 -2.01678 1.5644 0.913668</i>
                        <i>1 0 0 0 1 0 0 0 1 -2.01678 1.56387 0.913668</i>
                        <i>1 0 0 0 1 0 0 0 1 -2.01678 1.56712 0.913667</i>
                        <i>1 0 0 0 1 0 0 0 1 -2.01677 1.57303 0.913663</i>
                        <i>1 0 0 0 1 0 0 0 1 -2.01676 1.57621 0.913655</i>
                        <i>1 0 0 0 1 0 0 0 1 -2.01675 1.57301 0.913652</i>
                        <i>1 0 0 0 1 0 0 0 1 -2.01676 1.56707 0.913659</i>
                        <i>1 0 0 0 1 0 0 0 1 -2.01678 1.56387 0.913668</i>
                        <i>1 0 0 0 1 0 0 0 1 -2.01675 1.56706 0.913654</i>
                        <i>1 0 0 0 1 0 0 0 1 -2.01668 1.57299 0.91362</i>
                        <i>1 0 0 0 1 0 0 0 1 -2.01662 1.57619 0.913593</i>
                        <i>1 0 0 0 1 0 0 0 1 -2.01662 1.57491 0.913592</i>
                        <i>1 0 0 0 1 0 0 0 1 -2.01665 1.57185 0.913607</i>
                        <i>1 0 0 0 1 0 0 0 1 -2.01671 1.56821 0.913633</i>
                        <i>1 0 0 0 1 0 0 0 1 -2.01676 1.56515 0.913657</i>
                        <i>1 0 0 0 1 0 0 0 1 -2.01678 1.56387 0.913668</i>
                        <i>1 0 0 0 1 0 0 0 1 -2.01678 1.56387 0.913668</i>
                        <i>1 0 0 0 1 0 0 0 1 -2.01678 1.56387 0.913668</i>
                        <i>1 0 0 0 1 0 0 0 1 -2.01678 1.56387 0.913668</i>
                        <i>1 0 0 0 1 0 0 0 1 -2.01678 1.56387 0.913668</i>
                        <i>1 0 0 0 1 0 0 0 1 -2.01678 1.56387 0.913668</i>
                        <i>1 0 0 0 1 0 0 0 1 -2.01678 1.56387 0.913668</i>
                        <i>1 0 0 0 1 0 0 0 1 -2.01678 1.56387 0.913668</i>
                        <i>1 0 0 0 1 0 0 0 1 -2.01678 1.56387 0.913668</i>
                        <i>1 0 0 0 1 0 0 0 1 -2.01678 1.56387 0.913668</i>
                        <i>1 0 0 0 1 0 0 0 1 -2.01678 1.56387 0.913668</i>
                    </KeyFrames>
                </p>
            </i>
            <i>
                <p>
                    <Name><![CDATA[spine0]]></Name>
                    <Exclude>0</Exclude>
                    <Additive>0</Additive>
                    <IKPriority>0</IKPriority>
                    <IKRotLimits>-1e+010 -1e+010 -1e+010 1e+010 1e+010 1e+010</IKRotLimits>
                    <IKRotLimitOrder>0</IKRotLimitOrder>
                    <KeyFrames count="160">
                        <i>-0.107839 0.993128 -0.0454606 -0.957757 -0.0915189 0.272629 0.266595 0.0729404 0.961045 -2.05496 1.6909 0.857986</i>
                        <i>-0.112751 0.992006 -0.0566663 -0.963286 -0.0951457 0.251052 0.243654 0.0828923 0.966313 -2.05282 1.69248 0.856912</i>
                        <i>-0.125667 0.988865 -0.079705 -0.973176 -0.107269 0.203522 0.192706 0.103143 0.975821 -2.04801 1.69597 0.854869</i>
                        <i>-0.141141 0.984936 -0.0999031 -0.979869 -0.124592 0.155993 0.141196 0.119909 0.982693 -2.04312 1.69947 0.853274</i>
                        <i>-0.149125 0.982977 -0.10732 -0.981783 -0.134266 0.134443 0.117745 0.125414 0.985093 -2.04088 1.70106 0.852699</i>
                        <i>-0.130017 0.987288 -0.0914181 -0.984187 -0.11732 0.132711 0.120299 0.107227 0.98693 -2.03963 1.69648 0.852531</i>
                        <i>-0.111748 0.99077 -0.076729 -0.986214 -0.101089 0.131009 0.122043 0.0903113 0.988407 -2.03839 1.69221 0.852365</i>
                        <i>-0.123366 0.988822 -0.0837398 -0.984921 -0.11169 0.132124 0.121294 0.0987766 0.98769 -2.03913 1.69561 0.852464</i>
                        <i>-0.145329 0.984602 -0.0971482 -0.982162 -0.13173 0.134184 0.119321 0.114916 0.986183 -2.04049 1.70124 0.852647</i>
                        <i>-0.157978 0.981996 -0.103571 -0.980359 -0.143438 0.13536 0.118067 0.122921 0.985368 -2.04123 1.7042 0.852746</i>
                        <i>-0.15733 0.982439 -0.100307 -0.979209 -0.142025 0.144837 0.128048 0.121009 0.984358 -2.04204 1.70367 0.852859</i>
                        <i>-0.154731 0.983428 -0.0944815 -0.975835 -0.137197 0.170069 0.154288 0.118513 0.980892 -2.04423 1.70225 0.853184</i>
                        <i>-0.150521 0.984784 -0.0868583 -0.969794 -0.130027 0.20638 0.191946 0.115299 0.974609 -2.04738 1.70014 0.853716</i>
                        <i>-0.145084 0.986325 -0.0781948 -0.960831 -0.12159 0.249038 0.236125 0.111263 0.965332 -2.05111 1.69758 0.85444</i>
                        <i>-0.138901 0.98788 -0.0692739 -0.949311 -0.112906 0.293362 0.281985 0.106511 0.953488 -2.05501 1.69482 0.855311</i>
                        <i>-0.132599 0.989297 -0.060908 -0.936414 -0.104895 0.334853 0.32488 0.101436 0.9403 -2.05869 1.69213 0.856243</i>
                        <i>-0.126962 0.990441 -0.0539218 -0.924092 -0.0983516 0.369298 0.360465 0.0967156 0.927745 -2.06177 1.68982 0.857107</i>
                        <i>-0.122896 0.991203 -0.0491316 -0.914825 -0.0939575 0.392768 0.384696 0.0932164 0.918324 -2.06388 1.68819 0.857746</i>
                        <i>-0.121338 0.991482 -0.0473404 -0.911212 -0.0923459 0.401454 0.393662 0.0918486 0.914655 -2.06467 1.68758 0.857993</i>
                        <i>-0.134217 0.989347 -0.0563765 -0.90803 -0.100005 0.406793 0.396821 0.10579 0.911779 -2.06361 1.69128 0.858097</i>
                        <i>-0.1574 0.984818 -0.0732061 -0.902194 -0.113257 0.416196 0.401586 0.131555 0.906323 -2.06162 1.69801 0.85829</i>
                        <i>-0.169958 0.98195 -0.0829972 -0.89908 -0.12003 0.421008 0.403447 0.146175 0.903252 -2.06054 1.70161 0.858394</i>
                        <i>-0.156646 0.984813 -0.0748739 -0.905577 -0.112957 0.408866 0.394199 0.131851 0.909518 -2.06052 1.69825 0.858017</i>
                        <i>-0.132491 0.989401 -0.0594325 -0.917141 -0.0996339 0.385908 0.375896 0.105637 0.920621 -2.06046 1.69203 0.857325</i>
                        <i>-0.119776 0.991453 -0.0517244 -0.923133 -0.0920471 0.373299 0.365347 0.0924607 0.926268 -2.06041 1.68868 0.856958</i>
                        <i>-0.134711 0.989035 -0.060521 -0.927034 -0.104224 0.360202 0.349945 0.104628 0.930909 -2.05973 1.69198 0.856683</i>
                        <i>-0.164229 0.983415 -0.0769631 -0.935001 -0.130331 0.329829 0.314328 0.126128 0.940898 -2.05818 1.69817 0.856099</i>
                        <i>-0.182088 0.979468 -0.0865258 -0.943584 -0.149307 0.295562 0.276574 0.135463 0.951397 -2.05649 1.70165 0.855531</i>
                        <i>-0.181094 0.979382 -0.0895302 -0.953639 -0.152622 0.259382 0.24037 0.132352 0.961616 -2.05461 1.70146 0.855022</i>
                        <i>-0.173584 0.980083 -0.0964624 -0.964811 -0.149596 0.216242 0.197505 0.130604 0.971563 -2.05216 1.70053 0.854506</i>
                        <i>-0.159945 0.981461 -0.105603 -0.975432 -0.140726 0.169492 0.151489 0.130118 0.979857 -2.04939 1.69909 0.854054</i>
                        <i>-0.140906 0.983332 -0.114904 -0.984326 -0.126716 0.122657 0.106052 0.130386 0.985775 -2.04655 1.69737 0.853709</i>
                        <i>-0.118054 0.985425 -0.122482 -0.990882 -0.108836 0.0794211 0.0649331 0.130741 0.989288 -2.04391 1.69559 0.853483</i>
                        <i>-0.0938688 0.987423 -0.127219 -0.99508 -0.0889853 0.0435535 0.0316851 0.130681 0.990918 -2.04171 1.694 0.85336</i>
                        <i>-0.071346 0.989048 -0.129206 -0.997405 -0.0694925 0.0188024 0.00961767 0.130212 0.99144 -2.04022 1.69287 0.853308</i>
                        <i>-0.05347 0.990095 -0.129822 -0.998568 -0.0527704 0.00882552 0.00188735 0.130108 0.991498 -2.03966 1.69243 0.853295</i>
                        <i>-0.0477562 0.989016 -0.139882 -0.998249 -0.0521494 -0.0279093 -0.0348975 0.138304 0.989775 -2.03656 1.69626 0.853429</i>
                        <i>-0.0551873 0.986015 -0.157256 -0.993007 -0.0706623 -0.0945767 -0.104366 0.150937 0.983019 -2.03087 1.70311 0.853855</i>
                        <i>-0.0579786 0.984168 -0.167485 -0.988179 -0.0804258 -0.130515 -0.141919 0.157938 0.977197 -2.02786 1.70672 0.854175</i>
                        <i>-0.0411056 0.986612 -0.15782 -0.99092 -0.0604926 -0.120076 -0.128015 0.151451 0.98014 -2.02808 1.70343 0.854025</i>
                        <i>-0.0178065 0.990015 -0.13983 -0.994472 -0.0320107 -0.1 -0.103478 0.137277 0.985113 -2.0285 1.69734 0.853762</i>
                        <i>-0.00642284 0.991416 -0.130589 -0.995858 -0.0181857 -0.0890836 -0.0906938 0.129476 0.987426 -2.02872 1.69406 0.85363</i>
                        <i>-0.0145404 0.989853 -0.141348 -0.995713 -0.027248 -0.0883877 -0.0913423 0.139457 0.986006 -2.02859 1.69724 0.853577</i>
                        <i>-0.0330417 0.986156 -0.162492 -0.995091 -0.0476337 -0.086741 -0.0932803 0.158829 0.98289 -2.02834 1.70315 0.853479</i>
                        <i>-0.0514248 0.983117 -0.175605 -0.994108 -0.0671929 -0.085058 -0.0954213 0.170196 0.980779 -2.0282 1.70633 0.853426</i>
                        <i>-0.070634 0.98302 -0.169358 -0.994728 -0.0820694 -0.061493 -0.074348 0.164122 0.983634 -2.03026 1.70481 0.853344</i>
                        <i>-0.0936371 0.984475 -0.14846 -0.995379 -0.0957586 -0.00719154 -0.0212962 0.1471 0.988892 -2.03525 1.7011 0.853251</i>
                        <i>-0.112373 0.986513 -0.119015 -0.99271 -0.106204 0.0569868 0.0435784 0.124551 0.991256 -2.04132 1.69648 0.853341</i>
                        <i>-0.123443 0.988061 -0.0921785 -0.987444 -0.113075 0.110307 0.0985673 0.104638 0.989614 -2.04657 1.69244 0.85361</i>
                        <i>-0.128816 0.988468 -0.0796115 -0.984155 -0.117564 0.132728 0.121838 0.0954476 0.98795 -2.04903 1.69066 0.853833</i>
                        <i>-0.134036 0.98725 -0.085858 -0.983556 -0.121949 0.133214 0.121046 0.102302 0.987361 -2.04814 1.69277 0.853733</i>
                        <i>-0.144948 0.984344 -0.100288 -0.982267 -0.130974 0.134153 0.118918 0.117955 0.985873 -2.04562 1.69743 0.853374</i>
                        <i>-0.155952 0.981072 -0.114786 -0.980881 -0.14012 0.135052 0.116412 0.133653 0.984167 -2.04297 1.70206 0.852994</i>
                        <i>-0.161332 0.979499 -0.120635 -0.980147 -0.144752 0.135491 0.115251 0.1401 0.983407 -2.04175 1.70415 0.852817</i>
                        <i>-0.148601 0.982895 -0.108793 -0.981887 -0.133576 0.134373 0.117543 0.126791 0.984941 -2.04088 1.70106 0.852699</i>
                        <i>-0.124791 0.988201 -0.0888063 -0.984819 -0.112482 0.132208 0.120659 0.103957 0.987236 -2.03926 1.69532 0.852481</i>
                        <i>-0.111694 0.990715 -0.0775127 -0.986231 -0.100939 0.130993 0.121953 0.0910766 0.988348 -2.03839 1.69221 0.852365</i>
                        <i>-0.122348 0.988946 -0.0837621 -0.985048 -0.110684 0.132019 0.121289 0.098662 0.987702 -2.03912 1.69532 0.852463</i>
                        <i>-0.144646 0.98466 -0.0975861 -0.982269 -0.131003 0.13411 0.119269 0.115254 0.98615 -2.04049 1.7011 0.852647</i>
                        <i>-0.157778 0.981946 -0.104345 -0.980405 -0.143149 0.135331 0.117951 0.123653 0.985291 -2.04123 1.7042 0.852746</i>
                        <i>-0.157187 0.982397 -0.100937 -0.979245 -0.141804 0.144815 0.127953 0.121605 0.984297 -2.04204 1.70367 0.852859</i>
                        <i>-0.154646 0.983395 -0.0949691 -0.97586 -0.137039 0.170053 0.154215 0.118975 0.980848 -2.04423 1.70225 0.853184</i>
                        <i>-0.150484 0.984758 -0.0872156 -0.96981 -0.129923 0.206369 0.191892 0.115638 0.97458 -2.04738 1.70014 0.853716</i>
                        <i>-0.14508 0.986306 -0.078439 -0.96084 -0.121529 0.249032 0.236089 0.111497 0.965314 -2.05111 1.69758 0.85444</i>
                        <i>-0.138914 0.987868 -0.0694261 -0.949315 -0.112876 0.293359 0.281964 0.106659 0.953478 -2.05501 1.69482 0.855311</i>
                        <i>-0.132615 0.989289 -0.0609909 -0.936415 -0.104884 0.334851 0.324868 0.101519 0.940295 -2.05869 1.69213 0.856243</i>
                        <i>-0.126973 0.990438 -0.0539576 -0.924092 -0.0983487 0.369298 0.36046 0.0967526 0.927743 -2.06177 1.68982 0.857107</i>
                        <i>-0.122899 0.991202 -0.0491404 -0.914825 -0.0939573 0.392768 0.384695 0.0932258 0.918324 -2.06388 1.68819 0.857746</i>
                        <i>-0.121338 0.991482 -0.0473404 -0.911212 -0.0923459 0.401454 0.393662 0.0918486 0.914655 -2.06467 1.68758 0.857993</i>
                        <i>-0.134217 0.989347 -0.0563764 -0.90803 -0.100005 0.406793 0.396821 0.10579 0.911779 -2.06361 1.69128 0.858097</i>
                        <i>-0.1574 0.984818 -0.0732061 -0.902194 -0.113257 0.416196 0.401586 0.131555 0.906323 -2.06162 1.69801 0.85829</i>
                        <i>-0.169958 0.98195 -0.0829972 -0.89908 -0.12003 0.421008 0.403447 0.146175 0.903252 -2.06054 1.70161 0.858394</i>
                        <i>-0.156646 0.984813 -0.0748739 -0.905577 -0.112957 0.408866 0.394199 0.131851 0.909518 -2.06052 1.69825 0.858017</i>
                        <i>-0.132491 0.989401 -0.0594325 -0.917141 -0.0996339 0.385908 0.375896 0.105637 0.920621 -2.06046 1.69203 0.857325</i>
                        <i>-0.119776 0.991453 -0.0517244 -0.923133 -0.0920471 0.373299 0.365347 0.0924607 0.926268 -2.06041 1.68868 0.856958</i>
                        <i>-0.134711 0.989035 -0.060521 -0.927034 -0.104224 0.360202 0.349945 0.104628 0.930909 -2.05973 1.69198 0.856683</i>
                        <i>-0.164229 0.983415 -0.0769631 -0.935001 -0.130331 0.329829 0.314328 0.126128 0.940898 -2.05818 1.69817 0.856099</i>
                        <i>-0.182088 0.979468 -0.0865258 -0.943584 -0.149307 0.295562 0.276574 0.135463 0.951397 -2.05649 1.70165 0.855531</i>
                        <i>-0.181094 0.979382 -0.0895303 -0.953639 -0.152622 0.259381 0.240369 0.132352 0.961616 -2.05461 1.70146 0.855022</i>
                        <i>-0.173584 0.980083 -0.0964624 -0.964811 -0.149596 0.216242 0.197505 0.130604 0.971563 -2.05216 1.70053 0.854506</i>
                        <i>-0.159945 0.981461 -0.105603 -0.975433 -0.140726 0.169492 0.151489 0.130118 0.979857 -2.04939 1.69909 0.854054</i>
                        <i>-0.140906 0.983332 -0.114904 -0.984326 -0.126716 0.122657 0.106052 0.130386 0.985775 -2.04655 1.69737 0.853709</i>
                        <i>-0.118053 0.985425 -0.122482 -0.990882 -0.108836 0.079421 0.064933 0.130741 0.989288 -2.04391 1.69559 0.853483</i>
                        <i>-0.0938687 0.987423 -0.127219 -0.99508 -0.0889852 0.0435534 0.031685 0.130681 0.990918 -2.04171 1.694 0.85336</i>
                        <i>-0.0713459 0.989048 -0.129206 -0.997405 -0.0694925 0.0188024 0.00961762 0.130212 0.99144 -2.04022 1.69287 0.853308</i>
                        <i>-0.05347 0.990095 -0.129822 -0.998568 -0.0527704 0.00882552 0.00188735 0.130108 0.991498 -2.03966 1.69243 0.853295</i>
                        <i>-0.0478258 0.989009 -0.139909 -0.998246 -0.0522197 -0.0279032 -0.0349025 0.138329 0.989771 -2.03656 1.69626 0.853429</i>
                        <i>-0.0554969 0.985984 -0.15734 -0.992987 -0.070979 -0.0945502 -0.104393 0.150989 0.983008 -2.03087 1.70311 0.853855</i>
                        <i>-0.0586812 0.984099 -0.167648 -0.988128 -0.0811456 -0.130456 -0.141985 0.158003 0.977177 -2.02786 1.70672 0.854175</i>
                        <i>-0.042148 0.986499 -0.158253 -0.990864 -0.0615827 -0.119987 -0.128113 0.15175 0.980081 -2.02808 1.70343 0.854025</i>
                        <i>-0.0190229 0.989863 -0.140749 -0.99444 -0.0333146 -0.0998927 -0.103569 0.138066 0.984993 -2.0285 1.69734 0.853762</i>
                        <i>-0.00781711 0.991225 -0.131955 -0.995841 -0.0196959 -0.088958 -0.0907763 0.130711 0.987256 -2.02872 1.69406 0.85363</i>
                        <i>-0.0164367 0.989618 -0.142781 -0.995671 -0.0292651 -0.0882171 -0.0914798 0.140713 0.985815 -2.02859 1.69724 0.853577</i>
                        <i>-0.0356772 0.985882 -0.163595 -0.994978 -0.0503605 -0.0865029 -0.0935204 0.159688 0.982728 -2.02834 1.70315 0.853479</i>
                        <i>-0.0545396 0.982839 -0.176219 -0.993913 -0.0703539 -0.0847746 -0.0957175 0.170523 0.980694 -2.0282 1.70633 0.853426</i>
                        <i>-0.071297 0.982671 -0.171097 -0.994131 -0.0839984 -0.0681734 -0.0813639 0.165232 0.982893 -2.02967 1.70525 0.853296</i>
                        <i>-0.0899362 0.98383 -0.154885 -0.995056 -0.0953411 -0.0278134 -0.0421305 0.151618 0.987541 -2.03347 1.70244 0.853061</i>
                        <i>-0.106875 0.985603 -0.131011 -0.994201 -0.104351 0.0260016 0.0119561 0.133031 0.99104 -2.03864 1.69857 0.852966</i>
                        <i>-0.119876 0.987299 -0.104262 -0.990302 -0.111486 0.0829085 0.0702317 0.11319 0.991088 -2.04418 1.69436 0.853199</i>
                        <i>-0.128816 0.988468 -0.0796115 -0.984155 -0.117564 0.132728 0.121838 0.0954476 0.98795 -2.04903 1.69066 0.853833</i>
                        <i>-0.134035 0.98725 -0.0858579 -0.983556 -0.121949 0.133214 0.121046 0.102302 0.987361 -2.04814 1.69277 0.853733</i>
                        <i>-0.144948 0.984344 -0.100288 -0.982267 -0.130974 0.134153 0.118918 0.117955 0.985873 -2.04562 1.69743 0.853374</i>
                        <i>-0.155952 0.981072 -0.114786 -0.980881 -0.14012 0.135052 0.116412 0.133653 0.984167 -2.04297 1.70206 0.852994</i>
                        <i>-0.161332 0.979499 -0.120635 -0.980147 -0.144752 0.135491 0.115251 0.1401 0.983407 -2.04175 1.70415 0.852817</i>
                        <i>-0.148601 0.982895 -0.108793 -0.981887 -0.133576 0.134373 0.117543 0.126791 0.984941 -2.04088 1.70106 0.852699</i>
                        <i>-0.124791 0.988201 -0.0888064 -0.984819 -0.112482 0.132208 0.120659 0.103957 0.987236 -2.03926 1.69532 0.852481</i>
                        <i>-0.111694 0.990715 -0.0775127 -0.986231 -0.100939 0.130993 0.121953 0.0910766 0.988348 -2.03839 1.69221 0.852365</i>
                        <i>-0.122348 0.988946 -0.0837621 -0.985048 -0.110684 0.132019 0.121289 0.0986619 0.987702 -2.03912 1.69532 0.852463</i>
                        <i>-0.144646 0.98466 -0.0975862 -0.982269 -0.131004 0.13411 0.119269 0.115254 0.98615 -2.04049 1.7011 0.852647</i>
                        <i>-0.157778 0.981946 -0.104345 -0.980405 -0.143149 0.135331 0.117951 0.123653 0.985291 -2.04123 1.7042 0.852746</i>
                        <i>-0.157187 0.982397 -0.100937 -0.979245 -0.141804 0.144815 0.127953 0.121605 0.984297 -2.04204 1.70367 0.852859</i>
                        <i>-0.154646 0.983395 -0.0949691 -0.97586 -0.137039 0.170053 0.154215 0.118975 0.980848 -2.04423 1.70225 0.853184</i>
                        <i>-0.150484 0.984758 -0.0872156 -0.96981 -0.129923 0.206369 0.191892 0.115638 0.97458 -2.04738 1.70014 0.853716</i>
                        <i>-0.14508 0.986306 -0.078439 -0.96084 -0.121529 0.249032 0.236089 0.111497 0.965314 -2.05111 1.69758 0.85444</i>
                        <i>-0.138914 0.987868 -0.0694261 -0.949315 -0.112876 0.293359 0.281963 0.106659 0.953478 -2.05501 1.69482 0.855311</i>
                        <i>-0.132615 0.989289 -0.060991 -0.936416 -0.104884 0.334851 0.324868 0.101519 0.940295 -2.05869 1.69213 0.856243</i>
                        <i>-0.126973 0.990438 -0.0539576 -0.924092 -0.0983487 0.369298 0.36046 0.0967526 0.927743 -2.06177 1.68982 0.857107</i>
                        <i>-0.122899 0.991202 -0.0491404 -0.914825 -0.0939573 0.392768 0.384695 0.0932258 0.918324 -2.06388 1.68819 0.857746</i>
                        <i>-0.121338 0.991482 -0.0473404 -0.911212 -0.0923459 0.401454 0.393662 0.0918486 0.914655 -2.06467 1.68758 0.857993</i>
                        <i>-0.134217 0.989347 -0.0563765 -0.90803 -0.100005 0.406793 0.396821 0.10579 0.911779 -2.06361 1.69128 0.858097</i>
