<?xml version="1.0" encoding="ISO-8859-1" ?>
<Animl Version="1">
    <ModellingPackage>
        <![CDATA[Maya.2010]]>
</ModellingPackage>
    <SrcFile>
        <![CDATA[anims\turrets\mortar\blue\~src\mortar_m120\mortar_m120_aim_low_crewman_b.mb]]>
</SrcFile>
    <FramesPerSecond>30</FramesPerSecond>
    <TotalFrames>30</TotalFrames>
    <Skeleton>
        <RefFrame>
            <Name>
                <![CDATA[soldier_ref_frame]]>
</Name>
            <Exclude>0</Exclude>
            <Additive>0</Additive>
            <IKPriority>0</IKPriority>
            <IKRotLimits>-1e+010 -1e+010 -1e+010 1e+010 1e+010 1e+010</IKRotLimits>
            <IKRotLimitOrder>0</IKRotLimitOrder>
            <KeyFrames count="30">
                <i>1 0 0 0 1 0 0 0 1 1.19 0.93 -1.36</i>
                <i>1 0 0 0 1 0 0 0 1 1.19 0.93 -1.36</i>
                <i>1 0 0 0 1 0 0 0 1 1.19 0.93 -1.36</i>
                <i>1 0 0 0 1 0 0 0 1 1.19 0.93 -1.36</i>
                <i>1 0 0 0 1 0 0 0 1 1.19 0.93 -1.36</i>
                <i>1 0 0 0 1 0 0 0 1 1.19 0.93 -1.36</i>
                <i>1 0 0 0 1 0 0 0 1 1.19 0.93 -1.36</i>
                <i>1 0 0 0 1 0 0 0 1 1.19 0.93 -1.36</i>
                <i>1 0 0 0 1 0 0 0 1 1.19 0.93 -1.36</i>
                <i>1 0 0 0 1 0 0 0 1 1.19 0.93 -1.36</i>
                <i>1 0 0 0 1 0 0 0 1 1.19 0.93 -1.36</i>
                <i>1 0 0 0 1 0 0 0 1 1.19 0.93 -1.36</i>
                <i>1 0 0 0 1 0 0 0 1 1.19 0.93 -1.36</i>
                <i>1 0 0 0 1 0 0 0 1 1.19 0.93 -1.36</i>
                <i>1 0 0 0 1 0 0 0 1 1.19 0.93 -1.36</i>
                <i>1 0 0 0 1 0 0 0 1 1.19 0.93 -1.36</i>
                <i>1 0 0 0 1 0 0 0 1 1.19 0.93 -1.36</i>
                <i>1 0 0 0 1 0 0 0 1 1.19 0.93 -1.36</i>
                <i>1 0 0 0 1 0 0 0 1 1.19 0.93 -1.36</i>
                <i>1 0 0 0 1 0 0 0 1 1.19 0.93 -1.36</i>
                <i>1 0 0 0 1 0 0 0 1 1.19 0.93 -1.36</i>
                <i>1 0 0 0 1 0 0 0 1 1.19 0.93 -1.36</i>
                <i>1 0 0 0 1 0 0 0 1 1.19 0.93 -1.36</i>
                <i>1 0 0 0 1 0 0 0 1 1.19 0.93 -1.36</i>
                <i>1 0 0 0 1 0 0 0 1 1.19 0.93 -1.36</i>
                <i>1 0 0 0 1 0 0 0 1 1.19 0.93 -1.36</i>
                <i>1 0 0 0 1 0 0 0 1 1.19 0.93 -1.36</i>
                <i>1 0 0 0 1 0 0 0 1 1.19 0.93 -1.36</i>
                <i>1 0 0 0 1 0 0 0 1 1.19 0.93 -1.36</i>
                <i>1 0 0 0 1 0 0 0 1 1.19 0.93 -1.36</i>
            </KeyFrames>
        </RefFrame>
        <Bones count="23">
            <i>
                <p>
                    <Name>
                        <![CDATA[pelvis]]>
</Name>
                    <Exclude>0</Exclude>
                    <Additive>0</Additive>
                    <IKPriority>0</IKPriority>
                    <IKRotLimits>-1e+010 -1e+010 -1e+010 1e+010 1e+010 1e+010</IKRotLimits>
                    <IKRotLimitOrder>2</IKRotLimitOrder>
                    <KeyFrames count="30">
                        <i>1 0 0 0 1 0 0 0 1 0.888151 1.65235 -1.08573</i>
                        <i>1 0 0 0 1 0 0 0 1 0.888151 1.65235 -1.08573</i>
                        <i>1 0 0 0 1 0 0 0 1 0.888151 1.65235 -1.08573</i>
                        <i>1 0 0 0 1 0 0 0 1 0.888151 1.65235 -1.08573</i>
                        <i>1 0 0 0 1 0 0 0 1 0.888151 1.65235 -1.08573</i>
                        <i>1 0 0 0 1 0 0 0 1 0.888151 1.65235 -1.08573</i>
                        <i>1 0 0 0 1 0 0 0 1 0.888151 1.65235 -1.08573</i>
                        <i>1 0 0 0 1 0 0 0 1 0.888151 1.65235 -1.08573</i>
                        <i>1 0 0 0 1 0 0 0 1 0.888151 1.65235 -1.08573</i>
                        <i>1 0 0 0 1 0 0 0 1 0.888151 1.65235 -1.08573</i>
                        <i>1 0 0 0 1 0 0 0 1 0.888151 1.65235 -1.08573</i>
                        <i>1 0 0 0 1 0 0 0 1 0.888151 1.65235 -1.08573</i>
                        <i>1 0 0 0 1 0 0 0 1 0.888151 1.65235 -1.08573</i>
                        <i>1 0 0 0 1 0 0 0 1 0.888151 1.65235 -1.08573</i>
                        <i>1 0 0 0 1 0 0 0 1 0.888151 1.65235 -1.08573</i>
                        <i>1 0 0 0 1 0 0 0 1 0.888151 1.65235 -1.08573</i>
                        <i>1 0 0 0 1 0 0 0 1 0.888151 1.65235 -1.08573</i>
                        <i>1 0 0 0 1 0 0 0 1 0.888151 1.65235 -1.08573</i>
                        <i>1 0 0 0 1 0 0 0 1 0.888151 1.65235 -1.08573</i>
                        <i>1 0 0 0 1 0 0 0 1 0.888151 1.65235 -1.08573</i>
                        <i>1 0 0 0 1 0 0 0 1 0.888151 1.65235 -1.08573</i>
                        <i>1 0 0 0 1 0 0 0 1 0.888151 1.65235 -1.08573</i>
                        <i>1 0 0 0 1 0 0 0 1 0.888151 1.65235 -1.08573</i>
                        <i>1 0 0 0 1 0 0 0 1 0.888151 1.65235 -1.08573</i>
                        <i>1 0 0 0 1 0 0 0 1 0.888151 1.65235 -1.08573</i>
                        <i>1 0 0 0 1 0 0 0 1 0.888151 1.65235 -1.08573</i>
                        <i>1 0 0 0 1 0 0 0 1 0.888151 1.65235 -1.08573</i>
                        <i>1 0 0 0 1 0 0 0 1 0.888151 1.65235 -1.08573</i>
                        <i>1 0 0 0 1 0 0 0 1 0.888151 1.65235 -1.08573</i>
                        <i>1 0 0 0 1 0 0 0 1 0.888151 1.65235 -1.08573</i>
                    </KeyFrames>
                </p>
            </i>
            <i>
                <p>
                    <Name>
                        <![CDATA[spine0]]>
</Name>
                    <Exclude>0</Exclude>
                    <Additive>0</Additive>
                    <IKPriority>0</IKPriority>
                    <IKRotLimits>-1e+010 -1e+010 -1e+010 1e+010 1e+010 1e+010</IKRotLimits>
                    <IKRotLimitOrder>0</IKRotLimitOrder>
                    <KeyFrames count="30">
                        <i>0.353775 0.895872 0.268805 -0.65874 0.0346243 0.751574 0.664007 -0.442961 0.602396 0.863955 1.79059 -1.11738</i>
                        <i>0.353624 0.895966 0.268692 -0.65873 0.0345971 0.751584 0.664097 -0.442773 0.602434 0.863881 1.79056 -1.11744</i>
                        <i>0.353218 0.896216 0.26839 -0.658702 0.0345236 0.751612 0.664341 -0.442272 0.602534 0.863673 1.79049 -1.11762</i>
                        <i>0.352633 0.896577 0.267953 -0.658657 0.034416 0.751655 0.664696 -0.441548 0.602674 0.863355 1.79037 -1.11789</i>
                        <i>0.351944 0.897002 0.267436 -0.6586 0.0342863 0.751712 0.665118 -0.440694 0.602832 0.862947 1.79021 -1.11823</i>
                        <i>0.351225 0.897445 0.266897 -0.658531 0.0341468 0.751779 0.665566 -0.439803 0.602988 0.862474 1.79003 -1.11863</i>
                        <i>0.35055 0.897859 0.266389 -0.658453 0.0340094 0.751853 0.665998 -0.438967 0.603121 0.861956 1.78983 -1.11907</i>
                        <i>0.349993 0.898202 0.265967 -0.658371 0.0338861 0.751931 0.666373 -0.438275 0.60321 0.861417 1.78961 -1.11952</i>
                        <i>0.349625 0.898429 0.265684 -0.658286 0.0337888 0.75201 0.66665 -0.437817 0.603236 0.860879 1.78939 -1.11998</i>
                        <i>0.349519 0.898497 0.265593 -0.658202 0.0337291 0.752085 0.666788 -0.437681 0.603182 0.860364 1.78918 -1.12041</i>
                        <i>0.349742 0.898365 0.265745 -0.658123 0.0337191 0.752155 0.666749 -0.437953 0.603028 0.859893 1.78898 -1.12081</i>
                        <i>0.350168 0.898109 0.266048 -0.658054 0.0337429 0.752214 0.666593 -0.438476 0.602821 0.859489 1.78881 -1.12115</i>
                        <i>0.350593 0.897853 0.266353 -0.658 0.0337736 0.75226 0.666424 -0.438997 0.602628 0.859174 1.78868 -1.12141</i>
                        <i>0.350969 0.897626 0.266625 -0.657964 0.0338071 0.75229 0.666261 -0.439461 0.602471 0.858968 1.78859 -1.12158</i>
                        <i>0.351293 0.897429 0.266861 -0.657951 0.0338454 0.7523 0.666104 -0.439859 0.602353 0.858895 1.78855 -1.12165</i>
                        <i>0.35159 0.897247 0.26708 -0.65796 0.033893 0.75229 0.665938 -0.440226 0.602269 0.858959 1.78858 -1.12159</i>
                        <i>0.351862 0.89708 0.267283 -0.657988 0.0339482 0.752263 0.665766 -0.440561 0.602213 0.859139 1.78866 -1.12144</i>
                        <i>0.352111 0.896927 0.26747 -0.658032 0.0340093 0.752221 0.665591 -0.440869 0.602182 0.859418 1.78878 -1.12121</i>
                        <i>0.35234 0.896785 0.267644 -0.658089 0.0340748 0.752168 0.665414 -0.441152 0.602171 0.859778 1.78893 -1.1209</i>
                        <i>0.352551 0.896653 0.267807 -0.658156 0.034143 0.752107 0.665235 -0.441415 0.602175 0.860201 1.78911 -1.12055</i>
                        <i>0.352747 0.89653 0.26796 -0.65823 0.0342124 0.752039 0.665058 -0.441659 0.602192 0.860669 1.78931 -1.12015</i>
                        <i>0.35293 0.896415 0.268106 -0.658308 0.0342814 0.751967 0.664884 -0.441888 0.602216 0.861165 1.78951 -1.11974</i>
                        <i>0.353101 0.896307 0.268243 -0.658387 0.0343483 0.751895 0.664715 -0.442102 0.602245 0.86167 1.78971 -1.11931</i>
                        <i>0.353258 0.896206 0.268371 -0.658465 0.0344117 0.751824 0.664555 -0.4423 0.602277 0.862167 1.78991 -1.11889</i>
                        <i>0.3534 0.896115 0.268488 -0.658538 0.0344698 0.751758 0.664407 -0.442481 0.602307 0.862637 1.79009 -1.11849</i>
                        <i>0.353525 0.896035 0.268593 -0.658603 0.034521 0.751698 0.664276 -0.44264 0.602336 0.863063 1.79026 -1.11813</i>
                        <i>0.353629 0.895968 0.26868 -0.658659 0.0345637 0.751647 0.664165 -0.442773 0.60236 0.863426 1.79039 -1.11783</i>
                        <i>0.353708 0.895916 0.268747 -0.658702 0.0345963 0.751608 0.66408 -0.442874 0.602379 0.863708 1.7905 -1.11759</i>
                        <i>0.353758 0.895884 0.26879 -0.65873 0.0346171 0.751583 0.664026 -0.442938 0.602391 0.86389 1.79057 -1.11743</i>
                        <i>0.353775 0.895872 0.268805 -0.65874 0.0346243 0.751574 0.664007 -0.442961 0.602396 0.863955 1.79059 -1.11738</i>
                    </KeyFrames>
                </p>
            </i>
            <i>
                <p>
                    <Name>
                        <![CDATA[spine1]]>
</Name>
                    <Exclude>0</Exclude>
                    <Additive>0</Additive>
                    <IKPriority>0</IKPriority>
                    <IKRotLimits>-1e+010 -1e+010 -1e+010 1e+010 1e+010 1e+010</IKRotLimits>
                    <IKRotLimitOrder>0</IKRotLimitOrder>
                    <KeyFrames count="30">
                        <i>0.702298 0.406302 0.584547 -0.63449 -0.01508 0.772784 0.322799 -0.913614 0.247204 0.933254 1.9664 -1.06474</i>
                        <i>0.702127 0.406714 0.584467 -0.634485 -0.0151913 0.772785 0.323182 -0.913429 0.247388 0.933161 1.96642 -1.06482</i>
                        <i>0.701666 0.407812 0.584255 -0.634471 -0.0154977 0.772791 0.324208 -0.912934 0.247871 0.932903 1.96646 -1.06503</i>
                        <i>0.700999 0.409388 0.583953 -0.634447 -0.0159583 0.772802 0.325695 -0.912221 0.248548 0.932516 1.96654 -1.06535</i>
                        <i>0.700209 0.411236 0.583603 -0.634412 -0.0165322 0.772819 0.327459 -0.911379 0.249317 0.932032 1.96662 -1.06575</i>
                        <i>0.699377 0.413151 0.583247 -0.634366 -0.0171786 0.772842 0.32932 -0.9105 0.250074 0.931488 1.9667 -1.0662</i>
                        <i>0.698589 0.414929 0.58293 -0.634309 -0.017857 0.772873 0.331097 -0.909678 0.250719 0.930916 1.96679 -1.06668</i>
                        <i>0.697928 0.416369 0.582694 -0.634244 -0.0185268 0.772911 0.332612 -0.909007 0.251149 0.930351 1.96686 -1.06715</i>
                        <i>0.697482 0.417267 0.582587 -0.634172 -0.0191474 0.772955 0.333684 -0.908582 0.251264 0.929827 1.96691 -1.0676</i>
                        <i>0.697335 0.417421 0.582653 -0.634097 -0.0196783 0.773003 0.334133 -0.9085 0.250963 0.929378 1.96694 -1.06798</i>
                        <i>0.697572 0.416625 0.582938 -0.634023 -0.0200783 0.773053 0.333778 -0.908857 0.250144 0.929037 1.96694 -1.06828</i>
                        <i>0.698058 0.415229 0.583353 -0.633957 -0.0203541 0.7731 0.332887 -0.909489 0.249029 0.928796 1.96692 -1.0685</i>
                        <i>0.698574 0.413789 0.583757 -0.633905 -0.0205301 0.773138 0.331901 -0.910141 0.247961 0.92863 1.9669 -1.06866</i>
                        <i>0.699084 0.412408 0.584124 -0.633874 -0.0205915 0.773162 0.330886 -0.910766 0.247019 0.928548 1.96689 -1.06874</i>
                        <i>0.699559 0.411166 0.584431 -0.633864 -0.0205297 0.773172 0.3299 -0.911329 0.246262 0.928564 1.96689 -1.06874</i>
                        <i>0.699989 0.410089 0.584673 -0.633874 -0.0203512 0.773169 0.328967 -0.911818 0.245699 0.928685 1.96688 -1.06864</i>
                        <i>0.700379 0.409159 0.584857 -0.633901 -0.0200743 0.773154 0.328083 -0.912242 0.245307 0.928895 1.96686 -1.06847</i>
                        <i>0.70073 0.408368 0.58499 -0.633942 -0.0197158 0.773129 0.327255 -0.912604 0.245066 0.92918 1.96684 -1.06823</i>
                        <i>0.701041 0.407711 0.585075 -0.633992 -0.0192928 0.773099 0.326488 -0.912907 0.24496 0.929527 1.96681 -1.06794</i>
                        <i>0.701315 0.40718 0.585118 -0.63405 -0.0188221 0.773063 0.325788 -0.913154 0.244972 0.92992 1.96678 -1.0676</i>
                        <i>0.70155 0.406768 0.585122 -0.634112 -0.0183206 0.773024 0.325161 -0.913348 0.245084 0.930346 1.96674 -1.06724</i>
                        <i>0.701748 0.406468 0.585093 -0.634175 -0.0178049 0.772984 0.324611 -0.913492 0.245277 0.930792 1.9667 -1.06686</i>
                        <i>0.70191 0.406268 0.585038 -0.634237 -0.0172915 0.772945 0.324139 -0.91359 0.245533 0.931242 1.96665 -1.06647</i>
                        <i>0.702038 0.406155 0.584962 -0.634296 -0.0167964 0.772908 0.323746 -0.91365 0.245831 0.931683 1.9666 -1.06609</i>
                        <i>0.702136 0.406114 0.584874 -0.63435 -0.0163354 0.772874 0.323429 -0.913676 0.246149 0.932098 1.96655 -1.06574</i>
                        <i>0.702206 0.406126 0.584781 -0.634397 -0.015924 0.772844 0.323184 -0.913678 0.246463 0.932472 1.96651 -1.06541</i>
                        <i>0.702253 0.406172 0.584692 -0.634435 -0.0155776 0.772819 0.323006 -0.913664 0.246751 0.932791 1.96646 -1.06514</i>
                        <i>0.702281 0.406231 0.584618 -0.634465 -0.0153113 0.7728 0.322887 -0.913642 0.246986 0.933038 1.96643 -1.06493</i>
                        <i>0.702295 0.406281 0.584566 -0.634484 -0.0151404 0.772788 0.32282 -0.913623 0.247146 0.933197 1.96641 -1.06479</i>
                        <i>0.702298 0.406302 0.584547 -0.63449 -0.01508 0.772784 0.322799 -0.913614 0.247204 0.933254 1.9664 -1.06474</i>
                    </KeyFrames>
                </p>
            </i>
            <i>
                <p>
                    <Name>
                        <![CDATA[spine2]]>
</Name>
                    <Exclude>0</Exclude>
                    <Additive>0</Additive>
                    <IKPriority>0</IKPriority>
                    <IKRotLimits>-1e+010 -1e+010 -1e+010 1e+010 1e+010 1e+010</IKRotLimits>
                    <IKRotLimitOrder>0</IKRotLimitOrder>
                    <KeyFrames count="30">
                        <i>0.784494 0.0916717 0.613323 -0.612145 -0.0437828 0.789532 0.0992306 -0.994826 0.021769 1.05995 2.03902 -0.959365</i>
                        <i>0.784377 0.0928066 0.613303 -0.612146 -0.0438279 0.789529 0.100153 -0.994719 0.0224337 1.05985 2.03913 -0.959439</i>
                        <i>0.78405 0.0959018 0.613244 -0.612147 -0.0439515 0.789521 0.10267 -0.99442 0.0242459 1.05957 2.03941 -0.959644</i>
                        <i>0.783551 0.100491 0.613147 -0.612149 -0.0441361 0.78951 0.106401 -0.993958 0.0269328 1.05914 2.03981 -0.959946</i>
                        <i>0.782917 0.106109 0.613011 -0.612149 -0.0443642 0.789497 0.110969 -0.993364 0.0302212 1.05863 2.04029 -0.960316</i>
                        <i>0.782188 0.112291 0.612839 -0.612149 -0.0446181 0.789483 0.115996 -0.992673 0.0338393 1.05807 2.0408 -0.960723</i>
                        <i>0.781414 0.118577 0.612643 -0.612147 -0.0448802 0.789469 0.121108 -0.99193 0.0375163 1.0575 2.04129 -0.961136</i>
                        <i>0.780653 0.124508 0.612437 -0.612145 -0.0451324 0.789457 0.125934 -0.991192 0.0409842 1.05698 2.04171 -0.961522</i>
                        <i>0.77997 0.129632 0.612244 -0.612143 -0.0453567 0.789445 0.130107 -0.990524 0.0439764 1.05653 2.04202 -0.961849</i>
                        <i>0.779437 0.133499 0.612091 -0.612143 -0.0455349 0.789435 0.13326 -0.990002 0.0462289 1.05622 2.04217 -0.962087</i>
                        <i>0.779129 0.135661 0.612008 -0.612147 -0.0456488 0.789425 0.135032 -0.989703 0.0474784 1.05609 2.04211 -0.962203</i>
                        <i>0.779013 0.13642 0.611987 -0.612155 -0.0457064 0.789416 0.135664 -0.989596 0.0479046 1.05608 2.04193 -0.962225</i>
                        <i>0.779012 0.13636 0.612002 -0.612165 -0.0457262 0.789407 0.135628 -0.989603 0.0478537 1.05613 2.04172 -0.962206</i>
                        <i>0.779128 0.135454 0.612055 -0.612177 -0.0457053 0.789399 0.134901 -0.989729 0.0473115 1.05623 2.0415 -0.962147</i>
                        <i>0.779351 0.133788 0.612138 -0.612189 -0.0456467 0.789393 0.133553 -0.989958 0.0463289 1.05638 2.0413 -0.962049</i>
                        <i>0.779654 0.131532 0.612241 -0.6122 -0.0455582 0.789389 0.131722 -0.990265 0.0450041 1.05657 2.04108 -0.961912</i>
                        <i>0.780022 0.128778 0.612358 -0.612209 -0.0454445 0.789389 0.129484 -0.990632 0.0433915 1.05681 2.04087 -0.961743</i>
                        <i>0.780439 0.125623 0.612482 -0.612215 -0.0453102 0.789392 0.126918 -0.991043 0.0415466 1.05708 2.04066 -0.961547</i>
                        <i>0.780888 0.122162 0.612609 -0.612219 -0.0451601 0.789397 0.1241 -0.991482 0.0395251 1.05737 2.04045 -0.961331</i>
                        <i>0.781357 0.118492 0.612733 -0.61222 -0.0449986 0.789406 0.121111 -0.991935 0.0373835 1.05768 2.04025 -0.9611</i>
                        <i>0.78183 0.11471 0.612849 -0.612219 -0.0448305 0.789416 0.118028 -0.992387 0.0351778 1.058 2.04005 -0.960861</i>
                        <i>0.782294 0.110913 0.612955 -0.612214 -0.0446603 0.78943 0.114932 -0.992826 0.0329647 1.05832 2.03987 -0.960619</i>
                        <i>0.782739 0.107197 0.613048 -0.612207 -0.0444927 0.789445 0.111902 -0.993242 0.0308007 1.05863 2.03969 -0.960381</i>
                        <i>0.783154 0.103661 0.613127 -0.612197 -0.0443323 0.789461 0.109018 -0.993624 0.0287422 1.05893 2.03953 -0.960152</i>
                        <i>0.783528 0.100403 0.613191 -0.612186 -0.0441838 0.789478 0.106359 -0.993965 0.0268459 1.05921 2.03939 -0.95994</i>
                        <i>0.783853 0.0975184 0.613241 -0.612175 -0.0440518 0.789495 0.104005 -0.994258 0.0251682 1.05945 2.03926 -0.959751</i>
                        <i>0.78412 0.0951061 0.613278 -0.612163 -0.0439411 0.789509 0.102035 -0.994497 0.0237653 1.05966 2.03916 -0.959592</i>
                        <i>0.784322 0.0932627 0.613303 -0.612154 -0.0438563 0.789521 0.10053 -0.994675 0.0226937 1.05982 2.03909 -0.95947</i>
                        <i>0.78445 0.0920855 0.613318 -0.612148 -0.0438019 0.789529 0.0995688 -0.994787 0.0220096 1.05992 2.03904 -0.959392</i>
                        <i>0.784494 0.0916717 0.613323 -0.612145 -0.0437828 0.789532 0.0992306 -0.994826 0.021769 1.05995 2.03902 -0.959365</i>
                    </KeyFrames>
                </p>
            </i>
            <i>
                <p>
                    <Name>
                        <![CDATA[head]]>
</Name>
                    <Exclude>0</Exclude>
                    <Additive>0</Additive>
                    <IKPriority>0</IKPriority>
                    <IKRotLimits>-1e+010 -1e+010 -1e+010 1e+010 1e+010 1e+010</IKRotLimits>
                    <IKRotLimitOrder>0</IKRotLimitOrder>
                    <KeyFrames count="30">
                        <i>0.763859 -0.145072 0.628867 0.127609 0.989121 0.0731779 -0.632641 0.0243512 0.774062 1.27226 2.07115 -0.797209</i>
                        <i>0.763851 -0.144753 0.62895 0.127305 0.98917 0.0730468 -0.632712 0.0242716 0.774006 1.27212 2.0716 -0.797286</i>
                        <i>0.763821 -0.143933 0.629174 0.126517 0.989295 0.0727236 -0.632906 0.0240533 0.773855 1.27176 2.07284 -0.797498</i>
                        <i>0.763763 -0.142823 0.629498 0.125427 0.989464 0.0723132 -0.633194 0.023726 0.773629 1.27122 2.07466 -0.797816</i>
                        <i>0.763668 -0.141631 0.629882 0.124219 0.989645 0.0719208 -0.633546 0.0233199 0.773354 1.27054 2.07689 -0.798209</i>
                        <i>0.763532 -0.140566 0.630286 0.123077 0.989807 0.0716513 -0.633933 0.0228653 0.77305 1.2698 2.07932 -0.798648</i>
                        <i>0.763347 -0.13984 0.630671 0.122183 0.989921 0.0716098 -0.634328 0.0223939 0.772739 1.26903 2.08178 -0.799099</i>
                        <i>0.763109 -0.139659 0.630999 0.121722 0.989957 0.0719008 -0.634703 0.0219384 0.772445 1.26831 2.08408 -0.799525</i>
                        <i>0.76281 -0.140235 0.631233 0.121879 0.989884 0.0726286 -0.635032 0.0215325 0.772186 1.2677 2.08604 -0.799888</i>
                        <i>0.762442 -0.141776 0.631333 0.122839 0.989672 0.0738965 -0.635289 0.0212108 0.771983 1.26726 2.08746 -0.800145</i>
                        <i>0.761992 -0.144489 0.631261 0.124787 0.989283 0.0758073 -0.635449 0.0210086 0.771857 1.26706 2.08817 -0.800257</i>
                        <i>0.761528 -0.147717 0.631074 0.127204 0.988809 0.077954 -0.635526 0.020911 0.771796 1.26706 2.08831 -0.800254</i>
                        <i>0.761156 -0.150471 0.630872 0.129305 0.988394 0.079736 -0.635548 0.0208834 0.771779 1.26714 2.08816 -0.800198</i>
                        <i>0.76092 -0.152463 0.630679 0.130873 0.988088 0.0809649 -0.635511 0.0209311 0.771808 1.26731 2.08773 -0.800094</i>
                        <i>0.760816 -0.153712 0.630502 0.131917 0.987891 0.0816585 -0.635419 0.0210471 0.771881 1.26755 2.08703 -0.799948</i>
                        <i>0.760805 -0.154466 0.63033 0.132618 0.98777 0.0819891 -0.635286 0.0212154 0.771986 1.26785 2.08613 -0.799768</i>
                        <i>0.760877 -0.154782 0.630165 0.133013 0.987716 0.0820012 -0.635117 0.0214272 0.772119 1.2682 2.08505 -0.79956</i>
                        <i>0.761021 -0.154718 0.630008 0.133139 0.987721 0.0817388 -0.634918 0.0216739 0.772275 1.26859 2.08384 -0.799333</i>
                        <i>0.761224 -0.15433 0.629857 0.133036 0.987776 0.0812465 -0.634696 0.0219467 0.77245 1.269 2.08252 -0.799092</i>
                        <i>0.761474 -0.153676 0.629714 0.132739 0.987871 0.0805682 -0.634458 0.0222372 0.772637 1.26942 2.08114 -0.798845</i>
                        <i>0.76176 -0.152814 0.629579 0.132288 0.987998 0.0797481 -0.634209 0.022537 0.772833 1.26984 2.07972 -0.798597</i>
                        <i>0.762069 -0.151799 0.629451 0.131721 0.988147 0.0788301 -0.633957 0.0228378 0.773031 1.27026 2.07829 -0.798355</i>
                        <i>0.762387 -0.15069 0.629331 0.131075 0.98831 0.077858 -0.633707 0.0231316 0.773227 1.27066 2.07691 -0.798123</i>
                        <i>0.762704 -0.149543 0.629221 0.130389 0.988478 0.0768752 -0.633468 0.0234106 0.773415 1.27103 2.07559 -0.797907</i>
                        <i>0.763006 -0.148415 0.629123 0.129702 0.988642 0.0759252 -0.633245 0.0236671 0.773589 1.27137 2.07438 -0.797712</i>
                        <i>0.76328 -0.147364 0.629037 0.129052 0.988794 0.0750511 -0.633047 0.0238936 0.773744 1.27167 2.07331 -0.797543</i>
                        <i>0.763515 -0.146447 0.628966 0.128479 0.988925 0.0742963 -0.63288 0.0240826 0.773875 1.27191 2.07242 -0.797403</i>
                        <i>0.763698 -0.145722 0.628912 0.128021 0.989029 0.0737038 -0.632752 0.0242268 0.773975 1.2721 2.07174 -0.797298</i>
                        <i>0.763817 -0.145244 0.628878 0.127718 0.989097 0.0733165 -0.63267 0.0243188 0.774039 1.27222 2.0713 -0.797232</i>
                        <i>0.763859 -0.145072 0.628867 0.127609 0.989121 0.0731779 -0.632641 0.0243512 0.774062 1.27226 2.07115 -0.797209</i>
                    </KeyFrames>
                </p>
            </i>
            <i>
                <p>
                    <Name>
                        <![CDATA[head_prop]]>
</Name>
                    <Exclude>0</Exclude>
                    <Additive>0</Additive>
                    <IKPriority>0</IKPriority>
                    <IKRotLimits>-1e+010 -1e+010 -1e+010 1e+010 1e+010 1e+010</IKRotLimits>
                    <IKRotLimitOrder>0</IKRotLimitOrder>
                    <KeyFrames count="30">
                        <i>0.632641 -0.0243512 -0.774062 0.763859 -0.145072 0.628867 -0.127609 -0.989121 -0.0731779 1.52121 2.02387 -0.592255</i>
                        <i>0.632712 -0.0242716 -0.774006 0.763851 -0.144753 0.62895 -0.127305 -0.98917 -0.0730468 1.52107 2.02443 -0.592306</i>
                        <i>0.632906 -0.0240533 -0.773855 0.763821 -0.143933 0.629174 -0.126517 -0.989295 -0.0727236 1.5207 2.02593 -0.592445</i>
                        <i>0.633194 -0.023726 -0.773629 0.763763 -0.142823 0.629498 -0.125427 -0.989464 -0.0723132 1.52013 2.02811 -0.592656</i>
                        <i>0.633546 -0.0233199 -0.773354 0.763668 -0.141631 0.629882 -0.124219 -0.989645 -0.0719208 1.51943 2.03073 -0.592925</i>
                        <i>0.633933 -0.0228653 -0.77305 0.763532 -0.140566 0.630286 -0.123077 -0.989807 -0.0716513 1.51864 2.03351 -0.593233</i>
                        <i>0.634328 -0.0223939 -0.772739 0.763347 -0.13984 0.630671 -0.122183 -0.989921 -0.0716098 1.51781 2.03621 -0.593558</i>
                        <i>0.634703 -0.0219384 -0.772445 0.763109 -0.139659 0.630999 -0.121722 -0.989957 -0.0719008 1.51701 2.03857 -0.593877</i>
                        <i>0.635032 -0.0215325 -0.772186 0.76281 -0.140235 0.631233 -0.121879 -0.989884 -0.0726286 1.5163 2.04033 -0.594163</i>
                        <i>0.635289 -0.0212108 -0.771983 0.762442 -0.141776 0.631333 -0.122839 -0.989672 -0.0738965 1.51574 2.04125 -0.594388</i>
                        <i>0.635449 -0.0210086 -0.771857 0.761992 -0.144489 0.631261 -0.124787 -0.989283 -0.0758073 1.5154 2.04108 -0.594523</i>
                        <i>0.635526 -0.020911 -0.771796 0.761528 -0.147717 0.631074 -0.127204 -0.988809 -0.077954 1.51525 2.04017 -0.594581</i>
                        <i>0.635548 -0.0208834 -0.771779 0.761156 -0.150471 0.630872 -0.129305 -0.988394 -0.079736 1.51521 2.03912 -0.594591</i>
                        <i>0.635511 -0.0209311 -0.771808 0.76092 -0.152463 0.630679 -0.130873 -0.988088 -0.0809649 1.5153 2.03804 -0.59455</i>
                        <i>0.635419 -0.0210471 -0.771881 0.760816 -0.153712 0.630502 -0.131917 -0.987891 -0.0816585 1.51551 2.03694 -0.594462</i>
                        <i>0.635286 -0.0212154 -0.771986 0.760805 -0.154466 0.63033 -0.132618 -0.98777 -0.0819891 1.51581 2.03579 -0.594337</i>
                        <i>0.635117 -0.0214272 -0.772119 0.760877 -0.154782 0.630165 -0.133013 -0.987716 -0.0820012 1.51618 2.03461 -0.594184</i>
                        <i>0.634918 -0.0216739 -0.772275 0.761021 -0.154718 0.630008 -0.133139 -0.987721 -0.0817388 1.51661 2.03342 -0.594008</i>
                        <i>0.634696 -0.0219467 -0.77245 0.761224 -0.15433 0.629857 -0.133036 -0.987776 -0.0812465 1.51708 2.03223 -0.593816</i>
                        <i>0.634458 -0.0222372 -0.772637 0.761474 -0.153676 0.629714 -0.132739 -0.987871 -0.0805682 1.51759 2.03105 -0.593615</i>
                        <i>0.634209 -0.022537 -0.772833 0.76176 -0.152814 0.629579 -0.132288 -0.987998 -0.0797481 1.51811 2.02991 -0.593412</i>
                        <i>0.633957 -0.0228378 -0.773031 0.762069 -0.151799 0.629451 -0.131721 -0.988147 -0.0788301 1.51862 2.02882 -0.593211</i>
                        <i>0.633707 -0.0231316 -0.773227 0.762387 -0.15069 0.629331 -0.131075 -0.98831 -0.077858 1.51913 2.0278 -0.593018</i>
                        <i>0.633468 -0.0234106 -0.773415 0.762704 -0.149543 0.629221 -0.130389 -0.988478 -0.0768752 1.51961 2.02686 -0.592838</i>
                        <i>0.633245 -0.0236671 -0.773589 0.763006 -0.148415 0.629123 -0.129702 -0.988642 -0.0759252 1.52004 2.02601 -0.592675</i>
                        <i>0.633047 -0.0238936 -0.773744 0.76328 -0.147364 0.629037 -0.129052 -0.988794 -0.0750511 1.52043 2.02528 -0.592534</i>
                        <i>0.63288 -0.0240826 -0.773875 0.763515 -0.146447 0.628966 -0.128479 -0.988925 -0.0742963 1.52075 2.02469 -0.592418</i>
                        <i>0.632752 -0.0242268 -0.773975 0.763698 -0.145722 0.628912 -0.128021 -0.989029 -0.0737038 1.521 2.02424 -0.59233</i>
                        <i>0.63267 -0.0243188 -0.774039 0.763817 -0.145244 0.628878 -0.127718 -0.989097 -0.0733165 1.52115 2.02396 -0.592275</i>
                        <i>0.632641 -0.0243512 -0.774062 0.763859 -0.145072 0.628867 -0.127609 -0.989121 -0.0731779 1.52121 2.02387 -0.592255</i>
                    </KeyFrames>
                </p>
            </i>
            <i>
                <p>
                    <Name>
                        <![CDATA[l_clav]]>
</Name>
                    <Exclude>0</Exclude>
                    <Additive>0</Additive>
                    <IKPriority>0</IKPriority>
                    <IKRotLimits>-1e+010 -1e+010 -1e+010 1e+010 1e+010 1e+010</IKRotLimits>
                    <IKRotLimitOrder>0</IKRotLimitOrder>
                    <KeyFrames count="30">
                        <i>0.85446 0.378736 -0.355607 0.335754 0.11976 0.934305 0.396442 -0.917724 -0.0248321 1.16858 2.0179 -0.98222</i>
                        <i>0.854021 0.379454 -0.355898 0.335558 0.120994 0.934217 0.397554 -0.917265 -0.0239973 1.16852 2.01807 -0.982256</i>
                        <i>0.852813 0.381416 -0.356695 0.335014 0.12437 0.933969 0.400593 -0.915999 -0.0217152 1.16836 2.01851 -0.982352</i>
                        <i>0.851002 0.384328 -0.357892 0.334184 0.129396 0.933583 0.405113 -0.914083 -0.0183196 1.16813 2.01916 -0.982494</i>
                        <i>0.848752 0.387898 -0.359381 0.333126 0.13558 0.933084 0.410666 -0.911676 -0.0141451 1.16785 2.01993 -0.982665</i>
                        <i>0.846231 0.391834 -0.361053 0.331909 0.14243 0.932497 0.416808 -0.908944 -0.00952449 1.16754 2.02077 -0.98285</i>
                        <i>0.843613 0.395852 -0.362792 0.330611 0.149458 0.931858 0.4231 -0.90607 -0.00478841 1.16725 2.02159 -0.98303</i>
                        <i>0.84108 0.399676 -0.364478 0.329321 0.156178 0.931212 0.429107 -0.903254 -0.000263766 1.16698 2.02232 -0.98319</i>
                        <i>0.83882 0.403035 -0.365984 0.328145 0.162108 0.930614 0.434399 -0.900713 0.00372546 1.16679 2.02289 -0.98331</i>
                        <i>0.837028 0.405665 -0.36718 0.327194 0.166768 0.930125 0.438553 -0.898679 0.00685855 1.16668 2.02323 -0.983373</i>
                        <i>0.8359 0.407304 -0.367933 0.326589 0.169682 0.929811 0.441148 -0.897391 0.00881629 1.16669 2.02326 -0.983361</i>
                        <i>0.835355 0.408092 -0.368297 0.326294 0.171084 0.929657 0.442395 -0.896767 0.00975799 1.16679 2.02308 -0.983298</i>
                        <i>0.835202 0.408314 -0.368399 0.326211 0.171479 0.929614 0.442747 -0.896591 0.0100234 1.16691 2.02284 -0.983225</i>
                        <i>0.835468 0.40793 -0.368222 0.326355 0.170795 0.929689 0.442138 -0.896896 0.00956393 1.16702 2.02256 -0.98315</i>
                        <i>0.836115 0.406993 -0.367789 0.326705 0.169128 0.929871 0.440654 -0.897637 0.00844408 1.16714 2.02225 -0.983076</i>
                        <i>0.837053 0.405628 -0.367163 0.327208 0.166703 0.930132 0.438494 -0.898708 0.00681429 1.16727 2.02191 -0.982998</i>
                        <i>0.838234 0.403899 -0.366375 0.327836 0.163637 0.930455 0.435762 -0.90005 0.00475334 1.1674 2.02155 -0.98292</i>
                        <i>0.839607 0.40187 -0.365459 0.328558 0.160048 0.930825 0.432561 -0.901601 0.00234022 1.16753 2.02118 -0.98284</i>
                        <i>0.841126 0.399607 -0.364447 0.329345 0.156056 0.931224 0.428997 -0.903306 -0.000346104 1.16766 2.02079 -0.982762</i>
                        <i>0.842742 0.397174 -0.363372 0.330171 0.151778 0.931639 0.425175 -0.905106 -0.00322592 1.16779 2.0204 -0.982685</i>
                        <i>0.844408 0.39464 -0.362264 0.331009 0.147334 0.932055 0.421199 -0.906947 -0.00621948 1.16791 2.02002 -0.982611</i>
                        <i>0.846078 0.39207 -0.361155 0.331834 0.142843 0.93246 0.417178 -0.908778 -0.00924611 1.16803 2.01965 -0.98254</i>
                        <i>0.847708 0.389535 -0.360073 0.332626 0.138426 0.932844 0.413219 -0.91055 -0.0122248 1.16815 2.01929 -0.982474</i>
                        <i>0.849255 0.387105 -0.359048 0.333365 0.134204 0.933197 0.409431 -0.912217 -0.0150738 1.16825 2.01896 -0.982413</i>
                        <i>0.850676 0.384849 -0.358108 0.334032 0.130297 0.933512 0.405922 -0.913736 -0.0177112 1.16834 2.01867 -0.982358</i>
                        <i>0.85193 0.382842 -0.357279 0.334611 0.126828 0.933783 0.402804 -0.915067 -0.0200544 1.16842 2.01841 -0.982311</i>
                        <i>0.852975 0.381154 -0.356588 0.335088 0.123918 0.934002 0.400186 -0.916169 -0.0220209 1.16849 2.0182 -0.982273</i>
                        <i>0.853773 0.379858 -0.356061 0.335447 0.121689 0.934166 0.398179 -0.917006 -0.0235278 1.16854 2.01804 -0.982244</i>
                        <i>0.854282 0.379028 -0.355726 0.335675 0.120262 0.934269 0.396895 -0.917537 -0.0244923 1.16857 2.01794 -0.982226</i>
                        <i>0.85446 0.378736 -0.355607 0.335754 0.11976 0.934305 0.396442 -0.917724 -0.0248321 1.16858 2.0179 -0.98222</i>
                    </KeyFrames>
                </p>
            </i>
            <i>
                <p>
                    <Name>
                        <![CDATA[l_shoulder]]>
</Name>
                    <Exclude>0</Exclude>
                    <Additive>0</Additive>
                    <IKPriority>0</IKPriority>
                    <IKRotLimits>-1e+010 -1e+010 -1e+010 1e+010 1e+010 1e+010</IKRotLimits>
                    <IKRotLimitOrder>0</IKRotLimitOrder>
                    <KeyFrames count="30">
                        <i>0.706484 -0.602096 -0.371969 0.61827 0.780838 -0.0896351 0.344416 -0.166651 0.923907 1.3374 2.09273 -1.05248</i>
                        <i>0.706883 -0.601854 -0.371602 0.617878 0.781132 -0.0897713 0.344299 -0.166147 0.924042 1.33725 2.09304 -1.05257</i>
                        <i>0.707962 -0.6012 -0.370604 0.616829 0.781921 -0.0901202 0.343963 -0.164798 0.924408 1.33686 2.09387 -1.05283</i>
                        <i>0.709545 -0.600242 -0.369128 0.615307 0.783065 -0.0905942 0.34343 -0.162847 0.924953 1.33627 2.09509 -1.05321</i>
                        <i>0.711456 -0.599086 -0.367324 0.613494 0.784427 -0.0911059 0.342719 -0.160533 0.92562 1.33554 2.09657 -1.05367</i>
                        <i>0.71352 -0.597841 -0.365343 0.611576 0.785869 -0.0915668 0.341854 -0.1581 0.926359 1.33474 2.09819 -1.05419</i>
                        <i>0.71556 -0.596623 -0.363339 0.609743 0.787255 -0.0918865 0.340862 -0.155793 0.927115 1.33393 2.0998 -1.05471</i>
                        <i>0.717394 -0.595554 -0.361472 0.608194 0.788443 -0.0919723 0.339774 -0.153865 0.927836 1.33316 2.10129 -1.0552</i>
                        <i>0.718836 -0.594763 -0.359905 0.60713 0.78929 -0.0917288 0.338627 -0.152571 0.928469 1.33252 2.10252 -1.05562</i>
                        <i>0.719696 -0.594385 -0.358809 0.606762 0.789651 -0.091059 0.337458 -0.152177 0.928959 1.33206 2.10338 -1.05592</i>
                        <i>0.719777 -0.594559 -0.358359 0.607304 0.789371 -0.0898645 0.336308 -0.152951 0.929249 1.33185 2.10374 -1.05606</i>
                        <i>0.719311 -0.595095 -0.358405 0.608416 0.788675 -0.088437 0.335294 -0.154446 0.929368 1.33184 2.10371 -1.05607</i>
                        <i>0.718693 -0.59568 -0.358673 0.609547 0.787938 -0.0872167 0.334565 -0.155946 0.92938 1.33192 2.10351 -1.05601</i>
                        <i>0.71797 -0.596263 -0.359152 0.610594 0.787224 -0.0863281 0.334207 -0.157315 0.929278 1.33209 2.10316 -1.0559</i>
                        <i>0.717161 -0.596833 -0.35982 0.611547 0.786547 -0.0857627 0.334201 -0.158541 0.929072 1.33234 2.10267 -1.05574</i>
                        <i>0.716268 -0.597408 -0.360643 0.612458 0.785875 -0.0854126 0.334447 -0.159701 0.928785 1.33265 2.10206 -1.05554</i>
                        <i>0.715313 -0.59798 -0.36159 0.613322 0.785218 -0.0852548 0.334908 -0.160787 0.928431 1.33302 2.10136 -1.05531</i>
                        <i>0.71432 -0.598539 -0.362627 0.61413 0.784585 -0.0852661 0.335547 -0.161793 0.928026 1.33342 2.10058 -1.05505</i>
                        <i>0.713312 -0.599077 -0.363721 0.614875 0.783985 -0.0854236 0.336327 -0.162709 0.927583 1.33385 2.09974 -1.05477</i>
                        <i>0.712313 -0.599586 -0.36484 0.615548 0.783426 -0.0857038 0.337211 -0.163528 0.927118 1.3343 2.09888 -1.05448</i>
                        <i>0.711344 -0.600057 -0.365954 0.616145 0.782915 -0.0860825 0.338165 -0.164246 0.926643 1.33475 2.09799 -1.05419</i>
                        <i>0.710425 -0.600485 -0.367035 0.616662 0.782457 -0.0865354 0.339152 -0.16486 0.926173 1.3352 2.09711 -1.0539</i>
                        <i>0.709574 -0.600865 -0.368058 0.617098 0.782058 -0.0870366 0.34014 -0.165369 0.92572 1.33563 2.09626 -1.05362</i>
                        <i>0.708804 -0.601195 -0.369 0.617456 0.781717 -0.0875599 0.341095 -0.165779 0.925296 1.33604 2.09545 -1.05335</i>
                        <i>0.708129 -0.601473 -0.369843 0.617738 0.781436 -0.0880786 0.341985 -0.166095 0.92491 1.33642 2.09471 -1.05311</i>
                        <i>0.707558 -0.601699 -0.370566 0.61795 0.781213 -0.0885652 0.342781 -0.166327 0.924574 1.33674 2.09405 -1.0529</i>
                        <i>0.707101 -0.601873 -0.371156 0.618101 0.781045 -0.088992 0.343451 -0.166486 0.924296 1.33702 2.09351 -1.05273</i>
                        <i>0.706764 -0.601997 -0.371596 0.6182 0.780928 -0.089331 0.343967 -0.166585 0.924087 1.33722 2.09309 -1.05259</i>
                        <i>0.706556 -0.602071 -0.371873 0.618253 0.78086 -0.0895546 0.344299 -0.166636 0.923954 1.33735 2.09282 -1.05251</i>
                        <i>0.706484 -0.602096 -0.371969 0.61827 0.780838 -0.0896351 0.344416 -0.166651 0.923907 1.3374 2.09273 -1.05248</i>
                    </KeyFrames>
                </p>
            </i>
            <i>
                <p>
                    <Name>
                        <![CDATA[l_elbow]]>
</Name>
                    <Exclude>0</Exclude>
                    <Additive>0</Additive>
                    <IKPriority>0</IKPriority>
                    <IKRotLimits>-1e+010 -1e+010 -1e+010 1e+010 1e+010 1e+010</IKRotLimits>
                    <IKRotLimitOrder>0</IKRotLimitOrder>
                    <KeyFrames count="30">
                        <i>-0.100485 0.189031 0.976816 0.619081 0.780455 -0.0873469 -0.778872 0.595951 -0.19545 1.5672 1.89688 -1.17347</i>
                        <i>-0.100467 0.189064 0.976812 0.618689 0.78075 -0.0874828 -0.779185 0.595554 -0.195412 1.56719 1.89727 -1.17345</i>
                        <i>-0.100401 0.18912 0.976808 0.617639 0.781542 -0.0878308 -0.780027 0.594497 -0.195275 1.56714 1.89831 -1.17338</i>
                        <i>-0.100269 0.189134 0.976819 0.616115 0.782691 -0.0883036 -0.781248 0.592979 -0.195008 1.56706 1.89985 -1.17327</i>
                        <i>-0.100051 0.189042 0.976859 0.6143 0.784058 -0.0888136 -0.782704 0.591199 -0.194574 1.56696 1.90171 -1.17315</i>
                        <i>-0.0997304 0.188779 0.976942 0.61238 0.785507 -0.0892728 -0.784248 0.589357 -0.193944 1.56683 1.90372 -1.17302</i>
                        <i>-0.0992902 0.188282 0.977083 0.610545 0.786898 -0.0895906 -0.785733 0.587658 -0.193086 1.56668 1.90573 -1.1729</i>
