<?xml version="1.0" encoding="ISO-8859-1" ?>
<Animl Version="1">
    <ModellingPackage><![CDATA[Maya.2010]]></ModellingPackage>
    <SrcFile><![CDATA[anims\turrets\mortar\blue\~src\mortar_m29\mortar_m29_reload_low_crewman_a.mb]]></SrcFile>
    <FramesPerSecond>30</FramesPerSecond>
    <TotalFrames>160</TotalFrames>
    <Skeleton>
        <RefFrame>
            <Name><![CDATA[soldier_ref_frame]]></Name>
            <Exclude>0</Exclude>
            <Additive>0</Additive>
            <IKPriority>0</IKPriority>
            <IKRotLimits>-1e+010 -1e+010 -1e+010 1e+010 1e+010 1e+010</IKRotLimits>
            <IKRotLimitOrder>0</IKRotLimitOrder>
            <KeyFrames count="160">
                <i>1 0 0 0 1 0 0 0 1 1.63 1.86 -0.24</i>
                <i>1 0 0 0 1 0 0 0 1 1.63 1.86 -0.24</i>
                <i>1 0 0 0 1 0 0 0 1 1.63 1.86 -0.24</i>
                <i>1 0 0 0 1 0 0 0 1 1.63 1.86 -0.24</i>
                <i>1 0 0 0 1 0 0 0 1 1.63 1.86 -0.24</i>
                <i>1 0 0 0 1 0 0 0 1 1.63 1.86 -0.24</i>
                <i>1 0 0 0 1 0 0 0 1 1.63 1.86 -0.24</i>
                <i>1 0 0 0 1 0 0 0 1 1.63 1.86 -0.24</i>
                <i>1 0 0 0 1 0 0 0 1 1.63 1.86 -0.24</i>
                <i>1 0 0 0 1 0 0 0 1 1.63 1.86 -0.24</i>
                <i>1 0 0 0 1 0 0 0 1 1.63 1.86 -0.24</i>
                <i>1 0 0 0 1 0 0 0 1 1.63 1.86 -0.24</i>
                <i>1 0 0 0 1 0 0 0 1 1.63 1.86 -0.24</i>
                <i>1 0 0 0 1 0 0 0 1 1.63 1.86 -0.24</i>
                <i>1 0 0 0 1 0 0 0 1 1.63 1.86 -0.24</i>
                <i>1 0 0 0 1 0 0 0 1 1.63 1.86 -0.24</i>
                <i>1 0 0 0 1 0 0 0 1 1.63 1.86 -0.24</i>
                <i>1 0 0 0 1 0 0 0 1 1.63 1.86 -0.24</i>
                <i>1 0 0 0 1 0 0 0 1 1.63 1.86 -0.24</i>
                <i>1 0 0 0 1 0 0 0 1 1.63 1.86 -0.24</i>
                <i>1 0 0 0 1 0 0 0 1 1.63 1.86 -0.24</i>
                <i>1 0 0 0 1 0 0 0 1 1.63 1.86 -0.24</i>
                <i>1 0 0 0 1 0 0 0 1 1.63 1.86 -0.24</i>
                <i>1 0 0 0 1 0 0 0 1 1.63 1.86 -0.24</i>
                <i>1 0 0 0 1 0 0 0 1 1.63 1.86 -0.24</i>
                <i>1 0 0 0 1 0 0 0 1 1.63 1.86 -0.24</i>
                <i>1 0 0 0 1 0 0 0 1 1.63 1.86 -0.24</i>
                <i>1 0 0 0 1 0 0 0 1 1.63 1.86 -0.24</i>
                <i>1 0 0 0 1 0 0 0 1 1.63 1.86 -0.24</i>
                <i>1 0 0 0 1 0 0 0 1 1.63 1.86 -0.24</i>
                <i>1 0 0 0 1 0 0 0 1 1.63 1.86 -0.24</i>
                <i>1 0 0 0 1 0 0 0 1 1.63 1.86 -0.24</i>
                <i>1 0 0 0 1 0 0 0 1 1.63 1.86 -0.24</i>
                <i>1 0 0 0 1 0 0 0 1 1.63 1.86 -0.24</i>
                <i>1 0 0 0 1 0 0 0 1 1.63 1.86 -0.24</i>
                <i>1 0 0 0 1 0 0 0 1 1.63 1.86 -0.24</i>
                <i>1 0 0 0 1 0 0 0 1 1.63 1.86 -0.24</i>
                <i>1 0 0 0 1 0 0 0 1 1.63 1.86 -0.24</i>
                <i>1 0 0 0 1 0 0 0 1 1.63 1.86 -0.24</i>
                <i>1 0 0 0 1 0 0 0 1 1.63 1.86 -0.24</i>
                <i>1 0 0 0 1 0 0 0 1 1.63 1.86 -0.24</i>
                <i>1 0 0 0 1 0 0 0 1 1.63 1.86 -0.24</i>
                <i>1 0 0 0 1 0 0 0 1 1.63 1.86 -0.24</i>
                <i>1 0 0 0 1 0 0 0 1 1.63 1.86 -0.24</i>
                <i>1 0 0 0 1 0 0 0 1 1.63 1.86 -0.24</i>
                <i>1 0 0 0 1 0 0 0 1 1.63 1.86 -0.24</i>
                <i>1 0 0 0 1 0 0 0 1 1.63 1.86 -0.24</i>
                <i>1 0 0 0 1 0 0 0 1 1.63 1.86 -0.24</i>
                <i>1 0 0 0 1 0 0 0 1 1.63 1.86 -0.24</i>
                <i>1 0 0 0 1 0 0 0 1 1.63 1.86 -0.24</i>
                <i>1 0 0 0 1 0 0 0 1 1.63 1.86 -0.24</i>
                <i>1 0 0 0 1 0 0 0 1 1.63 1.86 -0.24</i>
                <i>1 0 0 0 1 0 0 0 1 1.63 1.86 -0.24</i>
                <i>1 0 0 0 1 0 0 0 1 1.63 1.86 -0.24</i>
                <i>1 0 0 0 1 0 0 0 1 1.63 1.86 -0.24</i>
                <i>1 0 0 0 1 0 0 0 1 1.63 1.86 -0.24</i>
                <i>1 0 0 0 1 0 0 0 1 1.63 1.86 -0.24</i>
                <i>1 0 0 0 1 0 0 0 1 1.63 1.86 -0.24</i>
                <i>1 0 0 0 1 0 0 0 1 1.63 1.86 -0.24</i>
                <i>1 0 0 0 1 0 0 0 1 1.63 1.86 -0.24</i>
                <i>1 0 0 0 1 0 0 0 1 1.63 1.86 -0.24</i>
                <i>1 0 0 0 1 0 0 0 1 1.63 1.86 -0.24</i>
                <i>1 0 0 0 1 0 0 0 1 1.63 1.86 -0.24</i>
                <i>1 0 0 0 1 0 0 0 1 1.63 1.86 -0.24</i>
                <i>1 0 0 0 1 0 0 0 1 1.63 1.86 -0.24</i>
                <i>1 0 0 0 1 0 0 0 1 1.63 1.86 -0.24</i>
                <i>1 0 0 0 1 0 0 0 1 1.63 1.86 -0.24</i>
                <i>1 0 0 0 1 0 0 0 1 1.63 1.86 -0.24</i>
                <i>1 0 0 0 1 0 0 0 1 1.63 1.86 -0.24</i>
                <i>1 0 0 0 1 0 0 0 1 1.63 1.86 -0.24</i>
                <i>1 0 0 0 1 0 0 0 1 1.63 1.86 -0.24</i>
                <i>1 0 0 0 1 0 0 0 1 1.63 1.86 -0.24</i>
                <i>1 0 0 0 1 0 0 0 1 1.63 1.86 -0.24</i>
                <i>1 0 0 0 1 0 0 0 1 1.63 1.86 -0.24</i>
                <i>1 0 0 0 1 0 0 0 1 1.63 1.86 -0.24</i>
                <i>1 0 0 0 1 0 0 0 1 1.63 1.86 -0.24</i>
                <i>1 0 0 0 1 0 0 0 1 1.63 1.86 -0.24</i>
                <i>1 0 0 0 1 0 0 0 1 1.63 1.86 -0.24</i>
                <i>1 0 0 0 1 0 0 0 1 1.63 1.86 -0.24</i>
                <i>1 0 0 0 1 0 0 0 1 1.63 1.86 -0.24</i>
                <i>1 0 0 0 1 0 0 0 1 1.63 1.86 -0.24</i>
                <i>1 0 0 0 1 0 0 0 1 1.63 1.86 -0.24</i>
                <i>1 0 0 0 1 0 0 0 1 1.63 1.86 -0.24</i>
                <i>1 0 0 0 1 0 0 0 1 1.63 1.86 -0.24</i>
                <i>1 0 0 0 1 0 0 0 1 1.63 1.86 -0.24</i>
                <i>1 0 0 0 1 0 0 0 1 1.63 1.86 -0.24</i>
                <i>1 0 0 0 1 0 0 0 1 1.63 1.86 -0.24</i>
                <i>1 0 0 0 1 0 0 0 1 1.63 1.86 -0.24</i>
                <i>1 0 0 0 1 0 0 0 1 1.63 1.86 -0.24</i>
                <i>1 0 0 0 1 0 0 0 1 1.63 1.86 -0.24</i>
                <i>1 0 0 0 1 0 0 0 1 1.63 1.86 -0.24</i>
                <i>1 0 0 0 1 0 0 0 1 1.63 1.86 -0.24</i>
                <i>1 0 0 0 1 0 0 0 1 1.63 1.86 -0.24</i>
                <i>1 0 0 0 1 0 0 0 1 1.63 1.86 -0.24</i>
                <i>1 0 0 0 1 0 0 0 1 1.63 1.86 -0.24</i>
                <i>1 0 0 0 1 0 0 0 1 1.63 1.86 -0.24</i>
                <i>1 0 0 0 1 0 0 0 1 1.63 1.86 -0.24</i>
                <i>1 0 0 0 1 0 0 0 1 1.63 1.86 -0.24</i>
                <i>1 0 0 0 1 0 0 0 1 1.63 1.86 -0.24</i>
                <i>1 0 0 0 1 0 0 0 1 1.63 1.86 -0.24</i>
                <i>1 0 0 0 1 0 0 0 1 1.63 1.86 -0.24</i>
                <i>1 0 0 0 1 0 0 0 1 1.63 1.86 -0.24</i>
                <i>1 0 0 0 1 0 0 0 1 1.63 1.86 -0.24</i>
                <i>1 0 0 0 1 0 0 0 1 1.63 1.86 -0.24</i>
                <i>1 0 0 0 1 0 0 0 1 1.63 1.86 -0.24</i>
                <i>1 0 0 0 1 0 0 0 1 1.63 1.86 -0.24</i>
                <i>1 0 0 0 1 0 0 0 1 1.63 1.86 -0.24</i>
                <i>1 0 0 0 1 0 0 0 1 1.63 1.86 -0.24</i>
                <i>1 0 0 0 1 0 0 0 1 1.63 1.86 -0.24</i>
                <i>1 0 0 0 1 0 0 0 1 1.63 1.86 -0.24</i>
                <i>1 0 0 0 1 0 0 0 1 1.63 1.86 -0.24</i>
                <i>1 0 0 0 1 0 0 0 1 1.63 1.86 -0.24</i>
                <i>1 0 0 0 1 0 0 0 1 1.63 1.86 -0.24</i>
                <i>1 0 0 0 1 0 0 0 1 1.63 1.86 -0.24</i>
                <i>1 0 0 0 1 0 0 0 1 1.63 1.86 -0.24</i>
                <i>1 0 0 0 1 0 0 0 1 1.63 1.86 -0.24</i>
                <i>1 0 0 0 1 0 0 0 1 1.63 1.86 -0.24</i>
                <i>1 0 0 0 1 0 0 0 1 1.63 1.86 -0.24</i>
                <i>1 0 0 0 1 0 0 0 1 1.63 1.86 -0.24</i>
                <i>1 0 0 0 1 0 0 0 1 1.63 1.86 -0.24</i>
                <i>1 0 0 0 1 0 0 0 1 1.63 1.86 -0.24</i>
                <i>1 0 0 0 1 0 0 0 1 1.63 1.86 -0.24</i>
                <i>1 0 0 0 1 0 0 0 1 1.63 1.86 -0.24</i>
                <i>1 0 0 0 1 0 0 0 1 1.63 1.86 -0.24</i>
                <i>1 0 0 0 1 0 0 0 1 1.63 1.86 -0.24</i>
                <i>1 0 0 0 1 0 0 0 1 1.63 1.86 -0.24</i>
                <i>1 0 0 0 1 0 0 0 1 1.63 1.86 -0.24</i>
                <i>1 0 0 0 1 0 0 0 1 1.63 1.86 -0.24</i>
                <i>1 0 0 0 1 0 0 0 1 1.63 1.86 -0.24</i>
                <i>1 0 0 0 1 0 0 0 1 1.63 1.86 -0.24</i>
                <i>1 0 0 0 1 0 0 0 1 1.63 1.86 -0.24</i>
                <i>1 0 0 0 1 0 0 0 1 1.63 1.86 -0.24</i>
                <i>1 0 0 0 1 0 0 0 1 1.63 1.86 -0.24</i>
                <i>1 0 0 0 1 0 0 0 1 1.63 1.86 -0.24</i>
                <i>1 0 0 0 1 0 0 0 1 1.63 1.86 -0.24</i>
                <i>1 0 0 0 1 0 0 0 1 1.63 1.86 -0.24</i>
                <i>1 0 0 0 1 0 0 0 1 1.63 1.86 -0.24</i>
                <i>1 0 0 0 1 0 0 0 1 1.63 1.86 -0.24</i>
                <i>1 0 0 0 1 0 0 0 1 1.63 1.86 -0.24</i>
                <i>1 0 0 0 1 0 0 0 1 1.63 1.86 -0.24</i>
                <i>1 0 0 0 1 0 0 0 1 1.63 1.86 -0.24</i>
                <i>1 0 0 0 1 0 0 0 1 1.63 1.86 -0.24</i>
                <i>1 0 0 0 1 0 0 0 1 1.63 1.86 -0.24</i>
                <i>1 0 0 0 1 0 0 0 1 1.63 1.86 -0.24</i>
                <i>1 0 0 0 1 0 0 0 1 1.63 1.86 -0.24</i>
                <i>1 0 0 0 1 0 0 0 1 1.63 1.86 -0.24</i>
                <i>1 0 0 0 1 0 0 0 1 1.63 1.86 -0.24</i>
                <i>1 0 0 0 1 0 0 0 1 1.63 1.86 -0.24</i>
                <i>1 0 0 0 1 0 0 0 1 1.63 1.86 -0.24</i>
                <i>1 0 0 0 1 0 0 0 1 1.63 1.86 -0.24</i>
                <i>1 0 0 0 1 0 0 0 1 1.63 1.86 -0.24</i>
                <i>1 0 0 0 1 0 0 0 1 1.63 1.86 -0.24</i>
                <i>1 0 0 0 1 0 0 0 1 1.63 1.86 -0.24</i>
                <i>1 0 0 0 1 0 0 0 1 1.63 1.86 -0.24</i>
                <i>1 0 0 0 1 0 0 0 1 1.63 1.86 -0.24</i>
                <i>1 0 0 0 1 0 0 0 1 1.63 1.86 -0.24</i>
                <i>1 0 0 0 1 0 0 0 1 1.63 1.86 -0.24</i>
                <i>1 0 0 0 1 0 0 0 1 1.63 1.86 -0.24</i>
                <i>1 0 0 0 1 0 0 0 1 1.63 1.86 -0.24</i>
                <i>1 0 0 0 1 0 0 0 1 1.63 1.86 -0.24</i>
            </KeyFrames>
        </RefFrame>
        <Bones count="23">
            <i>
                <p>
                    <Name><![CDATA[pelvis]]></Name>
                    <Exclude>0</Exclude>
                    <Additive>0</Additive>
                    <IKPriority>0</IKPriority>
                    <IKRotLimits>-1e+010 -1e+010 -1e+010 1e+010 1e+010 1e+010</IKRotLimits>
                    <IKRotLimitOrder>2</IKRotLimitOrder>
                    <KeyFrames count="160">
                        <i>1 0 0 0 1 0 0 0 1 1.60103 2.69606 -0.175487</i>
                        <i>1 0 0 0 1 0 0 0 1 1.67482 2.72003 -0.242921</i>
                        <i>1 0 0 0 1 0 0 0 1 1.68782 2.7736 -0.249803</i>
                        <i>1 0 0 0 1 0 0 0 1 1.70116 2.82843 -0.259974</i>
                        <i>1 0 0 0 1 0 0 0 1 1.70801 2.85615 -0.272356</i>
                        <i>1 0 0 0 1 0 0 0 1 1.70604 2.84764 -0.289716</i>
                        <i>1 0 0 0 1 0 0 0 1 1.69942 2.82027 -0.312128</i>
                        <i>1 0 0 0 1 0 0 0 1 1.69107 2.78538 -0.334473</i>
                        <i>1 0 0 0 1 0 0 0 1 1.68392 2.75431 -0.351634</i>
                        <i>1 0 0 0 1 0 0 0 1 1.68089 2.73841 -0.358491</i>
                        <i>1 0 0 0 1 0 0 0 1 1.68089 2.74229 -0.358491</i>
                        <i>1 0 0 0 1 0 0 0 1 1.68089 2.75839 -0.358491</i>
                        <i>1 0 0 0 1 0 0 0 1 1.68089 2.77979 -0.358491</i>
                        <i>1 0 0 0 1 0 0 0 1 1.68089 2.79954 -0.358491</i>
                        <i>1 0 0 0 1 0 0 0 1 1.68089 2.81074 -0.358491</i>
                        <i>1 0 0 0 1 0 0 0 1 1.68089 2.81108 -0.358491</i>
                        <i>1 0 0 0 1 0 0 0 1 1.68089 2.80519 -0.358491</i>
                        <i>1 0 0 0 1 0 0 0 1 1.68089 2.79649 -0.358491</i>
                        <i>1 0 0 0 1 0 0 0 1 1.68089 2.78842 -0.358491</i>
                        <i>1 0 0 0 1 0 0 0 1 1.68089 2.78441 -0.358491</i>
                        <i>1 0 0 0 1 0 0 0 1 1.68089 2.78408 -0.358491</i>
                        <i>1 0 0 0 1 0 0 0 1 1.68089 2.78465 -0.358491</i>
                        <i>1 0 0 0 1 0 0 0 1 1.68089 2.78593 -0.358491</i>
                        <i>1 0 0 0 1 0 0 0 1 1.68089 2.78771 -0.358491</i>
                        <i>1 0 0 0 1 0 0 0 1 1.68089 2.7898 -0.358491</i>
                        <i>1 0 0 0 1 0 0 0 1 1.68089 2.79201 -0.358491</i>
                        <i>1 0 0 0 1 0 0 0 1 1.68089 2.79414 -0.358491</i>
                        <i>1 0 0 0 1 0 0 0 1 1.68089 2.796 -0.358491</i>
                        <i>1 0 0 0 1 0 0 0 1 1.68089 2.79738 -0.358491</i>
                        <i>1 0 0 0 1 0 0 0 1 1.68089 2.7981 -0.358491</i>
                        <i>1 0 0 0 1 0 0 0 1 1.68089 2.79744 -0.358491</i>
                        <i>1 0 0 0 1 0 0 0 1 1.68089 2.79538 -0.358491</i>
                        <i>1 0 0 0 1 0 0 0 1 1.68089 2.79274 -0.358491</i>
                        <i>1 0 0 0 1 0 0 0 1 1.68089 2.79033 -0.358491</i>
                        <i>1 0 0 0 1 0 0 0 1 1.68089 2.78898 -0.358491</i>
                        <i>1 0 0 0 1 0 0 0 1 1.68089 2.78951 -0.358491</i>
                        <i>1 0 0 0 1 0 0 0 1 1.68089 2.79463 -0.358491</i>
                        <i>1 0 0 0 1 0 0 0 1 1.68089 2.80358 -0.358491</i>
                        <i>1 0 0 0 1 0 0 0 1 1.68089 2.81201 -0.358491</i>
                        <i>1 0 0 0 1 0 0 0 1 1.68089 2.81554 -0.358491</i>
                        <i>1 0 0 0 1 0 0 0 1 1.68089 2.81484 -0.358491</i>
                        <i>1 0 0 0 1 0 0 0 1 1.68089 2.81349 -0.358491</i>
                        <i>1 0 0 0 1 0 0 0 1 1.68089 2.81152 -0.358491</i>
                        <i>1 0 0 0 1 0 0 0 1 1.68089 2.809 -0.358491</i>
                        <i>1 0 0 0 1 0 0 0 1 1.68089 2.80595 -0.358491</i>
                        <i>1 0 0 0 1 0 0 0 1 1.68089 2.80243 -0.358491</i>
                        <i>1 0 0 0 1 0 0 0 1 1.68089 2.79847 -0.358491</i>
                        <i>1 0 0 0 1 0 0 0 1 1.68089 2.79411 -0.358491</i>
                        <i>1 0 0 0 1 0 0 0 1 1.68089 2.78941 -0.358491</i>
                        <i>1 0 0 0 1 0 0 0 1 1.68089 2.78441 -0.358491</i>
                        <i>1 0 0 0 1 0 0 0 1 1.68089 2.77591 -0.358491</i>
                        <i>1 0 0 0 1 0 0 0 1 1.68089 2.76325 -0.358491</i>
                        <i>1 0 0 0 1 0 0 0 1 1.68089 2.75024 -0.358491</i>
                        <i>1 0 0 0 1 0 0 0 1 1.68089 2.74069 -0.358491</i>
                        <i>1 0 0 0 1 0 0 0 1 1.68089 2.73841 -0.358491</i>
                        <i>1 0 0 0 1 0 0 0 1 1.6806 2.74067 -0.358476</i>
                        <i>1 0 0 0 1 0 0 0 1 1.67982 2.7534 -0.358435</i>
                        <i>1 0 0 0 1 0 0 0 1 1.67867 2.77224 -0.358374</i>
                        <i>1 0 0 0 1 0 0 0 1 1.67727 2.79281 -0.358299</i>
                        <i>1 0 0 0 1 0 0 0 1 1.67576 2.81074 -0.358219</i>
                        <i>1 0 0 0 1 0 0 0 1 1.67424 2.82878 -0.358138</i>
                        <i>1 0 0 0 1 0 0 0 1 1.67284 2.84987 -0.358064</i>
                        <i>1 0 0 0 1 0 0 0 1 1.67169 2.86985 -0.358003</i>
                        <i>1 0 0 0 1 0 0 0 1 1.67091 2.88455 -0.357961</i>
                        <i>1 0 0 0 1 0 0 0 1 1.67062 2.88981 -0.357946</i>
                        <i>1 0 0 0 1 0 0 0 1 1.6707 2.88689 -0.35795</i>
                        <i>1 0 0 0 1 0 0 0 1 1.67091 2.88038 -0.357961</i>
                        <i>1 0 0 0 1 0 0 0 1 1.67125 2.8711 -0.357979</i>
                        <i>1 0 0 0 1 0 0 0 1 1.67169 2.85988 -0.358003</i>
                        <i>1 0 0 0 1 0 0 0 1 1.67223 2.84754 -0.358031</i>
                        <i>1 0 0 0 1 0 0 0 1 1.67284 2.83492 -0.358064</i>
                        <i>1 0 0 0 1 0 0 0 1 1.67351 2.82284 -0.3581</i>
                        <i>1 0 0 0 1 0 0 0 1 1.67424 2.81212 -0.358138</i>
                        <i>1 0 0 0 1 0 0 0 1 1.67499 2.8036 -0.358178</i>
                        <i>1 0 0 0 1 0 0 0 1 1.67576 2.7981 -0.358219</i>
                        <i>1 0 0 0 1 0 0 0 1 1.67652 2.79564 -0.35826</i>
                        <i>1 0 0 0 1 0 0 0 1 1.67727 2.79538 -0.358299</i>
                        <i>1 0 0 0 1 0 0 0 1 1.678 2.79684 -0.358338</i>
                        <i>1 0 0 0 1 0 0 0 1 1.67867 2.79955 -0.358374</i>
                        <i>1 0 0 0 1 0 0 0 1 1.67928 2.80304 -0.358406</i>
                        <i>1 0 0 0 1 0 0 0 1 1.67982 2.80683 -0.358435</i>
                        <i>1 0 0 0 1 0 0 0 1 1.68026 2.81044 -0.358458</i>
                        <i>1 0 0 0 1 0 0 0 1 1.6806 2.81342 -0.358476</i>
                        <i>1 0 0 0 1 0 0 0 1 1.68081 2.81528 -0.358487</i>
                        <i>1 0 0 0 1 0 0 0 1 1.68089 2.81554 -0.358491</i>
                        <i>1 0 0 0 1 0 0 0 1 1.68089 2.81418 -0.358491</i>
                        <i>1 0 0 0 1 0 0 0 1 1.68089 2.81164 -0.358491</i>
                        <i>1 0 0 0 1 0 0 0 1 1.68089 2.80823 -0.358491</i>
                        <i>1 0 0 0 1 0 0 0 1 1.68089 2.80423 -0.358491</i>
                        <i>1 0 0 0 1 0 0 0 1 1.68089 2.79995 -0.358491</i>
                        <i>1 0 0 0 1 0 0 0 1 1.68089 2.79566 -0.358491</i>
                        <i>1 0 0 0 1 0 0 0 1 1.68089 2.79168 -0.358491</i>
                        <i>1 0 0 0 1 0 0 0 1 1.68089 2.78828 -0.358491</i>
                        <i>1 0 0 0 1 0 0 0 1 1.68089 2.78576 -0.358491</i>
                        <i>1 0 0 0 1 0 0 0 1 1.68089 2.78441 -0.358491</i>
                        <i>1 0 0 0 1 0 0 0 1 1.68089 2.77591 -0.358491</i>
                        <i>1 0 0 0 1 0 0 0 1 1.68089 2.76325 -0.358491</i>
                        <i>1 0 0 0 1 0 0 0 1 1.68089 2.75024 -0.358491</i>
                        <i>1 0 0 0 1 0 0 0 1 1.68089 2.74069 -0.358491</i>
                        <i>1 0 0 0 1 0 0 0 1 1.68089 2.73841 -0.358491</i>
                        <i>1 0 0 0 1 0 0 0 1 1.68089 2.74235 -0.358491</i>
                        <i>1 0 0 0 1 0 0 0 1 1.68089 2.75846 -0.358491</i>
                        <i>1 0 0 0 1 0 0 0 1 1.68089 2.77983 -0.358491</i>
                        <i>1 0 0 0 1 0 0 0 1 1.68089 2.79956 -0.358491</i>
                        <i>1 0 0 0 1 0 0 0 1 1.68089 2.81074 -0.358491</i>
                        <i>1 0 0 0 1 0 0 0 1 1.68089 2.81094 -0.358491</i>
                        <i>1 0 0 0 1 0 0 0 1 1.68089 2.80478 -0.358491</i>
                        <i>1 0 0 0 1 0 0 0 1 1.68089 2.79589 -0.358491</i>
                        <i>1 0 0 0 1 0 0 0 1 1.68089 2.78788 -0.358491</i>
                        <i>1 0 0 0 1 0 0 0 1 1.68089 2.78441 -0.358491</i>
                        <i>1 0 0 0 1 0 0 0 1 1.68089 2.78441 -0.358491</i>
                        <i>1 0 0 0 1 0 0 0 1 1.68089 2.78441 -0.358491</i>
                        <i>1 0 0 0 1 0 0 0 1 1.68089 2.78441 -0.358491</i>
                        <i>1 0 0 0 1 0 0 0 1 1.68089 2.78441 -0.358491</i>
                        <i>1 0 0 0 1 0 0 0 1 1.68089 2.78441 -0.358491</i>
                        <i>1 0 0 0 1 0 0 0 1 1.68089 2.78408 -0.358491</i>
                        <i>1 0 0 0 1 0 0 0 1 1.68089 2.78465 -0.358491</i>
                        <i>1 0 0 0 1 0 0 0 1 1.68089 2.78593 -0.358491</i>
                        <i>1 0 0 0 1 0 0 0 1 1.68089 2.78771 -0.358491</i>
                        <i>1 0 0 0 1 0 0 0 1 1.68089 2.7898 -0.358491</i>
                        <i>1 0 0 0 1 0 0 0 1 1.68089 2.79201 -0.358491</i>
                        <i>1 0 0 0 1 0 0 0 1 1.68089 2.79414 -0.358491</i>
                        <i>1 0 0 0 1 0 0 0 1 1.68089 2.796 -0.358491</i>
                        <i>1 0 0 0 1 0 0 0 1 1.68089 2.79738 -0.358491</i>
                        <i>1 0 0 0 1 0 0 0 1 1.68089 2.7981 -0.358491</i>
                        <i>1 0 0 0 1 0 0 0 1 1.68089 2.79744 -0.358491</i>
                        <i>1 0 0 0 1 0 0 0 1 1.68089 2.79538 -0.358491</i>
                        <i>1 0 0 0 1 0 0 0 1 1.68089 2.79274 -0.358491</i>
                        <i>1 0 0 0 1 0 0 0 1 1.68089 2.79033 -0.358491</i>
                        <i>1 0 0 0 1 0 0 0 1 1.68089 2.78898 -0.358491</i>
                        <i>1 0 0 0 1 0 0 0 1 1.68089 2.78951 -0.358491</i>
                        <i>1 0 0 0 1 0 0 0 1 1.68089 2.79463 -0.358491</i>
                        <i>1 0 0 0 1 0 0 0 1 1.68089 2.80358 -0.358491</i>
                        <i>1 0 0 0 1 0 0 0 1 1.68089 2.81201 -0.358491</i>
                        <i>1 0 0 0 1 0 0 0 1 1.68089 2.81554 -0.358491</i>
                        <i>1 0 0 0 1 0 0 0 1 1.68089 2.80623 -0.358491</i>
                        <i>1 0 0 0 1 0 0 0 1 1.68089 2.79054 -0.358491</i>
                        <i>1 0 0 0 1 0 0 0 1 1.68089 2.77264 -0.358491</i>
                        <i>1 0 0 0 1 0 0 0 1 1.68089 2.75668 -0.358491</i>
                        <i>1 0 0 0 1 0 0 0 1 1.68089 2.74681 -0.358491</i>
                        <i>1 0 0 0 1 0 0 0 1 1.67865 2.74781 -0.353367</i>
                        <i>1 0 0 0 1 0 0 0 1 1.67258 2.75655 -0.339459</i>
                        <i>1 0 0 0 1 0 0 0 1 1.66364 2.76539 -0.318962</i>
                        <i>1 0 0 0 1 0 0 0 1 1.65278 2.76665 -0.294073</i>
                        <i>1 0 0 0 1 0 0 0 1 1.64096 2.7579 -0.266989</i>
                        <i>1 0 0 0 1 0 0 0 1 1.62914 2.74384 -0.239904</i>
                        <i>1 0 0 0 1 0 0 0 1 1.61828 2.72755 -0.215015</i>
                        <i>1 0 0 0 1 0 0 0 1 1.60933 2.7121 -0.194519</i>
                        <i>1 0 0 0 1 0 0 0 1 1.60326 2.70058 -0.180611</i>
                        <i>1 0 0 0 1 0 0 0 1 1.60103 2.69606 -0.175487</i>
                        <i>1 0 0 0 1 0 0 0 1 1.60103 2.69606 -0.175487</i>
                        <i>1 0 0 0 1 0 0 0 1 1.60103 2.69606 -0.175487</i>
                        <i>1 0 0 0 1 0 0 0 1 1.60103 2.69606 -0.175487</i>
                        <i>1 0 0 0 1 0 0 0 1 1.60103 2.69606 -0.175487</i>
                        <i>1 0 0 0 1 0 0 0 1 1.60103 2.69606 -0.175487</i>
                        <i>1 0 0 0 1 0 0 0 1 1.60103 2.69606 -0.175487</i>
                        <i>1 0 0 0 1 0 0 0 1 1.60103 2.69606 -0.175487</i>
                        <i>1 0 0 0 1 0 0 0 1 1.60103 2.69606 -0.175487</i>
                        <i>1 0 0 0 1 0 0 0 1 1.60103 2.69606 -0.175487</i>
                        <i>1 0 0 0 1 0 0 0 1 1.60103 2.69606 -0.175487</i>
                    </KeyFrames>
                </p>
            </i>
            <i>
                <p>
                    <Name><![CDATA[spine0]]></Name>
                    <Exclude>0</Exclude>
                    <Additive>0</Additive>
                    <IKPriority>0</IKPriority>
                    <IKRotLimits>-1e+010 -1e+010 -1e+010 1e+010 1e+010 1e+010</IKRotLimits>
                    <IKRotLimitOrder>0</IKRotLimitOrder>
                    <KeyFrames count="160">
                        <i>-0.327417 0.943437 0.0522081 -0.365767 -0.075605 -0.92763 -0.871213 -0.322818 0.369833 1.62025 2.83542 -0.205593</i>
                        <i>-0.308127 0.951331 -0.00525728 -0.0727119 -0.02906 -0.99693 -0.948562 -0.306799 0.0781272 1.70066 2.8604 -0.260881</i>
                        <i>-0.299342 0.953483 -0.0355464 -0.0571595 -0.0551078 -0.996843 -0.952432 -0.296365 0.0709967 1.70556 2.91429 -0.274056</i>
                        <i>-0.288837 0.95505 -0.0667239 -0.0413699 -0.08208 -0.995767 -0.956484 -0.284853 0.0632181 1.71104 2.96857 -0.290944</i>
                        <i>-0.276542 0.957342 -0.0837935 -0.026287 -0.0946969 -0.995159 -0.960642 -0.273 0.0513532 1.71466 2.99573 -0.306534</i>
                        <i>-0.253324 0.963796 -0.0832143 -0.0050427 -0.0873346 -0.996166 -0.967368 -0.251933 0.026984 1.71714 2.98745 -0.321758</i>
                        <i>-0.222731 0.972417 -0.0692541 0.021574 -0.0661046 -0.997579 -0.974641 -0.223686 -0.00625541 1.72032 2.96013 -0.338585</i>
                        <i>-0.198252 0.979123 -0.0448806 0.0462587 -0.0363916 -0.998266 -0.979059 -0.199985 -0.0380782 1.72329 2.92428 -0.353588</i>
                        <i>-0.184406 0.982682 -0.0181972 0.0640375 -0.00646251 -0.997927 -0.980762 -0.185189 -0.0617367 1.72535 2.89154 -0.363799</i>
                        <i>-0.181744 0.983342 0.00270235 0.0708541 0.0158364 -0.997361 -0.98079 -0.181073 -0.072552 1.72614 2.87474 -0.36638</i>
                        <i>-0.187787 0.981936 0.0232003 0.0695215 0.0368493 -0.9969 -0.979746 -0.185592 -0.0751854 1.72616 2.87875 -0.363614</i>
                        <i>-0.199699 0.978595 0.0497102 0.0662114 0.0640929 -0.995745 -0.977618 -0.195558 -0.0775935 1.72611 2.89495 -0.360233</i>
                        <i>-0.216525 0.973262 0.0766686 0.0619816 0.0920775 -0.993821 -0.974307 -0.210435 -0.0802614 1.72602 2.91638 -0.35693</i>
                        <i>-0.237305 0.966427 0.098512 0.0578756 0.115294 -0.991644 -0.96971 -0.22962 -0.0832923 1.7259 2.93612 -0.354399</i>
                        <i>-0.261026 0.959076 0.109725 0.0549292 0.128238 -0.990221 -0.963768 -0.252446 -0.0861546 1.72578 2.94732 -0.353339</i>
                        <i>-0.281039 0.954165 0.102888 0.0539286 0.122741 -0.990972 -0.95818 -0.272953 -0.0859518 1.72565 2.94774 -0.354574</i>
                        <i>-0.293642 0.952469 0.0810968 0.0544661 0.10137 -0.993357 -0.954363 -0.287274 -0.0816438 1.72553 2.94194 -0.357657</i>
                        <i>-0.301961 0.951776 0.0542381 0.0557899 0.074439 -0.995664 -0.951686 -0.297626 -0.0755771 1.72543 2.93325 -0.361368</i>
                        <i>-0.308237 0.950778 0.0317907 0.0571356 0.0518599 -0.997019 -0.949592 -0.305501 -0.0703084 1.72535 2.92511 -0.364487</i>
                        <i>-0.313741 0.949231 0.0229711 0.057726 0.0432163 -0.997397 -0.947752 -0.311598 -0.068354 1.72532 2.92104 -0.365796</i>
                        <i>-0.309067 0.95077 0.0226529 0.058542 0.0427933 -0.997367 -0.949237 -0.306927 -0.068886 1.72627 2.92041 -0.365716</i>
                        <i>-0.290238 0.956737 0.0204244 0.060632 0.0396854 -0.997371 -0.955032 -0.288236 -0.0695271 1.7287 2.92016 -0.365506</i>
                        <i>-0.266133 0.963778 0.0174868 0.0633119 0.0355787 -0.997359 -0.961855 -0.264323 -0.0704872 1.73201 2.92023 -0.365216</i>
                        <i>-0.245384 0.96931 0.0149976 0.0660523 0.0321519 -0.997298 -0.967173 -0.24373 -0.0719147 1.73557 2.92062 -0.364895</i>
                        <i>-0.235481 0.971778 0.0140016 0.0685483 0.030978 -0.997167 -0.969459 -0.233854 -0.0739084 1.7388 2.92135 -0.364597</i>
                        <i>-0.239095 0.970881 0.0149583 0.0705699 0.0327392 -0.996969 -0.968428 -0.237315 -0.0763428 1.74115 2.92251 -0.364376</i>
                        <i>-0.254253 0.966979 0.0175393 0.0717003 0.0369317 -0.996742 -0.964476 -0.252167 -0.0787227 1.74205 2.92423 -0.36429</i>
                        <i>-0.272431 0.961959 0.0204274 0.0716266 0.0414473 -0.99657 -0.959506 -0.270033 -0.0801933 1.74149 2.92634 -0.364344</i>
                        <i>-0.287028 0.957653 0.0227297 0.0705614 0.0448005 -0.996501 -0.95532 -0.28442 -0.0804323 1.73999 2.92841 -0.364486</i>
                        <i>-0.297694 0.954352 0.024305 0.0687144 0.0468137 -0.996537 -0.952185 -0.294993 -0.0795139 1.7378 2.93008 -0.364691</i>
                        <i>-0.304681 0.952124 0.0250838 0.0663739 0.047497 -0.996664 -0.950139 -0.302 -0.0776676 1.73518 2.93051 -0.364931</i>
                        <i>-0.307801 0.951124 0.0249194 0.0638576 0.0467832 -0.996862 -0.949305 -0.305244 -0.0751364 1.7324 2.92954 -0.365181</i>
                        <i>-0.309395 0.950625 0.0242412 0.061495 0.0454402 -0.997073 -0.948943 -0.306999 -0.0725176 1.72974 2.92787 -0.365416</i>
                        <i>-0.31144 0.949972 0.0236303 0.0595428 0.0443267 -0.997241 -0.948398 -0.309174 -0.0703691 1.72748 2.92625 -0.365612</i>
                        <i>-0.313086 0.949442 0.0231617 0.0582162 0.0435278 -0.997355 -0.947939 -0.310909 -0.0689008 1.72591 2.92542 -0.365746</i>
                        <i>-0.313741 0.949231 0.0229711 0.057726 0.0432163 -0.997397 -0.947752 -0.311598 -0.068354 1.72532 2.92614 -0.365796</i>
                        <i>-0.313741 0.949231 0.0229711 0.057726 0.0432163 -0.997397 -0.947752 -0.311598 -0.068354 1.72532 2.93126 -0.365796</i>
                        <i>-0.313741 0.949231 0.0229711 0.057726 0.0432163 -0.997397 -0.947752 -0.311598 -0.068354 1.72532 2.94021 -0.365796</i>
                        <i>-0.313741 0.949231 0.0229711 0.057726 0.0432163 -0.997397 -0.947752 -0.311598 -0.068354 1.72532 2.94864 -0.365796</i>
                        <i>-0.313741 0.949231 0.0229711 0.057726 0.0432163 -0.997397 -0.947752 -0.311598 -0.068354 1.72532 2.95218 -0.365796</i>
                        <i>-0.313953 0.949164 0.0228535 0.05736 0.0429884 -0.997428 -0.947704 -0.311834 -0.0679403 1.72488 2.95161 -0.365833</i>
                        <i>-0.314551 0.948973 0.0225347 0.0563743 0.0423734 -0.99751 -0.947565 -0.312497 -0.0668263 1.72369 2.95063 -0.365934</i>
                        <i>-0.315494 0.948671 0.022066 0.0549416 0.0414764 -0.997628 -0.947336 -0.313533 -0.0652071 1.72192 2.9492 -0.366081</i>
                        <i>-0.316738 0.948269 0.0214991 0.0532326 0.0404018 -0.997764 -0.947018 -0.314885 -0.0632757 1.71977 2.94729 -0.366258</i>
                        <i>-0.318213 0.947789 0.0208859 0.0514102 0.0392509 -0.997906 -0.946624 -0.316473 -0.0612162 1.71743 2.94487 -0.366448</i>
                        <i>-0.319812 0.947264 0.0202783 0.0496269 0.0381202 -0.99804 -0.94618 -0.318179 -0.0592011 1.71509 2.94192 -0.366634</i>
                        <i>-0.321386 0.946743 0.0197272 0.0480253 0.0371014 -0.998157 -0.94573 -0.319846 -0.0573914 1.71294 2.93846 -0.366802</i>
                        <i>-0.322745 0.946289 0.0192818 0.0467398 0.0362818 -0.998248 -0.945331 -0.321279 -0.0559392 1.71119 2.93449 -0.366938</i>
                        <i>-0.32368 0.945976 0.0189901 0.0459012 0.0357464 -0.998306 -0.945052 -0.32226 -0.0549919 1.71003 2.93003 -0.367026</i>
                        <i>-0.323978 0.945876 0.0188993 0.0456407 0.0355799 -0.998324 -0.944963 -0.322573 -0.0546976 1.70967 2.9251 -0.367054</i>
                        <i>-0.315457 0.948767 0.018107 0.0472204 0.0347524 -0.99828 -0.947764 -0.31406 -0.0557641 1.71154 2.91622 -0.36691</i>
                        <i>-0.295055 0.955344 0.016122 0.0507906 0.0325314 -0.998179 -0.954129 -0.293699 -0.058121 1.71584 2.90257 -0.366574</i>
                        <i>-0.269789 0.962824 0.0135326 0.0548514 0.0293976 -0.998062 -0.961356 -0.268524 -0.0607434 1.72089 2.88821 -0.366166</i>
                        <i>-0.245047 0.969453 0.0106542 0.0580917 0.0256515 -0.997982 -0.967769 -0.243933 -0.062603 1.72507 2.8774 -0.365818</i>
                        <i>-0.224961 0.974338 0.00757999 0.0594297 0.0214856 -0.998001 -0.972554 -0.224061 -0.0627381 1.72681 2.87456 -0.365669</i>
                        <i>-0.200338 0.979723 0.00270126 0.0595301 0.014925 -0.998115 -0.977917 -0.1998 -0.0613131 1.72648 2.87683 -0.365658</i>
                        <i>-0.167248 0.985907 -0.00396557 0.0596343 0.00610126 -0.998202 -0.98411 -0.167184 -0.0598143 1.72559 2.8896 -0.365626</i>
                        <i>-0.132572 0.991112 -0.0109821 0.0597279 -0.00307148 -0.99821 -0.989372 -0.132991 -0.0587899 1.72427 2.9085 -0.365579</i>
                        <i>-0.101979 0.994639 -0.0171565 0.0597981 -0.011086 -0.998149 -0.992988 -0.102816 -0.058347 1.72267 2.92913 -0.365522</i>
                        <i>-0.0800376 0.996559 -0.0215282 0.059828 -0.0167558 -0.998068 -0.994995 -0.0811709 -0.0582811 1.72094 2.94713 -0.36546</i>
                        <i>-0.0700659 0.997267 -0.0234249 0.0597976 -0.0192414 -0.998025 -0.995748 -0.0713283 -0.058286 1.7192 2.96525 -0.365398</i>
                        <i>-0.0702348 0.997259 -0.0232742 0.0597138 -0.0190868 -0.998033 -0.995742 -0.0714864 -0.0582096 1.7176 2.9864 -0.365342</i>
                        <i>-0.0767128 0.996813 -0.0218965 0.0596008 -0.0173374 -0.998072 -0.99527 -0.0778699 -0.0580809 1.71628 3.00643 -0.365295</i>
                        <i>-0.0842026 0.996241 -0.0203601 0.0594998 -0.0153694 -0.99811 -0.994671 -0.0852549 -0.057982 1.71539 3.02116 -0.365263</i>
                        <i>-0.0863897 0.996063 -0.0198969 0.0594655 -0.0147805 -0.998121 -0.994485 -0.0874106 -0.0579545 1.71506 3.02644 -0.365251</i>
                        <i>-0.0769968 0.996811 -0.0209609 0.0599037 -0.0163602 -0.99807 -0.99523 -0.0781038 -0.058453 1.71608 3.02322 -0.365174</i>
                        <i>-0.0594413 0.997976 -0.0225987 0.060927 -0.0189694 -0.997962 -0.996371 -0.060697 -0.0596761 1.71873 3.01588 -0.364976</i>
                        <i>-0.0415978 0.998847 -0.0239746 0.0621995 -0.02136 -0.997835 -0.997196 -0.0429989 -0.0612393 1.72236 3.0054 -0.364704</i>
                        <i>-0.0305361 0.999237 -0.0243345 0.0635313 -0.0223563 -0.997729 -0.997513 -0.0320127 -0.0628002 1.72637 2.99279 -0.364407</i>
                        <i>-0.0257495 0.999382 -0.0239267 0.0647862 -0.022216 -0.997652 -0.997567 -0.0272392 -0.0641741 1.73014 2.97909 -0.364137</i>
                        <i>-0.0227286 0.999464 -0.0235546 0.0657197 -0.022016 -0.997595 -0.997579 -0.0242219 -0.065184 1.7331 2.96542 -0.363949</i>
                        <i>-0.0220949 0.999484 -0.0233161 0.0660968 -0.0218104 -0.997575 -0.997569 -0.0235824 -0.0655808 1.73468 2.95292 -0.363899</i>
                        <i>-0.0232488 0.999461 -0.023176 0.0660463 -0.0215961 -0.997583 -0.997546 -0.0247233 -0.0655086 1.73522 2.94229 -0.363954</i>
                        <i>-0.0251038 0.999419 -0.0230374 0.0658667 -0.021341 -0.9976 -0.997513 -0.0265609 -0.0652927 1.73546 2.934 -0.364043</i>
                        <i>-0.0275517 0.999358 -0.0229046 0.0655715 -0.0210571 -0.997626 -0.997467 -0.0289881 -0.0649492 1.73543 2.92887 -0.364159</i>
                        <i>-0.0304868 0.999276 -0.0227818 0.0651742 -0.0207566 -0.997658 -0.997408 -0.0319002 -0.0644942 1.73514 2.92688 -0.364299</i>
                        <i>-0.0338048 0.999171 -0.0226732 0.064689 -0.0204511 -0.997696 -0.997333 -0.0351936 -0.063944 1.73463 2.92717 -0.364457</i>
                        <i>-0.0374005 0.999045 -0.0225826 0.0641307 -0.0201522 -0.997738 -0.99724 -0.0387642 -0.0633158 1.73391 2.92924 -0.364629</i>
                        <i>-0.0411681 0.998899 -0.022514 0.0635149 -0.0198711 -0.997783 -0.997131 -0.0425068 -0.0626269 1.73301 2.9326 -0.364808</i>
                        <i>-0.0449991 0.998734 -0.0224711 0.0628581 -0.0196186 -0.99783 -0.997007 -0.0463139 -0.0618957 1.73196 2.93675 -0.364992</i>
                        <i>-0.0487825 0.998557 -0.0224579 0.0621774 -0.019405 -0.997876 -0.996872 -0.0500753 -0.0611411 1.73078 2.94119 -0.365173</i>
                        <i>-0.0524045 0.998373 -0.0224783 0.061491 -0.0192405 -0.997922 -0.996731 -0.0536778 -0.0603827 1.7295 2.94544 -0.365349</i>
                        <i>-0.055748 0.998191 -0.0225365 0.0608178 -0.0191349 -0.997965 -0.996591 -0.0570052 -0.059641 1.72814 2.94902 -0.365515</i>
                        <i>-0.0586931 0.998019 -0.022637 0.0601769 -0.0190977 -0.998005 -0.996461 -0.0599383 -0.0589368 1.72674 2.95142 -0.365665</i>
                        <i>-0.0611176 0.997871 -0.0227844 0.0595882 -0.0191386 -0.99804 -0.99635 -0.0623554 -0.0582916 1.72532 2.95218 -0.365796</i>
                        <i>-0.0641772 0.997675 -0.0229173 0.0589653 -0.0191335 -0.998077 -0.996195 -0.0654051 -0.0576003 1.72374 2.95131 -0.365929</i>
                        <i>-0.0688264 0.997364 -0.0229831 0.0582315 -0.0189821 -0.998123 -0.995928 -0.0700355 -0.0567715 1.7219 2.94932 -0.366083</i>
                        <i>-0.0746426 0.996945 -0.0229983 0.0574224 -0.0187273 -0.998174 -0.995556 -0.075827 -0.0558491 1.71989 2.94649 -0.366249</i>
                        <i>-0.0812025 0.996433 -0.0229774 0.0565753 -0.0184083 -0.998229 -0.995091 -0.0823586 -0.0548787 1.7178 2.94305 -0.366418</i>
                        <i>-0.0880738 0.99585 -0.0229324 0.0557304 -0.0180596 -0.998282 -0.994554 -0.0892005 -0.0539085 1.71576 2.93929 -0.366581</i>
                        <i>-0.0948071 0.995233 -0.0228731 0.0549308 -0.0177116 -0.998333 -0.993979 -0.0959055 -0.0529897 1.71385 2.93546 -0.366732</i>
                        <i>-0.10093 0.994632 -0.0228085 0.0542226 -0.0173921 -0.998377 -0.993415 -0.102003 -0.0521761 1.71218 2.93184 -0.366862</i>
                        <i>-0.105944 0.994112 -0.0227482 0.0536546 -0.0171286 -0.998413 -0.992923 -0.106996 -0.051524 1.71086 2.92873 -0.366963</i>
                        <i>-0.109333 0.993746 -0.0227032 0.0532769 -0.0169488 -0.998436 -0.992576 -0.110371 -0.0510907 1.70999 2.92639 -0.36703</i>
                        <i>-0.110575 0.993609 -0.0226855 0.0531402 -0.0168821 -0.998444 -0.992446 -0.111609 -0.0509338 1.70967 2.9251 -0.367054</i>
                        <i>-0.130423 0.991109 -0.0263187 0.053964 -0.0194098 -0.998354 -0.989989 -0.131629 -0.0509527 1.71155 2.91614 -0.368047</i>
                        <i>-0.167197 0.985231 -0.0369507 0.0566951 -0.0278084 -0.998004 -0.984292 -0.168958 -0.0512083 1.71586 2.90229 -0.37038</i>
                        <i>-0.210905 0.976254 -0.0494613 0.0608085 -0.0373983 -0.997449 -0.975613 -0.213374 -0.0514771 1.72093 2.88765 -0.373069</i>
                        <i>-0.249053 0.966666 -0.0594095 0.064987 -0.0445238 -0.996892 -0.966307 -0.252139 -0.051732 1.72512 2.87655 -0.375234</i>
                        <i>-0.265097 0.962129 -0.0635027 0.0669575 -0.0473311 -0.996633 -0.961894 -0.268456 -0.0518744 1.72686 2.87359 -0.376116</i>
                        <i>-0.256209 0.964548 -0.0632824 0.0667592 -0.0476543 -0.99663 -0.964313 -0.259571 -0.0521829 1.72681 2.87758 -0.37583</i>
                        <i>-0.239392 0.969002 -0.0610466 0.0661828 -0.0464427 -0.996726 -0.968665 -0.242648 -0.0530132 1.7267 2.89382 -0.375052</i>
                        <i>-0.221525 0.973534 -0.0561928 0.0653035 -0.0426848 -0.996952 -0.972966 -0.22452 -0.0541194 1.72653 2.91539 -0.373904</i>
                        <i>-0.208082 0.97691 -0.0484548 0.0641991 -0.0357915 -0.997295 -0.976002 -0.21063 -0.0552692 1.72632 2.93534 -0.372506</i>
                        <i>-0.202958 0.978453 -0.0379221 0.0629471 -0.0256106 -0.997688 -0.977162 -0.204876 -0.0563929 1.72609 2.94674 -0.37098</i>
                        <i>-0.203894 0.978646 -0.0260476 0.061659 -0.0137166 -0.998003 -0.977049 -0.205093 -0.0575457 1.72586 2.94715 -0.36945</i>
                        <i>-0.20585 0.97847 -0.0148961 0.06047 -0.00247439 -0.998167 -0.976714 -0.206373 -0.0586587 1.72566 2.94117 -0.368041</i>
                        <i>-0.208144 0.978082 -0.00556698 0.0594867 0.00697774 -0.998205 -0.976288 -0.208101 -0.0596353 1.72548 2.9324 -0.366878</i>
                        <i>-0.210065 0.977687 0.000839467 0.0588169 0.0134944 -0.998178 -0.975917 -0.209633 -0.0603393 1.72537 2.92449 -0.366088</i>
                        <i>-0.210872 0.977508 0.00322022 0.0585694 0.015923 -0.998156 -0.975758 -0.210294 -0.0606098 1.72532 2.92104 -0.365796</i>
                        <i>-0.220343 0.975409 0.00503058 0.0584958 0.0183618 -0.998119 -0.973667 -0.219635 -0.0611033 1.72532 2.92104 -0.365796</i>
                        <i>-0.24353 0.969847 0.00946931 0.0583126 0.0243866 -0.998 -0.968139 -0.242491 -0.0624932 1.72532 2.92104 -0.365796</i>
                        <i>-0.272517 0.962034 0.0150323 0.0580766 0.0320426 -0.997798 -0.960397 -0.271043 -0.0646038 1.72532 2.92104 -0.365796</i>
                        <i>-0.298909 0.95407 0.0201112 0.0578544 0.0391536 -0.997557 -0.952526 -0.297015 -0.0669004 1.72532 2.92104 -0.365796</i>
                        <i>-0.313741 0.949231 0.0229711 0.057726 0.0432163 -0.997397 -0.947752 -0.311598 -0.068354 1.72532 2.92104 -0.365796</i>
                        <i>-0.305265 0.952015 0.0219218 0.0585679 0.041747 -0.99741 -0.950465 -0.30319 -0.0685014 1.72627 2.92041 -0.365716</i>
                        <i>-0.285358 0.958223 0.0194941 0.0606411 0.0383504 -0.997423 -0.956501 -0.283441 -0.0690513 1.7287 2.92016 -0.365506</i>
