<?xml version="1.0" encoding="ISO-8859-1" ?>
<Animl Version="1">
    <ModellingPackage><![CDATA[Maya.2010]]></ModellingPackage>
    <SrcFile><![CDATA[anims\turrets\mortar\blue\~src\mortar_m29\mortar_m29_idle_crewman_c.mb]]></SrcFile>
    <FramesPerSecond>30</FramesPerSecond>
    <TotalFrames>120</TotalFrames>
    <Skeleton>
        <RefFrame>
            <Name><![CDATA[soldier_ref_frame]]></Name>
            <Exclude>0</Exclude>
            <Additive>0</Additive>
            <IKPriority>0</IKPriority>
            <IKRotLimits>-1e+010 -1e+010 -1e+010 1e+010 1e+010 1e+010</IKRotLimits>
            <IKRotLimitOrder>0</IKRotLimitOrder>
            <KeyFrames count="120">
                <i>1 0 0 0 1 0 0 0 1 -2.01 0.94 0.91</i>
                <i>1 0 0 0 1 0 0 0 1 -2.01 0.94 0.91</i>
                <i>1 0 0 0 1 0 0 0 1 -2.01 0.94 0.91</i>
                <i>1 0 0 0 1 0 0 0 1 -2.01 0.94 0.91</i>
                <i>1 0 0 0 1 0 0 0 1 -2.01 0.94 0.91</i>
                <i>1 0 0 0 1 0 0 0 1 -2.01 0.94 0.91</i>
                <i>1 0 0 0 1 0 0 0 1 -2.01 0.94 0.91</i>
                <i>1 0 0 0 1 0 0 0 1 -2.01 0.94 0.91</i>
                <i>1 0 0 0 1 0 0 0 1 -2.01 0.94 0.91</i>
                <i>1 0 0 0 1 0 0 0 1 -2.01 0.94 0.91</i>
                <i>1 0 0 0 1 0 0 0 1 -2.01 0.94 0.91</i>
                <i>1 0 0 0 1 0 0 0 1 -2.01 0.94 0.91</i>
                <i>1 0 0 0 1 0 0 0 1 -2.01 0.94 0.91</i>
                <i>1 0 0 0 1 0 0 0 1 -2.01 0.94 0.91</i>
                <i>1 0 0 0 1 0 0 0 1 -2.01 0.94 0.91</i>
                <i>1 0 0 0 1 0 0 0 1 -2.01 0.94 0.91</i>
                <i>1 0 0 0 1 0 0 0 1 -2.01 0.94 0.91</i>
                <i>1 0 0 0 1 0 0 0 1 -2.01 0.94 0.91</i>
                <i>1 0 0 0 1 0 0 0 1 -2.01 0.94 0.91</i>
                <i>1 0 0 0 1 0 0 0 1 -2.01 0.94 0.91</i>
                <i>1 0 0 0 1 0 0 0 1 -2.01 0.94 0.91</i>
                <i>1 0 0 0 1 0 0 0 1 -2.01 0.94 0.91</i>
                <i>1 0 0 0 1 0 0 0 1 -2.01 0.94 0.91</i>
                <i>1 0 0 0 1 0 0 0 1 -2.01 0.94 0.91</i>
                <i>1 0 0 0 1 0 0 0 1 -2.01 0.94 0.91</i>
                <i>1 0 0 0 1 0 0 0 1 -2.01 0.94 0.91</i>
                <i>1 0 0 0 1 0 0 0 1 -2.01 0.94 0.91</i>
                <i>1 0 0 0 1 0 0 0 1 -2.01 0.94 0.91</i>
                <i>1 0 0 0 1 0 0 0 1 -2.01 0.94 0.91</i>
                <i>1 0 0 0 1 0 0 0 1 -2.01 0.94 0.91</i>
                <i>1 0 0 0 1 0 0 0 1 -2.01 0.94 0.91</i>
                <i>1 0 0 0 1 0 0 0 1 -2.01 0.94 0.91</i>
                <i>1 0 0 0 1 0 0 0 1 -2.01 0.94 0.91</i>
                <i>1 0 0 0 1 0 0 0 1 -2.01 0.94 0.91</i>
                <i>1 0 0 0 1 0 0 0 1 -2.01 0.94 0.91</i>
                <i>1 0 0 0 1 0 0 0 1 -2.01 0.94 0.91</i>
                <i>1 0 0 0 1 0 0 0 1 -2.01 0.94 0.91</i>
                <i>1 0 0 0 1 0 0 0 1 -2.01 0.94 0.91</i>
                <i>1 0 0 0 1 0 0 0 1 -2.01 0.94 0.91</i>
                <i>1 0 0 0 1 0 0 0 1 -2.01 0.94 0.91</i>
                <i>1 0 0 0 1 0 0 0 1 -2.01 0.94 0.91</i>
                <i>1 0 0 0 1 0 0 0 1 -2.01 0.94 0.91</i>
                <i>1 0 0 0 1 0 0 0 1 -2.01 0.94 0.91</i>
                <i>1 0 0 0 1 0 0 0 1 -2.01 0.94 0.91</i>
                <i>1 0 0 0 1 0 0 0 1 -2.01 0.94 0.91</i>
                <i>1 0 0 0 1 0 0 0 1 -2.01 0.94 0.91</i>
                <i>1 0 0 0 1 0 0 0 1 -2.01 0.94 0.91</i>
                <i>1 0 0 0 1 0 0 0 1 -2.01 0.94 0.91</i>
                <i>1 0 0 0 1 0 0 0 1 -2.01 0.94 0.91</i>
                <i>1 0 0 0 1 0 0 0 1 -2.01 0.94 0.91</i>
                <i>1 0 0 0 1 0 0 0 1 -2.01 0.94 0.91</i>
                <i>1 0 0 0 1 0 0 0 1 -2.01 0.94 0.91</i>
                <i>1 0 0 0 1 0 0 0 1 -2.01 0.94 0.91</i>
                <i>1 0 0 0 1 0 0 0 1 -2.01 0.94 0.91</i>
                <i>1 0 0 0 1 0 0 0 1 -2.01 0.94 0.91</i>
                <i>1 0 0 0 1 0 0 0 1 -2.01 0.94 0.91</i>
                <i>1 0 0 0 1 0 0 0 1 -2.01 0.94 0.91</i>
                <i>1 0 0 0 1 0 0 0 1 -2.01 0.94 0.91</i>
                <i>1 0 0 0 1 0 0 0 1 -2.01 0.94 0.91</i>
                <i>1 0 0 0 1 0 0 0 1 -2.01 0.94 0.91</i>
                <i>1 0 0 0 1 0 0 0 1 -2.01 0.94 0.91</i>
                <i>1 0 0 0 1 0 0 0 1 -2.01 0.94 0.91</i>
                <i>1 0 0 0 1 0 0 0 1 -2.01 0.94 0.91</i>
                <i>1 0 0 0 1 0 0 0 1 -2.01 0.94 0.91</i>
                <i>1 0 0 0 1 0 0 0 1 -2.01 0.94 0.91</i>
                <i>1 0 0 0 1 0 0 0 1 -2.01 0.94 0.91</i>
                <i>1 0 0 0 1 0 0 0 1 -2.01 0.94 0.91</i>
                <i>1 0 0 0 1 0 0 0 1 -2.01 0.94 0.91</i>
                <i>1 0 0 0 1 0 0 0 1 -2.01 0.94 0.91</i>
                <i>1 0 0 0 1 0 0 0 1 -2.01 0.94 0.91</i>
                <i>1 0 0 0 1 0 0 0 1 -2.01 0.94 0.91</i>
                <i>1 0 0 0 1 0 0 0 1 -2.01 0.94 0.91</i>
                <i>1 0 0 0 1 0 0 0 1 -2.01 0.94 0.91</i>
                <i>1 0 0 0 1 0 0 0 1 -2.01 0.94 0.91</i>
                <i>1 0 0 0 1 0 0 0 1 -2.01 0.94 0.91</i>
                <i>1 0 0 0 1 0 0 0 1 -2.01 0.94 0.91</i>
                <i>1 0 0 0 1 0 0 0 1 -2.01 0.94 0.91</i>
                <i>1 0 0 0 1 0 0 0 1 -2.01 0.94 0.91</i>
                <i>1 0 0 0 1 0 0 0 1 -2.01 0.94 0.91</i>
                <i>1 0 0 0 1 0 0 0 1 -2.01 0.94 0.91</i>
                <i>1 0 0 0 1 0 0 0 1 -2.01 0.94 0.91</i>
                <i>1 0 0 0 1 0 0 0 1 -2.01 0.94 0.91</i>
                <i>1 0 0 0 1 0 0 0 1 -2.01 0.94 0.91</i>
                <i>1 0 0 0 1 0 0 0 1 -2.01 0.94 0.91</i>
                <i>1 0 0 0 1 0 0 0 1 -2.01 0.94 0.91</i>
                <i>1 0 0 0 1 0 0 0 1 -2.01 0.94 0.91</i>
                <i>1 0 0 0 1 0 0 0 1 -2.01 0.94 0.91</i>
                <i>1 0 0 0 1 0 0 0 1 -2.01 0.94 0.91</i>
                <i>1 0 0 0 1 0 0 0 1 -2.01 0.94 0.91</i>
                <i>1 0 0 0 1 0 0 0 1 -2.01 0.94 0.91</i>
                <i>1 0 0 0 1 0 0 0 1 -2.01 0.94 0.91</i>
                <i>1 0 0 0 1 0 0 0 1 -2.01 0.94 0.91</i>
                <i>1 0 0 0 1 0 0 0 1 -2.01 0.94 0.91</i>
                <i>1 0 0 0 1 0 0 0 1 -2.01 0.94 0.91</i>
                <i>1 0 0 0 1 0 0 0 1 -2.01 0.94 0.91</i>
                <i>1 0 0 0 1 0 0 0 1 -2.01 0.94 0.91</i>
                <i>1 0 0 0 1 0 0 0 1 -2.01 0.94 0.91</i>
                <i>1 0 0 0 1 0 0 0 1 -2.01 0.94 0.91</i>
                <i>1 0 0 0 1 0 0 0 1 -2.01 0.94 0.91</i>
                <i>1 0 0 0 1 0 0 0 1 -2.01 0.94 0.91</i>
                <i>1 0 0 0 1 0 0 0 1 -2.01 0.94 0.91</i>
                <i>1 0 0 0 1 0 0 0 1 -2.01 0.94 0.91</i>
                <i>1 0 0 0 1 0 0 0 1 -2.01 0.94 0.91</i>
                <i>1 0 0 0 1 0 0 0 1 -2.01 0.94 0.91</i>
                <i>1 0 0 0 1 0 0 0 1 -2.01 0.94 0.91</i>
                <i>1 0 0 0 1 0 0 0 1 -2.01 0.94 0.91</i>
                <i>1 0 0 0 1 0 0 0 1 -2.01 0.94 0.91</i>
                <i>1 0 0 0 1 0 0 0 1 -2.01 0.94 0.91</i>
                <i>1 0 0 0 1 0 0 0 1 -2.01 0.94 0.91</i>
                <i>1 0 0 0 1 0 0 0 1 -2.01 0.94 0.91</i>
                <i>1 0 0 0 1 0 0 0 1 -2.01 0.94 0.91</i>
                <i>1 0 0 0 1 0 0 0 1 -2.01 0.94 0.91</i>
                <i>1 0 0 0 1 0 0 0 1 -2.01 0.94 0.91</i>
                <i>1 0 0 0 1 0 0 0 1 -2.01 0.94 0.91</i>
                <i>1 0 0 0 1 0 0 0 1 -2.01 0.94 0.91</i>
                <i>1 0 0 0 1 0 0 0 1 -2.01 0.94 0.91</i>
                <i>1 0 0 0 1 0 0 0 1 -2.01 0.94 0.91</i>
                <i>1 0 0 0 1 0 0 0 1 -2.01 0.94 0.91</i>
                <i>1 0 0 0 1 0 0 0 1 -2.01 0.94 0.91</i>
                <i>1 0 0 0 1 0 0 0 1 -2.01 0.94 0.91</i>
            </KeyFrames>
        </RefFrame>
        <Bones count="23">
            <i>
                <p>
                    <Name><![CDATA[pelvis]]></Name>
                    <Exclude>0</Exclude>
                    <Additive>0</Additive>
                    <IKPriority>0</IKPriority>
                    <IKRotLimits>-1e+010 -1e+010 -1e+010 1e+010 1e+010 1e+010</IKRotLimits>
                    <IKRotLimitOrder>2</IKRotLimitOrder>
                    <KeyFrames count="120">
                        <i>1 0 0 0 1 0 0 0 1 -2.01678 1.56387 0.913668</i>
                        <i>1 0 0 0 1 0 0 0 1 -2.01678 1.56387 0.913668</i>
                        <i>1 0 0 0 1 0 0 0 1 -2.01678 1.56387 0.913668</i>
                        <i>1 0 0 0 1 0 0 0 1 -2.01678 1.56387 0.913668</i>
                        <i>1 0 0 0 1 0 0 0 1 -2.01678 1.56387 0.913668</i>
                        <i>1 0 0 0 1 0 0 0 1 -2.01678 1.56387 0.913668</i>
                        <i>1 0 0 0 1 0 0 0 1 -2.01678 1.56387 0.913668</i>
                        <i>1 0 0 0 1 0 0 0 1 -2.01678 1.56387 0.913668</i>
                        <i>1 0 0 0 1 0 0 0 1 -2.01678 1.56387 0.913668</i>
                        <i>1 0 0 0 1 0 0 0 1 -2.01678 1.56387 0.913668</i>
                        <i>1 0 0 0 1 0 0 0 1 -2.01678 1.56387 0.913668</i>
                        <i>1 0 0 0 1 0 0 0 1 -2.01678 1.56387 0.913668</i>
                        <i>1 0 0 0 1 0 0 0 1 -2.01678 1.56387 0.913668</i>
                        <i>1 0 0 0 1 0 0 0 1 -2.01678 1.56387 0.913668</i>
                        <i>1 0 0 0 1 0 0 0 1 -2.01678 1.56387 0.913668</i>
                        <i>1 0 0 0 1 0 0 0 1 -2.01678 1.56387 0.913668</i>
                        <i>1 0 0 0 1 0 0 0 1 -2.01678 1.56387 0.913668</i>
                        <i>1 0 0 0 1 0 0 0 1 -2.01678 1.56387 0.913668</i>
                        <i>1 0 0 0 1 0 0 0 1 -2.01678 1.56387 0.913668</i>
                        <i>1 0 0 0 1 0 0 0 1 -2.01678 1.56387 0.913668</i>
                        <i>1 0 0 0 1 0 0 0 1 -2.01687 1.56528 0.91344</i>
                        <i>1 0 0 0 1 0 0 0 1 -2.01708 1.5686 0.912897</i>
                        <i>1 0 0 0 1 0 0 0 1 -2.01733 1.57243 0.912249</i>
                        <i>1 0 0 0 1 0 0 0 1 -2.01754 1.57538 0.911706</i>
                        <i>1 0 0 0 1 0 0 0 1 -2.01762 1.57606 0.911479</i>
                        <i>1 0 0 0 1 0 0 0 1 -2.01754 1.57324 0.911706</i>
                        <i>1 0 0 0 1 0 0 0 1 -2.01733 1.56786 0.912249</i>
                        <i>1 0 0 0 1 0 0 0 1 -2.01708 1.56175 0.912897</i>
                        <i>1 0 0 0 1 0 0 0 1 -2.01687 1.55674 0.91344</i>
                        <i>1 0 0 0 1 0 0 0 1 -2.01678 1.55466 0.913668</i>
                        <i>1 0 0 0 1 0 0 0 1 -2.01678 1.55466 0.913668</i>
                        <i>1 0 0 0 1 0 0 0 1 -2.01678 1.55466 0.913668</i>
                        <i>1 0 0 0 1 0 0 0 1 -2.01678 1.55466 0.913668</i>
                        <i>1 0 0 0 1 0 0 0 1 -2.01678 1.55466 0.913668</i>
                        <i>1 0 0 0 1 0 0 0 1 -2.01678 1.55466 0.913668</i>
                        <i>1 0 0 0 1 0 0 0 1 -2.01678 1.55466 0.913668</i>
                        <i>1 0 0 0 1 0 0 0 1 -2.01678 1.55466 0.913668</i>
                        <i>1 0 0 0 1 0 0 0 1 -2.01678 1.55466 0.913668</i>
                        <i>1 0 0 0 1 0 0 0 1 -2.01678 1.55466 0.913668</i>
                        <i>1 0 0 0 1 0 0 0 1 -2.01678 1.55466 0.913668</i>
                        <i>1 0 0 0 1 0 0 0 1 -2.01678 1.55466 0.913668</i>
                        <i>1 0 0 0 1 0 0 0 1 -2.01678 1.55466 0.913668</i>
                        <i>1 0 0 0 1 0 0 0 1 -2.01678 1.55466 0.913668</i>
                        <i>1 0 0 0 1 0 0 0 1 -2.01678 1.55466 0.913668</i>
                        <i>1 0 0 0 1 0 0 0 1 -2.01678 1.55466 0.913668</i>
                        <i>1 0 0 0 1 0 0 0 1 -2.01687 1.55675 0.913438</i>
                        <i>1 0 0 0 1 0 0 0 1 -2.01708 1.56177 0.912891</i>
                        <i>1 0 0 0 1 0 0 0 1 -2.01733 1.5679 0.912239</i>
                        <i>1 0 0 0 1 0 0 0 1 -2.01754 1.57329 0.911692</i>
                        <i>1 0 0 0 1 0 0 0 1 -2.01763 1.57611 0.911463</i>
                        <i>1 0 0 0 1 0 0 0 1 -2.01754 1.57542 0.911692</i>
                        <i>1 0 0 0 1 0 0 0 1 -2.01733 1.57246 0.912239</i>
                        <i>1 0 0 0 1 0 0 0 1 -2.01708 1.56862 0.912891</i>
                        <i>1 0 0 0 1 0 0 0 1 -2.01687 1.56529 0.913438</i>
                        <i>1 0 0 0 1 0 0 0 1 -2.01678 1.56387 0.913668</i>
                        <i>1 0 0 0 1 0 0 0 1 -2.01678 1.56387 0.913668</i>
                        <i>1 0 0 0 1 0 0 0 1 -2.01678 1.56387 0.913668</i>
                        <i>1 0 0 0 1 0 0 0 1 -2.01678 1.56387 0.913668</i>
                        <i>1 0 0 0 1 0 0 0 1 -2.01678 1.56387 0.913668</i>
                        <i>1 0 0 0 1 0 0 0 1 -2.01678 1.56387 0.913668</i>
                        <i>1 0 0 0 1 0 0 0 1 -2.01678 1.56387 0.913668</i>
                        <i>1 0 0 0 1 0 0 0 1 -2.01678 1.56387 0.913668</i>
                        <i>1 0 0 0 1 0 0 0 1 -2.01678 1.56387 0.913668</i>
                        <i>1 0 0 0 1 0 0 0 1 -2.01678 1.56387 0.913668</i>
                        <i>1 0 0 0 1 0 0 0 1 -2.01678 1.56387 0.913668</i>
                        <i>1 0 0 0 1 0 0 0 1 -2.01678 1.56387 0.913668</i>
                        <i>1 0 0 0 1 0 0 0 1 -2.01678 1.56387 0.913668</i>
                        <i>1 0 0 0 1 0 0 0 1 -2.01678 1.56387 0.913668</i>
                        <i>1 0 0 0 1 0 0 0 1 -2.01678 1.56387 0.913668</i>
                        <i>1 0 0 0 1 0 0 0 1 -2.01678 1.56387 0.913668</i>
                        <i>1 0 0 0 1 0 0 0 1 -2.01678 1.56387 0.913668</i>
                        <i>1 0 0 0 1 0 0 0 1 -2.01678 1.56387 0.913668</i>
                        <i>1 0 0 0 1 0 0 0 1 -2.01678 1.56387 0.913668</i>
                        <i>1 0 0 0 1 0 0 0 1 -2.01678 1.56387 0.913668</i>
                        <i>1 0 0 0 1 0 0 0 1 -2.01678 1.56387 0.913668</i>
                        <i>1 0 0 0 1 0 0 0 1 -2.01678 1.56387 0.913668</i>
                        <i>1 0 0 0 1 0 0 0 1 -2.01678 1.56387 0.913668</i>
                        <i>1 0 0 0 1 0 0 0 1 -2.01678 1.56387 0.913668</i>
                        <i>1 0 0 0 1 0 0 0 1 -2.01678 1.56387 0.913668</i>
                        <i>1 0 0 0 1 0 0 0 1 -2.01678 1.56387 0.913668</i>
                        <i>1 0 0 0 1 0 0 0 1 -2.01678 1.56387 0.913668</i>
                        <i>1 0 0 0 1 0 0 0 1 -2.01678 1.56387 0.913668</i>
                        <i>1 0 0 0 1 0 0 0 1 -2.01678 1.56387 0.913668</i>
                        <i>1 0 0 0 1 0 0 0 1 -2.01678 1.56387 0.913668</i>
                        <i>1 0 0 0 1 0 0 0 1 -2.01678 1.56387 0.913668</i>
                        <i>1 0 0 0 1 0 0 0 1 -2.01678 1.56387 0.913668</i>
                        <i>1 0 0 0 1 0 0 0 1 -2.01678 1.56387 0.913668</i>
                        <i>1 0 0 0 1 0 0 0 1 -2.01678 1.56387 0.913668</i>
                        <i>1 0 0 0 1 0 0 0 1 -2.01678 1.56387 0.913668</i>
                        <i>1 0 0 0 1 0 0 0 1 -2.01678 1.56387 0.913668</i>
                        <i>1 0 0 0 1 0 0 0 1 -2.01678 1.56387 0.913668</i>
                        <i>1 0 0 0 1 0 0 0 1 -2.01678 1.56387 0.913668</i>
                        <i>1 0 0 0 1 0 0 0 1 -2.01678 1.56387 0.913668</i>
                        <i>1 0 0 0 1 0 0 0 1 -2.01678 1.56387 0.913668</i>
                        <i>1 0 0 0 1 0 0 0 1 -2.01678 1.56387 0.913668</i>
                        <i>1 0 0 0 1 0 0 0 1 -2.01678 1.56387 0.913668</i>
                        <i>1 0 0 0 1 0 0 0 1 -2.01678 1.56387 0.913668</i>
                        <i>1 0 0 0 1 0 0 0 1 -2.01678 1.56387 0.913668</i>
                        <i>1 0 0 0 1 0 0 0 1 -2.01678 1.56387 0.913668</i>
                        <i>1 0 0 0 1 0 0 0 1 -2.01678 1.56387 0.913668</i>
                        <i>1 0 0 0 1 0 0 0 1 -2.01693 1.56686 0.913276</i>
                        <i>1 0 0 0 1 0 0 0 1 -2.01729 1.574 0.912342</i>
                        <i>1 0 0 0 1 0 0 0 1 -2.01772 1.58252 0.911227</i>
                        <i>1 0 0 0 1 0 0 0 1 -2.01808 1.58965 0.910293</i>
                        <i>1 0 0 0 1 0 0 0 1 -2.01823 1.59264 0.909901</i>
                        <i>1 0 0 0 1 0 0 0 1 -2.01808 1.58965 0.910293</i>
                        <i>1 0 0 0 1 0 0 0 1 -2.01772 1.58252 0.911227</i>
                        <i>1 0 0 0 1 0 0 0 1 -2.01729 1.574 0.912342</i>
                        <i>1 0 0 0 1 0 0 0 1 -2.01693 1.56686 0.913276</i>
                        <i>1 0 0 0 1 0 0 0 1 -2.01678 1.56387 0.913668</i>
                        <i>1 0 0 0 1 0 0 0 1 -2.01678 1.56387 0.913668</i>
                        <i>1 0 0 0 1 0 0 0 1 -2.01678 1.56387 0.913668</i>
                        <i>1 0 0 0 1 0 0 0 1 -2.01678 1.56387 0.913668</i>
                        <i>1 0 0 0 1 0 0 0 1 -2.01678 1.56387 0.913668</i>
                        <i>1 0 0 0 1 0 0 0 1 -2.01678 1.56387 0.913668</i>
                        <i>1 0 0 0 1 0 0 0 1 -2.01678 1.56387 0.913668</i>
                        <i>1 0 0 0 1 0 0 0 1 -2.01678 1.56387 0.913668</i>
                        <i>1 0 0 0 1 0 0 0 1 -2.01678 1.56387 0.913668</i>
                        <i>1 0 0 0 1 0 0 0 1 -2.01678 1.56387 0.913668</i>
                        <i>1 0 0 0 1 0 0 0 1 -2.01678 1.56387 0.913668</i>
                    </KeyFrames>
                </p>
            </i>
            <i>
                <p>
                    <Name><![CDATA[spine0]]></Name>
                    <Exclude>0</Exclude>
                    <Additive>0</Additive>
                    <IKPriority>0</IKPriority>
                    <IKRotLimits>-1e+010 -1e+010 -1e+010 1e+010 1e+010 1e+010</IKRotLimits>
                    <IKRotLimitOrder>0</IKRotLimitOrder>
                    <KeyFrames count="120">
                        <i>-0.128816 0.988468 -0.0796115 -0.984155 -0.117564 0.132728 0.121838 0.0954476 0.98795 -2.04903 1.69066 0.853833</i>
                        <i>-0.128441 0.988617 -0.0783482 -0.984149 -0.117321 0.132991 0.122285 0.0941877 0.988016 -2.04905 1.69092 0.854403</i>
                        <i>-0.128114 0.988783 -0.0767828 -0.984124 -0.117157 0.13332 0.122829 0.092644 0.988094 -2.04914 1.69121 0.855078</i>
                        <i>-0.127846 0.988956 -0.0749735 -0.984079 -0.117078 0.133717 0.123463 0.090875 0.98818 -2.04929 1.69152 0.855842</i>
                        <i>-0.127647 0.989131 -0.0729781 -0.984015 -0.117087 0.134181 0.124178 0.0889394 0.988266 -2.04951 1.69184 0.856676</i>
                        <i>-0.12753 0.989301 -0.0708542 -0.983931 -0.11719 0.13471 0.124965 0.0868951 0.988349 -2.04978 1.69217 0.857564</i>
                        <i>-0.127505 0.989459 -0.0686592 -0.983826 -0.117391 0.135299 0.125813 0.0848 0.988423 -2.05009 1.69249 0.858486</i>
                        <i>-0.127585 0.989599 -0.0664504 -0.983701 -0.117697 0.135942 0.126707 0.0827115 0.988486 -2.05043 1.6928 0.859425</i>
                        <i>-0.127785 0.989716 -0.0642851 -0.983556 -0.118115 0.136628 0.12763 0.0806869 0.988534 -2.0508 1.69309 0.860362</i>
                        <i>-0.128117 0.989805 -0.0622209 -0.983391 -0.118653 0.137344 0.128561 0.0787836 0.988567 -2.05118 1.69336 0.861279</i>
                        <i>-0.128605 0.98986 -0.0603195 -0.983208 -0.119327 0.138073 0.129475 0.0770633 0.988584 -2.05157 1.69361 0.862156</i>
                        <i>-0.129232 0.98988 -0.0586166 -0.98301 -0.120116 0.138794 0.130348 0.0755573 0.988585 -2.05196 1.69383 0.862975</i>
                        <i>-0.129958 0.989872 -0.0571321 -0.982806 -0.12098 0.139483 0.131159 0.0742768 0.988575 -2.05234 1.69401 0.863717</i>
                        <i>-0.130743 0.98984 -0.0558856 -0.982606 -0.121876 0.140116 0.131882 0.0732327 0.988557 -2.0527 1.69416 0.864362</i>
                        <i>-0.131543 0.989789 -0.054897 -0.982417 -0.122761 0.140668 0.132492 0.0724356 0.988534 -2.05303 1.69427 0.864891</i>
                        <i>-0.132317 0.989725 -0.0541854 -0.982249 -0.123592 0.141112 0.132966 0.0718951 0.98851 -2.05333 1.69433 0.865284</i>
                        <i>-0.13302 0.989654 -0.0537698 -0.982112 -0.124322 0.141425 0.133277 0.0716202 0.988488 -2.05358 1.69435 0.865523</i>
                        <i>-0.133606 0.98958 -0.053668 -0.982015 -0.124906 0.141581 0.133402 0.0716188 0.988471 -2.05378 1.69432 0.865588</i>
                        <i>-0.13403 0.989511 -0.0538972 -0.981968 -0.125298 0.141558 0.13332 0.0718983 0.988462 -2.05391 1.69423 0.865461</i>
                        <i>-0.134243 0.98945 -0.0544735 -0.981981 -0.125448 0.141336 0.133011 0.0724653 0.988462 -2.05398 1.69409 0.865122</i>
                        <i>-0.133878 0.989447 -0.0554199 -0.982155 -0.125022 0.140505 0.132094 0.0732415 0.988528 -2.05399 1.69513 0.863848</i>
                        <i>-0.132789 0.989487 -0.057287 -0.982543 -0.123819 0.138844 0.130291 0.0747239 0.988656 -2.05393 1.69772 0.861252</i>
                        <i>-0.131261 0.989477 -0.0608714 -0.983081 -0.122008 0.136626 0.127761 0.0777752 0.988751 -2.05377 1.70052 0.857822</i>
                        <i>-0.12959 0.989303 -0.0669734 -0.9837 -0.119776 0.134121 0.124664 0.0832624 0.988699 -2.05345 1.70219 0.854045</i>
                        <i>-0.128092 0.988813 -0.0764262 -0.984336 -0.117342 0.131578 0.121138 0.0920831 0.988355 -2.05293 1.70143 0.850402</i>
                        <i>-0.12392 0.988513 -0.0865266 -0.985294 -0.11224 0.128832 0.11764 0.101219 0.987884 -2.05221 1.69712 0.847294</i>
                        <i>-0.11563 0.988856 -0.0937717 -0.986664 -0.103457 0.125663 0.114561 0.107052 0.987631 -2.05138 1.6903 0.844829</i>
                        <i>-0.105825 0.989529 -0.0981536 -0.988059 -0.0935224 0.122444 0.111982 0.109939 0.98761 -2.05057 1.68297 0.843034</i>
                        <i>-0.0974912 0.990174 -0.100254 -0.989122 -0.0852507 0.119873 0.110148 0.11085 0.987714 -2.04992 1.67711 0.841926</i>
                        <i>-0.0937985 0.990469 -0.100865 -0.989552 -0.0816078 0.118857 0.109492 0.11096 0.987775 -2.04954 1.67474 0.841518</i>
                        <i>-0.0932766 0.990606 -0.100001 -0.989576 -0.0811713 0.118955 0.10972 0.110054 0.987851 -2.04934 1.6748 0.841538</i>
                        <i>-0.0924337 0.990934 -0.097493 -0.989606 -0.0805924 0.119098 0.110161 0.107488 0.988084 -2.04917 1.67493 0.841669</i>
                        <i>-0.0913742 0.991392 -0.093774 -0.989641 -0.0799327 0.119255 0.110732 0.103699 0.988425 -2.04901 1.67509 0.841867</i>
                        <i>-0.0902019 0.991914 -0.0892756 -0.989679 -0.0792528 0.119394 0.111353 0.0991237 0.988825 -2.0489 1.67525 0.842089</i>
                        <i>-0.0890206 0.992445 -0.08443 -0.989719 -0.0786111 0.119486 0.111946 0.0941987 0.989239 -2.04883 1.67539 0.842293</i>
                        <i>-0.0871321 0.993045 -0.0791863 -0.989835 -0.077333 0.119356 0.112402 0.0887811 0.989689 -2.04882 1.67548 0.842435</i>
                        <i>-0.0840727 0.993736 -0.0736212 -0.990077 -0.0749567 0.118867 0.112604 0.0828841 0.990177 -2.04887 1.67548 0.842472</i>
                        <i>-0.0803179 0.994424 -0.0683408 -0.990403 -0.0718805 0.118047 0.112476 0.0771662 0.990654 -2.049 1.67538 0.84236</i>
                        <i>-0.0763571 0.995028 -0.06395 -0.990776 -0.0685172 0.116909 0.111946 0.072287 0.991082 -2.04922 1.67514 0.842056</i>
                        <i>-0.0726764 0.995484 -0.0610762 -0.991165 -0.0652776 0.115455 0.110947 0.0689275 0.991433 -2.04954 1.67474 0.841518</i>
                        <i>-0.0701153 0.995705 -0.0604576 -0.991591 -0.0629607 0.113061 0.108769 0.0678765 0.991747 -2.05036 1.67358 0.839999</i>
                        <i>-0.0688467 0.995727 -0.0615509 -0.992081 -0.0618365 0.109328 0.105054 0.0685903 0.992098 -2.05176 1.67152 0.83739</i>
                        <i>-0.0683635 0.995655 -0.0632221 -0.99258 -0.0614919 0.104894 0.10055 0.069924 0.992472 -2.05325 1.66918 0.834593</i>
                        <i>-0.0682517 0.995572 -0.0646337 -0.992977 -0.0615126 0.101063 0.0966393 0.0710775 0.992778 -2.05443 1.66729 0.83246</i>
                        <i>-0.0681687 0.995541 -0.0652001 -0.993119 -0.061475 0.0996736 0.095221 0.0715461 0.992882 -2.0549 1.66665 0.831802</i>
                        <i>-0.0703936 0.995293 -0.066611 -0.992975 -0.0635501 0.0998053 0.0951024 0.0731687 0.992775 -2.05456 1.67098 0.83453</i>
                        <i>-0.075578 0.994679 -0.0700122 -0.992918 -0.0686177 0.0969847 0.0916646 0.0768463 0.99282 -2.0536 1.68074 0.840716</i>
                        <i>-0.0812188 0.993881 -0.0748552 -0.993302 -0.074521 0.0883001 0.0821815 0.0815254 0.993277 -2.05224 1.69195 0.8483</i>
                        <i>-0.0858886 0.992873 -0.0826155 -0.994167 -0.0799797 0.0723581 0.0652349 0.0883484 0.993951 -2.0507 1.70121 0.854846</i>
                        <i>-0.0890945 0.991444 -0.0953982 -0.995202 -0.0847236 0.0489354 0.0404343 0.0993003 0.994236 -2.04903 1.70576 0.857595</i>
                        <i>-0.0903193 0.989863 -0.109604 -0.995848 -0.0885073 0.021296 0.0113794 0.111072 0.993747 -2.0471 1.70511 0.856873</i>
                        <i>-0.0896312 0.98867 -0.120407 -0.995842 -0.0909391 -0.00540058 -0.0162891 0.119422 0.99271 -2.04505 1.70161 0.855241</i>
                        <i>-0.087871 0.987906 -0.127754 -0.995343 -0.0921793 -0.0282007 -0.0396359 0.124681 0.991405 -2.04311 1.69691 0.85322</i>
                        <i>-0.0860713 0.987489 -0.132126 -0.994717 -0.0926241 -0.0442666 -0.0559508 0.127618 0.990244 -2.0416 1.69266 0.851295</i>
                        <i>-0.0852061 0.987252 -0.134439 -0.994394 -0.0927402 -0.0507999 -0.0626203 0.129357 0.989619 -2.04092 1.69056 0.849922</i>
                        <i>-0.0850671 0.987366 -0.133683 -0.994358 -0.0926604 -0.0516336 -0.0633684 0.128537 0.989678 -2.04079 1.69011 0.848999</i>
                        <i>-0.084919 0.987949 -0.129402 -0.994345 -0.0923402 -0.0524623 -0.0637791 0.124215 0.990203 -2.04067 1.68968 0.848123</i>
                        <i>-0.0847513 0.988731 -0.123406 -0.994344 -0.0918821 -0.0532773 -0.0640158 0.118193 0.990925 -2.04055 1.68927 0.847291</i>
                        <i>-0.0845581 0.989452 -0.117623 -0.994345 -0.0914033 -0.0540645 -0.0642453 0.112387 0.991585 -2.04044 1.68887 0.846504</i>
                        <i>-0.0843392 0.989883 -0.114099 -0.994338 -0.0910359 -0.0548044 -0.0646371 0.108831 0.991957 -2.04033 1.68849 0.845761</i>
                        <i>-0.0841038 0.990078 -0.112567 -0.994324 -0.0907741 -0.0554961 -0.0651636 0.107261 0.992093 -2.04023 1.68813 0.84506</i>
                        <i>-0.0838624 0.990237 -0.111343 -0.99431 -0.0905213 -0.0561533 -0.065684 0.106 0.992194 -2.04013 1.68778 0.8444</i>
                        <i>-0.08362 0.990365 -0.110386 -0.994297 -0.0902802 -0.0567755 -0.0661942 0.105009 0.992266 -2.04004 1.68745 0.843781</i>
                        <i>-0.0833812 0.990466 -0.109656 -0.994284 -0.0900533 -0.0573624 -0.0666904 0.104246 0.992313 -2.03995 1.68713 0.843202</i>
                        <i>-0.0831506 0.990546 -0.109111 -0.994271 -0.0898425 -0.0579134 -0.0671687 0.10367 0.992341 -2.03987 1.68684 0.842661</i>
                        <i>-0.0829325 0.990608 -0.108708 -0.994258 -0.0896499 -0.0584284 -0.0676253 0.103238 0.992355 -2.03979 1.68656 0.84216</i>
                        <i>-0.0827314 0.990658 -0.108407 -0.994245 -0.0894771 -0.0589069 -0.0680566 0.10291 0.99236 -2.03972 1.6863 0.841695</i>
                        <i>-0.0825517 0.990699 -0.108167 -0.994233 -0.0893259 -0.0593486 -0.0684588 0.102644 0.99236 -2.03965 1.68606 0.841267</i>
                        <i>-0.0823975 0.990736 -0.107948 -0.99422 -0.0891978 -0.0597534 -0.0688285 0.1024 0.992359 -2.03959 1.68584 0.840876</i>
                        <i>-0.0822734 0.990772 -0.107709 -0.994207 -0.0890944 -0.0601209 -0.0691623 0.102138 0.992363 -2.03953 1.68564 0.840519</i>
                        <i>-0.0821751 0.990804 -0.107496 -0.994194 -0.0890149 -0.0604514 -0.0694643 0.101905 0.992366 -2.03948 1.68546 0.840197</i>
                        <i>-0.082096 0.990821 -0.107395 -0.994181 -0.0889586 -0.0607453 -0.0697415 0.101783 0.992359 -2.03944 1.68529 0.839909</i>
                        <i>-0.0820366 0.990823 -0.10742 -0.994168 -0.0889272 -0.0610025 -0.0699953 0.101789 0.99234 -2.03939 1.68514 0.839654</i>
                        <i>-0.0819973 0.990808 -0.107588 -0.994155 -0.0889223 -0.0612228 -0.0702271 0.101939 0.992309 -2.03936 1.68501 0.839432</i>
                        <i>-0.0819786 0.990774 -0.107915 -0.994142 -0.0889456 -0.0614063 -0.0704384 0.102249 0.992262 -2.03933 1.6849 0.839241</i>
                        <i>-0.0819803 0.99072 -0.108411 -0.994128 -0.0889979 -0.0615531 -0.0706302 0.102728 0.992199 -2.0393 1.68481 0.839082</i>
                        <i>-0.0820016 0.990647 -0.109062 -0.994114 -0.0890773 -0.061664 -0.0708022 0.103363 0.992121 -2.03928 1.68473 0.838954</i>
                        <i>-0.0820408 0.990557 -0.109849 -0.9941 -0.0891811 -0.06174 -0.0709535 0.104136 0.992029 -2.03927 1.68467 0.838856</i>
                        <i>-0.0820966 0.990451 -0.110755 -0.994086 -0.0893066 -0.0617822 -0.0710834 0.105028 0.991926 -2.03926 1.68463 0.838787</i>
                        <i>-0.0821674 0.990332 -0.111759 -0.994073 -0.0894509 -0.0617918 -0.0711914 0.10602 0.991812 -2.03925 1.68461 0.838747</i>
                        <i>-0.0822528 0.9902 -0.112865 -0.994059 -0.089614 -0.0617693 -0.0712782 0.107114 0.991688 -2.03925 1.6846 0.838736</i>
                        <i>-0.0823521 0.990054 -0.114066 -0.994046 -0.0897946 -0.0617156 -0.0713443 0.108305 0.991554 -2.03925 1.68461 0.838753</i>
                        <i>-0.0824631 0.989898 -0.115331 -0.994034 -0.0899883 -0.0616323 -0.0713882 0.109561 0.991413 -2.03926 1.68464 0.838797</i>
                        <i>-0.0825833 0.989736 -0.116628 -0.994023 -0.0901904 -0.061521 -0.0714083 0.11085 0.991268 -2.03927 1.68468 0.838868</i>
                        <i>-0.0827106 0.989572 -0.117924 -0.994012 -0.0903966 -0.0613833 -0.0714031 0.112141 0.991124 -2.03928 1.68474 0.838965</i>
                        <i>-0.0828427 0.98941 -0.119188 -0.994004 -0.0906022 -0.0612208 -0.0713712 0.113402 0.990982 -2.0393 1.68481 0.839089</i>
                        <i>-0.0829772 0.989253 -0.120389 -0.993997 -0.0908029 -0.0610351 -0.0713108 0.114602 0.990849 -2.03933 1.6849 0.839237</i>
                        <i>-0.083112 0.989106 -0.121495 -0.993992 -0.0909942 -0.0608277 -0.0712204 0.11571 0.990726 -2.03936 1.685 0.839411</i>
                        <i>-0.0832447 0.988974 -0.122477 -0.99399 -0.0911717 -0.0606001 -0.0710983 0.116696 0.99062 -2.03939 1.68512 0.83961</i>
                        <i>-0.0833732 0.988861 -0.123302 -0.99399 -0.0913313 -0.0603537 -0.0709428 0.117529 0.990532 -2.03942 1.68524 0.839832</i>
                        <i>-0.0834953 0.98877 -0.123942 -0.993993 -0.0914686 -0.0600899 -0.070752 0.118181 0.990468 -2.03946 1.68539 0.840078</i>
                        <i>-0.0836086 0.988707 -0.124367 -0.994 -0.0915795 -0.05981 -0.0705241 0.11862 0.990432 -2.03951 1.68554 0.840347</i>
                        <i>-0.0837112 0.988676 -0.124545 -0.99401 -0.0916601 -0.0595153 -0.0702572 0.118817 0.990427 -2.03955 1.68571 0.840639</i>
                        <i>-0.0838008 0.988681 -0.124449 -0.994024 -0.0917063 -0.0592067 -0.0699493 0.118744 0.990458 -2.0396 1.68589 0.840954</i>
                        <i>-0.0838752 0.988725 -0.124049 -0.994043 -0.0917142 -0.0588854 -0.0695985 0.118371 0.990527 -2.03965 1.68608 0.84129</i>
                        <i>-0.0844614 0.989462 -0.117607 -0.994208 -0.0915567 -0.0562863 -0.0664609 0.112172 0.991464 -2.04008 1.68761 0.84408</i>
                        <i>-0.0856069 0.991044 -0.102487 -0.994551 -0.0911442 -0.0506161 -0.0595038 0.0975951 0.993446 -2.04098 1.69075 0.85033</i>
                        <i>-0.0866319 0.992713 -0.0837621 -0.99492 -0.0905389 -0.0440211 -0.0512841 0.0795229 0.995513 -2.04196 1.69404 0.857821</i>
                        <i>-0.0871805 0.993902 -0.0675153 -0.995202 -0.0899157 -0.0385869 -0.0444223 0.0638273 0.996972 -2.04269 1.69642 0.864106</i>
                        <i>-0.0873156 0.994358 -0.0602307 -0.995309 -0.0896078 -0.0364638 -0.0416552 0.0567644 0.997518 -2.04297 1.69726 0.866575</i>
                        <i>-0.0879262 0.994205 -0.0618451 -0.995412 -0.0900459 -0.0323613 -0.0377426 0.058716 0.997561 -2.04316 1.6999 0.865228</i>
                        <i>-0.0898518 0.99368 -0.0672739 -0.995597 -0.0914264 -0.0206986 -0.0267184 0.0651179 0.99752 -2.04372 1.70624 0.862242</i>
                        <i>-0.0934198 0.992787 -0.07515 -0.995574 -0.0939241 -0.00319719 -0.0102325 0.0745187 0.997167 -2.04456 1.71356 0.85827</i>
                        <i>-0.0988906 0.991549 -0.0839673 -0.995047 -0.0976773 0.0184471 0.0100895 0.0853756 0.996298 -2.04556 1.71914 0.853969</i>
                        <i>-0.106141 0.990059 -0.0922879 -0.993817 -0.102583 0.0424903 0.0326008 0.0962272 0.994825 -2.0466 1.72032 0.849989</i>
                        <i>-0.114553 0.98847 -0.099022 -0.991862 -0.108229 0.06706 0.0555697 0.105898 0.992823 -2.04752 1.71536 0.84684</i>
                        <i>-0.123111 0.986963 -0.103671 -0.989392 -0.11395 0.0901011 0.0771131 0.113664 0.990522 -2.04832 1.70625 0.844521</i>
                        <i>-0.130613 0.985706 -0.106413 -0.986856 -0.118957 0.109378 0.0951564 0.119301 0.988288 -2.04895 1.69593 0.842877</i>
                        <i>-0.135887 0.984825 -0.107952 -0.98488 -0.122463 0.122534 0.107455 0.12297 0.986576 -2.04939 1.68738 0.841727</i>
                        <i>-0.137895 0.984416 -0.109137 -0.984129 -0.123755 0.127181 0.111692 0.124943 0.985857 -2.04955 1.68355 0.840872</i>
                        <i>-0.137709 0.984419 -0.109338 -0.984175 -0.123568 0.127006 0.111516 0.125098 0.985857 -2.04956 1.68338 0.840602</i>
                        <i>-0.137095 0.984678 -0.107773 -0.984206 -0.123107 0.12721 0.111993 0.123511 0.986003 -2.04955 1.68375 0.841198</i>
                        <i>-0.13615 0.985126 -0.104829 -0.984225 -0.122435 0.127717 0.112983 0.120564 0.986255 -2.04951 1.68452 0.842468</i>
                        <i>-0.134965 0.985701 -0.100883 -0.984231 -0.121617 0.128451 0.114345 0.116628 0.986571 -2.04945 1.68555 0.844225</i>
                        <i>-0.133633 0.986339 -0.0963245 -0.984226 -0.120716 0.129332 0.115937 0.112088 0.986912 -2.04938 1.68672 0.846277</i>
                        <i>-0.132258 0.986977 -0.091566 -0.984213 -0.119802 0.130276 0.117609 0.10735 0.987241 -2.04929 1.6879 0.848427</i>
                        <i>-0.130958 0.987559 -0.0870476 -0.984195 -0.118948 0.131189 0.119203 0.102852 0.987528 -2.0492 1.68898 0.850469</i>
                        <i>-0.129859 0.988033 -0.083232 -0.984177 -0.118235 0.131973 0.120553 0.0990529 0.987753 -2.04911 1.68985 0.852195</i>
                        <i>-0.129099 0.988351 -0.0805946 -0.984162 -0.117745 0.132522 0.121489 0.0964266 0.987898 -2.04905 1.69044 0.853388</i>
                        <i>-0.128816 0.988468 -0.0796115 -0.984155 -0.117564 0.132728 0.121838 0.0954476 0.98795 -2.04903 1.69066 0.853833</i>
                    </KeyFrames>
                </p>
            </i>
            <i>
                <p>
                    <Name><![CDATA[spine1]]></Name>
                    <Exclude>0</Exclude>
                    <Additive>0</Additive>
                    <IKPriority>0</IKPriority>
                    <IKRotLimits>-1e+010 -1e+010 -1e+010 1e+010 1e+010 1e+010</IKRotLimits>
                    <IKRotLimitOrder>0</IKRotLimitOrder>
                    <KeyFrames count="120">
                        <i>0.0782682 0.994597 0.0681924 -0.90386 0.0419361 0.425767 0.420607 -0.0949604 0.902259 -2.07155 1.86341 0.8399</i>
                        <i>0.0783266 0.994781 0.0653939 -0.903631 0.043137 0.426133 0.421088 -0.0924696 0.902294 -2.07151 1.86385 0.840678</i>
                        <i>0.0788453 0.994933 0.0623775 -0.903337 0.0448419 0.426582 0.421623 -0.0899819 0.902295 -2.07157 1.86435 0.841612</i>
                        <i>0.0797695 0.995054 0.0592042 -0.902978 0.0469756 0.427112 0.422218 -0.0875306 0.902259 -2.07171 1.86488 0.842677</i>
                        <i>0.0810447 0.99514 0.0559326 -0.902557 0.0494643 0.427721 0.422875 -0.0851468 0.902179 -2.07192 1.86542 0.843846</i>
                        <i>0.0826175 0.995191 0.0526186 -0.902076 0.0522364 0.428405 0.423596 -0.0828597 0.902054 -2.07218 1.86595 0.845092</i>
                        <i>0.0844352 0.995208 0.0493147 -0.90154 0.0552226 0.429157 0.424378 -0.0806952 0.901882 -2.07251 1.86644 0.846389</i>
                        <i>0.0864465 0.995191 0.0460701 -0.900956 0.0583564 0.429969 0.425213 -0.0786765 0.901667 -2.07288 1.86686 0.84771</i>
                        <i>0.0886018 0.995142 0.0429307 -0.900331 0.0615744 0.430827 0.42609 -0.076824 0.901413 -2.07328 1.8672 0.849027</i>
                        <i>0.0908526 0.995063 0.0399395 -0.899679 0.0648158 0.431714 0.426994 -0.0751551 0.901126 -2.07371 1.86742 0.850311</i>
                        <i>0.0931524 0.994959 0.0371356 -0.899012 0.0680228 0.432609 0.427902 -0.0736839 0.900817 -2.07417 1.8675 0.851534</i>
                        <i>0.0954547 0.994833 0.0345673 -0.898347 0.0711344 0.433489 0.42879 -0.072432 0.900496 -2.07463 1.86745 0.85267</i>
                        <i>0.0977113 0.994691 0.0322948 -0.897704 0.0740827 0.434326 0.429628 -0.0714298 0.900176 -2.07509 1.8673 0.853694</i>
                        <i>0.099872 0.994536 0.0303849 -0.897105 0.076795 0.435092 0.430381 -0.070712 0.899873 -2.07554 1.86706 0.854581</i>
                        <i>0.101885 0.994376 0.0289109 -0.896575 0.0791945 0.435754 0.431013 -0.0703174 0.899602 -2.07596 1.86677 0.855307</i>
                        <i>0.103695 0.994216 0.0279513 -0.89614 0.0812 0.436279 0.431486 -0.070288 0.899377 -2.07634 1.86645 0.855846</i>
                        <i>0.105246 0.994063 0.0275882 -0.895827 0.0827273 0.436634 0.43176 -0.0706682 0.899216 -2.07667 1.86614 0.856177</i>
                        <i>0.106481 0.993923 0.027905 -0.895662 0.0836906 0.436789 0.4318 -0.0715031 0.899131 -2.07694 1.86586 0.856274</i>
                        <i>0.10734 0.9938 0.0289835 -0.895669 0.0840041 0.436715 0.431573 -0.0728364 0.899133 -2.07713 1.86563 0.856114</i>
                        <i>0.107763 0.993696 0.0308998 -0.895868 0.0835843 0.436388 0.431055 -0.0747088 0.899228 -2.07723 1.86549 0.855675</i>
                        <i>0.108739 0.993234 0.0407746 -0.896615 0.0802844 0.435471 0.429251 -0.083912 0.899279 -2.07721 1.86672 0.854226</i>
                        <i>0.110479 0.992004 0.0610111 -0.898095 0.0733499 0.433641 0.425699 -0.102702 0.899018 -2.07701 1.86968 0.851283</i>
                        <i>0.111749 0.99013 0.0845851 -0.900051 0.0647675 0.430944 0.421213 -0.124288 0.898405 -2.07665 1.87301 0.847194</i>
                        <i>0.111358 0.98827 0.104507 -0.902252 0.0564591 0.427497 0.416583 -0.141897 0.897956 -2.07613 1.87531 0.842304</i>
                        <i>0.108218 0.987581 0.113901 -0.90452 0.0502779 0.423456 0.41247 -0.148852 0.898728 -2.07544 1.87518 0.836948</i>
                        <i>0.103055 0.988761 0.108311 -0.906759 0.0486286 0.418835 0.408861 -0.141375 0.90158 -2.07404 1.87125 0.832024</i>
                        <i>0.0976021 0.990945 0.0922057 -0.90885 0.0509947 0.413995 0.405544 -0.124208 0.905597 -2.07176 1.86454 0.828278</i>
                        <i>0.0924668 0.993088 0.0722873 -0.91066 0.0549855 0.409482 0.402677 -0.103693 0.90945 -2.06921 1.85721 0.825723</i>
                        <i>0.0884058 0.994542 0.0554123 -0.911975 0.058442 0.406063 0.400608 -0.0864329 0.912164 -2.06707 1.85133 0.82426</i>
                        <i>0.0862043 0.995099 0.0484485 -0.912464 0.0593356 0.404831 0.399973 -0.0791058 0.913107 -2.06604 1.84893 0.823753</i>
                        <i>0.0856427 0.995054 0.0503378 -0.912383 0.058029 0.405203 0.400278 -0.08063 0.91284 -2.06575 1.849 0.823927</i>
                        <i>0.0859154 0.994779 0.0550689 -0.91225 0.0563265 0.405744 0.400524 -0.0850962 0.912326 -2.06542 1.84917 0.8245</i>
