<?xml version="1.0" encoding="ISO-8859-1" ?>
<Animl Version="1">
    <ModellingPackage><![CDATA[Maya.2010]]></ModellingPackage>
    <SrcFile><![CDATA[anims\turrets\mortar\blue\~src\mortar_m252\mortar_m252_aim_high_crewman_c.mb]]></SrcFile>
    <FramesPerSecond>30</FramesPerSecond>
    <TotalFrames>33</TotalFrames>
    <Skeleton>
        <RefFrame>
            <Name><![CDATA[soldier_ref_frame]]></Name>
            <Exclude>0</Exclude>
            <Additive>0</Additive>
            <IKPriority>0</IKPriority>
            <IKRotLimits>-1e+010 -1e+010 -1e+010 1e+010 1e+010 1e+010</IKRotLimits>
            <IKRotLimitOrder>0</IKRotLimitOrder>
            <KeyFrames count="33">
                <i>1 0 0 0 1 0 0 0 1 2.06 0.92 -0.34</i>
                <i>1 0 0 0 1 0 0 0 1 2.06 0.92 -0.34</i>
                <i>1 0 0 0 1 0 0 0 1 2.06 0.92 -0.34</i>
                <i>1 0 0 0 1 0 0 0 1 2.06 0.92 -0.34</i>
                <i>1 0 0 0 1 0 0 0 1 2.06 0.92 -0.34</i>
                <i>1 0 0 0 1 0 0 0 1 2.06 0.92 -0.34</i>
                <i>1 0 0 0 1 0 0 0 1 2.06 0.92 -0.34</i>
                <i>1 0 0 0 1 0 0 0 1 2.06 0.92 -0.34</i>
                <i>1 0 0 0 1 0 0 0 1 2.06 0.92 -0.34</i>
                <i>1 0 0 0 1 0 0 0 1 2.06 0.92 -0.34</i>
                <i>1 0 0 0 1 0 0 0 1 2.06 0.92 -0.34</i>
                <i>1 0 0 0 1 0 0 0 1 2.06 0.92 -0.34</i>
                <i>1 0 0 0 1 0 0 0 1 2.06 0.92 -0.34</i>
                <i>1 0 0 0 1 0 0 0 1 2.06 0.92 -0.34</i>
                <i>1 0 0 0 1 0 0 0 1 2.06 0.92 -0.34</i>
                <i>1 0 0 0 1 0 0 0 1 2.06 0.92 -0.34</i>
                <i>1 0 0 0 1 0 0 0 1 2.06 0.92 -0.34</i>
                <i>1 0 0 0 1 0 0 0 1 2.06 0.92 -0.34</i>
                <i>1 0 0 0 1 0 0 0 1 2.06 0.92 -0.34</i>
                <i>1 0 0 0 1 0 0 0 1 2.06 0.92 -0.34</i>
                <i>1 0 0 0 1 0 0 0 1 2.06 0.92 -0.34</i>
                <i>1 0 0 0 1 0 0 0 1 2.06 0.92 -0.34</i>
                <i>1 0 0 0 1 0 0 0 1 2.06 0.92 -0.34</i>
                <i>1 0 0 0 1 0 0 0 1 2.06 0.92 -0.34</i>
                <i>1 0 0 0 1 0 0 0 1 2.06 0.92 -0.34</i>
                <i>1 0 0 0 1 0 0 0 1 2.06 0.92 -0.34</i>
                <i>1 0 0 0 1 0 0 0 1 2.06 0.92 -0.34</i>
                <i>1 0 0 0 1 0 0 0 1 2.06 0.92 -0.34</i>
                <i>1 0 0 0 1 0 0 0 1 2.06 0.92 -0.34</i>
                <i>1 0 0 0 1 0 0 0 1 2.06 0.92 -0.34</i>
                <i>1 0 0 0 1 0 0 0 1 2.06 0.92 -0.34</i>
                <i>1 0 0 0 1 0 0 0 1 2.06 0.92 -0.34</i>
                <i>1 0 0 0 1 0 0 0 1 2.06 0.92 -0.34</i>
            </KeyFrames>
        </RefFrame>
        <Bones count="23">
            <i>
                <p>
                    <Name><![CDATA[pelvis]]></Name>
                    <Exclude>0</Exclude>
                    <Additive>0</Additive>
                    <IKPriority>0</IKPriority>
                    <IKRotLimits>-1e+010 -1e+010 -1e+010 1e+010 1e+010 1e+010</IKRotLimits>
                    <IKRotLimitOrder>2</IKRotLimitOrder>
                    <KeyFrames count="33">
                        <i>1 0 0 0 1 0 0 0 1 2.03956 2.01697 -0.0388203</i>
                        <i>1 0 0 0 1 0 0 0 1 2.03956 2.01476 -0.0388203</i>
                        <i>1 0 0 0 1 0 0 0 1 2.03956 2.01269 -0.0388203</i>
                        <i>1 0 0 0 1 0 0 0 1 2.03956 2.0108 -0.0388203</i>
                        <i>1 0 0 0 1 0 0 0 1 2.03956 2.01269 -0.0388203</i>
                        <i>1 0 0 0 1 0 0 0 1 2.03956 2.01476 -0.0388203</i>
                        <i>1 0 0 0 1 0 0 0 1 2.03956 2.01697 -0.0388203</i>
                        <i>1 0 0 0 1 0 0 0 1 2.03956 2.01928 -0.0388203</i>
                        <i>1 0 0 0 1 0 0 0 1 2.03956 2.02164 -0.0388203</i>
                        <i>1 0 0 0 1 0 0 0 1 2.03956 2.02402 -0.0388203</i>
                        <i>1 0 0 0 1 0 0 0 1 2.03956 2.02636 -0.0388203</i>
                        <i>1 0 0 0 1 0 0 0 1 2.03956 2.02864 -0.0388203</i>
                        <i>1 0 0 0 1 0 0 0 1 2.03956 2.03081 -0.0388203</i>
                        <i>1 0 0 0 1 0 0 0 1 2.03956 2.03283 -0.0388203</i>
                        <i>1 0 0 0 1 0 0 0 1 2.03956 2.03465 -0.0388203</i>
                        <i>1 0 0 0 1 0 0 0 1 2.03956 2.03623 -0.0388203</i>
                        <i>1 0 0 0 1 0 0 0 1 2.03956 2.03753 -0.0388203</i>
                        <i>1 0 0 0 1 0 0 0 1 2.03956 2.03852 -0.0388203</i>
                        <i>1 0 0 0 1 0 0 0 1 2.03956 2.03914 -0.0388203</i>
                        <i>1 0 0 0 1 0 0 0 1 2.03956 2.03935 -0.0388203</i>
                        <i>1 0 0 0 1 0 0 0 1 2.03956 2.03914 -0.0388203</i>
                        <i>1 0 0 0 1 0 0 0 1 2.03956 2.03852 -0.0388203</i>
                        <i>1 0 0 0 1 0 0 0 1 2.03956 2.03753 -0.0388203</i>
                        <i>1 0 0 0 1 0 0 0 1 2.03956 2.03623 -0.0388203</i>
                        <i>1 0 0 0 1 0 0 0 1 2.03956 2.03465 -0.0388203</i>
                        <i>1 0 0 0 1 0 0 0 1 2.03956 2.03283 -0.0388203</i>
                        <i>1 0 0 0 1 0 0 0 1 2.03956 2.03081 -0.0388203</i>
                        <i>1 0 0 0 1 0 0 0 1 2.03956 2.02864 -0.0388203</i>
                        <i>1 0 0 0 1 0 0 0 1 2.03956 2.02636 -0.0388203</i>
                        <i>1 0 0 0 1 0 0 0 1 2.03956 2.02402 -0.0388203</i>
                        <i>1 0 0 0 1 0 0 0 1 2.03956 2.02164 -0.0388203</i>
                        <i>1 0 0 0 1 0 0 0 1 2.03956 2.01928 -0.0388203</i>
                        <i>1 0 0 0 1 0 0 0 1 2.03956 2.01697 -0.0388203</i>
                    </KeyFrames>
                </p>
            </i>
            <i>
                <p>
                    <Name><![CDATA[spine0]]></Name>
                    <Exclude>0</Exclude>
                    <Additive>0</Additive>
                    <IKPriority>0</IKPriority>
                    <IKRotLimits>-1e+010 -1e+010 -1e+010 1e+010 1e+010 1e+010</IKRotLimits>
                    <IKRotLimitOrder>0</IKRotLimitOrder>
                    <KeyFrames count="33">
                        <i>0.040128 0.998536 -0.0362579 0.596242 0.00518903 0.802788 0.801801 -0.0538328 -0.595161 1.98043 2.14398 -0.00614002</i>
                        <i>0.0411049 0.9986 -0.033302 0.596598 0.00220609 0.802537 0.801487 -0.0528561 -0.595672 1.98043 2.14177 -0.00614002</i>
                        <i>0.0422041 0.998639 -0.0306567 0.596928 -0.000597926 0.802295 0.801184 -0.05216 -0.59614 1.98043 2.1397 -0.00614002</i>
                        <i>0.0434338 0.998653 -0.028396 0.597226 -0.00316851 0.802067 0.800896 -0.0517956 -0.596559 1.98043 2.13781 -0.00614002</i>
                        <i>0.0422041 0.998639 -0.0306567 0.596928 -0.000597923 0.802295 0.801184 -0.05216 -0.59614 1.98043 2.1397 -0.00614002</i>
                        <i>0.0411049 0.9986 -0.033302 0.596598 0.00220609 0.802537 0.801487 -0.0528561 -0.595672 1.98043 2.14177 -0.00614002</i>
                        <i>0.040128 0.998536 -0.0362579 0.596242 0.00518904 0.802788 0.801801 -0.0538328 -0.595161 1.98043 2.14398 -0.00614002</i>
                        <i>0.0392656 0.99845 -0.0394503 0.595865 0.00829612 0.803042 0.802124 -0.055039 -0.594616 1.98043 2.14629 -0.00614002</i>
                        <i>0.0385102 0.998341 -0.042805 0.595474 0.0114722 0.803293 0.802451 -0.0564243 -0.594044 1.98043 2.14865 -0.00614002</i>
                        <i>0.037855 0.998212 -0.046248 0.595075 0.0146616 0.803537 0.802778 -0.0579389 -0.593456 1.98043 2.15103 -0.00614002</i>
                        <i>0.037293 0.998067 -0.0497053 0.594675 0.0178088 0.803769 0.803101 -0.0595335 -0.592862 1.98043 2.15338 -0.00614002</i>
                        <i>0.0368178 0.99791 -0.0531034 0.594282 0.0208578 0.803986 0.803414 -0.0611594 -0.592272 1.98043 2.15566 -0.00614002</i>
                        <i>0.0364228 0.997745 -0.0563691 0.593903 0.0237531 0.804186 0.803711 -0.0627685 -0.591699 1.98043 2.15782 -0.00614002</i>
                        <i>0.0361017 0.997579 -0.05943 0.593548 0.0264393 0.804364 0.803989 -0.0643135 -0.591156 1.98043 2.15984 -0.00614002</i>
                        <i>0.035848 0.997419 -0.0622143 0.593223 0.0288613 0.804521 0.80424 -0.0657474 -0.590657 1.98043 2.16166 -0.00614002</i>
                        <i>0.0356553 0.997271 -0.0646507 0.592938 0.0309644 0.804652 0.804458 -0.067024 -0.590216 1.98043 2.16324 -0.00614002</i>
                        <i>0.035517 0.997143 -0.0666686 0.592702 0.0326945 0.804758 0.804638 -0.0680972 -0.589848 1.98043 2.16454 -0.00614002</i>
                        <i>0.0354264 0.997043 -0.0681976 0.592523 0.0339975 0.804836 0.804774 -0.0689211 -0.589566 1.98043 2.16553 -0.00614002</i>
                        <i>0.0353769 0.996978 -0.0691672 0.59241 0.0348192 0.804884 0.80486 -0.0694496 -0.589387 1.98043 2.16615 -0.00614002</i>
                        <i>0.0353618 0.996955 -0.0695063 0.59237 0.0351053 0.804901 0.80489 -0.0696362 -0.589325 1.98043 2.16636 -0.00614002</i>
                        <i>0.0353769 0.996978 -0.0691672 0.59241 0.0348192 0.804884 0.80486 -0.0694496 -0.589387 1.98043 2.16615 -0.00614002</i>
                        <i>0.0354264 0.997043 -0.0681976 0.592523 0.0339975 0.804836 0.804774 -0.0689211 -0.589566 1.98043 2.16553 -0.00614002</i>
                        <i>0.035517 0.997143 -0.0666686 0.592702 0.0326945 0.804758 0.804638 -0.0680972 -0.589848 1.98043 2.16454 -0.00614002</i>
                        <i>0.0356553 0.997271 -0.0646507 0.592938 0.0309644 0.804652 0.804458 -0.067024 -0.590216 1.98043 2.16324 -0.00614002</i>
                        <i>0.035848 0.997419 -0.0622143 0.593223 0.0288613 0.804521 0.80424 -0.0657474 -0.590657 1.98043 2.16166 -0.00614002</i>
                        <i>0.0361017 0.997579 -0.05943 0.593548 0.0264393 0.804364 0.803989 -0.0643135 -0.591156 1.98043 2.15984 -0.00614002</i>
                        <i>0.0364228 0.997745 -0.0563691 0.593903 0.0237531 0.804186 0.803711 -0.0627685 -0.591699 1.98043 2.15782 -0.00614002</i>
                        <i>0.0368178 0.99791 -0.0531034 0.594282 0.0208578 0.803986 0.803414 -0.0611594 -0.592272 1.98043 2.15566 -0.00614002</i>
                        <i>0.037293 0.998067 -0.0497053 0.594675 0.0178088 0.803769 0.803101 -0.0595335 -0.592862 1.98043 2.15338 -0.00614002</i>
                        <i>0.037855 0.998212 -0.046248 0.595075 0.0146616 0.803537 0.802778 -0.0579389 -0.593456 1.98043 2.15103 -0.00614002</i>
                        <i>0.0385102 0.998341 -0.042805 0.595474 0.0114722 0.803293 0.802451 -0.0564243 -0.594044 1.98043 2.14865 -0.00614002</i>
                        <i>0.0392656 0.99845 -0.0394503 0.595865 0.00829612 0.803042 0.802124 -0.055039 -0.594616 1.98043 2.14629 -0.00614002</i>
                        <i>0.040128 0.998536 -0.0362579 0.596242 0.00518903 0.802788 0.801801 -0.0538328 -0.595161 1.98043 2.14398 -0.00614002</i>
                    </KeyFrames>
                </p>
            </i>
            <i>
                <p>
                    <Name><![CDATA[spine1]]></Name>
                    <Exclude>0</Exclude>
                    <Additive>0</Additive>
                    <IKPriority>0</IKPriority>
                    <IKRotLimits>-1e+010 -1e+010 -1e+010 1e+010 1e+010 1e+010</IKRotLimits>
                    <IKRotLimitOrder>0</IKRotLimitOrder>
                    <KeyFrames count="33">
                        <i>0.363068 0.92081 -0.142444 0.557931 -0.0924072 0.824727 0.746254 -0.378905 -0.547298 1.98781 2.32927 -0.012817</i>
                        <i>0.363985 0.920553 -0.141764 0.557611 -0.0934568 0.824825 0.746046 -0.379273 -0.547327 1.98798 2.32686 -0.0122621</i>
                        <i>0.364897 0.920282 -0.141176 0.557274 -0.0944121 0.824944 0.745852 -0.379693 -0.5473 1.98818 2.32459 -0.0117662</i>
                        <i>0.365797 0.919998 -0.1407 0.556936 -0.0952587 0.825074 0.745664 -0.380171 -0.547225 1.9884 2.32251 -0.0113428</i>
                        <i>0.364897 0.920282 -0.141176 0.557274 -0.0944121 0.824944 0.745852 -0.379693 -0.5473 1.98818 2.32459 -0.0117662</i>
                        <i>0.363985 0.920553 -0.141764 0.557611 -0.0934568 0.824825 0.746046 -0.379273 -0.547327 1.98798 2.32686 -0.0122621</i>
                        <i>0.363068 0.92081 -0.142444 0.557931 -0.0924072 0.824727 0.746254 -0.378905 -0.547298 1.98781 2.32927 -0.012817</i>
                        <i>0.362152 0.921054 -0.143196 0.558218 -0.0912786 0.824658 0.746484 -0.378586 -0.547206 1.98766 2.33178 -0.0134173</i>
                        <i>0.361247 0.921284 -0.144 0.55846 -0.0900875 0.824625 0.746741 -0.378312 -0.547045 1.98753 2.33435 -0.0140494</i>
                        <i>0.360362 0.9215 -0.144838 0.558649 -0.0888527 0.824631 0.747028 -0.378079 -0.546814 1.98741 2.33693 -0.0146995</i>
                        <i>0.359504 0.9217 -0.14569 0.55878 -0.0875953 0.824677 0.747343 -0.377883 -0.546518 1.98731 2.33947 -0.0153537</i>
                        <i>0.358685 0.921885 -0.146536 0.55885 -0.0863389 0.824762 0.747684 -0.377721 -0.546164 1.98723 2.34194 -0.015998</i>
                        <i>0.357916 0.922053 -0.147356 0.558865 -0.0851098 0.82488 0.748041 -0.37759 -0.545765 1.98716 2.34429 -0.0166187</i>
                        <i>0.357209 0.922203 -0.148132 0.558831 -0.0839369 0.825023 0.748405 -0.377486 -0.545339 1.98711 2.34646 -0.0172016</i>
                        <i>0.356575 0.922334 -0.148844 0.55876 -0.0828512 0.825181 0.74876 -0.377407 -0.544906 1.98707 2.34843 -0.0177329</i>
                        <i>0.356027 0.922444 -0.149471 0.558665 -0.0818858 0.825341 0.749091 -0.377348 -0.544491 1.98704 2.35014 -0.0181986</i>
                        <i>0.355579 0.922532 -0.149994 0.558564 -0.0810752 0.82549 0.74938 -0.377308 -0.544122 1.98702 2.35155 -0.0185849</i>
                        <i>0.355243 0.922597 -0.150393 0.558472 -0.0804543 0.825612 0.749608 -0.377283 -0.543825 1.987 2.35261 -0.0188779</i>
                        <i>0.355032 0.922636 -0.150647 0.558407 -0.0800576 0.825695 0.749756 -0.377271 -0.543629 1.98699 2.35328 -0.0190639</i>
                        <i>0.354959 0.92265 -0.150736 0.558383 -0.0799184 0.825725 0.749808 -0.377267 -0.543559 1.98699 2.35351 -0.019129</i>
                        <i>0.355032 0.922636 -0.150647 0.558407 -0.0800576 0.825695 0.749756 -0.377271 -0.543629 1.98699 2.35328 -0.0190639</i>
                        <i>0.355243 0.922597 -0.150393 0.558472 -0.0804543 0.825612 0.749608 -0.377283 -0.543825 1.987 2.35261 -0.0188779</i>
                        <i>0.355579 0.922532 -0.149994 0.558564 -0.0810752 0.82549 0.74938 -0.377308 -0.544122 1.98702 2.35155 -0.0185849</i>
                        <i>0.356027 0.922444 -0.149471 0.558665 -0.0818858 0.825341 0.749091 -0.377348 -0.544491 1.98704 2.35014 -0.0181986</i>
                        <i>0.356575 0.922334 -0.148844 0.55876 -0.0828512 0.825181 0.74876 -0.377407 -0.544906 1.98707 2.34843 -0.0177329</i>
                        <i>0.357209 0.922203 -0.148132 0.558831 -0.0839369 0.825023 0.748405 -0.377486 -0.545339 1.98711 2.34646 -0.0172016</i>
                        <i>0.357916 0.922053 -0.147356 0.558865 -0.0851098 0.82488 0.748041 -0.37759 -0.545765 1.98716 2.34429 -0.0166187</i>
                        <i>0.358685 0.921885 -0.146536 0.55885 -0.0863389 0.824762 0.747684 -0.377721 -0.546164 1.98723 2.34194 -0.015998</i>
                        <i>0.359504 0.9217 -0.14569 0.55878 -0.0875953 0.824677 0.747343 -0.377883 -0.546518 1.98731 2.33947 -0.0153537</i>
                        <i>0.360362 0.9215 -0.144838 0.558649 -0.0888527 0.824631 0.747028 -0.378079 -0.546814 1.98741 2.33693 -0.0146995</i>
                        <i>0.361247 0.921284 -0.144 0.55846 -0.0900875 0.824625 0.746741 -0.378312 -0.547045 1.98753 2.33435 -0.0140494</i>
                        <i>0.362152 0.921054 -0.143196 0.558218 -0.0912786 0.824658 0.746484 -0.378586 -0.547206 1.98766 2.33178 -0.0134173</i>
                        <i>0.363068 0.92081 -0.142444 0.557931 -0.0924072 0.824727 0.746254 -0.378905 -0.547298 1.98781 2.32927 -0.012817</i>
                    </KeyFrames>
                </p>
            </i>
            <i>
                <p>
                    <Name><![CDATA[spine2]]></Name>
                    <Exclude>0</Exclude>
                    <Additive>0</Additive>
                    <IKPriority>0</IKPriority>
                    <IKRotLimits>-1e+010 -1e+010 -1e+010 1e+010 1e+010 1e+010</IKRotLimits>
                    <IKRotLimitOrder>0</IKRotLimitOrder>
                    <KeyFrames count="33">
                        <i>0.479636 0.857525 -0.186009 0.506678 -0.0975908 0.856594 0.716399 -0.5051 -0.481297 2.04998 2.4863 -0.0372311</i>
                        <i>0.478281 0.85711 -0.191336 0.507612 -0.0920199 0.856658 0.716643 -0.506848 -0.47909 2.05024 2.48366 -0.0365298</i>
                        <i>0.476721 0.856894 -0.196136 0.508429 -0.0867601 0.856722 0.717103 -0.508139 -0.47703 2.05052 2.48117 -0.0359046</i>
                        <i>0.474939 0.856924 -0.200282 0.509119 -0.0819224 0.856788 0.717795 -0.50889 -0.475185 2.05082 2.47888 -0.0353727</i>
                        <i>0.476721 0.856894 -0.196136 0.508429 -0.0867601 0.856722 0.717103 -0.508139 -0.47703 2.05052 2.48117 -0.0359046</i>
                        <i>0.478281 0.85711 -0.191336 0.507612 -0.0920199 0.856658 0.716643 -0.506848 -0.47909 2.05024 2.48366 -0.0365298</i>
                        <i>0.479636 0.857525 -0.186009 0.506678 -0.0975908 0.856594 0.716399 -0.5051 -0.481297 2.04998 2.4863 -0.0372311</i>
                        <i>0.480802 0.858096 -0.180281 0.505639 -0.103363 0.856531 0.716351 -0.502979 -0.483584 2.04975 2.48904 -0.0379913</i>
                        <i>0.481793 0.858779 -0.174279 0.504509 -0.10923 0.856469 0.716481 -0.500566 -0.485889 2.04954 2.49184 -0.0387931</i>
                        <i>0.482625 0.859538 -0.16813 0.503307 -0.115086 0.856409 0.716767 -0.497946 -0.488155 2.04935 2.49465 -0.0396189</i>
                        <i>0.483312 0.860336 -0.161961 0.502055 -0.120828 0.856354 0.717183 -0.495199 -0.490333 2.04918 2.49742 -0.0404512</i>
                        <i>0.483867 0.861144 -0.155899 0.500777 -0.126358 0.856304 0.717701 -0.492408 -0.492381 2.04903 2.5001 -0.0412721</i>
                        <i>0.484305 0.861932 -0.150073 0.499505 -0.131578 0.856261 0.718292 -0.489653 -0.494263 2.0489 2.50265 -0.0420639</i>
                        <i>0.484639 0.862678 -0.144609 0.498272 -0.136394 0.856225 0.718923 -0.487014 -0.49595 2.04879 2.50502 -0.0428085</i>
                        <i>0.484883 0.86336 -0.139635 0.497115 -0.140715 0.856199 0.719559 -0.484571 -0.497419 2.0487 2.50716 -0.0434881</i>
                        <i>0.485051 0.863959 -0.135279 0.496075 -0.14445 0.85618 0.720163 -0.4824 -0.498654 2.04863 2.50902 -0.0440845</i>
                        <i>0.485158 0.864457 -0.131669 0.495194 -0.14751 0.856168 0.720698 -0.480578 -0.499639 2.04857 2.51055 -0.0445797</i>
                        <i>0.485216 0.864836 -0.128932 0.494514 -0.149808 0.856162 0.721125 -0.479182 -0.500363 2.04853 2.51171 -0.0449557</i>
                        <i>0.485241 0.86508 -0.127196 0.494077 -0.151253 0.85616 0.721408 -0.478288 -0.50081 2.04851 2.51244 -0.0451945</i>
                        <i>0.485246 0.865166 -0.126589 0.493923 -0.151756 0.85616 0.72151 -0.477973 -0.500964 2.0485 2.51269 -0.0452781</i>
                        <i>0.485241 0.86508 -0.127196 0.494077 -0.151253 0.85616 0.721408 -0.478288 -0.50081 2.04851 2.51244 -0.0451945</i>
                        <i>0.485216 0.864836 -0.128932 0.494514 -0.149808 0.856162 0.721125 -0.479182 -0.500363 2.04853 2.51171 -0.0449557</i>
                        <i>0.485158 0.864457 -0.131669 0.495194 -0.14751 0.856168 0.720698 -0.480578 -0.499639 2.04857 2.51055 -0.0445797</i>
                        <i>0.485051 0.863959 -0.135279 0.496075 -0.14445 0.85618 0.720163 -0.4824 -0.498654 2.04863 2.50902 -0.0440845</i>
                        <i>0.484883 0.86336 -0.139635 0.497115 -0.140715 0.856199 0.719559 -0.484571 -0.497419 2.0487 2.50716 -0.0434881</i>
                        <i>0.484639 0.862678 -0.144609 0.498272 -0.136394 0.856225 0.718923 -0.487014 -0.49595 2.04879 2.50502 -0.0428085</i>
                        <i>0.484305 0.861932 -0.150073 0.499505 -0.131578 0.856261 0.718292 -0.489653 -0.494263 2.0489 2.50265 -0.0420639</i>
                        <i>0.483867 0.861144 -0.155899 0.500777 -0.126358 0.856304 0.717701 -0.492408 -0.492381 2.04903 2.5001 -0.0412721</i>
                        <i>0.483312 0.860336 -0.161961 0.502055 -0.120828 0.856354 0.717183 -0.495199 -0.490333 2.04918 2.49742 -0.0404512</i>
                        <i>0.482625 0.859538 -0.16813 0.503307 -0.115086 0.856409 0.716767 -0.497946 -0.488155 2.04935 2.49465 -0.0396189</i>
                        <i>0.481793 0.858779 -0.174279 0.504509 -0.10923 0.856469 0.716481 -0.500566 -0.485889 2.04954 2.49184 -0.0387931</i>
                        <i>0.480802 0.858096 -0.180281 0.505639 -0.103363 0.856531 0.716351 -0.502979 -0.483584 2.04975 2.48904 -0.0379913</i>
                        <i>0.479636 0.857525 -0.186009 0.506678 -0.0975908 0.856594 0.716399 -0.5051 -0.481297 2.04998 2.4863 -0.0372311</i>
                    </KeyFrames>
                </p>
            </i>
            <i>
                <p>
                    <Name><![CDATA[head]]></Name>
                    <Exclude>0</Exclude>
                    <Additive>0</Additive>
                    <IKPriority>0</IKPriority>
                    <IKRotLimits>-1e+010 -1e+010 -1e+010 1e+010 1e+010 1e+010</IKRotLimits>
                    <IKRotLimitOrder>0</IKRotLimitOrder>
                    <KeyFrames count="33">
                        <i>0.0492038 0.998787 0.00167866 -0.774248 0.0392038 -0.631668 -0.630967 0.0297807 0.775238 2.1624 2.72406 -0.0777213</i>
                        <i>0.0475538 0.998868 0.000934387 -0.777558 0.0376049 -0.627686 -0.62701 0.0291223 0.778466 2.16202 2.72121 -0.0789287</i>
                        <i>0.0457336 0.998953 0.000884895 -0.780551 0.0362876 -0.624038 -0.623417 0.0278487 0.781394 2.16159 2.71857 -0.0800148</i>
                        <i>0.0437397 0.999042 0.0016266 -0.78318 0.0352996 -0.620793 -0.620255 0.0258794 0.783973 2.16111 2.71619 -0.0809515</i>
                        <i>0.0457336 0.998953 0.000884901 -0.780551 0.0362876 -0.624038 -0.623417 0.0278487 0.781394 2.16159 2.71857 -0.0800148</i>
                        <i>0.0475538 0.998868 0.000934388 -0.777558 0.0376049 -0.627686 -0.62701 0.0291223 0.778466 2.16202 2.72121 -0.0789287</i>
                        <i>0.0492038 0.998787 0.00167867 -0.774248 0.0392038 -0.631667 -0.630967 0.0297808 0.775238 2.1624 2.72406 -0.0777213</i>
                        <i>0.0506872 0.99871 0.00302025 -0.770671 0.0410367 -0.635911 -0.635214 0.0299049 0.771757 2.16273 2.72705 -0.0764211</i>
                        <i>0.0520082 0.998635 0.0048603 -0.766884 0.0430553 -0.64034 -0.639675 0.0295757 0.768076 2.16302 2.73012 -0.0750564</i>
                        <i>0.0531715 0.99856 0.00709816 -0.762951 0.0452098 -0.644874 -0.644266 0.0288734 0.764256 2.16327 2.73322 -0.0736563</i>
                        <i>0.0541828 0.998485 0.00963166 -0.758941 0.0474485 -0.649429 -0.648902 0.0278779 0.760361 2.16347 2.73628 -0.0722496</i>
                        <i>0.0550483 0.998407 0.0123569 -0.754932 0.0497172 -0.653916 -0.653489 0.0266683 0.756466 2.16364 2.73924 -0.0708656</i>
                        <i>0.0557757 0.998328 0.0151682 -0.75101 0.0519593 -0.658243 -0.65793 0.0253224 0.752653 2.16377 2.74206 -0.0695337</i>
                        <i>0.0563731 0.998248 0.0179585 -0.74727 0.0541149 -0.662314 -0.662126 0.0239169 0.749011 2.16388 2.74468 -0.0682834</i>
                        <i>0.0568501 0.99817 0.0206196 -0.743809 0.0561216 -0.666032 -0.66597 0.0225269 0.745638 2.16396 2.74703 -0.0671443</i>
                        <i>0.0572163 0.998096 0.0230422 -0.740734 0.0579144 -0.669297 -0.669357 0.0212265 0.742637 2.16401 2.74908 -0.066146</i>
                        <i>0.0574823 0.998031 0.0251167 -0.738154 0.0594265 -0.67201 -0.672179 0.0200887 0.740116 2.16405 2.75076 -0.0653181</i>
                        <i>0.057659 0.997978 0.0267332 -0.736179 0.0605899 -0.67407 -0.674327 0.0191858 0.738184 2.16407 2.75203 -0.0646902</i>
                        <i>0.0577573 0.997944 0.0277824 -0.734917 0.0613366 -0.675377 -0.675692 0.0185902 0.736949 2.16408 2.75283 -0.0642919</i>
                        <i>0.0577879 0.997932 0.028156 -0.734475 0.0615999 -0.675834 -0.676171 0.0183752 0.736516 2.16408 2.75311 -0.0641526</i>
                        <i>0.0577573 0.997944 0.0277824 -0.734918 0.0613366 -0.675377 -0.675692 0.0185902 0.736949 2.16408 2.75283 -0.0642919</i>
                        <i>0.057659 0.997978 0.0267332 -0.736179 0.0605899 -0.67407 -0.674327 0.0191858 0.738184 2.16407 2.75203 -0.0646902</i>
                        <i>0.0574823 0.998031 0.0251166 -0.738154 0.0594265 -0.67201 -0.672179 0.0200887 0.740116 2.16405 2.75076 -0.0653181</i>
                        <i>0.0572163 0.998096 0.0230422 -0.740734 0.0579144 -0.669297 -0.669357 0.0212265 0.742637 2.16401 2.74908 -0.066146</i>
                        <i>0.0568501 0.99817 0.0206196 -0.743809 0.0561216 -0.666032 -0.66597 0.0225269 0.745638 2.16396 2.74703 -0.0671443</i>
                        <i>0.0563731 0.998248 0.0179585 -0.74727 0.0541149 -0.662314 -0.662126 0.0239169 0.749011 2.16388 2.74468 -0.0682834</i>
                        <i>0.0557757 0.998328 0.0151682 -0.75101 0.0519593 -0.658243 -0.65793 0.0253224 0.752653 2.16377 2.74206 -0.0695337</i>
                        <i>0.0550483 0.998407 0.0123569 -0.754932 0.0497172 -0.653916 -0.653489 0.0266683 0.756466 2.16364 2.73924 -0.0708656</i>
                        <i>0.0541827 0.998485 0.00963166 -0.758941 0.0474484 -0.649429 -0.648902 0.0278779 0.760361 2.16347 2.73628 -0.0722496</i>
                        <i>0.0531715 0.99856 0.00709816 -0.762951 0.0452098 -0.644874 -0.644266 0.0288734 0.764256 2.16327 2.73322 -0.0736563</i>
                        <i>0.0520082 0.998635 0.00486029 -0.766884 0.0430553 -0.64034 -0.639675 0.0295757 0.768076 2.16302 2.73012 -0.0750565</i>
                        <i>0.0506872 0.99871 0.00302026 -0.770671 0.0410367 -0.635911 -0.635214 0.0299049 0.771757 2.16273 2.72705 -0.0764211</i>
                        <i>0.0492038 0.998787 0.00167866 -0.774248 0.0392038 -0.631668 -0.630967 0.0297807 0.775238 2.1624 2.72406 -0.0777213</i>
                    </KeyFrames>
                </p>
            </i>
            <i>
                <p>
                    <Name><![CDATA[head_prop]]></Name>
                    <Exclude>0</Exclude>
                    <Additive>0</Additive>
                    <IKPriority>0</IKPriority>
                    <IKRotLimits>-1e+010 -1e+010 -1e+010 1e+010 1e+010 1e+010</IKRotLimits>
                    <IKRotLimitOrder>0</IKRotLimitOrder>
                    <KeyFrames count="33">
                        <i>0.630967 -0.0297807 -0.775238 0.0492038 0.998787 0.00167866 0.774248 -0.0392038 0.631668 2.17844 3.04957 -0.0771742</i>
                        <i>0.62701 -0.0291223 -0.778466 0.0475538 0.998868 0.000934387 0.777558 -0.0376049 0.627686 2.17752 3.04675 -0.0786241</i>
                        <i>0.623417 -0.0278487 -0.781394 0.0457336 0.998953 0.000884895 0.780551 -0.0362876 0.624038 2.17649 3.04414 -0.0797264</i>
                        <i>0.620255 -0.0258794 -0.783973 0.0437397 0.999042 0.0016266 0.78318 -0.0352996 0.620793 2.17536 3.04179 -0.0804214</i>
                        <i>0.623417 -0.0278487 -0.781394 0.0457336 0.998953 0.000884901 0.780551 -0.0362876 0.624038 2.17649 3.04414 -0.0797264</i>
                        <i>0.62701 -0.0291223 -0.778466 0.0475538 0.998868 0.000934388 0.777558 -0.0376049 0.627686 2.17752 3.04675 -0.0786241</i>
                        <i>0.630967 -0.0297808 -0.775238 0.0492038 0.998787 0.00167867 0.774248 -0.0392038 0.631667 2.17844 3.04957 -0.0771742</i>
                        <i>0.635214 -0.0299049 -0.771757 0.0506872 0.99871 0.00302025 0.770671 -0.0410367 0.635911 2.17925 3.05254 -0.0754367</i>
                        <i>0.639675 -0.0295757 -0.768076 0.0520082 0.998635 0.0048603 0.766884 -0.0430553 0.64034 2.17997 3.05559 -0.0734724</i>
                        <i>0.644266 -0.0288734 -0.764256 0.0531715 0.99856 0.00709816 0.762951 -0.0452098 0.644874 2.18059 3.05866 -0.0713429</i>
                        <i>0.648902 -0.0278779 -0.760361 0.0541828 0.998485 0.00963166 0.758941 -0.0474485 0.649429 2.18113 3.06169 -0.0691106</i>
                        <i>0.653489 -0.0266683 -0.756466 0.0550483 0.998407 0.0123569 0.754932 -0.0497172 0.653916 2.18158 3.06463 -0.0668384</i>
                        <i>0.65793 -0.0253224 -0.752653 0.0557757 0.998328 0.0151682 0.75101 -0.0519593 0.658243 2.18195 3.06743 -0.0645903</i>
                        <i>0.662126 -0.0239169 -0.749011 0.0563731 0.998248 0.0179585 0.74727 -0.0541149 0.662314 2.18225 3.07001 -0.0624306</i>
                        <i>0.66597 -0.0225269 -0.745638 0.0568501 0.99817 0.0206196 0.743809 -0.0561216 0.666032 2.18248 3.07234 -0.0604242</i>
                        <i>0.669357 -0.0212265 -0.742637 0.0572163 0.998096 0.0230422 0.740734 -0.0579144 0.669297 2.18266 3.07437 -0.0586363</i>
                        <i>0.672179 -0.0200887 -0.740116 0.0574823 0.998031 0.0251167 0.738154 -0.0594265 0.67201 2.18278 3.07603 -0.0571323</i>
                        <i>0.674327 -0.0191858 -0.738184 0.057659 0.997978 0.0267332 0.736179 -0.0605899 0.67407 2.18286 3.07728 -0.0559776</i>
                        <i>0.675692 -0.0185902 -0.736949 0.0577573 0.997944 0.0277824 0.734917 -0.0613366 0.675377 2.1829 3.07807 -0.0552374</i>
                        <i>0.676171 -0.0183752 -0.736516 0.0577879 0.997932 0.028156 0.734475 -0.0615999 0.675834 2.18291 3.07834 -0.0549763</i>
                        <i>0.675692 -0.0185902 -0.736949 0.0577573 0.997944 0.0277824 0.734918 -0.0613366 0.675377 2.1829 3.07807 -0.0552374</i>
                        <i>0.674327 -0.0191858 -0.738184 0.057659 0.997978 0.0267332 0.736179 -0.0605899 0.67407 2.18286 3.07728 -0.0559776</i>
                        <i>0.672179 -0.0200887 -0.740116 0.0574823 0.998031 0.0251166 0.738154 -0.0594265 0.67201 2.18278 3.07603 -0.0571323</i>
                        <i>0.669357 -0.0212265 -0.742637 0.0572163 0.998096 0.0230422 0.740734 -0.0579144 0.669297 2.18266 3.07437 -0.0586363</i>
                        <i>0.66597 -0.0225269 -0.745638 0.0568501 0.99817 0.0206196 0.743809 -0.0561216 0.666032 2.18248 3.07234 -0.0604242</i>
                        <i>0.662126 -0.0239169 -0.749011 0.0563731 0.998248 0.0179585 0.74727 -0.0541149 0.662314 2.18225 3.07001 -0.0624306</i>
                        <i>0.65793 -0.0253224 -0.752653 0.0557757 0.998328 0.0151682 0.75101 -0.0519593 0.658243 2.18195 3.06743 -0.0645903</i>
                        <i>0.653489 -0.0266683 -0.756466 0.0550483 0.998407 0.0123569 0.754932 -0.0497172 0.653916 2.18158 3.06463 -0.0668384</i>
                        <i>0.648902 -0.0278779 -0.760361 0.0541827 0.998485 0.00963166 0.758941 -0.0474484 0.649429 2.18113 3.06169 -0.0691106</i>
                        <i>0.644266 -0.0288734 -0.764256 0.0531715 0.99856 0.00709816 0.762951 -0.0452098 0.644874 2.18059 3.05866 -0.0713429</i>
                        <i>0.639675 -0.0295757 -0.768076 0.0520082 0.998635 0.00486029 0.766884 -0.0430553 0.64034 2.17997 3.05559 -0.0734724</i>
                        <i>0.635214 -0.0299049 -0.771757 0.0506872 0.99871 0.00302026 0.770671 -0.0410367 0.635911 2.17925 3.05254 -0.0754367</i>
                        <i>0.630967 -0.0297807 -0.775238 0.0492038 0.998787 0.00167866 0.774248 -0.0392038 0.631668 2.17844 3.04957 -0.0771742</i>
                    </KeyFrames>
                </p>
            </i>
            <i>
                <p>
                    <Name><![CDATA[l_clav]]></Name>
                    <Exclude>0</Exclude>
                    <Additive>0</Additive>
                    <IKPriority>0</IKPriority>
                    <IKRotLimits>-1e+010 -1e+010 -1e+010 1e+010 1e+010 1e+010</IKRotLimits>
                    <IKRotLimitOrder>0</IKRotLimitOrder>
                    <KeyFrames count="33">
                        <i>-0.527729 0.33536 -0.780407 0.377395 0.91567 0.138282 0.760969 -0.221547 -0.609789 2.06905 2.53727 -0.142604</i>
                        <i>-0.530224 0.326484 -0.782477 0.374983 0.91802 0.128942 0.760428 -0.225048 -0.609183 2.06909 2.53355 -0.141873</i>
                        <i>-0.532639 0.318095 -0.78429 0.372121 0.920323 0.120547 0.760146 -0.227643 -0.60857 2.06918 2.53008 -0.141213</i>
                        <i>-0.53495 0.310361 -0.785814 0.368783 0.922581 0.113326 0.76015 -0.229171 -0.607991 2.06933 2.52691 -0.140647</i>
                        <i>-0.532639 0.318095 -0.78429 0.372122 0.920323 0.120547 0.760146 -0.227643 -0.60857 2.06918 2.53008 -0.141213</i>
                        <i>-0.530224 0.326484 -0.782477 0.374983 0.91802 0.128942 0.760428 -0.225048 -0.609183 2.06909 2.53355 -0.141873</i>
                        <i>-0.527729 0.33536 -0.780407 0.377395 0.91567 0.138282 0.760969 -0.221547 -0.609789 2.06905 2.53727 -0.142604</i>
                        <i>-0.525181 0.344553 -0.778118 0.379387 0.91327 0.148336 0.761742 -0.217304 -0.610351 2.06905 2.54117 -0.143389</i>
                        <i>-0.522608 0.353898 -0.775653 0.380987 0.910828 0.158877 0.762712 -0.212483 -0.610836 2.0691 2.54516 -0.144206</i>
                        <i>-0.520041 0.363231 -0.773059 0.382228 0.908357 0.169676 0.763845 -0.207247 -0.61122 2.06919 2.54919 -0.145037</i>
                        <i>-0.517516 0.372392 -0.77039 0.383145 0.90588 0.180504 0.765099 -0.201757 -0.611488 2.0693 2.55318 -0.145864</i>
                        <i>-0.515071 0.381222 -0.767705 0.383774 0.903429 0.191136 0.766433 -0.196177 -0.611634 2.06944 2.55705 -0.14667</i>
                        <i>-0.512746 0.389567 -0.765068 0.384156 0.901046 0.201346 0.767799 -0.190666 -0.611662 2.06959 2.56075 -0.147438</i>
                        <i>-0.510583 0.397276 -0.762546 0.384333 0.898779 0.210911 0.769151 -0.185384 -0.611588 2.06975 2.56419 -0.148151</i>
                        <i>-0.508627 0.404199 -0.760211 0.384351 0.896686 0.219608 0.770436 -0.180489 -0.611434 2.06991 2.5673 -0.148796</i>
                        <i>-0.506925 0.410191 -0.758136 0.384257 0.894829 0.227216 0.771605 -0.176138 -0.61123 2.07006 2.57001 -0.149356</i>
                        <i>-0.505522 0.415104 -0.756397 0.384099 0.893274 0.233517 0.772603 -0.172484 -0.611011 2.07019 2.57225 -0.149817</i>
                        <i>-0.504465 0.418796 -0.755066 0.383928 0.892086 0.238289 0.773379 -0.169683 -0.610813 2.07029 2.57394 -0.150165</i>
                        <i>-0.503799 0.421119 -0.754218 0.383791 0.891332 0.241314 0.773881 -0.167888 -0.610674 2.07036 2.57501 -0.150385</i>
                        <i>-0.503568 0.421927 -0.753921 0.383735 0.891068 0.242372 0.774059 -0.167255 -0.610622 2.07039 2.57538 -0.150461</i>
                        <i>-0.503799 0.421119 -0.754218 0.383791 0.891332 0.241314 0.773881 -0.167888 -0.610674 2.07036 2.57501 -0.150385</i>
                        <i>-0.504465 0.418796 -0.755066 0.383928 0.892086 0.238289 0.773379 -0.169683 -0.610813 2.07029 2.57394 -0.150165</i>
                        <i>-0.505522 0.415104 -0.756397 0.384099 0.893274 0.233517 0.772603 -0.172484 -0.611011 2.07019 2.57225 -0.149817</i>
                        <i>-0.506925 0.410191 -0.758136 0.384257 0.894829 0.227216 0.771605 -0.176138 -0.61123 2.07006 2.57001 -0.149356</i>
                        <i>-0.508627 0.404199 -0.760211 0.384351 0.896686 0.219608 0.770436 -0.180489 -0.611434 2.06991 2.5673 -0.148796</i>
                        <i>-0.510583 0.397276 -0.762546 0.384333 0.898779 0.210911 0.769151 -0.185384 -0.611588 2.06975 2.56419 -0.148151</i>
                        <i>-0.512746 0.389567 -0.765068 0.384156 0.901046 0.201346 0.767799 -0.190666 -0.611662 2.06959 2.56075 -0.147438</i>
                        <i>-0.515071 0.381222 -0.767705 0.383774 0.903429 0.191136 0.766433 -0.196177 -0.611634 2.06944 2.55705 -0.14667</i>
                        <i>-0.517516 0.372392 -0.77039 0.383145 0.90588 0.180504 0.765099 -0.201757 -0.611488 2.0693 2.55318 -0.145864</i>
                        <i>-0.520041 0.363231 -0.773059 0.382228 0.908357 0.169676 0.763845 -0.207247 -0.61122 2.06919 2.54919 -0.145037</i>
                        <i>-0.522608 0.353898 -0.775653 0.380987 0.910828 0.158877 0.762712 -0.212483 -0.610836 2.0691 2.54516 -0.144206</i>
                        <i>-0.525181 0.344553 -0.778118 0.379387 0.91327 0.148336 0.761742 -0.217304 -0.610351 2.06905 2.54117 -0.143389</i>
                        <i>-0.527729 0.33536 -0.780407 0.377395 0.91567 0.138282 0.760969 -0.221547 -0.609789 2.06905 2.53727 -0.142604</i>
                    </KeyFrames>
                </p>
            </i>
            <i>
                <p>
                    <Name><![CDATA[l_shoulder]]></Name>
                    <Exclude>0</Exclude>
                    <Additive>0</Additive>
                    <IKPriority>0</IKPriority>
                    <IKRotLimits>-1e+010 -1e+010 -1e+010 1e+010 1e+010 1e+010</IKRotLimits>
                    <IKRotLimitOrder>0</IKRotLimitOrder>
                    <KeyFrames count="33">
                        <i>-0.604051 -0.747089 -0.277454 -0.0955465 0.413524 -0.905466 0.791198 -0.520437 -0.321171 1.96478 2.60353 -0.296796</i>
                        <i>-0.607502 -0.746187 -0.272298 -0.0967647 0.409776 -0.907039 0.788402 -0.524679 -0.321144 1.96432 2.59806 -0.296473</i>
                        <i>-0.613169 -0.743342 -0.267331 -0.0977921 0.40724 -0.908071 0.783875 -0.530658 -0.3224 1.96394 2.59293 -0.296172</i>
                        <i>-0.621499 -0.738119 -0.262523 -0.0986098 0.406142 -0.908474 0.777184 -0.538728 -0.325203 1.96363 2.58823 -0.295907</i>
                        <i>-0.610965 -0.747602 -0.260411 -0.10046 0.3995 -0.911212 0.785258 -0.530558 -0.319185 1.96394 2.59293 -0.296172</i>
                        <i>-0.601348 -0.755987 -0.258581 -0.102288 0.393815 -0.913481 0.792412 -0.52287 -0.314149 1.96432 2.59806 -0.296473</i>
                        <i>-0.592737 -0.763174 -0.257348 -0.103938 0.389341 -0.91521 0.798661 -0.515731 -0.3101 1.96478 2.60353 -0.296796</i>
                        <i>-0.585215 -0.769065 -0.257025 -0.105261 0.386339 -0.916331 0.804017 -0.509196 -0.307044 1.96529 2.60924 -0.297128</i>
                        <i>-0.57886 -0.773563 -0.257919 -0.106112 0.385069 -0.916767 0.808494 -0.503311 -0.304985 1.96584 2.61508 -0.297458</i>
                        <i>-0.573728 -0.776573 -0.26033 -0.106357 0.385791 -0.916435 0.812111 -0.498097 -0.303933 1.96644 2.62095 -0.297777</i>
                        <i>-0.569848 -0.778002 -0.26455 -0.105871 0.388761 -0.915236 0.814902 -0.493537 -0.303903 1.96705 2.62675 -0.298077</i>
                        <i>-0.567203 -0.777762 -0.270865 -0.104542 0.394221 -0.91305 0.816916 -0.489568 -0.304911 1.96767 2.63237 -0.298352</i>
                        <i>-0.568209 -0.773433 -0.280962 -0.101476 0.404689 -0.908807 0.816603 -0.487881 -0.308433 1.96828 2.63772 -0.298599</i>
                        <i>-0.573942 -0.763796 -0.295305 -0.0963149 0.421074 -0.901898 0.813212 -0.489195 -0.315237 1.96887 2.64268 -0.298814</i>
                        <i>-0.582336 -0.750559 -0.312323 -0.089749 0.441193 -0.892913 0.807979 -0.491945 -0.324284 1.96941 2.64716 -0.298997</i>
                        <i>-0.591583 -0.735435 -0.330401 -0.0824878 0.462862 -0.882584 0.802014 -0.494867 -0.334486 1.9699 2.65106 -0.299147</i>
                        <i>-0.600304 -0.72015 -0.347878 -0.0752708 0.483915 -0.871872 0.796222 -0.497204 -0.344702 1.97031 2.65427 -0.299264</i>
                        <i>-0.607566 -0.706432 -0.363066 -0.0688617 0.502235 -0.861985 0.791278 -0.498711 -0.353787 1.97062 2.65669 -0.299349</i>
