<?xml version="1.0" encoding="ISO-8859-1" ?>
<Animl Version="1">
    <ModellingPackage><![CDATA[Maya.2010]]></ModellingPackage>
    <SrcFile><![CDATA[anims\turrets\mortar\blue\~src\mortar_m29\mortar_m29_aim_low_crewman_a.mb]]></SrcFile>
    <FramesPerSecond>30</FramesPerSecond>
    <TotalFrames>30</TotalFrames>
    <Skeleton>
        <RefFrame>
            <Name><![CDATA[soldier_ref_frame]]></Name>
            <Exclude>0</Exclude>
            <Additive>0</Additive>
            <IKPriority>0</IKPriority>
            <IKRotLimits>-1e+010 -1e+010 -1e+010 1e+010 1e+010 1e+010</IKRotLimits>
            <IKRotLimitOrder>0</IKRotLimitOrder>
            <KeyFrames count="30">
                <i>1 0 0 0 1 0 0 0 1 1.63 1.86 -0.24</i>
                <i>1 0 0 0 1 0 0 0 1 1.63 1.86 -0.24</i>
                <i>1 0 0 0 1 0 0 0 1 1.63 1.86 -0.24</i>
                <i>1 0 0 0 1 0 0 0 1 1.63 1.86 -0.24</i>
                <i>1 0 0 0 1 0 0 0 1 1.63 1.86 -0.24</i>
                <i>1 0 0 0 1 0 0 0 1 1.63 1.86 -0.24</i>
                <i>1 0 0 0 1 0 0 0 1 1.63 1.86 -0.24</i>
                <i>1 0 0 0 1 0 0 0 1 1.63 1.86 -0.24</i>
                <i>1 0 0 0 1 0 0 0 1 1.63 1.86 -0.24</i>
                <i>1 0 0 0 1 0 0 0 1 1.63 1.86 -0.24</i>
                <i>1 0 0 0 1 0 0 0 1 1.63 1.86 -0.24</i>
                <i>1 0 0 0 1 0 0 0 1 1.63 1.86 -0.24</i>
                <i>1 0 0 0 1 0 0 0 1 1.63 1.86 -0.24</i>
                <i>1 0 0 0 1 0 0 0 1 1.63 1.86 -0.24</i>
                <i>1 0 0 0 1 0 0 0 1 1.63 1.86 -0.24</i>
                <i>1 0 0 0 1 0 0 0 1 1.63 1.86 -0.24</i>
                <i>1 0 0 0 1 0 0 0 1 1.63 1.86 -0.24</i>
                <i>1 0 0 0 1 0 0 0 1 1.63 1.86 -0.24</i>
                <i>1 0 0 0 1 0 0 0 1 1.63 1.86 -0.24</i>
                <i>1 0 0 0 1 0 0 0 1 1.63 1.86 -0.24</i>
                <i>1 0 0 0 1 0 0 0 1 1.63 1.86 -0.24</i>
                <i>1 0 0 0 1 0 0 0 1 1.63 1.86 -0.24</i>
                <i>1 0 0 0 1 0 0 0 1 1.63 1.86 -0.24</i>
                <i>1 0 0 0 1 0 0 0 1 1.63 1.86 -0.24</i>
                <i>1 0 0 0 1 0 0 0 1 1.63 1.86 -0.24</i>
                <i>1 0 0 0 1 0 0 0 1 1.63 1.86 -0.24</i>
                <i>1 0 0 0 1 0 0 0 1 1.63 1.86 -0.24</i>
                <i>1 0 0 0 1 0 0 0 1 1.63 1.86 -0.24</i>
                <i>1 0 0 0 1 0 0 0 1 1.63 1.86 -0.24</i>
                <i>1 0 0 0 1 0 0 0 1 1.63 1.86 -0.24</i>
            </KeyFrames>
        </RefFrame>
        <Bones count="23">
            <i>
                <p>
                    <Name><![CDATA[pelvis]]></Name>
                    <Exclude>0</Exclude>
                    <Additive>0</Additive>
                    <IKPriority>0</IKPriority>
                    <IKRotLimits>-1e+010 -1e+010 -1e+010 1e+010 1e+010 1e+010</IKRotLimits>
                    <IKRotLimitOrder>2</IKRotLimitOrder>
                    <KeyFrames count="30">
                        <i>1 0 0 0 1 0 0 0 1 1.60103 2.69606 -0.175487</i>
                        <i>1 0 0 0 1 0 0 0 1 1.60103 2.69707 -0.175487</i>
                        <i>1 0 0 0 1 0 0 0 1 1.60103 2.69745 -0.175487</i>
                        <i>1 0 0 0 1 0 0 0 1 1.60103 2.69726 -0.175487</i>
                        <i>1 0 0 0 1 0 0 0 1 1.60103 2.69657 -0.175487</i>
                        <i>1 0 0 0 1 0 0 0 1 1.60103 2.69547 -0.175487</i>
                        <i>1 0 0 0 1 0 0 0 1 1.60103 2.69403 -0.175487</i>
                        <i>1 0 0 0 1 0 0 0 1 1.60103 2.69232 -0.175487</i>
                        <i>1 0 0 0 1 0 0 0 1 1.60103 2.69042 -0.175487</i>
                        <i>1 0 0 0 1 0 0 0 1 1.60103 2.6884 -0.175487</i>
                        <i>1 0 0 0 1 0 0 0 1 1.60103 2.68633 -0.175487</i>
                        <i>1 0 0 0 1 0 0 0 1 1.60103 2.6843 -0.175487</i>
                        <i>1 0 0 0 1 0 0 0 1 1.60103 2.68238 -0.175487</i>
                        <i>1 0 0 0 1 0 0 0 1 1.60103 2.68064 -0.175487</i>
                        <i>1 0 0 0 1 0 0 0 1 1.60103 2.67915 -0.175487</i>
                        <i>1 0 0 0 1 0 0 0 1 1.60103 2.678 -0.175487</i>
                        <i>1 0 0 0 1 0 0 0 1 1.60103 2.67725 -0.175487</i>
                        <i>1 0 0 0 1 0 0 0 1 1.60103 2.67699 -0.175487</i>
                        <i>1 0 0 0 1 0 0 0 1 1.60103 2.67736 -0.175487</i>
                        <i>1 0 0 0 1 0 0 0 1 1.60103 2.6784 -0.175487</i>
                        <i>1 0 0 0 1 0 0 0 1 1.60103 2.67997 -0.175487</i>
                        <i>1 0 0 0 1 0 0 0 1 1.60103 2.68193 -0.175487</i>
                        <i>1 0 0 0 1 0 0 0 1 1.60103 2.68416 -0.175487</i>
                        <i>1 0 0 0 1 0 0 0 1 1.60103 2.68652 -0.175487</i>
                        <i>1 0 0 0 1 0 0 0 1 1.60103 2.68888 -0.175487</i>
                        <i>1 0 0 0 1 0 0 0 1 1.60103 2.69111 -0.175487</i>
                        <i>1 0 0 0 1 0 0 0 1 1.60103 2.69308 -0.175487</i>
                        <i>1 0 0 0 1 0 0 0 1 1.60103 2.69464 -0.175487</i>
                        <i>1 0 0 0 1 0 0 0 1 1.60103 2.69568 -0.175487</i>
                        <i>1 0 0 0 1 0 0 0 1 1.60103 2.69606 -0.175487</i>
                    </KeyFrames>
                </p>
            </i>
            <i>
                <p>
                    <Name><![CDATA[spine0]]></Name>
                    <Exclude>0</Exclude>
                    <Additive>0</Additive>
                    <IKPriority>0</IKPriority>
                    <IKRotLimits>-1e+010 -1e+010 -1e+010 1e+010 1e+010 1e+010</IKRotLimits>
                    <IKRotLimitOrder>0</IKRotLimitOrder>
                    <KeyFrames count="30">
                        <i>-0.327417 0.943437 0.0522081 -0.365767 -0.075605 -0.92763 -0.871213 -0.322818 0.369833 1.62025 2.83542 -0.205593</i>
                        <i>-0.325788 0.944055 0.0512097 -0.365844 -0.0759349 -0.927573 -0.871792 -0.320927 0.370116 1.62044 2.83639 -0.20565</i>
                        <i>-0.32379 0.944786 0.0503869 -0.366194 -0.0760383 -0.927427 -0.872389 -0.318743 0.370595 1.62099 2.83665 -0.205811</i>
                        <i>-0.321545 0.945586 0.0497665 -0.366785 -0.0759256 -0.927202 -0.872971 -0.316391 0.37124 1.62184 2.83628 -0.206062</i>
                        <i>-0.319177 0.946408 0.0493787 -0.367583 -0.0756064 -0.926912 -0.873504 -0.314 0.372016 1.62293 2.83536 -0.206388</i>
                        <i>-0.316813 0.947208 0.0492543 -0.368555 -0.0750899 -0.926568 -0.873954 -0.311702 0.372888 1.62423 2.83396 -0.206776</i>
                        <i>-0.314579 0.947944 0.0494237 -0.369663 -0.0743851 -0.926184 -0.874294 -0.309628 0.37382 1.62567 2.83217 -0.207211</i>
                        <i>-0.312595 0.948574 0.0499147 -0.370868 -0.0735016 -0.925773 -0.874495 -0.307904 0.374772 1.6272 2.83007 -0.207679</i>
                        <i>-0.310973 0.949063 0.0507515 -0.372128 -0.0724493 -0.92535 -0.874538 -0.306645 0.375703 1.62878 2.82774 -0.208166</i>
                        <i>-0.309817 0.949376 0.0519543 -0.373402 -0.0712387 -0.92493 -0.874405 -0.305959 0.37657 1.63035 2.82528 -0.208655</i>
                        <i>-0.309221 0.949482 0.0535384 -0.374645 -0.0698806 -0.924531 -0.874084 -0.305942 0.377328 1.63187 2.82276 -0.209131</i>
                        <i>-0.309268 0.949353 0.0555142 -0.375815 -0.0683867 -0.924168 -0.873565 -0.306679 0.377931 1.63327 2.8203 -0.209578</i>
                        <i>-0.310093 0.948939 0.0579341 -0.376868 -0.0667496 -0.923859 -0.872819 -0.308316 0.378323 1.63453 2.81797 -0.209981</i>
                        <i>-0.311687 0.948241 0.0607436 -0.377762 -0.0650042 -0.923618 -0.871864 -0.310827 0.37847 1.63559 2.81587 -0.210323</i>
                        <i>-0.313902 0.94731 0.0637847 -0.378455 -0.0632269 -0.923458 -0.870768 -0.314015 0.378361 1.6364 2.81411 -0.210588</i>
                        <i>-0.316585 0.946202 0.0668948 -0.378912 -0.0614963 -0.923387 -0.869597 -0.317678 0.377996 1.63693 2.81277 -0.210758</i>
                        <i>-0.319579 0.944977 0.0699082 -0.379101 -0.059894 -0.923415 -0.868419 -0.321606 0.377383 1.63711 2.81196 -0.210819</i>
                        <i>-0.322777 0.943683 0.0726436 -0.378939 -0.0585166 -0.92357 -0.867307 -0.325634 0.376486 1.63683 2.81179 -0.210728</i>
                        <i>-0.32603 0.942385 0.0749397 -0.378414 -0.0574512 -0.923852 -0.866318 -0.329561 0.375343 1.63606 2.81243 -0.210476</i>
                        <i>-0.329141 0.941163 0.0766682 -0.377606 -0.0567669 -0.924225 -0.865494 -0.33315 0.374073 1.63488 2.81387 -0.210094</i>
                        <i>-0.331604 0.940254 0.0772071 -0.376563 -0.0568794 -0.924643 -0.865008 -0.335689 0.372927 1.63338 2.81593 -0.209611</i>
                        <i>-0.333115 0.939801 0.076209 -0.375319 -0.0580177 -0.925078 -0.864968 -0.336761 0.372051 1.63164 2.81843 -0.209059</i>
                        <i>-0.333735 0.939763 0.0739314 -0.373916 -0.0599765 -0.925521 -0.865337 -0.336523 0.371409 1.62975 2.82121 -0.208467</i>
                        <i>-0.333678 0.940027 0.0707626 -0.372411 -0.0624896 -0.925962 -0.866007 -0.335326 0.370928 1.62781 2.82411 -0.207865</i>
                        <i>-0.333162 0.940479 0.067097 -0.370869 -0.0652877 -0.926387 -0.866867 -0.333522 0.370546 1.6259 2.82696 -0.207281</i>
                        <i>-0.332342 0.941033 0.0632855 -0.369371 -0.0681226 -0.926782 -0.867821 -0.331384 0.37023 1.62412 2.82962 -0.206744</i>
                        <i>-0.331315 0.941634 0.059633 -0.368008 -0.0707698 -0.927125 -0.868793 -0.329116 0.369976 1.62257 2.83194 -0.20628</i>
                        <i>-0.330132 0.942248 0.0564063 -0.366882 -0.0730258 -0.927397 -0.869719 -0.326857 0.369802 1.62134 2.83378 -0.205916</i>
                        <i>-0.328821 0.942856 0.0538494 -0.366099 -0.0747005 -0.927573 -0.870545 -0.324719 0.369742 1.62054 2.83498 -0.205678</i>
                        <i>-0.327417 0.943437 0.0522081 -0.365767 -0.075605 -0.92763 -0.871213 -0.322818 0.369833 1.62025 2.83542 -0.205593</i>
                    </KeyFrames>
                </p>
            </i>
            <i>
                <p>
                    <Name><![CDATA[spine1]]></Name>
                    <Exclude>0</Exclude>
                    <Additive>0</Additive>
                    <IKPriority>0</IKPriority>
                    <IKRotLimits>-1e+010 -1e+010 -1e+010 1e+010 1e+010 1e+010</IKRotLimits>
                    <IKRotLimitOrder>0</IKRotLimitOrder>
                    <KeyFrames count="30">
                        <i>-0.683056 0.607648 0.405215 -0.583575 -0.120459 -0.803075 -0.439175 -0.785018 0.436888 1.55939 3.01102 -0.19591</i>
                        <i>-0.681088 0.611439 0.402816 -0.583364 -0.120669 -0.803197 -0.442499 -0.782036 0.438878 1.55988 3.01214 -0.196151</i>
                        <i>-0.679772 0.614513 0.400355 -0.582916 -0.121396 -0.803413 -0.445106 -0.779511 0.440731 1.56075 3.01268 -0.196458</i>
                        <i>-0.679087 0.616841 0.397929 -0.582284 -0.122575 -0.803692 -0.446974 -0.777484 0.442416 1.56194 3.01269 -0.196812</i>
                        <i>-0.679007 0.618407 0.39563 -0.581524 -0.124144 -0.804001 -0.448085 -0.77599 0.443913 1.56337 3.01223 -0.197196</i>
                        <i>-0.679498 0.619196 0.393545 -0.580688 -0.126042 -0.80431 -0.448422 -0.775055 0.445205 1.56499 3.01136 -0.197589</i>
                        <i>-0.68053 0.619195 0.39176 -0.579825 -0.128203 -0.804591 -0.447974 -0.774701 0.446271 1.56671 3.01013 -0.197971</i>
                        <i>-0.682072 0.618387 0.390353 -0.578975 -0.13056 -0.804824 -0.446728 -0.774953 0.447082 1.56847 3.0086 -0.198325</i>
                        <i>-0.684096 0.616746 0.389405 -0.578169 -0.133042 -0.804997 -0.444672 -0.775837 0.447598 1.5702 3.00685 -0.198629</i>
                        <i>-0.686582 0.614239 0.388993 -0.577431 -0.135573 -0.805104 -0.44179 -0.777387 0.447763 1.57183 3.00493 -0.198866</i>
                        <i>-0.689515 0.610818 0.389193 -0.576776 -0.138073 -0.805149 -0.438063 -0.779639 0.447508 1.5733 3.00291 -0.199017</i>
                        <i>-0.692886 0.606419 0.390082 -0.576209 -0.140457 -0.805143 -0.433464 -0.782641 0.446745 1.57456 3.00088 -0.199064</i>
                        <i>-0.696787 0.600794 0.391834 -0.575733 -0.142642 -0.805099 -0.427807 -0.786575 0.445288 1.57552 2.99889 -0.198982</i>
                        <i>-0.701105 0.594044 0.394415 -0.575345 -0.144531 -0.805039 -0.421224 -0.791342 0.443112 1.57616 2.99702 -0.198767</i>
                        <i>-0.705547 0.586612 0.397606 -0.575045 -0.146016 -0.804986 -0.414157 -0.796597 0.440349 1.57646 2.99535 -0.198432</i>
                        <i>-0.709839 0.578935 0.401202 -0.574839 -0.146981 -0.804957 -0.407049 -0.802017 0.437128 1.57642 2.99397 -0.197996</i>
                        <i>-0.713722 0.571458 0.405015 -0.574742 -0.147313 -0.804966 -0.400341 -0.807301 0.433581 1.57602 2.99296 -0.197477</i>
                        <i>-0.716803 0.564823 0.408864 -0.574808 -0.146734 -0.805025 -0.394702 -0.812062 0.429844 1.57518 2.99239 -0.196874</i>
                        <i>-0.718858 0.559479 0.412584 -0.575076 -0.14517 -0.805117 -0.390552 -0.816032 0.4261 1.57391 2.99241 -0.196212</i>
                        <i>-0.719874 0.555624 0.416009 -0.575549 -0.142818 -0.805199 -0.387975 -0.819076 0.4226 1.57232 2.99309 -0.195541</i>
                        <i>-0.719704 0.553767 0.41877 -0.576234 -0.139989 -0.805207 -0.387273 -0.82082 0.41985 1.57055 2.99437 -0.195003</i>
                        <i>-0.718238 0.554322 0.420549 -0.577113 -0.136963 -0.805098 -0.388683 -0.820956 0.418278 1.56874 2.99619 -0.194687</i>
                        <i>-0.715413 0.55752 0.421136 -0.578138 -0.133884 -0.80488 -0.392354 -0.819296 0.418106 1.56693 2.99839 -0.194569</i>
                        <i>-0.71143 0.562996 0.420597 -0.579246 -0.13089 -0.804576 -0.397921 -0.816029 0.419232 1.56518 3.00081 -0.194603</i>
                        <i>-0.706591 0.570169 0.419091 -0.580364 -0.128101 -0.804219 -0.404855 -0.811478 0.421421 1.56354 3.00327 -0.194742</i>
                        <i>-0.701235 0.578394 0.41681 -0.581418 -0.125621 -0.803849 -0.412581 -0.806027 0.424378 1.56206 3.00562 -0.194945</i>
                        <i>-0.695752 0.586976 0.413991 -0.582333 -0.123538 -0.803509 -0.420497 -0.800123 0.427767 1.56082 3.00771 -0.195185</i>
                        <i>-0.690577 0.595194 0.41091 -0.583039 -0.121931 -0.803243 -0.427983 -0.794278 0.431224 1.5599 3.0094 -0.195438</i>
                        <i>-0.686183 0.60232 0.407877 -0.583471 -0.120878 -0.803088 -0.434413 -0.789049 0.434381 1.5594 3.01055 -0.195686</i>
                        <i>-0.683056 0.607648 0.405215 -0.583575 -0.120459 -0.803075 -0.439175 -0.785018 0.436888 1.55939 3.01102 -0.19591</i>
                    </KeyFrames>
                </p>
            </i>
            <i>
                <p>
                    <Name><![CDATA[spine2]]></Name>
                    <Exclude>0</Exclude>
                    <Additive>0</Additive>
                    <IKPriority>0</IKPriority>
                    <IKRotLimits>-1e+010 -1e+010 -1e+010 1e+010 1e+010 1e+010</IKRotLimits>
                    <IKRotLimitOrder>0</IKRotLimitOrder>
                    <KeyFrames count="30">
                        <i>-0.790918 0.20294 0.57729 -0.60882 -0.355841 -0.709024 0.0615341 -0.912246 0.404995 1.44262 3.11458 -0.126261</i>
                        <i>-0.790485 0.210114 0.575313 -0.60996 -0.355203 -0.708365 0.0555154 -0.910869 0.408944 1.44342 3.11637 -0.126897</i>
                        <i>-0.790236 0.218859 0.572387 -0.610916 -0.354586 -0.707849 0.048041 -0.909049 0.413911 1.44442 3.11752 -0.127569</i>
                        <i>-0.79012 0.228741 0.568671 -0.611678 -0.35402 -0.707474 0.0394921 -0.906834 0.419634 1.44556 3.11807 -0.128246</i>
                        <i>-0.790094 0.239335 0.564332 -0.612239 -0.353534 -0.707232 0.030245 -0.904286 0.425855 1.44681 3.11806 -0.128902</i>
                        <i>-0.790127 0.250224 0.559542 -0.612595 -0.353155 -0.707114 0.0206679 -0.901482 0.432323 1.44809 3.11754 -0.129508</i>
                        <i>-0.790206 0.261006 0.554482 -0.61274 -0.352906 -0.707111 0.0111197 -0.898517 0.438798 1.44935 3.11656 -0.130036</i>
                        <i>-0.790335 0.271289 0.549339 -0.612672 -0.352806 -0.707221 0.0019491 -0.895506 0.445046 1.45054 3.11516 -0.130456</i>
                        <i>-0.790537 0.280691 0.544302 -0.61238 -0.352868 -0.707443 -0.00650592 -0.892579 0.450844 1.4516 3.1134 -0.130741</i>
                        <i>-0.790849 0.28884 0.539564 -0.611854 -0.353099 -0.707783 -0.0139163 -0.889883 0.455976 1.45248 3.11132 -0.130864</i>
                        <i>-0.791321 0.295372 0.53532 -0.611075 -0.353504 -0.708253 -0.0199603 -0.887576 0.460229 1.45312 3.10898 -0.130798</i>
                        <i>-0.792011 0.299921 0.531757 -0.610022 -0.354081 -0.708872 -0.0243207 -0.885818 0.463394 1.45348 3.10644 -0.130516</i>
                        <i>-0.793023 0.301873 0.529138 -0.608616 -0.354852 -0.709695 -0.0264718 -0.884846 0.46513 1.45349 3.1037 -0.129968</i>
                        <i>-0.794355 0.301149 0.52755 -0.606882 -0.355779 -0.710715 -0.0263398 -0.884721 0.465377 1.45313 3.10084 -0.129162</i>
                        <i>-0.795897 0.298176 0.526914 -0.604945 -0.356776 -0.711866 -0.0242709 -0.885326 0.464336 1.45246 3.09802 -0.128161</i>
                        <i>-0.797531 0.293358 0.527148 -0.602926 -0.357763 -0.713081 -0.0205939 -0.886536 0.462201 1.45155 3.09538 -0.127028</i>
                        <i>-0.799134 0.287089 0.528172 -0.60095 -0.358673 -0.714292 -0.0156244 -0.88822 0.459153 1.45045 3.09306 -0.125826</i>
                        <i>-0.800542 0.279794 0.529951 -0.599199 -0.359409 -0.715392 -0.00969343 -0.890247 0.455375 1.44919 3.09123 -0.124613</i>
                        <i>-0.801641 0.271856 0.532415 -0.597797 -0.359925 -0.716304 -0.00310198 -0.892496 0.451046 1.44782 3.09012 -0.123449</i>
                        <i>-0.802384 0.263605 0.535436 -0.596795 -0.360224 -0.71699 0.00387461 -0.894847 0.446357 1.44643 3.08983 -0.122399</i>
                        <i>-0.802706 0.254149 0.539511 -0.596253 -0.360322 -0.717391 0.0120735 -0.897539 0.440769 1.44512 3.09047 -0.121629</i>
                        <i>-0.802515 0.243174 0.544826 -0.596233 -0.360243 -0.717448 0.0218046 -0.900606 0.434089 1.44398 3.09207 -0.121251</i>
                        <i>-0.801735 0.232168 0.550744 -0.596834 -0.359976 -0.717082 0.0317709 -0.903612 0.427171 1.44307 3.09453 -0.12127</i>
                        <i>-0.800439 0.221857 0.556846 -0.59799 -0.359562 -0.716326 0.0412994 -0.906363 0.420476 1.44238 3.09761 -0.121618</i>
                        <i>-0.798759 0.212759 0.562777 -0.59958 -0.359048 -0.715254 0.0498874 -0.908745 0.414359 1.4419 3.10106 -0.122213</i>
                        <i>-0.79686 0.205387 0.568181 -0.601465 -0.358466 -0.713962 0.0570351 -0.910669 0.40918 1.44162 3.1046 -0.122978</i>
                        <i>-0.794932 0.200242 0.572701 -0.603497 -0.357838 -0.712561 0.0622496 -0.912061 0.405302 1.44155 3.10799 -0.123837</i>
                        <i>-0.793173 0.19781 0.575976 -0.605513 -0.35718 -0.71118 0.065048 -0.912849 0.403082 1.44168 3.11095 -0.12472</i>
                        <i>-0.791779 0.19856 0.577633 -0.607344 -0.356506 -0.709956 0.0649606 -0.91295 0.402868 1.44204 3.11323 -0.125553</i>
                        <i>-0.790918 0.20294 0.57729 -0.60882 -0.355841 -0.709024 0.0615341 -0.912246 0.404995 1.44262 3.11458 -0.126261</i>
                    </KeyFrames>
                </p>
            </i>
            <i>
                <p>
                    <Name><![CDATA[head]]></Name>
                    <Exclude>0</Exclude>
                    <Additive>0</Additive>
                    <IKPriority>0</IKPriority>
                    <IKRotLimits>-1e+010 -1e+010 -1e+010 1e+010 1e+010 1e+010</IKRotLimits>
                    <IKRotLimitOrder>0</IKRotLimitOrder>
                    <KeyFrames count="30">
                        <i>-0.305551 0.946864 0.10043 0.17136 0.158434 -0.972386 -0.936629 -0.279904 -0.210665 1.23195 3.16828 0.0235595</i>
                        <i>-0.302853 0.946374 0.112501 0.168115 0.169244 -0.97113 -0.938092 -0.275197 -0.210356 1.23282 3.1721 0.0224238</i>
                        <i>-0.298874 0.945989 0.125614 0.165308 0.180963 -0.969498 -0.939866 -0.268993 -0.210465 1.23382 3.17585 0.0210327</i>
                        <i>-0.293644 0.945916 0.137901 0.163488 0.191831 -0.967715 -0.94183 -0.261619 -0.210976 1.23491 3.17943 0.0194434</i>
                        <i>-0.287207 0.946442 0.147512 0.163143 0.200083 -0.966101 -0.943873 -0.253406 -0.21187 1.23606 3.18276 0.017716</i>
                        <i>-0.279594 0.947912 0.152609 0.164678 0.203938 -0.965034 -0.94589 -0.244686 -0.213121 1.23723 3.18575 0.0159135</i>
                        <i>-0.270795 0.950663 0.15136 0.168409 0.201595 -0.964882 -0.947791 -0.235795 -0.214691 1.23838 3.18831 0.0141029</i>
                        <i>-0.260729 0.954923 0.141921 0.17455 0.191211 -0.965904 -0.949501 -0.227067 -0.216536 1.23946 3.19038 0.0123551</i>
                        <i>-0.249618 0.9603 0.124557 0.182663 0.173015 -0.967833 -0.95096 -0.218836 -0.218599 1.2404 3.19187 0.0107448</i>
                        <i>-0.238133 0.965865 0.101964 0.191719 0.149666 -0.969971 -0.952122 -0.211433 -0.220815 1.24115 3.19272 0.0093495</i>
                        <i>-0.226845 0.970965 0.075944 0.20105 0.122983 -0.97183 -0.952953 -0.205186 -0.223111 1.24164 3.19285 0.00824899</i>
                        <i>-0.2164 0.975108 0.0483197 0.210115 0.0948479 -0.973065 -0.953427 -0.200419 -0.225409 1.2418 3.19218 0.00752371</i>
                        <i>-0.207749 0.977954 0.021101 0.218438 0.0674087 -0.97352 -0.95348 -0.197639 -0.227627 1.24153 3.19055 0.00730104</i>
                        <i>-0.201403 0.9795 -0.0040707 0.225791 0.0423819 -0.973253 -0.953129 -0.196935 -0.229698 1.24081 3.188 0.00760081</i>
                        <i>-0.197414 0.979977 -0.0259198 0.232082 0.0210309 -0.972469 -0.952453 -0.197994 -0.231587 1.23973 3.18478 0.00833831</i>
                        <i>-0.195855 0.979681 -0.0431851 0.237181 0.00459412 -0.971455 -0.951518 -0.200507 -0.233262 1.2384 3.18113 0.00942623</i>
                        <i>-0.196808 0.978919 -0.0546193 0.240901 -0.0057191 -0.970533 -0.950386 -0.204167 -0.234697 1.2369 3.1773 0.010777</i>
                        <i>-0.200353 0.977947 -0.058983 0.242972 -0.00872543 -0.969994 -0.949117 -0.208673 -0.235865 1.23533 3.17354 0.0123043</i>
                        <i>-0.205761 0.976878 -0.0580687 0.243591 -0.0063436 -0.969857 -0.947801 -0.213704 -0.236653 1.23378 3.17019 0.0139242</i>
                        <i>-0.212139 0.975711 -0.0546316 0.243142 -0.00144746 -0.96999 -0.946509 -0.219056 -0.236929 1.23233 3.16745 0.0155559</i>
                        <i>-0.22103 0.974122 -0.0472415 0.240716 0.00754985 -0.970566 -0.945093 -0.225896 -0.236156 1.23104 3.16511 0.0172698</i>
                        <i>-0.233092 0.971817 -0.0352219 0.235744 0.0213303 -0.971581 -0.943447 -0.234771 -0.234072 1.23 3.16306 0.0190613</i>
                        <i>-0.24654 0.968925 -0.0200476 0.228778 0.0380853 -0.972733 -0.941742 -0.244404 -0.231058 1.22932 3.16166 0.020705</i>
                        <i>-0.26031 0.965521 -0.00267585 0.220302 0.056696 -0.973783 -0.940056 -0.254075 -0.227465 1.229 3.16096 0.0221172</i>
                        <i>-0.273557 0.961722 0.0160653 0.210831 0.0762492 -0.974544 -0.938465 -0.263206 -0.223619 1.229 3.16088 0.0232541</i>
                        <i>-0.285473 0.957735 0.0353335 0.200949 0.095864 -0.9749 -0.937083 -0.271208 -0.219823 1.22927 3.1614 0.0240769</i>
                        <i>-0.295305 0.95386 0.0542724 0.191317 0.114694 -0.974804 -0.936052 -0.277481 -0.216359 1.22976 3.16244 0.0245509</i>
                        <i>-0.302353 0.950472 0.0720157 0.182655 0.131924 -0.974286 -0.935532 -0.281425 -0.213496 1.2304 3.16398 0.0246444</i>
                        <i>-0.305971 0.947993 0.087692 0.175736 0.146766 -0.973436 -0.935681 -0.282433 -0.211503 1.23115 3.16594 0.0243258</i>
                        <i>-0.305551 0.946864 0.10043 0.17136 0.158434 -0.972386 -0.936629 -0.279904 -0.210665 1.23195 3.16828 0.0235595</i>
                    </KeyFrames>
                </p>
            </i>
            <i>
                <p>
                    <Name><![CDATA[head_prop]]></Name>
                    <Exclude>0</Exclude>
                    <Additive>0</Additive>
                    <IKPriority>0</IKPriority>
                    <IKRotLimits>-1e+010 -1e+010 -1e+010 1e+010 1e+010 1e+010</IKRotLimits>
                    <IKRotLimitOrder>0</IKRotLimitOrder>
                    <KeyFrames count="30">
                        <i>0.936629 0.279904 0.210665 -0.305551 0.946864 0.10043 -0.17136 -0.158434 0.972386 1.13237 3.47687 0.0562904</i>
                        <i>0.938092 0.275197 0.210356 -0.302853 0.946374 0.112501 -0.168115 -0.169244 0.97113 1.13412 3.48054 0.0590891</i>
                        <i>0.939866 0.268993 0.210465 -0.298874 0.945989 0.125614 -0.165308 -0.180963 0.969498 1.13641 3.48416 0.0619713</i>
                        <i>0.94183 0.261619 0.210976 -0.293644 0.945916 0.137901 -0.163488 -0.191831 0.967715 1.1392 3.48772 0.0643865</i>
                        <i>0.943873 0.253406 0.21187 -0.287207 0.946442 0.147512 -0.163143 -0.200083 0.966101 1.14245 3.49121 0.0657913</i>
                        <i>0.94589 0.244686 0.213121 -0.279594 0.947912 0.152609 -0.164678 -0.203938 0.965034 1.14611 3.49468 0.06565</i>
                        <i>0.947791 0.235795 0.214691 -0.270795 0.950663 0.15136 -0.168409 -0.201595 0.964882 1.15013 3.49814 0.0634324</i>
                        <i>0.949501 0.227067 0.216536 -0.260729 0.954923 0.141921 -0.17455 -0.191211 0.965904 1.15448 3.5016 0.0586084</i>
                        <i>0.95096 0.218836 0.218599 -0.249618 0.9603 0.124557 -0.182663 -0.173015 0.967833 1.15905 3.50484 0.0513389</i>
                        <i>0.952122 0.211433 0.220815 -0.238133 0.965865 0.101964 -0.191719 -0.149666 0.969971 1.16354 3.5075 0.0425805</i>
                        <i>0.952953 0.205186 0.223111 -0.226845 0.970965 0.075944 -0.20105 -0.122983 0.97183 1.16771 3.50929 0.0329998</i>
                        <i>0.953427 0.200419 0.225409 -0.2164 0.975108 0.0483197 -0.210115 -0.0948479 0.973065 1.17128 3.50998 0.0232715</i>
                        <i>0.95348 0.197639 0.227627 -0.207749 0.977954 0.021101 -0.218438 -0.0674087 0.97352 1.17382 3.50928 0.0141781</i>
                        <i>0.953129 0.196935 0.229698 -0.201403 0.9795 -0.0040707 -0.225791 -0.0423819 0.973253 1.17517 3.50723 0.00627414</i>
                        <i>0.952453 0.197994 0.231587 -0.197414 0.979977 -0.0259198 -0.232082 -0.0210309 0.972469 1.17539 3.50416 -0.000109188</i>
                        <i>0.951518 0.200507 0.233262 -0.195855 0.979681 -0.0431851 -0.237181 -0.00459412 0.971455 1.17457 3.50042 -0.00464817</i>
                        <i>0.950386 0.204167 0.234697 -0.196808 0.978919 -0.0546193 -0.240901 0.0057191 0.970533 1.17276 3.49634 -0.00702389</i>
                        <i>0.949117 0.208673 0.235865 -0.200353 0.977947 -0.058983 -0.242972 0.00872543 0.969994 1.17004 3.49226 -0.00691875</i>
                        <i>0.947801 0.213704 0.236653 -0.205761 0.976878 -0.0580687 -0.243591 0.0063436 0.969857 1.16672 3.48856 -0.0050009</i>
                        <i>0.946509 0.219056 0.236929 -0.212139 0.975711 -0.0546316 -0.243142 0.00144746 0.96999 1.16319 3.48545 -0.002249</i>
                        <i>0.945093 0.225896 0.236156 -0.22103 0.974122 -0.0472415 -0.240716 -0.00754985 0.970566 1.159 3.48258 0.0018734</i>
                        <i>0.943447 0.234771 0.234072 -0.233092 0.971817 -0.0352219 -0.235744 -0.0213303 0.971581 1.15403 3.47978 0.00758218</i>
                        <i>0.941742 0.244404 0.231058 -0.24654 0.968925 -0.0200476 -0.228778 -0.0380853 0.972733 1.14897 3.47745 0.0141713</i>
                        <i>0.940056 0.254075 0.227465 -0.26031 0.965521 -0.00267585 -0.220302 -0.056696 0.973783 1.14416 3.47563 0.0212451</i>
                        <i>0.938465 0.263206 0.223619 -0.273557 0.961722 0.0160653 -0.210831 -0.0762492 0.974544 1.13985 3.47432 0.0284899</i>
                        <i>0.937083 0.271208 0.219823 -0.285473 0.957735 0.0353335 -0.200949 -0.095864 0.9749 1.13623 3.47353 0.0355925</i>
                        <i>0.936052 0.277481 0.216359 -0.295305 0.95386 0.0542724 -0.191317 -0.114694 0.974804 1.13351 3.47332 0.0422388</i>
                        <i>0.935532 0.281425 0.213496 -0.302353 0.950472 0.0720157 -0.182655 -0.131924 0.974286 1.13186 3.47374 0.048115</i>
                        <i>0.935681 0.282433 0.211503 -0.305971 0.947993 0.087692 -0.175736 -0.146766 0.973436 1.13143 3.4749 0.0529054</i>
                        <i>0.936629 0.279904 0.210665 -0.305551 0.946864 0.10043 -0.17136 -0.158434 0.972386 1.13237 3.47687 0.0562904</i>
                    </KeyFrames>
                </p>
            </i>
            <i>
                <p>
                    <Name><![CDATA[l_clav]]></Name>
                    <Exclude>0</Exclude>
                    <Additive>0</Additive>
                    <IKPriority>0</IKPriority>
                    <IKRotLimits>-1e+010 -1e+010 -1e+010 1e+010 1e+010 1e+010</IKRotLimits>
                    <IKRotLimitOrder>0</IKRotLimitOrder>
                    <KeyFrames count="30">
                        <i>0.245758 0.668039 0.702372 -0.968614 0.141377 0.20445 0.037281 -0.730573 0.681816 1.44456 3.13448 -0.0147186</i>
                        <i>0.248416 0.688466 0.681398 -0.967918 0.149024 0.202301 0.0377326 -0.709793 0.703399 1.44526 3.13667 -0.0153805</i>
                        <i>0.252381 0.705524 0.662224 -0.966991 0.15907 0.19906 0.035102 -0.690603 0.722381 1.44601 3.13826 -0.0160523</i>
                        <i>0.257514 0.719403 0.645093 -0.965812 0.170977 0.19487 0.0298939 -0.67322 0.738837 1.44679 3.13929 -0.0167088</i>
                        <i>0.263585 0.730295 0.630232 -0.964372 0.184209 0.189878 0.0225721 -0.657827 0.752831 1.44757 3.13978 -0.017324</i>
                        <i>0.270296 0.738383 0.617843 -0.962682 0.198236 0.184246 0.0135657 -0.644587 0.764411 1.44832 3.13976 -0.0178712</i>
                        <i>0.277305 0.743852 0.6081 -0.960776 0.212534 0.178152 0.00327688 -0.633651 0.773612 1.44899 3.13926 -0.0183234</i>
                        <i>0.284242 0.746876 0.601151 -0.95872 0.226592 0.171791 -0.00790914 -0.625166 0.780452 1.44956 3.13831 -0.0186534</i>
                        <i>0.290724 0.747621 0.597111 -0.956606 0.239909 0.165375 -0.0196141 -0.619279 0.784926 1.44998 3.13695 -0.0188341</i>
                        <i>0.296376 0.746237 0.596063 -0.954553 0.252001 0.159134 -0.0314565 -0.616138 0.78701 1.45022 3.1352 -0.0188387</i>
                        <i>0.300835 0.74285 0.598057 -0.952705 0.262394 0.153308 -0.0430413 -0.615892 0.786654 1.45026 3.1331 -0.0186413</i>
                        <i>0.30377 0.737551 0.60311 -0.951217 0.270626 0.148149 -0.05395 -0.618692 0.783779 1.45005 3.13067 -0.0182169</i>
                        <i>0.304741 0.730362 0.611313 -0.950313 0.275991 0.143995 -0.0635488 -0.62482 0.778179 1.44955 3.12789 -0.0175133</i>
                        <i>0.303697 0.721379 0.622399 -0.95008 0.278331 0.140993 -0.0715233 -0.634148 0.769896 1.44875 3.12484 -0.0165434</i>
                        <i>0.300956 0.710871 0.635679 -0.950456 0.278003 0.139098 -0.07784 -0.646047 0.759318 1.44775 3.12169 -0.0153814</i>
                        <i>0.296866 0.699112 0.650471 -0.951353 0.275348 0.138245 -0.0824568 -0.659868 0.746844 1.44661 3.1186 -0.0141007</i>
                        <i>0.291789 0.686404 0.666115 -0.952668 0.270701 0.138367 -0.0853425 -0.67496 0.732903 1.4454 3.11576 -0.0127735</i>
                        <i>0.286093 0.673091 0.681982 -0.954291 0.264388 0.139386 -0.0864886 -0.690687 0.717964 1.4442 3.11335 -0.0114695</i>
                        <i>0.280133 0.659573 0.697488 -0.956108 0.256732 0.141227 -0.0859182 -0.706436 0.702543 1.44307 3.11163 -0.0102561</i>
                        <i>0.274248 0.64631 0.712089 -0.958011 0.248057 0.143816 -0.083689 -0.721631 0.687201 1.44205 3.11075 -0.00919749</i>
                        <i>0.268266 0.633238 0.725978 -0.960184 0.236762 0.148294 -0.0779788 -0.736854 0.67154 1.44129 3.11082 -0.00847641</i>
                        <i>0.262318 0.62053 0.739007 -0.962593 0.222112 0.155179 -0.0678495 -0.75207 0.655582 1.44084 3.11191 -0.00821337</i>
                        <i>0.257143 0.609208 0.750162 -0.964809 0.205998 0.163429 -0.0549693 -0.765787 0.64074 1.44072 3.11396 -0.00840295</i>
                        <i>0.252961 0.600214 0.758784 -0.966631 0.189576 0.172293 -0.040435 -0.777048 0.628141 1.44089 3.11677 -0.00896215</i>
                        <i>0.249859 0.59713 0.762238 -0.967976 0.173839 0.181116 -0.0243574 -0.783081 0.621443 1.44127 3.12007 -0.00979107</i>
                        <i>0.247618 0.601986 0.759143 -0.96883 0.159806 0.189291 -0.00736496 -0.782352 0.622793 1.4418 3.1236 -0.0107941</i>
                        <i>0.24595 0.61322 0.750646 -0.969242 0.148505 0.196255 0.00887266 -0.775827 0.630883 1.44244 3.12708 -0.0118788</i>
                        <i>0.24484 0.629134 0.737728 -0.969297 0.140979 0.201468 0.0227463 -0.764405 0.644335 1.44315 3.13024 -0.012955</i>
                        <i>0.244584 0.647983 0.721316 -0.969076 0.138263 0.204389 0.032709 -0.749 0.661762 1.44387 3.1328 -0.0139324</i>
                        <i>0.245758 0.668039 0.702372 -0.968614 0.141377 0.20445 0.037281 -0.730573 0.681816 1.44456 3.13448 -0.0147186</i>
                    </KeyFrames>
                </p>
            </i>
            <i>
                <p>
                    <Name><![CDATA[l_shoulder]]></Name>
                    <Exclude>0</Exclude>
                    <Additive>0</Additive>
                    <IKPriority>0</IKPriority>
                    <IKRotLimits>-1e+010 -1e+010 -1e+010 1e+010 1e+010 1e+010</IKRotLimits>
                    <IKRotLimitOrder>0</IKRotLimitOrder>
                    <KeyFrames count="30">
                        <i>0.707328 -0.667801 0.231795 -0.199168 0.126353 0.971786 -0.678247 -0.733537 -0.0436312 1.49312 3.26647 0.124055</i>
                        <i>0.694612 -0.678664 0.238598 -0.202474 0.133826 0.9701 -0.690303 -0.722153 -0.0444552 1.49434 3.27269 0.119249</i>
                        <i>0.683382 -0.687611 0.245316 -0.206087 0.140662 0.968371 -0.70037 -0.712323 -0.0455821 1.49587 3.27766 0.114789</i>
                        <i>0.673781 -0.694697 0.251822 -0.20993 0.146787 0.966635 -0.708483 -0.704165 -0.0469353 1.49767 3.28143 0.110748</i>
                        <i>0.665948 -0.699965 0.257996 -0.213939 0.152115 0.964931 -0.714663 -0.697789 -0.0484493 1.49965 3.28407 0.107196</i>
                        <i>0.660004 -0.703452 0.263724 -0.218057 0.15655 0.963298 -0.71892 -0.693288 -0.0500687 1.50172 3.28565 0.104201</i>
                        <i>0.656051 -0.70519 0.268894 -0.222225 0.159993 0.961779 -0.721258 -0.690731 -0.0517474 1.50378 3.28623 0.101824</i>
                        <i>0.654163 -0.705213 0.273398 -0.226381 0.162342 0.960415 -0.721681 -0.69016 -0.0534487 1.50572 3.28588 0.100121</i>
                        <i>0.654388 -0.703547 0.277125 -0.230452 0.163496 0.95925 -0.720187 -0.691585 -0.0551435 1.50742 3.28466 0.0991422</i>
                        <i>0.656748 -0.700215 0.279965 -0.234352 0.163362 0.958328 -0.716771 -0.69499 -0.0568089 1.50878 3.28264 0.0989305</i>
                        <i>0.661244 -0.695227 0.281808 -0.237979 0.16185 0.95769 -0.711423 -0.700331 -0.058427 1.5097 3.27987 0.0995219</i>
                        <i>0.667855 -0.688578 0.282541 -0.241213 0.158883 0.957378 -0.704121 -0.707542 -0.0599826 1.51007 3.27639 0.100945</i>
                        <i>0.676738 -0.680082 0.281982 -0.243884 0.154303 0.95745 -0.694655 -0.716715 -0.0614388 1.50976 3.2722 0.103269</i>
                        <i>0.687578 -0.669896 0.280134 -0.245879 0.148203 0.957904 -0.683213 -0.727513 -0.0628121 1.50876 3.26737 0.106429</i>
                        <i>0.699609 -0.658562 0.277207 -0.247162 0.140962 0.958666 -0.670417 -0.739206 -0.0641528 1.50721 3.26214 0.110215</i>
                        <i>0.712114 -0.646638 0.273411 -0.247705 0.132979 0.959666 -0.656914 -0.751117 -0.0654791 1.50526 3.25673 0.114418</i>
                        <i>0.724433 -0.634713 0.268954 -0.247494 0.124667 0.960835 -0.643384 -0.762626 -0.0667743 1.50305 3.25138 0.118836</i>
                        <i>0.735768 -0.623643 0.264035 -0.246523 0.116488 0.962111 -0.630771 -0.772981 -0.0680345 1.50073 3.24634 0.123275</i>
                        <i>0.745609 -0.614058 0.258843 -0.244815 0.108854 0.96344 -0.619784 -0.781718 -0.0691682 1.49842 3.24195 0.127552</i>
                        <i>0.753768 -0.606253 0.253557 -0.242424 0.102097 0.964783 -0.61079 -0.788691 -0.0700127 1.49624 3.23845 0.131496</i>
                        <i>0.760221 -0.600612 0.247648 -0.238402 0.0966929 0.966341 -0.604342 -0.793673 -0.0696788 1.49429 3.23594 0.134961</i>
                        <i>0.764827 -0.59748 0.24095 -0.232343 0.0930225 0.968175 -0.600879 -0.79647 -0.0676743 1.49266 3.23451 0.137799</i>
                        <i>0.767055 -0.597292 0.234243 -0.225149 0.0912834 0.970039 -0.600778 -0.796813 -0.0644604 1.49153 3.23433 0.139813</i>
                        <i>0.766826 -0.599967 0.228075 -0.217562 0.0913433 0.971763 -0.603859 -0.794793 -0.0604853 1.49087 3.23536 0.140957</i>
                        <i>0.763224 -0.60626 0.22347 -0.210519 0.0936633 0.973092 -0.610878 -0.789732 -0.0561428 1.49063 3.23805 0.140811</i>
                        <i>0.755861 -0.616275 0.221085 -0.204728 0.0982709 0.973873 -0.6219 -0.781375 -0.0518899 1.49073 3.24254 0.139196</i>
                        <i>0.745631 -0.628701 0.220838 -0.200471 0.104413 0.97412 -0.635488 -0.770605 -0.0481829 1.49104 3.24824 0.136433</i>
                        <i>0.733459 -0.642241 0.222629 -0.197983 0.111474 0.973846 -0.650261 -0.758353 -0.045391 1.49152 3.25454 0.132804</i>
                        <i>0.720335 -0.655662 0.22633 -0.197476 0.118941 0.973065 -0.664922 -0.745628 -0.0438002 1.4922 3.26082 0.128584</i>
                        <i>0.707328 -0.667801 0.231795 -0.199168 0.126353 0.971786 -0.678247 -0.733537 -0.0436312 1.49312 3.26647 0.124055</i>
                    </KeyFrames>
                </p>
            </i>
            <i>
                <p>
                    <Name><![CDATA[l_elbow]]></Name>
                    <Exclude>0</Exclude>
                    <Additive>0</Additive>
                    <IKPriority>0</IKPriority>
                    <IKRotLimits>-1e+010 -1e+010 -1e+010 1e+010 1e+010 1e+010</IKRotLimits>
                    <IKRotLimitOrder>0</IKRotLimitOrder>
                    <KeyFrames count="30">
                        <i>-0.460456 -0.887487 0.0186111 -0.200892 0.124605 0.971656 -0.864651 0.443667 -0.235665 1.7232 3.04925 0.199453</i>
                        <i>-0.451142 -0.892058 0.0265078 -0.204228 0.132108 0.969968 -0.86877 0.43218 -0.241783 1.72028 3.05194 0.196859</i>
                        <i>-0.443686 -0.895564 0.0332864 -0.207866 0.13897 0.968235 -0.871742 0.422673 -0.247816 1.71816 3.054 0.194584</i>
                        <i>-0.438123 -0.898075 0.0388644 -0.211728 0.145116 0.966495 -0.873624 0.415215 -0.253727 1.71684 3.05546 0.19266</i>
                        <i>-0.434418 -0.899677 0.043159 -0.215753 0.150461 0.964786 -0.87449 0.409809 -0.25947 1.71627 3.05639 0.191116</i>
                        <i>-0.432477 -0.900466 0.0460941 -0.21988 0.154907 0.963149 -0.874423 0.406405 -0.264989 1.71641 3.05683 0.189984</i>
                        <i>-0.432159 -0.90054 0.0476063 -0.224054 0.158357 0.961625 -0.87352 0.404909 -0.270205 1.71718 3.05684 0.189289</i>
