<?xml version="1.0" encoding="ISO-8859-1" ?>
<Animl Version="1">
    <ModellingPackage>
        <![CDATA[Maya.2010]]>
</ModellingPackage>
    <SrcFile>
        <![CDATA[anims\turrets\mortar\blue\~src\mortar_m120\mortar_m120_fire_crewman_a.mb]]>
</SrcFile>
    <FramesPerSecond>30</FramesPerSecond>
    <TotalFrames>30</TotalFrames>
    <Skeleton>
        <RefFrame>
            <Name>
                <![CDATA[soldier_ref_frame]]>
</Name>
            <Exclude>0</Exclude>
            <Additive>0</Additive>
            <IKPriority>0</IKPriority>
            <IKRotLimits>-1e+010 -1e+010 -1e+010 1e+010 1e+010 1e+010</IKRotLimits>
            <IKRotLimitOrder>0</IKRotLimitOrder>
            <KeyFrames count="30">
                <i>1 0 0 0 1 0 0 0 1 1.26 0.92 0.93</i>
                <i>1 0 0 0 1 0 0 0 1 1.26 0.92 0.93</i>
                <i>1 0 0 0 1 0 0 0 1 1.26 0.92 0.93</i>
                <i>1 0 0 0 1 0 0 0 1 1.26 0.92 0.93</i>
                <i>1 0 0 0 1 0 0 0 1 1.26 0.92 0.93</i>
                <i>1 0 0 0 1 0 0 0 1 1.26 0.92 0.93</i>
                <i>1 0 0 0 1 0 0 0 1 1.26 0.92 0.93</i>
                <i>1 0 0 0 1 0 0 0 1 1.26 0.92 0.93</i>
                <i>1 0 0 0 1 0 0 0 1 1.26 0.92 0.93</i>
                <i>1 0 0 0 1 0 0 0 1 1.26 0.92 0.93</i>
                <i>1 0 0 0 1 0 0 0 1 1.26 0.92 0.93</i>
                <i>1 0 0 0 1 0 0 0 1 1.26 0.92 0.93</i>
                <i>1 0 0 0 1 0 0 0 1 1.26 0.92 0.93</i>
                <i>1 0 0 0 1 0 0 0 1 1.26 0.92 0.93</i>
                <i>1 0 0 0 1 0 0 0 1 1.26 0.92 0.93</i>
                <i>1 0 0 0 1 0 0 0 1 1.26 0.92 0.93</i>
                <i>1 0 0 0 1 0 0 0 1 1.26 0.92 0.93</i>
                <i>1 0 0 0 1 0 0 0 1 1.26 0.92 0.93</i>
                <i>1 0 0 0 1 0 0 0 1 1.26 0.92 0.93</i>
                <i>1 0 0 0 1 0 0 0 1 1.26 0.92 0.93</i>
                <i>1 0 0 0 1 0 0 0 1 1.26 0.92 0.93</i>
                <i>1 0 0 0 1 0 0 0 1 1.26 0.92 0.93</i>
                <i>1 0 0 0 1 0 0 0 1 1.26 0.92 0.93</i>
                <i>1 0 0 0 1 0 0 0 1 1.26 0.92 0.93</i>
                <i>1 0 0 0 1 0 0 0 1 1.26 0.92 0.93</i>
                <i>1 0 0 0 1 0 0 0 1 1.26 0.92 0.93</i>
                <i>1 0 0 0 1 0 0 0 1 1.26 0.92 0.93</i>
                <i>1 0 0 0 1 0 0 0 1 1.26 0.92 0.93</i>
                <i>1 0 0 0 1 0 0 0 1 1.26 0.92 0.93</i>
                <i>1 0 0 0 1 0 0 0 1 1.26 0.92 0.93</i>
            </KeyFrames>
        </RefFrame>
        <Bones count="23">
            <i>
                <p>
                    <Name>
                        <![CDATA[pelvis]]>
</Name>
                    <Exclude>0</Exclude>
                    <Additive>0</Additive>
                    <IKPriority>0</IKPriority>
                    <IKRotLimits>-1e+010 -1e+010 -1e+010 1e+010 1e+010 1e+010</IKRotLimits>
                    <IKRotLimitOrder>2</IKRotLimitOrder>
                    <KeyFrames count="30">
                        <i>1 0 0 0 1 0 0 0 1 1.17649 2.00814 0.842867</i>
                        <i>1 0 0 0 1 0 0 0 1 1.3176 1.95373 0.856999</i>
                        <i>1 0 0 0 1 0 0 0 1 1.45871 1.85625 0.871132</i>
                        <i>1 0 0 0 1 0 0 0 1 1.57796 1.81433 0.842867</i>
                        <i>1 0 0 0 1 0 0 0 1 1.66618 1.89785 0.721749</i>
                        <i>1 0 0 0 1 0 0 0 1 1.73254 2.03693 0.558233</i>
                        <i>1 0 0 0 1 0 0 0 1 1.78275 2.12048 0.461285</i>
                        <i>1 0 0 0 1 0 0 0 1 1.81954 2.10753 0.46586</i>
                        <i>1 0 0 0 1 0 0 0 1 1.84546 2.05262 0.516675</i>
                        <i>1 0 0 0 1 0 0 0 1 1.86588 1.98795 0.587344</i>
                        <i>1 0 0 0 1 0 0 0 1 1.88621 1.94575 0.651479</i>
                        <i>1 0 0 0 1 0 0 0 1 1.90729 1.94814 0.717503</i>
                        <i>1 0 0 0 1 0 0 0 1 1.92499 1.97136 0.787549</i>
                        <i>1 0 0 0 1 0 0 0 1 1.93726 1.97882 0.825798</i>
                        <i>1 0 0 0 1 0 0 0 1 1.94515 1.94495 0.804508</i>
                        <i>1 0 0 0 1 0 0 0 1 1.94759 1.89531 0.75142</i>
                        <i>1 0 0 0 1 0 0 0 1 1.93933 1.86997 0.713939</i>
                        <i>1 0 0 0 1 0 0 0 1 1.91533 1.88945 0.713307</i>
                        <i>1 0 0 0 1 0 0 0 1 1.88063 1.93322 0.728282</i>
                        <i>1 0 0 0 1 0 0 0 1 1.84499 1.97978 0.742545</i>
                        <i>1 0 0 0 1 0 0 0 1 1.81865 2.03702 0.742196</i>
                        <i>1 0 0 0 1 0 0 0 1 1.77512 2.07383 0.756278</i>
                        <i>1 0 0 0 1 0 0 0 1 1.69285 2.05112 0.815289</i>
                        <i>1 0 0 0 1 0 0 0 1 1.59623 2.00747 0.88784</i>
                        <i>1 0 0 0 1 0 0 0 1 1.50888 1.97934 0.929183</i>
                        <i>1 0 0 0 1 0 0 0 1 1.42642 1.97708 0.927133</i>
                        <i>1 0 0 0 1 0 0 0 1 1.33801 1.98356 0.906592</i>
                        <i>1 0 0 0 1 0 0 0 1 1.25758 1.99406 0.878445</i>
                        <i>1 0 0 0 1 0 0 0 1 1.19909 2.00383 0.853575</i>
                        <i>1 0 0 0 1 0 0 0 1 1.17649 2.00814 0.842867</i>
                    </KeyFrames>
                </p>
            </i>
            <i>
                <p>
                    <Name>
                        <![CDATA[spine0]]>
</Name>
                    <Exclude>0</Exclude>
                    <Additive>0</Additive>
                    <IKPriority>0</IKPriority>
                    <IKRotLimits>-1e+010 -1e+010 -1e+010 1e+010 1e+010 1e+010</IKRotLimits>
                    <IKRotLimitOrder>0</IKRotLimitOrder>
                    <KeyFrames count="30">
                        <i>-0.0482699 0.998832 0.00214778 -0.802102 -0.0374811 -0.596009 -0.595233 -0.030492 0.802975 1.21003 2.14501 0.81391</i>
                        <i>-0.0266112 0.999601 -0.00949164 -0.708909 -0.0255652 -0.704837 -0.704798 -0.0120278 0.709306 1.3519 2.08657 0.813733</i>
                        <i>0.00967324 0.999945 -0.00417523 -0.590812 0.00234659 -0.806806 -0.806751 0.0102712 0.590802 1.49787 1.98309 0.815671</i>
                        <i>0.0696661 0.997372 -0.0198986 -0.435591 0.0124688 -0.900058 -0.897445 0.0713712 0.435315 1.62642 1.93365 0.778746</i>
                        <i>0.184529 0.977256 -0.104502 -0.210995 -0.0644582 -0.97536 -0.959912 0.202032 0.194302 1.72952 2.00776 0.653893</i>
                        <i>0.306432 0.929733 -0.204195 0.0145129 -0.219053 -0.975605 -0.951782 0.295994 -0.0806182 1.81053 2.13871 0.493025</i>
                        <i>0.362903 0.89876 -0.246033 0.124461 -0.308418 -0.943074 -0.923478 0.311623 -0.223786 1.86854 2.21967 0.402159</i>
                        <i>0.340069 0.914465 -0.219333 0.136064 -0.278626 -0.950712 -0.930505 0.293464 -0.219178 1.90847 2.20803 0.414001</i>
                        <i>0.289048 0.941577 -0.17287 0.114814 -0.213371 -0.970201 -0.950405 0.260587 -0.16978 1.93651 2.15515 0.473153</i>
                        <i>0.21544 0.969396 -0.117717 0.0624051 -0.133969 -0.989019 -0.974521 0.205728 -0.0893576 1.95756 2.09299 0.551859</i>
                        <i>0.127945 0.989772 -0.0630934 -0.0166384 -0.0614652 -0.997971 -0.991642 0.128735 0.00860406 1.97672 2.0538 0.622722</i>
                        <i>0.0385486 0.999139 -0.0153268 -0.109611 -0.0110176 -0.993914 -0.993227 0.0399939 0.109092 1.99481 2.05978 0.693616</i>
                        <i>-0.0378224 0.999034 0.0223556 -0.194987 0.0145632 -0.980698 -0.980076 -0.0414514 0.194248 2.00799 2.08695 0.766398</i>
                        <i>-0.0851626 0.99519 0.0484134 -0.249111 0.0257796 -0.968132 -0.964723 -0.0945089 0.245717 2.0148 2.09819 0.804925</i>
                        <i>-0.092944 0.993712 0.0624302 -0.241811 0.0382962 -0.969567 -0.965862 -0.105212 0.236732 2.01727 2.06806 0.786131</i>
                        <i>-0.0776687 0.994767 0.0663737 -0.188483 0.0507233 -0.980766 -0.979 -0.088685 0.183557 2.01527 2.02169 0.739425</i>
                        <i>-0.0614763 0.996027 0.0644322 -0.133303 0.0557826 -0.989504 -0.989167 -0.0694201 0.129344 2.00459 1.998 0.707308</i>
                        <i>-0.0413216 0.997979 0.0482662 -0.0771121 0.044978 -0.996007 -0.996166 -0.0448785 0.0750977 1.98263 2.01655 0.709881</i>
                        <i>-0.0183099 0.999621 0.0205727 -0.0195146 0.0202149 -0.999605 -0.999642 -0.0187041 0.0191371 1.95176 2.05826 0.726878</i>
                        <i>-0.00907591 0.999942 0.00571229 -0.00329348 0.00568261 -0.999978 -0.999953 -0.00909453 0.00324171 1.91668 2.1045 0.741044</i>
                        <i>-0.0118352 0.999916 0.00537437 -0.0449798 0.00483693 -0.998976 -0.998918 -0.0120648 0.0449187 1.88736 2.16335 0.738206</i>
                        <i>-0.0154998 0.99987 0.00435792 -0.125304 0.00238169 -0.992116 -0.991997 -0.0159236 0.125251 1.84015 2.2019 0.748149</i>
                        <i>-0.0198851 0.999798 0.00302976 -0.232411 -0.00167505 -0.972616 -0.972414 -0.0200447 0.232397 1.75344 2.18095 0.802309</i>
                        <i>-0.0247598 0.999692 0.00165934 -0.353437 -0.00720105 -0.93543 -0.93513 -0.0237475 0.353507 1.65174 2.139 0.870097</i>
                        <i>-0.0298435 0.999554 0.000483268 -0.475343 -0.0137669 -0.879693 -0.879295 -0.0264829 0.475542 1.559 2.11241 0.907358</i>
                        <i>-0.0348181 0.999394 -0.000295333 -0.586525 -0.0206733 -0.809667 -0.809182 -0.0280178 0.58689 1.4713 2.11147 0.902219</i>
                        <i>-0.0393631 0.999225 -0.000538379 -0.678405 -0.0271204 -0.734188 -0.733633 -0.0285346 0.678946 1.37827 2.11902 0.879615</i>
                        <i>-0.0432116 0.999066 -0.000193271 -0.746101 -0.032399 -0.665045 -0.66443 -0.0285934 0.746804 1.29424 2.13029 0.850263</i>
                        <i>-0.046198 0.998932 0.000720454 -0.787704 -0.0359857 -0.615001 -0.614319 -0.0289794 0.788526 1.23344 2.14053 0.824799</i>
                        <i>-0.0482699 0.998832 0.00214778 -0.802102 -0.0374811 -0.596009 -0.595233 -0.030492 0.802975 1.21003 2.14501 0.81391</i>
                    </KeyFrames>
                </p>
            </i>
            <i>
                <p>
                    <Name>
                        <![CDATA[spine1]]>
</Name>
                    <Exclude>0</Exclude>
                    <Additive>0</Additive>
                    <IKPriority>0</IKPriority>
                    <IKRotLimits>-1e+010 -1e+010 -1e+010 1e+010 1e+010 1e+010</IKRotLimits>
                    <IKRotLimitOrder>0</IKRotLimitOrder>
                    <KeyFrames count="30">
                        <i>-0.253151 0.960684 0.114021 -0.757214 -0.123407 -0.641403 -0.602114 -0.24871 0.758684 1.20164 2.31885 0.814271</i>
                        <i>-0.212246 0.941568 0.261537 -0.705059 0.0377664 -0.708142 -0.676642 -0.334699 0.655845 1.34721 2.26345 0.81203</i>
                        <i>-0.184339 0.894189 0.407977 -0.621711 0.215411 -0.753043 -0.761245 -0.392459 0.516218 1.4997 2.16607 0.814865</i>
                        <i>-0.117141 0.886067 0.448513 -0.499105 0.33792 -0.797937 -0.858587 -0.317326 0.402656 1.63949 2.11951 0.774998</i>
                        <i>0.11771 0.94603 0.301946 -0.302392 0.323766 -0.896512 -0.945888 0.0142228 0.324182 1.76311 2.18528 0.634896</i>
                        <i>0.436174 0.898033 0.0573559 -0.0996102 0.111531 -0.988756 -0.894332 0.425556 0.1381 1.86484 2.30337 0.456863</i>
                        <i>0.570084 0.818443 -0.0717973 -0.00297327 -0.0853328 -0.996348 -0.821581 0.568216 -0.0462134 1.93293 2.37903 0.358539</i>
                        <i>0.520167 0.851506 -0.0660645 0.027079 -0.0937571 -0.995227 -0.853635 0.515895 -0.0718273 1.96875 2.37003 0.37515</i>
                        <i>0.406077 0.913187 -0.0345251 0.0414347 -0.0561403 -0.997563 -0.912899 0.403656 -0.0606349 1.98768 2.32174 0.442572</i>
                        <i>0.237182 0.971439 0.00712465 0.036144 -0.00149544 -0.999345 -0.970793 0.237285 -0.0354663 1.99579 2.26485 0.53099</i>
                        <i>0.0374757 0.998276 0.0451722 0.0117572 0.0447604 -0.998929 -0.999228 0.0379667 -0.0100595 1.99964 2.23073 0.611443</i>
                        <i>-0.157791 0.98478 0.0728723 -0.0240166 0.0699477 -0.997262 -0.98718 -0.159109 0.0126139 2.00185 2.24074 0.690834</i>
                        <i>-0.314311 0.944698 0.0935679 -0.0597418 0.078684 -0.995108 -0.947438 -0.318364 0.0317066 2.00112 2.27032 0.770487</i>
                        <i>-0.406643 0.905889 0.118347 -0.0877099 0.0902313 -0.992051 -0.909367 -0.413791 0.0427635 1.99911 2.28241 0.813866</i>
                        <i>-0.455557 0.880936 0.128138 -0.0992566 0.0927789 -0.990727 -0.884656 -0.464051 0.0451727 2.00008 2.25283 0.797717</i>
                        <i>-0.487684 0.865816 0.111919 -0.0886158 0.0784417 -0.992972 -0.868511 -0.494175 0.0384702 2.00083 2.20784 0.751828</i>
                        <i>-0.496358 0.863067 0.0935143 -0.0668618 0.0693941 -0.995346 -0.865539 -0.5003 0.0232619 1.99314 2.18509 0.719397</i>
                        <i>-0.481486 0.874118 0.063938 -0.0353908 0.0535009 -0.99794 -0.875739 -0.482757 0.00517578 1.97502 2.20257 0.718871</i>
                        <i>-0.452244 0.891602 0.0228179 -0.00244701 0.0243431 -0.999701 -0.891891 -0.452164 -0.00882727 1.94847 2.24189 0.730655</i>
                        <i>-0.427356 0.904074 0.00406804 0.0063969 0.00752327 -0.999951 -0.904061 -0.427309 -0.00899839 1.9151 2.28605 0.742081</i>
                        <i>-0.410815 0.911613 0.0139228 -0.0267279 0.00322236 -0.999638 -0.911327 -0.411038 0.0230417 1.88528 2.34365 0.739173</i>
                        <i>-0.392144 0.919323 0.0326854 -0.0992217 -0.00694621 -0.995041 -0.914537 -0.393442 0.0939407 1.83742 2.38104 0.748924</i>
                        <i>-0.370812 0.927081 0.0549472 -0.199511 -0.0217368 -0.979654 -0.907025 -0.37423 0.193023 1.74993 2.35901 0.802839</i>
                        <i>-0.347165 0.934709 0.0761253 -0.315012 -0.0397716 -0.948254 -0.883314 -0.353181 0.308252 1.64738 2.31607 0.870379</i>
                        <i>-0.322647 0.941934 0.0930511 -0.432886 -0.0594215 -0.899488 -0.841729 -0.330498 0.426922 1.55376 2.28861 0.90743</i>
                        <i>-0.299402 0.948404 0.10435 -0.541588 -0.0788889 -0.836934 -0.785519 -0.307095 0.537264 1.46521 2.28691 0.902153</i>
                        <i>-0.279571 0.953758 0.110386 -0.632402 -0.0964158 -0.768616 -0.722431 -0.284691 0.630114 1.37139 2.29384 0.879507</i>
                        <i>-0.264727 0.957711 0.112738 -0.700104 -0.110478 -0.705443 -0.663155 -0.265678 0.699743 1.28671 2.30464 0.850216</i>
                        <i>-0.255741 0.96007 0.113413 -0.742265 -0.119838 -0.659304 -0.619387 -0.252794 0.743273 1.22541 2.31456 0.824912</i>
                        <i>-0.253151 0.960684 0.114021 -0.757214 -0.123407 -0.641403 -0.602114 -0.24871 0.758684 1.20164 2.31885 0.814271</i>
                    </KeyFrames>
                </p>
            </i>
            <i>
                <p>
                    <Name>
                        <![CDATA[spine2]]>
</Name>
                    <Exclude>0</Exclude>
                    <Additive>0</Additive>
                    <IKPriority>0</IKPriority>
                    <IKRotLimits>-1e+010 -1e+010 -1e+010 1e+010 1e+010 1e+010</IKRotLimits>
                    <IKRotLimitOrder>0</IKRotLimitOrder>
                    <KeyFrames count="30">
                        <i>-0.36077 0.855933 0.370437 -0.74492 -0.0254528 -0.666668 -0.561195 -0.51646 0.646784 1.16101 2.47268 0.832537</i>
                        <i>-0.383236 0.791816 0.47556 -0.714443 0.0722009 -0.695958 -0.585407 -0.606477 0.538038 1.31258 2.41662 0.854669</i>
                        <i>-0.417363 0.708722 0.568789 -0.679939 0.171713 -0.71288 -0.602902 -0.684272 0.410221 1.46854 2.31637 0.883666</i>
                        <i>-0.370182 0.750228 0.547835 -0.620831 0.238894 -0.746658 -0.691039 -0.616512 0.377331 1.61923 2.27119 0.852068</i>
                        <i>-0.0332517 0.954679 0.295776 -0.49886 0.240585 -0.832621 -0.866045 -0.175237 0.468251 1.78269 2.34345 0.685625</i>
                        <i>0.486706 0.8678 -0.100204 -0.388168 0.112079 -0.914748 -0.782587 0.484109 0.391401 1.93601 2.4501 0.466464</i>
                        <i>0.71144 0.644737 -0.279584 -0.359934 -0.00739278 -0.932949 -0.603574 0.764368 0.226803 2.02612 2.51308 0.34699</i>
                        <i>0.699447 0.665208 -0.261291 -0.315276 -0.0409137 -0.948118 -0.641386 0.745537 0.181107 2.05368 2.50931 0.364514</i>
                        <i>0.618007 0.758706 -0.205992 -0.247963 -0.0605321 -0.966876 -0.746044 0.648615 0.150722 2.05386 2.4708 0.437054</i>
                        <i>0.45771 0.878922 -0.134158 -0.165228 -0.0641783 -0.984165 -0.873614 0.472629 0.115847 2.03447 2.42362 0.532208</i>
                        <i>0.231158 0.970643 -0.0664664 -0.0791107 -0.0493382 -0.995644 -0.969694 0.23541 0.0653833 2.0057 2.39507 0.618864</i>
                        <i>-0.0175146 0.999694 -0.0174763 -0.00517335 -0.0175694 -0.999832 -0.999833 -0.0174212 0.00547949 1.97539 2.40486 0.702896</i>
                        <i>-0.235238 0.971857 0.0125404 0.0421333 0.023087 -0.998845 -0.971024 -0.234438 -0.0463785 1.94783 2.42976 0.786147</i>
                        <i>-0.384205 0.922528 0.0364516 0.0532339 0.061552 -0.996683 -0.921712 -0.38099 -0.0727583 1.92964 2.4365 0.833847</i>
                        <i>-0.517293 0.854491 0.0474655 0.0360048 0.0771433 -0.99637 -0.85505 -0.513706 -0.0706714 1.92194 2.40328 0.819478</i>
                        <i>-0.64986 0.759007 0.0398802 0.0202223 0.0697183 -0.997362 -0.759785 -0.647339 -0.0606561 1.91667 2.3566 0.770983</i>
                        <i>-0.722176 0.691064 0.0298902 0.01656 0.0604729 -0.998033 -0.691511 -0.72026 -0.0551161 1.90717 2.33389 0.735476</i>
                        <i>-0.713199 0.700821 0.014059 0.0206062 0.0410098 -0.998946 -0.700659 -0.712158 -0.0436894 1.89227 2.35214 0.72978</i>
                        <i>-0.661006 0.75033 -0.00871949 0.0236014 0.0091746 -0.999679 -0.75001 -0.660999 -0.0237733 1.87188 2.39228 0.734487</i>
                        <i>-0.621067 0.783493 -0.0203645 0.023136 -0.00764457 -0.999703 -0.783416 -0.621354 -0.0133791 1.84357 2.43681 0.742747</i>
                        <i>-0.609627 0.792671 -0.00523275 -0.00197224 -0.00811799 -0.999965 -0.792686 -0.609595 0.00651229 1.817 2.49465 0.741466</i>
                        <i>-0.597413 0.801249 0.033136 -0.0685557 -0.00985909 -0.997599 -0.798998 -0.59825 0.0608202 1.77266 2.53237 0.754297</i>
                        <i>-0.58071 0.809436 0.0871169 -0.165436 -0.0125528 -0.986141 -0.797124 -0.587074 0.141199 1.68906 2.51075 0.811833</i>
                        <i>-0.556406 0.817431 0.149063 -0.28034 -0.0158008 -0.959771 -0.782191 -0.57581 0.23795 1.5907 2.46826 0.882781</i>
                        <i>-0.523486 0.825348 0.211573 -0.400371 -0.0190888 -0.916154 -0.752108 -0.564302 0.340438 1.50134 2.44127 0.922521</i>
                        <i>-0.483685 0.833136 0.268203 -0.513387 -0.0218831 -0.857878 -0.70886 -0.552635 0.438306 1.41676 2.44002 0.91901</i>
                        <i>-0.441292 0.840541 0.31425 -0.609601 -0.023813 -0.792351 -0.65852 -0.541225 0.522903 1.3263 2.44732 0.897281</i>
                        <i>-0.402327 0.847137 0.347119 -0.682508 -0.0248317 -0.730456 -0.610177 -0.530793 0.588169 1.24411 2.45839 0.868325</i>
                        <i>-0.373428 0.852424 0.365957 -0.728491 -0.0252316 -0.684591 -0.574328 -0.522242 0.630405 1.18432 2.46844 0.843098</i>
                        <i>-0.36077 0.855933 0.370437 -0.74492 -0.0254528 -0.666668 -0.561195 -0.51646 0.646784 1.16101 2.47268 0.832537</i>
                    </KeyFrames>
                </p>
            </i>
            <i>
                <p>
                    <Name>
                        <![CDATA[head]]>
</Name>
                    <Exclude>0</Exclude>
                    <Additive>0</Additive>
                    <IKPriority>0</IKPriority>
                    <IKRotLimits>-1e+010 -1e+010 -1e+010 1e+010 1e+010 1e+010</IKRotLimits>
                    <IKRotLimitOrder>0</IKRotLimitOrder>
                    <KeyFrames count="30">
                        <i>-0.065809 0.981955 0.177294 0.201102 0.187085 -0.961539 -0.977357 -0.0276238 -0.209785 1.07862 2.6967 0.932158</i>
                        <i>-0.157832 0.926317 0.34209 0.467133 0.375257 -0.800605 -0.869986 0.0334404 -0.491941 1.21669 2.62696 0.975196</i>
                        <i>-0.38031 0.760455 0.526376 0.625063 0.630823 -0.459737 -0.68166 0.154176 -0.715241 1.35601 2.50826 1.02486</i>
                        <i>-0.514213 0.712768 0.477019 0.709416 0.66604 -0.230475 -0.481989 0.219892 -0.848136 1.51725 2.47703 0.982938</i>
                        <i>-0.29565 0.940318 0.1685 0.872371 0.337634 -0.353513 -0.389306 0.042478 -0.920128 1.77867 2.59879 0.738387</i>
                        <i>0.175431 0.951419 -0.253034 0.837147 -0.279418 -0.470224 -0.518082 -0.129335 -0.845496 2.07171 2.66061 0.409707</i>
                        <i>0.462215 0.759543 -0.45766 0.654545 -0.640417 -0.401791 -0.598271 -0.113845 -0.793165 2.21707 2.65228 0.247858</i>
                        <i>0.610641 0.61726 -0.496092 0.561671 -0.779202 -0.278156 -0.55825 -0.108787 -0.82251 2.24583 2.65201 0.272768</i>
                        <i>0.752231 0.440612 -0.489907 0.439934 -0.889374 -0.124384 -0.490516 -0.121961 -0.862856 2.23263 2.63867 0.362222</i>
                        <i>0.815646 0.395556 -0.422205 0.423135 -0.905538 -0.0309403 -0.394562 -0.153413 -0.905972 2.18115 2.62735 0.478771</i>
                        <i>0.805445 0.514807 -0.293651 0.540603 -0.84124 0.00800208 -0.242912 -0.165194 -0.955879 2.10163 2.63173 0.586135</i>
                        <i>0.726183 0.677353 -0.117692 0.684208 -0.728773 0.0273889 -0.0672188 -0.100415 -0.992672 2.00993 2.66081 0.686061</i>
                        <i>0.567558 0.821862 0.049199 0.821795 -0.569136 0.0271492 0.0503139 0.0250227 -0.99842 1.92344 2.68901 0.779371</i>
                        <i>0.368404 0.916271 0.157242 0.927246 -0.374346 0.00891099 0.0670277 0.142519 -0.98752 1.86104 2.68936 0.833748</i>
                        <i>-0.0334439 0.977451 0.208499 0.999302 0.0361814 -0.00932886 -0.0166623 0.208042 -0.977978 1.80897 2.64187 0.822762</i>
                        <i>-0.541639 0.802804 0.249266 0.827812 0.560951 -0.00785501 -0.146132 0.202091 -0.968403 1.757 2.56966 0.774036</i>
                        <i>-0.752515 0.596691 0.278712 0.615043 0.788048 -0.026523 -0.235464 0.151461 -0.960009 1.72152 2.52609 0.737434</i>
                        <i>-0.605437 0.747393 0.273586 0.741433 0.65461 -0.147523 -0.289349 0.11353 -0.950467 1.7097 2.54598 0.729171</i>
                        <i>-0.218671 0.958814 0.181271 0.916329 0.265631 -0.299637 -0.335447 0.100582 -0.936674 1.70732 2.59915 0.729653</i>
                        <i>0.0636582 0.993674 0.0925124 0.936817 -0.0275482 -0.348733 -0.343979 0.108867 -0.932645 1.69226 2.65174 0.735454</i>
                        <i>0.130223 0.988601 0.0755672 0.937415 -0.0979378 -0.334157 -0.322947 0.114353 -0.939483 1.6687 2.71098 0.737895</i>
                        <i>0.157591 0.985671 0.0601493 0.938557 -0.130562 -0.319476 -0.307045 0.1068 -0.945683 1.62721 2.7499 0.760756</i>
                        <i>0.150711 0.987633 0.0432016 0.939726 -0.129559 -0.316431 -0.306921 0.0882875 -0.947631 1.54747 2.72931 0.832706</i>
                        <i>0.117852 0.992694 0.0258569 0.935612 -0.102274 -0.337891 -0.332778 0.064013 -0.94083 1.45499 2.68773 0.920492</i>
                        <i>0.0729766 0.99725 0.0129228 0.916452 -0.0619412 -0.395322 -0.393434 0.0406924 -0.918452 1.37401 2.66156 0.9775</i>
                        <i>0.0349801 0.999354 0.00823655 0.868287 -0.0263096 -0.495364 -0.494827 0.0244795 -0.868646 1.29997 2.66109 0.989852</i>
                        <i>-0.00577916 0.999789 0.0196943 0.74601 0.0174256 -0.665706 -0.665909 0.010845 -0.745954 1.22108 2.66914 0.981153</i>
                        <i>-0.0491575 0.996476 0.0679642 0.529921 0.0836999 -0.843907 -0.846621 -0.00546864 -0.532168 1.14977 2.68093 0.961533</i>
                        <i>-0.0672509 0.988245 0.137291 0.304353 0.151363 -0.940457 -0.950182 -0.0214617 -0.310955 1.0982 2.6917 0.941606</i>
                        <i>-0.065809 0.981955 0.177294 0.201102 0.187085 -0.961539 -0.977357 -0.0276238 -0.209785 1.07862 2.6967 0.932158</i>
                    </KeyFrames>
                </p>
            </i>
            <i>
                <p>
                    <Name>
                        <![CDATA[head_prop]]>
</Name>
                    <Exclude>0</Exclude>
                    <Additive>0</Additive>
                    <IKPriority>0</IKPriority>
                    <IKRotLimits>-1e+010 -1e+010 -1e+010 1e+010 1e+010 1e+010</IKRotLimits>
                    <IKRotLimitOrder>0</IKRotLimitOrder>
                    <KeyFrames count="30">
                        <i>0.977357 0.0276238 0.209785 -0.065809 0.981955 0.177294 -0.201102 -0.187085 0.961539 1.05718 3.01673 0.98994</i>
                        <i>0.88008 -0.0170547 0.47452 -0.238937 0.847701 0.473617 -0.410328 -0.530201 0.741969 1.14537 2.95543 1.12365</i>
                        <i>0.703389 -0.106104 0.702842 -0.572574 0.501339 0.648704 -0.421192 -0.85872 0.291884 1.1652 2.78107 1.26552</i>
                        <i>0.508969 -0.157918 0.846175 -0.776235 0.340667 0.530477 -0.372036 -0.926827 0.050807 1.24296 2.73152 1.2048</i>
                        <i>0.421726 -0.0067256 0.906699 -0.678267 0.661293 0.320382 -0.601748 -0.750097 0.274322 1.5857 2.96247 0.836823</i>
                        <i>0.532559 0.13216 0.836011 -0.235066 0.971972 -0.00391031 -0.813096 -0.194436 0.548698 2.07715 3.04676 0.347303</i>
                        <i>0.598271 0.113845 0.793165 0.164341 0.95138 -0.260514 -0.78426 0.286208 0.550474 2.34597 2.96371 0.105936</i>
                        <i>0.55825 0.108787 0.82251 0.458622 0.785675 -0.415188 -0.691393 0.608999 0.388711 2.44803 2.89291 0.103675</i>
                        <i>0.490516 0.121961 0.862856 0.746552 0.451933 -0.488279 -0.449504 0.883675 0.13063 2.50779 2.78328 0.185357</i>
                        <i>0.394562 0.153413 0.905972 0.881534 0.214997 -0.420325 -0.259265 0.96449 -0.0504094 2.49653 2.7237 0.325103</i>
                        <i>0.242912 0.165194 0.955879 0.926148 0.253589 -0.279181 -0.28852 0.953102 -0.0913944 2.42768 2.7608 0.480975</i>
                        <i>0.0672188 0.100415 0.992672 0.832511 0.542719 -0.111273 -0.549915 0.83389 -0.0471159 2.29391 2.86949 0.645721</i>
                        <i>-0.0503139 -0.0250227 0.99842 0.493131 0.868705 0.0466223 -0.868499 0.494698 -0.0313684 2.10757 2.97685 0.795864</i>
                        <i>-0.0670277 -0.142519 0.98752 0.0667344 0.986889 0.146958 -0.995517 0.0757518 -0.056638 1.93359 3.01875 0.88621</i>
                        <i>0.0166623 -0.208042 0.977978 -0.471332 0.860985 0.191184 -0.881799 -0.464137 -0.0837106 1.71899 2.9751 0.895181</i>
                        <i>0.146132 -0.202091 0.968403 -0.901476 0.375947 0.214487 -0.407414 -0.904336 -0.127243 1.48803 2.80411 0.863549</i>
                        <i>0.235464 -0.151461 0.960009 -0.966687 0.0655082 0.247438 -0.100365 -0.98629 -0.13099 1.39322 2.6702 0.840695</i>
                        <i>0.289349 -0.11353 0.950467 -0.849867 0.426424 0.309659 -0.440457 -0.89737 0.0269003 1.44978 2.76737 0.83474</i>
                        <i>0.335447 -0.100582 0.936674 -0.343784 0.912644 0.221119 -0.877091 -0.396187 0.271565 1.61435 2.91445 0.796805</i>
                        <i>0.343979 -0.108867 0.932645 0.0636582 0.993674 0.0925124 -0.936817 0.0275482 0.348733 1.71301 2.97558 0.765604</i>
                        <i>0.322947 -0.114353 0.939483 0.130223 0.988601 0.0755672 -0.937415 0.0979378 0.334157 1.71114 3.03317 0.762523</i>
                        <i>0.307045 -0.1068 0.945683 0.157591 0.985671 0.0601493 -0.938557 0.130562 0.319476 1.67858 3.07113 0.780359</i>
                        <i>0.306921 -0.0882875 0.947631 0.150711 0.987633 0.0432016 -0.939726 0.129559 0.316431 1.59659 3.05119 0.846786</i>
                        <i>0.332778 -0.064013 0.94083 0.117852 0.992694 0.0258569 -0.935612 0.102274 0.337891 1.4934 3.01126 0.928919</i>
                        <i>0.393434 -0.0406924 0.918452 0.0729766 0.99725 0.0129228 -0.916452 0.0619412 0.395322 1.39779 2.98658 0.981712</i>
                        <i>0.494827 -0.0244795 0.868646 0.0349801 0.999354 0.00823655 -0.868287 0.0263096 0.495364 1.31137 2.98679 0.992536</i>
                        <i>0.665909 -0.010845 0.745954 -0.00577916 0.999789 0.0196943 -0.74601 -0.0174256 0.665706 1.2192 2.99498 0.987571</i>
                        <i>0.846621 0.00546864 0.532168 -0.0491575 0.996476 0.0679642 -0.529921 -0.0836999 0.843907 1.13375 3.00569 0.983683</i>
                        <i>0.950182 0.0214617 0.310955 -0.0672509 0.988245 0.137291 -0.304353 -0.151363 0.940457 1.07628 3.01378 0.98635</i>
                        <i>0.977357 0.0276238 0.209785 -0.065809 0.981955 0.177294 -0.201102 -0.187085 0.961539 1.05718 3.01673 0.98994</i>
                    </KeyFrames>
                </p>
            </i>
            <i>
                <p>
                    <Name>
                        <![CDATA[l_clav]]>
</Name>
                    <Exclude>0</Exclude>
                    <Additive>0</Additive>
                    <IKPriority>0</IKPriority>
                    <IKRotLimits>-1e+010 -1e+010 -1e+010 1e+010 1e+010 1e+010</IKRotLimits>
                    <IKRotLimitOrder>0</IKRotLimitOrder>
                    <KeyFrames count="30">
                        <i>0.447984 0.36987 0.813945 -0.517283 0.84978 -0.101449 -0.729197 -0.375593 0.572015 1.18277 2.50453 0.926092</i>
                        <i>0.329691 0.294288 0.89705 -0.553868 0.829769 -0.0686537 -0.764548 -0.474213 0.436564 1.33146 2.44135 0.961299</i>
                        <i>0.198216 0.181881 0.963135 -0.596592 0.802032 -0.0286777 -0.777681 -0.568915 0.267485 1.48282 2.33165 1.00157</i>
                        <i>0.145979 0.212173 0.966267 -0.518276 0.848368 -0.107986 -0.842662 -0.48503 0.233808 1.62893 2.28915 0.976387</i>
                        <i>0.348575 0.523243 0.777633 -0.210405 0.852177 -0.479087 -0.913359 0.00338027 0.40714 1.79959 2.39183 0.805796</i>
                        <i>0.804613 0.49278 0.33131 0.0231694 0.53147 -0.84676 -0.593348 0.68899 0.41621 1.98608 2.5295 0.562317</i>
                        <i>0.976683 0.17304 0.127074 0.0680735 0.311749 -0.947723 -0.203609 0.934275 0.2927 2.09853 2.59821 0.423467</i>
                        <i>0.977382 0.086541 0.192966 0.159346 0.29856 -0.940995 -0.139046 0.950459 0.278017 2.11739 2.59921 0.441675</i>
                        <i>0.939245 0.0816715 0.333391 0.289399 0.333866 -0.897096 -0.184575 0.939076 0.289946 2.09777 2.56681 0.518634</i>
                        <i>0.86537 0.156861 0.475952 0.372705 0.433442 -0.820499 -0.335002 0.887424 0.316625 2.04989 2.5229 0.619036</i>
                        <i>0.742096 0.285048 0.606665 0.378332 0.568999 -0.73014 -0.553316 0.771355 0.314409 1.98886 2.49069 0.709435</i>
                        <i>0.565729 0.3923 0.725294 0.322289 0.704419 -0.632395 -0.759 0.591519 0.272076 1.92937 2.48911 0.794878</i>
                        <i>0.384801 0.439039 0.811894 0.213923 0.813252 -0.541163 -0.897867 0.381923 0.21902 1.88127 2.4986 0.878254</i>
                        <i>0.26738 0.435403 0.859612 0.0808656 0.878806 -0.470278 -0.960192 0.195256 0.199766 1.85342 2.49172 0.926985</i>
                        <i>0.172916 0.439046 0.881668 -0.101518 0.898329 -0.427433 -0.979691 -0.0155949 0.199907 1.84277 2.44564 0.913119</i>
                        <i>0.0576768 0.443652 0.894341 -0.306373 0.860472 -0.407092 -0.950163 -0.250522 0.185552 1.83736 2.38684 0.863098</i>
                        <i>-0.0149032 0.437403 0.899142 -0.429753 0.809145 -0.400745 -0.902824 -0.392381 0.175916 1.82913 2.35757 0.825961</i>
                        <i>-0.00535847 0.4437 0.896159 -0.421969 0.811473 -0.404294 -0.906595 -0.380318 0.182879 1.81571 2.3768 0.81835</i>
                        <i>0.0448914 0.455896 0.8889 -0.345134 0.842086 -0.414456 -0.937479 -0.288184 0.195147 1.79727 2.42192 0.820828</i>
                        <i>0.0777685 0.460802 0.884089 -0.290344 0.858805 -0.422083 -0.953757 -0.223865 0.200579 1.77065 2.46989 0.828188</i>
                        <i>0.0673506 0.45508 0.8879 -0.291441 0.860081 -0.418715 -0.954215 -0.23057 0.190556 1.74748 2.52831 0.828677</i>
                        <i>0.0452252 0.439185 0.897258 -0.312567 0.859301 -0.404851 -0.948819 -0.262144 0.176137 1.71056 2.5663 0.845363</i>
                        <i>0.0411472 0.417685 0.90766 -0.347823 0.857596 -0.378878 -0.936657 -0.300115 0.180568 1.6377 2.54466 0.907395</i>
                        <i>0.083969 0.399268 0.912981 -0.388805 0.856723 -0.338905 -0.917486 -0.326514 0.227175 1.55248 2.50195 0.982102</i>
                        <i>0.16376 0.388093 0.906954 -0.428665 0.856027 -0.288901 -0.888498 -0.341469 0.306545 1.47747 2.47459 1.02388</i>
                        <i>0.246635 0.379709 0.891623 -0.463931 0.854031 -0.23537 -0.850846 -0.355601 0.386793 1.40706 2.4729 1.02033</i>
                        <i>0.323777 0.373649 0.869227 -0.491064 0.851647 -0.183177 -0.808718 -0.367537 0.459229 1.32925 2.47975 0.996817</i>
                        <i>0.38735 0.369841 0.844498 -0.508701 0.849684 -0.138784 -0.768884 -0.375839 0.517264 1.25706 2.49043 0.965197</i>
                        <i>0.430711 0.368508 0.823826 -0.517227 0.848843 -0.109283 -0.739571 -0.379035 0.556208 1.20376 2.50025 0.937602</i>
                        <i>0.447984 0.36987 0.813945 -0.517283 0.84978 -0.101449 -0.729197 -0.375593 0.572015 1.18277 2.50453 0.926092</i>
                    </KeyFrames>
                </p>
            </i>
            <i>
                <p>
                    <Name>
                        <![CDATA[l_shoulder]]>
</Name>
                    <Exclude>0</Exclude>
                    <Additive>0</Additive>
                    <IKPriority>0</IKPriority>
                    <IKRotLimits>-1e+010 -1e+010 -1e+010 1e+010 1e+010 1e+010</IKRotLimits>
                    <IKRotLimitOrder>0</IKRotLimitOrder>
                    <KeyFrames count="30">
                        <i>-0.158383 -0.436871 0.885471 0.131613 0.879447 0.45744 -0.978567 0.18899 -0.0817915 1.27129 2.57761 1.08691</i>
                        <i>-0.232476 -0.572275 0.78642 0.358717 0.701118 0.616243 -0.904034 0.425364 0.0422913 1.3966 2.4995 1.13854</i>
                        <i>-0.457292 -0.498885 0.736205 0.551988 0.489844 0.674806 -0.697276 0.71496 0.0513763 1.52198 2.36758 1.19187</i>
                        <i>-0.535653 -0.261918 0.802792 0.669387 0.447844 0.592754 -0.514778 0.854889 -0.0645641 1.65777 2.33107 1.1673</i>
                        <i>-0.108284 0.0279029 0.993728 0.808626 0.583936 0.0717176 -0.578273 0.81132 -0.085794 1.86846 2.49521 0.95944</i>
                        <i>0.456849 0.124889 0.880734 0.71802 0.532691 -0.447983 -0.525107 0.837044 0.153686 2.14505 2.62686 0.627777</i>
                        <i>0.42749 0.0965558 0.898849 0.818062 0.381839 -0.430086 -0.384743 0.919171 0.0842441 2.29151 2.6324 0.448574</i>
                        <i>0.392246 0.0942499 0.915019 0.851445 0.339252 -0.399937 -0.348116 0.935962 0.0528215 2.3105 2.61631 0.4798</i>
                        <i>0.391482 0.126163 0.911496 0.859041 0.304951 -0.411162 -0.329835 0.943974 0.0110031 2.28335 2.58295 0.584505</i>
                        <i>0.31139 0.0713639 0.947599 0.896879 0.307505 -0.317881 -0.314077 0.948866 0.0317492 2.22087 2.55389 0.713074</i>
                        <i>0.131361 -0.217289 0.967228 0.919119 0.392266 -0.0367039 -0.371435 0.893819 0.251243 2.13549 2.54701 0.829299</i>
                        <i>-0.0273329 -0.524194 0.85116 0.787714 0.51293 0.341188 -0.615434 0.679797 0.398895 2.04114 2.56662 0.938181</i>
                        <i>-0.0753129 -0.728766 0.680608 0.491949 0.566545 0.661069 -0.86736 0.384612 0.315848 1.9573 2.58534 1.03867</i>
                        <i>-0.0987685 -0.824735 0.556828 0.207934 0.530107 0.82204 -0.973144 0.196975 0.119133 1.90625 2.57774 1.09683</i>
                        <i>0.0724369 -0.881615 0.466377 -0.000450723 0.467576 0.883953 -0.997373 -0.0642409 0.0334724 1.87694 2.53238 1.08732</i>
                        <i>0.414495 -0.815383 0.404159 -0.156659 0.373545 0.914288 -0.896466 -0.442282 0.0270955 1.84876 2.4745 1.0398</i>
                        <i>0.601177 -0.702819 0.380304 -0.224297 0.30837 0.924445 -0.766992 -0.641056 0.027745 1.82619 2.44399 1.00361</i>
                        <i>0.556941 -0.717156 0.418933 -0.187922 0.382513 0.904638 -0.809013 -0.582556 0.078268 1.81465 2.46446 0.995412</i>
                        <i>0.407225 -0.764294 0.500023 -0.0812526 0.514986 0.853339 -0.909706 -0.388129 0.147615 1.80614 2.51199 0.996456</i>
                        <i>0.326785 -0.769352 0.548916 -0.00554987 0.579231 0.815145 -0.945082 -0.269423 0.185014 1.78602 2.56093 1.00286</i>
                        <i>0.331828 -0.761516 0.556761 0.00903022 0.592739 0.805344 -0.943297 -0.262208 0.203564 1.76079 2.61823 1.00411</i>
                        <i>0.305391 -0.754529 0.580881 0.0203522 0.615056 0.788221 -0.95201 -0.228893 0.203189 1.7195 2.65307 1.02264</i>
                        <i>0.23232 -0.733219 0.639075 0.0270866 0.661675 0.749301 -0.972262 -0.156767 0.17358 1.64583 2.62719 1.08673</i>
                        <i>0.107973 -0.677039 0.727984 0.0368642 0.734488 0.67762 -0.99347 -0.0463283 0.104264 1.56907 2.58084 1.16249</i>
                        <i>-0.0365197 -0.582001 0.812368 0.0673451 0.809629 0.583066 -0.997061 0.0760023 0.00962759 1.50982 2.55127 1.20308</i>
                        <i>-0.161312 -0.474071 0.865583 0.12372 0.860437 0.494309 -0.979118 0.186828 -0.0801469 1.45579 2.54792 1.1965</i>
                        <i>-0.257529 -0.376399 0.889945 0.191665 0.882811 0.428845 -0.947071 0.281012 -0.155206 1.39322 2.55357 1.16856</i>
                        <i>-0.212723 -0.372372 0.903376 0.217672 0.883244 0.41533 -0.952558 0.28499 -0.106831 1.33359 2.5635 1.13205</i>
                        <i>-0.151369 -0.419882 0.894867 0.173723 0.879907 0.442248 -0.973092 0.222401 -0.0602476 1.28886 2.57306 1.10037</i>
                        <i>-0.158383 -0.436871 0.885471 0.131613 0.879447 0.45744 -0.978567 0.18899 -0.0817915 1.27129 2.57761 1.08691</i>
                    </KeyFrames>
                </p>
            </i>
            <i>
                <p>
                    <Name>
                        <![CDATA[l_elbow]]>
</Name>
                    <Exclude>0</Exclude>
                    <Additive>0</Additive>
                    <IKPriority>0</IKPriority>
                    <IKRotLimits>-1e+010 -1e+010 -1e+010 1e+010 1e+010 1e+010</IKRotLimits>
                    <IKRotLimitOrder>0</IKRotLimitOrder>
                    <KeyFrames count="30">
                        <i>-0.967405 0.213124 -0.136771 0.129219 0.879938 0.457177 0.217786 0.424602 -0.878796 1.21977 2.4355 1.37493</i>
                        <i>-0.916828 0.389882 0.0861334 0.356511 0.702204 0.616287 0.179796 0.595737 -0.782797 1.32098 2.31335 1.39434</i>
                        <i>-0.824261 0.448853 0.345145 0.550313 0.491644 0.674864 0.133226 0.746202 -0.652252 1.37324 2.20531 1.43134</i>
                        <i>-0.735914 0.516845 0.437381 0.668173 0.449969 0.592514 0.10943 0.728285 -0.67648 1.48354 2.24588 1.42843</i>
                        <i>-0.585145 0.778435 0.227251 0.807211 0.585925 0.0714224 -0.0775546 0.225232 -0.971213 1.83323 2.50428 1.28268</i>
                        <i>-0.398294 0.840786 0.366662 0.71669 0.534736 -0.447676 -0.572467 0.0844763 -0.815565 2.29365 2.66748 0.914259</i>
