<?xml version="1.0" encoding="ISO-8859-1" ?>
<Animl Version="1">
    <ModellingPackage><![CDATA[Maya.2010]]></ModellingPackage>
    <SrcFile><![CDATA[anims\turrets\mortar\blue\~src\mortar_m120\mortar_m120_idle_crewman_d.mb]]></SrcFile>
    <FramesPerSecond>30</FramesPerSecond>
    <TotalFrames>120</TotalFrames>
    <Skeleton>
        <RefFrame>
            <Name><![CDATA[soldier_ref_frame]]></Name>
            <Exclude>0</Exclude>
            <Additive>0</Additive>
            <IKPriority>0</IKPriority>
            <IKRotLimits>-1e+010 -1e+010 -1e+010 1e+010 1e+010 1e+010</IKRotLimits>
            <IKRotLimitOrder>0</IKRotLimitOrder>
            <KeyFrames count="120">
                <i>1 0 0 0 1 0 0 0 1 -1.81 0.85 -1.79</i>
                <i>1 0 0 0 1 0 0 0 1 -1.81 0.85 -1.79</i>
                <i>1 0 0 0 1 0 0 0 1 -1.81 0.85 -1.79</i>
                <i>1 0 0 0 1 0 0 0 1 -1.81 0.85 -1.79</i>
                <i>1 0 0 0 1 0 0 0 1 -1.81 0.85 -1.79</i>
                <i>1 0 0 0 1 0 0 0 1 -1.81 0.85 -1.79</i>
                <i>1 0 0 0 1 0 0 0 1 -1.81 0.85 -1.79</i>
                <i>1 0 0 0 1 0 0 0 1 -1.81 0.85 -1.79</i>
                <i>1 0 0 0 1 0 0 0 1 -1.81 0.85 -1.79</i>
                <i>1 0 0 0 1 0 0 0 1 -1.81 0.85 -1.79</i>
                <i>1 0 0 0 1 0 0 0 1 -1.81 0.85 -1.79</i>
                <i>1 0 0 0 1 0 0 0 1 -1.81 0.85 -1.79</i>
                <i>1 0 0 0 1 0 0 0 1 -1.81 0.85 -1.79</i>
                <i>1 0 0 0 1 0 0 0 1 -1.81 0.85 -1.79</i>
                <i>1 0 0 0 1 0 0 0 1 -1.81 0.85 -1.79</i>
                <i>1 0 0 0 1 0 0 0 1 -1.81 0.85 -1.79</i>
                <i>1 0 0 0 1 0 0 0 1 -1.81 0.85 -1.79</i>
                <i>1 0 0 0 1 0 0 0 1 -1.81 0.85 -1.79</i>
                <i>1 0 0 0 1 0 0 0 1 -1.81 0.85 -1.79</i>
                <i>1 0 0 0 1 0 0 0 1 -1.81 0.85 -1.79</i>
                <i>1 0 0 0 1 0 0 0 1 -1.81 0.85 -1.79</i>
                <i>1 0 0 0 1 0 0 0 1 -1.81 0.85 -1.79</i>
                <i>1 0 0 0 1 0 0 0 1 -1.81 0.85 -1.79</i>
                <i>1 0 0 0 1 0 0 0 1 -1.81 0.85 -1.79</i>
                <i>1 0 0 0 1 0 0 0 1 -1.81 0.85 -1.79</i>
                <i>1 0 0 0 1 0 0 0 1 -1.81 0.85 -1.79</i>
                <i>1 0 0 0 1 0 0 0 1 -1.81 0.85 -1.79</i>
                <i>1 0 0 0 1 0 0 0 1 -1.81 0.85 -1.79</i>
                <i>1 0 0 0 1 0 0 0 1 -1.81 0.85 -1.79</i>
                <i>1 0 0 0 1 0 0 0 1 -1.81 0.85 -1.79</i>
                <i>1 0 0 0 1 0 0 0 1 -1.81 0.85 -1.79</i>
                <i>1 0 0 0 1 0 0 0 1 -1.81 0.85 -1.79</i>
                <i>1 0 0 0 1 0 0 0 1 -1.81 0.85 -1.79</i>
                <i>1 0 0 0 1 0 0 0 1 -1.81 0.85 -1.79</i>
                <i>1 0 0 0 1 0 0 0 1 -1.81 0.85 -1.79</i>
                <i>1 0 0 0 1 0 0 0 1 -1.81 0.85 -1.79</i>
                <i>1 0 0 0 1 0 0 0 1 -1.81 0.85 -1.79</i>
                <i>1 0 0 0 1 0 0 0 1 -1.81 0.85 -1.79</i>
                <i>1 0 0 0 1 0 0 0 1 -1.81 0.85 -1.79</i>
                <i>1 0 0 0 1 0 0 0 1 -1.81 0.85 -1.79</i>
                <i>1 0 0 0 1 0 0 0 1 -1.81 0.85 -1.79</i>
                <i>1 0 0 0 1 0 0 0 1 -1.81 0.85 -1.79</i>
                <i>1 0 0 0 1 0 0 0 1 -1.81 0.85 -1.79</i>
                <i>1 0 0 0 1 0 0 0 1 -1.81 0.85 -1.79</i>
                <i>1 0 0 0 1 0 0 0 1 -1.81 0.85 -1.79</i>
                <i>1 0 0 0 1 0 0 0 1 -1.81 0.85 -1.79</i>
                <i>1 0 0 0 1 0 0 0 1 -1.81 0.85 -1.79</i>
                <i>1 0 0 0 1 0 0 0 1 -1.81 0.85 -1.79</i>
                <i>1 0 0 0 1 0 0 0 1 -1.81 0.85 -1.79</i>
                <i>1 0 0 0 1 0 0 0 1 -1.81 0.85 -1.79</i>
                <i>1 0 0 0 1 0 0 0 1 -1.81 0.85 -1.79</i>
                <i>1 0 0 0 1 0 0 0 1 -1.81 0.85 -1.79</i>
                <i>1 0 0 0 1 0 0 0 1 -1.81 0.85 -1.79</i>
                <i>1 0 0 0 1 0 0 0 1 -1.81 0.85 -1.79</i>
                <i>1 0 0 0 1 0 0 0 1 -1.81 0.85 -1.79</i>
                <i>1 0 0 0 1 0 0 0 1 -1.81 0.85 -1.79</i>
                <i>1 0 0 0 1 0 0 0 1 -1.81 0.85 -1.79</i>
                <i>1 0 0 0 1 0 0 0 1 -1.81 0.85 -1.79</i>
                <i>1 0 0 0 1 0 0 0 1 -1.81 0.85 -1.79</i>
                <i>1 0 0 0 1 0 0 0 1 -1.81 0.85 -1.79</i>
                <i>1 0 0 0 1 0 0 0 1 -1.81 0.85 -1.79</i>
                <i>1 0 0 0 1 0 0 0 1 -1.81 0.85 -1.79</i>
                <i>1 0 0 0 1 0 0 0 1 -1.81 0.85 -1.79</i>
                <i>1 0 0 0 1 0 0 0 1 -1.81 0.85 -1.79</i>
                <i>1 0 0 0 1 0 0 0 1 -1.81 0.85 -1.79</i>
                <i>1 0 0 0 1 0 0 0 1 -1.81 0.85 -1.79</i>
                <i>1 0 0 0 1 0 0 0 1 -1.81 0.85 -1.79</i>
                <i>1 0 0 0 1 0 0 0 1 -1.81 0.85 -1.79</i>
                <i>1 0 0 0 1 0 0 0 1 -1.81 0.85 -1.79</i>
                <i>1 0 0 0 1 0 0 0 1 -1.81 0.85 -1.79</i>
                <i>1 0 0 0 1 0 0 0 1 -1.81 0.85 -1.79</i>
                <i>1 0 0 0 1 0 0 0 1 -1.81 0.85 -1.79</i>
                <i>1 0 0 0 1 0 0 0 1 -1.81 0.85 -1.79</i>
                <i>1 0 0 0 1 0 0 0 1 -1.81 0.85 -1.79</i>
                <i>1 0 0 0 1 0 0 0 1 -1.81 0.85 -1.79</i>
                <i>1 0 0 0 1 0 0 0 1 -1.81 0.85 -1.79</i>
                <i>1 0 0 0 1 0 0 0 1 -1.81 0.85 -1.79</i>
                <i>1 0 0 0 1 0 0 0 1 -1.81 0.85 -1.79</i>
                <i>1 0 0 0 1 0 0 0 1 -1.81 0.85 -1.79</i>
                <i>1 0 0 0 1 0 0 0 1 -1.81 0.85 -1.79</i>
                <i>1 0 0 0 1 0 0 0 1 -1.81 0.85 -1.79</i>
                <i>1 0 0 0 1 0 0 0 1 -1.81 0.85 -1.79</i>
                <i>1 0 0 0 1 0 0 0 1 -1.81 0.85 -1.79</i>
                <i>1 0 0 0 1 0 0 0 1 -1.81 0.85 -1.79</i>
                <i>1 0 0 0 1 0 0 0 1 -1.81 0.85 -1.79</i>
                <i>1 0 0 0 1 0 0 0 1 -1.81 0.85 -1.79</i>
                <i>1 0 0 0 1 0 0 0 1 -1.81 0.85 -1.79</i>
                <i>1 0 0 0 1 0 0 0 1 -1.81 0.85 -1.79</i>
                <i>1 0 0 0 1 0 0 0 1 -1.81 0.85 -1.79</i>
                <i>1 0 0 0 1 0 0 0 1 -1.81 0.85 -1.79</i>
                <i>1 0 0 0 1 0 0 0 1 -1.81 0.85 -1.79</i>
                <i>1 0 0 0 1 0 0 0 1 -1.81 0.85 -1.79</i>
                <i>1 0 0 0 1 0 0 0 1 -1.81 0.85 -1.79</i>
                <i>1 0 0 0 1 0 0 0 1 -1.81 0.85 -1.79</i>
                <i>1 0 0 0 1 0 0 0 1 -1.81 0.85 -1.79</i>
                <i>1 0 0 0 1 0 0 0 1 -1.81 0.85 -1.79</i>
                <i>1 0 0 0 1 0 0 0 1 -1.81 0.85 -1.79</i>
                <i>1 0 0 0 1 0 0 0 1 -1.81 0.85 -1.79</i>
                <i>1 0 0 0 1 0 0 0 1 -1.81 0.85 -1.79</i>
                <i>1 0 0 0 1 0 0 0 1 -1.81 0.85 -1.79</i>
                <i>1 0 0 0 1 0 0 0 1 -1.81 0.85 -1.79</i>
                <i>1 0 0 0 1 0 0 0 1 -1.81 0.85 -1.79</i>
                <i>1 0 0 0 1 0 0 0 1 -1.81 0.85 -1.79</i>
                <i>1 0 0 0 1 0 0 0 1 -1.81 0.85 -1.79</i>
                <i>1 0 0 0 1 0 0 0 1 -1.81 0.85 -1.79</i>
                <i>1 0 0 0 1 0 0 0 1 -1.81 0.85 -1.79</i>
                <i>1 0 0 0 1 0 0 0 1 -1.81 0.85 -1.79</i>
                <i>1 0 0 0 1 0 0 0 1 -1.81 0.85 -1.79</i>
                <i>1 0 0 0 1 0 0 0 1 -1.81 0.85 -1.79</i>
                <i>1 0 0 0 1 0 0 0 1 -1.81 0.85 -1.79</i>
                <i>1 0 0 0 1 0 0 0 1 -1.81 0.85 -1.79</i>
                <i>1 0 0 0 1 0 0 0 1 -1.81 0.85 -1.79</i>
                <i>1 0 0 0 1 0 0 0 1 -1.81 0.85 -1.79</i>
                <i>1 0 0 0 1 0 0 0 1 -1.81 0.85 -1.79</i>
                <i>1 0 0 0 1 0 0 0 1 -1.81 0.85 -1.79</i>
                <i>1 0 0 0 1 0 0 0 1 -1.81 0.85 -1.79</i>
                <i>1 0 0 0 1 0 0 0 1 -1.81 0.85 -1.79</i>
                <i>1 0 0 0 1 0 0 0 1 -1.81 0.85 -1.79</i>
                <i>1 0 0 0 1 0 0 0 1 -1.81 0.85 -1.79</i>
                <i>1 0 0 0 1 0 0 0 1 -1.81 0.85 -1.79</i>
            </KeyFrames>
        </RefFrame>
        <Bones count="23">
            <i>
                <p>
                    <Name><![CDATA[pelvis]]></Name>
                    <Exclude>0</Exclude>
                    <Additive>0</Additive>
                    <IKPriority>0</IKPriority>
                    <IKRotLimits>-1e+010 -1e+010 -1e+010 1e+010 1e+010 1e+010</IKRotLimits>
                    <IKRotLimitOrder>2</IKRotLimitOrder>
                    <KeyFrames count="120">
                        <i>1 0 0 0 1 0 0 0 1 -1.77599 2.00963 -1.68316</i>
                        <i>1 0 0 0 1 0 0 0 1 -1.77599 2.00972 -1.68316</i>
                        <i>1 0 0 0 1 0 0 0 1 -1.77599 2.00996 -1.68316</i>
                        <i>1 0 0 0 1 0 0 0 1 -1.77599 2.01034 -1.68316</i>
                        <i>1 0 0 0 1 0 0 0 1 -1.77599 2.01085 -1.68316</i>
                        <i>1 0 0 0 1 0 0 0 1 -1.77599 2.01147 -1.68316</i>
                        <i>1 0 0 0 1 0 0 0 1 -1.77599 2.01219 -1.68316</i>
                        <i>1 0 0 0 1 0 0 0 1 -1.77599 2.013 -1.68316</i>
                        <i>1 0 0 0 1 0 0 0 1 -1.77599 2.01388 -1.68316</i>
                        <i>1 0 0 0 1 0 0 0 1 -1.77599 2.01481 -1.68316</i>
                        <i>1 0 0 0 1 0 0 0 1 -1.77599 2.0158 -1.68316</i>
                        <i>1 0 0 0 1 0 0 0 1 -1.77599 2.01682 -1.68316</i>
                        <i>1 0 0 0 1 0 0 0 1 -1.77599 2.01786 -1.68316</i>
                        <i>1 0 0 0 1 0 0 0 1 -1.77599 2.0189 -1.68316</i>
                        <i>1 0 0 0 1 0 0 0 1 -1.77599 2.01994 -1.68316</i>
                        <i>1 0 0 0 1 0 0 0 1 -1.77599 2.02096 -1.68316</i>
                        <i>1 0 0 0 1 0 0 0 1 -1.77599 2.02194 -1.68316</i>
                        <i>1 0 0 0 1 0 0 0 1 -1.77599 2.02288 -1.68316</i>
                        <i>1 0 0 0 1 0 0 0 1 -1.77599 2.02375 -1.68316</i>
                        <i>1 0 0 0 1 0 0 0 1 -1.77599 2.02456 -1.68316</i>
                        <i>1 0 0 0 1 0 0 0 1 -1.77599 2.02527 -1.68316</i>
                        <i>1 0 0 0 1 0 0 0 1 -1.77599 2.02589 -1.68316</i>
                        <i>1 0 0 0 1 0 0 0 1 -1.77599 2.02639 -1.68316</i>
                        <i>1 0 0 0 1 0 0 0 1 -1.77599 2.02677 -1.68316</i>
                        <i>1 0 0 0 1 0 0 0 1 -1.77599 2.027 -1.68316</i>
                        <i>1 0 0 0 1 0 0 0 1 -1.77599 2.02708 -1.68316</i>
                        <i>1 0 0 0 1 0 0 0 1 -1.77599 2.02704 -1.68316</i>
                        <i>1 0 0 0 1 0 0 0 1 -1.77599 2.02691 -1.68316</i>
                        <i>1 0 0 0 1 0 0 0 1 -1.77599 2.0267 -1.68316</i>
                        <i>1 0 0 0 1 0 0 0 1 -1.77599 2.02642 -1.68316</i>
                        <i>1 0 0 0 1 0 0 0 1 -1.77599 2.02606 -1.68316</i>
                        <i>1 0 0 0 1 0 0 0 1 -1.77599 2.02565 -1.68316</i>
                        <i>1 0 0 0 1 0 0 0 1 -1.77599 2.02517 -1.68316</i>
                        <i>1 0 0 0 1 0 0 0 1 -1.77599 2.02464 -1.68316</i>
                        <i>1 0 0 0 1 0 0 0 1 -1.77599 2.02407 -1.68316</i>
                        <i>1 0 0 0 1 0 0 0 1 -1.77599 2.02345 -1.68316</i>
                        <i>1 0 0 0 1 0 0 0 1 -1.77599 2.02279 -1.68316</i>
                        <i>1 0 0 0 1 0 0 0 1 -1.77599 2.02211 -1.68316</i>
                        <i>1 0 0 0 1 0 0 0 1 -1.77599 2.02139 -1.68316</i>
                        <i>1 0 0 0 1 0 0 0 1 -1.77599 2.02065 -1.68316</i>
                        <i>1 0 0 0 1 0 0 0 1 -1.77599 2.0199 -1.68316</i>
                        <i>1 0 0 0 1 0 0 0 1 -1.77599 2.01914 -1.68316</i>
                        <i>1 0 0 0 1 0 0 0 1 -1.77599 2.01837 -1.68316</i>
                        <i>1 0 0 0 1 0 0 0 1 -1.77599 2.0176 -1.68316</i>
                        <i>1 0 0 0 1 0 0 0 1 -1.77599 2.01684 -1.68316</i>
                        <i>1 0 0 0 1 0 0 0 1 -1.77599 2.01609 -1.68316</i>
                        <i>1 0 0 0 1 0 0 0 1 -1.77599 2.01535 -1.68316</i>
                        <i>1 0 0 0 1 0 0 0 1 -1.77599 2.01464 -1.68316</i>
                        <i>1 0 0 0 1 0 0 0 1 -1.77599 2.01395 -1.68316</i>
                        <i>1 0 0 0 1 0 0 0 1 -1.77599 2.01329 -1.68316</i>
                        <i>1 0 0 0 1 0 0 0 1 -1.77599 2.01267 -1.68316</i>
                        <i>1 0 0 0 1 0 0 0 1 -1.77599 2.01209 -1.68316</i>
                        <i>1 0 0 0 1 0 0 0 1 -1.77599 2.01156 -1.68316</i>
                        <i>1 0 0 0 1 0 0 0 1 -1.77599 2.01108 -1.68316</i>
                        <i>1 0 0 0 1 0 0 0 1 -1.77599 2.01066 -1.68316</i>
                        <i>1 0 0 0 1 0 0 0 1 -1.77599 2.01031 -1.68316</i>
                        <i>1 0 0 0 1 0 0 0 1 -1.77599 2.01002 -1.68316</i>
                        <i>1 0 0 0 1 0 0 0 1 -1.77599 2.00981 -1.68316</i>
                        <i>1 0 0 0 1 0 0 0 1 -1.77599 2.00968 -1.68316</i>
                        <i>1 0 0 0 1 0 0 0 1 -1.77599 2.00963 -1.68316</i>
                        <i>1 0 0 0 1 0 0 0 1 -1.77599 2.00973 -1.68316</i>
                        <i>1 0 0 0 1 0 0 0 1 -1.77599 2.01002 -1.68316</i>
                        <i>1 0 0 0 1 0 0 0 1 -1.77599 2.01047 -1.68316</i>
                        <i>1 0 0 0 1 0 0 0 1 -1.77599 2.01107 -1.68316</i>
                        <i>1 0 0 0 1 0 0 0 1 -1.77599 2.01179 -1.68316</i>
                        <i>1 0 0 0 1 0 0 0 1 -1.77599 2.01262 -1.68316</i>
                        <i>1 0 0 0 1 0 0 0 1 -1.77599 2.01353 -1.68316</i>
                        <i>1 0 0 0 1 0 0 0 1 -1.77599 2.0145 -1.68316</i>
                        <i>1 0 0 0 1 0 0 0 1 -1.77599 2.01552 -1.68316</i>
                        <i>1 0 0 0 1 0 0 0 1 -1.77599 2.01655 -1.68316</i>
                        <i>1 0 0 0 1 0 0 0 1 -1.77599 2.01759 -1.68316</i>
                        <i>1 0 0 0 1 0 0 0 1 -1.77599 2.0186 -1.68316</i>
                        <i>1 0 0 0 1 0 0 0 1 -1.77599 2.01957 -1.68316</i>
                        <i>1 0 0 0 1 0 0 0 1 -1.77599 2.02048 -1.68316</i>
                        <i>1 0 0 0 1 0 0 0 1 -1.77599 2.02131 -1.68316</i>
                        <i>1 0 0 0 1 0 0 0 1 -1.77599 2.02203 -1.68316</i>
                        <i>1 0 0 0 1 0 0 0 1 -1.77599 2.02263 -1.68316</i>
                        <i>1 0 0 0 1 0 0 0 1 -1.77599 2.02308 -1.68316</i>
                        <i>1 0 0 0 1 0 0 0 1 -1.77599 2.02337 -1.68316</i>
                        <i>1 0 0 0 1 0 0 0 1 -1.77599 2.02347 -1.68316</i>
                        <i>1 0 0 0 1 0 0 0 1 -1.77599 2.02343 -1.68316</i>
                        <i>1 0 0 0 1 0 0 0 1 -1.77599 2.02333 -1.68316</i>
                        <i>1 0 0 0 1 0 0 0 1 -1.77599 2.02321 -1.68316</i>
                        <i>1 0 0 0 1 0 0 0 1 -1.77599 2.02311 -1.68316</i>
                        <i>1 0 0 0 1 0 0 0 1 -1.77599 2.02307 -1.68316</i>
                        <i>1 0 0 0 1 0 0 0 1 -1.77599 2.02314 -1.68316</i>
                        <i>1 0 0 0 1 0 0 0 1 -1.77599 2.02336 -1.68316</i>
                        <i>1 0 0 0 1 0 0 0 1 -1.77599 2.0237 -1.68316</i>
                        <i>1 0 0 0 1 0 0 0 1 -1.77599 2.02415 -1.68316</i>
                        <i>1 0 0 0 1 0 0 0 1 -1.77599 2.02468 -1.68316</i>
                        <i>1 0 0 0 1 0 0 0 1 -1.77599 2.02529 -1.68316</i>
                        <i>1 0 0 0 1 0 0 0 1 -1.77599 2.02595 -1.68316</i>
                        <i>1 0 0 0 1 0 0 0 1 -1.77599 2.02664 -1.68316</i>
                        <i>1 0 0 0 1 0 0 0 1 -1.77599 2.02735 -1.68316</i>
                        <i>1 0 0 0 1 0 0 0 1 -1.77599 2.02805 -1.68316</i>
                        <i>1 0 0 0 1 0 0 0 1 -1.77599 2.02874 -1.68316</i>
                        <i>1 0 0 0 1 0 0 0 1 -1.77599 2.02939 -1.68316</i>
                        <i>1 0 0 0 1 0 0 0 1 -1.77599 2.02999 -1.68316</i>
                        <i>1 0 0 0 1 0 0 0 1 -1.77599 2.03051 -1.68316</i>
                        <i>1 0 0 0 1 0 0 0 1 -1.77599 2.03094 -1.68316</i>
                        <i>1 0 0 0 1 0 0 0 1 -1.77599 2.03126 -1.68316</i>
                        <i>1 0 0 0 1 0 0 0 1 -1.77599 2.03146 -1.68316</i>
                        <i>1 0 0 0 1 0 0 0 1 -1.77599 2.03152 -1.68316</i>
                        <i>1 0 0 0 1 0 0 0 1 -1.77599 2.03141 -1.68316</i>
                        <i>1 0 0 0 1 0 0 0 1 -1.77599 2.03112 -1.68316</i>
                        <i>1 0 0 0 1 0 0 0 1 -1.77599 2.03051 -1.68316</i>
                        <i>1 0 0 0 1 0 0 0 1 -1.77599 2.0295 -1.68316</i>
                        <i>1 0 0 0 1 0 0 0 1 -1.77599 2.02815 -1.68316</i>
                        <i>1 0 0 0 1 0 0 0 1 -1.77599 2.02652 -1.68316</i>
                        <i>1 0 0 0 1 0 0 0 1 -1.77599 2.02469 -1.68316</i>
                        <i>1 0 0 0 1 0 0 0 1 -1.77599 2.02273 -1.68316</i>
                        <i>1 0 0 0 1 0 0 0 1 -1.77599 2.02068 -1.68316</i>
                        <i>1 0 0 0 1 0 0 0 1 -1.77599 2.01863 -1.68316</i>
                        <i>1 0 0 0 1 0 0 0 1 -1.77599 2.01664 -1.68316</i>
                        <i>1 0 0 0 1 0 0 0 1 -1.77599 2.01477 -1.68316</i>
                        <i>1 0 0 0 1 0 0 0 1 -1.77599 2.0131 -1.68316</i>
                        <i>1 0 0 0 1 0 0 0 1 -1.77599 2.01168 -1.68316</i>
                        <i>1 0 0 0 1 0 0 0 1 -1.77599 2.01058 -1.68316</i>
                        <i>1 0 0 0 1 0 0 0 1 -1.77599 2.00988 -1.68316</i>
                        <i>1 0 0 0 1 0 0 0 1 -1.77599 2.00963 -1.68316</i>
                    </KeyFrames>
                </p>
            </i>
            <i>
                <p>
                    <Name><![CDATA[spine0]]></Name>
                    <Exclude>0</Exclude>
                    <Additive>0</Additive>
                    <IKPriority>0</IKPriority>
                    <IKRotLimits>-1e+010 -1e+010 -1e+010 1e+010 1e+010 1e+010</IKRotLimits>
                    <IKRotLimitOrder>0</IKRotLimitOrder>
                    <KeyFrames count="120">
                        <i>-0.0192604 0.999516 0.0244087 -0.999814 -0.0192607 -0.00022258 0.000247656 -0.0244085 0.999702 -1.78706 2.14537 -1.72949</i>
                        <i>-0.0192603 0.999539 0.0234671 -0.999814 -0.0192604 -0.000222577 0.000229512 -0.0234671 0.999725 -1.78706 2.14546 -1.72949</i>
                        <i>-0.0192603 0.99956 0.0225458 -0.999814 -0.0192602 -0.000222575 0.00021176 -0.0225459 0.999746 -1.78706 2.1457 -1.72949</i>
                        <i>-0.0192604 0.99958 0.0216485 -0.999815 -0.0192601 -0.000222573 0.000194471 -0.0216487 0.999766 -1.78706 2.14609 -1.72949</i>
                        <i>-0.0192605 0.999599 0.020779 -0.999815 -0.01926 -0.000222572 0.000177721 -0.0207795 0.999784 -1.78706 2.14659 -1.72949</i>
                        <i>-0.0192606 0.999616 0.0199413 -0.999815 -0.01926 -0.000222571 0.000161582 -0.0199419 0.999801 -1.78706 2.14721 -1.72949</i>
                        <i>-0.0192607 0.999631 0.0191391 -0.999815 -0.01926 -0.000222571 0.000146128 -0.0191398 0.999817 -1.78706 2.14793 -1.72949</i>
                        <i>-0.0192608 0.999646 0.0183762 -0.999815 -0.01926 -0.000222572 0.000131432 -0.0183771 0.999831 -1.78706 2.14874 -1.72949</i>
                        <i>-0.019261 0.999659 0.0176564 -0.999815 -0.0192601 -0.000222572 0.000117567 -0.0176574 0.999844 -1.78706 2.14962 -1.72949</i>
                        <i>-0.0192612 0.99967 0.0169835 -0.999815 -0.0192602 -0.000222574 0.000104605 -0.0169847 0.999856 -1.78706 2.15056 -1.72949</i>
                        <i>-0.0192613 0.999681 0.0163614 -0.999814 -0.0192603 -0.000222575 9.26205e-005 -0.0163626 0.999866 -1.78706 2.15155 -1.72949</i>
                        <i>-0.0192615 0.99969 0.0157937 -0.999814 -0.0192604 -0.000222577 8.16856e-005 -0.0157951 0.999875 -1.78706 2.15256 -1.72949</i>
                        <i>-0.0192617 0.999698 0.0152843 -0.999814 -0.0192605 -0.000222578 7.18734e-005 -0.0152858 0.999883 -1.78706 2.1536 -1.72949</i>
                        <i>-0.0192618 0.999704 0.014837 -0.999814 -0.0192606 -0.00022258 6.32567e-005 -0.0148385 0.99989 -1.78706 2.15465 -1.72949</i>
                        <i>-0.019262 0.99971 0.0144555 -0.999814 -0.0192608 -0.000222581 5.59082e-005 -0.0144571 0.999896 -1.78706 2.15568 -1.72949</i>
                        <i>-0.0192621 0.999714 0.0141437 -0.999814 -0.0192609 -0.000222582 4.9901e-005 -0.0141453 0.9999 -1.78706 2.1567 -1.72949</i>
                        <i>-0.0192622 0.999718 0.0139052 -0.999814 -0.019261 -0.000222583 4.5308e-005 -0.013907 0.999903 -1.78706 2.15769 -1.72949</i>
                        <i>-0.0192622 0.99972 0.013744 -0.999814 -0.019261 -0.000222584 4.22022e-005 -0.0137458 0.999906 -1.78706 2.15862 -1.72949</i>
                        <i>-0.0192623 0.999721 0.0136638 -0.999814 -0.019261 -0.000222584 4.06569e-005 -0.0136655 0.999907 -1.78706 2.1595 -1.72949</i>
                        <i>-0.0192623 0.999721 0.0136684 -0.999814 -0.019261 -0.000222584 4.07452e-005 -0.0136701 0.999907 -1.78706 2.1603 -1.72949</i>
                        <i>-0.0192622 0.99972 0.0137616 -0.999814 -0.019261 -0.000222584 4.25409e-005 -0.0137633 0.999905 -1.78706 2.16102 -1.72949</i>
                        <i>-0.0192622 0.999717 0.0139473 -0.999814 -0.0192609 -0.000222583 4.61176e-005 -0.013949 0.999903 -1.78706 2.16163 -1.72949</i>
                        <i>-0.019262 0.999713 0.0142641 -0.999814 -0.0192608 -0.000222582 5.222e-005 -0.0142657 0.999898 -1.78706 2.16214 -1.72949</i>
                        <i>-0.0192619 0.999706 0.0147367 -0.999814 -0.0192607 -0.00022258 6.13239e-005 -0.0147382 0.999891 -1.78706 2.16251 -1.72949</i>
                        <i>-0.0192617 0.999697 0.015348 -0.999814 -0.0192605 -0.000222578 7.30995e-005 -0.0153494 0.999882 -1.78706 2.16275 -1.72949</i>
                        <i>-0.0192614 0.999685 0.0160809 -0.999814 -0.0192603 -0.000222576 8.72171e-005 -0.0160822 0.999871 -1.78706 2.16283 -1.72949</i>
                        <i>-0.0192612 0.999671 0.0169182 -0.999815 -0.0192602 -0.000222574 0.000103347 -0.0169194 0.999857 -1.78706 2.16278 -1.72949</i>
                        <i>-0.0192609 0.999655 0.0178429 -0.999815 -0.01926 -0.000222573 0.000121159 -0.0178439 0.999841 -1.78706 2.16265 -1.72949</i>
                        <i>-0.0192607 0.999637 0.0188377 -0.999815 -0.01926 -0.000222572 0.000140323 -0.0188385 0.999823 -1.78706 2.16245 -1.72949</i>
                        <i>-0.0192606 0.999617 0.0198856 -0.999815 -0.0192599 -0.000222571 0.000160509 -0.0198862 0.999802 -1.78706 2.16216 -1.72949</i>
                        <i>-0.0192604 0.999595 0.0209691 -0.999815 -0.01926 -0.000222572 0.000181384 -0.0209695 0.99978 -1.78706 2.16181 -1.72949</i>
                        <i>-0.0192604 0.999571 0.0220712 -0.999815 -0.0192601 -0.000222574 0.000202616 -0.0220714 0.999756 -1.78706 2.16139 -1.72949</i>
                        <i>-0.0192603 0.999546 0.0231745 -0.999814 -0.0192603 -0.000222576 0.000223874 -0.0231745 0.999731 -1.78706 2.16092 -1.72949</i>
                        <i>-0.0192604 0.99952 0.0242618 -0.999814 -0.0192606 -0.000222579 0.000244824 -0.0242615 0.999706 -1.78706 2.16039 -1.72949</i>
                        <i>-0.0192604 0.999494 0.0253156 -0.999814 -0.019261 -0.000222583 0.000265133 -0.0253152 0.99968 -1.78706 2.15981 -1.72949</i>
                        <i>-0.0192605 0.999468 0.0263188 -0.999814 -0.0192614 -0.000222588 0.000284467 -0.0263182 0.999654 -1.78706 2.15919 -1.72949</i>
                        <i>-0.0192607 0.999443 0.027254 -0.999814 -0.0192618 -0.000222593 0.000302492 -0.0272532 0.999629 -1.78706 2.15854 -1.72949</i>
                        <i>-0.0192608 0.999419 0.0281039 -0.999814 -0.0192622 -0.000222597 0.000318874 -0.0281029 0.999605 -1.78706 2.15785 -1.72949</i>
                        <i>-0.019261 0.999398 0.0288511 -0.999814 -0.0192626 -0.000222602 0.000333279 -0.02885 0.999584 -1.78706 2.15714 -1.72949</i>
                        <i>-0.0192612 0.99938 0.0294783 -0.999814 -0.019263 -0.000222607 0.000345372 -0.0294771 0.999565 -1.78706 2.1564 -1.72949</i>
                        <i>-0.0192613 0.999365 0.0299683 -0.999814 -0.0192633 -0.00022261 0.000354819 -0.029967 0.999551 -1.78706 2.15565 -1.72949</i>
                        <i>-0.0192614 0.999355 0.0303036 -0.999814 -0.0192635 -0.000222613 0.000361286 -0.0303023 0.999541 -1.78706 2.15489 -1.72949</i>
                        <i>-0.0192615 0.999348 0.0305261 -0.999814 -0.0192637 -0.000222614 0.000365574 -0.0305247 0.999534 -1.78706 2.15412 -1.72949</i>
                        <i>-0.0192615 0.999343 0.0306881 -0.999814 -0.0192638 -0.000222616 0.000368699 -0.0306867 0.999529 -1.78706 2.15335 -1.72949</i>
                        <i>-0.0192616 0.99934 0.0307889 -0.999814 -0.0192638 -0.000222617 0.000370643 -0.0307875 0.999526 -1.78706 2.15259 -1.72949</i>
                        <i>-0.0192616 0.999339 0.0308277 -0.999814 -0.0192639 -0.000222617 0.000371392 -0.0308263 0.999525 -1.78706 2.15183 -1.72949</i>
                        <i>-0.0192616 0.99934 0.0308037 -0.999814 -0.0192639 -0.000222617 0.000370929 -0.0308023 0.999525 -1.78706 2.1511 -1.72949</i>
                        <i>-0.0192615 0.999343 0.0307161 -0.999814 -0.0192638 -0.000222616 0.000369239 -0.0307147 0.999528 -1.78706 2.15038 -1.72949</i>
                        <i>-0.0192615 0.999347 0.030564 -0.999814 -0.0192637 -0.000222615 0.000366307 -0.0305626 0.999533 -1.78706 2.14969 -1.72949</i>
                        <i>-0.0192614 0.999354 0.0303467 -0.999814 -0.0192635 -0.000222613 0.000362116 -0.0303454 0.999539 -1.78706 2.14903 -1.72949</i>
                        <i>-0.0192613 0.999362 0.0300633 -0.999814 -0.0192634 -0.000222611 0.000356652 -0.030062 0.999548 -1.78706 2.14841 -1.72949</i>
                        <i>-0.0192612 0.999373 0.0297131 -0.999814 -0.0192631 -0.000222608 0.000349898 -0.0297119 0.999558 -1.78706 2.14784 -1.72949</i>
                        <i>-0.0192611 0.999385 0.0292952 -0.999814 -0.0192629 -0.000222605 0.000341841 -0.029294 0.999571 -1.78706 2.14731 -1.72949</i>
                        <i>-0.019261 0.999399 0.0288088 -0.999814 -0.0192626 -0.000222602 0.000332464 -0.0288078 0.999585 -1.78706 2.14683 -1.72949</i>
                        <i>-0.0192609 0.999415 0.0282532 -0.999814 -0.0192623 -0.000222598 0.000321753 -0.0282522 0.999601 -1.78706 2.14641 -1.72949</i>
                        <i>-0.0192608 0.999433 0.0276275 -0.999814 -0.019262 -0.000222595 0.000309692 -0.0276267 0.999618 -1.78706 2.14605 -1.72949</i>
                        <i>-0.0192606 0.999452 0.026931 -0.999814 -0.0192616 -0.000222591 0.000296266 -0.0269303 0.999637 -1.78706 2.14577 -1.72949</i>
                        <i>-0.0192605 0.999472 0.0261629 -0.999814 -0.0192613 -0.000222587 0.000281462 -0.0261623 0.999658 -1.78706 2.14556 -1.72949</i>
                        <i>-0.0192604 0.999494 0.0253224 -0.999814 -0.019261 -0.000222583 0.000265263 -0.025322 0.999679 -1.78706 2.14542 -1.72949</i>
                        <i>-0.0192604 0.999516 0.0244087 -0.999814 -0.0192607 -0.00022258 0.000247656 -0.0244085 0.999702 -1.78706 2.14537 -1.72949</i>
                        <i>-0.0192603 0.99954 0.0234192 -0.999814 -0.0192604 -0.000222577 0.000228588 -0.0234191 0.999726 -1.78706 2.14548 -1.72949</i>
                        <i>-0.0192603 0.999564 0.0223961 -0.999815 -0.0192602 -0.000222574 0.000208876 -0.0223962 0.999749 -1.78706 2.14576 -1.72949</i>
                        <i>-0.0192604 0.999586 0.021372 -0.999815 -0.01926 -0.000222573 0.000189146 -0.0213724 0.999772 -1.78706 2.14622 -1.72949</i>
                        <i>-0.0192605 0.999607 0.0203794 -0.999815 -0.01926 -0.000222572 0.000170023 -0.02038 0.999792 -1.78706 2.14682 -1.72949</i>
                        <i>-0.0192606 0.999625 0.0194508 -0.999815 -0.0192599 -0.000222571 0.000152133 -0.0194515 0.999811 -1.78706 2.14754 -1.72949</i>
                        <i>-0.0192608 0.999641 0.0186185 -0.999815 -0.01926 -0.000222572 0.000136099 -0.0186193 0.999827 -1.78706 2.14837 -1.72949</i>
                        <i>-0.0192609 0.999654 0.0179148 -0.999815 -0.01926 -0.000222572 0.000122544 -0.0179158 0.999839 -1.78706 2.14928 -1.72949</i>
                        <i>-0.0192611 0.999664 0.0173722 -0.999815 -0.0192601 -0.000222573 0.000112091 -0.0173732 0.999849 -1.78706 2.15025 -1.72949</i>
                        <i>-0.0192611 0.99967 0.0170229 -0.999815 -0.0192602 -0.000222574 0.000105363 -0.017024 0.999855 -1.78706 2.15126 -1.72949</i>
                        <i>-0.0192612 0.999672 0.0168992 -0.999815 -0.0192602 -0.000222574 0.000102981 -0.0169004 0.999857 -1.78706 2.1523 -1.72949</i>
                        <i>-0.0192611 0.999669 0.0170558 -0.999815 -0.0192601 -0.000222574 0.000105997 -0.0170569 0.999855 -1.78706 2.15333 -1.72949</i>
                        <i>-0.019261 0.999662 0.0174892 -0.999815 -0.0192601 -0.000222573 0.000114346 -0.0174903 0.999847 -1.78706 2.15435 -1.72949</i>
                        <i>-0.0192609 0.99965 0.0181453 -0.999815 -0.01926 -0.000222572 0.000126985 -0.0181463 0.999835 -1.78706 2.15532 -1.72949</i>
                        <i>-0.0192607 0.999635 0.0189698 -0.999815 -0.01926 -0.000222572 0.000142868 -0.0189706 0.99982 -1.78706 2.15623 -1.72949</i>
                        <i>-0.0192606 0.999616 0.0199084 -0.999815 -0.01926 -0.000222571 0.00016095 -0.019909 0.999802 -1.78706 2.15706 -1.72949</i>
                        <i>-0.0192604 0.999596 0.0209068 -0.999815 -0.01926 -0.000222572 0.000180183 -0.0209072 0.999781 -1.78706 2.15778 -1.72949</i>
                        <i>-0.0192604 0.999574 0.0219106 -0.999815 -0.0192601 -0.000222573 0.000199521 -0.0219108 0.99976 -1.78706 2.15838 -1.72949</i>
                        <i>-0.0192603 0.999553 0.0228651 -0.999814 -0.0192603 -0.000222575 0.000217913 -0.0228652 0.999739 -1.78706 2.15883 -1.72949</i>
                        <i>-0.0192603 0.999533 0.023716 -0.999814 -0.0192605 -0.000222578 0.000234309 -0.0237159 0.999719 -1.78706 2.15912 -1.72949</i>
                        <i>-0.0192604 0.999516 0.0244087 -0.999814 -0.0192607 -0.00022258 0.000247656 -0.0244085 0.999702 -1.78706 2.15922 -1.72949</i>
                        <i>-0.0220764 0.999448 0.0248121 -0.999756 -0.0220768 -0.000255124 0.000292789 -0.0248116 0.999692 -1.78706 2.15918 -1.72949</i>
                        <i>-0.028788 0.999275 0.0248994 -0.999585 -0.0287886 -0.000332687 0.000384374 -0.0248987 0.99969 -1.78706 2.15907 -1.72949</i>
                        <i>-0.036791 0.999016 0.0247729 -0.999323 -0.0367917 -0.000425172 0.000486684 -0.0247718 0.999693 -1.78706 2.15895 -1.72949</i>
                        <i>-0.0434887 0.998753 0.0245344 -0.999054 -0.0434895 -0.000502573 0.000565043 -0.024533 0.999699 -1.78706 2.15885 -1.72949</i>
                        <i>-0.0462943 0.998633 0.0242855 -0.998928 -0.046295 -0.000534993 0.000590034 -0.0242842 0.999705 -1.78706 2.15881 -1.72949</i>
                        <i>-0.0458592 0.998647 0.0245024 -0.998948 -0.04586 -0.000529967 0.000594432 -0.0245009 0.9997 -1.78706 2.15889 -1.72949</i>
                        <i>-0.0446833 0.998677 0.02546 -0.999001 -0.0446847 -0.000516384 0.000621972 -0.0254577 0.999676 -1.78706 2.15911 -1.72949</i>
                        <i>-0.0429549 0.998713 0.0269574 -0.999077 -0.0429571 -0.00049642 0.000662232 -0.0269539 0.999636 -1.78706 2.15945 -1.72949</i>
                        <i>-0.0408623 0.99875 0.028794 -0.999165 -0.0408657 -0.000472251 0.000705027 -0.0287893 0.999585 -1.78706 2.15989 -1.72949</i>
                        <i>-0.0385947 0.998781 0.0307699 -0.999255 -0.0385993 -0.00044606 0.000742177 -0.0307641 0.999526 -1.78706 2.16043 -1.72949</i>
                        <i>-0.0363417 0.998805 0.0326856 -0.999339 -0.0363474 -0.000420037 0.000768503 -0.0326793 0.999466 -1.78706 2.16104 -1.72949</i>
                        <i>-0.0342935 0.998822 0.0343428 -0.999412 -0.0343002 -0.000396379 0.000782051 -0.0343362 0.99941 -1.78706 2.16169 -1.72949</i>
                        <i>-0.0326407 0.998835 0.0355429 -0.999467 -0.0326479 -0.000377285 0.000783557 -0.0355363 0.999368 -1.78706 2.16238 -1.72949</i>
                        <i>-0.0315734 0.99885 0.0360876 -0.999501 -0.0315808 -0.000364954 0.000775141 -0.0360811 0.999349 -1.78706 2.16309 -1.72949</i>
                        <i>-0.0311061 0.998875 0.0358056 -0.999516 -0.0311132 -0.000359549 0.000754882 -0.0357995 0.999359 -1.78706 2.1638 -1.72949</i>
                        <i>-0.0310718 0.998921 0.0345039 -0.999517 -0.0310779 -0.000359142 0.000713555 -0.0344984 0.999404 -1.78706 2.16449 -1.72949</i>
                        <i>-0.0313863 0.998987 0.0322504 -0.999507 -0.0313909 -0.000362759 0.000649977 -0.0322459 0.99948 -1.78706 2.16514 -1.72949</i>
                        <i>-0.0319654 0.99906 0.0292877 -0.999489 -0.0319683 -0.000369431 0.000567194 -0.0292845 0.999571 -1.78706 2.16573 -1.72949</i>
                        <i>-0.0327263 0.99913 0.0258593 -0.999464 -0.0327275 -0.000378205 0.000468435 -0.0258578 0.999665 -1.78706 2.16625 -1.72949</i>
                        <i>-0.0335876 0.999189 0.0222098 -0.999436 -0.0335873 -0.000388141 0.00035814 -0.0222103 0.999753 -1.78706 2.16669 -1.72949</i>
                        <i>-0.0344694 0.999233 0.0185849 -0.999406 -0.0344679 -0.000398318 0.000242571 -0.0185876 0.999827 -1.78706 2.16701 -1.72949</i>
                        <i>-0.0352924 0.999261 0.0152316 -0.999377 -0.0352903 -0.000407821 0.000130007 -0.0152365 0.999884 -1.78706 2.16721 -1.72949</i>
                        <i>-0.0359779 0.999276 0.0123976 -0.999353 -0.0359756 -0.00041574 3.05733e-005 -0.0124046 0.999923 -1.78706 2.16726 -1.72949</i>
                        <i>-0.0364473 0.999282 0.0103313 -0.999336 -0.0364449 -0.000421164 -4.43379e-005 -0.0103398 0.999947 -1.78706 2.16715 -1.72949</i>
                        <i>-0.0366213 0.999286 0.00928072 -0.999329 -0.036619 -0.000423175 -8.3023e-005 -0.00928999 0.999957 -1.78706 2.16686 -1.72949</i>
                        <i>-0.0364016 0.999296 0.00913319 -0.999337 -0.0363992 -0.000420636 -8.78986e-005 -0.00914245 0.999958 -1.78706 2.16626 -1.72949</i>
                        <i>-0.0357831 0.999314 0.00954955 -0.99936 -0.0357808 -0.000413489 -7.15153e-005 -0.00955823 0.999954 -1.78706 2.16524 -1.72949</i>
                        <i>-0.0348267 0.999339 0.0104377 -0.999393 -0.0348244 -0.000402437 -3.86854e-005 -0.0104454 0.999945 -1.78706 2.16389 -1.72949</i>
                        <i>-0.0335928 0.999367 0.0117053 -0.999436 -0.0335906 -0.000388179 5.25606e-006 -0.0117118 0.999931 -1.78706 2.16227 -1.72949</i>
                        <i>-0.0321423 0.999395 0.0132603 -0.999483 -0.0321402 -0.000371417 5.49961e-005 -0.0132654 0.999912 -1.78706 2.16044 -1.72949</i>
                        <i>-0.0305359 0.999421 0.0150105 -0.999534 -0.030534 -0.000352856 0.000105678 -0.0150142 0.999887 -1.78706 2.15847 -1.72949</i>
                        <i>-0.0288348 0.999442 0.0168638 -0.999584 -0.0288333 -0.000333203 0.000153221 -0.0168664 0.999858 -1.78706 2.15643 -1.72949</i>
                        <i>-0.0271006 0.999457 0.0187283 -0.999633 -0.0270995 -0.000313167 0.000194531 -0.0187299 0.999825 -1.78706 2.15438 -1.72949</i>
                        <i>-0.0253952 0.999467 0.0205124 -0.999677 -0.0253945 -0.000293464 0.000227596 -0.0205133 0.99979 -1.78706 2.15239 -1.72949</i>
                        <i>-0.0237807 0.999472 0.0221245 -0.999717 -0.0237805 -0.000274811 0.000251465 -0.0221248 0.999755 -1.78706 2.15052 -1.72949</i>
                        <i>-0.0223196 0.999475 0.0234732 -0.999751 -0.0223197 -0.000257931 0.00026612 -0.0234731 0.999724 -1.78706 2.14884 -1.72949</i>
                        <i>-0.0210745 0.999478 0.0244672 -0.999778 -0.0210749 -0.000243545 0.000272225 -0.0244669 0.999701 -1.78706 2.14742 -1.72949</i>
                        <i>-0.020108 0.999485 0.0250152 -0.999798 -0.0201085 -0.000232377 0.00027076 -0.0250148 0.999687 -1.78706 2.14633 -1.72949</i>
                        <i>-0.0194826 0.999497 0.0250261 -0.99981 -0.019483 -0.00022515 0.000262549 -0.0250258 0.999687 -1.78706 2.14562 -1.72949</i>
                        <i>-0.0192604 0.999516 0.0244087 -0.999814 -0.0192607 -0.00022258 0.000247656 -0.0244085 0.999702 -1.78706 2.14537 -1.72949</i>
                    </KeyFrames>
                </p>
            </i>
            <i>
                <p>
                    <Name><![CDATA[spine1]]></Name>
                    <Exclude>0</Exclude>
                    <Additive>0</Additive>
                    <IKPriority>0</IKPriority>
                    <IKRotLimits>-1e+010 -1e+010 -1e+010 1e+010 1e+010 1e+010</IKRotLimits>
                    <IKRotLimitOrder>0</IKRotLimitOrder>
                    <KeyFrames count="120">
                        <i>0.05824 0.995485 0.0749479 -0.998279 0.0585948 -0.00254198 -0.00692207 -0.0746708 0.997184 -1.79037 2.31671 -1.7253</i>
                        <i>0.0582365 0.995515 0.074554 -0.99828 0.0585823 -0.0024574 -0.00681392 -0.0742826 0.997214 -1.79037 2.31681 -1.72547</i>
                        <i>0.0582329 0.995544 0.0741684 -0.99828 0.0585699 -0.00237466 -0.00670811 -0.0739026 0.997243 -1.79037 2.31707 -1.72562</i>
                        <i>0.0582292 0.995572 0.0737926 -0.998281 0.0585577 -0.00229411 -0.00660508 -0.0735322 0.997271 -1.79037 2.31746 -1.72578</i>
                        <i>0.0582256 0.995599 0.0734284 -0.998282 0.0585459 -0.00221607 -0.00650525 -0.0731732 0.997298 -1.79037 2.31798 -1.72593</i>
                        <i>0.0582219 0.995625 0.0730772 -0.998283 0.0585345 -0.00214089 -0.00640906 -0.0728271 0.997324 -1.79037 2.31861 -1.72607</i>
                        <i>0.0582183 0.99565 0.0727408 -0.998284 0.0585234 -0.00206892 -0.00631696 -0.0724955 0.997349 -1.79037 2.31934 -1.72621</i>
                        <i>0.0582148 0.995674 0.0724206 -0.998285 0.0585129 -0.00200048 -0.00622936 -0.0721799 0.997372 -1.79037 2.32015 -1.72634</i>
                        <i>0.0582113 0.995696 0.0721184 -0.998285 0.0585029 -0.00193592 -0.00614672 -0.071882 0.997394 -1.79037 2.32104 -1.72646</i>
                        <i>0.058208 0.995717 0.0718357 -0.998286 0.0584936 -0.00187557 -0.00606946 -0.0716034 0.997415 -1.79037 2.32199 -1.72658</i>
                        <i>0.0582049 0.995736 0.0715742 -0.998287 0.0584849 -0.00181978 -0.00599803 -0.0713457 0.997434 -1.79037 2.32298 -1.72668</i>
                        <i>0.058202 0.995753 0.0713355 -0.998287 0.0584769 -0.00176888 -0.00593284 -0.0711104 0.997451 -1.79037 2.32401 -1.72678</i>
                        <i>0.0581994 0.995768 0.0711212 -0.998288 0.0584697 -0.00172321 -0.00587435 -0.0708991 0.997466 -1.79037 2.32505 -1.72687</i>
                        <i>0.0581971 0.995782 0.0709329 -0.998288 0.0584634 -0.0016831 -0.00582298 -0.0707135 0.99748 -1.79037 2.3261 -1.72694</i>
                        <i>0.058195 0.995793 0.0707723 -0.998288 0.058458 -0.0016489 -0.00577917 -0.0705552 0.997491 -1.79037 2.32715 -1.72701</i>
                        <i>0.0581933 0.995803 0.0706409 -0.998289 0.0584536 -0.00162094 -0.00574335 -0.0704257 0.9975 -1.79037 2.32817 -1.72706</i>
                        <i>0.058192 0.99581 0.0705405 -0.998289 0.0584502 -0.00159957 -0.00571597 -0.0703267 0.997508 -1.79037 2.32915 -1.7271</i>
                        <i>0.0581912 0.995815 0.0704726 -0.998289 0.0584479 -0.00158511 -0.00569745 -0.0702598 0.997512 -1.79037 2.33009 -1.72713</i>
                        <i>0.0581907 0.995817 0.0704387 -0.998289 0.0584468 -0.00157792 -0.00568824 -0.0702264 0.997515 -1.79037 2.33097 -1.72715</i>
                        <i>0.0581907 0.995817 0.0704407 -0.998289 0.0584469 -0.00157833 -0.00568877 -0.0702283 0.997515 -1.79037 2.33177 -1.72714</i>
                        <i>0.0581913 0.995814 0.07048 -0.998289 0.0584482 -0.00158669 -0.00569947 -0.0702671 0.997512 -1.79037 2.33249 -1.72713</i>
                        <i>0.0581923 0.995809 0.0705582 -0.998289 0.0584508 -0.00160333 -0.0057208 -0.0703442 0.997506 -1.79037 2.3331 -1.7271</i>
                        <i>0.058194 0.995799 0.0706916 -0.998289 0.0584553 -0.00163173 -0.00575718 -0.0704757 0.997497 -1.79037 2.3336 -1.72704</i>
                        <i>0.0581965 0.995785 0.0708907 -0.998288 0.058462 -0.0016741 -0.00581146 -0.0706719 0.997483 -1.79037 2.33397 -1.72696</i>
