<?xml version="1.0" encoding="ISO-8859-1" ?>
<Animl Version="1">
    <ModellingPackage><![CDATA[Maya.2010]]></ModellingPackage>
    <SrcFile><![CDATA[anims\turrets\mortar\blue\~src\mortar_m29\mortar_m29_reload_high_crewman_b.mb]]></SrcFile>
    <FramesPerSecond>30</FramesPerSecond>
    <TotalFrames>160</TotalFrames>
    <Skeleton>
        <RefFrame>
            <Name><![CDATA[soldier_ref_frame]]></Name>
            <Exclude>0</Exclude>
            <Additive>0</Additive>
            <IKPriority>0</IKPriority>
            <IKRotLimits>-1e+010 -1e+010 -1e+010 1e+010 1e+010 1e+010</IKRotLimits>
            <IKRotLimitOrder>0</IKRotLimitOrder>
            <KeyFrames count="160">
                <i>1 0 0 0 1 0 0 0 1 -1.5 0.93 -1.56</i>
                <i>1 0 0 0 1 0 0 0 1 -1.5 0.93 -1.56</i>
                <i>1 0 0 0 1 0 0 0 1 -1.5 0.93 -1.56</i>
                <i>1 0 0 0 1 0 0 0 1 -1.5 0.93 -1.56</i>
                <i>1 0 0 0 1 0 0 0 1 -1.5 0.93 -1.56</i>
                <i>1 0 0 0 1 0 0 0 1 -1.5 0.93 -1.56</i>
                <i>1 0 0 0 1 0 0 0 1 -1.5 0.93 -1.56</i>
                <i>1 0 0 0 1 0 0 0 1 -1.5 0.93 -1.56</i>
                <i>1 0 0 0 1 0 0 0 1 -1.5 0.93 -1.56</i>
                <i>1 0 0 0 1 0 0 0 1 -1.5 0.93 -1.56</i>
                <i>1 0 0 0 1 0 0 0 1 -1.5 0.93 -1.56</i>
                <i>1 0 0 0 1 0 0 0 1 -1.5 0.93 -1.56</i>
                <i>1 0 0 0 1 0 0 0 1 -1.5 0.93 -1.56</i>
                <i>1 0 0 0 1 0 0 0 1 -1.5 0.93 -1.56</i>
                <i>1 0 0 0 1 0 0 0 1 -1.5 0.93 -1.56</i>
                <i>1 0 0 0 1 0 0 0 1 -1.5 0.93 -1.56</i>
                <i>1 0 0 0 1 0 0 0 1 -1.5 0.93 -1.56</i>
                <i>1 0 0 0 1 0 0 0 1 -1.5 0.93 -1.56</i>
                <i>1 0 0 0 1 0 0 0 1 -1.5 0.93 -1.56</i>
                <i>1 0 0 0 1 0 0 0 1 -1.5 0.93 -1.56</i>
                <i>1 0 0 0 1 0 0 0 1 -1.5 0.93 -1.56</i>
                <i>1 0 0 0 1 0 0 0 1 -1.5 0.93 -1.56</i>
                <i>1 0 0 0 1 0 0 0 1 -1.5 0.93 -1.56</i>
                <i>1 0 0 0 1 0 0 0 1 -1.5 0.93 -1.56</i>
                <i>1 0 0 0 1 0 0 0 1 -1.5 0.93 -1.56</i>
                <i>1 0 0 0 1 0 0 0 1 -1.5 0.93 -1.56</i>
                <i>1 0 0 0 1 0 0 0 1 -1.5 0.93 -1.56</i>
                <i>1 0 0 0 1 0 0 0 1 -1.5 0.93 -1.56</i>
                <i>1 0 0 0 1 0 0 0 1 -1.5 0.93 -1.56</i>
                <i>1 0 0 0 1 0 0 0 1 -1.5 0.93 -1.56</i>
                <i>1 0 0 0 1 0 0 0 1 -1.5 0.93 -1.56</i>
                <i>1 0 0 0 1 0 0 0 1 -1.5 0.93 -1.56</i>
                <i>1 0 0 0 1 0 0 0 1 -1.5 0.93 -1.56</i>
                <i>1 0 0 0 1 0 0 0 1 -1.5 0.93 -1.56</i>
                <i>1 0 0 0 1 0 0 0 1 -1.5 0.93 -1.56</i>
                <i>1 0 0 0 1 0 0 0 1 -1.5 0.93 -1.56</i>
                <i>1 0 0 0 1 0 0 0 1 -1.5 0.93 -1.56</i>
                <i>1 0 0 0 1 0 0 0 1 -1.5 0.93 -1.56</i>
                <i>1 0 0 0 1 0 0 0 1 -1.5 0.93 -1.56</i>
                <i>1 0 0 0 1 0 0 0 1 -1.5 0.93 -1.56</i>
                <i>1 0 0 0 1 0 0 0 1 -1.5 0.93 -1.56</i>
                <i>1 0 0 0 1 0 0 0 1 -1.5 0.93 -1.56</i>
                <i>1 0 0 0 1 0 0 0 1 -1.5 0.93 -1.56</i>
                <i>1 0 0 0 1 0 0 0 1 -1.5 0.93 -1.56</i>
                <i>1 0 0 0 1 0 0 0 1 -1.5 0.93 -1.56</i>
                <i>1 0 0 0 1 0 0 0 1 -1.5 0.93 -1.56</i>
                <i>1 0 0 0 1 0 0 0 1 -1.5 0.93 -1.56</i>
                <i>1 0 0 0 1 0 0 0 1 -1.5 0.93 -1.56</i>
                <i>1 0 0 0 1 0 0 0 1 -1.5 0.93 -1.56</i>
                <i>1 0 0 0 1 0 0 0 1 -1.5 0.93 -1.56</i>
                <i>1 0 0 0 1 0 0 0 1 -1.5 0.93 -1.56</i>
                <i>1 0 0 0 1 0 0 0 1 -1.5 0.93 -1.56</i>
                <i>1 0 0 0 1 0 0 0 1 -1.5 0.93 -1.56</i>
                <i>1 0 0 0 1 0 0 0 1 -1.5 0.93 -1.56</i>
                <i>1 0 0 0 1 0 0 0 1 -1.5 0.93 -1.56</i>
                <i>1 0 0 0 1 0 0 0 1 -1.5 0.93 -1.56</i>
                <i>1 0 0 0 1 0 0 0 1 -1.5 0.93 -1.56</i>
                <i>1 0 0 0 1 0 0 0 1 -1.5 0.93 -1.56</i>
                <i>1 0 0 0 1 0 0 0 1 -1.5 0.93 -1.56</i>
                <i>1 0 0 0 1 0 0 0 1 -1.5 0.93 -1.56</i>
                <i>1 0 0 0 1 0 0 0 1 -1.5 0.93 -1.56</i>
                <i>1 0 0 0 1 0 0 0 1 -1.5 0.93 -1.56</i>
                <i>1 0 0 0 1 0 0 0 1 -1.5 0.93 -1.56</i>
                <i>1 0 0 0 1 0 0 0 1 -1.5 0.93 -1.56</i>
                <i>1 0 0 0 1 0 0 0 1 -1.5 0.93 -1.56</i>
                <i>1 0 0 0 1 0 0 0 1 -1.5 0.93 -1.56</i>
                <i>1 0 0 0 1 0 0 0 1 -1.5 0.93 -1.56</i>
                <i>1 0 0 0 1 0 0 0 1 -1.5 0.93 -1.56</i>
                <i>1 0 0 0 1 0 0 0 1 -1.5 0.93 -1.56</i>
                <i>1 0 0 0 1 0 0 0 1 -1.5 0.93 -1.56</i>
                <i>1 0 0 0 1 0 0 0 1 -1.5 0.93 -1.56</i>
                <i>1 0 0 0 1 0 0 0 1 -1.5 0.93 -1.56</i>
                <i>1 0 0 0 1 0 0 0 1 -1.5 0.93 -1.56</i>
                <i>1 0 0 0 1 0 0 0 1 -1.5 0.93 -1.56</i>
                <i>1 0 0 0 1 0 0 0 1 -1.5 0.93 -1.56</i>
                <i>1 0 0 0 1 0 0 0 1 -1.5 0.93 -1.56</i>
                <i>1 0 0 0 1 0 0 0 1 -1.5 0.93 -1.56</i>
                <i>1 0 0 0 1 0 0 0 1 -1.5 0.93 -1.56</i>
                <i>1 0 0 0 1 0 0 0 1 -1.5 0.93 -1.56</i>
                <i>1 0 0 0 1 0 0 0 1 -1.5 0.93 -1.56</i>
                <i>1 0 0 0 1 0 0 0 1 -1.5 0.93 -1.56</i>
                <i>1 0 0 0 1 0 0 0 1 -1.5 0.93 -1.56</i>
                <i>1 0 0 0 1 0 0 0 1 -1.5 0.93 -1.56</i>
                <i>1 0 0 0 1 0 0 0 1 -1.5 0.93 -1.56</i>
                <i>1 0 0 0 1 0 0 0 1 -1.5 0.93 -1.56</i>
                <i>1 0 0 0 1 0 0 0 1 -1.5 0.93 -1.56</i>
                <i>1 0 0 0 1 0 0 0 1 -1.5 0.93 -1.56</i>
                <i>1 0 0 0 1 0 0 0 1 -1.5 0.93 -1.56</i>
                <i>1 0 0 0 1 0 0 0 1 -1.5 0.93 -1.56</i>
                <i>1 0 0 0 1 0 0 0 1 -1.5 0.93 -1.56</i>
                <i>1 0 0 0 1 0 0 0 1 -1.5 0.93 -1.56</i>
                <i>1 0 0 0 1 0 0 0 1 -1.5 0.93 -1.56</i>
                <i>1 0 0 0 1 0 0 0 1 -1.5 0.93 -1.56</i>
                <i>1 0 0 0 1 0 0 0 1 -1.5 0.93 -1.56</i>
                <i>1 0 0 0 1 0 0 0 1 -1.5 0.93 -1.56</i>
                <i>1 0 0 0 1 0 0 0 1 -1.5 0.93 -1.56</i>
                <i>1 0 0 0 1 0 0 0 1 -1.5 0.93 -1.56</i>
                <i>1 0 0 0 1 0 0 0 1 -1.5 0.93 -1.56</i>
                <i>1 0 0 0 1 0 0 0 1 -1.5 0.93 -1.56</i>
                <i>1 0 0 0 1 0 0 0 1 -1.5 0.93 -1.56</i>
                <i>1 0 0 0 1 0 0 0 1 -1.5 0.93 -1.56</i>
                <i>1 0 0 0 1 0 0 0 1 -1.5 0.93 -1.56</i>
                <i>1 0 0 0 1 0 0 0 1 -1.5 0.93 -1.56</i>
                <i>1 0 0 0 1 0 0 0 1 -1.5 0.93 -1.56</i>
                <i>1 0 0 0 1 0 0 0 1 -1.5 0.93 -1.56</i>
                <i>1 0 0 0 1 0 0 0 1 -1.5 0.93 -1.56</i>
                <i>1 0 0 0 1 0 0 0 1 -1.5 0.93 -1.56</i>
                <i>1 0 0 0 1 0 0 0 1 -1.5 0.93 -1.56</i>
                <i>1 0 0 0 1 0 0 0 1 -1.5 0.93 -1.56</i>
                <i>1 0 0 0 1 0 0 0 1 -1.5 0.93 -1.56</i>
                <i>1 0 0 0 1 0 0 0 1 -1.5 0.93 -1.56</i>
                <i>1 0 0 0 1 0 0 0 1 -1.5 0.93 -1.56</i>
                <i>1 0 0 0 1 0 0 0 1 -1.5 0.93 -1.56</i>
                <i>1 0 0 0 1 0 0 0 1 -1.5 0.93 -1.56</i>
                <i>1 0 0 0 1 0 0 0 1 -1.5 0.93 -1.56</i>
                <i>1 0 0 0 1 0 0 0 1 -1.5 0.93 -1.56</i>
                <i>1 0 0 0 1 0 0 0 1 -1.5 0.93 -1.56</i>
                <i>1 0 0 0 1 0 0 0 1 -1.5 0.93 -1.56</i>
                <i>1 0 0 0 1 0 0 0 1 -1.5 0.93 -1.56</i>
                <i>1 0 0 0 1 0 0 0 1 -1.5 0.93 -1.56</i>
                <i>1 0 0 0 1 0 0 0 1 -1.5 0.93 -1.56</i>
                <i>1 0 0 0 1 0 0 0 1 -1.5 0.93 -1.56</i>
                <i>1 0 0 0 1 0 0 0 1 -1.5 0.93 -1.56</i>
                <i>1 0 0 0 1 0 0 0 1 -1.5 0.93 -1.56</i>
                <i>1 0 0 0 1 0 0 0 1 -1.5 0.93 -1.56</i>
                <i>1 0 0 0 1 0 0 0 1 -1.5 0.93 -1.56</i>
                <i>1 0 0 0 1 0 0 0 1 -1.5 0.93 -1.56</i>
                <i>1 0 0 0 1 0 0 0 1 -1.5 0.93 -1.56</i>
                <i>1 0 0 0 1 0 0 0 1 -1.5 0.93 -1.56</i>
                <i>1 0 0 0 1 0 0 0 1 -1.5 0.93 -1.56</i>
                <i>1 0 0 0 1 0 0 0 1 -1.5 0.93 -1.56</i>
                <i>1 0 0 0 1 0 0 0 1 -1.5 0.93 -1.56</i>
                <i>1 0 0 0 1 0 0 0 1 -1.5 0.93 -1.56</i>
                <i>1 0 0 0 1 0 0 0 1 -1.5 0.93 -1.56</i>
                <i>1 0 0 0 1 0 0 0 1 -1.5 0.93 -1.56</i>
                <i>1 0 0 0 1 0 0 0 1 -1.5 0.93 -1.56</i>
                <i>1 0 0 0 1 0 0 0 1 -1.5 0.93 -1.56</i>
                <i>1 0 0 0 1 0 0 0 1 -1.5 0.93 -1.56</i>
                <i>1 0 0 0 1 0 0 0 1 -1.5 0.93 -1.56</i>
                <i>1 0 0 0 1 0 0 0 1 -1.5 0.93 -1.56</i>
                <i>1 0 0 0 1 0 0 0 1 -1.5 0.93 -1.56</i>
                <i>1 0 0 0 1 0 0 0 1 -1.5 0.93 -1.56</i>
                <i>1 0 0 0 1 0 0 0 1 -1.5 0.93 -1.56</i>
                <i>1 0 0 0 1 0 0 0 1 -1.5 0.93 -1.56</i>
                <i>1 0 0 0 1 0 0 0 1 -1.5 0.93 -1.56</i>
                <i>1 0 0 0 1 0 0 0 1 -1.5 0.93 -1.56</i>
                <i>1 0 0 0 1 0 0 0 1 -1.5 0.93 -1.56</i>
                <i>1 0 0 0 1 0 0 0 1 -1.5 0.93 -1.56</i>
                <i>1 0 0 0 1 0 0 0 1 -1.5 0.93 -1.56</i>
                <i>1 0 0 0 1 0 0 0 1 -1.5 0.93 -1.56</i>
                <i>1 0 0 0 1 0 0 0 1 -1.5 0.93 -1.56</i>
                <i>1 0 0 0 1 0 0 0 1 -1.5 0.93 -1.56</i>
                <i>1 0 0 0 1 0 0 0 1 -1.5 0.93 -1.56</i>
                <i>1 0 0 0 1 0 0 0 1 -1.5 0.93 -1.56</i>
                <i>1 0 0 0 1 0 0 0 1 -1.5 0.93 -1.56</i>
                <i>1 0 0 0 1 0 0 0 1 -1.5 0.93 -1.56</i>
                <i>1 0 0 0 1 0 0 0 1 -1.5 0.93 -1.56</i>
                <i>1 0 0 0 1 0 0 0 1 -1.5 0.93 -1.56</i>
                <i>1 0 0 0 1 0 0 0 1 -1.5 0.93 -1.56</i>
                <i>1 0 0 0 1 0 0 0 1 -1.5 0.93 -1.56</i>
            </KeyFrames>
        </RefFrame>
        <Bones count="23">
            <i>
                <p>
                    <Name><![CDATA[pelvis]]></Name>
                    <Exclude>0</Exclude>
                    <Additive>0</Additive>
                    <IKPriority>0</IKPriority>
                    <IKRotLimits>-1e+010 -1e+010 -1e+010 1e+010 1e+010 1e+010</IKRotLimits>
                    <IKRotLimitOrder>2</IKRotLimitOrder>
                    <KeyFrames count="160">
                        <i>1 0 0 0 1 0 0 0 1 -1.45387 1.81532 -1.61112</i>
                        <i>1 0 0 0 1 0 0 0 1 -1.45244 1.87096 -1.6088</i>
                        <i>1 0 0 0 1 0 0 0 1 -1.45101 1.91218 -1.60648</i>
                        <i>1 0 0 0 1 0 0 0 1 -1.45136 1.84209 -1.60704</i>
                        <i>1 0 0 0 1 0 0 0 1 -1.45234 1.73764 -1.60863</i>
                        <i>1 0 0 0 1 0 0 0 1 -1.45387 1.67103 -1.61112</i>
                        <i>1 0 0 0 1 0 0 0 1 -1.45419 1.6653 -1.61608</i>
                        <i>1 0 0 0 1 0 0 0 1 -1.45432 1.68569 -1.62239</i>
                        <i>1 0 0 0 1 0 0 0 1 -1.45833 1.71767 -1.62595</i>
                        <i>1 0 0 0 1 0 0 0 1 -1.47033 1.74671 -1.62265</i>
                        <i>1 0 0 0 1 0 0 0 1 -1.49717 1.76795 -1.59844</i>
                        <i>1 0 0 0 1 0 0 0 1 -1.53131 1.78947 -1.54405</i>
                        <i>1 0 0 0 1 0 0 0 1 -1.55521 1.81613 -1.46275</i>
                        <i>1 0 0 0 1 0 0 0 1 -1.55126 1.85276 -1.35852</i>
                        <i>1 0 0 0 1 0 0 0 1 -1.5077 1.91033 -1.23292</i>
                        <i>1 0 0 0 1 0 0 0 1 -1.43694 1.98302 -1.09194</i>
                        <i>1 0 0 0 1 0 0 0 1 -1.358 2.05056 -0.9464</i>
                        <i>1 0 0 0 1 0 0 0 1 -1.29038 2.09265 -0.805832</i>
                        <i>1 0 0 0 1 0 0 0 1 -1.24076 2.09545 -0.673711</i>
                        <i>1 0 0 0 1 0 0 0 1 -1.20418 2.06503 -0.553163</i>
                        <i>1 0 0 0 1 0 0 0 1 -1.18333 2.01104 -0.452108</i>
                        <i>1 0 0 0 1 0 0 0 1 -1.17357 1.92882 -0.370167</i>
                        <i>1 0 0 0 1 0 0 0 1 -1.16945 1.82468 -0.303126</i>
                        <i>1 0 0 0 1 0 0 0 1 -1.17262 1.7246 -0.253173</i>
                        <i>1 0 0 0 1 0 0 0 1 -1.18476 1.6546 -0.222548</i>
                        <i>1 0 0 0 1 0 0 0 1 -1.21288 1.62872 -0.198437</i>
                        <i>1 0 0 0 1 0 0 0 1 -1.25407 1.63476 -0.168565</i>
                        <i>1 0 0 0 1 0 0 0 1 -1.29642 1.65839 -0.136937</i>
                        <i>1 0 0 0 1 0 0 0 1 -1.32999 1.68397 -0.108554</i>
                        <i>1 0 0 0 1 0 0 0 1 -1.34638 1.69509 -0.0889452</i>
                        <i>1 0 0 0 1 0 0 0 1 -1.33952 1.68867 -0.080018</i>
                        <i>1 0 0 0 1 0 0 0 1 -1.31516 1.67552 -0.0781702</i>
                        <i>1 0 0 0 1 0 0 0 1 -1.28259 1.66024 -0.0805797</i>
                        <i>1 0 0 0 1 0 0 0 1 -1.2518 1.64708 -0.0846679</i>
                        <i>1 0 0 0 1 0 0 0 1 -1.23452 1.63924 -0.0884545</i>
                        <i>1 0 0 0 1 0 0 0 1 -1.23014 1.62621 -0.0946525</i>
                        <i>1 0 0 0 1 0 0 0 1 -1.22838 1.602 -0.104503</i>
                        <i>1 0 0 0 1 0 0 0 1 -1.22831 1.57527 -0.114436</i>
                        <i>1 0 0 0 1 0 0 0 1 -1.22897 1.55468 -0.120882</i>
                        <i>1 0 0 0 1 0 0 0 1 -1.2294 1.54889 -0.12027</i>
                        <i>1 0 0 0 1 0 0 0 1 -1.22972 1.55497 -0.107557</i>
                        <i>1 0 0 0 1 0 0 0 1 -1.23052 1.56546 -0.084684</i>
                        <i>1 0 0 0 1 0 0 0 1 -1.23161 1.58222 -0.058563</i>
                        <i>1 0 0 0 1 0 0 0 1 -1.23278 1.60711 -0.0361045</i>
                        <i>1 0 0 0 1 0 0 0 1 -1.23382 1.64199 -0.0242194</i>
                        <i>1 0 0 0 1 0 0 0 1 -1.23452 1.68874 -0.0298186</i>
                        <i>1 0 0 0 1 0 0 0 1 -1.24017 1.75207 -0.057444</i>
                        <i>1 0 0 0 1 0 0 0 1 -1.25092 1.83264 -0.103663</i>
                        <i>1 0 0 0 1 0 0 0 1 -1.25884 1.92619 -0.163423</i>
                        <i>1 0 0 0 1 0 0 0 1 -1.25601 2.02842 -0.231674</i>
                        <i>1 0 0 0 1 0 0 0 1 -1.23452 2.13509 -0.303364</i>
                        <i>1 0 0 0 1 0 0 0 1 -1.19083 2.24642 -0.379733</i>
                        <i>1 0 0 0 1 0 0 0 1 -1.13115 2.36442 -0.463566</i>
                        <i>1 0 0 0 1 0 0 0 1 -1.06217 2.48746 -0.552125</i>
                        <i>1 0 0 0 1 0 0 0 1 -0.990594 2.61395 -0.642675</i>
                        <i>1 0 0 0 1 0 0 0 1 -0.923131 2.74225 -0.732478</i>
                        <i>1 0 0 0 1 0 0 0 1 -0.86648 2.87076 -0.818798</i>
                        <i>1 0 0 0 1 0 0 0 1 -0.826219 3.02709 -0.905383</i>
                        <i>1 0 0 0 1 0 0 0 1 -0.802396 3.19071 -0.988981</i>
                        <i>1 0 0 0 1 0 0 0 1 -0.793413 3.28776 -1.05636</i>
                        <i>1 0 0 0 1 0 0 0 1 -0.795535 3.30927 -1.11011</i>
                        <i>1 0 0 0 1 0 0 0 1 -0.804201 3.30295 -1.16093</i>
                        <i>1 0 0 0 1 0 0 0 1 -0.816577 3.28 -1.20769</i>
                        <i>1 0 0 0 1 0 0 0 1 -0.82983 3.25158 -1.24928</i>
                        <i>1 0 0 0 1 0 0 0 1 -0.841124 3.22886 -1.28458</i>
                        <i>1 0 0 0 1 0 0 0 1 -0.847624 3.22303 -1.31246</i>
                        <i>1 0 0 0 1 0 0 0 1 -0.849201 3.23559 -1.33248</i>
                        <i>1 0 0 0 1 0 0 0 1 -0.848095 3.25793 -1.34544</i>
                        <i>1 0 0 0 1 0 0 0 1 -0.845029 3.28596 -1.3521</i>
                        <i>1 0 0 0 1 0 0 0 1 -0.840729 3.31565 -1.35322</i>
                        <i>1 0 0 0 1 0 0 0 1 -0.835921 3.34291 -1.34957</i>
                        <i>1 0 0 0 1 0 0 0 1 -0.831331 3.36369 -1.34196</i>
                        <i>1 0 0 0 1 0 0 0 1 -0.826545 3.38058 -1.32429</i>
                        <i>1 0 0 0 1 0 0 0 1 -0.820851 3.39644 -1.29484</i>
                        <i>1 0 0 0 1 0 0 0 1 -0.814528 3.40759 -1.26095</i>
                        <i>1 0 0 0 1 0 0 0 1 -0.807845 3.41034 -1.23002</i>
                        <i>1 0 0 0 1 0 0 0 1 -0.801061 3.40102 -1.20951</i>
                        <i>1 0 0 0 1 0 0 0 1 -0.793071 3.36339 -1.20423</i>
                        <i>1 0 0 0 1 0 0 0 1 -0.78399 3.30171 -1.2097</i>
                        <i>1 0 0 0 1 0 0 0 1 -0.775857 3.24304 -1.21937</i>
                        <i>1 0 0 0 1 0 0 0 1 -0.770598 3.21451 -1.22659</i>
                        <i>1 0 0 0 1 0 0 0 1 -0.76799 3.21503 -1.22933</i>
                        <i>1 0 0 0 1 0 0 0 1 -0.766365 3.22401 -1.23036</i>
                        <i>1 0 0 0 1 0 0 0 1 -0.76543 3.2393 -1.23012</i>
                        <i>1 0 0 0 1 0 0 0 1 -0.764893 3.25873 -1.22908</i>
                        <i>1 0 0 0 1 0 0 0 1 -0.76446 3.28013 -1.22768</i>
                        <i>1 0 0 0 1 0 0 0 1 -0.763837 3.30136 -1.2264</i>
                        <i>1 0 0 0 1 0 0 0 1 -0.762728 3.32025 -1.22569</i>
                        <i>1 0 0 0 1 0 0 0 1 -0.760836 3.33464 -1.22601</i>
                        <i>1 0 0 0 1 0 0 0 1 -0.757862 3.34237 -1.22782</i>
                        <i>1 0 0 0 1 0 0 0 1 -0.753509 3.34128 -1.23157</i>
                        <i>1 0 0 0 1 0 0 0 1 -0.742921 3.31521 -1.23849</i>
                        <i>1 0 0 0 1 0 0 0 1 -0.72552 3.26178 -1.24917</i>
                        <i>1 0 0 0 1 0 0 0 1 -0.707414 3.19958 -1.26315</i>
                        <i>1 0 0 0 1 0 0 0 1 -0.69472 3.14715 -1.27997</i>
                        <i>1 0 0 0 1 0 0 0 1 -0.693557 3.12307 -1.29923</i>
                        <i>1 0 0 0 1 0 0 0 1 -0.707531 3.15707 -1.32119</i>
                        <i>1 0 0 0 1 0 0 0 1 -0.733875 3.23283 -1.3447</i>
                        <i>1 0 0 0 1 0 0 0 1 -0.769175 3.29978 -1.36727</i>
                        <i>1 0 0 0 1 0 0 0 1 -0.810063 3.30736 -1.38638</i>
                        <i>1 0 0 0 1 0 0 0 1 -0.871946 3.25552 -1.39047</i>
                        <i>1 0 0 0 1 0 0 0 1 -0.948662 3.18067 -1.38661</i>
                        <i>1 0 0 0 1 0 0 0 1 -1.05018 3.08691 -1.42518</i>
                        <i>1 0 0 0 1 0 0 0 1 -1.18603 2.97838 -1.51355</i>
                        <i>1 0 0 0 1 0 0 0 1 -1.3205 2.85918 -1.61179</i>
                        <i>1 0 0 0 1 0 0 0 1 -1.41955 2.73344 -1.67866</i>
                        <i>1 0 0 0 1 0 0 0 1 -1.46777 2.58491 -1.90306</i>
                        <i>1 0 0 0 1 0 0 0 1 -1.47107 2.40592 -1.98738</i>
                        <i>1 0 0 0 1 0 0 0 1 -1.43577 2.21343 -1.80187</i>
                        <i>1 0 0 0 1 0 0 0 1 -1.42038 2.02442 -1.72394</i>
                        <i>1 0 0 0 1 0 0 0 1 -1.41154 1.85587 -1.6958</i>
                        <i>1 0 0 0 1 0 0 0 1 -1.40951 1.72474 -1.69263</i>
                        <i>1 0 0 0 1 0 0 0 1 -1.41456 1.64801 -1.68963</i>
                        <i>1 0 0 0 1 0 0 0 1 -1.425 1.61852 -1.67926</i>
                        <i>1 0 0 0 1 0 0 0 1 -1.43847 1.6146 -1.67042</i>
                        <i>1 0 0 0 1 0 0 0 1 -1.45417 1.6315 -1.66295</i>
                        <i>1 0 0 0 1 0 0 0 1 -1.47132 1.66445 -1.65669</i>
                        <i>1 0 0 0 1 0 0 0 1 -1.48913 1.70866 -1.6515</i>
                        <i>1 0 0 0 1 0 0 0 1 -1.50682 1.75939 -1.64723</i>
                        <i>1 0 0 0 1 0 0 0 1 -1.5236 1.81185 -1.64371</i>
                        <i>1 0 0 0 1 0 0 0 1 -1.53867 1.86128 -1.6408</i>
                        <i>1 0 0 0 1 0 0 0 1 -1.55126 1.90291 -1.63835</i>
                        <i>1 0 0 0 1 0 0 0 1 -1.56057 1.93197 -1.63621</i>
                        <i>1 0 0 0 1 0 0 0 1 -1.56583 1.94369 -1.63422</i>
                        <i>1 0 0 0 1 0 0 0 1 -1.56635 1.93864 -1.6331</i>
                        <i>1 0 0 0 1 0 0 0 1 -1.56257 1.9222 -1.63345</i>
                        <i>1 0 0 0 1 0 0 0 1 -1.55529 1.89687 -1.63494</i>
                        <i>1 0 0 0 1 0 0 0 1 -1.54537 1.86511 -1.63721</i>
                        <i>1 0 0 0 1 0 0 0 1 -1.53363 1.82942 -1.63993</i>
                        <i>1 0 0 0 1 0 0 0 1 -1.5209 1.79227 -1.64276</i>
                        <i>1 0 0 0 1 0 0 0 1 -1.50801 1.75615 -1.64536</i>
                        <i>1 0 0 0 1 0 0 0 1 -1.4958 1.72354 -1.64738</i>
                        <i>1 0 0 0 1 0 0 0 1 -1.4851 1.69691 -1.64848</i>
                        <i>1 0 0 0 1 0 0 0 1 -1.47674 1.67876 -1.64832</i>
                        <i>1 0 0 0 1 0 0 0 1 -1.4699 1.66748 -1.64691</i>
                        <i>1 0 0 0 1 0 0 0 1 -1.46324 1.65961 -1.64458</i>
                        <i>1 0 0 0 1 0 0 0 1 -1.45686 1.65484 -1.64154</i>
                        <i>1 0 0 0 1 0 0 0 1 -1.45086 1.65285 -1.63797</i>
                        <i>1 0 0 0 1 0 0 0 1 -1.44531 1.65333 -1.63406</i>
                        <i>1 0 0 0 1 0 0 0 1 -1.44031 1.65597 -1.63002</i>
                        <i>1 0 0 0 1 0 0 0 1 -1.43594 1.66047 -1.62602</i>
                        <i>1 0 0 0 1 0 0 0 1 -1.43231 1.66651 -1.62227</i>
                        <i>1 0 0 0 1 0 0 0 1 -1.42949 1.67377 -1.61894</i>
                        <i>1 0 0 0 1 0 0 0 1 -1.42758 1.68195 -1.61624</i>
                        <i>1 0 0 0 1 0 0 0 1 -1.42853 1.69775 -1.61425</i>
                        <i>1 0 0 0 1 0 0 0 1 -1.43312 1.72411 -1.61285</i>
                        <i>1 0 0 0 1 0 0 0 1 -1.43965 1.75503 -1.61194</i>
                        <i>1 0 0 0 1 0 0 0 1 -1.44642 1.78453 -1.61142</i>
                        <i>1 0 0 0 1 0 0 0 1 -1.45172 1.80662 -1.61118</i>
                        <i>1 0 0 0 1 0 0 0 1 -1.45387 1.81532 -1.61112</i>
                        <i>1 0 0 0 1 0 0 0 1 -1.45387 1.81532 -1.61112</i>
                        <i>1 0 0 0 1 0 0 0 1 -1.45387 1.81532 -1.61112</i>
                        <i>1 0 0 0 1 0 0 0 1 -1.45387 1.81532 -1.61112</i>
                        <i>1 0 0 0 1 0 0 0 1 -1.45387 1.81532 -1.61112</i>
                        <i>1 0 0 0 1 0 0 0 1 -1.45387 1.81532 -1.61112</i>
                        <i>1 0 0 0 1 0 0 0 1 -1.45387 1.81532 -1.61112</i>
                        <i>1 0 0 0 1 0 0 0 1 -1.45387 1.81532 -1.61112</i>
                        <i>1 0 0 0 1 0 0 0 1 -1.45387 1.81532 -1.61112</i>
                        <i>1 0 0 0 1 0 0 0 1 -1.45387 1.81532 -1.61112</i>
                        <i>1 0 0 0 1 0 0 0 1 -1.45387 1.81532 -1.61112</i>
                    </KeyFrames>
                </p>
            </i>
            <i>
                <p>
                    <Name><![CDATA[spine0]]></Name>
                    <Exclude>0</Exclude>
                    <Additive>0</Additive>
                    <IKPriority>0</IKPriority>
                    <IKRotLimits>-1e+010 -1e+010 -1e+010 1e+010 1e+010 1e+010</IKRotLimits>
                    <IKRotLimitOrder>0</IKRotLimitOrder>
                    <KeyFrames count="160">
                        <i>0.154731 0.966401 0.205249 -0.819677 0.00959605 0.572746 0.551533 -0.256859 0.793621 -1.46209 1.95894 -1.6108</i>
                        <i>0.147701 0.971778 0.183935 -0.8188 0.0158307 0.573861 0.554754 -0.235366 0.79803 -1.45964 2.01461 -1.61172</i>
                        <i>0.13108 0.98227 0.13403 -0.817006 0.0304556 0.575824 0.561533 -0.184983 0.806512 -1.4559 2.05556 -1.6171</i>
                        <i>0.111633 0.990774 0.076838 -0.81545 0.0471377 0.576905 0.567961 -0.127059 0.813189 -1.45376 1.98457 -1.62676</i>
                        <i>0.0960298 0.994824 0.0332119 -0.81478 0.0593966 0.57672 0.571762 -0.0824426 0.816267 -1.45314 1.87894 -1.63568</i>
                        <i>0.0906807 0.995622 0.0226902 -0.815114 0.0611116 0.576068 0.572159 -0.0707334 0.817087 -1.45498 1.81183 -1.64061</i>
                        <i>0.0975144 0.99339 0.060561 -0.817518 0.0452494 0.574123 0.567588 -0.105495 0.816526 -1.46048 1.80669 -1.64188</i>
                        <i>0.109154 0.985754 0.127966 -0.821118 0.0168627 0.570509 0.560223 -0.167348 0.811261 -1.47039 1.8274 -1.64127</i>
                        <i>0.118791 0.974066 0.19257 -0.823764 -0.0115966 0.566814 0.554348 -0.225965 0.801023 -1.48476 1.85859 -1.63778</i>
                        <i>0.118243 0.967865 0.221936 -0.824936 -0.0286608 0.564498 0.552719 -0.249831 0.795038 -1.50347 1.8865 -1.63019</i>
                        <i>0.10491 0.970782 0.215815 -0.829259 -0.0343896 0.557805 0.548929 -0.237486 0.801422 -1.53319 1.9071 -1.60442</i>
                        <i>0.0846367 0.976296 0.199206 -0.839262 -0.0379165 0.542403 0.537099 -0.213094 0.816159 -1.56909 1.92819 -1.5492</i>
                        <i>0.0598153 0.982099 0.178615 -0.852073 -0.0429777 0.521655 0.519993 -0.183396 0.83425 -1.59377 1.95464 -1.46759</i>
                        <i>0.0335691 0.986538 0.160051 -0.86486 -0.0515842 0.499356 0.50089 -0.155184 0.851485 -1.58975 1.99129 -1.36342</i>
                        <i>0.0105051 0.988898 0.148223 -0.874955 -0.0626708 0.480131 0.48409 -0.134732 0.864583 -1.54548 2.04905 -1.23807</i>
                        <i>-0.00344593 0.98929 0.14592 -0.879956 -0.0723189 0.469518 0.475042 -0.126785 0.870781 -1.47363 2.12202 -1.09742</i>
                        <i>-0.00181035 0.988087 0.153887 -0.877558 -0.075354 0.473512 0.479467 -0.134188 0.86724 -1.39352 2.18984 -0.952127</i>
                        <i>0.0215347 0.984971 0.171375 -0.864819 -0.0676531 0.497506 0.501622 -0.158922 0.850364 -1.32504 2.23215 -0.811563</i>
                        <i>0.0861192 0.974889 0.205367 -0.833937 -0.0422442 0.550241 0.545099 -0.21865 0.809358 -1.27498 2.23504 -0.679952</i>
                        <i>0.180279 0.953297 0.242333 -0.78102 -0.0110282 0.624409 0.597919 -0.301835 0.742555 -1.23848 2.20453 -0.56085</i>
                        <i>0.263782 0.928745 0.260486 -0.710669 0.00452946 0.703512 0.652203 -0.370693 0.661225 -1.21839 2.15025 -0.461398</i>
                        <i>0.309602 0.916165 0.254534 -0.630052 -0.00282942 0.776548 0.712167 -0.40079 0.576356 -1.20982 2.06766 -0.380504</i>
                        <i>0.330346 0.913756 0.236477 -0.548431 -0.0180826 0.836 0.768177 -0.405861 0.495158 -1.20658 1.96327 -0.313542</i>
                        <i>0.357171 0.907278 0.22198 -0.479873 -0.0256501 0.876963 0.801343 -0.419748 0.426217 -1.20937 1.86337 -0.26265</i>
                        <i>0.411407 0.883101 0.22556 -0.441006 -0.0237096 0.897191 0.797658 -0.468584 0.379698 -1.21891 1.79414 -0.230188</i>
                        <i>0.504485 0.827383 0.246845 -0.422033 -0.0131164 0.906485 0.753248 -0.561485 0.342566 -1.24197 1.76951 -0.203644</i>
                        <i>0.62363 0.733013 0.271623 -0.402955 0.00368646 0.915212 0.669861 -0.680205 0.29767 -1.27686 1.77678 -0.171329</i>
                        <i>0.734113 0.613433 0.291166 -0.384917 0.0226949 0.922672 0.559389 -0.789421 0.252781 -1.31301 1.80129 -0.137592</i>
                        <i>0.807619 0.506802 0.3015 -0.370742 0.0387685 0.927926 0.458586 -0.86119 0.219203 -1.34186 1.82733 -0.107732</i>
                        <i>0.833905 0.46027 0.304555 -0.364897 0.0457927 0.929921 0.414069 -0.886597 0.206138 -1.35643 1.83859 -0.0875813</i>
                        <i>0.814868 0.494076 0.303116 -0.368018 0.0369699 0.929083 0.447832 -0.868632 0.211955 -1.35124 1.83205 -0.0792703</i>
                        <i>0.758809 0.580093 0.296142 -0.3744 0.0164436 0.927121 0.532947 -0.814384 0.229665 -1.33121 1.81849 -0.0790124</i>
                        <i>0.672547 0.684712 0.280805 -0.379824 -0.00628851 0.925038 0.63515 -0.728787 0.25584 -1.30489 1.80233 -0.0836905</i>
                        <i>0.573935 0.777076 0.258365 -0.382388 -0.0246808 0.923672 0.72414 -0.628923 0.282979 -1.28153 1.78772 -0.0904258</i>
                        <i>0.488669 0.840414 0.234324 -0.382344 -0.0351304 0.923352 0.78423 -0.540805 0.30416 -1.27213 1.77784 -0.0969356</i>
                        <i>0.415054 0.885466 0.208999 -0.381164 -0.0393488 0.92367 0.826101 -0.463036 0.321176 -1.27573 1.7622 -0.105846</i>
                        <i>0.335555 0.924833 0.179128 -0.379853 -0.0411709 0.92413 0.862041 -0.378138 0.337486 -1.28206 1.73475 -0.118451</i>
                        <i>0.25287 0.956402 0.146124 -0.378803 -0.0411054 0.924564 0.890261 -0.289147 0.351893 -1.2899 1.70421 -0.131095</i>
                        <i>0.170046 0.9791 0.111573 -0.378268 -0.0396946 0.924845 0.909944 -0.19947 0.363612 -1.29808 1.67938 -0.140126</i>
                        <i>0.0901451 0.99294 0.0770994 -0.378351 -0.0374676 0.924904 0.921263 -0.112546 0.372302 -1.30543 1.66909 -0.141904</i>
                        <i>0.0159763 0.998893 0.0442454 -0.379009 -0.0348987 0.924735 0.925255 -0.0315433 0.378032 -1.31189 1.67064 -0.131324</i>
                        <i>-0.0500885 0.998641 0.0143893 -0.380084 -0.0323831 0.924385 0.923595 0.0408319 0.38119 -1.31793 1.67682 -0.110278</i>
                        <i>-0.106161 0.994285 -0.0112797 -0.38133 -0.0302333 0.923945 0.918323 0.102388 0.38236 -1.32325 1.68976 -0.0856382</i>
                        <i>-0.150774 0.988059 -0.0317368 -0.382453 -0.0286968 0.923529 0.91159 0.151382 0.382213 -1.32755 1.71161 -0.0642805</i>
                        <i>-0.182734 0.982083 -0.046064 -0.38315 -0.0279867 0.923262 0.905431 0.186361 0.381399 -1.33055 1.7445 -0.0530842</i>
                        <i>-0.200932 0.97815 -0.053382 -0.38315 -0.0283207 0.923252 0.901567 0.205964 0.380469 -1.33193 1.79053 -0.0589232</i>
                        <i>-0.188735 0.981595 -0.0291727 -0.354547 -0.0404069 0.934165 0.915792 0.186652 0.355648 -1.34134 1.85174 -0.080414</i>
                        <i>-0.128382 0.991433 0.0240577 -0.293384 -0.0611411 0.954037 0.947335 0.115423 0.29872 -1.35867 1.92761 -0.111762</i>
                        <i>-0.0289788 0.997493 0.0645585 -0.233059 -0.0695481 0.969972 0.972031 0.0130627 0.23449 -1.37036 2.01656 -0.153849</i>
                        <i>0.0658859 0.995074 0.0740742 -0.184113 -0.0608376 0.981021 0.980694 -0.0782734 0.179197 -1.36702 2.1166 -0.207244</i>
                        <i>0.0999728 0.992437 0.0712344 -0.132559 -0.0576701 0.989496 0.98612 -0.108365 0.125791 -1.34221 2.22481 -0.270967</i>
                        <i>0.0734221 0.994295 0.0773713 -0.0653459 -0.0726177 0.995217 0.995158 -0.0781268 0.0596414 -1.29321 2.34131 -0.344947</i>
                        <i>0.030884 0.995562 0.0889013 0.00796312 -0.0891859 0.995983 0.999491 -0.030052 -0.0106822 -1.22605 2.46678 -0.428776</i>
                        <i>-0.0089798 0.995355 0.0958559 0.0688778 -0.0950164 0.99309 0.997585 0.0155201 -0.0677047 -1.14774 2.59869 -0.520495</i>
                        <i>-0.0335968 0.995321 0.090594 0.108122 -0.0864935 0.990368 0.99357 0.0430684 -0.104711 -1.06535 2.73427 -0.617588</i>
                        <i>-0.0426792 0.996314 0.0744093 0.124227 -0.0686072 0.989879 0.991336 0.0514909 -0.120841 -0.986044 2.87066 -0.7167</i>
                        <i>-0.0420483 0.997549 0.0559261 0.119056 -0.0505741 0.991599 0.991997 0.0483533 -0.116637 -0.917265 3.00526 -0.813682</i>
                        <i>-0.0179176 0.998901 0.0433127 0.095496 -0.0414119 0.994568 0.995269 0.0219565 -0.094649 -0.865704 3.16534 -0.91046</i>
                        <i>0.0186618 0.99907 0.0388731 0.0588969 -0.0399109 0.997466 0.99809 -0.016325 -0.0595869 -0.832947 3.33068 -1.00208</i>
                        <i>0.0360251 0.998545 0.0401144 0.0184511 -0.0407982 0.998997 0.999181 -0.0352489 -0.019894 -0.81926 3.42816 -1.07414</i>
                        <i>0.017206 0.998927 0.0430061 -0.0326036 -0.0424291 0.998567 0.99932 -0.0185835 0.0318386 -0.825315 3.44885 -1.12817</i>
                        <i>-0.0270553 0.998795 0.0409362 -0.105502 -0.0435755 0.993464 0.994051 0.0225596 0.106554 -0.847377 3.4392 -1.17732</i>
                        <i>-0.0837105 0.996097 0.0279783 -0.199246 -0.044241 0.97895 0.976368 0.0763738 0.202172 -0.878164 3.40888 -1.22483</i>
                        <i>-0.135002 0.990838 0.00380318 -0.304639 -0.045159 0.951397 0.942852 0.127282 0.307944 -0.909453 3.36934 -1.27141</i>
                        <i>-0.166635 0.985788 -0.0213283 -0.401315 -0.0480474 0.914679 0.900655 0.160977 0.403618 -0.934133 3.33459 -1.31404</i>
                        <i>-0.178796 0.98332 -0.033378 -0.461574 -0.0538712 0.885464 0.868897 0.173724 0.463507 -0.947836 3.32018 -1.3473</i>
                        <i>-0.180966 0.98316 -0.0254504 -0.476536 -0.0650182 0.876747 0.860328 0.17079 0.480277 -0.952325 3.32945 -1.36787</i>
                        <i>-0.177323 0.984151 -0.00156783 -0.461423 -0.0817313 0.883408 0.869279 0.157372 0.468603 -0.952336 3.35174 -1.37751</i>
                        <i>-0.169832 0.985006 0.0303513 -0.423443 -0.10075 0.900303 0.889861 0.140048 0.434204 -0.949207 3.38166 -1.37828</i>
                        <i>-0.160264 0.985104 0.062327 -0.370636 -0.11858 0.921177 0.914847 0.124531 0.384119 -0.944101 3.41384 -1.37244</i>
                        <i>-0.151115 0.984634 0.0875205 -0.311931 -0.131512 0.940959 0.93801 0.114893 0.327011 -0.938362 3.44312 -1.36225</i>
                        <i>-0.145759 0.984158 0.100935 -0.256752 -0.136159 0.956838 0.955423 0.113553 0.272531 -0.933619 3.46455 -1.34971</i>
                        <i>-0.129424 0.985801 0.106985 -0.20517 -0.132181 0.96976 0.970131 0.10356 0.219364 -0.928892 3.48154 -1.32966</i>
                        <i>-0.0891952 0.990314 0.106402 -0.156919 -0.119466 0.980359 0.983576 0.0707468 0.166055 -0.92251 3.4981 -1.30007</i>
                        <i>-0.0369189 0.995136 0.0913302 -0.120905 -0.0951691 0.988091 0.991977 0.0254369 0.123831 -0.915162 3.51019 -1.26734</i>
                        <i>0.0070523 0.997846 0.0652194 -0.101745 -0.0641665 0.992739 0.994785 -0.0136368 0.101073 -0.907533 3.51376 -1.2379</i>
                        <i>0.022832 0.998631 0.0470596 -0.0979456 -0.0446111 0.994191 0.99493 -0.0273087 0.096793 -0.900332 3.50478 -1.21813</i>
                        <i>0.0145166 0.999264 0.0355005 -0.10291 -0.0338226 0.994115 0.994585 -0.0180845 0.102344 -0.893409 3.46605 -1.21369</i>
                        <i>0.00152567 0.999852 0.0171475 -0.11097 -0.0168723 0.99368 0.993823 -0.00341889 0.110928 -0.886602 3.4019 -1.22098</i>
                        <i>-0.00912612 0.999958 -0.000480677 -0.119041 -0.000609147 0.992889 0.992847 0.00911845 0.119041 -0.880609 3.34077 -1.23246</i>
                        <i>-0.0110568 0.999899 -0.00887855 -0.123434 0.00744637 0.992325 0.992291 0.0120679 0.123339 -0.876134 3.31127 -1.24053</i>
                        <i>-0.00682515 0.999957 -0.006276 -0.122679 0.00539143 0.992432 0.992423 0.00754343 0.122637 -0.873286 3.31213 -1.24278</i>
                        <i>-0.00337044 0.999991 0.00257928 -0.118487 -0.00296048 0.992951 0.99295 0.00304107 0.118496 -0.871508 3.32147 -1.24236</i>
                        <i>-0.000814397 0.999867 0.0162719 -0.111948 -0.0162608 0.993581 0.993714 -0.00101243 0.111946 -0.870502 3.33707 -1.23996</i>
                        <i>0.000732791 0.999441 0.033418 -0.104142 -0.03316 0.994009 0.994562 -0.00420862 0.10406 -0.869973 3.35672 -1.2363</i>
                        <i>0.00114364 0.998609 0.0527073 -0.0961742 -0.0523532 0.993987 0.995364 -0.00620585 0.0959806 -0.86963 3.37819 -1.23209</i>
                        <i>0.000255346 0.997337 0.0729259 -0.0891963 -0.0726125 0.993364 0.996014 -0.00675838 0.0889403 -0.869187 3.39931 -1.22803</i>
                        <i>-0.00213745 0.995668 0.0929578 -0.0844181 -0.0928058 0.992099 0.996428 -0.00572676 0.0842508 -0.868361 3.41791 -1.22484</i>
                        <i>-0.00628047 0.993715 0.111762 -0.0831083 -0.111896 0.990238 0.996521 -0.00306918 0.0832888 -0.866874 3.43182 -1.22321</i>
                        <i>-0.0124493 0.991655 0.128319 -0.0865899 -0.128916 0.987868 0.996166 0.00118716 0.0874722 -0.864443 3.43891 -1.22386</i>
                        <i>-0.020927 0.98971 0.14155 -0.0962314 -0.142918 0.985045 0.995139 0.00699242 0.098232 -0.860773 3.43706 -1.2275</i>
                        <i>-0.0401743 0.98776 0.150716 -0.122027 -0.154559 0.980419 0.991713 0.0209961 0.126743 -0.851659 3.40938 -1.2366</i>
                        <i>-0.0723011 0.985348 0.154476 -0.167073 -0.164658 0.972098 0.98329 0.044475 0.17653 -0.83645 3.35333 -1.25227</i>
                        <i>-0.107772 0.982591 0.151325 -0.222434 -0.172185 0.959623 0.968973 0.0697602 0.237118 -0.820222 3.2883 -1.27306</i>
                        <i>-0.137123 0.980294 0.142204 -0.279296 -0.175998 0.943938 0.950364 0.0897181 0.297926 -0.808328 3.23369 -1.29732</i>
                        <i>-0.151684 0.97971 0.130999 -0.329113 -0.17503 0.927927 0.932028 0.0976379 0.348984 -0.806519 3.20886 -1.32321</i>
                        <i>-0.141785 0.984477 0.103452 -0.385997 -0.15122 0.910022 0.911539 0.0890947 0.401445 -0.817944 3.24422 -1.35137</i>
                        <i>-0.105424 0.992708 0.0584524 -0.452989 -0.100268 0.88586 0.885261 0.0669126 0.460256 -0.839898 3.32288 -1.3814</i>
                        <i>-0.0544646 0.99833 0.0192366 -0.506905 -0.0442423 0.860866 0.86028 0.0371356 0.508468 -0.869788 3.39331 -1.41</i>
                        <i>-0.0114399 0.999932 0.00216979 -0.531379 -0.00791746 0.847097 0.847057 0.0085377 0.531433 -0.905292 3.40402 -1.43417</i>
                        <i>0.0158779 0.999872 0.00195832 -0.524355 0.00665907 0.851474 0.851352 -0.0145465 0.524394 -0.962204 3.35509 -1.44181</i>
                        <i>0.0377036 0.999278 0.00471388 -0.498211 0.0147084 0.866931 0.866236 -0.035035 0.498406 -1.03398 3.28325 -1.44039</i>
                        <i>0.0562263 0.998366 0.010153 -0.463227 0.0170771 0.886075 0.884454 -0.0545239 0.46343 -1.13056 3.19227 -1.48116</i>
                        <i>0.0728648 0.997197 0.0169971 -0.430445 0.0160699 0.902474 0.899671 -0.0730749 0.430409 -1.26143 3.08599 -1.57213</i>
                        <i>0.0868343 0.995984 0.0218156 -0.411393 0.0159059 0.911319 0.907312 -0.0881085 0.411122 -1.39079 2.96829 -1.67384</i>
                        <i>0.0952745 0.995267 0.0191389 -0.417047 0.0224504 0.908608 0.903878 -0.0945489 0.417212 -1.48451 2.84307 -1.74543</i>
                        <i>0.101177 0.994846 0.00664086 -0.52274 0.0474814 0.851169 0.846467 -0.0895901 0.52485 -1.51674 2.6958 -1.98054</i>
                        <i>0.109179 0.993734 -0.0239218 -0.658573 0.0903397 0.747074 0.744555 -0.0658106 0.66431 -1.49628 2.51869 -2.07307</i>
                        <i>0.115024 0.991463 -0.0613989 -0.729702 0.126272 0.672005 0.674021 -0.032494 0.737997 -1.44569 2.32919 -1.8867</i>
                        <i>0.108912 0.990687 -0.0817198 -0.771196 0.13608 0.621884 0.627212 -0.00470842 0.778834 -1.42424 2.14571 -1.80121</i>
                        <i>0.0936502 0.991776 -0.087235 -0.801694 0.127075 0.584071 0.590353 0.0152375 0.807001 -1.41457 1.98321 -1.76267</i>
                        <i>0.0775918 0.993455 -0.0838255 -0.817477 0.111526 0.56506 0.57071 0.0246814 0.820781 -1.41472 1.85676 -1.74954</i>
                        <i>0.0690601 0.994203 -0.0824094 -0.817758 0.103731 0.566138 0.571404 0.0282934 0.820181 -1.42197 1.78233 -1.7406</i>
                        <i>0.0432509 0.990095 -0.133568 -0.808718 0.113194 0.577202 0.586604 0.0830541 0.805604 -1.43385 1.75385 -1.72724</i>
                        <i>0.0247955 0.987518 -0.15554 -0.800013 0.1129 0.589265 0.599471 0.109823 0.792826 -1.44923 1.75097 -1.71498</i>
                        <i>0.0337928 0.99166 -0.124371 -0.792489 0.10241 0.601227 0.608949 0.0782457 0.78934 -1.46719 1.76883 -1.70379</i>
                        <i>0.0469998 0.995398 -0.0835127 -0.78598 0.0884488 0.611893 0.616464 0.0368804 0.786519 -1.48681 1.80261 -1.69365</i>
                        <i>0.0629781 0.997346 -0.0365406 -0.780839 0.0720428 0.620564 0.621549 -0.0105496 0.783304 -1.50716 1.84751 -1.68456</i>
                        <i>0.0803854 0.996677 0.0131691 -0.777234 0.054404 0.626855 0.624056 -0.0606255 0.779025 -1.52731 1.89874 -1.67651</i>
