<?xml version="1.0" encoding="ISO-8859-1" ?>
<Animl Version="1">
    <ModellingPackage><![CDATA[Maya.2010]]></ModellingPackage>
    <SrcFile><![CDATA[anims\turrets\mortar\blue\~src\mortar_m120\mortar_m120_reload_high_crewman_b.mb]]></SrcFile>
    <FramesPerSecond>30</FramesPerSecond>
    <TotalFrames>160</TotalFrames>
    <Skeleton>
        <RefFrame>
            <Name><![CDATA[soldier_ref_frame]]></Name>
            <Exclude>0</Exclude>
            <Additive>0</Additive>
            <IKPriority>0</IKPriority>
            <IKRotLimits>-1e+010 -1e+010 -1e+010 1e+010 1e+010 1e+010</IKRotLimits>
            <IKRotLimitOrder>0</IKRotLimitOrder>
            <KeyFrames count="160">
                <i>1 0 0 0 1 0 0 0 1 1.19 0.93 -1.36</i>
                <i>1 0 0 0 1 0 0 0 1 1.19 0.93 -1.36</i>
                <i>1 0 0 0 1 0 0 0 1 1.19 0.93 -1.36</i>
                <i>1 0 0 0 1 0 0 0 1 1.19 0.93 -1.36</i>
                <i>1 0 0 0 1 0 0 0 1 1.19 0.93 -1.36</i>
                <i>1 0 0 0 1 0 0 0 1 1.19 0.93 -1.36</i>
                <i>1 0 0 0 1 0 0 0 1 1.19 0.93 -1.36</i>
                <i>1 0 0 0 1 0 0 0 1 1.19 0.93 -1.36</i>
                <i>1 0 0 0 1 0 0 0 1 1.19 0.93 -1.36</i>
                <i>1 0 0 0 1 0 0 0 1 1.19 0.93 -1.36</i>
                <i>1 0 0 0 1 0 0 0 1 1.19 0.93 -1.36</i>
                <i>1 0 0 0 1 0 0 0 1 1.19 0.93 -1.36</i>
                <i>1 0 0 0 1 0 0 0 1 1.19 0.93 -1.36</i>
                <i>1 0 0 0 1 0 0 0 1 1.19 0.93 -1.36</i>
                <i>1 0 0 0 1 0 0 0 1 1.19 0.93 -1.36</i>
                <i>1 0 0 0 1 0 0 0 1 1.19 0.93 -1.36</i>
                <i>1 0 0 0 1 0 0 0 1 1.19 0.93 -1.36</i>
                <i>1 0 0 0 1 0 0 0 1 1.19 0.93 -1.36</i>
                <i>1 0 0 0 1 0 0 0 1 1.19 0.93 -1.36</i>
                <i>1 0 0 0 1 0 0 0 1 1.19 0.93 -1.36</i>
                <i>1 0 0 0 1 0 0 0 1 1.19 0.93 -1.36</i>
                <i>1 0 0 0 1 0 0 0 1 1.19 0.93 -1.36</i>
                <i>1 0 0 0 1 0 0 0 1 1.19 0.93 -1.36</i>
                <i>1 0 0 0 1 0 0 0 1 1.19 0.93 -1.36</i>
                <i>1 0 0 0 1 0 0 0 1 1.19 0.93 -1.36</i>
                <i>1 0 0 0 1 0 0 0 1 1.19 0.93 -1.36</i>
                <i>1 0 0 0 1 0 0 0 1 1.19 0.93 -1.36</i>
                <i>1 0 0 0 1 0 0 0 1 1.19 0.93 -1.36</i>
                <i>1 0 0 0 1 0 0 0 1 1.19 0.93 -1.36</i>
                <i>1 0 0 0 1 0 0 0 1 1.19 0.93 -1.36</i>
                <i>1 0 0 0 1 0 0 0 1 1.19 0.93 -1.36</i>
                <i>1 0 0 0 1 0 0 0 1 1.19 0.93 -1.36</i>
                <i>1 0 0 0 1 0 0 0 1 1.19 0.93 -1.36</i>
                <i>1 0 0 0 1 0 0 0 1 1.19 0.93 -1.36</i>
                <i>1 0 0 0 1 0 0 0 1 1.19 0.93 -1.36</i>
                <i>1 0 0 0 1 0 0 0 1 1.19 0.93 -1.36</i>
                <i>1 0 0 0 1 0 0 0 1 1.19 0.93 -1.36</i>
                <i>1 0 0 0 1 0 0 0 1 1.19 0.93 -1.36</i>
                <i>1 0 0 0 1 0 0 0 1 1.19 0.93 -1.36</i>
                <i>1 0 0 0 1 0 0 0 1 1.19 0.93 -1.36</i>
                <i>1 0 0 0 1 0 0 0 1 1.19 0.93 -1.36</i>
                <i>1 0 0 0 1 0 0 0 1 1.19 0.93 -1.36</i>
                <i>1 0 0 0 1 0 0 0 1 1.19 0.93 -1.36</i>
                <i>1 0 0 0 1 0 0 0 1 1.19 0.93 -1.36</i>
                <i>1 0 0 0 1 0 0 0 1 1.19 0.93 -1.36</i>
                <i>1 0 0 0 1 0 0 0 1 1.19 0.93 -1.36</i>
                <i>1 0 0 0 1 0 0 0 1 1.19 0.93 -1.36</i>
                <i>1 0 0 0 1 0 0 0 1 1.19 0.93 -1.36</i>
                <i>1 0 0 0 1 0 0 0 1 1.19 0.93 -1.36</i>
                <i>1 0 0 0 1 0 0 0 1 1.19 0.93 -1.36</i>
                <i>1 0 0 0 1 0 0 0 1 1.19 0.93 -1.36</i>
                <i>1 0 0 0 1 0 0 0 1 1.19 0.93 -1.36</i>
                <i>1 0 0 0 1 0 0 0 1 1.19 0.93 -1.36</i>
                <i>1 0 0 0 1 0 0 0 1 1.19 0.93 -1.36</i>
                <i>1 0 0 0 1 0 0 0 1 1.19 0.93 -1.36</i>
                <i>1 0 0 0 1 0 0 0 1 1.19 0.93 -1.36</i>
                <i>1 0 0 0 1 0 0 0 1 1.19 0.93 -1.36</i>
                <i>1 0 0 0 1 0 0 0 1 1.19 0.93 -1.36</i>
                <i>1 0 0 0 1 0 0 0 1 1.19 0.93 -1.36</i>
                <i>1 0 0 0 1 0 0 0 1 1.19 0.93 -1.36</i>
                <i>1 0 0 0 1 0 0 0 1 1.19 0.93 -1.36</i>
                <i>1 0 0 0 1 0 0 0 1 1.19 0.93 -1.36</i>
                <i>1 0 0 0 1 0 0 0 1 1.19 0.93 -1.36</i>
                <i>1 0 0 0 1 0 0 0 1 1.19 0.93 -1.36</i>
                <i>1 0 0 0 1 0 0 0 1 1.19 0.93 -1.36</i>
                <i>1 0 0 0 1 0 0 0 1 1.19 0.93 -1.36</i>
                <i>1 0 0 0 1 0 0 0 1 1.19 0.93 -1.36</i>
                <i>1 0 0 0 1 0 0 0 1 1.19 0.93 -1.36</i>
                <i>1 0 0 0 1 0 0 0 1 1.19 0.93 -1.36</i>
                <i>1 0 0 0 1 0 0 0 1 1.19 0.93 -1.36</i>
                <i>1 0 0 0 1 0 0 0 1 1.19 0.93 -1.36</i>
                <i>1 0 0 0 1 0 0 0 1 1.19 0.93 -1.36</i>
                <i>1 0 0 0 1 0 0 0 1 1.19 0.93 -1.36</i>
                <i>1 0 0 0 1 0 0 0 1 1.19 0.93 -1.36</i>
                <i>1 0 0 0 1 0 0 0 1 1.19 0.93 -1.36</i>
                <i>1 0 0 0 1 0 0 0 1 1.19 0.93 -1.36</i>
                <i>1 0 0 0 1 0 0 0 1 1.19 0.93 -1.36</i>
                <i>1 0 0 0 1 0 0 0 1 1.19 0.93 -1.36</i>
                <i>1 0 0 0 1 0 0 0 1 1.19 0.93 -1.36</i>
                <i>1 0 0 0 1 0 0 0 1 1.19 0.93 -1.36</i>
                <i>1 0 0 0 1 0 0 0 1 1.19 0.93 -1.36</i>
                <i>1 0 0 0 1 0 0 0 1 1.19 0.93 -1.36</i>
                <i>1 0 0 0 1 0 0 0 1 1.19 0.93 -1.36</i>
                <i>1 0 0 0 1 0 0 0 1 1.19 0.93 -1.36</i>
                <i>1 0 0 0 1 0 0 0 1 1.19 0.93 -1.36</i>
                <i>1 0 0 0 1 0 0 0 1 1.19 0.93 -1.36</i>
                <i>1 0 0 0 1 0 0 0 1 1.19 0.93 -1.36</i>
                <i>1 0 0 0 1 0 0 0 1 1.19 0.93 -1.36</i>
                <i>1 0 0 0 1 0 0 0 1 1.19 0.93 -1.36</i>
                <i>1 0 0 0 1 0 0 0 1 1.19 0.93 -1.36</i>
                <i>1 0 0 0 1 0 0 0 1 1.19 0.93 -1.36</i>
                <i>1 0 0 0 1 0 0 0 1 1.19 0.93 -1.36</i>
                <i>1 0 0 0 1 0 0 0 1 1.19 0.93 -1.36</i>
                <i>1 0 0 0 1 0 0 0 1 1.19 0.93 -1.36</i>
                <i>1 0 0 0 1 0 0 0 1 1.19 0.93 -1.36</i>
                <i>1 0 0 0 1 0 0 0 1 1.19 0.93 -1.36</i>
                <i>1 0 0 0 1 0 0 0 1 1.19 0.93 -1.36</i>
                <i>1 0 0 0 1 0 0 0 1 1.19 0.93 -1.36</i>
                <i>1 0 0 0 1 0 0 0 1 1.19 0.93 -1.36</i>
                <i>1 0 0 0 1 0 0 0 1 1.19 0.93 -1.36</i>
                <i>1 0 0 0 1 0 0 0 1 1.19 0.93 -1.36</i>
                <i>1 0 0 0 1 0 0 0 1 1.19 0.93 -1.36</i>
                <i>1 0 0 0 1 0 0 0 1 1.19 0.93 -1.36</i>
                <i>1 0 0 0 1 0 0 0 1 1.19 0.93 -1.36</i>
                <i>1 0 0 0 1 0 0 0 1 1.19 0.93 -1.36</i>
                <i>1 0 0 0 1 0 0 0 1 1.19 0.93 -1.36</i>
                <i>1 0 0 0 1 0 0 0 1 1.19 0.93 -1.36</i>
                <i>1 0 0 0 1 0 0 0 1 1.19 0.93 -1.36</i>
                <i>1 0 0 0 1 0 0 0 1 1.19 0.93 -1.36</i>
                <i>1 0 0 0 1 0 0 0 1 1.19 0.93 -1.36</i>
                <i>1 0 0 0 1 0 0 0 1 1.19 0.93 -1.36</i>
                <i>1 0 0 0 1 0 0 0 1 1.19 0.93 -1.36</i>
                <i>1 0 0 0 1 0 0 0 1 1.19 0.93 -1.36</i>
                <i>1 0 0 0 1 0 0 0 1 1.19 0.93 -1.36</i>
                <i>1 0 0 0 1 0 0 0 1 1.19 0.93 -1.36</i>
                <i>1 0 0 0 1 0 0 0 1 1.19 0.93 -1.36</i>
                <i>1 0 0 0 1 0 0 0 1 1.19 0.93 -1.36</i>
                <i>1 0 0 0 1 0 0 0 1 1.19 0.93 -1.36</i>
                <i>1 0 0 0 1 0 0 0 1 1.19 0.93 -1.36</i>
                <i>1 0 0 0 1 0 0 0 1 1.19 0.93 -1.36</i>
                <i>1 0 0 0 1 0 0 0 1 1.19 0.93 -1.36</i>
                <i>1 0 0 0 1 0 0 0 1 1.19 0.93 -1.36</i>
                <i>1 0 0 0 1 0 0 0 1 1.19 0.93 -1.36</i>
                <i>1 0 0 0 1 0 0 0 1 1.19 0.93 -1.36</i>
                <i>1 0 0 0 1 0 0 0 1 1.19 0.93 -1.36</i>
                <i>1 0 0 0 1 0 0 0 1 1.19 0.93 -1.36</i>
                <i>1 0 0 0 1 0 0 0 1 1.19 0.93 -1.36</i>
                <i>1 0 0 0 1 0 0 0 1 1.19 0.93 -1.36</i>
                <i>1 0 0 0 1 0 0 0 1 1.19 0.93 -1.36</i>
                <i>1 0 0 0 1 0 0 0 1 1.19 0.93 -1.36</i>
                <i>1 0 0 0 1 0 0 0 1 1.19 0.93 -1.36</i>
                <i>1 0 0 0 1 0 0 0 1 1.19 0.93 -1.36</i>
                <i>1 0 0 0 1 0 0 0 1 1.19 0.93 -1.36</i>
                <i>1 0 0 0 1 0 0 0 1 1.19 0.93 -1.36</i>
                <i>1 0 0 0 1 0 0 0 1 1.19 0.93 -1.36</i>
                <i>1 0 0 0 1 0 0 0 1 1.19 0.93 -1.36</i>
                <i>1 0 0 0 1 0 0 0 1 1.19 0.93 -1.36</i>
                <i>1 0 0 0 1 0 0 0 1 1.19 0.93 -1.36</i>
                <i>1 0 0 0 1 0 0 0 1 1.19 0.93 -1.36</i>
                <i>1 0 0 0 1 0 0 0 1 1.19 0.93 -1.36</i>
                <i>1 0 0 0 1 0 0 0 1 1.19 0.93 -1.36</i>
                <i>1 0 0 0 1 0 0 0 1 1.19 0.93 -1.36</i>
                <i>1 0 0 0 1 0 0 0 1 1.19 0.93 -1.36</i>
                <i>1 0 0 0 1 0 0 0 1 1.19 0.93 -1.36</i>
                <i>1 0 0 0 1 0 0 0 1 1.19 0.93 -1.36</i>
                <i>1 0 0 0 1 0 0 0 1 1.19 0.93 -1.36</i>
                <i>1 0 0 0 1 0 0 0 1 1.19 0.93 -1.36</i>
                <i>1 0 0 0 1 0 0 0 1 1.19 0.93 -1.36</i>
                <i>1 0 0 0 1 0 0 0 1 1.19 0.93 -1.36</i>
                <i>1 0 0 0 1 0 0 0 1 1.19 0.93 -1.36</i>
                <i>1 0 0 0 1 0 0 0 1 1.19 0.93 -1.36</i>
                <i>1 0 0 0 1 0 0 0 1 1.19 0.93 -1.36</i>
                <i>1 0 0 0 1 0 0 0 1 1.19 0.93 -1.36</i>
                <i>1 0 0 0 1 0 0 0 1 1.19 0.93 -1.36</i>
                <i>1 0 0 0 1 0 0 0 1 1.19 0.93 -1.36</i>
                <i>1 0 0 0 1 0 0 0 1 1.19 0.93 -1.36</i>
                <i>1 0 0 0 1 0 0 0 1 1.19 0.93 -1.36</i>
                <i>1 0 0 0 1 0 0 0 1 1.19 0.93 -1.36</i>
                <i>1 0 0 0 1 0 0 0 1 1.19 0.93 -1.36</i>
                <i>1 0 0 0 1 0 0 0 1 1.19 0.93 -1.36</i>
            </KeyFrames>
        </RefFrame>
        <Bones count="23">
            <i>
                <p>
                    <Name><![CDATA[pelvis]]></Name>
                    <Exclude>0</Exclude>
                    <Additive>0</Additive>
                    <IKPriority>0</IKPriority>
                    <IKRotLimits>-1e+010 -1e+010 -1e+010 1e+010 1e+010 1e+010</IKRotLimits>
                    <IKRotLimitOrder>2</IKRotLimitOrder>
                    <KeyFrames count="160">
                        <i>1 0 0 0 1 0 0 0 1 0.888151 1.65235 -1.08573</i>
                        <i>1 0 0 0 1 0 0 0 1 0.888151 1.65159 -1.08573</i>
                        <i>1 0 0 0 1 0 0 0 1 0.888151 1.64953 -1.08573</i>
                        <i>1 0 0 0 1 0 0 0 1 0.888151 1.64656 -1.08573</i>
                        <i>1 0 0 0 1 0 0 0 1 0.888151 1.64303 -1.08573</i>
                        <i>1 0 0 0 1 0 0 0 1 0.888151 1.63932 -1.08573</i>
                        <i>1 0 0 0 1 0 0 0 1 0.888151 1.6358 -1.08573</i>
                        <i>1 0 0 0 1 0 0 0 1 0.888151 1.63282 -1.08573</i>
                        <i>1 0 0 0 1 0 0 0 1 0.888151 1.63077 -1.08573</i>
                        <i>1 0 0 0 1 0 0 0 1 0.888151 1.63 -1.08573</i>
                        <i>1 0 0 0 1 0 0 0 1 0.888151 1.63 -1.08573</i>
                        <i>1 0 0 0 1 0 0 0 1 0.888151 1.63 -1.08573</i>
                        <i>1 0 0 0 1 0 0 0 1 0.888151 1.63 -1.08573</i>
                        <i>1 0 0 0 1 0 0 0 1 0.888151 1.63 -1.08573</i>
                        <i>1 0 0 0 1 0 0 0 1 0.888151 1.63 -1.08573</i>
                        <i>1 0 0 0 1 0 0 0 1 0.888151 1.63 -1.08573</i>
                        <i>1 0 0 0 1 0 0 0 1 0.888151 1.63 -1.08573</i>
                        <i>1 0 0 0 1 0 0 0 1 0.888151 1.63 -1.08573</i>
                        <i>1 0 0 0 1 0 0 0 1 0.888151 1.63 -1.08573</i>
                        <i>1 0 0 0 1 0 0 0 1 0.888151 1.63 -1.08573</i>
                        <i>1 0 0 0 1 0 0 0 1 0.888151 1.63 -1.08573</i>
                        <i>1 0 0 0 1 0 0 0 1 0.888151 1.63 -1.08573</i>
                        <i>1 0 0 0 1 0 0 0 1 0.888151 1.63 -1.08573</i>
                        <i>1 0 0 0 1 0 0 0 1 0.888151 1.63 -1.08573</i>
                        <i>1 0 0 0 1 0 0 0 1 0.888151 1.63 -1.08573</i>
                        <i>1 0 0 0 1 0 0 0 1 0.888151 1.63 -1.08573</i>
                        <i>1 0 0 0 1 0 0 0 1 0.888151 1.63 -1.08573</i>
                        <i>1 0 0 0 1 0 0 0 1 0.888151 1.63 -1.08573</i>
                        <i>1 0 0 0 1 0 0 0 1 0.888151 1.63 -1.08573</i>
                        <i>1 0 0 0 1 0 0 0 1 0.888151 1.63 -1.08573</i>
                        <i>1 0 0 0 1 0 0 0 1 0.888151 1.63 -1.08573</i>
                        <i>1 0 0 0 1 0 0 0 1 0.888151 1.63 -1.08573</i>
                        <i>1 0 0 0 1 0 0 0 1 0.888151 1.63 -1.08573</i>
                        <i>1 0 0 0 1 0 0 0 1 0.888151 1.63 -1.08573</i>
                        <i>1 0 0 0 1 0 0 0 1 0.888151 1.63 -1.08573</i>
                        <i>1 0 0 0 1 0 0 0 1 0.888151 1.63 -1.08573</i>
                        <i>1 0 0 0 1 0 0 0 1 0.888151 1.63 -1.08573</i>
                        <i>1 0 0 0 1 0 0 0 1 0.888151 1.63 -1.08573</i>
                        <i>1 0 0 0 1 0 0 0 1 0.888151 1.63 -1.08573</i>
                        <i>1 0 0 0 1 0 0 0 1 0.888151 1.63 -1.08573</i>
                        <i>1 0 0 0 1 0 0 0 1 0.888151 1.63 -1.08573</i>
                        <i>1 0 0 0 1 0 0 0 1 0.888151 1.63 -1.08573</i>
                        <i>1 0 0 0 1 0 0 0 1 0.888151 1.63 -1.08573</i>
                        <i>1 0 0 0 1 0 0 0 1 0.888151 1.63 -1.08573</i>
                        <i>1 0 0 0 1 0 0 0 1 0.888151 1.63 -1.08573</i>
                        <i>1 0 0 0 1 0 0 0 1 0.888151 1.63 -1.08573</i>
                        <i>1 0 0 0 1 0 0 0 1 0.888151 1.63 -1.08573</i>
                        <i>1 0 0 0 1 0 0 0 1 0.888151 1.63 -1.08573</i>
                        <i>1 0 0 0 1 0 0 0 1 0.888151 1.63 -1.08573</i>
                        <i>1 0 0 0 1 0 0 0 1 0.888151 1.63 -1.08573</i>
                        <i>1 0 0 0 1 0 0 0 1 0.888151 1.63 -1.08573</i>
                        <i>1 0 0 0 1 0 0 0 1 0.888151 1.63 -1.08573</i>
                        <i>1 0 0 0 1 0 0 0 1 0.888151 1.63 -1.08573</i>
                        <i>1 0 0 0 1 0 0 0 1 0.888151 1.63 -1.08573</i>
                        <i>1 0 0 0 1 0 0 0 1 0.888151 1.63 -1.08573</i>
                        <i>1 0 0 0 1 0 0 0 1 0.888151 1.63 -1.08573</i>
                        <i>1 0 0 0 1 0 0 0 1 0.888151 1.63 -1.08573</i>
                        <i>1 0 0 0 1 0 0 0 1 0.888151 1.63 -1.08573</i>
                        <i>1 0 0 0 1 0 0 0 1 0.888151 1.63 -1.08573</i>
                        <i>1 0 0 0 1 0 0 0 1 0.888151 1.63 -1.08573</i>
                        <i>1 0 0 0 1 0 0 0 1 0.888151 1.63 -1.08573</i>
                        <i>1 0 0 0 1 0 0 0 1 0.888151 1.63 -1.08573</i>
                        <i>1 0 0 0 1 0 0 0 1 0.888151 1.63 -1.08573</i>
                        <i>1 0 0 0 1 0 0 0 1 0.888151 1.63 -1.08573</i>
                        <i>1 0 0 0 1 0 0 0 1 0.888151 1.63 -1.08573</i>
                        <i>1 0 0 0 1 0 0 0 1 0.888151 1.63 -1.08573</i>
                        <i>1 0 0 0 1 0 0 0 1 0.888151 1.63 -1.08573</i>
                        <i>1 0 0 0 1 0 0 0 1 0.888151 1.63 -1.08573</i>
                        <i>1 0 0 0 1 0 0 0 1 0.888151 1.63 -1.08573</i>
                        <i>1 0 0 0 1 0 0 0 1 0.888151 1.63 -1.08573</i>
                        <i>1 0 0 0 1 0 0 0 1 0.888151 1.63 -1.08573</i>
                        <i>1 0 0 0 1 0 0 0 1 0.888151 1.63 -1.08573</i>
                        <i>1 0 0 0 1 0 0 0 1 0.888151 1.63 -1.08573</i>
                        <i>1 0 0 0 1 0 0 0 1 0.888151 1.63 -1.08573</i>
                        <i>1 0 0 0 1 0 0 0 1 0.888151 1.63 -1.08573</i>
                        <i>1 0 0 0 1 0 0 0 1 0.888151 1.63 -1.08573</i>
                        <i>1 0 0 0 1 0 0 0 1 0.888151 1.63 -1.08573</i>
                        <i>1 0 0 0 1 0 0 0 1 0.888151 1.63 -1.08573</i>
                        <i>1 0 0 0 1 0 0 0 1 0.888151 1.63 -1.08573</i>
                        <i>1 0 0 0 1 0 0 0 1 0.888151 1.63 -1.08573</i>
                        <i>1 0 0 0 1 0 0 0 1 0.888151 1.63 -1.08573</i>
                        <i>1 0 0 0 1 0 0 0 1 0.888151 1.63 -1.08573</i>
                        <i>1 0 0 0 1 0 0 0 1 0.888151 1.63 -1.08573</i>
                        <i>1 0 0 0 1 0 0 0 1 0.888151 1.63 -1.08573</i>
                        <i>1 0 0 0 1 0 0 0 1 0.888151 1.63 -1.08573</i>
                        <i>1 0 0 0 1 0 0 0 1 0.888151 1.63 -1.08573</i>
                        <i>1 0 0 0 1 0 0 0 1 0.888151 1.63 -1.08573</i>
                        <i>1 0 0 0 1 0 0 0 1 0.888151 1.63 -1.08573</i>
                        <i>1 0 0 0 1 0 0 0 1 0.888151 1.63 -1.08573</i>
                        <i>1 0 0 0 1 0 0 0 1 0.888151 1.63 -1.08573</i>
                        <i>1 0 0 0 1 0 0 0 1 0.888151 1.63 -1.08573</i>
                        <i>1 0 0 0 1 0 0 0 1 0.888151 1.63 -1.08573</i>
                        <i>1 0 0 0 1 0 0 0 1 0.888151 1.63 -1.08573</i>
                        <i>1 0 0 0 1 0 0 0 1 0.888151 1.63 -1.08573</i>
                        <i>1 0 0 0 1 0 0 0 1 0.888151 1.63 -1.08573</i>
                        <i>1 0 0 0 1 0 0 0 1 0.888151 1.63 -1.08573</i>
                        <i>1 0 0 0 1 0 0 0 1 0.888151 1.63 -1.08573</i>
                        <i>1 0 0 0 1 0 0 0 1 0.888151 1.63 -1.08573</i>
                        <i>1 0 0 0 1 0 0 0 1 0.888151 1.63 -1.08573</i>
                        <i>1 0 0 0 1 0 0 0 1 0.888151 1.63 -1.08573</i>
                        <i>1 0 0 0 1 0 0 0 1 0.888151 1.63 -1.08573</i>
                        <i>1 0 0 0 1 0 0 0 1 0.888151 1.63 -1.08573</i>
                        <i>1 0 0 0 1 0 0 0 1 0.888151 1.63 -1.08573</i>
                        <i>1 0 0 0 1 0 0 0 1 0.888151 1.63 -1.08573</i>
                        <i>1 0 0 0 1 0 0 0 1 0.888151 1.63 -1.08573</i>
                        <i>1 0 0 0 1 0 0 0 1 0.888151 1.63 -1.08573</i>
                        <i>1 0 0 0 1 0 0 0 1 0.888151 1.63 -1.08573</i>
                        <i>1 0 0 0 1 0 0 0 1 0.888151 1.63 -1.08573</i>
                        <i>1 0 0 0 1 0 0 0 1 0.888151 1.63 -1.08573</i>
                        <i>1 0 0 0 1 0 0 0 1 0.888151 1.63 -1.08573</i>
                        <i>1 0 0 0 1 0 0 0 1 0.888151 1.63 -1.08573</i>
                        <i>1 0 0 0 1 0 0 0 1 0.888151 1.63 -1.08573</i>
                        <i>1 0 0 0 1 0 0 0 1 0.888151 1.63 -1.08573</i>
                        <i>1 0 0 0 1 0 0 0 1 0.888151 1.63 -1.08573</i>
                        <i>1 0 0 0 1 0 0 0 1 0.888151 1.63 -1.08573</i>
                        <i>1 0 0 0 1 0 0 0 1 0.888151 1.63 -1.08573</i>
                        <i>1 0 0 0 1 0 0 0 1 0.888151 1.63 -1.08573</i>
                        <i>1 0 0 0 1 0 0 0 1 0.888151 1.63 -1.08573</i>
                        <i>1 0 0 0 1 0 0 0 1 0.888151 1.63 -1.08573</i>
                        <i>1 0 0 0 1 0 0 0 1 0.888151 1.63 -1.08573</i>
                        <i>1 0 0 0 1 0 0 0 1 0.888151 1.63037 -1.08573</i>
                        <i>1 0 0 0 1 0 0 0 1 0.888151 1.63139 -1.08573</i>
                        <i>1 0 0 0 1 0 0 0 1 0.888151 1.63291 -1.08573</i>
                        <i>1 0 0 0 1 0 0 0 1 0.888151 1.6348 -1.08573</i>
                        <i>1 0 0 0 1 0 0 0 1 0.888151 1.63689 -1.08573</i>
                        <i>1 0 0 0 1 0 0 0 1 0.888151 1.63906 -1.08573</i>
                        <i>1 0 0 0 1 0 0 0 1 0.888151 1.64116 -1.08573</i>
                        <i>1 0 0 0 1 0 0 0 1 0.888151 1.64303 -1.08573</i>
                        <i>1 0 0 0 1 0 0 0 1 0.888151 1.6451 -1.08573</i>
                        <i>1 0 0 0 1 0 0 0 1 0.888151 1.64755 -1.08573</i>
                        <i>1 0 0 0 1 0 0 0 1 0.888151 1.6499 -1.08573</i>
                        <i>1 0 0 0 1 0 0 0 1 0.888151 1.65166 -1.08573</i>
                        <i>1 0 0 0 1 0 0 0 1 0.888151 1.65235 -1.08573</i>
                        <i>1 0 0 0 1 0 0 0 1 0.888151 1.65235 -1.08573</i>
                        <i>1 0 0 0 1 0 0 0 1 0.888151 1.65235 -1.08573</i>
                        <i>1 0 0 0 1 0 0 0 1 0.888151 1.65235 -1.08573</i>
                        <i>1 0 0 0 1 0 0 0 1 0.888151 1.65235 -1.08573</i>
                        <i>1 0 0 0 1 0 0 0 1 0.888151 1.65235 -1.08573</i>
                        <i>1 0 0 0 1 0 0 0 1 0.888151 1.65235 -1.08573</i>
                        <i>1 0 0 0 1 0 0 0 1 0.888151 1.65235 -1.08573</i>
                        <i>1 0 0 0 1 0 0 0 1 0.888151 1.65235 -1.08573</i>
                        <i>1 0 0 0 1 0 0 0 1 0.888151 1.65235 -1.08573</i>
                        <i>1 0 0 0 1 0 0 0 1 0.888151 1.65235 -1.08573</i>
                        <i>1 0 0 0 1 0 0 0 1 0.888151 1.65235 -1.08573</i>
                        <i>1 0 0 0 1 0 0 0 1 0.888151 1.65235 -1.08573</i>
                        <i>1 0 0 0 1 0 0 0 1 0.888151 1.65235 -1.08573</i>
                        <i>1 0 0 0 1 0 0 0 1 0.888151 1.65235 -1.08573</i>
                        <i>1 0 0 0 1 0 0 0 1 0.888151 1.65235 -1.08573</i>
                        <i>1 0 0 0 1 0 0 0 1 0.888151 1.65235 -1.08573</i>
                        <i>1 0 0 0 1 0 0 0 1 0.888151 1.65235 -1.08573</i>
                        <i>1 0 0 0 1 0 0 0 1 0.888151 1.65235 -1.08573</i>
                        <i>1 0 0 0 1 0 0 0 1 0.888151 1.65235 -1.08573</i>
                        <i>1 0 0 0 1 0 0 0 1 0.888151 1.65235 -1.08573</i>
                        <i>1 0 0 0 1 0 0 0 1 0.888151 1.65235 -1.08573</i>
                        <i>1 0 0 0 1 0 0 0 1 0.888151 1.65235 -1.08573</i>
                        <i>1 0 0 0 1 0 0 0 1 0.888151 1.65235 -1.08573</i>
                        <i>1 0 0 0 1 0 0 0 1 0.888151 1.65235 -1.08573</i>
                        <i>1 0 0 0 1 0 0 0 1 0.888151 1.65235 -1.08573</i>
                        <i>1 0 0 0 1 0 0 0 1 0.888151 1.65235 -1.08573</i>
                        <i>1 0 0 0 1 0 0 0 1 0.888151 1.65235 -1.08573</i>
                    </KeyFrames>
                </p>
            </i>
            <i>
                <p>
                    <Name><![CDATA[spine0]]></Name>
                    <Exclude>0</Exclude>
                    <Additive>0</Additive>
                    <IKPriority>0</IKPriority>
                    <IKRotLimits>-1e+010 -1e+010 -1e+010 1e+010 1e+010 1e+010</IKRotLimits>
                    <IKRotLimitOrder>0</IKRotLimitOrder>
                    <KeyFrames count="160">
                        <i>0.353775 0.895872 0.268805 -0.65874 0.0346243 0.751574 0.664007 -0.442961 0.602396 0.863955 1.79059 -1.11738</i>
                        <i>0.343304 0.902189 0.261147 -0.658844 0.033163 0.751549 0.669378 -0.430065 0.605786 0.863955 1.78982 -1.11738</i>
                        <i>0.315256 0.918001 0.2406 -0.659105 0.0293914 0.751477 0.682784 -0.395488 0.614324 0.863955 1.78777 -1.11738</i>
                        <i>0.274876 0.938055 0.21094 -0.659444 0.0242768 0.751362 0.699698 -0.345634 0.625268 0.863955 1.7848 -1.11738</i>
                        <i>0.227398 0.957774 0.175954 -0.659797 0.0186453 0.751213 0.716211 -0.286918 0.636176 0.863955 1.78127 -1.11738</i>
                        <i>0.177707 0.974186 0.139218 -0.660125 0.0130878 0.751042 0.729833 -0.225366 0.64541 0.863955 1.77756 -1.11738</i>
                        <i>0.130126 0.986034 0.103944 -0.660407 0.00799973 0.750865 0.739547 -0.166353 0.652225 0.863955 1.77403 -1.11738</i>
                        <i>0.0884423 0.993404 0.0729772 -0.660634 0.00366818 0.7507 0.745481 -0.114605 0.656601 0.863955 1.77106 -1.11738</i>
                        <i>0.056109 0.997225 0.0489242 -0.660798 0.000357009 0.750563 0.748463 -0.0744424 0.658985 0.863955 1.769 -1.11738</i>
                        <i>0.0365266 0.998742 0.0343446 -0.660894 -0.00163666 0.750477 0.74959 -0.0501105 0.660003 0.863955 1.76824 -1.11738</i>
                        <i>0.0257217 0.999327 0.0261393 -0.660928 -0.00261769 0.750444 0.750008 -0.0365789 0.660417 0.863866 1.7682 -1.11746</i>
                        <i>0.0172465 0.999663 0.0193876 -0.660918 -0.00315199 0.750451 0.75026 -0.0257563 0.660641 0.863616 1.7681 -1.1177</i>
                        <i>0.0109031 0.999843 0.013987 -0.66087 -0.00329208 0.750494 0.750422 -0.0174263 0.66073 0.863229 1.76795 -1.11807</i>
                        <i>0.00650228 0.99993 0.00983932 -0.660791 -0.0030886 0.750564 0.750542 -0.0113821 0.660725 0.862732 1.76774 -1.11855</i>
                        <i>0.00385373 0.999969 0.00684468 -0.660691 -0.00259194 0.750654 0.750648 -0.00741503 0.66066 0.862148 1.7675 -1.11911</i>
                        <i>0.00275952 0.999984 0.00489653 -0.660578 -0.00185325 0.750755 0.750753 -0.00530626 0.660562 0.861504 1.76722 -1.11972</i>
                        <i>0.00300975 0.999988 0.00387952 -0.660461 -0.000925167 0.75086 0.750854 -0.00482217 0.66045 0.860824 1.76693 -1.12038</i>
                        <i>0.00438076 0.999984 0.00366852 -0.660347 0.000137911 0.750961 0.750948 -0.00571227 0.660337 0.860134 1.76662 -1.12104</i>
                        <i>0.00663505 0.999969 0.00412891 -0.660242 0.00127975 0.751052 0.751024 -0.00770935 0.66023 0.859457 1.76631 -1.12168</i>
                        <i>0.00952277 0.999942 0.00511805 -0.66015 0.00244229 0.75113 0.751073 -0.0105315 0.660135 0.858818 1.76601 -1.12229</i>
                        <i>0.0127841 0.999897 0.0064869 -0.660074 0.0035659 0.751192 0.751091 -0.0138851 0.660052 0.858241 1.76574 -1.12284</i>
                        <i>0.0161522 0.999837 0.00808231 -0.660016 0.0045897 0.751238 0.751078 -0.0174686 0.659982 0.857751 1.7655 -1.12331</i>
                        <i>0.0193566 0.999765 0.00974918 -0.659974 0.0054519 0.751268 0.751039 -0.0209762 0.659925 0.857372 1.76531 -1.12368</i>
                        <i>0.0221265 0.999691 0.0113325 -0.65995 0.00609027 0.751285 0.750984 -0.0241022 0.65988 0.857126 1.76519 -1.12391</i>
                        <i>0.0241934 0.999627 0.0126794 -0.659941 0.00644273 0.75129 0.750928 -0.0265439 0.659851 0.857039 1.76515 -1.12399</i>
                        <i>0.0256095 0.999578 0.0137054 -0.659941 0.00660688 0.751288 0.750881 -0.0282849 0.659832 0.857039 1.76515 -1.12399</i>
                        <i>0.0266254 0.999541 0.0144423 -0.659941 0.00672396 0.751287 0.750845 -0.0295344 0.659817 0.857039 1.76515 -1.12399</i>
                        <i>0.0272749 0.999517 0.0149146 -0.659941 0.00679795 0.751287 0.750822 -0.030334 0.659808 0.857039 1.76515 -1.12399</i>
                        <i>0.0275933 0.999504 0.0151479 -0.659941 0.00683297 0.751286 0.750811 -0.0307272 0.659803 0.857039 1.76515 -1.12399</i>
                        <i>0.0276168 0.999503 0.0151681 -0.659941 0.00683329 0.751286 0.75081 -0.0307582 0.659802 0.857039 1.76515 -1.12399</i>
                        <i>0.027382 0.999512 0.0150017 -0.659941 0.00680322 0.751287 0.750818 -0.030472 0.659806 0.857039 1.76515 -1.12399</i>
                        <i>0.0269258 0.99953 0.0146755 -0.659941 0.00674714 0.751287 0.750835 -0.029914 0.659812 0.857039 1.76515 -1.12399</i>
                        <i>0.0262855 0.999553 0.0142161 -0.659941 0.00666943 0.751288 0.750857 -0.0291297 0.659822 0.857039 1.76515 -1.12399</i>
                        <i>0.0254979 0.999582 0.0136504 -0.659941 0.00657449 0.751289 0.750885 -0.0281648 0.659833 0.857039 1.76515 -1.12399</i>
                        <i>0.0246001 0.999613 0.0130049 -0.659941 0.00646666 0.751289 0.750914 -0.0270643 0.659845 0.857039 1.76515 -1.12399</i>
                        <i>0.0236285 0.999645 0.012306 -0.659941 0.00635027 0.75129 0.750946 -0.0258731 0.659857 0.857039 1.76515 -1.12399</i>
                        <i>0.022619 0.999677 0.0115796 -0.659941 0.00622957 0.751291 0.750977 -0.0246353 0.659869 0.857039 1.76515 -1.12399</i>
                        <i>0.0216071 0.999708 0.0108512 -0.659941 0.00610873 0.751292 0.751006 -0.0233944 0.65988 0.857039 1.76515 -1.12399</i>
                        <i>0.0206274 0.999736 0.0101459 -0.659941 0.00599186 0.751293 0.751034 -0.0221929 0.65989 0.857039 1.76515 -1.12399</i>
                        <i>0.0197139 0.999761 0.00948822 -0.659941 0.00588298 0.751294 0.751059 -0.0210726 0.659899 0.857039 1.76515 -1.12399</i>
                        <i>0.0189001 0.999782 0.0089022 -0.659941 0.00578602 0.751295 0.751079 -0.0200745 0.659907 0.857039 1.76515 -1.12399</i>
                        <i>0.0182187 0.999799 0.00841156 -0.659941 0.00570488 0.751296 0.751096 -0.0192388 0.659912 0.857039 1.76515 -1.12399</i>
                        <i>0.0177025 0.999811 0.00803982 -0.659941 0.00564341 0.751296 0.751109 -0.0186056 0.659916 0.857039 1.76515 -1.12399</i>
                        <i>0.017384 0.999818 0.00781048 -0.659941 0.00560545 0.751296 0.751116 -0.018215 0.659919 0.857039 1.76515 -1.12399</i>
                        <i>0.0172961 0.99982 0.00774729 -0.659941 0.0055949 0.751297 0.751118 -0.0181073 0.659919 0.857039 1.76515 -1.12399</i>
                        <i>0.0187652 0.999806 0.00602838 -0.660007 0.00785807 0.751218 0.751025 -0.0180755 0.660027 0.857215 1.76523 -1.12384</i>
                        <i>0.022706 0.999741 0.00132047 -0.660141 0.0140011 0.751011 0.750798 -0.0179241 0.660288 0.857693 1.76545 -1.12344</i>
                        <i>0.0285391 0.999577 -0.00560775 -0.660215 0.0230616 0.750722 0.750534 -0.0177227 0.660594 0.858399 1.76577 -1.12285</i>
                        <i>0.0356666 0.999266 -0.0139714 -0.660109 0.0340529 0.750398 0.750323 -0.0175415 0.660839 0.859258 1.76615 -1.12212</i>
                        <i>0.043457 0.998791 -0.0229793 -0.659749 0.0459626 0.750079 0.750228 -0.0174356 0.660949 0.860195 1.76656 -1.12133</i>
                        <i>0.051254 0.998177 -0.0318573 -0.659141 0.0577754 0.749796 0.75027 -0.0174316 0.660901 0.861135 1.76695 -1.12054</i>
                        <i>0.0583979 0.997497 -0.039874 -0.658369 0.0685073 0.749571 0.750426 -0.0175215 0.660722 0.862 1.7673 -1.11981</i>
                        <i>0.0642484 0.996857 -0.0463577 -0.657586 0.0772325 0.749411 0.750635 -0.0176643 0.660481 0.862714 1.76758 -1.1192</i>
                        <i>0.0681941 0.996383 -0.05069 -0.65698 0.0830854 0.749316 0.750817 -0.0177966 0.66027 0.863199 1.76777 -1.11879</i>
                        <i>0.0696418 0.996202 -0.0522715 -0.656742 0.0852266 0.749284 0.750892 -0.0178525 0.660183 0.863377 1.76784 -1.11864</i>
                        <i>0.0696418 0.996202 -0.0522715 -0.656742 0.0852266 0.749284 0.750892 -0.0178525 0.660183 0.863377 1.76784 -1.11864</i>
                        <i>0.0696418 0.996202 -0.0522715 -0.656742 0.0852266 0.749284 0.750892 -0.0178525 0.660183 0.863377 1.76784 -1.11864</i>
                        <i>0.0696418 0.996202 -0.0522715 -0.656742 0.0852266 0.749284 0.750892 -0.0178525 0.660183 0.863377 1.76784 -1.11864</i>
                        <i>0.0696418 0.996202 -0.0522715 -0.656742 0.0852266 0.749284 0.750892 -0.0178525 0.660183 0.863377 1.76784 -1.11864</i>
                        <i>0.0696418 0.996202 -0.0522715 -0.656742 0.0852266 0.749284 0.750892 -0.0178525 0.660183 0.863377 1.76784 -1.11864</i>
                        <i>0.0679673 0.996421 -0.0502639 -0.656997 0.0826154 0.749353 0.750823 -0.0179083 0.66026 0.863377 1.76784 -1.11864</i>
                        <i>0.0639486 0.996919 -0.0454265 -0.657589 0.0763343 0.749499 0.750658 -0.0180575 0.660444 0.863377 1.76784 -1.11864</i>
                        <i>0.059109 0.997467 -0.0395659 -0.65827 0.0687438 0.749636 0.750458 -0.0182652 0.660666 0.863377 1.76784 -1.11864</i>
                        <i>0.0550225 0.997886 -0.0345884 -0.658817 0.062313 0.749718 0.750289 -0.0184639 0.660853 0.863377 1.76784 -1.11864</i>
                        <i>0.0533012 0.99805 -0.0324841 -0.659039 0.0595986 0.749743 0.750217 -0.0185539 0.660931 0.863377 1.76784 -1.11864</i>
                        <i>0.0533012 0.99805 -0.0324841 -0.659039 0.0595986 0.749743 0.750217 -0.0185539 0.660931 0.863377 1.76784 -1.11864</i>
                        <i>0.0533012 0.99805 -0.0324841 -0.659039 0.0595986 0.749743 0.750217 -0.0185539 0.660931 0.863377 1.76784 -1.11864</i>
                        <i>0.0533012 0.99805 -0.0324841 -0.659039 0.0595986 0.749743 0.750217 -0.0185539 0.660931 0.863377 1.76784 -1.11864</i>
                        <i>0.0533012 0.99805 -0.0324841 -0.659039 0.0595986 0.749743 0.750217 -0.0185539 0.660931 0.863377 1.76784 -1.11864</i>
                        <i>0.0533012 0.99805 -0.0324841 -0.659039 0.0595986 0.749743 0.750217 -0.0185539 0.660931 0.863377 1.76784 -1.11864</i>
                        <i>0.0533012 0.99805 -0.0324841 -0.659039 0.0595986 0.749743 0.750217 -0.0185539 0.660931 0.863377 1.76784 -1.11864</i>
                        <i>0.0533012 0.99805 -0.0324841 -0.659039 0.0595986 0.749743 0.750217 -0.0185539 0.660931 0.863377 1.76784 -1.11864</i>
                        <i>0.0533012 0.99805 -0.0324841 -0.659039 0.0595986 0.749743 0.750217 -0.0185539 0.660931 0.863377 1.76784 -1.11864</i>
                        <i>0.0533012 0.99805 -0.0324841 -0.659039 0.0595986 0.749743 0.750217 -0.0185539 0.660931 0.863377 1.76784 -1.11864</i>
                        <i>0.0533012 0.99805 -0.0324841 -0.659039 0.0595986 0.749743 0.750217 -0.0185539 0.660931 0.863377 1.76784 -1.11864</i>
                        <i>0.052682 0.998179 -0.0293642 -0.659257 0.0568507 0.749765 0.75007 -0.0201406 0.661052 0.863301 1.76781 -1.1187</i>
                        <i>0.0511533 0.99846 -0.0214782 -0.659772 0.0499309 0.749805 0.749723 -0.0241843 0.66131 0.863119 1.76774 -1.11886</i>
                        <i>0.0491968 0.998728 -0.0110162 -0.660377 0.0408005 0.749825 0.749321 -0.0296141 0.661545 0.862901 1.76766 -1.11904</i>
                        <i>0.0474016 0.998876 9.96403e-005 -0.660928 0.0312895 0.749797 0.748951 -0.0356074 0.661668 0.862719 1.76758 -1.1192</i>
                        <i>0.0465482 0.998862 0.0103507 -0.661359 0.0230512 0.749716 0.748624 -0.0417434 0.661679 0.862642 1.76755 -1.11926</i>
                        <i>0.0492163 0.998591 0.0198227 -0.662229 0.0177685 0.749091 0.747684 -0.0499947 0.66217 0.864632 1.76831 -1.11757</i>
                        <i>0.0557225 0.998044 0.02835 -0.663483 0.0157954 0.748024 0.746113 -0.0604915 0.663066 0.868191 1.76953 -1.11454</i>
                        <i>0.0633446 0.997422 0.0337224 -0.663843 0.0168808 0.747682 0.745185 -0.069748 0.6632 0.86965 1.76998 -1.1133</i>
                        <i>0.0689272 0.997014 0.0348024 -0.662985 0.0197114 0.748373 0.745453 -0.0746567 0.662364 0.867652 1.76935 -1.115</i>
                        <i>0.0704693 0.996993 0.0322413 -0.66178 0.0225426 0.749359 0.746379 -0.0741435 0.661379 0.864098 1.76811 -1.11803</i>
                        <i>0.0666475 0.997435 0.0261098 -0.660641 0.0245027 0.750302 0.747737 -0.067255 0.66058 0.860158 1.76654 -1.12136</i>
                        <i>0.0563747 0.998271 0.0166129 -0.659809 0.0247627 0.751025 0.749316 -0.0533002 0.660064 0.856972 1.76511 -1.12405</i>
                        <i>0.0275936 0.99961 -0.00425265 -0.659126 0.0213928 0.751728 0.751526 -0.0179399 0.659459 0.854452 1.76389 -1.12616</i>
                        <i>-0.0101927 0.999484 -0.0304544 -0.65831 0.0162176 0.752572 0.752678 0.0277192 0.657805 0.852117 1.76267 -1.12812</i>
                        <i>-0.0296924 0.998601 -0.0437479 -0.65765 0.0134427 0.753204 0.752738 0.0511352 0.656331 0.850471 1.76176 -1.12949</i>
                        <i>-0.0303883 0.998576 -0.0438442 -0.657469 0.01307 0.753368 0.752868 0.0517198 0.656136 0.850008 1.7615 -1.12988</i>
                        <i>-0.0277637 0.998766 -0.0411868 -0.65767 0.0127782 0.753198 0.752795 0.0479988 0.656503 0.850609 1.76184 -1.12938</i>
                        <i>-0.022903 0.999063 -0.0367175 -0.658058 0.0125835 0.752862 0.752619 0.0414051 0.657153 0.851721 1.76245 -1.12845</i>
                        <i>-0.0162226 0.999394 -0.0308103 -0.658578 0.0125057 0.752408 0.752337 0.032497 0.657976 0.853194 1.76324 -1.12722</i>
                        <i>-0.00812556 0.999683 -0.023832 -0.659172 0.0125668 0.751887 0.751948 0.0218189 0.658861 0.854877 1.7641 -1.12581</i>
                        <i>0.000997084 0.999869 -0.0161453 -0.659779 0.0127903 0.75135 0.751459 0.00990317 0.659706 0.856615 1.76495 -1.12435</i>
                        <i>0.0107681 0.999909 -0.00810891 -0.660339 0.0132004 0.750852 0.75089 -0.00273061 0.660421 0.858249 1.7657 -1.12297</i>
                        <i>0.0208247 0.999783 -7.66303e-005 -0.660792 0.0138213 0.750442 0.75028 -0.0155771 0.660936 0.859617 1.76631 -1.12182</i>
                        <i>0.0308164 0.999496 0.00760203 -0.661081 0.0146767 0.750171 0.749681 -0.0281431 0.6612 0.860557 1.76671 -1.12103</i>
                        <i>0.0403991 0.999077 0.0145788 -0.661159 0.0157895 0.75008 0.749158 -0.0399414 0.661186 0.860907 1.76685 -1.12073</i>
                        <i>0.0534095 0.998295 0.0235279 -0.661318 0.0177074 0.749897 0.748202 -0.055611 0.661137 0.861644 1.76716 -1.12011</i>
                        <i>0.0714339 0.996813 0.0355172 -0.661584 0.0207023 0.749585 0.746461 -0.0770434 0.660955 0.863017 1.7677 -1.11895</i>
                        <i>0.0904895 0.99476 0.0475828 -0.661581 0.0243313 0.749479 0.744394 -0.0992999 0.660316 0.863758 1.76798 -1.11832</i>
                        <i>0.0972074 0.99403 0.049553 -0.6609 0.0272433 0.749979 0.744151 -0.105653 0.659603 0.86165 1.76716 -1.1201</i>
                        <i>0.090008 0.995103 0.0408528 -0.659735 0.0288445 0.750944 0.746088 -0.0945431 0.659101 0.856885 1.76507 -1.12412</i>
                        <i>0.0779514 0.996525 0.0293356 -0.658561 0.0293788 0.751954 0.748479 -0.0779351 0.658563 0.851779 1.76249 -1.1284</i>
                        <i>0.0702936 0.997271 0.0225709 -0.657803 0.0293321 0.752619 0.749903 -0.0677515 0.658069 0.848533 1.76064 -1.1311</i>
                        <i>0.03405 0.999418 -0.00219505 -0.657126 0.0240429 0.753397 0.753011 -0.0242107 0.657562 0.84703 1.75974 -1.13235</i>
                        <i>-0.015817 0.999256 -0.0351736 -0.656239 0.0161666 0.75438 0.754387 0.0350143 0.655495 0.845925 1.75905 -1.13327</i>
                        <i>-0.0446694 0.997528 -0.0542477 -0.65573 0.0116896 0.754905 0.753673 0.069293 0.653587 0.845495 1.75878 -1.13362</i>
                        <i>-0.0523701 0.996888 -0.0589148 -0.655513 0.01019 0.755115 0.753366 0.0781649 0.652939 0.845382 1.75871 -1.1337</i>
                        <i>-0.0561079 0.996642 -0.0596325 -0.655099 0.00832395 0.755498 0.753457 0.0814545 0.652432 0.845074 1.75854 -1.13389</i>
                        <i>-0.0563606 0.996782 -0.0570055 -0.654534 0.0062267 0.756007 0.753929 0.079921 0.652076 0.844621 1.75828 -1.13417</i>
                        <i>-0.0535681 0.99723 -0.0516028 -0.653866 0.00402747 0.7566 0.754712 0.0742709 0.651839 0.844072 1.75796 -1.13452</i>
                        <i>-0.048141 0.997872 -0.0439727 -0.653147 0.00185822 0.757229 0.7557 0.0651744 0.651668 0.843476 1.75761 -1.13489</i>
                        <i>-0.0404699 0.99858 -0.0346568 -0.652433 -0.000139604 0.757846 0.756765 0.0532812 0.651512 0.84288 1.75726 -1.13526</i>
                        <i>-0.0309362 0.999228 -0.0242028 -0.651786 -0.00180976 0.758401 0.757772 0.0392371 0.651339 0.842334 1.75693 -1.1356</i>
                        <i>-0.0199241 0.999715 -0.013177 -0.651271 -0.00297766 0.758839 0.758583 0.023701 0.651145 0.841885 1.75665 -1.13587</i>
                        <i>-0.00782913 0.999967 -0.00216991 -0.650959 -0.00344936 0.759105 0.759073 0.00735566 0.650964 0.84158 1.75647 -1.13606</i>
                        <i>0.00493801 0.999954 0.00820338 -0.650917 -0.00301344 0.759143 0.759133 -0.00908837 0.650873 0.841468 1.7564 -1.13613</i>
                        <i>0.0210816 0.999568 0.020463 -0.651142 -0.00180409 0.758954 0.758663 -0.0293243 0.650823 0.841638 1.75689 -1.13599</i>
                        <i>0.0427987 0.998401 0.0369307 -0.651543 -0.000131064 0.758612 0.757404 -0.0565295 0.650495 0.842087 1.75822 -1.13562</i>
