<?xml version="1.0" encoding="ISO-8859-1" ?>
<Animl Version="1">
    <ModellingPackage><![CDATA[Maya.2010]]></ModellingPackage>
    <SrcFile><![CDATA[anims\turrets\mortar\blue\~src\mortar_m252\mortar_m252_reload_low_crewman_a.mb]]></SrcFile>
    <FramesPerSecond>30</FramesPerSecond>
    <TotalFrames>161</TotalFrames>
    <Skeleton>
        <RefFrame>
            <Name><![CDATA[soldier_ref_frame]]></Name>
            <Exclude>0</Exclude>
            <Additive>0</Additive>
            <IKPriority>0</IKPriority>
            <IKRotLimits>-1e+010 -1e+010 -1e+010 1e+010 1e+010 1e+010</IKRotLimits>
            <IKRotLimitOrder>0</IKRotLimitOrder>
            <KeyFrames count="161">
                <i>1 0 0 0 1 0 0 0 1 1.01 0.91 -1.51</i>
                <i>1 0 0 0 1 0 0 0 1 1.01 0.91 -1.51</i>
                <i>1 0 0 0 1 0 0 0 1 1.01 0.91 -1.51</i>
                <i>1 0 0 0 1 0 0 0 1 1.01 0.91 -1.51</i>
                <i>1 0 0 0 1 0 0 0 1 1.01 0.91 -1.51</i>
                <i>1 0 0 0 1 0 0 0 1 1.01 0.91 -1.51</i>
                <i>1 0 0 0 1 0 0 0 1 1.01 0.91 -1.51</i>
                <i>1 0 0 0 1 0 0 0 1 1.01 0.91 -1.51</i>
                <i>1 0 0 0 1 0 0 0 1 1.01 0.91 -1.51</i>
                <i>1 0 0 0 1 0 0 0 1 1.01 0.91 -1.51</i>
                <i>1 0 0 0 1 0 0 0 1 1.01 0.91 -1.51</i>
                <i>1 0 0 0 1 0 0 0 1 1.01 0.91 -1.51</i>
                <i>1 0 0 0 1 0 0 0 1 1.01 0.91 -1.51</i>
                <i>1 0 0 0 1 0 0 0 1 1.01 0.91 -1.51</i>
                <i>1 0 0 0 1 0 0 0 1 1.01 0.91 -1.51</i>
                <i>1 0 0 0 1 0 0 0 1 1.01 0.91 -1.51</i>
                <i>1 0 0 0 1 0 0 0 1 1.01 0.91 -1.51</i>
                <i>1 0 0 0 1 0 0 0 1 1.01 0.91 -1.51</i>
                <i>1 0 0 0 1 0 0 0 1 1.01 0.91 -1.51</i>
                <i>1 0 0 0 1 0 0 0 1 1.01 0.91 -1.51</i>
                <i>1 0 0 0 1 0 0 0 1 1.01 0.91 -1.51</i>
                <i>1 0 0 0 1 0 0 0 1 1.01 0.91 -1.51</i>
                <i>1 0 0 0 1 0 0 0 1 1.01 0.91 -1.51</i>
                <i>1 0 0 0 1 0 0 0 1 1.01 0.91 -1.51</i>
                <i>1 0 0 0 1 0 0 0 1 1.01 0.91 -1.51</i>
                <i>1 0 0 0 1 0 0 0 1 1.01 0.91 -1.51</i>
                <i>1 0 0 0 1 0 0 0 1 1.01 0.91 -1.51</i>
                <i>1 0 0 0 1 0 0 0 1 1.01 0.91 -1.51</i>
                <i>1 0 0 0 1 0 0 0 1 1.01 0.91 -1.51</i>
                <i>1 0 0 0 1 0 0 0 1 1.01 0.91 -1.51</i>
                <i>1 0 0 0 1 0 0 0 1 1.01 0.91 -1.51</i>
                <i>1 0 0 0 1 0 0 0 1 1.01 0.91 -1.51</i>
                <i>1 0 0 0 1 0 0 0 1 1.01 0.91 -1.51</i>
                <i>1 0 0 0 1 0 0 0 1 1.01 0.91 -1.51</i>
                <i>1 0 0 0 1 0 0 0 1 1.01 0.91 -1.51</i>
                <i>1 0 0 0 1 0 0 0 1 1.01 0.91 -1.51</i>
                <i>1 0 0 0 1 0 0 0 1 1.01 0.91 -1.51</i>
                <i>1 0 0 0 1 0 0 0 1 1.01 0.91 -1.51</i>
                <i>1 0 0 0 1 0 0 0 1 1.01 0.91 -1.51</i>
                <i>1 0 0 0 1 0 0 0 1 1.01 0.91 -1.51</i>
                <i>1 0 0 0 1 0 0 0 1 1.01 0.91 -1.51</i>
                <i>1 0 0 0 1 0 0 0 1 1.01 0.91 -1.51</i>
                <i>1 0 0 0 1 0 0 0 1 1.01 0.91 -1.51</i>
                <i>1 0 0 0 1 0 0 0 1 1.01 0.91 -1.51</i>
                <i>1 0 0 0 1 0 0 0 1 1.01 0.91 -1.51</i>
                <i>1 0 0 0 1 0 0 0 1 1.01 0.91 -1.51</i>
                <i>1 0 0 0 1 0 0 0 1 1.01 0.91 -1.51</i>
                <i>1 0 0 0 1 0 0 0 1 1.01 0.91 -1.51</i>
                <i>1 0 0 0 1 0 0 0 1 1.01 0.91 -1.51</i>
                <i>1 0 0 0 1 0 0 0 1 1.01 0.91 -1.51</i>
                <i>1 0 0 0 1 0 0 0 1 1.01 0.91 -1.51</i>
                <i>1 0 0 0 1 0 0 0 1 1.01 0.91 -1.51</i>
                <i>1 0 0 0 1 0 0 0 1 1.01 0.91 -1.51</i>
                <i>1 0 0 0 1 0 0 0 1 1.01 0.91 -1.51</i>
                <i>1 0 0 0 1 0 0 0 1 1.01 0.91 -1.51</i>
                <i>1 0 0 0 1 0 0 0 1 1.01 0.91 -1.51</i>
                <i>1 0 0 0 1 0 0 0 1 1.01 0.91 -1.51</i>
                <i>1 0 0 0 1 0 0 0 1 1.01 0.91 -1.51</i>
                <i>1 0 0 0 1 0 0 0 1 1.01 0.91 -1.51</i>
                <i>1 0 0 0 1 0 0 0 1 1.01 0.91 -1.51</i>
                <i>1 0 0 0 1 0 0 0 1 1.01 0.91 -1.51</i>
                <i>1 0 0 0 1 0 0 0 1 1.01 0.91 -1.51</i>
                <i>1 0 0 0 1 0 0 0 1 1.01 0.91 -1.51</i>
                <i>1 0 0 0 1 0 0 0 1 1.01 0.91 -1.51</i>
                <i>1 0 0 0 1 0 0 0 1 1.01 0.91 -1.51</i>
                <i>1 0 0 0 1 0 0 0 1 1.01 0.91 -1.51</i>
                <i>1 0 0 0 1 0 0 0 1 1.01 0.91 -1.51</i>
                <i>1 0 0 0 1 0 0 0 1 1.01 0.91 -1.51</i>
                <i>1 0 0 0 1 0 0 0 1 1.01 0.91 -1.51</i>
                <i>1 0 0 0 1 0 0 0 1 1.01 0.91 -1.51</i>
                <i>1 0 0 0 1 0 0 0 1 1.01 0.91 -1.51</i>
                <i>1 0 0 0 1 0 0 0 1 1.01 0.91 -1.51</i>
                <i>1 0 0 0 1 0 0 0 1 1.01 0.91 -1.51</i>
                <i>1 0 0 0 1 0 0 0 1 1.01 0.91 -1.51</i>
                <i>1 0 0 0 1 0 0 0 1 1.01 0.91 -1.51</i>
                <i>1 0 0 0 1 0 0 0 1 1.01 0.91 -1.51</i>
                <i>1 0 0 0 1 0 0 0 1 1.01 0.91 -1.51</i>
                <i>1 0 0 0 1 0 0 0 1 1.01 0.91 -1.51</i>
                <i>1 0 0 0 1 0 0 0 1 1.01 0.91 -1.51</i>
                <i>1 0 0 0 1 0 0 0 1 1.01 0.91 -1.51</i>
                <i>1 0 0 0 1 0 0 0 1 1.01 0.91 -1.51</i>
                <i>1 0 0 0 1 0 0 0 1 1.01 0.91 -1.51</i>
                <i>1 0 0 0 1 0 0 0 1 1.01 0.91 -1.51</i>
                <i>1 0 0 0 1 0 0 0 1 1.01 0.91 -1.51</i>
                <i>1 0 0 0 1 0 0 0 1 1.01 0.91 -1.51</i>
                <i>1 0 0 0 1 0 0 0 1 1.01 0.91 -1.51</i>
                <i>1 0 0 0 1 0 0 0 1 1.01 0.91 -1.51</i>
                <i>1 0 0 0 1 0 0 0 1 1.01 0.91 -1.51</i>
                <i>1 0 0 0 1 0 0 0 1 1.01 0.91 -1.51</i>
                <i>1 0 0 0 1 0 0 0 1 1.01 0.91 -1.51</i>
                <i>1 0 0 0 1 0 0 0 1 1.01 0.91 -1.51</i>
                <i>1 0 0 0 1 0 0 0 1 1.01 0.91 -1.51</i>
                <i>1 0 0 0 1 0 0 0 1 1.01 0.91 -1.51</i>
                <i>1 0 0 0 1 0 0 0 1 1.01 0.91 -1.51</i>
                <i>1 0 0 0 1 0 0 0 1 1.01 0.91 -1.51</i>
                <i>1 0 0 0 1 0 0 0 1 1.01 0.91 -1.51</i>
                <i>1 0 0 0 1 0 0 0 1 1.01 0.91 -1.51</i>
                <i>1 0 0 0 1 0 0 0 1 1.01 0.91 -1.51</i>
                <i>1 0 0 0 1 0 0 0 1 1.01 0.91 -1.51</i>
                <i>1 0 0 0 1 0 0 0 1 1.01 0.91 -1.51</i>
                <i>1 0 0 0 1 0 0 0 1 1.01 0.91 -1.51</i>
                <i>1 0 0 0 1 0 0 0 1 1.01 0.91 -1.51</i>
                <i>1 0 0 0 1 0 0 0 1 1.01 0.91 -1.51</i>
                <i>1 0 0 0 1 0 0 0 1 1.01 0.91 -1.51</i>
                <i>1 0 0 0 1 0 0 0 1 1.01 0.91 -1.51</i>
                <i>1 0 0 0 1 0 0 0 1 1.01 0.91 -1.51</i>
                <i>1 0 0 0 1 0 0 0 1 1.01 0.91 -1.51</i>
                <i>1 0 0 0 1 0 0 0 1 1.01 0.91 -1.51</i>
                <i>1 0 0 0 1 0 0 0 1 1.01 0.91 -1.51</i>
                <i>1 0 0 0 1 0 0 0 1 1.01 0.91 -1.51</i>
                <i>1 0 0 0 1 0 0 0 1 1.01 0.91 -1.51</i>
                <i>1 0 0 0 1 0 0 0 1 1.01 0.91 -1.51</i>
                <i>1 0 0 0 1 0 0 0 1 1.01 0.91 -1.51</i>
                <i>1 0 0 0 1 0 0 0 1 1.01 0.91 -1.51</i>
                <i>1 0 0 0 1 0 0 0 1 1.01 0.91 -1.51</i>
                <i>1 0 0 0 1 0 0 0 1 1.01 0.91 -1.51</i>
                <i>1 0 0 0 1 0 0 0 1 1.01 0.91 -1.51</i>
                <i>1 0 0 0 1 0 0 0 1 1.01 0.91 -1.51</i>
                <i>1 0 0 0 1 0 0 0 1 1.01 0.91 -1.51</i>
                <i>1 0 0 0 1 0 0 0 1 1.01 0.91 -1.51</i>
                <i>1 0 0 0 1 0 0 0 1 1.01 0.91 -1.51</i>
                <i>1 0 0 0 1 0 0 0 1 1.01 0.91 -1.51</i>
                <i>1 0 0 0 1 0 0 0 1 1.01 0.91 -1.51</i>
                <i>1 0 0 0 1 0 0 0 1 1.01 0.91 -1.51</i>
                <i>1 0 0 0 1 0 0 0 1 1.01 0.91 -1.51</i>
                <i>1 0 0 0 1 0 0 0 1 1.01 0.91 -1.51</i>
                <i>1 0 0 0 1 0 0 0 1 1.01 0.91 -1.51</i>
                <i>1 0 0 0 1 0 0 0 1 1.01 0.91 -1.51</i>
                <i>1 0 0 0 1 0 0 0 1 1.01 0.91 -1.51</i>
                <i>1 0 0 0 1 0 0 0 1 1.01 0.91 -1.51</i>
                <i>1 0 0 0 1 0 0 0 1 1.01 0.91 -1.51</i>
                <i>1 0 0 0 1 0 0 0 1 1.01 0.91 -1.51</i>
                <i>1 0 0 0 1 0 0 0 1 1.01 0.91 -1.51</i>
                <i>1 0 0 0 1 0 0 0 1 1.01 0.91 -1.51</i>
                <i>1 0 0 0 1 0 0 0 1 1.01 0.91 -1.51</i>
                <i>1 0 0 0 1 0 0 0 1 1.01 0.91 -1.51</i>
                <i>1 0 0 0 1 0 0 0 1 1.01 0.91 -1.51</i>
                <i>1 0 0 0 1 0 0 0 1 1.01 0.91 -1.51</i>
                <i>1 0 0 0 1 0 0 0 1 1.01 0.91 -1.51</i>
                <i>1 0 0 0 1 0 0 0 1 1.01 0.91 -1.51</i>
                <i>1 0 0 0 1 0 0 0 1 1.01 0.91 -1.51</i>
                <i>1 0 0 0 1 0 0 0 1 1.01 0.91 -1.51</i>
                <i>1 0 0 0 1 0 0 0 1 1.01 0.91 -1.51</i>
                <i>1 0 0 0 1 0 0 0 1 1.01 0.91 -1.51</i>
                <i>1 0 0 0 1 0 0 0 1 1.01 0.91 -1.51</i>
                <i>1 0 0 0 1 0 0 0 1 1.01 0.91 -1.51</i>
                <i>1 0 0 0 1 0 0 0 1 1.01 0.91 -1.51</i>
                <i>1 0 0 0 1 0 0 0 1 1.01 0.91 -1.51</i>
                <i>1 0 0 0 1 0 0 0 1 1.01 0.91 -1.51</i>
                <i>1 0 0 0 1 0 0 0 1 1.01 0.91 -1.51</i>
                <i>1 0 0 0 1 0 0 0 1 1.01 0.91 -1.51</i>
                <i>1 0 0 0 1 0 0 0 1 1.01 0.91 -1.51</i>
                <i>1 0 0 0 1 0 0 0 1 1.01 0.91 -1.51</i>
                <i>1 0 0 0 1 0 0 0 1 1.01 0.91 -1.51</i>
                <i>1 0 0 0 1 0 0 0 1 1.01 0.91 -1.51</i>
                <i>1 0 0 0 1 0 0 0 1 1.01 0.91 -1.51</i>
                <i>1 0 0 0 1 0 0 0 1 1.01 0.91 -1.51</i>
                <i>1 0 0 0 1 0 0 0 1 1.01 0.91 -1.51</i>
                <i>1 0 0 0 1 0 0 0 1 1.01 0.91 -1.51</i>
                <i>1 0 0 0 1 0 0 0 1 1.01 0.91 -1.51</i>
                <i>1 0 0 0 1 0 0 0 1 1.01 0.91 -1.51</i>
            </KeyFrames>
        </RefFrame>
        <Bones count="23">
            <i>
                <p>
                    <Name><![CDATA[pelvis]]></Name>
                    <Exclude>0</Exclude>
                    <Additive>0</Additive>
                    <IKPriority>0</IKPriority>
                    <IKRotLimits>-1e+010 -1e+010 -1e+010 1e+010 1e+010 1e+010</IKRotLimits>
                    <IKRotLimitOrder>2</IKRotLimitOrder>
                    <KeyFrames count="161">
                        <i>1 0 0 0 1 0 0 0 1 0.868085 2.09022 -1.62161</i>
                        <i>1 0 0 0 1 0 0 0 1 0.844801 2.0819 -1.64891</i>
                        <i>1 0 0 0 1 0 0 0 1 0.814348 2.07339 -1.67771</i>
                        <i>1 0 0 0 1 0 0 0 1 0.787485 2.06473 -1.70771</i>
                        <i>1 0 0 0 1 0 0 0 1 0.774974 2.05595 -1.73862</i>
                        <i>1 0 0 0 1 0 0 0 1 0.787575 2.04709 -1.77013</i>
                        <i>1 0 0 0 1 0 0 0 1 0.839278 2.03819 -1.80194</i>
                        <i>1 0 0 0 1 0 0 0 1 0.922908 2.02928 -1.83376</i>
                        <i>1 0 0 0 1 0 0 0 1 1.01748 2.0204 -1.86527</i>
                        <i>1 0 0 0 1 0 0 0 1 1.102 2.01158 -1.89619</i>
                        <i>1 0 0 0 1 0 0 0 1 1.15549 2.00286 -1.9262</i>
                        <i>1 0 0 0 1 0 0 0 1 1.17959 1.99427 -1.95501</i>
                        <i>1 0 0 0 1 0 0 0 1 1.19196 1.98585 -1.98232</i>
                        <i>1 0 0 0 1 0 0 0 1 1.19565 1.97763 -2.00782</i>
                        <i>1 0 0 0 1 0 0 0 1 1.19369 1.96965 -2.03122</i>
                        <i>1 0 0 0 1 0 0 0 1 1.18912 1.96194 -2.05221</i>
                        <i>1 0 0 0 1 0 0 0 1 1.18497 1.95455 -2.07049</i>
                        <i>1 0 0 0 1 0 0 0 1 1.18428 1.94749 -2.08577</i>
                        <i>1 0 0 0 1 0 0 0 1 1.19008 1.94082 -2.09773</i>
                        <i>1 0 0 0 1 0 0 0 1 1.20383 1.93402 -2.09377</i>
                        <i>1 0 0 0 1 0 0 0 1 1.22293 1.92723 -2.0672</i>
                        <i>1 0 0 0 1 0 0 0 1 1.24435 1.92148 -2.02663</i>
                        <i>1 0 0 0 1 0 0 0 1 1.26513 1.91777 -1.9806</i>
                        <i>1 0 0 0 1 0 0 0 1 1.28245 1.91713 -1.93768</i>
                        <i>1 0 0 0 1 0 0 0 1 1.29369 1.92061 -1.90648</i>
                        <i>1 0 0 0 1 0 0 0 1 1.29643 1.92932 -1.89575</i>
                        <i>1 0 0 0 1 0 0 0 1 1.29382 1.96669 -1.89815</i>
                        <i>1 0 0 0 1 0 0 0 1 1.29137 2.02517 -1.89999</i>
                        <i>1 0 0 0 1 0 0 0 1 1.29018 2.0596 -1.90076</i>
                        <i>1 0 0 0 1 0 0 0 1 1.29032 2.06052 -1.90069</i>
                        <i>1 0 0 0 1 0 0 0 1 1.29104 2.05116 -1.90029</i>
                        <i>1 0 0 0 1 0 0 0 1 1.29212 2.0357 -1.89965</i>
                        <i>1 0 0 0 1 0 0 0 1 1.29335 2.01832 -1.89885</i>
                        <i>1 0 0 0 1 0 0 0 1 1.29452 2.00324 -1.89799</i>
                        <i>1 0 0 0 1 0 0 0 1 1.29548 1.99468 -1.8972</i>
                        <i>1 0 0 0 1 0 0 0 1 1.30028 1.9915 -1.8973</i>
                        <i>1 0 0 0 1 0 0 0 1 1.31123 1.98959 -1.89855</i>
                        <i>1 0 0 0 1 0 0 0 1 1.32545 1.98874 -1.90022</i>
                        <i>1 0 0 0 1 0 0 0 1 1.34004 1.98873 -1.90156</i>
                        <i>1 0 0 0 1 0 0 0 1 1.35213 1.98935 -1.90185</i>
                        <i>1 0 0 0 1 0 0 0 1 1.3588 1.99038 -1.90036</i>
                        <i>1 0 0 0 1 0 0 0 1 1.35634 1.99161 -1.89637</i>
                        <i>1 0 0 0 1 0 0 0 1 1.3465 1.99281 -1.88917</i>
                        <i>1 0 0 0 1 0 0 0 1 1.3346 1.99376 -1.87805</i>
                        <i>1 0 0 0 1 0 0 0 1 1.32595 1.99424 -1.86232</i>
                        <i>1 0 0 0 1 0 0 0 1 1.32583 1.99403 -1.84132</i>
                        <i>1 0 0 0 1 0 0 0 1 1.33307 1.99324 -1.81202</i>
                        <i>1 0 0 0 1 0 0 0 1 1.34252 1.99215 -1.77348</i>
                        <i>1 0 0 0 1 0 0 0 1 1.35346 1.99084 -1.72821</i>
                        <i>1 0 0 0 1 0 0 0 1 1.36529 1.98939 -1.67871</i>
                        <i>1 0 0 0 1 0 0 0 1 1.37747 1.98787 -1.62737</i>
                        <i>1 0 0 0 1 0 0 0 1 1.38952 1.98635 -1.57649</i>
                        <i>1 0 0 0 1 0 0 0 1 1.40099 1.9849 -1.52825</i>
                        <i>1 0 0 0 1 0 0 0 1 1.41143 1.98358 -1.48471</i>
                        <i>1 0 0 0 1 0 0 0 1 1.42039 1.98245 -1.44783</i>
                        <i>1 0 0 0 1 0 0 0 1 1.42734 1.98158 -1.41953</i>
                        <i>1 0 0 0 1 0 0 0 1 1.43179 1.98037 -1.40273</i>
                        <i>1 0 0 0 1 0 0 0 1 1.43393 1.97858 -1.39692</i>
                        <i>1 0 0 0 1 0 0 0 1 1.43424 1.9768 -1.39881</i>
                        <i>1 0 0 0 1 0 0 0 1 1.43323 1.97563 -1.4052</i>
                        <i>1 0 0 0 1 0 0 0 1 1.43141 1.97565 -1.41292</i>
                        <i>1 0 0 0 1 0 0 0 1 1.42927 1.97744 -1.41876</i>
                        <i>1 0 0 0 1 0 0 0 1 1.42734 1.98158 -1.41953</i>
                        <i>1 0 0 0 1 0 0 0 1 1.42531 1.99078 -1.41523</i>
                        <i>1 0 0 0 1 0 0 0 1 1.42267 2.00523 -1.40878</i>
                        <i>1 0 0 0 1 0 0 0 1 1.41957 2.02181 -1.40123</i>
                        <i>1 0 0 0 1 0 0 0 1 1.41617 2.03737 -1.39367</i>
                        <i>1 0 0 0 1 0 0 0 1 1.41261 2.04878 -1.38713</i>
                        <i>1 0 0 0 1 0 0 0 1 1.40904 2.05291 -1.38269</i>
                        <i>1 0 0 0 1 0 0 0 1 1.4056 2.04757 -1.38014</i>
                        <i>1 0 0 0 1 0 0 0 1 1.40245 2.03482 -1.37861</i>
                        <i>1 0 0 0 1 0 0 0 1 1.39974 2.01793 -1.3781</i>
                        <i>1 0 0 0 1 0 0 0 1 1.39762 2.00015 -1.3786</i>
                        <i>1 0 0 0 1 0 0 0 1 1.39623 1.98475 -1.38012</i>
                        <i>1 0 0 0 1 0 0 0 1 1.39573 1.97497 -1.38264</i>
                        <i>1 0 0 0 1 0 0 0 1 1.39769 1.97133 -1.38702</i>
                        <i>1 0 0 0 1 0 0 0 1 1.40272 1.97128 -1.39346</i>
                        <i>1 0 0 0 1 0 0 0 1 1.40952 1.97355 -1.40095</i>
                        <i>1 0 0 0 1 0 0 0 1 1.41676 1.97685 -1.40849</i>
                        <i>1 0 0 0 1 0 0 0 1 1.42315 1.97994 -1.41503</i>
                        <i>1 0 0 0 1 0 0 0 1 1.42734 1.98158 -1.41953</i>
                        <i>1 0 0 0 1 0 0 0 1 1.42942 1.98111 -1.42212</i>
                        <i>1 0 0 0 1 0 0 0 1 1.43048 1.97938 -1.42367</i>
                        <i>1 0 0 0 1 0 0 0 1 1.43065 1.97749 -1.42418</i>
                        <i>1 0 0 0 1 0 0 0 1 1.43009 1.9765 -1.42366</i>
                        <i>1 0 0 0 1 0 0 0 1 1.42893 1.9775 -1.42211</i>
                        <i>1 0 0 0 1 0 0 0 1 1.42734 1.98158 -1.41953</i>
                        <i>1 0 0 0 1 0 0 0 1 1.42531 1.99078 -1.41523</i>
                        <i>1 0 0 0 1 0 0 0 1 1.42267 2.00523 -1.40878</i>
                        <i>1 0 0 0 1 0 0 0 1 1.41957 2.02181 -1.40123</i>
                        <i>1 0 0 0 1 0 0 0 1 1.41617 2.03737 -1.39367</i>
                        <i>1 0 0 0 1 0 0 0 1 1.41261 2.04878 -1.38713</i>
                        <i>1 0 0 0 1 0 0 0 1 1.40904 2.05291 -1.38269</i>
                        <i>1 0 0 0 1 0 0 0 1 1.4056 2.04757 -1.38014</i>
                        <i>1 0 0 0 1 0 0 0 1 1.40245 2.03482 -1.37861</i>
                        <i>1 0 0 0 1 0 0 0 1 1.39974 2.01793 -1.3781</i>
                        <i>1 0 0 0 1 0 0 0 1 1.39762 2.00015 -1.3786</i>
                        <i>1 0 0 0 1 0 0 0 1 1.39623 1.98475 -1.38012</i>
                        <i>1 0 0 0 1 0 0 0 1 1.39573 1.97497 -1.38264</i>
                        <i>1 0 0 0 1 0 0 0 1 1.39893 1.97152 -1.38631</i>
                        <i>1 0 0 0 1 0 0 0 1 1.40669 1.97189 -1.39119</i>
                        <i>1 0 0 0 1 0 0 0 1 1.41623 1.97455 -1.39715</i>
                        <i>1 0 0 0 1 0 0 0 1 1.42473 1.978 -1.40401</i>
                        <i>1 0 0 0 1 0 0 0 1 1.42938 1.98082 -1.41155</i>
                        <i>1 0 0 0 1 0 0 0 1 1.42734 1.98158 -1.41953</i>
                        <i>1 0 0 0 1 0 0 0 1 1.42942 1.98111 -1.42212</i>
                        <i>1 0 0 0 1 0 0 0 1 1.43048 1.97938 -1.42367</i>
                        <i>1 0 0 0 1 0 0 0 1 1.43065 1.97749 -1.42418</i>
                        <i>1 0 0 0 1 0 0 0 1 1.43009 1.9765 -1.42366</i>
                        <i>1 0 0 0 1 0 0 0 1 1.42893 1.9775 -1.42211</i>
                        <i>1 0 0 0 1 0 0 0 1 1.42734 1.98158 -1.41953</i>
                        <i>1 0 0 0 1 0 0 0 1 1.42531 1.99078 -1.41523</i>
                        <i>1 0 0 0 1 0 0 0 1 1.42267 2.00523 -1.40878</i>
                        <i>1 0 0 0 1 0 0 0 1 1.41957 2.02181 -1.40123</i>
                        <i>1 0 0 0 1 0 0 0 1 1.41617 2.03737 -1.39367</i>
                        <i>1 0 0 0 1 0 0 0 1 1.41261 2.04878 -1.38713</i>
                        <i>1 0 0 0 1 0 0 0 1 1.40904 2.05291 -1.38269</i>
                        <i>1 0 0 0 1 0 0 0 1 1.4056 2.04757 -1.38014</i>
                        <i>1 0 0 0 1 0 0 0 1 1.40245 2.03482 -1.37861</i>
                        <i>1 0 0 0 1 0 0 0 1 1.39974 2.01793 -1.3781</i>
                        <i>1 0 0 0 1 0 0 0 1 1.39762 2.00015 -1.3786</i>
                        <i>1 0 0 0 1 0 0 0 1 1.39623 1.98475 -1.38012</i>
                        <i>1 0 0 0 1 0 0 0 1 1.39573 1.97497 -1.38264</i>
                        <i>1 0 0 0 1 0 0 0 1 1.39893 1.97152 -1.38631</i>
                        <i>1 0 0 0 1 0 0 0 1 1.40669 1.97189 -1.39119</i>
                        <i>1 0 0 0 1 0 0 0 1 1.41623 1.97455 -1.39715</i>
                        <i>1 0 0 0 1 0 0 0 1 1.42473 1.978 -1.40401</i>
                        <i>1 0 0 0 1 0 0 0 1 1.42938 1.98082 -1.41155</i>
                        <i>1 0 0 0 1 0 0 0 1 1.42734 1.98158 -1.41953</i>
                        <i>1 0 0 0 1 0 0 0 1 1.45195 1.98013 -1.41671</i>
                        <i>1 0 0 0 1 0 0 0 1 1.4685 1.9827 -1.41207</i>
                        <i>1 0 0 0 1 0 0 0 1 1.45881 1.99482 -1.4122</i>
                        <i>1 0 0 0 1 0 0 0 1 1.44376 2.01061 -1.41276</i>
                        <i>1 0 0 0 1 0 0 0 1 1.42497 2.02665 -1.41399</i>
                        <i>1 0 0 0 1 0 0 0 1 1.40402 2.03952 -1.41612</i>
                        <i>1 0 0 0 1 0 0 0 1 1.38253 2.0458 -1.41939</i>
                        <i>1 0 0 0 1 0 0 0 1 1.36168 2.04362 -1.422</i>
                        <i>1 0 0 0 1 0 0 0 1 1.34047 2.03527 -1.42376</i>
                        <i>1 0 0 0 1 0 0 0 1 1.31718 2.0236 -1.42738</i>
                        <i>1 0 0 0 1 0 0 0 1 1.29009 2.01147 -1.43557</i>
                        <i>1 0 0 0 1 0 0 0 1 1.25749 2.00173 -1.45102</i>
                        <i>1 0 0 0 1 0 0 0 1 1.21679 1.99229 -1.47862</i>
                        <i>1 0 0 0 1 0 0 0 1 1.16935 1.98134 -1.51665</i>
                        <i>1 0 0 0 1 0 0 0 1 1.11942 1.97216 -1.55784</i>
                        <i>1 0 0 0 1 0 0 0 1 1.07123 1.968 -1.59491</i>
                        <i>1 0 0 0 1 0 0 0 1 1.029 1.97214 -1.62047</i>
                        <i>1 0 0 0 1 0 0 0 1 0.988031 1.98953 -1.62163</i>
                        <i>1 0 0 0 1 0 0 0 1 0.945078 2.01777 -1.60317</i>
                        <i>1 0 0 0 1 0 0 0 1 0.906533 2.04908 -1.58421</i>
                        <i>1 0 0 0 1 0 0 0 1 0.878756 2.07577 -1.58394</i>
                        <i>1 0 0 0 1 0 0 0 1 0.868085 2.09022 -1.62161</i>
                        <i>1 0 0 0 1 0 0 0 1 0.86788 2.09443 -1.69067</i>
                        <i>1 0 0 0 1 0 0 0 1 0.867317 2.09581 -1.77049</i>
                        <i>1 0 0 0 1 0 0 0 1 0.866459 2.09483 -1.85917</i>
                        <i>1 0 0 0 1 0 0 0 1 0.86537 2.09198 -1.95482</i>
                        <i>1 0 0 0 1 0 0 0 1 0.864112 2.08776 -2.05554</i>
                        <i>1 0 0 0 1 0 0 0 1 0.862749 2.08266 -2.15944</i>
                        <i>1 0 0 0 1 0 0 0 1 0.861343 2.07718 -2.2646</i>
                        <i>1 0 0 0 1 0 0 0 1 0.859958 2.07182 -2.36914</i>
                        <i>1 0 0 0 1 0 0 0 1 0.858658 2.0671 -2.47114</i>
                        <i>1 0 0 0 1 0 0 0 1 0.857505 2.06353 -2.56871</i>
                    </KeyFrames>
                </p>
            </i>
            <i>
                <p>
                    <Name><![CDATA[spine0]]></Name>
                    <Exclude>0</Exclude>
                    <Additive>0</Additive>
                    <IKPriority>0</IKPriority>
                    <IKRotLimits>-1e+010 -1e+010 -1e+010 1e+010 1e+010 1e+010</IKRotLimits>
                    <IKRotLimitOrder>0</IKRotLimitOrder>
                    <KeyFrames count="161">
                        <i>0.119788 0.840442 0.528495 -0.967534 -0.0205048 0.251907 0.22255 -0.541513 0.8107 0.865023 2.23402 -1.61856</i>
                        <i>0.108222 0.849537 0.516308 -0.975687 -0.00880036 0.218991 0.190585 -0.527455 0.82793 0.845556 2.22575 -1.65</i>
                        <i>0.0947979 0.858198 0.504489 -0.983429 0.00206582 0.181281 0.154533 -0.513314 0.844173 0.819392 2.21706 -1.68309</i>
                        <i>0.0797935 0.866601 0.492581 -0.989995 0.0112057 0.140656 0.116373 -0.498876 0.858825 0.79711 2.20793 -1.71746</i>
                        <i>0.0635637 0.874874 0.480162 -0.994915 0.0178831 0.0991226 0.078133 -0.484021 0.871561 0.789281 2.1984 -1.75272</i>
                        <i>0.0465749 0.88311 0.466849 -0.998039 0.0215757 0.0587552 0.0418147 -0.46867 0.882383 0.806467 2.18852 -1.78851</i>
                        <i>0.0294283 0.891381 0.452298 -0.999524 0.0220284 0.0216197 0.00930793 -0.452719 0.891605 0.862455 2.17837 -1.82447</i>
                        <i>0.0128648 0.899751 0.436215 -0.999761 0.0192866 -0.0102965 -0.0176774 -0.435978 0.899784 0.94986 2.16809 -1.86027</i>
                        <i>-0.00225651 0.908279 0.418359 -0.999289 0.0137001 -0.0351336 -0.0376427 -0.418141 0.907602 1.04749 2.15779 -1.89559</i>
                        <i>-0.0150058 0.917022 0.398554 -0.998672 0.00589907 -0.0511737 -0.0492785 -0.398793 0.915716 1.13415 2.14763 -1.93012</i>
                        <i>-0.0244539 0.926022 0.376677 -0.99838 -0.00325591 -0.0568105 -0.0513813 -0.377456 0.924601 1.18865 2.13777 -1.96354</i>
                        <i>-0.0275498 0.93569 0.351746 -0.998955 -0.0129337 -0.0438357 -0.0364673 -0.352587 0.935068 1.212 2.12842 -1.9956</i>
                        <i>-0.0234736 0.945861 0.323721 -0.999722 -0.0214476 -0.00982525 -0.00235028 -0.323862 0.946102 1.22168 2.11967 -2.02595</i>
                        <i>-0.0148584 0.955714 0.293923 -0.998899 -0.0272685 0.0381695 0.0444939 -0.293033 0.955067 1.22131 2.1114 -2.0541</i>
                        <i>-0.00427346 0.964592 0.26371 -0.995214 -0.0298491 0.0930538 0.0976306 -0.26205 0.960103 1.2145 2.10351 -2.07963</i>
                        <i>0.00604202 0.97211 0.234446 -0.988599 -0.0294667 0.147659 0.150449 -0.232665 0.96085 1.2049 2.09593 -2.10216</i>
                        <i>0.0142705 0.978149 0.207417 -0.980462 -0.0270128 0.194845 0.19619 -0.206145 0.958652 1.19614 2.08863 -2.12141</i>
                        <i>0.018892 0.982785 0.183785 -0.973456 -0.0238545 0.227627 0.228092 -0.183207 0.956247 1.19179 2.08166 -2.13714</i>
                        <i>0.0184013 0.986187 0.164612 -0.97074 -0.0218036 0.23914 0.239425 -0.164196 0.95693 1.1953 2.07508 -2.14913</i>
                        <i>0.0139038 0.988726 0.14909 -0.965893 -0.0252767 0.257706 0.258569 -0.147588 0.954652 1.20586 2.06876 -2.14414</i>
                        <i>0.00794129 0.990553 0.136903 -0.949668 -0.0354044 0.311253 0.313159 -0.132484 0.940414 1.21917 2.06289 -2.11496</i>
                        <i>0.00205304 0.991664 0.128832 -0.919165 -0.0488717 0.39083 0.393868 -0.11922 0.911402 1.23344 2.05813 -2.07028</i>
                        <i>-0.00164254 0.992265 0.124131 -0.872028 -0.0621776 0.48549 0.489453 -0.107448 0.865385 1.24695 2.05521 -2.01901</i>
                        <i>-0.0015606 0.992615 0.1213 -0.809181 -0.0725246 0.583066 0.587557 -0.0972441 0.803318 1.25795 2.05506 -1.97039</i>
                        <i>0.00310508 0.992818 0.119592 -0.736369 -0.0786433 0.671994 0.676573 -0.0901503 0.730836 1.26438 2.05875 -1.93397</i>
                        <i>0.0131331 0.992712 0.119791 -0.663825 -0.0809357 0.743495 0.747772 -0.0892845 0.657925 1.26388 2.06742 -1.91951</i>
                        <i>0.0346622 0.990769 0.131051 -0.569656 -0.0881556 0.817142 0.821152 -0.102978 0.561342 1.25264 2.1027 -1.92054</i>
                        <i>0.0675549 0.983944 0.1652 -0.458484 -0.116445 0.881041 0.886131 -0.13526 0.443256 1.23769 2.15725 -1.91917</i>
                        <i>0.113077 0.972141 0.205319 -0.392839 -0.146064 0.907933 0.912629 -0.183324 0.365379 1.23314 2.19096 -1.91442</i>
                        <i>0.164973 0.958728 0.231572 -0.383938 -0.153845 0.910452 0.908502 -0.239109 0.342712 1.23912 2.19468 -1.90943</i>
                        <i>0.223745 0.940228 0.25673 -0.392225 -0.154276 0.90684 0.892243 -0.303597 0.334262 1.24639 2.18782 -1.90545</i>
                        <i>0.279847 0.91802 0.280935 -0.412228 -0.149376 0.898752 0.867037 -0.367323 0.336632 1.25393 2.17438 -1.90222</i>
                        <i>0.324933 0.895523 0.304068 -0.43872 -0.142096 0.887318 0.83782 -0.42172 0.346712 1.26082 2.15846 -1.89962</i>
                        <i>0.352077 0.877507 0.325612 -0.467089 -0.136745 0.873573 0.811092 -0.459655 0.361729 1.26621 2.14429 -1.89769</i>
                        <i>0.3554 0.86904 0.344179 -0.493254 -0.138405 0.858804 0.793972 -0.474987 0.379469 1.26935 2.13615 -1.89656</i>
                        <i>0.338429 0.870061 0.358412 -0.515575 -0.147178 0.84411 0.787177 -0.47046 0.398772 1.27474 2.13308 -1.89683</i>
                        <i>0.309973 0.876887 0.367404 -0.535564 -0.158246 0.829535 0.785549 -0.453902 0.420577 1.28553 2.13114 -1.8985</i>
                        <i>0.272504 0.88846 0.369298 -0.553934 -0.168962 0.815236 0.786701 -0.426722 0.446105 1.299 2.13015 -1.90087</i>
                        <i>0.228883 0.903405 0.36259 -0.571529 -0.176811 0.801306 0.788014 -0.390637 0.475854 1.31243 2.12991 -1.90325</i>
                        <i>0.18229 0.920167 0.346502 -0.589384 -0.179817 0.787587 0.787018 -0.347792 0.509553 1.32311 2.13022 -1.90491</i>
                        <i>0.13596 0.937197 0.32121 -0.608638 -0.176809 0.773498 0.781713 -0.300666 0.546375 1.3283 2.13089 -1.90515</i>
                        <i>0.0929863 0.953065 0.288134 -0.630397 -0.167642 0.757955 0.770683 -0.252118 0.585221 1.32444 2.13172 -1.90323</i>
                        <i>0.0562233 0.966484 0.250493 -0.655572 -0.153492 0.739369 0.753037 -0.205786 0.62497 1.31348 2.13252 -1.89844</i>
                        <i>0.0274633 0.976824 0.212277 -0.684752 -0.136326 0.715912 0.728259 -0.165018 0.665138 1.30091 2.1331 -1.89004</i>
                        <i>0.00726644 0.984053 0.177724 -0.718158 -0.118539 0.685709 0.695842 -0.132617 0.705845 1.29223 2.13329 -1.87729</i>
                        <i>-0.00493928 0.988512 0.151059 -0.755617 -0.102635 0.646923 0.654995 -0.110948 0.747443 1.2929 2.1329 -1.85944</i>
                        <i>-0.0119362 0.991206 0.131789 -0.799247 -0.0886589 0.594428 0.600884 -0.098237 0.793276 1.30197 2.13201 -1.83372</i>
                        <i>-0.016117 0.993018 0.116853 -0.847665 -0.0755519 0.525124 0.530287 -0.0905891 0.842965 1.31437 2.13085 -1.79928</i>
                        <i>-0.0182777 0.994149 0.106458 -0.895269 -0.0636787 0.440951 0.445151 -0.0872486 0.891195 1.32935 2.12946 -1.75823</i>
                        <i>-0.0193018 0.994728 0.100716 -0.937108 -0.0531125 0.344975 0.348505 -0.0877234 0.933193 1.34617 2.12787 -1.71267</i>
                        <i>-0.0201176 0.994822 0.0996208 -0.96944 -0.0437772 0.241393 0.244504 -0.0917201 0.965301 1.36405 2.12615 -1.6647</i>
                        <i>-0.0214745 0.994518 0.102332 -0.990176 -0.0353019 0.135293 0.138164 -0.0984216 0.985507 1.38218 2.12437 -1.61641</i>
                        <i>-0.0235559 0.993971 0.107083 -0.999113 -0.0271465 0.0321984 0.0349112 -0.106229 0.993729 1.39976 2.12259 -1.56991</i>
                        <i>-0.0260721 0.993321 0.112401 -0.997865 -0.0191247 -0.0624498 -0.059883 -0.11379 0.991699 1.41594 2.12091 -1.52733</i>
                        <i>-0.0282948 0.992741 0.116894 -0.989563 -0.0112887 -0.143658 -0.141295 -0.119739 0.982699 1.42987 2.11943 -1.49078</i>
                        <i>-0.029161 0.992434 0.119263 -0.97832 -0.00386314 -0.207061 -0.205034 -0.122716 0.971031 1.44072 2.11824 -1.46242</i>
                        <i>-0.0281748 0.992368 0.120048 -0.968876 0.00243643 -0.247533 -0.245936 -0.123285 0.961414 1.44764 2.11683 -1.44543</i>
                        <i>-0.0256961 0.992334 0.120886 -0.963901 0.00746324 -0.266157 -0.265018 -0.123361 0.95632 1.45091 2.11497 -1.43941</i>
                        <i>-0.0218343 0.992286 0.122035 -0.963327 0.0117715 -0.268072 -0.267441 -0.123413 0.955638 1.45131 2.11321 -1.4412</i>
                        <i>-0.016748 0.992177 0.123707 -0.965968 0.0158843 -0.258174 -0.258119 -0.123821 0.958146 1.44968 2.11211 -1.44761</i>
                        <i>-0.0106181 0.991945 0.126222 -0.970242 0.0203168 -0.241284 -0.241905 -0.125028 0.962211 1.44682 2.11222 -1.45543</i>
                        <i>-0.00360803 0.991495 0.130091 -0.974646 0.025618 -0.222281 -0.223723 -0.127595 0.966265 1.44356 2.11408 -1.46145</i>
                        <i>0.00418572 0.990696 0.13603 -0.977987 0.0324351 -0.20613 -0.208624 -0.132172 0.969023 1.44072 2.11824 -1.46242</i>
                        <i>0.0152355 0.98915 0.146115 -0.981517 0.0426757 -0.186558 -0.190769 -0.140572 0.971518 1.4378 2.12744 -1.45839</i>
                        <i>0.0312686 0.986461 0.160985 -0.985947 0.0568855 -0.157072 -0.164103 -0.153811 0.974378 1.43393 2.14195 -1.45212</i>
                        <i>0.0508562 0.982528 0.179033 -0.98975 0.0735369 -0.122419 -0.133446 -0.170973 0.976197 1.42935 2.15867 -1.44451</i>
                        <i>0.0717603 0.977558 0.198065 -0.992047 0.0905397 -0.0874368 -0.103407 -0.190216 0.976281 1.42427 2.17445 -1.43657</i>
                        <i>0.0906734 0.972319 0.215348 -0.992815 0.10521 -0.0570035 -0.0780823 -0.208632 0.974872 1.41893 2.18612 -1.42949</i>
                        <i>0.103343 0.968195 0.227858 -0.992779 0.114435 -0.0359828 -0.0609134 -0.222494 0.973029 1.41349 2.19047 -1.42454</i>
                        <i>0.110549 0.965504 0.235755 -0.992556 0.119451 -0.0237682 -0.0511094 -0.231372 0.971522 1.40857 2.18527 -1.42167</i>
                        <i>0.116021 0.963578 0.240949 -0.992188 0.123633 -0.0166637 -0.045846 -0.237133 0.970395 1.40502 2.17261 -1.4199</i>
                        <i>0.122949 0.962287 0.242668 -0.991415 0.130062 -0.0134462 -0.044501 -0.238932 0.970016 1.40554 2.15566 -1.41925</i>
                        <i>0.131229 0.961597 0.241061 -0.990262 0.138553 -0.0136087 -0.0464858 -0.236928 0.970415 1.4103 2.13743 -1.41972</i>
                        <i>0.135389 0.962048 0.236925 -0.989433 0.143803 -0.0185154 -0.0518832 -0.231915 0.971351 1.41604 2.12116 -1.42128</i>
                        <i>0.129476 0.964518 0.230088 -0.989717 0.139931 -0.0296459 -0.0607905 -0.223884 0.972718 1.41956 2.11071 -1.4239</i>
                        <i>0.108791 0.970073 0.217079 -0.991141 0.12259 -0.051106 -0.0761884 -0.209596 0.974815 1.42181 2.10695 -1.42849</i>
                        <i>0.0775153 0.977297 0.197183 -0.992014 0.0953434 -0.0825763 -0.0995016 -0.189207 0.976883 1.42541 2.10706 -1.43523</i>
                        <i>0.0427175 0.983855 0.173794 -0.990839 0.0640254 -0.118909 -0.128116 -0.167122 0.977577 1.42974 2.10961 -1.44307</i>
                        <i>0.0104184 0.988538 0.150609 -0.987323 0.034026 -0.155035 -0.158382 -0.147085 0.976361 1.43418 2.11319 -1.45095</i>
                        <i>-0.0147238 0.991232 0.131314 -0.982495 0.010049 -0.186019 -0.185708 -0.131754 0.973732 1.43807 2.11649 -1.45778</i>
                        <i>-0.029161 0.992434 0.119263 -0.97832 -0.00386314 -0.207061 -0.205034 -0.122716 0.971031 1.44072 2.11824 -1.46242</i>
                        <i>-0.0334115 0.992884 0.114302 -0.975694 -0.00762099 -0.219005 -0.216575 -0.118841 0.969006 1.44229 2.11782 -1.46502</i>
                        <i>-0.0314352 0.993025 0.11364 -0.974126 -0.00497961 -0.22595 -0.223808 -0.117803 0.967488 1.44335 2.11611 -1.46651</i>
                        <i>-0.0250723 0.992891 0.116359 -0.973654 0.00213577 -0.228021 -0.226648 -0.119011 0.966678 1.44379 2.11422 -1.46694</i>
                        <i>-0.0159869 0.992457 0.121544 -0.974209 0.011903 -0.225331 -0.225078 -0.122012 0.966671 1.44356 2.11321 -1.46637</i>
                        <i>-0.00573355 0.991713 0.128346 -0.975689 0.0225716 -0.217995 -0.219086 -0.126475 0.967474 1.44256 2.11419 -1.46486</i>
                        <i>0.00418572 0.990696 0.13603 -0.977987 0.0324351 -0.20613 -0.208624 -0.132172 0.969023 1.44072 2.11824 -1.46242</i>
                        <i>0.0170994 0.989074 0.146427 -0.981451 0.0445718 -0.186459 -0.190948 -0.140522 0.97149 1.43892 2.1274 -1.45819</i>
                        <i>0.0339292 0.986319 0.161317 -0.985823 0.0595674 -0.156861 -0.164325 -0.153707 0.974357 1.43554 2.14188 -1.45189</i>
                        <i>0.0536634 0.982342 0.179234 -0.989573 0.0763434 -0.122139 -0.133665 -0.170811 0.976195 1.43106 2.15859 -1.44432</i>
                        <i>0.0744878 0.977346 0.198105 -0.991817 0.0932624 -0.087183 -0.103684 -0.18999 0.976296 1.42597 2.17438 -1.43645</i>
                        <i>0.0935116 0.972074 0.215239 -0.992511 0.108082 -0.0569246 -0.0785984 -0.208304 0.974901 1.42076 2.18605 -1.42941</i>
                        <i>0.106875 0.967875 0.227586 -0.992338 0.118105 -0.0362731 -0.061987 -0.221966 0.973082 1.41587 2.1904 -1.42447</i>
                        <i>0.115733 0.965021 0.235245 -0.991855 0.124963 -0.0246638 -0.053198 -0.230474 0.971623 1.41216 2.18518 -1.42158</i>
                        <i>0.124936 0.962692 0.240031 -0.990984 0.132882 -0.0171435 -0.0483998 -0.235725 0.970614 1.41111 2.17239 -1.41978</i>
                        <i>0.133498 0.961097 0.241806 -0.989954 0.140785 -0.0130324 -0.0465681 -0.237637 0.970237 1.41251 2.15522 -1.41914</i>
                        <i>0.138833 0.960603 0.240762 -0.989159 0.146259 -0.0131613 -0.0478563 -0.236325 0.970495 1.41517 2.13691 -1.41965</i>
                        <i>0.138343 0.961622 0.23695 -0.988993 0.146816 -0.0184036 -0.0524853 -0.231796 0.971348 1.4179 2.12089 -1.42124</i>
                        <i>0.129476 0.964518 0.230088 -0.989717 0.139931 -0.0296459 -0.0607905 -0.223884 0.972718 1.41956 2.11071 -1.4239</i>
                        <i>0.106227 0.970721 0.215444 -0.991249 0.120458 -0.0540003 -0.0783712 -0.207822 0.975022 1.4225 2.10722 -1.42786</i>
                        <i>0.0710497 0.978806 0.192072 -0.99167 0.0900541 -0.0920879 -0.107433 -0.183929 0.977051 1.42848 2.10775 -1.43316</i>
                        <i>0.0334341 0.985656 0.165423 -0.989242 0.0562215 -0.135052 -0.142415 -0.159128 0.976932 1.43544 2.11067 -1.43954</i>
                        <i>0.000877094 0.989997 0.141084 -0.984381 0.0256928 -0.174169 -0.176051 -0.138727 0.974557 1.44124 2.11438 -1.44673</i>
                        <i>-0.0213522 0.99203 0.12418 -0.979594 0.00406939 -0.200946 -0.199849 -0.125937 0.9717 1.44373 2.11738 -1.45446</i>
                        <i>-0.029161 0.992434 0.119263 -0.97832 -0.00386314 -0.207061 -0.205034 -0.122716 0.971031 1.44072 2.11824 -1.46242</i>
                        <i>-0.0333877 0.992884 0.114307 -0.975694 -0.00759647 -0.219004 -0.216578 -0.118841 0.969005 1.44231 2.11782 -1.46502</i>
                        <i>-0.0313591 0.993025 0.113658 -0.974127 -0.00490099 -0.225948 -0.223815 -0.117803 0.967486 1.44339 2.11611 -1.4665</i>
                        <i>-0.0249435 0.99289 0.11639 -0.973654 0.00226858 -0.228017 -0.22666 -0.119011 0.966676 1.44387 2.11421 -1.46692</i>
                        <i>-0.0158341 0.992455 0.121579 -0.974209 0.0120604 -0.225327 -0.225093 -0.122011 0.966668 1.44365 2.11321 -1.46635</i>
                        <i>-0.00561401 0.99171 0.128371 -0.975687 0.0226945 -0.217992 -0.219098 -0.126474 0.967471 1.44263 2.11419 -1.46484</i>
                        <i>0.00418572 0.990696 0.13603 -0.977987 0.0324351 -0.20613 -0.208624 -0.132172 0.969023 1.44072 2.11824 -1.46242</i>
                        <i>0.0169754 0.989079 0.146405 -0.981456 0.0444452 -0.186463 -0.190934 -0.140525 0.971492 1.43884 2.1274 -1.45821</i>
                        <i>0.0334876 0.986344 0.161257 -0.985847 0.0591185 -0.156877 -0.164268 -0.153722 0.974364 1.43527 2.14189 -1.45193</i>
                        <i>0.0527954 0.982402 0.179162 -0.989636 0.0754647 -0.122171 -0.133542 -0.170855 0.976204 1.43052 2.15861 -1.44438</i>
                        <i>0.0731737 0.977453 0.198068 -0.991936 0.0919354 -0.0872369 -0.103479 -0.190087 0.976299 1.42515 2.17441 -1.43652</i>
                        <i>0.0918139 0.972227 0.21528 -0.992692 0.106368 -0.0570011 -0.0783169 -0.208473 0.974887 1.41967 2.18609 -1.42947</i>
                        <i>0.104917 0.96806 0.227711 -0.992568 0.116128 -0.0363676 -0.0616495 -0.222203 0.973049 1.41458 2.19044 -1.42453</i>
                        <i>0.113685 0.965222 0.235418 -0.992111 0.122893 -0.0247669 -0.0528367 -0.230745 0.971579 1.4108 2.18522 -1.42162</i>
                        <i>0.123061 0.962895 0.240185 -0.991235 0.130984 -0.017243 -0.0480636 -0.235958 0.970574 1.40987 2.17246 -1.41981</i>
                        <i>0.132047 0.961276 0.241891 -0.990161 0.139315 -0.0131141 -0.0463053 -0.237779 0.970215 1.41157 2.1553 -1.41916</i>
                        <i>0.137943 0.960727 0.240782 -0.989291 0.145356 -0.0132136 -0.0476938 -0.236381 0.970489 1.4146 2.13698 -1.41966</i>
