<?xml version="1.0" encoding="ISO-8859-1" ?>
<Animl Version="1">
    <ModellingPackage><![CDATA[Maya.2010]]></ModellingPackage>
    <SrcFile><![CDATA[anims\turrets\mortar\blue\~src\mortar_m252\mortar_m252_reload_crewman_c.mb]]></SrcFile>
    <FramesPerSecond>30</FramesPerSecond>
    <TotalFrames>161</TotalFrames>
    <Skeleton>
        <RefFrame>
            <Name><![CDATA[soldier_ref_frame]]></Name>
            <Exclude>0</Exclude>
            <Additive>0</Additive>
            <IKPriority>0</IKPriority>
            <IKRotLimits>-1e+010 -1e+010 -1e+010 1e+010 1e+010 1e+010</IKRotLimits>
            <IKRotLimitOrder>0</IKRotLimitOrder>
            <KeyFrames count="161">
                <i>1 0 0 0 1 0 0 0 1 2.06 0.92 -0.34</i>
                <i>1 0 0 0 1 0 0 0 1 2.06 0.92 -0.34</i>
                <i>1 0 0 0 1 0 0 0 1 2.06 0.92 -0.34</i>
                <i>1 0 0 0 1 0 0 0 1 2.06 0.92 -0.34</i>
                <i>1 0 0 0 1 0 0 0 1 2.06 0.92 -0.34</i>
                <i>1 0 0 0 1 0 0 0 1 2.06 0.92 -0.34</i>
                <i>1 0 0 0 1 0 0 0 1 2.06 0.92 -0.34</i>
                <i>1 0 0 0 1 0 0 0 1 2.06 0.92 -0.34</i>
                <i>1 0 0 0 1 0 0 0 1 2.06 0.92 -0.34</i>
                <i>1 0 0 0 1 0 0 0 1 2.06 0.92 -0.34</i>
                <i>1 0 0 0 1 0 0 0 1 2.06 0.92 -0.34</i>
                <i>1 0 0 0 1 0 0 0 1 2.06 0.92 -0.34</i>
                <i>1 0 0 0 1 0 0 0 1 2.06 0.92 -0.34</i>
                <i>1 0 0 0 1 0 0 0 1 2.06 0.92 -0.34</i>
                <i>1 0 0 0 1 0 0 0 1 2.06 0.92 -0.34</i>
                <i>1 0 0 0 1 0 0 0 1 2.06 0.92 -0.34</i>
                <i>1 0 0 0 1 0 0 0 1 2.06 0.92 -0.34</i>
                <i>1 0 0 0 1 0 0 0 1 2.06 0.92 -0.34</i>
                <i>1 0 0 0 1 0 0 0 1 2.06 0.92 -0.34</i>
                <i>1 0 0 0 1 0 0 0 1 2.06 0.92 -0.34</i>
                <i>1 0 0 0 1 0 0 0 1 2.06 0.92 -0.34</i>
                <i>1 0 0 0 1 0 0 0 1 2.06 0.92 -0.34</i>
                <i>1 0 0 0 1 0 0 0 1 2.06 0.92 -0.34</i>
                <i>1 0 0 0 1 0 0 0 1 2.06 0.92 -0.34</i>
                <i>1 0 0 0 1 0 0 0 1 2.06 0.92 -0.34</i>
                <i>1 0 0 0 1 0 0 0 1 2.06 0.92 -0.34</i>
                <i>1 0 0 0 1 0 0 0 1 2.06 0.92 -0.34</i>
                <i>1 0 0 0 1 0 0 0 1 2.06 0.92 -0.34</i>
                <i>1 0 0 0 1 0 0 0 1 2.06 0.92 -0.34</i>
                <i>1 0 0 0 1 0 0 0 1 2.06 0.92 -0.34</i>
                <i>1 0 0 0 1 0 0 0 1 2.06 0.92 -0.34</i>
                <i>1 0 0 0 1 0 0 0 1 2.06 0.92 -0.34</i>
                <i>1 0 0 0 1 0 0 0 1 2.06 0.92 -0.34</i>
                <i>1 0 0 0 1 0 0 0 1 2.06 0.92 -0.34</i>
                <i>1 0 0 0 1 0 0 0 1 2.06 0.92 -0.34</i>
                <i>1 0 0 0 1 0 0 0 1 2.06 0.92 -0.34</i>
                <i>1 0 0 0 1 0 0 0 1 2.06 0.92 -0.34</i>
                <i>1 0 0 0 1 0 0 0 1 2.06 0.92 -0.34</i>
                <i>1 0 0 0 1 0 0 0 1 2.06 0.92 -0.34</i>
                <i>1 0 0 0 1 0 0 0 1 2.06 0.92 -0.34</i>
                <i>1 0 0 0 1 0 0 0 1 2.06 0.92 -0.34</i>
                <i>1 0 0 0 1 0 0 0 1 2.06 0.92 -0.34</i>
                <i>1 0 0 0 1 0 0 0 1 2.06 0.92 -0.34</i>
                <i>1 0 0 0 1 0 0 0 1 2.06 0.92 -0.34</i>
                <i>1 0 0 0 1 0 0 0 1 2.06 0.92 -0.34</i>
                <i>1 0 0 0 1 0 0 0 1 2.06 0.92 -0.34</i>
                <i>1 0 0 0 1 0 0 0 1 2.06 0.92 -0.34</i>
                <i>1 0 0 0 1 0 0 0 1 2.06 0.92 -0.34</i>
                <i>1 0 0 0 1 0 0 0 1 2.06 0.92 -0.34</i>
                <i>1 0 0 0 1 0 0 0 1 2.06 0.92 -0.34</i>
                <i>1 0 0 0 1 0 0 0 1 2.06 0.92 -0.34</i>
                <i>1 0 0 0 1 0 0 0 1 2.06 0.92 -0.34</i>
                <i>1 0 0 0 1 0 0 0 1 2.06 0.92 -0.34</i>
                <i>1 0 0 0 1 0 0 0 1 2.06 0.92 -0.34</i>
                <i>1 0 0 0 1 0 0 0 1 2.06 0.92 -0.34</i>
                <i>1 0 0 0 1 0 0 0 1 2.06 0.92 -0.34</i>
                <i>1 0 0 0 1 0 0 0 1 2.06 0.92 -0.34</i>
                <i>1 0 0 0 1 0 0 0 1 2.06 0.92 -0.34</i>
                <i>1 0 0 0 1 0 0 0 1 2.06 0.92 -0.34</i>
                <i>1 0 0 0 1 0 0 0 1 2.06 0.92 -0.34</i>
                <i>1 0 0 0 1 0 0 0 1 2.06 0.92 -0.34</i>
                <i>1 0 0 0 1 0 0 0 1 2.06 0.92 -0.34</i>
                <i>1 0 0 0 1 0 0 0 1 2.06 0.92 -0.34</i>
                <i>1 0 0 0 1 0 0 0 1 2.06 0.92 -0.34</i>
                <i>1 0 0 0 1 0 0 0 1 2.06 0.92 -0.34</i>
                <i>1 0 0 0 1 0 0 0 1 2.06 0.92 -0.34</i>
                <i>1 0 0 0 1 0 0 0 1 2.06 0.92 -0.34</i>
                <i>1 0 0 0 1 0 0 0 1 2.06 0.92 -0.34</i>
                <i>1 0 0 0 1 0 0 0 1 2.06 0.92 -0.34</i>
                <i>1 0 0 0 1 0 0 0 1 2.06 0.92 -0.34</i>
                <i>1 0 0 0 1 0 0 0 1 2.06 0.92 -0.34</i>
                <i>1 0 0 0 1 0 0 0 1 2.06 0.92 -0.34</i>
                <i>1 0 0 0 1 0 0 0 1 2.06 0.92 -0.34</i>
                <i>1 0 0 0 1 0 0 0 1 2.06 0.92 -0.34</i>
                <i>1 0 0 0 1 0 0 0 1 2.06 0.92 -0.34</i>
                <i>1 0 0 0 1 0 0 0 1 2.06 0.92 -0.34</i>
                <i>1 0 0 0 1 0 0 0 1 2.06 0.92 -0.34</i>
                <i>1 0 0 0 1 0 0 0 1 2.06 0.92 -0.34</i>
                <i>1 0 0 0 1 0 0 0 1 2.06 0.92 -0.34</i>
                <i>1 0 0 0 1 0 0 0 1 2.06 0.92 -0.34</i>
                <i>1 0 0 0 1 0 0 0 1 2.06 0.92 -0.34</i>
                <i>1 0 0 0 1 0 0 0 1 2.06 0.92 -0.34</i>
                <i>1 0 0 0 1 0 0 0 1 2.06 0.92 -0.34</i>
                <i>1 0 0 0 1 0 0 0 1 2.06 0.92 -0.34</i>
                <i>1 0 0 0 1 0 0 0 1 2.06 0.92 -0.34</i>
                <i>1 0 0 0 1 0 0 0 1 2.06 0.92 -0.34</i>
                <i>1 0 0 0 1 0 0 0 1 2.06 0.92 -0.34</i>
                <i>1 0 0 0 1 0 0 0 1 2.06 0.92 -0.34</i>
                <i>1 0 0 0 1 0 0 0 1 2.06 0.92 -0.34</i>
                <i>1 0 0 0 1 0 0 0 1 2.06 0.92 -0.34</i>
                <i>1 0 0 0 1 0 0 0 1 2.06 0.92 -0.34</i>
                <i>1 0 0 0 1 0 0 0 1 2.06 0.92 -0.34</i>
                <i>1 0 0 0 1 0 0 0 1 2.06 0.92 -0.34</i>
                <i>1 0 0 0 1 0 0 0 1 2.06 0.92 -0.34</i>
                <i>1 0 0 0 1 0 0 0 1 2.06 0.92 -0.34</i>
                <i>1 0 0 0 1 0 0 0 1 2.06 0.92 -0.34</i>
                <i>1 0 0 0 1 0 0 0 1 2.06 0.92 -0.34</i>
                <i>1 0 0 0 1 0 0 0 1 2.06 0.92 -0.34</i>
                <i>1 0 0 0 1 0 0 0 1 2.06 0.92 -0.34</i>
                <i>1 0 0 0 1 0 0 0 1 2.06 0.92 -0.34</i>
                <i>1 0 0 0 1 0 0 0 1 2.06 0.92 -0.34</i>
                <i>1 0 0 0 1 0 0 0 1 2.06 0.92 -0.34</i>
                <i>1 0 0 0 1 0 0 0 1 2.06 0.92 -0.34</i>
                <i>1 0 0 0 1 0 0 0 1 2.06 0.92 -0.34</i>
                <i>1 0 0 0 1 0 0 0 1 2.06 0.92 -0.34</i>
                <i>1 0 0 0 1 0 0 0 1 2.06 0.92 -0.34</i>
                <i>1 0 0 0 1 0 0 0 1 2.06 0.92 -0.34</i>
                <i>1 0 0 0 1 0 0 0 1 2.06 0.92 -0.34</i>
                <i>1 0 0 0 1 0 0 0 1 2.06 0.92 -0.34</i>
                <i>1 0 0 0 1 0 0 0 1 2.06 0.92 -0.34</i>
                <i>1 0 0 0 1 0 0 0 1 2.06 0.92 -0.34</i>
                <i>1 0 0 0 1 0 0 0 1 2.06 0.92 -0.34</i>
                <i>1 0 0 0 1 0 0 0 1 2.06 0.92 -0.34</i>
                <i>1 0 0 0 1 0 0 0 1 2.06 0.92 -0.34</i>
                <i>1 0 0 0 1 0 0 0 1 2.06 0.92 -0.34</i>
                <i>1 0 0 0 1 0 0 0 1 2.06 0.92 -0.34</i>
                <i>1 0 0 0 1 0 0 0 1 2.06 0.92 -0.34</i>
                <i>1 0 0 0 1 0 0 0 1 2.06 0.92 -0.34</i>
                <i>1 0 0 0 1 0 0 0 1 2.06 0.92 -0.34</i>
                <i>1 0 0 0 1 0 0 0 1 2.06 0.92 -0.34</i>
                <i>1 0 0 0 1 0 0 0 1 2.06 0.92 -0.34</i>
                <i>1 0 0 0 1 0 0 0 1 2.06 0.92 -0.34</i>
                <i>1 0 0 0 1 0 0 0 1 2.06 0.92 -0.34</i>
                <i>1 0 0 0 1 0 0 0 1 2.06 0.92 -0.34</i>
                <i>1 0 0 0 1 0 0 0 1 2.06 0.92 -0.34</i>
                <i>1 0 0 0 1 0 0 0 1 2.06 0.92 -0.34</i>
                <i>1 0 0 0 1 0 0 0 1 2.06 0.92 -0.34</i>
                <i>1 0 0 0 1 0 0 0 1 2.06 0.92 -0.34</i>
                <i>1 0 0 0 1 0 0 0 1 2.06 0.92 -0.34</i>
                <i>1 0 0 0 1 0 0 0 1 2.06 0.92 -0.34</i>
                <i>1 0 0 0 1 0 0 0 1 2.06 0.92 -0.34</i>
                <i>1 0 0 0 1 0 0 0 1 2.06 0.92 -0.34</i>
                <i>1 0 0 0 1 0 0 0 1 2.06 0.92 -0.34</i>
                <i>1 0 0 0 1 0 0 0 1 2.06 0.92 -0.34</i>
                <i>1 0 0 0 1 0 0 0 1 2.06 0.92 -0.34</i>
                <i>1 0 0 0 1 0 0 0 1 2.06 0.92 -0.34</i>
                <i>1 0 0 0 1 0 0 0 1 2.06 0.92 -0.34</i>
                <i>1 0 0 0 1 0 0 0 1 2.06 0.92 -0.34</i>
                <i>1 0 0 0 1 0 0 0 1 2.06 0.92 -0.34</i>
                <i>1 0 0 0 1 0 0 0 1 2.06 0.92 -0.34</i>
                <i>1 0 0 0 1 0 0 0 1 2.06 0.92 -0.34</i>
                <i>1 0 0 0 1 0 0 0 1 2.06 0.92 -0.34</i>
                <i>1 0 0 0 1 0 0 0 1 2.06 0.92 -0.34</i>
                <i>1 0 0 0 1 0 0 0 1 2.06 0.92 -0.34</i>
                <i>1 0 0 0 1 0 0 0 1 2.06 0.92 -0.34</i>
                <i>1 0 0 0 1 0 0 0 1 2.06 0.92 -0.34</i>
                <i>1 0 0 0 1 0 0 0 1 2.06 0.92 -0.34</i>
                <i>1 0 0 0 1 0 0 0 1 2.06 0.92 -0.34</i>
                <i>1 0 0 0 1 0 0 0 1 2.06 0.92 -0.34</i>
                <i>1 0 0 0 1 0 0 0 1 2.06 0.92 -0.34</i>
                <i>1 0 0 0 1 0 0 0 1 2.06 0.92 -0.34</i>
                <i>1 0 0 0 1 0 0 0 1 2.06 0.92 -0.34</i>
                <i>1 0 0 0 1 0 0 0 1 2.06 0.92 -0.34</i>
                <i>1 0 0 0 1 0 0 0 1 2.06 0.92 -0.34</i>
                <i>1 0 0 0 1 0 0 0 1 2.06 0.92 -0.34</i>
                <i>1 0 0 0 1 0 0 0 1 2.06 0.92 -0.34</i>
                <i>1 0 0 0 1 0 0 0 1 2.06 0.92 -0.34</i>
                <i>1 0 0 0 1 0 0 0 1 2.06 0.92 -0.34</i>
                <i>1 0 0 0 1 0 0 0 1 2.06 0.92 -0.34</i>
                <i>1 0 0 0 1 0 0 0 1 2.06 0.92 -0.34</i>
                <i>1 0 0 0 1 0 0 0 1 2.06 0.92 -0.34</i>
            </KeyFrames>
        </RefFrame>
        <Bones count="23">
            <i>
                <p>
                    <Name><![CDATA[pelvis]]></Name>
                    <Exclude>0</Exclude>
                    <Additive>0</Additive>
                    <IKPriority>0</IKPriority>
                    <IKRotLimits>-1e+010 -1e+010 -1e+010 1e+010 1e+010 1e+010</IKRotLimits>
                    <IKRotLimitOrder>2</IKRotLimitOrder>
                    <KeyFrames count="161">
                        <i>1 0 0 0 1 0 0 0 1 2.03956 2.01697 -0.0388203</i>
                        <i>1 0 0 0 1 0 0 0 1 2.03956 2.00868 -0.0388203</i>
                        <i>1 0 0 0 1 0 0 0 1 2.03956 1.99919 -0.0388203</i>
                        <i>1 0 0 0 1 0 0 0 1 2.03956 1.98939 -0.0388203</i>
                        <i>1 0 0 0 1 0 0 0 1 2.03956 1.9802 -0.0388203</i>
                        <i>1 0 0 0 1 0 0 0 1 2.03956 1.97251 -0.0388203</i>
                        <i>1 0 0 0 1 0 0 0 1 2.03956 1.96724 -0.0388203</i>
                        <i>1 0 0 0 1 0 0 0 1 2.03956 1.96528 -0.0388203</i>
                        <i>1 0 0 0 1 0 0 0 1 2.03956 1.97176 -0.0388203</i>
                        <i>1 0 0 0 1 0 0 0 1 2.03956 1.98678 -0.0388203</i>
                        <i>1 0 0 0 1 0 0 0 1 2.03956 2.00373 -0.0388203</i>
                        <i>1 0 0 0 1 0 0 0 1 2.03956 2.016 -0.0388203</i>
                        <i>1 0 0 0 1 0 0 0 1 2.03956 2.01697 -0.0388203</i>
                        <i>1 0 0 0 1 0 0 0 1 2.03644 2.00382 -0.0393386</i>
                        <i>1 0 0 0 1 0 0 0 1 2.02775 1.98126 -0.0420804</i>
                        <i>1 0 0 0 1 0 0 0 1 2.01451 1.95392 -0.0488254</i>
                        <i>1 0 0 0 1 0 0 0 1 1.99774 1.92641 -0.0613539</i>
                        <i>1 0 0 0 1 0 0 0 1 1.97846 1.90339 -0.0814457</i>
                        <i>1 0 0 0 1 0 0 0 1 1.95767 1.88947 -0.110881</i>
                        <i>1 0 0 0 1 0 0 0 1 1.93411 1.88259 -0.151939</i>
                        <i>1 0 0 0 1 0 0 0 1 1.90677 1.87803 -0.203326</i>
                        <i>1 0 0 0 1 0 0 0 1 1.8771 1.87653 -0.261464</i>
                        <i>1 0 0 0 1 0 0 0 1 1.84654 1.87879 -0.322771</i>
                        <i>1 0 0 0 1 0 0 0 1 1.81655 1.88554 -0.38367</i>
                        <i>1 0 0 0 1 0 0 0 1 1.78857 1.89748 -0.44058</i>
                        <i>1 0 0 0 1 0 0 0 1 1.76405 1.91534 -0.489922</i>
                        <i>1 0 0 0 1 0 0 0 1 1.7465 1.97258 -0.526388</i>
                        <i>1 0 0 0 1 0 0 0 1 1.73727 2.05683 -0.547635</i>
                        <i>1 0 0 0 1 0 0 0 1 1.73459 2.10003 -0.554526</i>
                        <i>1 0 0 0 1 0 0 0 1 1.73459 2.10003 -0.554526</i>
                        <i>1 0 0 0 1 0 0 0 1 1.73459 2.10003 -0.554526</i>
                        <i>1 0 0 0 1 0 0 0 1 1.73459 2.10003 -0.554526</i>
                        <i>1 0 0 0 1 0 0 0 1 1.73459 2.10003 -0.554526</i>
                        <i>1 0 0 0 1 0 0 0 1 1.73459 2.10003 -0.554526</i>
                        <i>1 0 0 0 1 0 0 0 1 1.73459 2.10003 -0.554526</i>
                        <i>1 0 0 0 1 0 0 0 1 1.7348 2.09599 -0.549484</i>
                        <i>1 0 0 0 1 0 0 0 1 1.73534 2.08517 -0.535116</i>
                        <i>1 0 0 0 1 0 0 0 1 1.73605 2.06954 -0.512557</i>
                        <i>1 0 0 0 1 0 0 0 1 1.73677 2.0511 -0.482942</i>
                        <i>1 0 0 0 1 0 0 0 1 1.73734 2.0318 -0.447407</i>
                        <i>1 0 0 0 1 0 0 0 1 1.73761 2.01363 -0.407087</i>
                        <i>1 0 0 0 1 0 0 0 1 1.73742 1.99856 -0.363118</i>
                        <i>1 0 0 0 1 0 0 0 1 1.73662 1.98857 -0.316635</i>
                        <i>1 0 0 0 1 0 0 0 1 1.73672 1.98492 -0.256017</i>
                        <i>1 0 0 0 1 0 0 0 1 1.7381 1.98631 -0.176359</i>
                        <i>1 0 0 0 1 0 0 0 1 1.73885 1.99087 -0.0888683</i>
                        <i>1 0 0 0 1 0 0 0 1 1.73707 1.99673 -0.00475063</i>
                        <i>1 0 0 0 1 0 0 0 1 1.73085 2.00203 0.0647869</i>
                        <i>1 0 0 0 1 0 0 0 1 1.71828 2.00489 0.108537</i>
                        <i>1 0 0 0 1 0 0 0 1 1.70047 2.00668 0.130396</i>
                        <i>1 0 0 0 1 0 0 0 1 1.68005 2.0096 0.142902</i>
                        <i>1 0 0 0 1 0 0 0 1 1.65747 2.01309 0.147815</i>
                        <i>1 0 0 0 1 0 0 0 1 1.63314 2.01657 0.146892</i>
                        <i>1 0 0 0 1 0 0 0 1 1.6075 2.01946 0.141893</i>
                        <i>1 0 0 0 1 0 0 0 1 1.58098 2.02118 0.134577</i>
                        <i>1 0 0 0 1 0 0 0 1 1.55401 2.02116 0.1267</i>
                        <i>1 0 0 0 1 0 0 0 1 1.52702 2.01883 0.120023</i>
                        <i>1 0 0 0 1 0 0 0 1 1.50044 2.0136 0.116304</i>
                        <i>1 0 0 0 1 0 0 0 1 1.4747 2.00489 0.117301</i>
                        <i>1 0 0 0 1 0 0 0 1 1.44879 1.99042 0.121965</i>
                        <i>1 0 0 0 1 0 0 0 1 1.42177 1.96936 0.128009</i>
                        <i>1 0 0 0 1 0 0 0 1 1.39424 1.94341 0.135336</i>
                        <i>1 0 0 0 1 0 0 0 1 1.36675 1.91424 0.143849</i>
                        <i>1 0 0 0 1 0 0 0 1 1.33988 1.88352 0.153453</i>
                        <i>1 0 0 0 1 0 0 0 1 1.3142 1.85294 0.164049</i>
                        <i>1 0 0 0 1 0 0 0 1 1.2903 1.82417 0.175541</i>
                        <i>1 0 0 0 1 0 0 0 1 1.26647 1.7959 0.188419</i>
                        <i>1 0 0 0 1 0 0 0 1 1.24165 1.76619 0.202934</i>
                        <i>1 0 0 0 1 0 0 0 1 1.21734 1.73581 0.218626</i>
                        <i>1 0 0 0 1 0 0 0 1 1.19503 1.70551 0.235038</i>
                        <i>1 0 0 0 1 0 0 0 1 1.17621 1.67604 0.251712</i>
                        <i>1 0 0 0 1 0 0 0 1 1.16238 1.64814 0.268189</i>
                        <i>1 0 0 0 1 0 0 0 1 1.15504 1.62259 0.284011</i>
                        <i>1 0 0 0 1 0 0 0 1 1.15546 1.59848 0.300505</i>
                        <i>1 0 0 0 1 0 0 0 1 1.16259 1.57473 0.318633</i>
                        <i>1 0 0 0 1 0 0 0 1 1.17447 1.55172 0.337395</i>
                        <i>1 0 0 0 1 0 0 0 1 1.18914 1.52987 0.35579</i>
                        <i>1 0 0 0 1 0 0 0 1 1.20462 1.50957 0.372817</i>
                        <i>1 0 0 0 1 0 0 0 1 1.21896 1.49124 0.387474</i>
                        <i>1 0 0 0 1 0 0 0 1 1.23017 1.47526 0.398761</i>
                        <i>1 0 0 0 1 0 0 0 1 1.23631 1.46206 0.405675</i>
                        <i>1 0 0 0 1 0 0 0 1 1.23572 1.45375 0.404795</i>
                        <i>1 0 0 0 1 0 0 0 1 1.22962 1.45097 0.395662</i>
                        <i>1 0 0 0 1 0 0 0 1 1.22031 1.45192 0.381724</i>
                        <i>1 0 0 0 1 0 0 0 1 1.21009 1.45478 0.366427</i>
                        <i>1 0 0 0 1 0 0 0 1 1.20127 1.45775 0.353217</i>
                        <i>1 0 0 0 1 0 0 0 1 1.19614 1.45901 0.345542</i>
                        <i>1 0 0 0 1 0 0 0 1 1.19411 1.45886 0.342498</i>
                        <i>1 0 0 0 1 0 0 0 1 1.19293 1.45877 0.340732</i>
                        <i>1 0 0 0 1 0 0 0 1 1.19245 1.45873 0.340018</i>
                        <i>1 0 0 0 1 0 0 0 1 1.19253 1.45874 0.340131</i>
                        <i>1 0 0 0 1 0 0 0 1 1.193 1.45877 0.340845</i>
                        <i>1 0 0 0 1 0 0 0 1 1.19373 1.45883 0.341935</i>
                        <i>1 0 0 0 1 0 0 0 1 1.19456 1.45889 0.343175</i>
                        <i>1 0 0 0 1 0 0 0 1 1.19534 1.45895 0.34434</i>
                        <i>1 0 0 0 1 0 0 0 1 1.19592 1.45899 0.345204</i>
                        <i>1 0 0 0 1 0 0 0 1 1.19614 1.45901 0.345542</i>
                        <i>1 0 0 0 1 0 0 0 1 1.19614 1.45901 0.345542</i>
                        <i>1 0 0 0 1 0 0 0 1 1.19614 1.45901 0.345542</i>
                        <i>1 0 0 0 1 0 0 0 1 1.19614 1.45901 0.345542</i>
                        <i>1 0 0 0 1 0 0 0 1 1.19614 1.45901 0.345542</i>
                        <i>1 0 0 0 1 0 0 0 1 1.19614 1.45901 0.345542</i>
                        <i>1 0 0 0 1 0 0 0 1 1.19614 1.45901 0.345542</i>
                        <i>1 0 0 0 1 0 0 0 1 1.19614 1.45901 0.345542</i>
                        <i>1 0 0 0 1 0 0 0 1 1.19614 1.45901 0.345542</i>
                        <i>1 0 0 0 1 0 0 0 1 1.19614 1.45901 0.345542</i>
                        <i>1 0 0 0 1 0 0 0 1 1.19614 1.45901 0.345542</i>
                        <i>1 0 0 0 1 0 0 0 1 1.19614 1.45901 0.345542</i>
                        <i>1 0 0 0 1 0 0 0 1 1.19614 1.45901 0.345542</i>
                        <i>1 0 0 0 1 0 0 0 1 1.19614 1.45901 0.345542</i>
                        <i>1 0 0 0 1 0 0 0 1 1.19614 1.45901 0.345542</i>
                        <i>1 0 0 0 1 0 0 0 1 1.19614 1.45901 0.345542</i>
                        <i>1 0 0 0 1 0 0 0 1 1.19614 1.45901 0.345542</i>
                        <i>1 0 0 0 1 0 0 0 1 1.19394 1.45777 0.346863</i>
                        <i>1 0 0 0 1 0 0 0 1 1.18909 1.45503 0.349769</i>
                        <i>1 0 0 0 1 0 0 0 1 1.18424 1.45229 0.352674</i>
                        <i>1 0 0 0 1 0 0 0 1 1.18204 1.45104 0.353995</i>
                        <i>1 0 0 0 1 0 0 0 1 1.18512 1.45278 0.352146</i>
                        <i>1 0 0 0 1 0 0 0 1 1.19614 1.45901 0.345542</i>
                        <i>1 0 0 0 1 0 0 0 1 1.19366 1.49927 0.361191</i>
                        <i>1 0 0 0 1 0 0 0 1 1.18787 1.55525 0.384824</i>
                        <i>1 0 0 0 1 0 0 0 1 1.18125 1.62073 0.412344</i>
                        <i>1 0 0 0 1 0 0 0 1 1.17629 1.68949 0.439651</i>
                        <i>1 0 0 0 1 0 0 0 1 1.17546 1.75531 0.462647</i>
                        <i>1 0 0 0 1 0 0 0 1 1.18125 1.81196 0.477234</i>
                        <i>1 0 0 0 1 0 0 0 1 1.19614 1.85322 0.479314</i>
                        <i>1 0 0 0 1 0 0 0 1 1.22183 1.8772 0.467428</i>
                        <i>1 0 0 0 1 0 0 0 1 1.25666 1.8888 0.444735</i>
                        <i>1 0 0 0 1 0 0 0 1 1.29813 1.89198 0.414057</i>
                        <i>1 0 0 0 1 0 0 0 1 1.3437 1.89072 0.378218</i>
                        <i>1 0 0 0 1 0 0 0 1 1.39087 1.88898 0.340043</i>
                        <i>1 0 0 0 1 0 0 0 1 1.4371 1.89072 0.302354</i>
                        <i>1 0 0 0 1 0 0 0 1 1.47987 1.89992 0.267975</i>
                        <i>1 0 0 0 1 0 0 0 1 1.51997 1.91868 0.235338</i>
                        <i>1 0 0 0 1 0 0 0 1 1.55988 1.94405 0.201428</i>
                        <i>1 0 0 0 1 0 0 0 1 1.59966 1.97236 0.166899</i>
                        <i>1 0 0 0 1 0 0 0 1 1.63938 1.99995 0.132406</i>
                        <i>1 0 0 0 1 0 0 0 1 1.67909 2.02318 0.0986013</i>
                        <i>1 0 0 0 1 0 0 0 1 1.71886 2.03837 0.0661403</i>
                        <i>1 0 0 0 1 0 0 0 1 1.76049 2.04412 0.032318</i>
                        <i>1 0 0 0 1 0 0 0 1 1.80429 2.04308 -0.0039299</i>
                        <i>1 0 0 0 1 0 0 0 1 1.84808 2.03766 -0.0394885</i>
                        <i>1 0 0 0 1 0 0 0 1 1.8897 2.03029 -0.071243</i>
                        <i>1 0 0 0 1 0 0 0 1 1.92696 2.02338 -0.096079</i>
                        <i>1 0 0 0 1 0 0 0 1 1.95767 2.01935 -0.110881</i>
                        <i>1 0 0 0 1 0 0 0 1 1.9823 2.01794 -0.111617</i>
                        <i>1 0 0 0 1 0 0 0 1 2.00266 2.01715 -0.0999733</i>
                        <i>1 0 0 0 1 0 0 0 1 2.01866 2.01682 -0.0814106</i>
                        <i>1 0 0 0 1 0 0 0 1 2.03021 2.01679 -0.06139</i>
                        <i>1 0 0 0 1 0 0 0 1 2.03721 2.0169 -0.0453729</i>
                        <i>1 0 0 0 1 0 0 0 1 2.03956 2.01697 -0.0388203</i>
                        <i>1 0 0 0 1 0 0 0 1 2.03956 2.01697 -0.0388203</i>
                        <i>1 0 0 0 1 0 0 0 1 2.03956 2.01697 -0.0388203</i>
                        <i>1 0 0 0 1 0 0 0 1 2.03956 2.01697 -0.0388203</i>
                        <i>1 0 0 0 1 0 0 0 1 2.03956 2.01697 -0.0388203</i>
                        <i>1 0 0 0 1 0 0 0 1 2.03956 2.01697 -0.0388203</i>
                        <i>1 0 0 0 1 0 0 0 1 2.03956 2.01697 -0.0388203</i>
                        <i>1 0 0 0 1 0 0 0 1 2.03956 2.01697 -0.0388203</i>
                        <i>1 0 0 0 1 0 0 0 1 2.03956 2.01697 -0.0388203</i>
                        <i>1 0 0 0 1 0 0 0 1 2.03956 2.01697 -0.0388203</i>
                        <i>1 0 0 0 1 0 0 0 1 2.03956 2.01697 -0.0388203</i>
                    </KeyFrames>
                </p>
            </i>
            <i>
                <p>
                    <Name><![CDATA[spine0]]></Name>
                    <Exclude>0</Exclude>
                    <Additive>0</Additive>
                    <IKPriority>0</IKPriority>
                    <IKRotLimits>-1e+010 -1e+010 -1e+010 1e+010 1e+010 1e+010</IKRotLimits>
                    <IKRotLimitOrder>0</IKRotLimitOrder>
                    <KeyFrames count="161">
                        <i>0.040128 0.998536 -0.0362579 0.596242 0.00518903 0.802788 0.801801 -0.0538328 -0.595161 1.98043 2.14398 -0.00614002</i>
                        <i>0.0401216 0.998596 -0.0345907 0.615532 0.00256866 0.788108 0.78709 -0.0529119 -0.614565 1.98109 2.13564 -0.00480705</i>
                        <i>0.0398185 0.998632 -0.0338779 0.634959 0.000890289 0.772545 0.771519 -0.0522727 -0.634055 1.98172 2.12612 -0.00362438</i>
                        <i>0.039333 0.998647 -0.0340072 0.65432 -1.95799e-005 0.756217 0.755194 -0.051996 -0.653436 1.98234 2.1163 -0.00257092</i>
                        <i>0.0387548 0.99864 -0.0348634 0.673424 -0.000325842 0.739257 0.73824 -0.0521275 -0.672521 1.98296 2.10712 -0.00162542</i>
                        <i>0.0381466 0.998612 -0.0363247 0.692089 -0.000181507 0.721812 0.720803 -0.0526746 -0.691135 1.98358 2.09945 -0.000766356</i>
                        <i>0.0375445 0.998562 -0.0382598 0.710152 0.000274899 0.704049 0.703047 -0.0536034 -0.70912 1.98422 2.09422 2.81222e-005</i>
                        <i>0.0369596 0.998495 -0.0405252 0.727462 0.000920931 0.686147 0.685152 -0.0548403 -0.726333 1.98487 2.09231 0.000780348</i>
                        <i>0.0363811 0.998414 -0.0429627 0.743888 0.00165126 0.668303 0.667314 -0.0562729 -0.742648 1.98556 2.09885 0.00151323</i>
                        <i>0.0357803 0.998328 -0.0453991 0.759313 0.00237769 0.650721 0.649741 -0.0577551 -0.757959 1.98627 2.11394 0.00225033</i>
                        <i>0.035116 0.998247 -0.0476477 0.77364 0.00302862 0.633619 0.632652 -0.0591123 -0.772177 1.98702 2.13095 0.00301591</i>
                        <i>0.0343401 0.998183 -0.0495111 0.786783 0.00354748 0.61722 0.616274 -0.0601499 -0.785231 1.9878 2.14327 0.00383494</i>
                        <i>0.0334032 0.998151 -0.0507867 0.798672 0.00389015 0.601754 0.600839 -0.0606624 -0.797065 1.98862 2.14426 0.00473303</i>
                        <i>0.025886 0.998439 -0.0494821 0.807632 0.0082827 0.589629 0.589119 -0.0552265 -0.806157 1.98637 2.13116 0.00510563</i>
                        <i>0.00826962 0.999057 -0.0426241 0.812846 0.0181108 0.582197 0.58242 -0.0394614 -0.81193 1.97862 2.10867 0.00317906</i>
                        <i>-0.0149232 0.999469 -0.0289636 0.815477 0.0289277 0.578066 0.578597 -0.0149925 -0.815476 1.96636 2.08142 -0.00277475</i>
                        <i>-0.0392315 0.999197 -0.0081823 0.816669 0.0367812 0.575934 0.575772 0.0159125 -0.817456 1.9506 2.054 -0.0144855</i>
                        <i>-0.060694 0.997973 0.01912 0.817503 0.0387093 0.574622 0.572717 0.0505067 -0.818196 1.93236 2.03102 -0.0336854</i>
                        <i>-0.0759947 0.995757 0.051902 0.818922 0.0326336 0.572977 0.568852 0.0860469 -0.817926 1.91263 2.0171 -0.0621095</i>
                        <i>-0.08721 0.99233 0.0876088 0.821194 0.0218266 0.570231 0.563945 0.121674 -0.8168 1.89014 2.01013 -0.101996</i>
                        <i>-0.0981137 0.987478 0.123533 0.824469 0.0111363 0.565798 0.557337 0.157362 -0.815238 1.86386 2.0054 -0.152013</i>
                        <i>-0.108222 0.981398 0.158575 0.829358 0.00117881 0.558716 0.548136 0.191981 -0.814058 1.83523 2.00358 -0.208547</i>
                        <i>-0.117 0.974458 0.191682 0.836439 -0.00736883 0.54801 0.535426 0.224448 -0.814213 1.80567 2.00538 -0.267985</i>
                        <i>-0.123856 0.967195 0.221797 0.846211 -0.0137882 0.532669 0.518253 0.253662 -0.816743 1.77665 2.01148 -0.326717</i>
                        <i>-0.12818 0.960294 0.2478 0.859042 -0.0173541 0.511611 0.495598 0.278449 -0.822708 1.74963 2.02257 -0.381132</i>
                        <i>-0.129409 0.954557 0.268466 0.87509 -0.0173888 0.483648 0.466338 0.297521 -0.833073 1.72611 2.03934 -0.427619</i>
                        <i>-0.105594 0.964568 0.241782 0.923478 0.00493594 0.38362 0.368834 0.263788 -0.891278 1.71473 2.09859 -0.464659</i>
                        <i>-0.0766734 0.984625 0.156956 0.976735 0.0425541 0.210185 0.200274 0.16942 -0.96498 1.715 2.18803 -0.492988</i>
                        <i>-0.0736355 0.99347 0.0871538 0.994579 0.0667212 0.0797531 0.0734173 0.092554 -0.992997 1.71724 2.23479 -0.507243</i>
                        <i>-0.0817313 0.994675 0.0627896 0.996473 0.0803535 0.024168 0.018994 0.0645434 -0.997734 1.7179 2.2361 -0.510892</i>
                        <i>-0.090112 0.994695 0.0496057 0.995753 0.0909268 -0.0144169 -0.0188509 0.0480959 -0.998665 1.71752 2.23704 -0.514088</i>
                        <i>-0.0958142 0.994469 0.0430299 0.994415 0.0975521 -0.0402873 -0.0442621 0.0389295 -0.998261 1.71666 2.23766 -0.516667</i>
                        <i>-0.0983392 0.99436 0.0397223 0.993254 0.100538 -0.0577826 -0.0614504 0.0337721 -0.997539 1.71577 2.23804 -0.51853</i>
                        <i>-0.0985329 0.994396 0.0383186 0.992318 0.101076 -0.0713307 -0.074804 0.0309959 -0.996716 1.71526 2.23825 -0.519608</i>
                        <i>-0.0974942 0.994485 0.0386647 0.991265 0.100499 -0.0854079 -0.0888226 0.0300001 -0.995596 1.71558 2.23835 -0.519856</i>
                        <i>-0.102799 0.993999 0.0373933 0.989448 0.106043 -0.0987292 -0.102102 0.0268495 -0.994412 1.71622 2.23433 -0.514677</i>
                        <i>-0.117948 0.992534 0.0310453 0.986808 0.120644 -0.107955 -0.110894 0.0179027 -0.993671 1.71655 2.22346 -0.500233</i>
                        <i>-0.137199 0.990363 0.0189084 0.983733 0.138466 -0.11444 -0.115955 0.0028997 -0.99325 1.71672 2.20776 -0.477626</i>
                        <i>-0.154637 0.987971 0.00132717 0.98087 0.153686 -0.119476 -0.118243 -0.0171736 -0.992836 1.7169 2.18922 -0.447966</i>
                        <i>-0.165265 0.986055 -0.0195923 0.978987 0.16161 -0.124369 -0.119469 -0.0397346 -0.992043 1.71724 2.16987 -0.412366</i>
                        <i>-0.166239 0.985256 -0.0404337 0.978484 0.159737 -0.130588 -0.122203 -0.0612725 -0.990612 1.71789 2.15173 -0.37194</i>
                        <i>-0.157444 0.985847 -0.0575883 0.97901 0.148177 -0.139941 -0.129427 -0.0784124 -0.988484 1.71897 2.1368 -0.327804</i>
                        <i>-0.141118 0.987648 -0.0680938 0.97946 0.129279 -0.154742 -0.144028 -0.088532 -0.985605 1.72057 2.12704 -0.281069</i>
                        <i>-0.115066 0.990981 -0.0686786 0.980985 0.102483 -0.164818 -0.156294 -0.0863377 -0.98393 1.72446 2.1236 -0.219786</i>
                        <i>-0.0789918 0.995066 -0.06004 0.983121 0.0677899 -0.169936 -0.165028 -0.0724502 -0.983624 1.73105 2.12504 -0.13895</i>
                        <i>-0.0410861 0.998112 -0.0456531 0.982019 0.0319131 -0.186065 -0.184256 -0.0524768 -0.981476 1.73779 2.1294 -0.0500887</i>
                        <i>-0.0151761 0.999466 -0.0289359 0.974559 0.00831342 -0.223978 -0.223618 -0.0315988 -0.974165 1.74113 2.13485 0.0353123</i>
                        <i>-0.0182174 0.999758 -0.0123067 0.9576 0.013907 -0.287764 -0.287523 -0.0170272 -0.957622 1.73697 2.13975 0.105921</i>
                        <i>-0.0623287 0.998048 0.00390415 0.923161 0.0591378 -0.379838 -0.379327 -0.0200706 -0.925045 1.72205 2.14243 0.150558</i>
                        <i>-0.136114 0.990361 0.0256705 0.856946 0.1307 -0.498559 -0.497108 -0.0458624 -0.866476 1.69908 2.14395 0.173418</i>
                        <i>-0.215706 0.974627 0.059773 0.749204 0.204452 -0.629994 -0.62623 -0.091111 -0.774296 1.67332 2.14626 0.187345</i>
                        <i>-0.283702 0.953148 0.104989 0.595157 0.260871 -0.760089 -0.751865 -0.153154 -0.641282 1.64706 2.14907 0.193604</i>
                        <i>-0.326235 0.932519 0.154855 0.399473 0.284473 -0.871491 -0.856734 -0.222451 -0.465321 1.622 2.15242 0.192902</i>
                        <i>-0.337141 0.920263 0.198624 0.176501 0.269019 -0.946824 -0.924761 -0.284156 -0.253125 1.59874 2.15621 0.185683</i>
                        <i>-0.319479 0.920489 0.225017 -0.0530487 0.219716 -0.97412 -0.946107 -0.323148 -0.0213639 1.57682 2.15983 0.172714</i>
                        <i>-0.283416 0.931648 0.227394 -0.267671 0.150843 -0.951629 -0.920884 -0.330574 0.206624 1.55516 2.16207 0.155706</i>
                        <i>-0.241619 0.947928 0.207491 -0.450437 0.0798303 -0.889232 -0.859492 -0.308317 0.407693 1.53277 2.1615 0.13758</i>
                        <i>-0.20471 0.962954 0.175539 -0.592002 0.0210152 -0.805663 -0.779505 -0.268847 0.565768 1.50925 2.15707 0.122207</i>
                        <i>-0.178958 0.972812 0.147007 -0.69039 -0.0177136 -0.72322 -0.700953 -0.230918 0.67479 1.48496 2.14835 0.11382</i>
                        <i>-0.167673 0.976885 0.132593 -0.742098 -0.0365298 -0.669295 -0.648981 -0.21062 0.73107 1.45954 2.1336 0.113043</i>
                        <i>-0.169308 0.976619 0.132479 -0.75474 -0.0420352 -0.654676 -0.6338 -0.210829 0.74421 1.4328 2.1124 0.117252</i>
                        <i>-0.18018 0.973053 0.143884 -0.74134 -0.0381952 -0.670042 -0.646491 -0.227395 0.728245 1.4055 2.08649 0.125456</i>
                        <i>-0.197008 0.966958 0.161804 -0.711218 -0.0273622 -0.702439 -0.674802 -0.253464 0.693108 1.37818 2.05746 0.136503</i>
                        <i>-0.216335 0.95934 0.181288 -0.673735 -0.0123042 -0.738871 -0.706598 -0.281984 0.649003 1.35136 2.02686 0.149214</i>
                        <i>-0.234254 0.951657 0.198682 -0.640062 0.00285123 -0.768318 -0.731741 -0.30715 0.608452 1.32567 1.99634 0.162464</i>
                        <i>-0.246474 0.945726 0.211785 -0.623013 0.0127756 -0.782107 -0.742365 -0.324714 0.586051 1.30178 1.96757 0.175199</i>
                        <i>-0.254996 0.940628 0.224046 -0.619947 0.0187765 -0.784419 -0.742053 -0.33892 0.578352 1.27816 1.93928 0.188413</i>
                        <i>-0.263926 0.934424 0.239156 -0.619181 0.0259799 -0.784818 -0.739566 -0.355215 0.571721 1.25368 1.90955 0.203387</i>
                        <i>-0.27206 0.927699 0.255653 -0.62026 0.0340585 -0.783657 -0.735705 -0.371773 0.566148 1.22972 1.87914 0.219519</i>
                        <i>-0.278486 0.92119 0.271761 -0.62264 0.0422804 -0.781365 -0.731276 -0.386809 0.561795 1.20766 1.84881 0.23621</i>
                        <i>-0.282629 0.91578 0.285424 -0.62572 0.0495195 -0.778474 -0.727046 -0.398615 0.559026 1.18886 1.81934 0.252862</i>
                        <i>-0.284215 0.912441 0.294404 -0.628873 0.0543661 -0.775605 -0.723699 -0.405581 0.558358 1.1747 1.79148 0.268881</i>
                        <i>-0.283105 0.91213 0.296429 -0.631485 0.0553486 -0.77341 -0.721858 -0.406147 0.560327 1.16653 1.76599 0.283669</i>
                        <i>-0.279125 0.915567 0.289529 -0.633247 0.0511548 -0.772257 -0.721864 -0.3989 0.565501 1.16558 1.74197 0.298377</i>
                        <i>-0.272625 0.921987 0.274984 -0.634524 0.0425455 -0.771731 -0.723225 -0.384877 0.573424 1.17093 1.71827 0.314034</i>
                        <i>-0.264085 0.930023 0.255571 -0.63575 0.0314168 -0.771255 -0.725314 -0.366156 0.582966 1.18073 1.69525 0.329859</i>
                        <i>-0.253989 0.938458 0.234065 -0.637367 0.0196267 -0.77031 -0.727498 -0.344836 0.593157 1.19313 1.67327 0.345075</i>
                        <i>-0.24296 0.946332 0.213135 -0.639794 0.00882204 -0.768496 -0.729133 -0.323076 0.603314 1.20628 1.65275 0.358909</i>
                        <i>-0.231826 0.952958 0.195264 -0.6434 0.000339133 -0.76553 -0.729584 -0.303103 0.613054 1.21833 1.6341 0.370593</i>
                        <i>-0.221638 0.957855 0.182732 -0.648481 -0.00483319 -0.761216 -0.728251 -0.287212 0.622222 1.22741 1.61778 0.37936</i>
                        <i>-0.213638 0.960624 0.177651 -0.655248 -0.00602783 -0.75539 -0.724575 -0.277785 0.630735 1.23164 1.60427 0.384444</i>
                        <i>-0.208464 0.960486 0.184416 -0.666676 -0.00158734 -0.745346 -0.715601 -0.278324 0.640664 1.22905 1.59572 0.382512</i>
                        <i>-0.205415 0.9575 0.202481 -0.683052 0.00790413 -0.730327 -0.700889 -0.288325 0.652398 1.22067 1.59275 0.372989</i>
                        <i>-0.203799 0.952469 0.226428 -0.700668 0.0196299 -0.713217 -0.683762 -0.304004 0.663364 1.20916 1.59357 0.359241</i>
                        <i>-0.202984 0.946533 0.250743 -0.716241 0.031085 -0.69716 -0.66768 -0.321105 0.671637 1.19718 1.59639 0.34461</i>
                        <i>-0.202418 0.941387 0.269849 -0.726938 0.0401997 -0.685525 -0.656192 -0.334926 0.676192 1.18741 1.59942 0.332423</i>
                        <i>-0.20157 0.939129 0.27822 -0.73016 0.0452608 -0.681776 -0.652868 -0.340571 0.676591 1.18252 1.60089 0.325996</i>
                        <i>-0.20057 0.939767 0.276785 -0.726861 0.0466771 -0.685197 -0.656845 -0.338615 0.673717 1.18179 1.60104 0.324355</i>
                        <i>-0.199818 0.941632 0.270926 -0.720201 0.0463344 -0.692216 -0.664366 -0.333439 0.668906 1.18255 1.60129 0.324154</i>
                        <i>-0.199139 0.944323 0.261912 -0.710794 0.0448025 -0.701971 -0.674622 -0.325955 0.662298 1.1845 1.6016 0.325151</i>
                        <i>-0.198389 0.947446 0.250973 -0.69927 0.0426027 -0.713587 -0.686778 -0.317066 0.654068 1.18738 1.60191 0.327105</i>
                        <i>-0.197475 0.950657 0.239281 -0.686311 0.0402199 -0.726196 -0.699987 -0.307627 0.644504 1.19089 1.60219 0.329775</i>
                        <i>-0.196348 0.953673 0.227939 -0.672678 0.0381231 -0.738953 -0.713409 -0.298421 0.634029 1.19473 1.6024 0.332917</i>
                        <i>-0.194993 0.956272 0.217993 -0.659211 0.0367927 -0.751058 -0.726236 -0.290154 0.623211 1.19862 1.60253 0.336283</i>
                        <i>-0.193407 0.958282 0.210452 -0.64682 0.036747 -0.761757 -0.737711 -0.283453 0.612729 1.20226 1.60257 0.339623</i>
                        <i>-0.191578 0.959548 0.206313 -0.636465 0.0385584 -0.770341 -0.747135 -0.278891 0.603332 1.20536 1.60252 0.342681</i>
                        <i>-0.189471 0.959909 0.20658 -0.629123 0.0428485 -0.776124 -0.75386 -0.277017 0.595783 1.20763 1.60241 0.3452</i>
                        <i>-0.186021 0.958279 0.21702 -0.626527 0.0544564 -0.777495 -0.756875 -0.280599 0.590258 1.20921 1.60226 0.348062</i>
                        <i>-0.180959 0.954102 0.238628 -0.628543 0.0744222 -0.774206 -0.756431 -0.290088 0.586226 1.21042 1.60203 0.351808</i>
                        <i>-0.175448 0.948075 0.265277 -0.633326 0.0976066 -0.767705 -0.753735 -0.302699 0.583315 1.21117 1.60172 0.355688</i>
                        <i>-0.170666 0.941404 0.290916 -0.639161 0.11893 -0.759822 -0.749898 -0.315618 0.581411 1.21141 1.60143 0.358951</i>
                        <i>-0.167781 0.93594 0.309622 -0.64453 0.133506 -0.752833 -0.745943 -0.325871 0.580841 1.21105 1.60128 0.360844</i>
                        <i>-0.167931 0.933924 0.31557 -0.648052 0.136638 -0.749239 -0.742851 -0.330326 0.582285 1.21003 1.60141 0.360592</i>
                        <i>-0.170845 0.935305 0.309867 -0.649683 0.129502 -0.749093 -0.740759 -0.329294 0.585527 1.20843 1.60177 0.358383</i>
                        <i>-0.175256 0.938204 0.298427 -0.650488 0.117186 -0.750421 -0.73902 -0.325639 0.589753 1.20646 1.60218 0.35508</i>
                        <i>-0.180792 0.942036 0.282635 -0.650736 0.100904 -0.75257 -0.737467 -0.319979 0.594774 1.20419 1.60255 0.350913</i>
                        <i>-0.187077 0.946236 0.263891 -0.650697 0.0818858 -0.754909 -0.735932 -0.31294 0.600395 1.20173 1.60276 0.346119</i>
                        <i>-0.193731 0.950324 0.243625 -0.650664 0.0613908 -0.75688 -0.734237 -0.305149 0.606448 1.19915 1.60277 0.340945</i>
                        <i>-0.200375 0.953934 0.223293 -0.650953 0.0407019 -0.758026 -0.732195 -0.297243 0.612811 1.19654 1.60253 0.335648</i>
                        <i>-0.20664 0.956835 0.204369 -0.651908 0.0211133 -0.758004 -0.7296 -0.289864 0.619405 1.19397 1.60207 0.330486</i>
                        <i>-0.212171 0.958913 0.18833 -0.653891 0.00391056 -0.756578 -0.72623 -0.283672 0.626196 1.19153 1.60143 0.32572</i>
                        <i>-0.21663 0.96014 0.176645 -0.657276 -0.00965275 -0.753588 -0.721845 -0.279354 0.633168 1.18925 1.6007 0.321608</i>
                        <i>-0.219696 0.960508 0.170757 -0.662422 -0.0183768 -0.748905 -0.716192 -0.277645 0.640299 1.1872 1.60001 0.318404</i>
                        <i>-0.217966 0.959164 0.180263 -0.675228 -0.0148464 -0.73746 -0.704669 -0.28246 0.65089 1.18392 1.59871 0.319833</i>
                        <i>-0.213684 0.955451 0.2036 -0.704414 -0.00629476 -0.709761 -0.676861 -0.295083 0.674378 1.17644 1.59582 0.323088</i>
                        <i>-0.208334 0.949924 0.2329 -0.736558 0.00428896 -0.676361 -0.64349 -0.312453 0.69878 1.1683 1.59285 0.326548</i>
                        <i>-0.203895 0.943855 0.259931 -0.760131 0.0146901 -0.649604 -0.616951 -0.330033 0.714458 1.16319 1.59134 0.328347</i>
                        <i>-0.20277 0.939488 0.276128 -0.765432 0.0238056 -0.643077 -0.610736 -0.341754 0.714287 1.16491 1.59287 0.326393</i>
                        <i>-0.206971 0.939546 0.272794 -0.74218 0.0308908 -0.669489 -0.637442 -0.341027 0.690918 1.17733 1.59908 0.318667</i>
                        <i>-0.201939 0.937548 0.283238 -0.74381 0.0413285 -0.667112 -0.637156 -0.345391 0.689012 1.17699 1.64041 0.338891</i>
