<?xml version="1.0" encoding="ISO-8859-1" ?>
<Animl Version="1">
    <ModellingPackage><![CDATA[Maya.2010]]></ModellingPackage>
    <SrcFile><![CDATA[anims\turrets\mortar\blue\~src\mortar_m120\mortar_m120_fire_crewman_c.mb]]></SrcFile>
    <FramesPerSecond>30</FramesPerSecond>
    <TotalFrames>40</TotalFrames>
    <Skeleton>
        <RefFrame>
            <Name><![CDATA[soldier_ref_frame]]></Name>
            <Exclude>0</Exclude>
            <Additive>0</Additive>
            <IKPriority>0</IKPriority>
            <IKRotLimits>-1e+010 -1e+010 -1e+010 1e+010 1e+010 1e+010</IKRotLimits>
            <IKRotLimitOrder>0</IKRotLimitOrder>
            <KeyFrames count="40">
                <i>1 0 0 0 1 0 0 0 1 -1.24 2.79 -0.12</i>
                <i>1 0 0 0 1 0 0 0 1 -1.24 2.79 -0.12</i>
                <i>1 0 0 0 1 0 0 0 1 -1.24 2.79 -0.12</i>
                <i>1 0 0 0 1 0 0 0 1 -1.24 2.79 -0.12</i>
                <i>1 0 0 0 1 0 0 0 1 -1.24 2.79 -0.12</i>
                <i>1 0 0 0 1 0 0 0 1 -1.24 2.79 -0.12</i>
                <i>1 0 0 0 1 0 0 0 1 -1.24 2.79 -0.12</i>
                <i>1 0 0 0 1 0 0 0 1 -1.24 2.79 -0.12</i>
                <i>1 0 0 0 1 0 0 0 1 -1.24 2.79 -0.12</i>
                <i>1 0 0 0 1 0 0 0 1 -1.24 2.79 -0.12</i>
                <i>1 0 0 0 1 0 0 0 1 -1.24 2.79 -0.12</i>
                <i>1 0 0 0 1 0 0 0 1 -1.24 2.79 -0.12</i>
                <i>1 0 0 0 1 0 0 0 1 -1.24 2.79 -0.12</i>
                <i>1 0 0 0 1 0 0 0 1 -1.24 2.79 -0.12</i>
                <i>1 0 0 0 1 0 0 0 1 -1.24 2.79 -0.12</i>
                <i>1 0 0 0 1 0 0 0 1 -1.24 2.79 -0.12</i>
                <i>1 0 0 0 1 0 0 0 1 -1.24 2.79 -0.12</i>
                <i>1 0 0 0 1 0 0 0 1 -1.24 2.79 -0.12</i>
                <i>1 0 0 0 1 0 0 0 1 -1.24 2.79 -0.12</i>
                <i>1 0 0 0 1 0 0 0 1 -1.24 2.79 -0.12</i>
                <i>1 0 0 0 1 0 0 0 1 -1.24 2.79 -0.12</i>
                <i>1 0 0 0 1 0 0 0 1 -1.24 2.79 -0.12</i>
                <i>1 0 0 0 1 0 0 0 1 -1.24 2.79 -0.12</i>
                <i>1 0 0 0 1 0 0 0 1 -1.24 2.79 -0.12</i>
                <i>1 0 0 0 1 0 0 0 1 -1.24 2.79 -0.12</i>
                <i>1 0 0 0 1 0 0 0 1 -1.24 2.79 -0.12</i>
                <i>1 0 0 0 1 0 0 0 1 -1.24 2.79 -0.12</i>
                <i>1 0 0 0 1 0 0 0 1 -1.24 2.79 -0.12</i>
                <i>1 0 0 0 1 0 0 0 1 -1.24 2.79 -0.12</i>
                <i>1 0 0 0 1 0 0 0 1 -1.24 2.79 -0.12</i>
                <i>1 0 0 0 1 0 0 0 1 -1.24 2.79 -0.12</i>
                <i>1 0 0 0 1 0 0 0 1 -1.24 2.79 -0.12</i>
                <i>1 0 0 0 1 0 0 0 1 -1.24 2.79 -0.12</i>
                <i>1 0 0 0 1 0 0 0 1 -1.24 2.79 -0.12</i>
                <i>1 0 0 0 1 0 0 0 1 -1.24 2.79 -0.12</i>
                <i>1 0 0 0 1 0 0 0 1 -1.24 2.79 -0.12</i>
                <i>1 0 0 0 1 0 0 0 1 -1.24 2.79 -0.12</i>
                <i>1 0 0 0 1 0 0 0 1 -1.24 2.79 -0.12</i>
                <i>1 0 0 0 1 0 0 0 1 -1.24 2.79 -0.12</i>
                <i>1 0 0 0 1 0 0 0 1 -1.24 2.79 -0.12</i>
            </KeyFrames>
        </RefFrame>
        <Bones count="23">
            <i>
                <p>
                    <Name><![CDATA[pelvis]]></Name>
                    <Exclude>0</Exclude>
                    <Additive>0</Additive>
                    <IKPriority>0</IKPriority>
                    <IKRotLimits>-1e+010 -1e+010 -1e+010 1e+010 1e+010 1e+010</IKRotLimits>
                    <IKRotLimitOrder>2</IKRotLimitOrder>
                    <KeyFrames count="40">
                        <i>1 0 0 0 1 0 0 0 1 -1.13249 3.32169 -0.213976</i>
                        <i>1 0 0 0 1 0 0 0 1 -1.22566 3.43539 -0.219207</i>
                        <i>1 0 0 0 1 0 0 0 1 -1.33739 3.56804 -0.232377</i>
                        <i>1 0 0 0 1 0 0 0 1 -1.35522 3.55313 -0.248882</i>
                        <i>1 0 0 0 1 0 0 0 1 -1.34883 3.47704 -0.264744</i>
                        <i>1 0 0 0 1 0 0 0 1 -1.35367 3.41607 -0.276368</i>
                        <i>1 0 0 0 1 0 0 0 1 -1.38643 3.39372 -0.284379</i>
                        <i>1 0 0 0 1 0 0 0 1 -1.42961 3.38482 -0.291858</i>
                        <i>1 0 0 0 1 0 0 0 1 -1.46941 3.37661 -0.29878</i>
                        <i>1 0 0 0 1 0 0 0 1 -1.49237 3.35622 -0.305137</i>
                        <i>1 0 0 0 1 0 0 0 1 -1.49536 3.32014 -0.310943</i>
                        <i>1 0 0 0 1 0 0 0 1 -1.48805 3.27694 -0.316222</i>
                        <i>1 0 0 0 1 0 0 0 1 -1.47618 3.23187 -0.320981</i>
                        <i>1 0 0 0 1 0 0 0 1 -1.46522 3.19027 -0.325227</i>
                        <i>1 0 0 0 1 0 0 0 1 -1.46042 3.15754 -0.32896</i>
                        <i>1 0 0 0 1 0 0 0 1 -1.46042 3.13491 -0.329549</i>
                        <i>1 0 0 0 1 0 0 0 1 -1.46042 3.12044 -0.32554</i>
                        <i>1 0 0 0 1 0 0 0 1 -1.46042 3.11478 -0.318701</i>
                        <i>1 0 0 0 1 0 0 0 1 -1.45397 3.11019 -0.310199</i>
                        <i>1 0 0 0 1 0 0 0 1 -1.43613 3.11442 -0.300297</i>
                        <i>1 0 0 0 1 0 0 0 1 -1.40918 3.1513 -0.289402</i>
                        <i>1 0 0 0 1 0 0 0 1 -1.3754 3.28573 -0.277923</i>
                        <i>1 0 0 0 1 0 0 0 1 -1.33707 3.42056 -0.266266</i>
                        <i>1 0 0 0 1 0 0 0 1 -1.29645 3.47406 -0.25484</i>
                        <i>1 0 0 0 1 0 0 0 1 -1.25584 3.50981 -0.244054</i>
                        <i>1 0 0 0 1 0 0 0 1 -1.21751 3.52655 -0.234313</i>
                        <i>1 0 0 0 1 0 0 0 1 -1.18373 3.52299 -0.226028</i>
                        <i>1 0 0 0 1 0 0 0 1 -1.15678 3.46452 -0.219605</i>
                        <i>1 0 0 0 1 0 0 0 1 -1.13894 3.37074 -0.215451</i>
                        <i>1 0 0 0 1 0 0 0 1 -1.13249 3.32169 -0.213976</i>
                        <i>1 0 0 0 1 0 0 0 1 -1.13249 3.32169 -0.213976</i>
                        <i>1 0 0 0 1 0 0 0 1 -1.13249 3.32169 -0.213976</i>
                        <i>1 0 0 0 1 0 0 0 1 -1.13249 3.32169 -0.213976</i>
                        <i>1 0 0 0 1 0 0 0 1 -1.13249 3.32169 -0.213976</i>
                        <i>1 0 0 0 1 0 0 0 1 -1.13249 3.32169 -0.213976</i>
                        <i>1 0 0 0 1 0 0 0 1 -1.13249 3.32169 -0.213976</i>
                        <i>1 0 0 0 1 0 0 0 1 -1.13249 3.32169 -0.213976</i>
                        <i>1 0 0 0 1 0 0 0 1 -1.13249 3.32169 -0.213976</i>
                        <i>1 0 0 0 1 0 0 0 1 -1.13249 3.32169 -0.213976</i>
                        <i>1 0 0 0 1 0 0 0 1 -1.13249 3.32169 -0.213976</i>
                    </KeyFrames>
                </p>
            </i>
            <i>
                <p>
                    <Name><![CDATA[spine0]]></Name>
                    <Exclude>0</Exclude>
                    <Additive>0</Additive>
                    <IKPriority>0</IKPriority>
                    <IKRotLimits>-1e+010 -1e+010 -1e+010 1e+010 1e+010 1e+010</IKRotLimits>
                    <IKRotLimitOrder>0</IKRotLimitOrder>
                    <KeyFrames count="40">
                        <i>0.0457755 0.953961 0.296416 -0.998949 0.0430671 0.0156641 0.0021772 -0.296821 0.954931 -1.1524 3.46144 -0.241706</i>
                        <i>0.107205 0.949345 0.295382 -0.994231 0.10134 0.0351387 0.0034247 -0.297445 0.954733 -1.23166 3.57629 -0.247623</i>
                        <i>0.151815 0.940794 0.303082 -0.988371 0.141798 0.0549266 0.00869838 -0.307896 0.95138 -1.32649 3.70829 -0.262502</i>
                        <i>0.0566328 0.946302 0.318284 -0.998374 0.0516198 0.0241694 0.00644173 -0.319136 0.947687 -1.34866 3.69365 -0.278999</i>
                        <i>-0.117656 0.937956 0.326185 -0.993049 -0.112217 -0.0355117 0.00329512 -0.328095 0.944639 -1.36215 3.61729 -0.293908</i>
                        <i>-0.27856 0.90357 0.325523 -0.960117 -0.27049 -0.0707884 0.0240884 -0.332259 0.942881 -1.38904 3.55222 -0.306461</i>
                        <i>-0.397668 0.861061 0.316913 -0.916079 -0.392019 -0.084386 0.0515745 -0.323875 0.944693 -1.44201 3.52234 -0.316993</i>
                        <i>-0.4973 0.813747 0.300848 -0.865281 -0.490428 -0.103774 0.0630979 -0.311925 0.948009 -1.50324 3.50295 -0.328186</i>
                        <i>-0.571029 0.768899 0.287611 -0.818129 -0.561929 -0.122071 0.067757 -0.305009 0.949936 -1.55698 3.48333 -0.33927</i>
                        <i>-0.618451 0.734086 0.280423 -0.782378 -0.608578 -0.13235 0.0735031 -0.301249 0.950708 -1.58906 3.4534 -0.348772</i>
                        <i>-0.634241 0.720615 0.280094 -0.768377 -0.627651 -0.125105 0.0856485 -0.294564 0.951786 -1.59742 3.41102 -0.355891</i>
                        <i>-0.618852 0.729158 0.29215 -0.778568 -0.618712 -0.105014 0.104185 -0.292446 0.95059 -1.59337 3.36393 -0.361352</i>
                        <i>-0.585748 0.747827 0.312496 -0.801482 -0.591786 -0.086122 0.120526 -0.300906 0.946007 -1.58335 3.31674 -0.365785</i>
                        <i>-0.548909 0.76689 0.332533 -0.826978 -0.55615 -0.0824886 0.121678 -0.320276 0.939477 -1.57334 3.27395 -0.369979</i>
                        <i>-0.523698 0.77992 0.342731 -0.846659 -0.52107 -0.107959 0.0943872 -0.346715 0.93321 -1.56902 3.24003 -0.374769</i>
                        <i>-0.536408 0.791179 0.293771 -0.843958 -0.50295 -0.18648 0.000212615 -0.34796 0.937509 -1.56893 3.21344 -0.38206</i>
                        <i>-0.571932 0.796047 0.197999 -0.8128 -0.517377 -0.267726 -0.110682 -0.314055 0.942931 -1.56884 3.19292 -0.386261</i>
                        <i>-0.588295 0.797562 0.133429 -0.792033 -0.535037 -0.293971 -0.163071 -0.278622 0.946455 -1.56734 3.18622 -0.383204</i>
                        <i>-0.586381 0.801358 0.11825 -0.793241 -0.5385 -0.284228 -0.164091 -0.260467 0.951436 -1.55593 3.18733 -0.376161</i>
                        <i>-0.575409 0.809032 0.119883 -0.804539 -0.533565 -0.260817 -0.147044 -0.246527 0.957916 -1.53086 3.20038 -0.366124</i>
                        <i>-0.528252 0.837422 0.140267 -0.842636 -0.496708 -0.207956 -0.104475 -0.228047 0.968029 -1.49388 3.24942 -0.351816</i>
                        <i>-0.400648 0.886524 0.231423 -0.915964 -0.381442 -0.124544 -0.0221371 -0.261873 0.964848 -1.44418 3.40196 -0.327478</i>
                        <i>-0.268348 0.91389 0.304622 -0.962828 -0.264577 -0.054425 0.0308573 -0.307903 0.950917 -1.38965 3.5488 -0.304799</i>
                        <i>-0.200266 0.934187 0.295277 -0.979063 -0.202034 -0.0248445 0.0364467 -0.29407 0.955089 -1.34017 3.60596 -0.292077</i>
                        <i>-0.143211 0.949629 0.27874 -0.989058 -0.147405 -0.00597109 0.0354172 -0.276545 0.960348 -1.2921 3.64445 -0.279477</i>
                        <i>-0.0980257 0.957812 0.270162 -0.994672 -0.103002 0.00426847 0.0319156 -0.268304 0.962805 -1.24771 3.66318 -0.267686</i>
                        <i>-0.0546731 0.959788 0.27535 -0.998182 -0.0595394 0.0093388 0.0253574 -0.274338 0.961299 -1.20931 3.66105 -0.257353</i>
                        <i>-0.00821717 0.958322 0.285571 -0.999845 -0.0123143 0.0125544 0.0155478 -0.285424 0.958275 -1.17915 3.60353 -0.249128</i>
                        <i>0.029793 0.955233 0.294352 -0.999536 0.0266264 0.0147605 0.00626216 -0.294655 0.955583 -1.15945 3.5103 -0.243681</i>
                        <i>0.0457755 0.953961 0.296416 -0.998949 0.0430671 0.0156641 0.0021772 -0.296821 0.954931 -1.1524 3.46144 -0.241706</i>
                        <i>0.0458456 0.954708 0.293992 -0.998946 0.0431429 0.0156752 0.00228155 -0.294401 0.955679 -1.1524 3.46144 -0.241706</i>
                        <i>0.0458852 0.955133 0.292603 -0.998944 0.0431859 0.0156815 0.0023416 -0.293013 0.956106 -1.1524 3.46144 -0.241706</i>
                        <i>0.045901 0.955303 0.292044 -0.998943 0.0432031 0.015684 0.00236577 -0.292455 0.956276 -1.1524 3.46144 -0.241706</i>
                        <i>0.0458985 0.955276 0.292132 -0.998943 0.0432004 0.0156836 0.00236196 -0.292543 0.956249 -1.1524 3.46144 -0.241706</i>
                        <i>0.0458827 0.955106 0.292691 -0.998944 0.0431832 0.0156811 0.00233778 -0.293101 0.956079 -1.1524 3.46144 -0.241706</i>
                        <i>0.0458583 0.954844 0.293548 -0.998945 0.0431567 0.0156772 0.00230076 -0.293957 0.955816 -1.1524 3.46144 -0.241706</i>
                        <i>0.0458302 0.954543 0.294528 -0.998947 0.0431262 0.0156728 0.00225846 -0.294936 0.955514 -1.1524 3.46144 -0.241706</i>
                        <i>0.0458035 0.954258 0.295454 -0.998948 0.0430973 0.0156685 0.00221856 -0.295861 0.955228 -1.1524 3.46144 -0.241706</i>
                        <i>0.0457834 0.954045 0.296145 -0.998949 0.0430756 0.0156654 0.00218885 -0.296551 0.955015 -1.1524 3.46144 -0.241706</i>
                        <i>0.0457755 0.953961 0.296416 -0.998949 0.0430671 0.0156641 0.0021772 -0.296821 0.954931 -1.1524 3.46144 -0.241706</i>
                    </KeyFrames>
                </p>
            </i>
            <i>
                <p>
                    <Name><![CDATA[spine1]]></Name>
                    <Exclude>0</Exclude>
                    <Additive>0</Additive>
                    <IKPriority>0</IKPriority>
                    <IKRotLimits>-1e+010 -1e+010 -1e+010 1e+010 1e+010 1e+010</IKRotLimits>
                    <IKRotLimitOrder>0</IKRotLimitOrder>
                    <KeyFrames count="40">
                        <i>0.222823 0.702459 0.675944 -0.969858 0.229877 0.0808165 -0.0986138 -0.673578 0.732508 -1.14376 3.6415 -0.185867</i>
                        <i>0.252448 0.666484 0.701476 -0.958248 0.272806 0.0856585 -0.134277 -0.693813 0.707526 -1.21202 3.75018 -0.193593</i>
                        <i>0.245388 0.602417 0.759525 -0.953092 0.293131 0.0754282 -0.177201 -0.742407 0.64609 -1.30013 3.87165 -0.209888</i>
                        <i>0.155538 0.581131 0.798808 -0.974367 0.223304 0.0272684 -0.162531 -0.782574 0.600968 -1.33904 3.8544 -0.22492</i>
                        <i>0.0305009 0.595475 0.802795 -0.993861 0.103525 -0.03903 -0.106351 -0.796676 0.594977 -1.38246 3.77921 -0.237606</i>
                        <i>-0.108821 0.590102 0.799961 -0.993988 -0.0548163 -0.0947796 -0.0120786 -0.805466 0.592519 -1.43813 3.71146 -0.249125</i>
                        <i>-0.233551 0.564877 0.791434 -0.968 -0.211934 -0.13439 0.0918174 -0.797495 0.596298 -1.51318 3.67644 -0.260325</i>
                        <i>-0.350469 0.526137 0.774823 -0.918525 -0.354724 -0.174596 0.182986 -0.772884 0.60759 -1.59301 3.64985 -0.273934</i>
                        <i>-0.43041 0.495613 0.754397 -0.870243 -0.449732 -0.201046 0.239635 -0.74304 0.624873 -1.66014 3.62226 -0.287363</i>
                        <i>-0.466578 0.484838 0.739755 -0.844064 -0.494009 -0.208592 0.264312 -0.721725 0.639728 -1.70035 3.58551 -0.298359</i>
                        <i>-0.459553 0.496168 0.736633 -0.842039 -0.507174 -0.183698 0.282456 -0.704693 0.650866 -1.71094 3.54001 -0.305802</i>
                        <i>-0.413164 0.528859 0.741352 -0.86242 -0.48867 -0.132034 0.292449 -0.693909 0.658 -1.70402 3.49431 -0.309159</i>
                        <i>-0.341183 0.572946 0.745202 -0.895996 -0.437934 -0.073518 0.284228 -0.692782 0.662773 -1.6895 3.45226 -0.309216</i>
                        <i>-0.264497 0.613593 0.744006 -0.929673 -0.367356 -0.0275389 0.256417 -0.698966 0.667605 -1.67507 3.41609 -0.308438</i>
                        <i>-0.208429 0.638493 0.740867 -0.954615 -0.297597 -0.0120881 0.212762 -0.709763 0.671543 -1.66765 3.38694 -0.31032</i>
                        <i>-0.202491 0.682271 0.702498 -0.967266 -0.251384 -0.034663 0.152948 -0.686522 0.710841 -1.66983 3.3623 -0.326895</i>
                        <i>-0.227167 0.74681 0.625036 -0.967833 -0.244394 -0.0597473 0.108135 -0.618503 0.778306 -1.67471 3.34032 -0.349685</i>
                        <i>-0.250354 0.781949 0.570857 -0.963583 -0.258478 -0.0685284 0.0939685 -0.567225 0.818184 -1.67455 3.3316 -0.358948</i>
                        <i>-0.291404 0.770596 0.566803 -0.949411 -0.305485 -0.0727881 0.117059 -0.55934 0.820631 -1.66391 3.33493 -0.354458</i>
                        <i>-0.362554 0.723833 0.587044 -0.912718 -0.403121 -0.0666348 0.188417 -0.559964 0.806808 -1.63783 3.35083 -0.343918</i>
                        <i>-0.421047 0.663873 0.618055 -0.861078 -0.506707 -0.0423347 0.285068 -0.550018 0.784995 -1.5916 3.40437 -0.325945</i>
                        <i>-0.38276 0.612945 0.691226 -0.855669 -0.517304 -0.0150994 0.348319 -0.59724 0.722481 -1.51804 3.56542 -0.284889</i>
                        <i>-0.310207 0.590278 0.745214 -0.885467 -0.464702 -0.000501912 0.346006 -0.660018 0.666825 -1.43902 3.71695 -0.248831</i>
                        <i>-0.267027 0.635805 0.724189 -0.917235 -0.398185 0.0113807 0.295597 -0.661212 0.689508 -1.37694 3.77747 -0.237943</i>
                        <i>-0.215044 0.698744 0.682285 -0.951636 -0.306893 0.0143573 0.21942 -0.646199 0.730945 -1.31831 3.81825 -0.228533</i>
                        <i>-0.151374 0.739732 0.655655 -0.976257 -0.215857 0.0181438 0.154949 -0.637341 0.754843 -1.26565 3.83841 -0.218333</i>
                        <i>-0.054103 0.751023 0.658056 -0.994419 -0.100304 0.0327173 0.0905774 -0.652613 0.752258 -1.21939 3.83796 -0.206681</i>
                        <i>0.0715875 0.741151 0.667511 -0.997405 0.048098 0.0535631 0.00759241 -0.669614 0.742671 -1.18068 3.78216 -0.195996</i>
                        <i>0.178398 0.716525 0.674364 -0.98168 0.176226 0.0724523 -0.0669264 -0.674934 0.734836 -1.15385 3.6899 -0.188445</i>
                        <i>0.222823 0.702459 0.675944 -0.969858 0.229877 0.0808165 -0.0986138 -0.673578 0.732508 -1.14376 3.6415 -0.185867</i>
                        <i>0.222769 0.703594 0.674781 -0.969994 0.229129 0.0813168 -0.0973977 -0.672648 0.733525 -1.14374 3.64184 -0.186266</i>
                        <i>0.222737 0.704257 0.674099 -0.970072 0.228695 0.0816059 -0.0966917 -0.672101 0.734119 -1.14373 3.64203 -0.186495</i>
                        <i>0.222723 0.704526 0.673823 -0.970103 0.22852 0.0817226 -0.0964062 -0.671879 0.73436 -1.14372 3.64211 -0.186586</i>
                        <i>0.222726 0.704484 0.673866 -0.970098 0.228548 0.0817041 -0.0964513 -0.671914 0.734322 -1.14372 3.6421 -0.186572</i>
                        <i>0.222739 0.704215 0.674143 -0.970067 0.228723 0.0815875 -0.0967368 -0.672136 0.734081 -1.14373 3.64202 -0.18648</i>
                        <i>0.222759 0.703806 0.674564 -0.970019 0.22899 0.0814092 -0.0971724 -0.672474 0.733714 -1.14373 3.6419 -0.186339</i>
                        <i>0.222781 0.703341 0.67504 -0.969964 0.229295 0.0812058 -0.0976681 -0.672856 0.733298 -1.14374 3.64176 -0.186178</i>
                        <i>0.222802 0.702906 0.675486 -0.969912 0.229581 0.0810144 -0.0981335 -0.673212 0.732909 -1.14375 3.64164 -0.186025</i>
                        <i>0.222817 0.702585 0.675816 -0.969873 0.229794 0.0808722 -0.0984787 -0.673475 0.732621 -1.14376 3.64154 -0.185911</i>
                        <i>0.222823 0.702459 0.675944 -0.969858 0.229877 0.0808165 -0.0986138 -0.673578 0.732508 -1.14376 3.6415 -0.185867</i>
                    </KeyFrames>
                </p>
            </i>
            <i>
                <p>
                    <Name><![CDATA[spine2]]></Name>
                    <Exclude>0</Exclude>
                    <Additive>0</Additive>
                    <IKPriority>0</IKPriority>
                    <IKRotLimits>-1e+010 -1e+010 -1e+010 1e+010 1e+010 1e+010</IKRotLimits>
                    <IKRotLimitOrder>0</IKRotLimitOrder>
                    <KeyFrames count="40">
                        <i>0.140243 0.422207 0.895585 -0.981633 0.177445 0.0700651 -0.129335 -0.888963 0.439338 -1.10514 3.7631 -0.0683768</i>
                        <i>0.181387 0.384149 0.905278 -0.965606 0.243955 0.0899543 -0.186291 -0.890458 0.415186 -1.16958 3.86212 -0.075353</i>
                        <i>0.226733 0.320776 0.919617 -0.939866 0.31969 0.120213 -0.25543 -0.891572 0.373971 -1.26107 3.96756 -0.0886617</i>
                        <i>0.218913 0.292588 0.930843 -0.94334 0.307275 0.125268 -0.249373 -0.905524 0.343276 -1.31487 3.94491 -0.10025</i>
                        <i>0.166285 0.302053 0.938676 -0.968391 0.229508 0.0976962 -0.185924 -0.925251 0.33067 -1.37773 3.87343 -0.110258</i>
                        <i>0.0499853 0.315187 0.947712 -0.996265 0.0826238 0.0250675 -0.0704026 -0.945426 0.31814 -1.45584 3.80673 -0.119555</i>
                        <i>-0.116246 0.295387 0.948279 -0.990634 -0.103341 -0.0892479 0.0716332 -0.949772 0.304633 -1.55164 3.76901 -0.130123</i>
                        <i>-0.294449 0.223647 0.92913 -0.93099 -0.286638 -0.226043 0.21577 -0.931569 0.292614 -1.65115 3.73678 -0.145338</i>
                        <i>-0.428431 0.154671 0.890238 -0.846484 -0.41336 -0.335556 0.316088 -0.897335 0.308023 -1.73158 3.70421 -0.162035</i>
                        <i>-0.497087 0.127956 0.858214 -0.788163 -0.480255 -0.384909 0.36291 -0.867746 0.339578 -1.77748 3.66538 -0.175943</i>
                        <i>-0.510883 0.133926 0.849154 -0.763548 -0.524526 -0.376652 0.39496 -0.840795 0.370231 -1.7865 3.62134 -0.184556</i>
                        <i>-0.497956 0.168359 0.850702 -0.760514 -0.556175 -0.335094 0.416723 -0.813833 0.40499 -1.77187 3.58095 -0.187257</i>
                        <i>-0.456269 0.233884 0.858555 -0.785255 -0.559667 -0.264853 0.41856 -0.795029 0.439017 -1.74625 3.54742 -0.184996</i>
                        <i>-0.398119 0.307661 0.864202 -0.823658 -0.534625 -0.189112 0.403842 -0.787096 0.466252 -1.72004 3.52033 -0.181553</i>
                        <i>-0.357093 0.352334 0.86507 -0.852854 -0.500699 -0.148121 0.380951 -0.790671 0.479286 -1.70365 3.49719 -0.181869</i>
                        <i>-0.363671 0.404014 0.839355 -0.853543 -0.505423 -0.12654 0.373105 -0.762444 0.528651 -1.70473 3.48004 -0.205198</i>
                        <i>-0.391074 0.477814 0.78661 -0.83394 -0.545545 -0.0832222 0.389366 -0.688531 0.611816 -1.71321 3.46727 -0.243086</i>
                        <i>-0.407808 0.520872 0.749924 -0.819752 -0.570577 -0.0494768 0.402118 -0.634929 0.659672 -1.71631 3.46253 -0.263088</i>
                        <i>-0.418245 0.508912 0.752382 -0.801408 -0.596648 -0.0419254 0.427571 -0.6205 0.657391 -1.71304 3.46528 -0.258262</i>
                        <i>-0.466889 0.417509 0.779552 -0.726536 -0.683657 -0.0689863 0.504143 -0.598581 0.622527 -1.69956 3.4744 -0.243335</i>
                        <i>-0.531867 0.269115 0.802929 -0.608389 -0.780969 -0.141247 0.589051 -0.563618 0.579098 -1.66292 3.5171 -0.220621</i>
                        <i>-0.529803 0.157392 0.833389 -0.592929 -0.77133 -0.231266 0.606419 -0.616666 0.501975 -1.58261 3.66909 -0.167587</i>
                        <i>-0.503693 0.1274 0.854437 -0.655825 -0.700179 -0.282211 0.562305 -0.702509 0.436227 -1.49121 3.81653 -0.122685</i>
                        <i>-0.48891 0.200394 0.849005 -0.721213 -0.640363 -0.264172 0.490733 -0.74147 0.457606 -1.42178 3.88452 -0.115604</i>
                        <i>-0.451177 0.319442 0.833305 -0.806238 -0.546257 -0.227118 0.382648 -0.774312 0.504005 -1.35434 3.93559 -0.113599</i>
                        <i>-0.373328 0.412446 0.830972 -0.883768 -0.430497 -0.183374 0.282099 -0.802845 0.525223 -1.29101 3.96261 -0.107912</i>
                        <i>-0.234834 0.461247 0.855631 -0.955995 -0.268846 -0.117453 0.175858 -0.845561 0.504084 -1.22849 3.96499 -0.0950104</i>
                        <i>-0.0600996 0.471351 0.879896 -0.997358 -0.06439 -0.0336296 0.0408052 -0.879592 0.473975 -1.16839 3.90889 -0.081437</i>
                        <i>0.0832884 0.445341 0.891479 -0.993444 0.107398 0.0391638 -0.0783019 -0.888897 0.451366 -1.12304 3.81345 -0.0716954</i>
                        <i>0.140243 0.422207 0.895585 -0.981633 0.177445 0.0700651 -0.129335 -0.888963 0.439338 -1.10514 3.7631 -0.0683768</i>
                        <i>0.139666 0.416848 0.898182 -0.981744 0.176572 0.0707132 -0.129117 -0.891662 0.433899 -1.10509 3.76376 -0.0688501</i>
                        <i>0.139333 0.413734 0.899673 -0.981809 0.176063 0.071087 -0.128988 -0.893211 0.430739 -1.10505 3.76414 -0.0691226</i>
                        <i>0.139198 0.412474 0.900272 -0.981835 0.175857 0.0712376 -0.128935 -0.893834 0.42946 -1.10504 3.7643 -0.0692323</i>
                        <i>0.139219 0.412673 0.900177 -0.981831 0.175889 0.0712139 -0.128944 -0.893736 0.429662 -1.10504 3.76427 -0.069215</i>
                        <i>0.139354 0.413933 0.899578 -0.981805 0.176095 0.0710632 -0.128996 -0.893113 0.43094 -1.10506 3.76412 -0.0691053</i>
                        <i>0.13956 0.415854 0.898659 -0.981765 0.176409 0.0708326 -0.129076 -0.892158 0.432891 -1.10508 3.76388 -0.0689372</i>
                        <i>0.139794 0.418039 0.897608 -0.98172 0.176766 0.0705696 -0.129166 -0.891065 0.435108 -1.1051 3.76361 -0.0687453</i>
                        <i>0.140015 0.420091 0.896616 -0.981677 0.1771 0.0703217 -0.129249 -0.890033 0.43719 -1.10512 3.76336 -0.0685643</i>
                        <i>0.140179 0.421612 0.895876 -0.981646 0.177348 0.0701373 -0.129311 -0.889264 0.438734 -1.10514 3.76317 -0.0684296</i>
                        <i>0.140243 0.422207 0.895585 -0.981633 0.177445 0.0700651 -0.129335 -0.888963 0.439338 -1.10514 3.7631 -0.0683768</i>
                    </KeyFrames>
                </p>
            </i>
            <i>
                <p>
                    <Name><![CDATA[head]]></Name>
                    <Exclude>0</Exclude>
                    <Additive>0</Additive>
                    <IKPriority>0</IKPriority>
                    <IKRotLimits>-1e+010 -1e+010 -1e+010 1e+010 1e+010 1e+010</IKRotLimits>
                    <IKRotLimitOrder>0</IKRotLimitOrder>
                    <KeyFrames count="40">
                        <i>-0.0454803 0.983887 0.172909 0.0822375 0.176188 -0.980915 -0.995574 -0.0303928 -0.0889255 -1.07978 3.88041 0.169922</i>
                        <i>0.0779965 0.982425 0.169581 0.0439091 0.166549 -0.985055 -0.995986 0.084277 -0.0301471 -1.12942 3.97009 0.161052</i>
                        <i>0.275371 0.94895 0.153833 -0.0437284 0.172218 -0.984088 -0.960343 0.264262 0.0889199 -1.20172 4.05975 0.14249</i>
                        <i>0.38735 0.9126 0.130846 -0.12228 0.191528 -0.97384 -0.913787 0.361217 0.185781 -1.25259 4.02975 0.129321</i>
                        <i>0.421561 0.899326 0.116182 -0.172443 0.205291 -0.963389 -0.890253 0.386093 0.241625 -1.32669 3.96058 0.123249</i>
                        <i>0.360387 0.925631 0.115453 -0.181678 0.191051 -0.964621 -0.91494 0.326661 0.237019 -1.43607 3.89838 0.119948</i>
                        <i>0.203083 0.968709 0.142688 -0.129353 0.170989 -0.976745 -0.97058 0.179903 0.16003 -1.58144 3.85527 0.11282</i>
                        <i>-0.0334635 0.979764 0.197341 -0.0293901 0.196401 -0.980083 -0.999008 -0.0385969 0.0222231 -1.73555 3.80033 0.0928012</i>
                        <i>-0.336968 0.896303 0.288261 0.0366975 0.318437 -0.947233 -0.940801 -0.308609 -0.140195 -1.85686 3.74453 0.0621165</i>
                        <i>-0.614367 0.685187 0.391243 -0.0581483 0.455192 -0.888493 -0.786874 -0.568611 -0.239813 -1.92333 3.69532 0.0355823</i>
                        <i>-0.751827 0.446279 0.485378 -0.258179 0.478106 -0.839499 -0.606712 -0.756472 -0.244233 -1.93752 3.65057 0.0216926</i>
                        <i>-0.775913 0.324886 0.540748 -0.38629 0.432995 -0.81443 -0.498738 -0.840812 -0.210467 -1.92214 3.6171 0.0170147</i>
                        <i>-0.759606 0.382176 0.526251 -0.3903 0.379385 -0.838888 -0.520255 -0.84262 -0.13902 -1.88943 3.59971 0.0217025</i>
                        <i>-0.718535 0.519804 0.462073 -0.354463 0.297919 -0.886341 -0.598384 -0.800655 -0.029814 -1.85168 3.59249 0.0291853</i>
                        <i>-0.657714 0.62029 0.427379 -0.349253 0.251582 -0.902623 -0.667409 -0.742931 0.0511689 -1.82673 3.58161 0.0307509</i>
                        <i>-0.569925 0.716062 0.403038 -0.32922 0.250415 -0.910443 -0.752861 -0.651573 0.0930242 -1.82967 3.57618 -0.000240215</i>
                        <i>-0.467716 0.824873 0.317532 -0.245272 0.224016 -0.943217 -0.849167 -0.519039 0.0975423 -1.84397 3.57918 -0.0534801</i>
                        <i>-0.424756 0.870036 0.250241 -0.148219 0.205853 -0.967293 -0.893092 -0.447954 0.0415188 -1.85007 3.58402 -0.0836041</i>
                        <i>-0.503969 0.841493 0.194691 -0.0393142 0.202827 -0.978425 -0.862827 -0.50075 -0.0691359 -1.84908 3.58598 -0.0755065</i>
                        <i>-0.685384 0.72001 0.108785 0.109936 0.249993 -0.961986 -0.719835 -0.64737 -0.250497 -1.84744 3.57111 -0.0518501</i>
                        <i>-0.847793 0.530268 0.00789894 0.236588 0.391503 -0.889242 -0.474629 -0.752025 -0.457369 -1.82575 3.57231 -0.0252586</i>
                        <i>-0.892174 0.451493 -0.0134463 0.278106 0.525608 -0.803985 -0.355926 -0.721034 -0.594497 -1.74428 3.69719 0.0337892</i>
                        <i>-0.905458 0.424078 -0.0174004 0.243564 0.485589 -0.839571 -0.347594 -0.764435 -0.542971 -1.6464 3.84067 0.083967</i>
                        <i>-0.917745 0.39402 -0.0499163 0.159617 0.250821 -0.954783 -0.363684 -0.884215 -0.293082 -1.57313 3.92971 0.0907756</i>
                        <i>-0.874019 0.484901 -0.0309954 0.0640787 0.0517963 -0.9966 -0.481647 -0.873034 -0.0763428 -1.49528 4.01475 0.0908871</i>
                        <i>-0.693602 0.720123 0.0184328 0.0184403 0.0433294 -0.998891 -0.720123 -0.692492 -0.0433326 -1.41026 4.06936 0.0991495</i>
                        <i>-0.328791 0.940058 0.0904808 0.022108 0.103443 -0.99439 -0.944144 -0.324946 -0.0547938 -1.30949 4.08832 0.123271</i>
                        <i>0.0416909 0.989604 0.137647 0.0309688 0.13642 -0.990167 -0.99865 0.0455437 -0.0249593 -1.20039 4.03806 0.148087</i>
                        <i>0.0621278 0.98248 0.17571 0.0528431 0.172565 -0.98358 -0.996668 0.0703928 -0.0411961 -1.11406 3.93705 0.164154</i>
                        <i>-0.0454803 0.983887 0.172909 0.0822375 0.176188 -0.980915 -0.995574 -0.0303928 -0.0889255 -1.07978 3.88041 0.169922</i>
                        <i>-0.0447511 0.984362 0.170378 0.084056 0.173654 -0.981213 -0.995456 -0.029589 -0.0905127 -1.07994 3.87918 0.170517</i>
                        <i>-0.0443155 0.984635 0.16891 0.0851071 0.172183 -0.981382 -0.995386 -0.029115 -0.0914297 -1.08003 3.87847 0.170856</i>
                        <i>-0.0441369 0.984744 0.168317 0.0855311 0.171587 -0.981449 -0.995357 -0.0289217 -0.0917996 -1.08006 3.87818 0.170991</i>
                        <i>-0.0441651 0.984727 0.168411 0.0854642 0.171681 -0.981438 -0.995362 -0.0289523 -0.0917412 -1.08006 3.87823 0.17097</i>
                        <i>-0.0443436 0.984617 0.169004 0.0850401 0.172277 -0.981371 -0.99539 -0.0291454 -0.0913713 -1.08002 3.87852 0.170834</i>
                        <i>-0.044613 0.984449 0.169909 0.0843918 0.173184 -0.981267 -0.995433 -0.0294384 -0.0908057 -1.07997 3.87896 0.170625</i>
                        <i>-0.0449154 0.984257 0.17094 0.0836526 0.174217 -0.981148 -0.995482 -0.0297691 -0.0901608 -1.0799 3.87946 0.170386</i>
                        <i>-0.0451954 0.984076 0.171908 0.082957 0.175187 -0.981034 -0.995528 -0.0300773 -0.0895536 -1.07984 3.87992 0.170159</i>
                        <i>-0.0454006 0.98394 0.172627 0.08244 0.175906 -0.980949 -0.995561 -0.0303043 -0.0891023 -1.0798 3.88027 0.169989</i>
                        <i>-0.0454803 0.983887 0.172909 0.0822375 0.176188 -0.980915 -0.995574 -0.0303928 -0.0889255 -1.07978 3.88041 0.169922</i>
                    </KeyFrames>
                </p>
            </i>
            <i>
                <p>
                    <Name><![CDATA[head_prop]]></Name>
                    <Exclude>0</Exclude>
                    <Additive>0</Additive>
                    <IKPriority>0</IKPriority>
                    <IKRotLimits>-1e+010 -1e+010 -1e+010 1e+010 1e+010 1e+010</IKRotLimits>
                    <IKRotLimitOrder>0</IKRotLimitOrder>
                    <KeyFrames count="40">
                        <i>0.995574 0.0303928 0.0889255 -0.0454803 0.983887 0.172909 -0.0822375 -0.176188 0.980915 -1.0946 4.20107 0.226275</i>
                        <i>0.995986 -0.084277 0.0301471 0.0779965 0.982425 0.169581 -0.0439091 -0.166549 0.985055 -1.104 4.29027 0.216321</i>
                        <i>0.960343 -0.264262 -0.0889199 0.275371 0.94895 0.153833 0.0437284 -0.172218 0.984088 -1.11198 4.36902 0.192625</i>
                        <i>0.913787 -0.361217 -0.185781 0.38735 0.9126 0.130846 0.12228 -0.191528 0.97384 -1.12635 4.32718 0.171965</i>
                        <i>0.808538 -0.516804 -0.281389 0.55723 0.82611 0.083889 0.189104 -0.224626 0.95592 -1.12142 4.2978 0.154928</i>
                        <i>0.659256 -0.675881 -0.329493 0.724687 0.68799 0.038712 0.200523 -0.2643 0.943364 -1.13426 4.33973 0.142679</i>
                        <i>0.69499 -0.658196 -0.289426 0.710102 0.691508 0.13256 0.11289 -0.29765 0.947977 -1.30122 4.39852 0.166495</i>
                        <i>0.945577 -0.306056 -0.110519 0.323538 0.848007 0.419769 -0.034752 -0.432681 0.900877 -1.64073 4.33427 0.213957</i>
                        <i>0.934811 0.28758 0.20839 -0.351166 0.660882 0.663263 0.0530197 -0.693205 0.718788 -1.99124 4.131 0.234486</i>
                        <i>0.605993 0.660957 0.442615 -0.696807 0.17267 0.696164 0.383708 -0.730288 0.565197 -2.17955 3.88209 0.21548</i>
                        <i>0.497419 0.782841 0.373812 -0.752453 0.174893 0.635002 0.431728 -0.597137 0.676046 -2.1969 3.75631 0.197623</i>
                        <i>0.498738 0.840812 0.210467 -0.775913 0.324886 0.540748 0.38629 -0.432995 0.81443 -2.17502 3.72298 0.193249</i>
                        <i>0.520255 0.84262 0.13902 -0.759606 0.382176 0.526251 0.3903 -0.379385 0.838888 -2.13699 3.72426 0.193213</i>
                        <i>0.598384 0.800655 0.029814 -0.718535 0.519804 0.462073 0.354463 -0.297919 0.886341 -2.08586 3.7619 0.179779</i>
                        <i>0.667409 0.742931 -0.0511689 -0.657714 0.62029 0.427379 0.349253 -0.251582 0.902623 -2.04109 3.78377 0.170037</i>
                        <i>0.752861 0.651573 -0.0930242 -0.569925 0.716062 0.403038 0.32922 -0.250415 0.910443 -2.01542 3.80955 0.131114</i>
                        <i>0.849167 0.519039 -0.0975423 -0.467716 0.824873 0.317532 0.245272 -0.224016 0.943217 -1.9964 3.84802 0.0500065</i>
                        <i>0.893092 0.447954 -0.0415188 -0.424756 0.870036 0.250241 0.148219 -0.205853 0.967293 -1.9885 3.86757 -0.00204835</i>
                        <i>0.862827 0.50075 0.0691359 -0.503969 0.841493 0.194691 0.0393142 -0.202827 0.978425 -2.01333 3.86023 -0.0120549</i>
                        <i>0.719835 0.64737 0.250497 -0.685384 0.72001 0.108785 -0.109936 -0.249993 0.961986 -2.07081 3.80576 -0.0163962</i>
                        <i>0.474629 0.752025 0.457369 -0.847793 0.530268 0.00789894 -0.236588 -0.391503 0.889242 -2.10205 3.74513 -0.0226843</i>
                        <i>0.355926 0.721034 0.594497 -0.892174 0.451493 -0.0134463 -0.278106 -0.525608 0.803985 -2.03505 3.84434 0.0294069</i>
                        <i>0.347594 0.764435 0.542971 -0.905458 0.424078 -0.0174004 -0.243564 -0.485589 0.839571 -1.9415 3.97888 0.078296</i>
                        <i>0.363684 0.884215 0.293082 -0.917745 0.39402 -0.0499163 -0.159617 -0.250821 0.954783 -1.87223 4.05813 0.0745074</i>
                        <i>0.481647 0.873034 0.0763428 -0.874019 0.484901 -0.0309954 -0.0640787 -0.0517963 0.9966 -1.78013 4.17278 0.0807854</i>
                        <i>0.720123 0.692492 0.0433326 -0.693602 0.720123 0.0184328 -0.0184403 -0.0433294 0.998891 -1.63631 4.30405 0.105157</i>
                        <i>0.944144 0.324946 0.0547938 -0.328791 0.940058 0.0904808 -0.022108 -0.103443 0.99439 -1.41664 4.39469 0.15276</i>
                        <i>0.99865 -0.0455437 0.0249593 0.0416909 0.989604 0.137647 -0.0309688 -0.13642 0.990167 -1.18681 4.36058 0.192947</i>
                        <i>0.996668 -0.0703928 0.0411961 0.0621278 0.98248 0.17571 -0.0528431 -0.172565 0.98358 -1.09381 4.25725 0.221419</i>
                        <i>0.995574 0.0303928 0.0889255 -0.0454803 0.983887 0.172909 -0.0822375 -0.176188 0.980915 -1.0946 4.20107 0.226275</i>
                        <i>0.995456 0.029589 0.0905127 -0.0447511 0.984362 0.170378 -0.084056 -0.173654 0.981213 -1.09452 4.2 0.226044</i>
                        <i>0.995386 0.029115 0.0914297 -0.0443155 0.984635 0.16891 -0.0851071 -0.172183 0.981382 -1.09447 4.19937 0.225905</i>
                        <i>0.995357 0.0289217 0.0917996 -0.0441369 0.984744 0.168317 -0.0855311 -0.171587 0.981449 -1.09445 4.19912 0.225847</i>
                        <i>0.995362 0.0289523 0.0917412 -0.0441651 0.984727 0.168411 -0.0854642 -0.171681 0.981438 -1.09445 4.19916 0.225857</i>
                        <i>0.99539 0.0291454 0.0913713 -0.0443436 0.984617 0.169004 -0.0850401 -0.172277 0.981371 -1.09447 4.19941 0.225914</i>
                        <i>0.995433 0.0294384 0.0908057 -0.044613 0.984449 0.169909 -0.0843918 -0.173184 0.981267 -1.09451 4.1998 0.226</i>
                        <i>0.995482 0.0297691 0.0901608 -0.0449154 0.984257 0.17094 -0.0836526 -0.174217 0.981148 -1.09454 4.20023 0.226097</i>
                        <i>0.995528 0.0300773 0.0895536 -0.0451954 0.984076 0.171908 -0.082957 -0.175187 0.981034 -1.09457 4.20064 0.226185</i>
                        <i>0.995561 0.0303043 0.0891023 -0.0454006 0.98394 0.172627 -0.08244 -0.175906 0.980949 -1.09459 4.20095 0.22625</i>
                        <i>0.995574 0.0303928 0.0889255 -0.0454803 0.983887 0.172909 -0.0822375 -0.176188 0.980915 -1.0946 4.20107 0.226275</i>
                    </KeyFrames>
                </p>
            </i>
            <i>
                <p>
                    <Name><![CDATA[l_clav]]></Name>
                    <Exclude>0</Exclude>
                    <Additive>0</Additive>
                    <IKPriority>0</IKPriority>
                    <IKRotLimits>-1e+010 -1e+010 -1e+010 1e+010 1e+010 1e+010</IKRotLimits>
                    <IKRotLimitOrder>0</IKRotLimitOrder>
                    <KeyFrames count="40">
                        <i>0.782183 0.58313 0.219429 -0.546614 0.473244 0.690836 0.299004 -0.660303 0.68891 -1.00593 3.75517 0.00659606</i>
                        <i>0.836863 0.511889 0.193985 -0.4765 0.506746 0.71844 0.26946 -0.69367 0.667992 -1.07385 3.84131 -0.00670226</i>
                        <i>0.898576 0.414547 0.143914 -0.369278 0.537192 0.758326 0.237053 -0.734558 0.635791 -1.17418 3.92925 -0.0307907</i>
                        <i>0.903657 0.407153 0.13278 -0.34892 0.520196 0.779519 0.248312 -0.750748 0.612143 -1.23313 3.90248 -0.0474197</i>
                        <i>0.864724 0.473042 0.16877 -0.411361 0.474269 0.778364 0.288156 -0.742496 0.604703 -1.29621 3.83772 -0.0550516</i>
                        <i>0.756913 0.600603 0.257603 -0.554159 0.380934 0.740133 0.346396 -0.702969 0.621164 -1.37364 3.78467 -0.0560826</i>
                        <i>0.554573 0.73362 0.392747 -0.735208 0.210898 0.644198 0.389767 -0.646005 0.656322 -1.4718 3.76463 -0.0532456</i>
                        <i>0.275995 0.802942 0.528309 -0.871485 -0.0227766 0.489892 0.405388 -0.595621 0.693466 -1.5805 3.74921 -0.0526632</i>
                        <i>0.0220003 0.806537 0.590774 -0.921632 -0.212639 0.324621 0.387441 -0.551618 0.738652 -1.67351 3.72856 -0.0559609</i>
                        <i>-0.126131 0.79923 0.587641 -0.923934 -0.310309 0.223728 0.361161 -0.514723 0.777575 -1.72815 3.69717 -0.0629932</i>
                        <i>-0.192419 0.80533 0.56073 -0.912763 -0.356698 0.199073 0.360331 -0.473509 0.803711 -1.73929 3.65986 -0.0701478</i>
                        <i>-0.219108 0.827739 0.516566 -0.904775 -0.370535 0.209968 0.365204 -0.42137 0.830104 -1.72313 3.62743 -0.07299</i>
                        <i>-0.18809 0.866932 0.461574 -0.906172 -0.334428 0.258863 0.37878 -0.369576 0.848492 -1.69211 3.60173 -0.0724987</i>
