<?xml version="1.0" encoding="ISO-8859-1" ?>
<Animl Version="1">
    <ModellingPackage><![CDATA[Maya.2010]]></ModellingPackage>
    <SrcFile><![CDATA[anims\turrets\mortar\blue\~src\mortar_m120\mortar_m120_fire_crewman_d.mb]]></SrcFile>
    <FramesPerSecond>30</FramesPerSecond>
    <TotalFrames>40</TotalFrames>
    <Skeleton>
        <RefFrame>
            <Name><![CDATA[soldier_ref_frame]]></Name>
            <Exclude>0</Exclude>
            <Additive>0</Additive>
            <IKPriority>0</IKPriority>
            <IKRotLimits>-1e+010 -1e+010 -1e+010 1e+010 1e+010 1e+010</IKRotLimits>
            <IKRotLimitOrder>0</IKRotLimitOrder>
            <KeyFrames count="40">
                <i>1 0 0 0 1 0 0 0 1 -1.81 0.85 -1.79</i>
                <i>1 0 0 0 1 0 0 0 1 -1.81 0.85 -1.79</i>
                <i>1 0 0 0 1 0 0 0 1 -1.81 0.85 -1.79</i>
                <i>1 0 0 0 1 0 0 0 1 -1.81 0.85 -1.79</i>
                <i>1 0 0 0 1 0 0 0 1 -1.81 0.85 -1.79</i>
                <i>1 0 0 0 1 0 0 0 1 -1.81 0.85 -1.79</i>
                <i>1 0 0 0 1 0 0 0 1 -1.81 0.85 -1.79</i>
                <i>1 0 0 0 1 0 0 0 1 -1.81 0.85 -1.79</i>
                <i>1 0 0 0 1 0 0 0 1 -1.81 0.85 -1.79</i>
                <i>1 0 0 0 1 0 0 0 1 -1.81 0.85 -1.79</i>
                <i>1 0 0 0 1 0 0 0 1 -1.81 0.85 -1.79</i>
                <i>1 0 0 0 1 0 0 0 1 -1.81 0.85 -1.79</i>
                <i>1 0 0 0 1 0 0 0 1 -1.81 0.85 -1.79</i>
                <i>1 0 0 0 1 0 0 0 1 -1.81 0.85 -1.79</i>
                <i>1 0 0 0 1 0 0 0 1 -1.81 0.85 -1.79</i>
                <i>1 0 0 0 1 0 0 0 1 -1.81 0.85 -1.79</i>
                <i>1 0 0 0 1 0 0 0 1 -1.81 0.85 -1.79</i>
                <i>1 0 0 0 1 0 0 0 1 -1.81 0.85 -1.79</i>
                <i>1 0 0 0 1 0 0 0 1 -1.81 0.85 -1.79</i>
                <i>1 0 0 0 1 0 0 0 1 -1.81 0.85 -1.79</i>
                <i>1 0 0 0 1 0 0 0 1 -1.81 0.85 -1.79</i>
                <i>1 0 0 0 1 0 0 0 1 -1.81 0.85 -1.79</i>
                <i>1 0 0 0 1 0 0 0 1 -1.81 0.85 -1.79</i>
                <i>1 0 0 0 1 0 0 0 1 -1.81 0.85 -1.79</i>
                <i>1 0 0 0 1 0 0 0 1 -1.81 0.85 -1.79</i>
                <i>1 0 0 0 1 0 0 0 1 -1.81 0.85 -1.79</i>
                <i>1 0 0 0 1 0 0 0 1 -1.81 0.85 -1.79</i>
                <i>1 0 0 0 1 0 0 0 1 -1.81 0.85 -1.79</i>
                <i>1 0 0 0 1 0 0 0 1 -1.81 0.85 -1.79</i>
                <i>1 0 0 0 1 0 0 0 1 -1.81 0.85 -1.79</i>
                <i>1 0 0 0 1 0 0 0 1 -1.81 0.85 -1.79</i>
                <i>1 0 0 0 1 0 0 0 1 -1.81 0.85 -1.79</i>
                <i>1 0 0 0 1 0 0 0 1 -1.81 0.85 -1.79</i>
                <i>1 0 0 0 1 0 0 0 1 -1.81 0.85 -1.79</i>
                <i>1 0 0 0 1 0 0 0 1 -1.81 0.85 -1.79</i>
                <i>1 0 0 0 1 0 0 0 1 -1.81 0.85 -1.79</i>
                <i>1 0 0 0 1 0 0 0 1 -1.81 0.85 -1.79</i>
                <i>1 0 0 0 1 0 0 0 1 -1.81 0.85 -1.79</i>
                <i>1 0 0 0 1 0 0 0 1 -1.81 0.85 -1.79</i>
                <i>1 0 0 0 1 0 0 0 1 -1.81 0.85 -1.79</i>
            </KeyFrames>
        </RefFrame>
        <Bones count="23">
            <i>
                <p>
                    <Name><![CDATA[pelvis]]></Name>
                    <Exclude>0</Exclude>
                    <Additive>0</Additive>
                    <IKPriority>0</IKPriority>
                    <IKRotLimits>-1e+010 -1e+010 -1e+010 1e+010 1e+010 1e+010</IKRotLimits>
                    <IKRotLimitOrder>2</IKRotLimitOrder>
                    <KeyFrames count="40">
                        <i>1 0 0 0 1 0 0 0 1 -1.91705 1.46832 -1.90868</i>
                        <i>1 0 0 0 1 0 0 0 1 -1.92939 1.51098 -1.90852</i>
                        <i>1 0 0 0 1 0 0 0 1 -1.95921 1.55934 -1.90789</i>
                        <i>1 0 0 0 1 0 0 0 1 -1.99512 1.54735 -1.90669</i>
                        <i>1 0 0 0 1 0 0 0 1 -2.02422 1.50818 -1.90534</i>
                        <i>1 0 0 0 1 0 0 0 1 -2.03483 1.47832 -1.90425</i>
                        <i>1 0 0 0 1 0 0 0 1 -2.03228 1.47499 -1.90325</i>
                        <i>1 0 0 0 1 0 0 0 1 -2.028 1.48148 -1.90228</i>
                        <i>1 0 0 0 1 0 0 0 1 -2.02275 1.49272 -1.90147</i>
                        <i>1 0 0 0 1 0 0 0 1 -2.01723 1.50361 -1.90094</i>
                        <i>1 0 0 0 1 0 0 0 1 -2.01211 1.5091 -1.90084</i>
                        <i>1 0 0 0 1 0 0 0 1 -2.00714 1.50809 -1.90105</i>
                        <i>1 0 0 0 1 0 0 0 1 -2.00171 1.50356 -1.90135</i>
                        <i>1 0 0 0 1 0 0 0 1 -1.99591 1.4966 -1.90172</i>
                        <i>1 0 0 0 1 0 0 0 1 -1.98981 1.48824 -1.90216</i>
                        <i>1 0 0 0 1 0 0 0 1 -1.98347 1.47956 -1.90265</i>
                        <i>1 0 0 0 1 0 0 0 1 -1.97697 1.47162 -1.90318</i>
                        <i>1 0 0 0 1 0 0 0 1 -1.97039 1.46548 -1.90374</i>
                        <i>1 0 0 0 1 0 0 0 1 -1.96381 1.46219 -1.90432</i>
                        <i>1 0 0 0 1 0 0 0 1 -1.95732 1.46109 -1.9049</i>
                        <i>1 0 0 0 1 0 0 0 1 -1.95099 1.46071 -1.90548</i>
                        <i>1 0 0 0 1 0 0 0 1 -1.94492 1.46093 -1.90604</i>
                        <i>1 0 0 0 1 0 0 0 1 -1.9392 1.4616 -1.90657</i>
                        <i>1 0 0 0 1 0 0 0 1 -1.93392 1.46261 -1.90707</i>
                        <i>1 0 0 0 1 0 0 0 1 -1.92918 1.46381 -1.90751</i>
                        <i>1 0 0 0 1 0 0 0 1 -1.92507 1.46509 -1.9079</i>
                        <i>1 0 0 0 1 0 0 0 1 -1.92171 1.46631 -1.90823</i>
                        <i>1 0 0 0 1 0 0 0 1 -1.91919 1.46734 -1.90847</i>
                        <i>1 0 0 0 1 0 0 0 1 -1.9176 1.46805 -1.90862</i>
                        <i>1 0 0 0 1 0 0 0 1 -1.91705 1.46832 -1.90868</i>
                        <i>1 0 0 0 1 0 0 0 1 -1.91705 1.46832 -1.90868</i>
                        <i>1 0 0 0 1 0 0 0 1 -1.91705 1.46832 -1.90868</i>
                        <i>1 0 0 0 1 0 0 0 1 -1.91705 1.46832 -1.90868</i>
                        <i>1 0 0 0 1 0 0 0 1 -1.91705 1.46832 -1.90868</i>
                        <i>1 0 0 0 1 0 0 0 1 -1.91705 1.46832 -1.90868</i>
                        <i>1 0 0 0 1 0 0 0 1 -1.91705 1.46832 -1.90868</i>
                        <i>1 0 0 0 1 0 0 0 1 -1.91705 1.46832 -1.90868</i>
                        <i>1 0 0 0 1 0 0 0 1 -1.91705 1.46832 -1.90868</i>
                        <i>1 0 0 0 1 0 0 0 1 -1.91705 1.46832 -1.90868</i>
                        <i>1 0 0 0 1 0 0 0 1 -1.91705 1.46832 -1.90868</i>
                    </KeyFrames>
                </p>
            </i>
            <i>
                <p>
                    <Name><![CDATA[spine0]]></Name>
                    <Exclude>0</Exclude>
                    <Additive>0</Additive>
                    <IKPriority>0</IKPriority>
                    <IKRotLimits>-1e+010 -1e+010 -1e+010 1e+010 1e+010 1e+010</IKRotLimits>
                    <IKRotLimitOrder>0</IKRotLimitOrder>
                    <KeyFrames count="40">
                        <i>-0.0333484 0.97671 0.211955 -0.998234 -0.0221183 -0.0551362 -0.049164 -0.213419 0.975723 -1.93013 1.6052 -1.95097</i>
                        <i>-0.0649862 0.975218 0.211488 -0.997594 -0.0583623 -0.0374198 -0.0241495 -0.213411 0.976664 -1.94698 1.64742 -1.95059</i>
                        <i>-0.125259 0.96831 0.216068 -0.991567 -0.129483 0.0054469 0.0332513 -0.213563 0.976363 -1.987 1.69435 -1.94906</i>
                        <i>-0.162833 0.960413 0.226036 -0.98192 -0.180155 0.0581074 0.0965287 -0.212488 0.972384 -2.03384 1.68015 -1.94623</i>
                        <i>-0.150401 0.962246 0.226853 -0.978455 -0.177711 0.105092 0.141439 -0.20616 0.968242 -2.06989 1.63921 -1.94329</i>
                        <i>-0.102856 0.97174 0.212466 -0.983301 -0.131571 0.125734 0.150135 -0.195986 0.969045 -2.081 1.60887 -1.94326</i>
                        <i>-0.047004 0.979566 0.195553 -0.989948 -0.0718248 0.121837 0.133393 -0.18786 0.973095 -2.07499 1.60539 -1.94645</i>
                        <i>-0.0120436 0.982766 0.18446 -0.99303 -0.0333848 0.113032 0.117242 -0.181813 0.976319 -2.06623 1.61137 -1.9509</i>
                        <i>-0.0102461 0.982108 0.188039 -0.994047 -0.0304027 0.104625 0.10847 -0.185848 0.976573 -2.05632 1.62176 -1.95546</i>
                        <i>-0.028441 0.978607 0.203765 -0.993784 -0.0496308 0.0996482 0.107629 -0.199664 0.973935 -2.04683 1.63183 -1.95907</i>
                        <i>-0.0400306 0.97625 0.212918 -0.993567 -0.0614819 0.0951007 0.105933 -0.207742 0.972431 -2.03924 1.63706 -1.96071</i>
                        <i>-0.0407785 0.977572 0.206617 -0.994259 -0.0601744 0.088475 0.0989237 -0.201823 0.974414 -2.03283 1.63634 -1.96094</i>
                        <i>-0.0450577 0.979902 0.194324 -0.994787 -0.0618236 0.0810925 0.0914765 -0.189657 0.97758 -2.026 1.63223 -1.96095</i>
                        <i>-0.0500743 0.982147 0.181329 -0.995277 -0.0641891 0.0728254 0.0831645 -0.176826 0.980722 -2.01885 1.62576 -1.96077</i>
                        <i>-0.0534287 0.983644 0.172016 -0.995841 -0.0652159 0.0636146 0.0737924 -0.167902 0.983038 -2.01145 1.61798 -1.96043</i>
                        <i>-0.0531498 0.984049 0.169771 -0.996575 -0.0630561 0.0534989 0.0633507 -0.166346 0.98403 -2.00389 1.60994 -1.95994</i>
                        <i>-0.0504884 0.983731 0.172405 -0.997359 -0.0586878 0.0427941 0.052216 -0.169789 0.984096 -1.99626 1.60266 -1.95933</i>
                        <i>-0.0479186 0.983306 0.175535 -0.998015 -0.0543241 0.0318666 0.0408704 -0.17366 0.983957 -1.98863 1.59721 -1.95862</i>
                        <i>-0.045491 0.982787 0.179053 -0.998529 -0.0500278 0.020902 0.0294998 -0.177838 0.983617 -1.9811 1.59461 -1.95783</i>
                        <i>-0.0432468 0.982189 0.18285 -0.998897 -0.0458593 0.0100813 0.0182871 -0.182212 0.983089 -1.97376 1.59418 -1.957</i>
                        <i>-0.0412176 0.981529 0.186819 -0.999123 -0.0418765 -0.000420068 0.007411 -0.186672 0.982394 -1.96669 1.59444 -1.95614</i>
                        <i>-0.0394245 0.980827 0.190852 -0.999218 -0.0381335 -0.0104341 -0.0029562 -0.191114 0.981563 -1.95998 1.59526 -1.95527</i>
                        <i>-0.0378789 0.980103 0.19484 -0.999202 -0.0346808 -0.0198005 -0.0126493 -0.195435 0.980635 -1.95373 1.59649 -1.95443</i>
                        <i>-0.0365825 0.979383 0.198672 -0.999099 -0.0315647 -0.0283666 -0.0215107 -0.199531 0.979655 -1.94801 1.59799 -1.95363</i>
                        <i>-0.0355288 0.978692 0.202235 -0.998936 -0.0288274 -0.035987 -0.0293902 -0.203299 0.978676 -1.94293 1.59963 -1.9529</i>
                        <i>-0.0347046 0.978059 0.205416 -0.998744 -0.0265079 -0.0425223 -0.0361442 -0.206633 0.977751 -1.93856 1.60128 -1.95226</i>
                        <i>-0.0340924 0.977514 0.208097 -0.998551 -0.0246422 -0.0478378 -0.0416342 -0.209426 0.976938 -1.93501 1.60279 -1.95172</i>
                        <i>-0.0336729 0.977087 0.21016 -0.998386 -0.0232651 -0.0518009 -0.0457246 -0.211565 0.976294 -1.93236 1.60404 -1.95132</i>
                        <i>-0.0334287 0.976809 0.211486 -0.998274 -0.0224116 -0.054279 -0.0482805 -0.212935 0.975873 -1.93071 1.60489 -1.95106</i>
                        <i>-0.0333484 0.97671 0.211955 -0.998234 -0.0221183 -0.0551362 -0.049164 -0.213419 0.975723 -1.93013 1.6052 -1.95097</i>
                        <i>-0.0333484 0.97671 0.211955 -0.998234 -0.0221183 -0.0551362 -0.049164 -0.213419 0.975723 -1.93013 1.6052 -1.95097</i>
                        <i>-0.0333484 0.97671 0.211955 -0.998234 -0.0221183 -0.0551362 -0.049164 -0.213419 0.975723 -1.93013 1.6052 -1.95097</i>
                        <i>-0.0333484 0.97671 0.211955 -0.998234 -0.0221183 -0.0551362 -0.049164 -0.213419 0.975723 -1.93013 1.6052 -1.95097</i>
                        <i>-0.0333484 0.97671 0.211955 -0.998234 -0.0221183 -0.0551362 -0.049164 -0.213419 0.975723 -1.93013 1.6052 -1.95097</i>
                        <i>-0.0333484 0.97671 0.211955 -0.998234 -0.0221183 -0.0551362 -0.049164 -0.213419 0.975723 -1.93013 1.6052 -1.95097</i>
                        <i>-0.0333484 0.97671 0.211955 -0.998234 -0.0221183 -0.0551362 -0.049164 -0.213419 0.975723 -1.93013 1.6052 -1.95097</i>
                        <i>-0.0333484 0.97671 0.211955 -0.998234 -0.0221183 -0.0551362 -0.049164 -0.213419 0.975723 -1.93013 1.6052 -1.95097</i>
                        <i>-0.0333484 0.97671 0.211955 -0.998234 -0.0221183 -0.0551362 -0.049164 -0.213419 0.975723 -1.93013 1.6052 -1.95097</i>
                        <i>-0.0333484 0.97671 0.211955 -0.998234 -0.0221183 -0.0551362 -0.049164 -0.213419 0.975723 -1.93013 1.6052 -1.95097</i>
                        <i>-0.0333484 0.97671 0.211955 -0.998234 -0.0221183 -0.0551362 -0.049164 -0.213419 0.975723 -1.93013 1.6052 -1.95097</i>
                    </KeyFrames>
                </p>
            </i>
            <i>
                <p>
                    <Name><![CDATA[spine1]]></Name>
                    <Exclude>0</Exclude>
                    <Additive>0</Additive>
                    <IKPriority>0</IKPriority>
                    <IKRotLimits>-1e+010 -1e+010 -1e+010 1e+010 1e+010 1e+010</IKRotLimits>
                    <IKRotLimitOrder>0</IKRotLimitOrder>
                    <KeyFrames count="40">
                        <i>0.0484587 0.762801 0.644815 -0.99121 -0.042841 0.125171 0.123105 -0.645213 0.75402 -1.9363 1.78604 -1.91181</i>
                        <i>0.0599795 0.755007 0.652968 -0.987927 -0.048707 0.147066 0.14284 -0.653906 0.74297 -1.95891 1.82654 -1.91182</i>
                        <i>0.0924472 0.738461 0.667928 -0.978873 -0.0554637 0.196805 0.182379 -0.672011 0.717732 -2.00965 1.86948 -1.91004</i>
                        <i>0.139875 0.721643 0.677987 -0.963377 -0.0590212 0.261575 0.228779 -0.689745 0.686959 -2.0628 1.85093 -1.90607</i>
                        <i>0.178839 0.716667 0.674096 -0.945717 -0.0637508 0.318678 0.27136 -0.694496 0.666363 -2.0963 1.80819 -1.90348</i>
                        <i>0.185328 0.72498 0.663368 -0.940259 -0.0653695 0.334125 0.285598 -0.685661 0.669554 -2.09917 1.78047 -1.90578</i>
                        <i>0.171963 0.73495 0.655956 -0.945731 -0.0632036 0.318745 0.27572 -0.67517 0.684196 -2.08348 1.78222 -1.91121</i>
                        <i>0.147056 0.744484 0.651244 -0.951826 -0.0725974 0.297921 0.269076 -0.663682 0.697943 -2.06848 1.79402 -1.91671</i>
                        <i>0.113813 0.746184 0.655939 -0.957332 -0.0941578 0.273221 0.265635 -0.659047 0.70363 -2.05828 1.80848 -1.91983</i>
                        <i>0.0828404 0.743402 0.663694 -0.95984 -0.119606 0.253775 0.268039 -0.658063 0.703639 -2.05233 1.8205 -1.91992</i>
                        <i>0.0663884 0.742792 0.666222 -0.960464 -0.133353 0.244389 0.270373 -0.656107 0.704572 -2.04702 1.82662 -1.91951</i>
                        <i>0.060539 0.745743 0.663478 -0.961946 -0.133846 0.238214 0.26645 -0.652651 0.709261 -2.04079 1.8269 -1.92081</i>
                        <i>0.054426 0.75062 0.658489 -0.962968 -0.134943 0.233416 0.264065 -0.646807 0.715479 -2.03484 1.82418 -1.92304</i>
                        <i>0.0486281 0.75629 0.652426 -0.964117 -0.135135 0.228508 0.260984 -0.640128 0.722581 -2.02871 1.81905 -1.92524</i>
                        <i>0.0438743 0.761257 0.646964 -0.965816 -0.133289 0.222334 0.255487 -0.634603 0.729387 -2.022 1.8121 -1.92664</i>
                        <i>0.041046 0.76369 0.644277 -0.968331 -0.12853 0.214043 0.246271 -0.632659 0.73423 -2.01438 1.80396 -1.92662</i>
                        <i>0.0397754 0.764121 0.643845 -0.971292 -0.12168 0.204416 0.234542 -0.633492 0.737345 -2.00618 1.79588 -1.92562</i>
                        <i>0.0390626 0.764388 0.643573 -0.974163 -0.114244 0.194819 0.222441 -0.634555 0.740176 -1.998 1.78944 -1.92445</i>
                        <i>0.0388459 0.764518 0.64343 -0.976888 -0.106394 0.185394 0.210194 -0.635761 0.742716 -1.98995 1.78574 -1.92315</i>
                        <i>0.0390628 0.764539 0.643393 -0.979419 -0.098305 0.176279 0.198021 -0.637037 0.744964 -1.98212 1.78411 -1.92177</i>
                        <i>0.039648 0.764471 0.643438 -0.981724 -0.0901513 0.167602 0.186133 -0.638324 0.746925 -1.97461 1.78312 -1.92035</i>
                        <i>0.040532 0.764332 0.643547 -0.983781 -0.0821075 0.159479 0.174735 -0.639573 0.748608 -1.96752 1.78266 -1.91893</i>
                        <i>0.0416406 0.764142 0.643703 -0.985578 -0.074349 0.152016 0.164021 -0.640749 0.750025 -1.96092 1.78263 -1.91754</i>
                        <i>0.0428939 0.763915 0.64389 -0.987112 -0.0670515 0.145309 0.154177 -0.641824 0.751193 -1.95492 1.78294 -1.91623</i>
                        <i>0.0442071 0.763668 0.644093 -0.988387 -0.0603912 0.13944 0.145384 -0.642778 0.75213 -1.9496 1.78347 -1.91502</i>
                        <i>0.0454906 0.763419 0.644299 -0.989413 -0.0545449 0.134487 0.137813 -0.643596 0.752856 -1.94505 1.78412 -1.91395</i>
                        <i>0.0466517 0.763186 0.644493 -0.9902 -0.0496896 0.130516 0.131633 -0.644266 0.753389 -1.94136 1.78481 -1.91307</i>
                        <i>0.0475957 0.76299 0.644656 -0.990759 -0.0460025 0.127595 0.12701 -0.644772 0.753749 -1.93861 1.78543 -1.91239</i>
                        <i>0.0482284 0.762853 0.644771 -0.991096 -0.0436607 0.12579 0.12411 -0.645097 0.753954 -1.9369 1.78587 -1.91196</i>
                        <i>0.0484587 0.762801 0.644815 -0.99121 -0.042841 0.125171 0.123105 -0.645213 0.75402 -1.9363 1.78604 -1.91181</i>
                        <i>0.0484587 0.762801 0.644815 -0.99121 -0.042841 0.125171 0.123105 -0.645213 0.75402 -1.9363 1.78604 -1.91181</i>
                        <i>0.0484587 0.762801 0.644815 -0.99121 -0.042841 0.125171 0.123105 -0.645213 0.75402 -1.9363 1.78604 -1.91181</i>
                        <i>0.0484587 0.762801 0.644815 -0.99121 -0.042841 0.125171 0.123105 -0.645213 0.75402 -1.9363 1.78604 -1.91181</i>
                        <i>0.0484587 0.762801 0.644815 -0.99121 -0.042841 0.125171 0.123105 -0.645213 0.75402 -1.9363 1.78604 -1.91181</i>
                        <i>0.0484587 0.762801 0.644815 -0.99121 -0.042841 0.125171 0.123105 -0.645213 0.75402 -1.9363 1.78604 -1.91181</i>
                        <i>0.0484587 0.762801 0.644815 -0.99121 -0.042841 0.125171 0.123105 -0.645213 0.75402 -1.9363 1.78604 -1.91181</i>
                        <i>0.0484587 0.762801 0.644815 -0.99121 -0.042841 0.125171 0.123105 -0.645213 0.75402 -1.9363 1.78604 -1.91181</i>
                        <i>0.0484587 0.762801 0.644815 -0.99121 -0.042841 0.125171 0.123105 -0.645213 0.75402 -1.9363 1.78604 -1.91181</i>
                        <i>0.0484587 0.762801 0.644815 -0.99121 -0.042841 0.125171 0.123105 -0.645213 0.75402 -1.9363 1.78604 -1.91181</i>
                        <i>0.0484587 0.762801 0.644815 -0.99121 -0.042841 0.125171 0.123105 -0.645213 0.75402 -1.9363 1.78604 -1.91181</i>
                    </KeyFrames>
                </p>
            </i>
            <i>
                <p>
                    <Name><![CDATA[spine2]]></Name>
                    <Exclude>0</Exclude>
                    <Additive>0</Additive>
                    <IKPriority>0</IKPriority>
                    <IKRotLimits>-1e+010 -1e+010 -1e+010 1e+010 1e+010 1e+010</IKRotLimits>
                    <IKRotLimitOrder>0</IKRotLimitOrder>
                    <KeyFrames count="40">
                        <i>0.039269 0.501404 0.864322 -0.95586 -0.233219 0.178721 0.291187 -0.833188 0.470114 -1.92783 1.91559 -1.80189</i>
                        <i>0.100881 0.483134 0.869715 -0.949499 -0.214305 0.229184 0.297111 -0.848914 0.437116 -1.94856 1.95374 -1.80143</i>
                        <i>0.221826 0.445677 0.867274 -0.92586 -0.182762 0.330729 0.305903 -0.876339 0.372094 -1.99407 1.99198 -1.79891</i>
                        <i>0.304181 0.424256 0.852925 -0.892653 -0.185694 0.410717 0.332632 -0.886298 0.322228 -2.03972 1.96861 -1.79522</i>
                        <i>0.289337 0.432345 0.854027 -0.876384 -0.239208 0.418009 0.385014 -0.869401 0.309688 -2.06721 1.92361 -1.79468</i>
                        <i>0.202371 0.441531 0.874126 -0.883088 -0.303563 0.357779 0.423322 -0.844334 0.328478 -2.06885 1.89788 -1.7981</i>
                        <i>0.093691 0.443914 0.891158 -0.893511 -0.357335 0.271938 0.439159 -0.821737 0.363163 -2.0547 1.90387 -1.80232</i>
                        <i>0.0171961 0.454103 0.890783 -0.895116 -0.389971 0.216079 0.445502 -0.80107 0.399769 -2.04308 1.92087 -1.80533</i>
                        <i>0.0021089 0.496064 0.868283 -0.900185 -0.377199 0.217686 0.435502 -0.782075 0.445754 -2.03811 1.93852 -1.80503</i>
                        <i>0.0249913 0.54981 0.834916 -0.906581 -0.339498 0.250703 0.421291 -0.763184 0.489963 -2.03737 1.95187 -1.8021</i>
                        <i>0.0404641 0.574193 0.817719 -0.909302 -0.318064 0.268337 0.414164 -0.754412 0.509245 -2.03489 1.95881 -1.80039</i>
                        <i>0.0409876 0.56456 0.824374 -0.912203 -0.315505 0.261423 0.407683 -0.762712 0.502061 -2.02965 1.96014 -1.80169</i>
                        <i>0.0482904 0.542925 0.838392 -0.914661 -0.313219 0.255518 0.401327 -0.779183 0.481467 -2.02475 1.95894 -1.80422</i>
                        <i>0.0576029 0.517014 0.854037 -0.917086 -0.310641 0.24991 0.394505 -0.797621 0.456252 -2.01962 1.95545 -1.80696</i>
                        <i>0.0645522 0.494993 0.866495 -0.919833 -0.307191 0.244011 0.386964 -0.812782 0.435481 -2.01374 1.94979 -1.80901</i>
                        <i>0.0651579 0.485492 0.871809 -0.923209 -0.302262 0.237323 0.378733 -0.820326 0.428516 -2.00664 1.94196 -1.80958</i>
                        <i>0.0614529 0.485432 0.872112 -0.926964 -0.29622 0.230199 0.370083 -0.822563 0.431774 -1.99871 1.93344 -1.80911</i>
                        <i>0.0579778 0.485813 0.872138 -0.930628 -0.289904 0.223353 0.361344 -0.824585 0.435304 -1.9907 1.92642 -1.80853</i>
                        <i>0.0547658 0.486591 0.871912 -0.934162 -0.283412 0.216841 0.352623 -0.826382 0.439033 -1.98273 1.92203 -1.80787</i>
                        <i>0.0518443 0.487712 0.871464 -0.937527 -0.276847 0.210711 0.344029 -0.827945 0.44289 -1.97492 1.91964 -1.80716</i>
                        <i>0.0492331 0.489116 0.870828 -0.940691 -0.270317 0.205012 0.335674 -0.829273 0.446799 -1.96735 1.91785 -1.80642</i>
                        <i>0.0469441 0.490736 0.870043 -0.943623 -0.263935 0.199783 0.327675 -0.830371 0.45068 -1.96015 1.91656 -1.80568</i>
                        <i>0.0449808 0.492496 0.869152 -0.946298 -0.257818 0.195063 0.320151 -0.831251 0.454451 -1.95341 1.91571 -1.80495</i>
                        <i>0.0433388 0.494314 0.868202 -0.948691 -0.252089 0.190885 0.313222 -0.831928 0.458026 -1.94723 1.91523 -1.80425</i>
                        <i>0.0420062 0.496104 0.867246 -0.950778 -0.246877 0.187277 0.307012 -0.832425 0.461315 -1.94173 1.91502 -1.80361</i>
                        <i>0.0409654 0.497775 0.866338 -0.952539 -0.242313 0.184268 0.301649 -0.832769 0.464223 -1.937 1.91502 -1.80304</i>
                        <i>0.0401942 0.499232 0.865536 -0.953951 -0.238531 0.181882 0.297258 -0.832989 0.466655 -1.93314 1.91516 -1.80257</i>
                        <i>0.0396689 0.500383 0.864895 -0.954992 -0.235666 0.180145 0.293967 -0.833114 0.468513 -1.93026 1.91535 -1.80221</i>
                        <i>0.0393667 0.501135 0.864473 -0.955638 -0.233851 0.179082 0.291903 -0.833173 0.469698 -1.92846 1.91552 -1.80198</i>
                        <i>0.039269 0.501404 0.864322 -0.95586 -0.233219 0.178721 0.291187 -0.833188 0.470114 -1.92783 1.91559 -1.80189</i>
                        <i>0.039269 0.501404 0.864322 -0.95586 -0.233219 0.178721 0.291187 -0.833188 0.470114 -1.92783 1.91559 -1.80189</i>
                        <i>0.039269 0.501404 0.864322 -0.95586 -0.233219 0.178721 0.291187 -0.833188 0.470114 -1.92783 1.91559 -1.80189</i>
                        <i>0.039269 0.501404 0.864322 -0.95586 -0.233219 0.178721 0.291187 -0.833188 0.470114 -1.92783 1.91559 -1.80189</i>
                        <i>0.039269 0.501404 0.864322 -0.95586 -0.233219 0.178721 0.291187 -0.833188 0.470114 -1.92783 1.91559 -1.80189</i>
                        <i>0.039269 0.501404 0.864322 -0.95586 -0.233219 0.178721 0.291187 -0.833188 0.470114 -1.92783 1.91559 -1.80189</i>
                        <i>0.039269 0.501404 0.864322 -0.95586 -0.233219 0.178721 0.291187 -0.833188 0.470114 -1.92783 1.91559 -1.80189</i>
                        <i>0.039269 0.501404 0.864322 -0.95586 -0.233219 0.178721 0.291187 -0.833188 0.470114 -1.92783 1.91559 -1.80189</i>
                        <i>0.039269 0.501404 0.864322 -0.95586 -0.233219 0.178721 0.291187 -0.833188 0.470114 -1.92783 1.91559 -1.80189</i>
                        <i>0.039269 0.501404 0.864322 -0.95586 -0.233219 0.178721 0.291187 -0.833188 0.470114 -1.92783 1.91559 -1.80189</i>
                        <i>0.039269 0.501404 0.864322 -0.95586 -0.233219 0.178721 0.291187 -0.833188 0.470114 -1.92783 1.91559 -1.80189</i>
                    </KeyFrames>
                </p>
            </i>
            <i>
                <p>
                    <Name><![CDATA[head]]></Name>
                    <Exclude>0</Exclude>
                    <Additive>0</Additive>
                    <IKPriority>0</IKPriority>
                    <IKRotLimits>-1e+010 -1e+010 -1e+010 1e+010 1e+010 1e+010</IKRotLimits>
                    <IKRotLimitOrder>0</IKRotLimitOrder>
                    <KeyFrames count="40">
                        <i>-0.00932389 0.902708 0.430153 -0.463901 0.377174 -0.801584 -0.885838 -0.207022 0.41525 -1.92643 2.05385 -1.57587</i>
                        <i>0.103696 0.870272 0.481533 -0.467572 0.469963 -0.748673 -0.877852 -0.147517 0.455648 -1.92816 2.08671 -1.57452</i>
                        <i>0.325542 0.763384 0.557913 -0.414121 0.645565 -0.641677 -0.850015 -0.0221504 0.526292 -1.93816 2.11403 -1.57475</i>
                        <i>0.46386 0.633025 0.619768 -0.296924 0.770211 -0.564456 -0.834668 0.0778048 0.545231 -1.96332 2.0847 -1.57717</i>
                        <i>0.435158 0.553678 0.709985 -0.197663 0.828073 -0.524618 -0.878389 0.0879539 0.469784 -2.00086 2.04173 -1.57657</i>
                        <i>0.303963 0.527892 0.793055 -0.165331 0.849041 -0.501791 -0.938228 0.02141 0.345354 -2.03193 2.01727 -1.57345</i>
                        <i>0.145717 0.53332 0.833269 -0.176055 0.842794 -0.508629 -0.973536 -0.0725852 0.216703 -2.05202 2.02248 -1.57198</i>
                        <i>0.041323 0.547385 0.83586 -0.18467 0.826346 -0.532024 -0.981932 -0.132373 0.135232 -2.06343 2.04198 -1.5734</i>
                        <i>0.045156 0.612638 0.789073 -0.178135 0.782157 -0.597074 -0.98297 -0.1136 0.144451 -2.06018 2.0748 -1.57761</i>
                        <i>0.112586 0.696776 0.708398 -0.173272 0.715774 -0.676494 -0.978418 -0.0465817 0.201318 -2.04789 2.10833 -1.58397</i>
                        <i>0.152969 0.740014 0.654965 -0.184203 0.672501 -0.716806 -0.970912 -0.010997 0.239185 -2.03786 2.12452 -1.58744</i>
                        <i>0.156958 0.740218 0.65379 -0.199963 0.672104 -0.712946 -0.96715 -0.0188311 0.253508 -2.03158 2.12279 -1.58544</i>
                        <i>0.170539 0.724563 0.667776 -0.220706 0.688574 -0.690764 -0.960315 -0.0295798 0.277344 -2.02322 2.11435 -1.58148</i>
                        <i>0.185467 0.70431 0.685236 -0.24378 0.708513 -0.662254 -0.951931 -0.0442206 0.303102 -2.01394 2.10187 -1.57723</i>
                        <i>0.194113 0.691815 0.695494 -0.267168 0.719462 -0.64109 -0.943897 -0.0613697 0.324488 -2.00487 2.08834 -1.57396</i>
                        <i>0.189564 0.700136 0.688385 -0.28934 0.709798 -0.642237 -0.938268 -0.0774325 0.33713 -1.99703 2.077 -1.5726</i>
                        <i>0.175445 0.723269 0.667908 -0.310251 0.684481 -0.65972 -0.934325 -0.0914746 0.344483 -1.99007 2.06832 -1.57254</i>
                        <i>0.159695 0.746558 0.64587 -0.330848 0.656904 -0.677508 -0.930074 -0.10549 0.351902 -1.98302 2.06128 -1.57257</i>
                        <i>0.142593 0.769414 0.622632 -0.350732 0.62752 -0.69513 -0.925556 -0.119256 0.359338 -1.97598 2.05699 -1.5727</i>
                        <i>0.12448 0.791314 0.598604 -0.369555 0.596865 -0.712166 -0.920833 -0.132567 0.366732 -1.96904 2.05481 -1.57292</i>
                        <i>0.105758 0.811822 0.574247 -0.38703 0.565555 -0.728255 -0.915982 -0.145232 0.374011 -1.9623 2.0533 -1.5732</i>
                        <i>0.0868764 0.830592 0.550063 -0.402931 0.534269 -0.743104 -0.911098 -0.157079 0.381087 -1.95584 2.05236 -1.57353</i>
                        <i>0.0683223 0.847371 0.526588 -0.417101 0.50374 -0.756487 -0.906289 -0.167955 0.387856 -1.94977 2.05191 -1.57391</i>
                        <i>0.0506059 0.861995 0.504385 -0.429438 0.474741 -0.768247 -0.901677 -0.177724 0.394198 -1.94419 2.05184 -1.5743</i>
                        <i>0.0342502 0.874381 0.484029 -0.439894 0.448065 -0.778287 -0.897396 -0.186265 0.399982 -1.93918 2.05204 -1.57469</i>
                        <i>0.0197785 0.884509 0.466104 -0.448459 0.424515 -0.786557 -0.893585 -0.193472 0.405062 -1.93486 2.05243 -1.57506</i>
                        <i>0.00770475 0.892395 0.45119 -0.455143 0.404886 -0.79304 -0.890385 -0.199246 0.409287 -1.93132 2.05291 -1.57539</i>
                        <i>-0.00147579 0.898066 0.439858 -0.459959 0.389959 -0.797728 -0.887939 -0.203494 0.412498 -1.92867 2.05337 -1.57564</i>
                        <i>-0.00729565 0.901525 0.432666 -0.462897 0.380483 -0.800599 -0.886382 -0.206121 0.414537 -1.92701 2.05372 -1.57581</i>
                        <i>-0.00932389 0.902708 0.430153 -0.463901 0.377174 -0.801584 -0.885838 -0.207022 0.41525 -1.92643 2.05385 -1.57587</i>
                        <i>-0.00932389 0.902708 0.430153 -0.463901 0.377174 -0.801584 -0.885838 -0.207022 0.41525 -1.92643 2.05385 -1.57587</i>
                        <i>-0.00932389 0.902708 0.430153 -0.463901 0.377174 -0.801584 -0.885838 -0.207022 0.41525 -1.92643 2.05385 -1.57587</i>
                        <i>-0.00932389 0.902708 0.430153 -0.463901 0.377174 -0.801584 -0.885838 -0.207022 0.41525 -1.92643 2.05385 -1.57587</i>
                        <i>-0.00932389 0.902708 0.430153 -0.463901 0.377174 -0.801584 -0.885838 -0.207022 0.41525 -1.92643 2.05385 -1.57587</i>
                        <i>-0.00932389 0.902708 0.430153 -0.463901 0.377174 -0.801584 -0.885838 -0.207022 0.41525 -1.92643 2.05385 -1.57587</i>
                        <i>-0.00932389 0.902708 0.430153 -0.463901 0.377174 -0.801584 -0.885838 -0.207022 0.41525 -1.92643 2.05385 -1.57587</i>
                        <i>-0.00932389 0.902708 0.430153 -0.463901 0.377174 -0.801584 -0.885838 -0.207022 0.41525 -1.92643 2.05385 -1.57587</i>
                        <i>-0.00932389 0.902708 0.430153 -0.463901 0.377174 -0.801584 -0.885838 -0.207022 0.41525 -1.92643 2.05385 -1.57587</i>
                        <i>-0.00932389 0.902708 0.430153 -0.463901 0.377174 -0.801584 -0.885838 -0.207022 0.41525 -1.92643 2.05385 -1.57587</i>
                        <i>-0.00932389 0.902708 0.430153 -0.463901 0.377174 -0.801584 -0.885838 -0.207022 0.41525 -1.92643 2.05385 -1.57587</i>
                    </KeyFrames>
                </p>
            </i>
            <i>
                <p>
                    <Name><![CDATA[head_prop]]></Name>
                    <Exclude>0</Exclude>
                    <Additive>0</Additive>
                    <IKPriority>0</IKPriority>
                    <IKRotLimits>-1e+010 -1e+010 -1e+010 1e+010 1e+010 1e+010</IKRotLimits>
                    <IKRotLimitOrder>0</IKRotLimitOrder>
                    <KeyFrames count="40">
                        <i>0.885838 0.207022 -0.41525 -0.00932389 0.902708 0.430153 0.463901 -0.377174 0.801584 -1.92947 2.34805 -1.43568</i>
                        <i>0.877852 0.147517 -0.455648 0.103696 0.870272 0.481533 0.467572 -0.469963 0.748673 -1.89437 2.37034 -1.41759</i>
                        <i>0.850015 0.0221504 -0.526292 0.325542 0.763384 0.557913 0.414121 -0.645565 0.641677 -1.83206 2.36283 -1.39292</i>
                        <i>0.834668 -0.0778048 -0.545231 0.46386 0.633025 0.619768 0.296924 -0.770211 0.564456 -1.81215 2.29101 -1.37518</i>
                        <i>0.878389 -0.0879539 -0.469784 0.435158 0.553678 0.709985 0.197663 -0.828073 0.524618 -1.85904 2.22218 -1.34518</i>
                        <i>0.938228 -0.02141 -0.345354 0.303963 0.527892 0.793055 0.165331 -0.849041 0.501791 -1.93287 2.18931 -1.31499</i>
                        <i>0.973536 0.0725852 -0.216703 0.145717 0.53332 0.833269 0.176055 -0.842794 0.508629 -2.00453 2.19629 -1.30041</i>
                        <i>0.981932 0.132373 -0.135232 0.041323 0.547385 0.83586 0.18467 -0.826346 0.532024 -2.04996 2.22038 -1.30099</i>
                        <i>0.98297 0.1136 -0.144451 0.045156 0.612638 0.789073 0.178135 -0.782157 0.597074 -2.04546 2.27447 -1.32044</i>
                        <i>0.978418 0.0465817 -0.201318 0.112586 0.696776 0.708398 0.173272 -0.715774 0.676494 -2.0112 2.33541 -1.3531</i>
                        <i>0.970912 0.010997 -0.239185 0.152969 0.740014 0.654965 0.184203 -0.672501 0.716806 -1.988 2.36569 -1.37398</i>
                        <i>0.96715 0.0188311 -0.253508 0.156958 0.740218 0.65379 0.199963 -0.672104 0.712946 -1.98043 2.36403 -1.37236</i>
                        <i>0.960315 0.0295798 -0.277344 0.170539 0.724563 0.667776 0.220706 -0.688574 0.690764 -1.96764 2.35049 -1.36385</i>
                        <i>0.951931 0.0442206 -0.303102 0.185467 0.70431 0.685236 0.24378 -0.708513 0.662254 -1.95349 2.33141 -1.3539</i>
                        <i>0.943897 0.0613697 -0.324488 0.194113 0.691815 0.695494 0.267168 -0.719462 0.64109 -1.9416 2.31381 -1.34729</i>
                        <i>0.938268 0.0774325 -0.33713 0.189564 0.700136 0.688385 0.28934 -0.709798 0.642237 -1.93525 2.30518 -1.34825</i>
                        <i>0.934325 0.0914746 -0.344483 0.175445 0.723269 0.667908 0.310251 -0.684481 0.65972 -1.93289 2.30404 -1.35486</i>
                        <i>0.930074 0.10549 -0.351902 0.159695 0.746558 0.64587 0.330848 -0.656904 0.677508 -1.93097 2.30459 -1.36208</i>
                        <i>0.925556 0.119256 -0.359338 0.142593 0.769414 0.622632 0.350732 -0.62752 0.69513 -1.92951 2.30775 -1.36978</i>
                        <i>0.920833 0.132567 -0.366732 0.12448 0.791314 0.598604 0.369555 -0.596865 0.712166 -1.92847 2.3127 -1.37782</i>
                        <i>0.915982 0.145232 -0.374011 0.105758 0.811822 0.574247 0.38703 -0.565555 0.728255 -1.92783 2.31788 -1.38605</i>
                        <i>0.911098 0.157079 -0.381087 0.0868764 0.830592 0.550063 0.402931 -0.534269 0.743104 -1.92753 2.32306 -1.39426</i>
                        <i>0.906289 0.167955 -0.387856 0.0683223 0.847371 0.526588 0.417101 -0.50374 0.756487 -1.9275 2.32807 -1.40229</i>
                        <i>0.901677 0.177724 -0.394198 0.0506059 0.861995 0.504385 0.429438 -0.474741 0.768247 -1.92769 2.33277 -1.40992</i>
                        <i>0.897396 0.186265 -0.399982 0.0342502 0.874381 0.484029 0.439894 -0.448065 0.778287 -1.92802 2.33701 -1.41695</i>
                        <i>0.893585 0.193472 -0.405062 0.0197785 0.884509 0.466104 0.448459 -0.424515 0.786557 -1.92842 2.3407 -1.42316</i>
                        <i>0.890385 0.199246 -0.409287 0.00770475 0.892395 0.45119 0.455143 -0.404886 0.79304 -1.92881 2.34375 -1.42834</i>
                        <i>0.887939 0.203494 -0.412498 -0.00147579 0.898066 0.439858 0.459959 -0.389959 0.797728 -1.92916 2.34606 -1.43229</i>
                        <i>0.886382 0.206121 -0.414537 -0.00729565 0.901525 0.432666 0.462897 -0.380483 0.800599 -1.92939 2.34753 -1.4348</i>
                        <i>0.885838 0.207022 -0.41525 -0.00932389 0.902708 0.430153 0.463901 -0.377174 0.801584 -1.92947 2.34805 -1.43568</i>
                        <i>0.885838 0.207022 -0.41525 -0.00932389 0.902708 0.430153 0.463901 -0.377174 0.801584 -1.92947 2.34805 -1.43568</i>
                        <i>0.885838 0.207022 -0.41525 -0.00932389 0.902708 0.430153 0.463901 -0.377174 0.801584 -1.92947 2.34805 -1.43568</i>
                        <i>0.885838 0.207022 -0.41525 -0.00932389 0.902708 0.430153 0.463901 -0.377174 0.801584 -1.92947 2.34805 -1.43568</i>
                        <i>0.885838 0.207022 -0.41525 -0.00932389 0.902708 0.430153 0.463901 -0.377174 0.801584 -1.92947 2.34805 -1.43568</i>
                        <i>0.885838 0.207022 -0.41525 -0.00932389 0.902708 0.430153 0.463901 -0.377174 0.801584 -1.92947 2.34805 -1.43568</i>
                        <i>0.885838 0.207022 -0.41525 -0.00932389 0.902708 0.430153 0.463901 -0.377174 0.801584 -1.92947 2.34805 -1.43568</i>
                        <i>0.885838 0.207022 -0.41525 -0.00932389 0.902708 0.430153 0.463901 -0.377174 0.801584 -1.92947 2.34805 -1.43568</i>
                        <i>0.885838 0.207022 -0.41525 -0.00932389 0.902708 0.430153 0.463901 -0.377174 0.801584 -1.92947 2.34805 -1.43568</i>
                        <i>0.885838 0.207022 -0.41525 -0.00932389 0.902708 0.430153 0.463901 -0.377174 0.801584 -1.92947 2.34805 -1.43568</i>
                        <i>0.885838 0.207022 -0.41525 -0.00932389 0.902708 0.430153 0.463901 -0.377174 0.801584 -1.92947 2.34805 -1.43568</i>
                    </KeyFrames>
                </p>
            </i>
            <i>
                <p>
                    <Name><![CDATA[l_clav]]></Name>
                    <Exclude>0</Exclude>
                    <Additive>0</Additive>
                    <IKPriority>0</IKPriority>
                    <IKRotLimits>-1e+010 -1e+010 -1e+010 1e+010 1e+010 1e+010</IKRotLimits>
                    <IKRotLimitOrder>0</IKRotLimitOrder>
                    <KeyFrames count="40">
                        <i>0.673439 0.73898 0.0197194 -0.495643 0.431571 0.753713 0.548469 -0.517354 0.656907 -1.83011 1.94703 -1.74057</i>
                        <i>0.674452 0.737989 -0.0220473 -0.435296 0.421584 0.795477 0.596348 -0.526914 0.605582 -1.84864 1.97977 -1.74788</i>
                        <i>0.647829 0.755471 -0.0978866 -0.324853 0.390195 0.861521 0.689049 -0.52632 0.498196 -1.89123 2.00884 -1.76062</i>
                        <i>0.557794 0.818211 -0.139272 -0.281753 0.344506 0.895506 0.780693 -0.460267 0.422697 -1.93447 1.98237 -1.76825</i>
                        <i>0.415407 0.902281 -0.115438 -0.362507 0.280602 0.888735 0.834281 -0.32734 0.443648 -1.95888 1.9441 -1.76767</i>
                        <i>0.299663 0.952565 -0.0531245 -0.497626 0.203569 0.843165 0.813984 -0.226229 0.535023 -1.95943 1.92943 -1.76012</i>
                        <i>0.270974 0.962189 0.0276798 -0.612192 0.150074 0.776337 0.742829 -0.227313 0.62971 -1.94756 1.94648 -1.74841</i>
                        <i>0.327381 0.939769 0.098259 -0.661361 0.153632 0.734165 0.67485 -0.305337 0.671823 -1.93988 1.97204 -1.73971</i>
                        <i>0.457273 0.884998 0.0876321 -0.635019 0.255938 0.728867 0.622618 -0.388939 0.679024 -1.93704 1.99161 -1.73801</i>
                        <i>0.569389 0.821961 0.0132552 -0.572401 0.384837 0.724056 0.590045 -0.419857 0.689614 -1.93685 2.0021 -1.73953</i>
                        <i>0.606701 0.794394 -0.0291969 -0.540359 0.439069 0.717795 0.583032 -0.41971 0.695642 -1.93481 2.00684 -1.74025</i>
                        <i>0.61051 0.791922 -0.011762 -0.538109 0.425645 0.727506 0.581134 -0.43782 0.686001 -1.92993 2.00752 -1.74098</i>
                        <i>0.611175 0.791405 0.0119991 -0.527225 0.395757 0.751938 0.590338 -0.465892 0.659125 -1.92519 2.00498 -1.74348</i>
                        <i>0.609281 0.792096 0.0368775 -0.514118 0.359198 0.778884 0.603705 -0.493519 0.626083 -1.92017 1.99994 -1.74644</i>
                        <i>0.605364 0.793931 0.0566438 -0.504793 0.327927 0.798529 0.615401 -0.511994 0.599286 -1.91444 1.99285 -1.74866</i>
                        <i>0.600122 0.797372 0.0636493 -0.504669 0.315686 0.803524 0.620614 -0.514335 0.591859 -1.90756 1.98392 -1.74908</i>
