<?xml version="1.0" encoding="ISO-8859-1" ?>
<Animl Version="1">
    <ModellingPackage><![CDATA[Maya.2010]]></ModellingPackage>
    <SrcFile><![CDATA[anims\turrets\mortar\blue\~src\mortar_m120\mortar_m120_reload_high_crewman_c.mb]]></SrcFile>
    <FramesPerSecond>30</FramesPerSecond>
    <TotalFrames>160</TotalFrames>
    <Skeleton>
        <RefFrame>
            <Name><![CDATA[soldier_ref_frame]]></Name>
            <Exclude>0</Exclude>
            <Additive>0</Additive>
            <IKPriority>0</IKPriority>
            <IKRotLimits>-1e+010 -1e+010 -1e+010 1e+010 1e+010 1e+010</IKRotLimits>
            <IKRotLimitOrder>0</IKRotLimitOrder>
            <KeyFrames count="160">
                <i>1 0 0 0 1 0 0 0 1 -1.24 2.79 -0.12</i>
                <i>1 0 0 0 1 0 0 0 1 -1.24 2.79 -0.12</i>
                <i>1 0 0 0 1 0 0 0 1 -1.24 2.79 -0.12</i>
                <i>1 0 0 0 1 0 0 0 1 -1.24 2.79 -0.12</i>
                <i>1 0 0 0 1 0 0 0 1 -1.24 2.79 -0.12</i>
                <i>1 0 0 0 1 0 0 0 1 -1.24 2.79 -0.12</i>
                <i>1 0 0 0 1 0 0 0 1 -1.24 2.79 -0.12</i>
                <i>1 0 0 0 1 0 0 0 1 -1.24 2.79 -0.12</i>
                <i>1 0 0 0 1 0 0 0 1 -1.24 2.79 -0.12</i>
                <i>1 0 0 0 1 0 0 0 1 -1.24 2.79 -0.12</i>
                <i>1 0 0 0 1 0 0 0 1 -1.24 2.79 -0.12</i>
                <i>1 0 0 0 1 0 0 0 1 -1.24 2.79 -0.12</i>
                <i>1 0 0 0 1 0 0 0 1 -1.24 2.79 -0.12</i>
                <i>1 0 0 0 1 0 0 0 1 -1.24 2.79 -0.12</i>
                <i>1 0 0 0 1 0 0 0 1 -1.24 2.79 -0.12</i>
                <i>1 0 0 0 1 0 0 0 1 -1.24 2.79 -0.12</i>
                <i>1 0 0 0 1 0 0 0 1 -1.24 2.79 -0.12</i>
                <i>1 0 0 0 1 0 0 0 1 -1.24 2.79 -0.12</i>
                <i>1 0 0 0 1 0 0 0 1 -1.24 2.79 -0.12</i>
                <i>1 0 0 0 1 0 0 0 1 -1.24 2.79 -0.12</i>
                <i>1 0 0 0 1 0 0 0 1 -1.24 2.79 -0.12</i>
                <i>1 0 0 0 1 0 0 0 1 -1.24 2.79 -0.12</i>
                <i>1 0 0 0 1 0 0 0 1 -1.24 2.79 -0.12</i>
                <i>1 0 0 0 1 0 0 0 1 -1.24 2.79 -0.12</i>
                <i>1 0 0 0 1 0 0 0 1 -1.24 2.79 -0.12</i>
                <i>1 0 0 0 1 0 0 0 1 -1.24 2.79 -0.12</i>
                <i>1 0 0 0 1 0 0 0 1 -1.24 2.79 -0.12</i>
                <i>1 0 0 0 1 0 0 0 1 -1.24 2.79 -0.12</i>
                <i>1 0 0 0 1 0 0 0 1 -1.24 2.79 -0.12</i>
                <i>1 0 0 0 1 0 0 0 1 -1.24 2.79 -0.12</i>
                <i>1 0 0 0 1 0 0 0 1 -1.24 2.79 -0.12</i>
                <i>1 0 0 0 1 0 0 0 1 -1.24 2.79 -0.12</i>
                <i>1 0 0 0 1 0 0 0 1 -1.24 2.79 -0.12</i>
                <i>1 0 0 0 1 0 0 0 1 -1.24 2.79 -0.12</i>
                <i>1 0 0 0 1 0 0 0 1 -1.24 2.79 -0.12</i>
                <i>1 0 0 0 1 0 0 0 1 -1.24 2.79 -0.12</i>
                <i>1 0 0 0 1 0 0 0 1 -1.24 2.79 -0.12</i>
                <i>1 0 0 0 1 0 0 0 1 -1.24 2.79 -0.12</i>
                <i>1 0 0 0 1 0 0 0 1 -1.24 2.79 -0.12</i>
                <i>1 0 0 0 1 0 0 0 1 -1.24 2.79 -0.12</i>
                <i>1 0 0 0 1 0 0 0 1 -1.24 2.79 -0.12</i>
                <i>1 0 0 0 1 0 0 0 1 -1.24 2.79 -0.12</i>
                <i>1 0 0 0 1 0 0 0 1 -1.24 2.79 -0.12</i>
                <i>1 0 0 0 1 0 0 0 1 -1.24 2.79 -0.12</i>
                <i>1 0 0 0 1 0 0 0 1 -1.24 2.79 -0.12</i>
                <i>1 0 0 0 1 0 0 0 1 -1.24 2.79 -0.12</i>
                <i>1 0 0 0 1 0 0 0 1 -1.24 2.79 -0.12</i>
                <i>1 0 0 0 1 0 0 0 1 -1.24 2.79 -0.12</i>
                <i>1 0 0 0 1 0 0 0 1 -1.24 2.79 -0.12</i>
                <i>1 0 0 0 1 0 0 0 1 -1.24 2.79 -0.12</i>
                <i>1 0 0 0 1 0 0 0 1 -1.24 2.79 -0.12</i>
                <i>1 0 0 0 1 0 0 0 1 -1.24 2.79 -0.12</i>
                <i>1 0 0 0 1 0 0 0 1 -1.24 2.79 -0.12</i>
                <i>1 0 0 0 1 0 0 0 1 -1.24 2.79 -0.12</i>
                <i>1 0 0 0 1 0 0 0 1 -1.24 2.79 -0.12</i>
                <i>1 0 0 0 1 0 0 0 1 -1.24 2.79 -0.12</i>
                <i>1 0 0 0 1 0 0 0 1 -1.24 2.79 -0.12</i>
                <i>1 0 0 0 1 0 0 0 1 -1.24 2.79 -0.12</i>
                <i>1 0 0 0 1 0 0 0 1 -1.24 2.79 -0.12</i>
                <i>1 0 0 0 1 0 0 0 1 -1.24 2.79 -0.12</i>
                <i>1 0 0 0 1 0 0 0 1 -1.24 2.79 -0.12</i>
                <i>1 0 0 0 1 0 0 0 1 -1.24 2.79 -0.12</i>
                <i>1 0 0 0 1 0 0 0 1 -1.24 2.79 -0.12</i>
                <i>1 0 0 0 1 0 0 0 1 -1.24 2.79 -0.12</i>
                <i>1 0 0 0 1 0 0 0 1 -1.24 2.79 -0.12</i>
                <i>1 0 0 0 1 0 0 0 1 -1.24 2.79 -0.12</i>
                <i>1 0 0 0 1 0 0 0 1 -1.24 2.79 -0.12</i>
                <i>1 0 0 0 1 0 0 0 1 -1.24 2.79 -0.12</i>
                <i>1 0 0 0 1 0 0 0 1 -1.24 2.79 -0.12</i>
                <i>1 0 0 0 1 0 0 0 1 -1.24 2.79 -0.12</i>
                <i>1 0 0 0 1 0 0 0 1 -1.24 2.79 -0.12</i>
                <i>1 0 0 0 1 0 0 0 1 -1.24 2.79 -0.12</i>
                <i>1 0 0 0 1 0 0 0 1 -1.24 2.79 -0.12</i>
                <i>1 0 0 0 1 0 0 0 1 -1.24 2.79 -0.12</i>
                <i>1 0 0 0 1 0 0 0 1 -1.24 2.79 -0.12</i>
                <i>1 0 0 0 1 0 0 0 1 -1.24 2.79 -0.12</i>
                <i>1 0 0 0 1 0 0 0 1 -1.24 2.79 -0.12</i>
                <i>1 0 0 0 1 0 0 0 1 -1.24 2.79 -0.12</i>
                <i>1 0 0 0 1 0 0 0 1 -1.24 2.79 -0.12</i>
                <i>1 0 0 0 1 0 0 0 1 -1.24 2.79 -0.12</i>
                <i>1 0 0 0 1 0 0 0 1 -1.24 2.79 -0.12</i>
                <i>1 0 0 0 1 0 0 0 1 -1.24 2.79 -0.12</i>
                <i>1 0 0 0 1 0 0 0 1 -1.24 2.79 -0.12</i>
                <i>1 0 0 0 1 0 0 0 1 -1.24 2.79 -0.12</i>
                <i>1 0 0 0 1 0 0 0 1 -1.24 2.79 -0.12</i>
                <i>1 0 0 0 1 0 0 0 1 -1.24 2.79 -0.12</i>
                <i>1 0 0 0 1 0 0 0 1 -1.24 2.79 -0.12</i>
                <i>1 0 0 0 1 0 0 0 1 -1.24 2.79 -0.12</i>
                <i>1 0 0 0 1 0 0 0 1 -1.24 2.79 -0.12</i>
                <i>1 0 0 0 1 0 0 0 1 -1.24 2.79 -0.12</i>
                <i>1 0 0 0 1 0 0 0 1 -1.24 2.79 -0.12</i>
                <i>1 0 0 0 1 0 0 0 1 -1.24 2.79 -0.12</i>
                <i>1 0 0 0 1 0 0 0 1 -1.24 2.79 -0.12</i>
                <i>1 0 0 0 1 0 0 0 1 -1.24 2.79 -0.12</i>
                <i>1 0 0 0 1 0 0 0 1 -1.24 2.79 -0.12</i>
                <i>1 0 0 0 1 0 0 0 1 -1.24 2.79 -0.12</i>
                <i>1 0 0 0 1 0 0 0 1 -1.24 2.79 -0.12</i>
                <i>1 0 0 0 1 0 0 0 1 -1.24 2.79 -0.12</i>
                <i>1 0 0 0 1 0 0 0 1 -1.24 2.79 -0.12</i>
                <i>1 0 0 0 1 0 0 0 1 -1.24 2.79 -0.12</i>
                <i>1 0 0 0 1 0 0 0 1 -1.24 2.79 -0.12</i>
                <i>1 0 0 0 1 0 0 0 1 -1.24 2.79 -0.12</i>
                <i>1 0 0 0 1 0 0 0 1 -1.24 2.79 -0.12</i>
                <i>1 0 0 0 1 0 0 0 1 -1.24 2.79 -0.12</i>
                <i>1 0 0 0 1 0 0 0 1 -1.24 2.79 -0.12</i>
                <i>1 0 0 0 1 0 0 0 1 -1.24 2.79 -0.12</i>
                <i>1 0 0 0 1 0 0 0 1 -1.24 2.79 -0.12</i>
                <i>1 0 0 0 1 0 0 0 1 -1.24 2.79 -0.12</i>
                <i>1 0 0 0 1 0 0 0 1 -1.24 2.79 -0.12</i>
                <i>1 0 0 0 1 0 0 0 1 -1.24 2.79 -0.12</i>
                <i>1 0 0 0 1 0 0 0 1 -1.24 2.79 -0.12</i>
                <i>1 0 0 0 1 0 0 0 1 -1.24 2.79 -0.12</i>
                <i>1 0 0 0 1 0 0 0 1 -1.24 2.79 -0.12</i>
                <i>1 0 0 0 1 0 0 0 1 -1.24 2.79 -0.12</i>
                <i>1 0 0 0 1 0 0 0 1 -1.24 2.79 -0.12</i>
                <i>1 0 0 0 1 0 0 0 1 -1.24 2.79 -0.12</i>
                <i>1 0 0 0 1 0 0 0 1 -1.24 2.79 -0.12</i>
                <i>1 0 0 0 1 0 0 0 1 -1.24 2.79 -0.12</i>
                <i>1 0 0 0 1 0 0 0 1 -1.24 2.79 -0.12</i>
                <i>1 0 0 0 1 0 0 0 1 -1.24 2.79 -0.12</i>
                <i>1 0 0 0 1 0 0 0 1 -1.24 2.79 -0.12</i>
                <i>1 0 0 0 1 0 0 0 1 -1.24 2.79 -0.12</i>
                <i>1 0 0 0 1 0 0 0 1 -1.24 2.79 -0.12</i>
                <i>1 0 0 0 1 0 0 0 1 -1.24 2.79 -0.12</i>
                <i>1 0 0 0 1 0 0 0 1 -1.24 2.79 -0.12</i>
                <i>1 0 0 0 1 0 0 0 1 -1.24 2.79 -0.12</i>
                <i>1 0 0 0 1 0 0 0 1 -1.24 2.79 -0.12</i>
                <i>1 0 0 0 1 0 0 0 1 -1.24 2.79 -0.12</i>
                <i>1 0 0 0 1 0 0 0 1 -1.24 2.79 -0.12</i>
                <i>1 0 0 0 1 0 0 0 1 -1.24 2.79 -0.12</i>
                <i>1 0 0 0 1 0 0 0 1 -1.24 2.79 -0.12</i>
                <i>1 0 0 0 1 0 0 0 1 -1.24 2.79 -0.12</i>
                <i>1 0 0 0 1 0 0 0 1 -1.24 2.79 -0.12</i>
                <i>1 0 0 0 1 0 0 0 1 -1.24 2.79 -0.12</i>
                <i>1 0 0 0 1 0 0 0 1 -1.24 2.79 -0.12</i>
                <i>1 0 0 0 1 0 0 0 1 -1.24 2.79 -0.12</i>
                <i>1 0 0 0 1 0 0 0 1 -1.24 2.79 -0.12</i>
                <i>1 0 0 0 1 0 0 0 1 -1.24 2.79 -0.12</i>
                <i>1 0 0 0 1 0 0 0 1 -1.24 2.79 -0.12</i>
                <i>1 0 0 0 1 0 0 0 1 -1.24 2.79 -0.12</i>
                <i>1 0 0 0 1 0 0 0 1 -1.24 2.79 -0.12</i>
                <i>1 0 0 0 1 0 0 0 1 -1.24 2.79 -0.12</i>
                <i>1 0 0 0 1 0 0 0 1 -1.24 2.79 -0.12</i>
                <i>1 0 0 0 1 0 0 0 1 -1.24 2.79 -0.12</i>
                <i>1 0 0 0 1 0 0 0 1 -1.24 2.79 -0.12</i>
                <i>1 0 0 0 1 0 0 0 1 -1.24 2.79 -0.12</i>
                <i>1 0 0 0 1 0 0 0 1 -1.24 2.79 -0.12</i>
                <i>1 0 0 0 1 0 0 0 1 -1.24 2.79 -0.12</i>
                <i>1 0 0 0 1 0 0 0 1 -1.24 2.79 -0.12</i>
                <i>1 0 0 0 1 0 0 0 1 -1.24 2.79 -0.12</i>
                <i>1 0 0 0 1 0 0 0 1 -1.24 2.79 -0.12</i>
                <i>1 0 0 0 1 0 0 0 1 -1.24 2.79 -0.12</i>
                <i>1 0 0 0 1 0 0 0 1 -1.24 2.79 -0.12</i>
                <i>1 0 0 0 1 0 0 0 1 -1.24 2.79 -0.12</i>
                <i>1 0 0 0 1 0 0 0 1 -1.24 2.79 -0.12</i>
                <i>1 0 0 0 1 0 0 0 1 -1.24 2.79 -0.12</i>
                <i>1 0 0 0 1 0 0 0 1 -1.24 2.79 -0.12</i>
                <i>1 0 0 0 1 0 0 0 1 -1.24 2.79 -0.12</i>
                <i>1 0 0 0 1 0 0 0 1 -1.24 2.79 -0.12</i>
                <i>1 0 0 0 1 0 0 0 1 -1.24 2.79 -0.12</i>
            </KeyFrames>
        </RefFrame>
        <Bones count="23">
            <i>
                <p>
                    <Name><![CDATA[pelvis]]></Name>
                    <Exclude>0</Exclude>
                    <Additive>0</Additive>
                    <IKPriority>0</IKPriority>
                    <IKRotLimits>-1e+010 -1e+010 -1e+010 1e+010 1e+010 1e+010</IKRotLimits>
                    <IKRotLimitOrder>2</IKRotLimitOrder>
                    <KeyFrames count="160">
                        <i>1 0 0 0 1 0 0 0 1 -1.13249 3.32169 -0.213976</i>
                        <i>1 0 0 0 1 0 0 0 1 -1.15315 3.36029 -0.199906</i>
                        <i>1 0 0 0 1 0 0 0 1 -1.20632 3.44945 -0.168912</i>
                        <i>1 0 0 0 1 0 0 0 1 -1.27876 3.54923 -0.137817</i>
                        <i>1 0 0 0 1 0 0 0 1 -1.35726 3.6197 -0.123446</i>
                        <i>1 0 0 0 1 0 0 0 1 -1.48857 3.65415 -0.169034</i>
                        <i>1 0 0 0 1 0 0 0 1 -1.59512 3.67544 -0.211569</i>
                        <i>1 0 0 0 1 0 0 0 1 -1.59922 3.68795 -0.183005</i>
                        <i>1 0 0 0 1 0 0 0 1 -1.56272 3.69604 -0.131966</i>
                        <i>1 0 0 0 1 0 0 0 1 -1.49504 3.70408 -0.0909105</i>
                        <i>1 0 0 0 1 0 0 0 1 -1.38963 3.71382 -0.0673613</i>
                        <i>1 0 0 0 1 0 0 0 1 -1.25331 3.72344 -0.0473049</i>
                        <i>1 0 0 0 1 0 0 0 1 -1.1156 3.73189 -0.0308929</i>
                        <i>1 0 0 0 1 0 0 0 1 -1.00604 3.73814 -0.0182767</i>
                        <i>1 0 0 0 1 0 0 0 1 -0.954144 3.74115 -0.00960765</i>
                        <i>1 0 0 0 1 0 0 0 1 -0.977411 3.7399 -0.00636268</i>
                        <i>1 0 0 0 1 0 0 0 1 -1.05616 3.73333 -0.00844077</i>
                        <i>1 0 0 0 1 0 0 0 1 -1.16414 3.70243 -0.0136267</i>
                        <i>1 0 0 0 1 0 0 0 1 -1.2751 3.65014 -0.0197054</i>
                        <i>1 0 0 0 1 0 0 0 1 -1.36279 3.60845 -0.0244615</i>
                        <i>1 0 0 0 1 0 0 0 1 -1.41085 3.59596 -0.0296212</i>
                        <i>1 0 0 0 1 0 0 0 1 -1.42526 3.60464 -0.0331027</i>
                        <i>1 0 0 0 1 0 0 0 1 -1.41732 3.62656 -0.0324085</i>
                        <i>1 0 0 0 1 0 0 0 1 -1.39888 3.65511 -0.0305314</i>
                        <i>1 0 0 0 1 0 0 0 1 -1.37801 3.68426 -0.0277796</i>
                        <i>1 0 0 0 1 0 0 0 1 -1.36279 3.70796 -0.0244615</i>
                        <i>1 0 0 0 1 0 0 0 1 -1.36246 3.71015 -0.0174116</i>
                        <i>1 0 0 0 1 0 0 0 1 -1.36699 3.71838 -0.0121111</i>
                        <i>1 0 0 0 1 0 0 0 1 -1.36631 3.7631 -0.0139712</i>
                        <i>1 0 0 0 1 0 0 0 1 -1.36483 3.82127 -0.0181005</i>
                        <i>1 0 0 0 1 0 0 0 1 -1.36338 3.87192 -0.0223227</i>
                        <i>1 0 0 0 1 0 0 0 1 -1.36279 3.89409 -0.0244615</i>
                        <i>1 0 0 0 1 0 0 0 1 -1.36415 3.85507 -0.0220989</i>
                        <i>1 0 0 0 1 0 0 0 1 -1.36656 3.77784 -0.0173221</i>
                        <i>1 0 0 0 1 0 0 0 1 -1.36784 3.725 -0.0147119</i>
                        <i>1 0 0 0 1 0 0 0 1 -1.36653 3.72548 -0.0172396</i>
                        <i>1 0 0 0 1 0 0 0 1 -1.3641 3.75035 -0.0219338</i>
                        <i>1 0 0 0 1 0 0 0 1 -1.36279 3.77536 -0.0244615</i>
                        <i>1 0 0 0 1 0 0 0 1 -1.36279 3.8095 -0.0244615</i>
                        <i>1 0 0 0 1 0 0 0 1 -1.36279 3.81 -0.0244615</i>
                        <i>1 0 0 0 1 0 0 0 1 -1.36279 3.73228 -0.0244615</i>
                        <i>1 0 0 0 1 0 0 0 1 -1.36279 3.625 -0.0244615</i>
                        <i>1 0 0 0 1 0 0 0 1 -1.36279 3.52614 -0.0244615</i>
                        <i>1 0 0 0 1 0 0 0 1 -1.36279 3.47369 -0.0244615</i>
                        <i>1 0 0 0 1 0 0 0 1 -1.36279 3.47331 -0.0244615</i>
                        <i>1 0 0 0 1 0 0 0 1 -1.36279 3.49838 -0.0244615</i>
                        <i>1 0 0 0 1 0 0 0 1 -1.36279 3.53844 -0.0244615</i>
                        <i>1 0 0 0 1 0 0 0 1 -1.36279 3.58306 -0.0244615</i>
                        <i>1 0 0 0 1 0 0 0 1 -1.36279 3.62176 -0.0244615</i>
                        <i>1 0 0 0 1 0 0 0 1 -1.36279 3.64411 -0.0244615</i>
                        <i>1 0 0 0 1 0 0 0 1 -1.36279 3.64791 -0.0244615</i>
                        <i>1 0 0 0 1 0 0 0 1 -1.36279 3.64057 -0.0244615</i>
                        <i>1 0 0 0 1 0 0 0 1 -1.36279 3.62604 -0.0244615</i>
                        <i>1 0 0 0 1 0 0 0 1 -1.36279 3.60829 -0.0244615</i>
                        <i>1 0 0 0 1 0 0 0 1 -1.36279 3.59125 -0.0244615</i>
                        <i>1 0 0 0 1 0 0 0 1 -1.36279 3.55689 -0.0244615</i>
                        <i>1 0 0 0 1 0 0 0 1 -1.36279 3.50255 -0.0244615</i>
                        <i>1 0 0 0 1 0 0 0 1 -1.36279 3.45534 -0.0244615</i>
                        <i>1 0 0 0 1 0 0 0 1 -1.36279 3.44232 -0.0244615</i>
                        <i>1 0 0 0 1 0 0 0 1 -1.36279 3.49059 -0.0244615</i>
                        <i>1 0 0 0 1 0 0 0 1 -1.35176 3.62331 -0.0402803</i>
                        <i>1 0 0 0 1 0 0 0 1 -1.32125 3.8224 -0.0838438</i>
                        <i>1 0 0 0 1 0 0 0 1 -1.27518 4.05315 -0.149312</i>
                        <i>1 0 0 0 1 0 0 0 1 -1.21745 4.28084 -0.230847</i>
                        <i>1 0 0 0 1 0 0 0 1 -1.15195 4.47073 -0.322607</i>
                        <i>1 0 0 0 1 0 0 0 1 -1.0826 4.62418 -0.418753</i>
                        <i>1 0 0 0 1 0 0 0 1 -1.01329 4.76434 -0.513445</i>
                        <i>1 0 0 0 1 0 0 0 1 -0.94792 4.88918 -0.600845</i>
                        <i>1 0 0 0 1 0 0 0 1 -0.8904 4.99669 -0.675111</i>
                        <i>1 0 0 0 1 0 0 0 1 -0.84463 5.08483 -0.730406</i>
                        <i>1 0 0 0 1 0 0 0 1 -0.808089 5.16161 -0.770284</i>
                        <i>1 0 0 0 1 0 0 0 1 -0.775331 5.23581 -0.802778</i>
                        <i>1 0 0 0 1 0 0 0 1 -0.745868 5.30661 -0.828761</i>
                        <i>1 0 0 0 1 0 0 0 1 -0.719212 5.37318 -0.849105</i>
                        <i>1 0 0 0 1 0 0 0 1 -0.694875 5.43469 -0.864686</i>
                        <i>1 0 0 0 1 0 0 0 1 -0.67237 5.49033 -0.876376</i>
                        <i>1 0 0 0 1 0 0 0 1 -0.651207 5.53926 -0.885049</i>
                        <i>1 0 0 0 1 0 0 0 1 -0.6309 5.58066 -0.891578</i>
                        <i>1 0 0 0 1 0 0 0 1 -0.61096 5.6137 -0.896837</i>
                        <i>1 0 0 0 1 0 0 0 1 -0.5909 5.63756 -0.9017</i>
                        <i>1 0 0 0 1 0 0 0 1 -0.573062 5.62459 -0.90654</i>
                        <i>1 0 0 0 1 0 0 0 1 -0.559706 5.56513 -0.910985</i>
                        <i>1 0 0 0 1 0 0 0 1 -0.550217 5.48538 -0.914786</i>
                        <i>1 0 0 0 1 0 0 0 1 -0.543981 5.41152 -0.917695</i>
                        <i>1 0 0 0 1 0 0 0 1 -0.540384 5.36973 -0.919466</i>
                        <i>1 0 0 0 1 0 0 0 1 -0.538957 5.3663 -0.921013</i>
                        <i>1 0 0 0 1 0 0 0 1 -0.54011 5.38374 -0.922505</i>
                        <i>1 0 0 0 1 0 0 0 1 -0.544545 5.41268 -0.922578</i>
                        <i>1 0 0 0 1 0 0 0 1 -0.552964 5.4437 -0.919868</i>
                        <i>1 0 0 0 1 0 0 0 1 -0.56607 5.46742 -0.91301</i>
                        <i>1 0 0 0 1 0 0 0 1 -0.582104 5.49166 -0.90363</i>
                        <i>1 0 0 0 1 0 0 0 1 -0.599323 5.52547 -0.89371</i>
                        <i>1 0 0 0 1 0 0 0 1 -0.618453 5.56126 -0.882414</i>
                        <i>1 0 0 0 1 0 0 0 1 -0.640219 5.59148 -0.868911</i>
                        <i>1 0 0 0 1 0 0 0 1 -0.665344 5.60854 -0.852368</i>
                        <i>1 0 0 0 1 0 0 0 1 -0.694555 5.60488 -0.83195</i>
                        <i>1 0 0 0 1 0 0 0 1 -0.728576 5.57292 -0.806825</i>
                        <i>1 0 0 0 1 0 0 0 1 -0.774442 5.49785 -0.774949</i>
                        <i>1 0 0 0 1 0 0 0 1 -0.833272 5.37853 -0.735431</i>
                        <i>1 0 0 0 1 0 0 0 1 -0.896921 5.22782 -0.68916</i>
                        <i>1 0 0 0 1 0 0 0 1 -0.95724 5.0586 -0.63703</i>
                        <i>1 0 0 0 1 0 0 0 1 -1.00608 4.88374 -0.579932</i>
                        <i>1 0 0 0 1 0 0 0 1 -1.04508 4.69163 -0.513927</i>
                        <i>1 0 0 0 1 0 0 0 1 -1.07966 4.47366 -0.438422</i>
                        <i>1 0 0 0 1 0 0 0 1 -1.10738 4.24729 -0.359323</i>
                        <i>1 0 0 0 1 0 0 0 1 -1.1258 4.02997 -0.282538</i>
                        <i>1 0 0 0 1 0 0 0 1 -1.13249 3.83914 -0.213976</i>
                        <i>1 0 0 0 1 0 0 0 1 -1.13249 3.6844 -0.159181</i>
                        <i>1 0 0 0 1 0 0 0 1 -1.13249 3.57094 -0.116285</i>
                        <i>1 0 0 0 1 0 0 0 1 -1.13249 3.50957 -0.0800804</i>
                        <i>1 0 0 0 1 0 0 0 1 -1.13249 3.49401 -0.045314</i>
                        <i>1 0 0 0 1 0 0 0 1 -1.13249 3.50399 -0.0115808</i>
                        <i>1 0 0 0 1 0 0 0 1 -1.13249 3.52933 0.0190557</i>
                        <i>1 0 0 0 1 0 0 0 1 -1.13249 3.55986 0.0445318</i>
                        <i>1 0 0 0 1 0 0 0 1 -1.13249 3.58542 0.0627838</i>
                        <i>1 0 0 0 1 0 0 0 1 -1.13249 3.61011 0.0743457</i>
                        <i>1 0 0 0 1 0 0 0 1 -1.13249 3.64129 0.0814147</i>
                        <i>1 0 0 0 1 0 0 0 1 -1.13249 3.67373 0.0844224</i>
                        <i>1 0 0 0 1 0 0 0 1 -1.13249 3.70218 0.0838004</i>
                        <i>1 0 0 0 1 0 0 0 1 -1.13249 3.72138 0.0799804</i>
                        <i>1 0 0 0 1 0 0 0 1 -1.13249 3.7261 0.073394</i>
                        <i>1 0 0 0 1 0 0 0 1 -1.13249 3.71168 0.0619974</i>
                        <i>1 0 0 0 1 0 0 0 1 -1.13249 3.6814 0.0450366</i>
                        <i>1 0 0 0 1 0 0 0 1 -1.13249 3.64187 0.0248778</i>
                        <i>1 0 0 0 1 0 0 0 1 -1.13249 3.59973 0.003887</i>
                        <i>1 0 0 0 1 0 0 0 1 -1.13249 3.56159 -0.0155695</i>
                        <i>1 0 0 0 1 0 0 0 1 -1.13249 3.53408 -0.0311257</i>
                        <i>1 0 0 0 1 0 0 0 1 -1.13249 3.51619 -0.0428728</i>
                        <i>1 0 0 0 1 0 0 0 1 -1.13249 3.50191 -0.0528439</i>
                        <i>1 0 0 0 1 0 0 0 1 -1.13249 3.49033 -0.061586</i>
                        <i>1 0 0 0 1 0 0 0 1 -1.13249 3.48053 -0.0696462</i>
                        <i>1 0 0 0 1 0 0 0 1 -1.13249 3.47159 -0.0775716</i>
                        <i>1 0 0 0 1 0 0 0 1 -1.13249 3.4626 -0.0859093</i>
                        <i>1 0 0 0 1 0 0 0 1 -1.13249 3.45264 -0.0952061</i>
                        <i>1 0 0 0 1 0 0 0 1 -1.13249 3.44081 -0.106009</i>
                        <i>1 0 0 0 1 0 0 0 1 -1.13249 3.42617 -0.118866</i>
                        <i>1 0 0 0 1 0 0 0 1 -1.13249 3.40358 -0.141639</i>
                        <i>1 0 0 0 1 0 0 0 1 -1.13249 3.37356 -0.173454</i>
                        <i>1 0 0 0 1 0 0 0 1 -1.13249 3.34373 -0.201753</i>
                        <i>1 0 0 0 1 0 0 0 1 -1.13249 3.32169 -0.213976</i>
                        <i>1 0 0 0 1 0 0 0 1 -1.13249 3.30973 -0.213976</i>
                        <i>1 0 0 0 1 0 0 0 1 -1.13249 3.30372 -0.213976</i>
                        <i>1 0 0 0 1 0 0 0 1 -1.13249 3.3016 -0.213976</i>
                        <i>1 0 0 0 1 0 0 0 1 -1.13249 3.30135 -0.213976</i>
                        <i>1 0 0 0 1 0 0 0 1 -1.13249 3.30286 -0.213976</i>
                        <i>1 0 0 0 1 0 0 0 1 -1.13249 3.30662 -0.213976</i>
                        <i>1 0 0 0 1 0 0 0 1 -1.13249 3.31152 -0.213976</i>
                        <i>1 0 0 0 1 0 0 0 1 -1.13249 3.31642 -0.213976</i>
                        <i>1 0 0 0 1 0 0 0 1 -1.13249 3.32018 -0.213976</i>
                        <i>1 0 0 0 1 0 0 0 1 -1.13249 3.32169 -0.213976</i>
                        <i>1 0 0 0 1 0 0 0 1 -1.13249 3.32169 -0.213976</i>
                        <i>1 0 0 0 1 0 0 0 1 -1.13249 3.32169 -0.213976</i>
                        <i>1 0 0 0 1 0 0 0 1 -1.13249 3.32169 -0.213976</i>
                        <i>1 0 0 0 1 0 0 0 1 -1.13249 3.32169 -0.213976</i>
                        <i>1 0 0 0 1 0 0 0 1 -1.13249 3.32169 -0.213976</i>
                        <i>1 0 0 0 1 0 0 0 1 -1.13249 3.32169 -0.213976</i>
                        <i>1 0 0 0 1 0 0 0 1 -1.13249 3.32169 -0.213976</i>
                        <i>1 0 0 0 1 0 0 0 1 -1.13249 3.32169 -0.213976</i>
                        <i>1 0 0 0 1 0 0 0 1 -1.13249 3.32169 -0.213976</i>
                        <i>1 0 0 0 1 0 0 0 1 -1.13249 3.32169 -0.213976</i>
                    </KeyFrames>
                </p>
            </i>
            <i>
                <p>
                    <Name><![CDATA[spine0]]></Name>
                    <Exclude>0</Exclude>
                    <Additive>0</Additive>
                    <IKPriority>0</IKPriority>
                    <IKRotLimits>-1e+010 -1e+010 -1e+010 1e+010 1e+010 1e+010</IKRotLimits>
                    <IKRotLimitOrder>0</IKRotLimitOrder>
                    <KeyFrames count="160">
                        <i>0.0457755 0.953961 0.296416 -0.998949 0.0430671 0.0156641 0.0021772 -0.296821 0.954931 -1.1524 3.46144 -0.241706</i>
                        <i>0.04024 0.951096 0.306263 -0.997216 0.018969 0.0721166 0.0627803 -0.308312 0.949211 -1.17767 3.49988 -0.224581</i>
                        <i>0.0338481 0.945192 0.324756 -0.976271 -0.0382718 0.213142 0.213889 -0.324264 0.921468 -1.24092 3.58805 -0.185906</i>
                        <i>0.0397367 0.941793 0.333837 -0.91418 -0.100602 0.392625 0.403356 -0.320789 0.85697 -1.32338 3.68581 -0.145108</i>
                        <i>0.0614437 0.946279 0.317459 -0.814092 -0.136507 0.564465 0.577476 -0.293124 0.761971 -1.40822 3.75423 -0.122526</i>
                        <i>0.0854893 0.958322 0.272599 -0.675744 -0.145287 0.722676 0.732162 -0.245988 0.635161 -1.54346 3.78695 -0.162121</i>
                        <i>0.0981696 0.973583 0.20615 -0.482133 -0.134688 0.865683 0.87058 -0.184376 0.456175 -1.65317 3.80649 -0.199204</i>
                        <i>0.0971632 0.987236 0.126189 -0.247092 -0.0988913 0.963933 0.964108 -0.124839 0.23433 -1.65906 3.81764 -0.165806</i>
                        <i>0.0867903 0.995281 0.0434066 0.00420563 -0.0439367 0.999025 0.996218 -0.0865232 -0.00799906 -1.62232 3.82522 -0.110614</i>
                        <i>0.0778284 0.996434 -0.0325992 0.243663 0.0126953 0.969777 0.966732 -0.0834194 -0.241806 -1.55168 3.834 -0.0662479</i>
                        <i>0.0852001 0.991009 -0.10316 0.474567 0.0506754 0.87876 0.876086 -0.123827 -0.465982 -1.43866 3.84621 -0.0397004</i>
                        <i>0.101196 0.981165 -0.164545 0.689371 0.0500947 0.722675 0.717306 -0.186565 -0.671317 -1.29045 3.85896 -0.0164411</i>
                        <i>0.112805 0.972131 -0.205516 0.851069 0.0122133 0.524911 0.512793 -0.234121 -0.825973 -1.13957 3.8696 0.00315073</i>
                        <i>0.115024 0.968431 -0.221159 0.944481 -0.0376388 0.326404 0.307776 -0.246424 -0.918994 -1.01898 3.87655 0.0187693</i>
                        <i>0.101965 0.97102 -0.216155 0.983177 -0.0652657 0.170597 0.151545 -0.229913 -0.96134 -0.961997 3.87919 0.0301633</i>
                        <i>0.0884865 0.976668 -0.195679 0.993738 -0.0731039 0.0844969 0.0682205 -0.20193 -0.977021 -0.985294 3.87706 0.0362894</i>
                        <i>0.0913544 0.981886 -0.165994 0.994962 -0.083086 0.0561049 0.0412968 -0.170283 -0.984529 -1.06541 3.86941 0.0373117</i>
                        <i>0.100438 0.985677 -0.135473 0.993684 -0.0925268 0.0634932 0.0500489 -0.140994 -0.988745 -1.17555 3.83743 0.0347504</i>
                        <i>0.108495 0.987815 -0.111581 0.991472 -0.0993738 0.0843057 0.0721902 -0.119776 -0.990173 -1.28864 3.78434 0.0303377</i>
                        <i>0.111668 0.988529 -0.101689 0.990126 -0.101952 0.0962071 0.0847361 -0.111428 -0.990153 -1.3773 3.74234 0.0261234</i>
                        <i>0.108551 0.988117 -0.108819 0.990608 -0.0983647 0.0949798 0.0831472 -0.118107 -0.989514 -1.42525 3.72968 0.0214411</i>
                        <i>0.100926 0.986705 -0.127388 0.991714 -0.0895466 0.0921125 0.0794806 -0.135629 -0.987566 -1.43939 3.73793 0.0191372</i>
                        <i>0.0908769 0.984225 -0.151797 0.992987 -0.0779804 0.088864 0.075625 -0.158808 -0.984409 -1.4311 3.75933 0.0212383</i>
                        <i>0.0804307 0.98113 -0.175825 0.994083 -0.066036 0.08625 0.0730117 -0.181722 -0.980636 -1.41229 3.78744 0.0242859</i>
                        <i>0.0717508 0.97867 -0.192502 0.994798 -0.0562237 0.0849501 0.0723149 -0.197596 -0.977613 -1.39113 3.81643 0.0275123</i>
                        <i>0.0671338 0.978583 -0.1946 0.995022 -0.0512672 0.0854596 0.0736526 -0.199369 -0.977153 -1.37577 3.84042 0.0301497</i>
                        <i>0.0602713 0.98363 -0.169822 0.995 -0.04563 0.0888398 0.0796365 -0.174327 -0.981462 -1.37553 3.84354 0.0348592</i>
                        <i>0.04881 0.99038 -0.12948 0.994846 -0.0366709 0.0945342 0.0888766 -0.133427 -0.987065 -1.3803 3.85315 0.0364034</i>
                        <i>0.0397059 0.994551 -0.0963971 0.99442 -0.0298947 0.101171 0.0977382 -0.0998763 -0.990188 -1.3799 3.89939 0.0300378</i>
                        <i>0.0376994 0.995457 -0.0874356 0.993765 -0.0281596 0.107881 0.104929 -0.0909575 -0.990311 -1.37864 3.95893 0.0213482</i>
                        <i>0.0402682 0.994371 -0.0980037 0.993106 -0.0290237 0.11357 0.110087 -0.101901 -0.988685 -1.37729 4.01062 0.0132331</i>
                        <i>0.0426543 0.993041 -0.109769 0.992731 -0.0297495 0.116624 0.112546 -0.113946 -0.987091 -1.37665 4.03341 0.00860696</i>
                        <i>0.0413634 0.992945 -0.111128 0.994457 -0.0301536 0.100724 0.0966629 -0.114678 -0.988689 -1.37753 3.99433 0.0114334</i>
                        <i>0.0367438 0.993843 -0.104527 0.997797 -0.0307051 0.0588064 0.0552349 -0.106457 -0.992782 -1.37875 3.91624 0.0200197</i>
                        <i>0.0312023 0.995516 -0.0892963 0.999513 -0.0310464 0.0031341 0.000347714 -0.0893507 -0.996 -1.37805 3.86176 0.0287531</i>
                        <i>0.0273092 0.99742 -0.0663871 0.998077 -0.030904 -0.0537399 -0.0556529 -0.0647918 -0.996346 -1.37404 3.85984 0.0336148</i>
                        <i>0.0263895 0.99885 -0.0400198 0.994609 -0.0302513 -0.0991826 -0.100279 -0.0371867 -0.994264 -1.36875 3.88167 0.0366227</i>
                        <i>0.027441 0.999476 -0.0171605 0.992247 -0.0293162 -0.120778 -0.121217 -0.0137131 -0.992531 -1.36551 3.90325 0.0413479</i>
                        <i>0.0290729 0.999568 0.00438196 0.99135 -0.0282721 -0.128162 -0.127983 0.00807011 -0.991744 -1.36419 3.93249 0.0501557</i>
                        <i>0.0311325 0.999133 0.0276373 0.99004 -0.0270273 -0.138168 -0.137301 0.0316636 -0.990023 -1.36241 3.92549 0.0613215</i>
                        <i>0.0330512 0.998303 0.047935 0.988451 -0.0255529 -0.149368 -0.14789 0.0523182 -0.987619 -1.36048 3.83846 0.0725784</i>
                        <i>0.0344515 0.997415 0.0630608 0.98679 -0.0239545 -0.160224 -0.158299 0.0677477 -0.985064 -1.35872 3.72155 0.0821096</i>
                        <i>0.0352283 0.996721 0.0728407 0.98539 -0.0224901 -0.168824 -0.166632 0.0777239 -0.982951 -1.3574 3.61481 0.0886971</i>
                        <i>0.0354384 0.996337 0.0778304 0.984719 -0.0215253 -0.172817 -0.170509 0.0827654 -0.981874 -1.3568 3.55854 0.0915597</i>
                        <i>0.0350823 0.996349 0.0778286 0.985225 -0.0214175 -0.16992 -0.167633 0.0826399 -0.98238 -1.35717 3.5605 0.089826</i>
                        <i>0.0341574 0.996754 0.072905 0.986593 -0.0219813 -0.161711 -0.159583 0.0774512 -0.984141 -1.35835 3.59278 0.084003</i>
                        <i>0.0326897 0.997456 0.0633417 0.988214 -0.022774 -0.151375 -0.149547 0.0675436 -0.986445 -1.35997 3.64197 0.0753934</i>
                        <i>0.0309112 0.998244 0.0505341 0.989662 -0.023483 -0.141485 -0.14005 0.0543851 -0.98865 -1.36165 3.69504 0.0658459</i>
                        <i>0.0293509 0.998832 0.038387 0.990676 -0.0239569 -0.134115 -0.133039 0.0419655 -0.990222 -1.36296 3.73969 0.0579321</i>
                        <i>0.0286864 0.999045 0.0329429 0.991061 -0.0241306 -0.131209 -0.130289 0.0364123 -0.990807 -1.36349 3.76428 0.0546354</i>
                        <i>0.0286597 0.99905 0.0328332 0.991074 -0.0241219 -0.131113 -0.130197 0.0362978 -0.990824 -1.3635 3.76815 0.054529</i>
                        <i>0.0285959 0.99906 0.0325702 0.991105 -0.0241012 -0.130885 -0.129977 0.0360232 -0.990862 -1.36354 3.76097 0.0542749</i>
                        <i>0.0285196 0.999073 0.0322539 0.991141 -0.0240765 -0.130613 -0.129715 0.0356932 -0.990909 -1.36359 3.74664 0.0539712</i>
                        <i>0.0284555 0.999083 0.0319869 0.991172 -0.0240558 -0.130385 -0.129496 0.0354147 -0.990947 -1.36363 3.72905 0.0537163</i>
                        <i>0.0284287 0.999088 0.0318745 0.991184 -0.0240471 -0.13029 -0.129405 0.0352974 -0.990963 -1.36365 3.71209 0.0536093</i>
                        <i>0.0322867 0.99901 0.0305983 0.9918 -0.028236 -0.124645 -0.123658 0.0343718 -0.991729 -1.36134 3.67626 0.0558125</i>
                        <i>0.0407413 0.998823 0.026304 0.993732 -0.0377627 -0.105221 -0.104104 0.030426 -0.994101 -1.35657 3.61816 0.060936</i>
                        <i>0.0493716 0.998599 0.0190483 0.996425 -0.047937 -0.0695712 -0.0685606 0.0224151 -0.997395 -1.35257 3.56607 0.0668098</i>
                        <i>0.0550616 0.998415 0.0116254 0.998277 -0.0548102 -0.0209327 -0.0202623 0.012758 -0.999713 -1.35187 3.54916 0.0712544</i>
                        <i>0.0555677 0.998416 0.00882538 0.997932 -0.0558225 0.0318815 0.0323236 0.00703554 -0.999453 -1.35611 3.59727 0.0718335</i>
                        <i>0.033724 0.999198 0.0215845 0.996024 -0.035383 0.0817579 0.0824561 0.0187415 -0.996418 -1.35513 3.7342 0.0513069</i>
                        <i>-0.0202167 0.998907 0.042154 0.990486 0.0142703 0.136871 0.136119 0.04452 -0.989692 -1.33961 3.93902 -0.0016343</i>
                        <i>-0.0926034 0.99445 0.0499407 0.975196 0.0804549 0.206205 0.201043 0.0677973 -0.977233 -1.31124 4.17434 -0.080682</i>
                        <i>-0.162757 0.986023 0.0356227 0.946614 0.145866 0.28748 0.278266 0.0805102 -0.957124 -1.27042 4.40382 -0.178258</i>
                        <i>-0.208949 0.977926 0.00109132 0.908559 0.193715 0.370129 0.361748 0.0783298 -0.92898 -1.21761 4.59309 -0.285021</i>
                        <i>-0.218831 0.974426 -0.0510603 0.864144 0.217836 0.453655 0.453176 0.0551505 -0.889713 -1.15706 4.74483 -0.394349</i>
                        <i>-0.197067 0.974135 -0.110569 0.813516 0.225421 0.536075 0.547134 0.0156931 -0.836898 -1.09412 4.88274 -0.501495</i>
                        <i>-0.153559 0.974442 -0.163961 0.763645 0.222331 0.606148 0.627109 -0.0321286 -0.778268 -1.03264 5.00544 -0.59907</i>
                        <i>-0.102635 0.973957 -0.202173 0.722162 0.21273 0.658201 0.684068 -0.078447 -0.725188 -0.976605 5.11176 -0.679848</i>
                        <i>-0.0615288 0.973662 -0.219535 0.695344 0.199608 0.690401 0.716038 -0.110173 -0.689312 -0.929876 5.20055 -0.736582</i>
                        <i>-0.0285475 0.974181 -0.223958 0.682693 0.182657 0.707507 0.730147 -0.132697 -0.670281 -0.890518 5.27949 -0.772745</i>
                        <i>0.00921052 0.973731 -0.227516 0.676381 0.161511 0.718625 0.736494 -0.160506 -0.657126 -0.853702 5.35638 -0.798578</i>
                        <i>0.0506234 0.971444 -0.231806 0.672142 0.138533 0.727347 0.73869 -0.192627 -0.645935 -0.818527 5.43018 -0.816699</i>
                        <i>0.0939084 0.96679 -0.237693 0.667917 0.115867 0.735161 0.738287 -0.227797 -0.634855 -0.783992 5.50013 -0.829568</i>
                        <i>0.136848 0.959763 -0.245211 0.664554 0.0946211 0.741226 0.734603 -0.264391 -0.624865 -0.749013 5.56557 -0.839485</i>
                        <i>0.178356 0.950489 -0.254478 0.665679 0.0738987 0.74257 0.72461 -0.301843 -0.619541 -0.711346 5.6262 -0.849645</i>
                        <i>0.217159 0.939433 -0.265157 0.675537 0.0514476 0.735529 0.704622 -0.33885 -0.623449 -0.671249 5.67967 -0.860957</i>
                        <i>0.248907 0.928413 -0.275851 0.691946 0.0288248 0.721374 0.677684 -0.370429 -0.635237 -0.632137 5.72322 -0.872305</i>
                        <i>0.264922 0.922093 -0.282067 0.708273 0.0124219 0.705829 0.654344 -0.38677 -0.649802 -0.597935 5.75624 -0.882335</i>
                        <i>0.260138 0.924647 -0.278129 0.716243 0.00838815 0.697801 0.647552 -0.380732 -0.66009 -0.572273 5.77968 -0.889369</i>
                        <i>0.24468 0.932228 -0.266612 0.71757 0.0108285 0.696403 0.652093 -0.361709 -0.666289 -0.55444 5.76672 -0.894365</i>
                        <i>0.231596 0.938952 -0.254425 0.719355 0.0107709 0.69456 0.654899 -0.343879 -0.672945 -0.541124 5.7073 -0.89921</i>
                        <i>0.222778 0.94394 -0.243613 0.721325 0.00849385 0.692544 0.655789 -0.330008 -0.678995 -0.531744 5.62761 -0.903557</i>
                        <i>0.218148 0.94693 -0.236082 0.723517 0.00541726 0.690286 0.654931 -0.321394 -0.683938 -0.525722 5.55382 -0.907059</i>
                        <i>0.216662 0.947922 -0.233455 0.726103 0.00337525 0.687577 0.652558 -0.318484 -0.687558 -0.522476 5.51212 -0.909366</i>
                        <i>0.207772 0.951372 -0.227427 0.724395 0.00658941 0.689354 0.657331 -0.307975 -0.687799 -0.526856 5.50888 -0.906215</i>
                        <i>0.188078 0.958371 -0.21483 0.716111 0.0158862 0.697806 0.672169 -0.285084 -0.683312 -0.541299 5.52511 -0.895844</i>
                        <i>0.168161 0.964241 -0.204844 0.70402 0.0279746 0.709629 0.689983 -0.263546 -0.674141 -0.561422 5.54963 -0.881898</i>
                        <i>0.155265 0.967172 -0.201176 0.691467 0.0390392 0.721352 0.705525 -0.251107 -0.662706 -0.582835 5.57442 -0.867752</i>
                        <i>0.150741 0.967952 -0.200864 0.684652 0.0443489 0.727519 0.713112 -0.247189 -0.656025 -0.601782 5.59451 -0.855827</i>
                        <i>0.146485 0.967306 -0.207029 0.706966 0.0440165 0.705877 0.691911 -0.249763 -0.677405 -0.614599 5.62008 -0.847516</i>
                        <i>0.131679 0.966649 -0.21966 0.768797 0.0403012 0.638222 0.625789 -0.252914 -0.73785 -0.622302 5.6576 -0.841654</i>
                        <i>0.104402 0.968426 -0.226388 0.85305 0.0298249 0.520977 0.511279 -0.247511 -0.823002 -0.628892 5.69719 -0.836482</i>
                        <i>0.0697352 0.974985 -0.211046 0.936633 0.00881264 0.350201 0.3433 -0.222094 -0.912589 -0.637874 5.72977 -0.829335</i>
                        <i>0.0447388 0.986463 -0.157762 0.991711 -0.0248143 0.126073 0.120452 -0.162095 -0.979396 -0.650596 5.74708 -0.816493</i>
                        <i>0.0610517 0.996259 -0.061168 0.987304 -0.069279 -0.142939 -0.146642 -0.0516648 -0.98784 -0.664932 5.74069 -0.794867</i>
                        <i>0.157759 0.985757 0.0582605 0.892473 -0.117083 -0.435641 -0.422615 0.120722 -0.898233 -0.675968 5.70016 -0.765132</i>
                        <i>0.262414 0.941571 0.211145 0.689349 -0.0298061 -0.723816 -0.675231 0.335492 -0.656893 -0.698665 5.60798 -0.7218</i>
                        <i>0.331052 0.93435 0.131891 0.352149 0.00734104 -0.935915 -0.87544 0.356282 -0.3266 -0.735254 5.47798 -0.700811</i>
                        <i>0.198435 0.973695 -0.111986 -0.193137 -0.0731714 -0.97844 -0.960896 0.215785 0.173537 -0.798489 5.33074 -0.709508</i>
                        <i>-0.0135516 0.998612 -0.0508985 -0.76045 -0.0433451 -0.647948 -0.649255 0.0299251 0.759982 -0.891252 5.17072 -0.698432</i>
                        <i>-0.0212595 0.98993 0.139952 -0.960646 0.0185522 -0.277154 -0.27696 -0.140336 0.950578 -0.965761 5.00648 -0.643218</i>
                        <i>-0.00586174 0.987338 0.15852 -0.988742 0.017979 -0.148543 -0.149513 -0.157606 0.976118 -1.01917 4.82006 -0.573346</i>
                        <i>0.000691008 0.992012 0.126142 -0.995764 0.0122803 -0.0911207 -0.0919419 -0.125545 0.987818 -1.06829 4.60691 -0.491433</i>
                        <i>-0.0105261 0.996536 0.082499 -0.998278 -0.0057116 -0.0583785 -0.057705 -0.0829714 0.99488 -1.11161 4.38351 -0.405402</i>
                        <i>-0.0282947 0.998415 0.0486483 -0.99928 -0.0270207 -0.0266505 -0.0252937 -0.0493673 0.99846 -1.14439 4.16696 -0.322351</i>
                        <i>-0.0412583 0.998502 0.035944 -0.999148 -0.0412368 -0.00134108 0.000143139 -0.0359687 0.999353 -1.16015 3.97594 -0.248832</i>
                        <i>-0.0346235 0.998367 0.0454395 -0.999236 -0.0337583 -0.0196713 -0.0181052 -0.0460859 0.998773 -1.15728 3.82245 -0.191181</i>
                        <i>-0.010197 0.998379 0.0559883 -0.997611 -0.00633146 -0.06879 -0.068324 -0.056556 0.996059 -1.14575 3.71023 -0.149714</i>
                        <i>0.00651991 0.998716 0.0502309 -0.995118 0.0114269 -0.0980302 -0.0984783 -0.0493465 0.993915 -1.13797 3.64716 -0.12175</i>
                        <i>0.00818927 0.999695 0.0232916 -0.994022 0.0106743 -0.108656 -0.108872 -0.0222625 0.993806 -1.13673 3.6256 -0.103306</i>
                        <i>0.0106138 0.999915 -0.00758337 -0.992519 0.00961216 -0.121715 -0.121631 0.00881849 0.992536 -1.13555 3.62465 -0.0898586</i>
                        <i>0.0130861 0.99957 -0.0262468 -0.990206 0.00930569 -0.139303 -0.138998 0.0278127 0.989902 -1.13458 3.63533 -0.0781857</i>
                        <i>0.0142014 0.999485 -0.0287888 -0.986945 0.00939203 -0.160783 -0.16043 0.0306963 0.98657 -1.13396 3.65121 -0.0665955</i>
                        <i>0.0131646 0.999573 -0.02608 -0.983881 0.00829714 -0.178634 -0.178341 0.0280113 0.98357 -1.13395 3.66745 -0.055389</i>
                        <i>0.01094 0.999785 -0.0176159 -0.982322 0.00745314 -0.187051 -0.186879 0.0193508 0.982192 -1.13449 3.69045 -0.0449711</i>
