<?xml version="1.0" encoding="ISO-8859-1" ?>
<Animl Version="1">
    <ModellingPackage><![CDATA[Maya.2010]]></ModellingPackage>
    <SrcFile><![CDATA[anims\turrets\mortar\blue\~src\mortar_m29\mortar_m29_idle_crewman_a.mb]]></SrcFile>
    <FramesPerSecond>30</FramesPerSecond>
    <TotalFrames>120</TotalFrames>
    <Skeleton>
        <RefFrame>
            <Name><![CDATA[soldier_ref_frame]]></Name>
            <Exclude>0</Exclude>
            <Additive>0</Additive>
            <IKPriority>0</IKPriority>
            <IKRotLimits>-1e+010 -1e+010 -1e+010 1e+010 1e+010 1e+010</IKRotLimits>
            <IKRotLimitOrder>0</IKRotLimitOrder>
            <KeyFrames count="120">
                <i>1 0 0 0 1 0 0 0 1 1.63 1.86 -0.24</i>
                <i>1 0 0 0 1 0 0 0 1 1.63 1.86 -0.24</i>
                <i>1 0 0 0 1 0 0 0 1 1.63 1.86 -0.24</i>
                <i>1 0 0 0 1 0 0 0 1 1.63 1.86 -0.24</i>
                <i>1 0 0 0 1 0 0 0 1 1.63 1.86 -0.24</i>
                <i>1 0 0 0 1 0 0 0 1 1.63 1.86 -0.24</i>
                <i>1 0 0 0 1 0 0 0 1 1.63 1.86 -0.24</i>
                <i>1 0 0 0 1 0 0 0 1 1.63 1.86 -0.24</i>
                <i>1 0 0 0 1 0 0 0 1 1.63 1.86 -0.24</i>
                <i>1 0 0 0 1 0 0 0 1 1.63 1.86 -0.24</i>
                <i>1 0 0 0 1 0 0 0 1 1.63 1.86 -0.24</i>
                <i>1 0 0 0 1 0 0 0 1 1.63 1.86 -0.24</i>
                <i>1 0 0 0 1 0 0 0 1 1.63 1.86 -0.24</i>
                <i>1 0 0 0 1 0 0 0 1 1.63 1.86 -0.24</i>
                <i>1 0 0 0 1 0 0 0 1 1.63 1.86 -0.24</i>
                <i>1 0 0 0 1 0 0 0 1 1.63 1.86 -0.24</i>
                <i>1 0 0 0 1 0 0 0 1 1.63 1.86 -0.24</i>
                <i>1 0 0 0 1 0 0 0 1 1.63 1.86 -0.24</i>
                <i>1 0 0 0 1 0 0 0 1 1.63 1.86 -0.24</i>
                <i>1 0 0 0 1 0 0 0 1 1.63 1.86 -0.24</i>
                <i>1 0 0 0 1 0 0 0 1 1.63 1.86 -0.24</i>
                <i>1 0 0 0 1 0 0 0 1 1.63 1.86 -0.24</i>
                <i>1 0 0 0 1 0 0 0 1 1.63 1.86 -0.24</i>
                <i>1 0 0 0 1 0 0 0 1 1.63 1.86 -0.24</i>
                <i>1 0 0 0 1 0 0 0 1 1.63 1.86 -0.24</i>
                <i>1 0 0 0 1 0 0 0 1 1.63 1.86 -0.24</i>
                <i>1 0 0 0 1 0 0 0 1 1.63 1.86 -0.24</i>
                <i>1 0 0 0 1 0 0 0 1 1.63 1.86 -0.24</i>
                <i>1 0 0 0 1 0 0 0 1 1.63 1.86 -0.24</i>
                <i>1 0 0 0 1 0 0 0 1 1.63 1.86 -0.24</i>
                <i>1 0 0 0 1 0 0 0 1 1.63 1.86 -0.24</i>
                <i>1 0 0 0 1 0 0 0 1 1.63 1.86 -0.24</i>
                <i>1 0 0 0 1 0 0 0 1 1.63 1.86 -0.24</i>
                <i>1 0 0 0 1 0 0 0 1 1.63 1.86 -0.24</i>
                <i>1 0 0 0 1 0 0 0 1 1.63 1.86 -0.24</i>
                <i>1 0 0 0 1 0 0 0 1 1.63 1.86 -0.24</i>
                <i>1 0 0 0 1 0 0 0 1 1.63 1.86 -0.24</i>
                <i>1 0 0 0 1 0 0 0 1 1.63 1.86 -0.24</i>
                <i>1 0 0 0 1 0 0 0 1 1.63 1.86 -0.24</i>
                <i>1 0 0 0 1 0 0 0 1 1.63 1.86 -0.24</i>
                <i>1 0 0 0 1 0 0 0 1 1.63 1.86 -0.24</i>
                <i>1 0 0 0 1 0 0 0 1 1.63 1.86 -0.24</i>
                <i>1 0 0 0 1 0 0 0 1 1.63 1.86 -0.24</i>
                <i>1 0 0 0 1 0 0 0 1 1.63 1.86 -0.24</i>
                <i>1 0 0 0 1 0 0 0 1 1.63 1.86 -0.24</i>
                <i>1 0 0 0 1 0 0 0 1 1.63 1.86 -0.24</i>
                <i>1 0 0 0 1 0 0 0 1 1.63 1.86 -0.24</i>
                <i>1 0 0 0 1 0 0 0 1 1.63 1.86 -0.24</i>
                <i>1 0 0 0 1 0 0 0 1 1.63 1.86 -0.24</i>
                <i>1 0 0 0 1 0 0 0 1 1.63 1.86 -0.24</i>
                <i>1 0 0 0 1 0 0 0 1 1.63 1.86 -0.24</i>
                <i>1 0 0 0 1 0 0 0 1 1.63 1.86 -0.24</i>
                <i>1 0 0 0 1 0 0 0 1 1.63 1.86 -0.24</i>
                <i>1 0 0 0 1 0 0 0 1 1.63 1.86 -0.24</i>
                <i>1 0 0 0 1 0 0 0 1 1.63 1.86 -0.24</i>
                <i>1 0 0 0 1 0 0 0 1 1.63 1.86 -0.24</i>
                <i>1 0 0 0 1 0 0 0 1 1.63 1.86 -0.24</i>
                <i>1 0 0 0 1 0 0 0 1 1.63 1.86 -0.24</i>
                <i>1 0 0 0 1 0 0 0 1 1.63 1.86 -0.24</i>
                <i>1 0 0 0 1 0 0 0 1 1.63 1.86 -0.24</i>
                <i>1 0 0 0 1 0 0 0 1 1.63 1.86 -0.24</i>
                <i>1 0 0 0 1 0 0 0 1 1.63 1.86 -0.24</i>
                <i>1 0 0 0 1 0 0 0 1 1.63 1.86 -0.24</i>
                <i>1 0 0 0 1 0 0 0 1 1.63 1.86 -0.24</i>
                <i>1 0 0 0 1 0 0 0 1 1.63 1.86 -0.24</i>
                <i>1 0 0 0 1 0 0 0 1 1.63 1.86 -0.24</i>
                <i>1 0 0 0 1 0 0 0 1 1.63 1.86 -0.24</i>
                <i>1 0 0 0 1 0 0 0 1 1.63 1.86 -0.24</i>
                <i>1 0 0 0 1 0 0 0 1 1.63 1.86 -0.24</i>
                <i>1 0 0 0 1 0 0 0 1 1.63 1.86 -0.24</i>
                <i>1 0 0 0 1 0 0 0 1 1.63 1.86 -0.24</i>
                <i>1 0 0 0 1 0 0 0 1 1.63 1.86 -0.24</i>
                <i>1 0 0 0 1 0 0 0 1 1.63 1.86 -0.24</i>
                <i>1 0 0 0 1 0 0 0 1 1.63 1.86 -0.24</i>
                <i>1 0 0 0 1 0 0 0 1 1.63 1.86 -0.24</i>
                <i>1 0 0 0 1 0 0 0 1 1.63 1.86 -0.24</i>
                <i>1 0 0 0 1 0 0 0 1 1.63 1.86 -0.24</i>
                <i>1 0 0 0 1 0 0 0 1 1.63 1.86 -0.24</i>
                <i>1 0 0 0 1 0 0 0 1 1.63 1.86 -0.24</i>
                <i>1 0 0 0 1 0 0 0 1 1.63 1.86 -0.24</i>
                <i>1 0 0 0 1 0 0 0 1 1.63 1.86 -0.24</i>
                <i>1 0 0 0 1 0 0 0 1 1.63 1.86 -0.24</i>
                <i>1 0 0 0 1 0 0 0 1 1.63 1.86 -0.24</i>
                <i>1 0 0 0 1 0 0 0 1 1.63 1.86 -0.24</i>
                <i>1 0 0 0 1 0 0 0 1 1.63 1.86 -0.24</i>
                <i>1 0 0 0 1 0 0 0 1 1.63 1.86 -0.24</i>
                <i>1 0 0 0 1 0 0 0 1 1.63 1.86 -0.24</i>
                <i>1 0 0 0 1 0 0 0 1 1.63 1.86 -0.24</i>
                <i>1 0 0 0 1 0 0 0 1 1.63 1.86 -0.24</i>
                <i>1 0 0 0 1 0 0 0 1 1.63 1.86 -0.24</i>
                <i>1 0 0 0 1 0 0 0 1 1.63 1.86 -0.24</i>
                <i>1 0 0 0 1 0 0 0 1 1.63 1.86 -0.24</i>
                <i>1 0 0 0 1 0 0 0 1 1.63 1.86 -0.24</i>
                <i>1 0 0 0 1 0 0 0 1 1.63 1.86 -0.24</i>
                <i>1 0 0 0 1 0 0 0 1 1.63 1.86 -0.24</i>
                <i>1 0 0 0 1 0 0 0 1 1.63 1.86 -0.24</i>
                <i>1 0 0 0 1 0 0 0 1 1.63 1.86 -0.24</i>
                <i>1 0 0 0 1 0 0 0 1 1.63 1.86 -0.24</i>
                <i>1 0 0 0 1 0 0 0 1 1.63 1.86 -0.24</i>
                <i>1 0 0 0 1 0 0 0 1 1.63 1.86 -0.24</i>
                <i>1 0 0 0 1 0 0 0 1 1.63 1.86 -0.24</i>
                <i>1 0 0 0 1 0 0 0 1 1.63 1.86 -0.24</i>
                <i>1 0 0 0 1 0 0 0 1 1.63 1.86 -0.24</i>
                <i>1 0 0 0 1 0 0 0 1 1.63 1.86 -0.24</i>
                <i>1 0 0 0 1 0 0 0 1 1.63 1.86 -0.24</i>
                <i>1 0 0 0 1 0 0 0 1 1.63 1.86 -0.24</i>
                <i>1 0 0 0 1 0 0 0 1 1.63 1.86 -0.24</i>
                <i>1 0 0 0 1 0 0 0 1 1.63 1.86 -0.24</i>
                <i>1 0 0 0 1 0 0 0 1 1.63 1.86 -0.24</i>
                <i>1 0 0 0 1 0 0 0 1 1.63 1.86 -0.24</i>
                <i>1 0 0 0 1 0 0 0 1 1.63 1.86 -0.24</i>
                <i>1 0 0 0 1 0 0 0 1 1.63 1.86 -0.24</i>
                <i>1 0 0 0 1 0 0 0 1 1.63 1.86 -0.24</i>
                <i>1 0 0 0 1 0 0 0 1 1.63 1.86 -0.24</i>
                <i>1 0 0 0 1 0 0 0 1 1.63 1.86 -0.24</i>
                <i>1 0 0 0 1 0 0 0 1 1.63 1.86 -0.24</i>
                <i>1 0 0 0 1 0 0 0 1 1.63 1.86 -0.24</i>
                <i>1 0 0 0 1 0 0 0 1 1.63 1.86 -0.24</i>
                <i>1 0 0 0 1 0 0 0 1 1.63 1.86 -0.24</i>
                <i>1 0 0 0 1 0 0 0 1 1.63 1.86 -0.24</i>
            </KeyFrames>
        </RefFrame>
        <Bones count="23">
            <i>
                <p>
                    <Name><![CDATA[pelvis]]></Name>
                    <Exclude>0</Exclude>
                    <Additive>0</Additive>
                    <IKPriority>0</IKPriority>
                    <IKRotLimits>-1e+010 -1e+010 -1e+010 1e+010 1e+010 1e+010</IKRotLimits>
                    <IKRotLimitOrder>2</IKRotLimitOrder>
                    <KeyFrames count="120">
                        <i>1 0 0 0 1 0 0 0 1 1.55045 2.91959 -0.240405</i>
                        <i>1 0 0 0 1 0 0 0 1 1.54914 2.91993 -0.240378</i>
                        <i>1 0 0 0 1 0 0 0 1 1.54764 2.91992 -0.240363</i>
                        <i>1 0 0 0 1 0 0 0 1 1.54605 2.91973 -0.240359</i>
                        <i>1 0 0 0 1 0 0 0 1 1.54447 2.91954 -0.240362</i>
                        <i>1 0 0 0 1 0 0 0 1 1.54297 2.91953 -0.240371</i>
                        <i>1 0 0 0 1 0 0 0 1 1.54165 2.91987 -0.240382</i>
                        <i>1 0 0 0 1 0 0 0 1 1.5406 2.92073 -0.240393</i>
                        <i>1 0 0 0 1 0 0 0 1 1.5399 2.92229 -0.240402</i>
                        <i>1 0 0 0 1 0 0 0 1 1.53965 2.92472 -0.240405</i>
                        <i>1 0 0 0 1 0 0 0 1 1.53965 2.92824 -0.240405</i>
                        <i>1 0 0 0 1 0 0 0 1 1.53965 2.93277 -0.240405</i>
                        <i>1 0 0 0 1 0 0 0 1 1.53965 2.93806 -0.240405</i>
                        <i>1 0 0 0 1 0 0 0 1 1.53965 2.94386 -0.240405</i>
                        <i>1 0 0 0 1 0 0 0 1 1.53965 2.94992 -0.240405</i>
                        <i>1 0 0 0 1 0 0 0 1 1.53965 2.95598 -0.240405</i>
                        <i>1 0 0 0 1 0 0 0 1 1.53965 2.96179 -0.240405</i>
                        <i>1 0 0 0 1 0 0 0 1 1.53965 2.9671 -0.240405</i>
                        <i>1 0 0 0 1 0 0 0 1 1.53965 2.97166 -0.240405</i>
                        <i>1 0 0 0 1 0 0 0 1 1.53965 2.97521 -0.240405</i>
                        <i>1 0 0 0 1 0 0 0 1 1.53965 2.97786 -0.240405</i>
                        <i>1 0 0 0 1 0 0 0 1 1.53965 2.97993 -0.240405</i>
                        <i>1 0 0 0 1 0 0 0 1 1.53965 2.98148 -0.240405</i>
                        <i>1 0 0 0 1 0 0 0 1 1.53965 2.9826 -0.240405</i>
                        <i>1 0 0 0 1 0 0 0 1 1.53965 2.98334 -0.240405</i>
                        <i>1 0 0 0 1 0 0 0 1 1.53965 2.98379 -0.240405</i>
                        <i>1 0 0 0 1 0 0 0 1 1.53965 2.98402 -0.240405</i>
                        <i>1 0 0 0 1 0 0 0 1 1.53965 2.98409 -0.240405</i>
                        <i>1 0 0 0 1 0 0 0 1 1.53965 2.98408 -0.240405</i>
                        <i>1 0 0 0 1 0 0 0 1 1.53965 2.98406 -0.240405</i>
                        <i>1 0 0 0 1 0 0 0 1 1.53965 2.98399 -0.240405</i>
                        <i>1 0 0 0 1 0 0 0 1 1.53965 2.9838 -0.240405</i>
                        <i>1 0 0 0 1 0 0 0 1 1.53965 2.9835 -0.240405</i>
                        <i>1 0 0 0 1 0 0 0 1 1.53965 2.9831 -0.240405</i>
                        <i>1 0 0 0 1 0 0 0 1 1.53965 2.98262 -0.240405</i>
                        <i>1 0 0 0 1 0 0 0 1 1.53965 2.98208 -0.240405</i>
                        <i>1 0 0 0 1 0 0 0 1 1.53965 2.98148 -0.240405</i>
                        <i>1 0 0 0 1 0 0 0 1 1.53965 2.98083 -0.240405</i>
                        <i>1 0 0 0 1 0 0 0 1 1.53965 2.98017 -0.240405</i>
                        <i>1 0 0 0 1 0 0 0 1 1.53965 2.97949 -0.240405</i>
                        <i>1 0 0 0 1 0 0 0 1 1.53965 2.97882 -0.240405</i>
                        <i>1 0 0 0 1 0 0 0 1 1.53965 2.97816 -0.240405</i>
                        <i>1 0 0 0 1 0 0 0 1 1.53965 2.97753 -0.240405</i>
                        <i>1 0 0 0 1 0 0 0 1 1.53965 2.97695 -0.240405</i>
                        <i>1 0 0 0 1 0 0 0 1 1.53965 2.97643 -0.240405</i>
                        <i>1 0 0 0 1 0 0 0 1 1.53965 2.97598 -0.240405</i>
                        <i>1 0 0 0 1 0 0 0 1 1.53965 2.97562 -0.240405</i>
                        <i>1 0 0 0 1 0 0 0 1 1.53965 2.97536 -0.240405</i>
                        <i>1 0 0 0 1 0 0 0 1 1.53965 2.97522 -0.240405</i>
                        <i>1 0 0 0 1 0 0 0 1 1.53965 2.97521 -0.240405</i>
                        <i>1 0 0 0 1 0 0 0 1 1.53965 2.97557 -0.240405</i>
                        <i>1 0 0 0 1 0 0 0 1 1.53965 2.97645 -0.240405</i>
                        <i>1 0 0 0 1 0 0 0 1 1.53965 2.9777 -0.240405</i>
                        <i>1 0 0 0 1 0 0 0 1 1.53965 2.9792 -0.240405</i>
                        <i>1 0 0 0 1 0 0 0 1 1.53965 2.98081 -0.240405</i>
                        <i>1 0 0 0 1 0 0 0 1 1.53965 2.9824 -0.240405</i>
                        <i>1 0 0 0 1 0 0 0 1 1.53965 2.98383 -0.240405</i>
                        <i>1 0 0 0 1 0 0 0 1 1.53965 2.98496 -0.240405</i>
                        <i>1 0 0 0 1 0 0 0 1 1.53965 2.98566 -0.240405</i>
                        <i>1 0 0 0 1 0 0 0 1 1.53965 2.98579 -0.240405</i>
                        <i>1 0 0 0 1 0 0 0 1 1.53965 2.98523 -0.240405</i>
                        <i>1 0 0 0 1 0 0 0 1 1.53965 2.98404 -0.240405</i>
                        <i>1 0 0 0 1 0 0 0 1 1.53965 2.98238 -0.240405</i>
                        <i>1 0 0 0 1 0 0 0 1 1.53965 2.98042 -0.240405</i>
                        <i>1 0 0 0 1 0 0 0 1 1.53965 2.97832 -0.240405</i>
                        <i>1 0 0 0 1 0 0 0 1 1.53965 2.97624 -0.240405</i>
                        <i>1 0 0 0 1 0 0 0 1 1.53965 2.97434 -0.240405</i>
                        <i>1 0 0 0 1 0 0 0 1 1.53965 2.97278 -0.240405</i>
                        <i>1 0 0 0 1 0 0 0 1 1.53965 2.97172 -0.240405</i>
                        <i>1 0 0 0 1 0 0 0 1 1.53965 2.97134 -0.240405</i>
                        <i>1 0 0 0 1 0 0 0 1 1.53965 2.97134 -0.240405</i>
                        <i>1 0 0 0 1 0 0 0 1 1.53965 2.97134 -0.240405</i>
                        <i>1 0 0 0 1 0 0 0 1 1.53965 2.97134 -0.240405</i>
                        <i>1 0 0 0 1 0 0 0 1 1.53965 2.97134 -0.240405</i>
                        <i>1 0 0 0 1 0 0 0 1 1.53965 2.97134 -0.240405</i>
                        <i>1 0 0 0 1 0 0 0 1 1.53965 2.97134 -0.240405</i>
                        <i>1 0 0 0 1 0 0 0 1 1.53965 2.97134 -0.240405</i>
                        <i>1 0 0 0 1 0 0 0 1 1.53965 2.97134 -0.240405</i>
                        <i>1 0 0 0 1 0 0 0 1 1.53965 2.97134 -0.240405</i>
                        <i>1 0 0 0 1 0 0 0 1 1.53965 2.97134 -0.240405</i>
                        <i>1 0 0 0 1 0 0 0 1 1.53965 2.97134 -0.240405</i>
                        <i>1 0 0 0 1 0 0 0 1 1.53965 2.97134 -0.240405</i>
                        <i>1 0 0 0 1 0 0 0 1 1.53965 2.97134 -0.240405</i>
                        <i>1 0 0 0 1 0 0 0 1 1.53965 2.97134 -0.240405</i>
                        <i>1 0 0 0 1 0 0 0 1 1.53965 2.97134 -0.240405</i>
                        <i>1 0 0 0 1 0 0 0 1 1.53965 2.97134 -0.240405</i>
                        <i>1 0 0 0 1 0 0 0 1 1.53965 2.97134 -0.240405</i>
                        <i>1 0 0 0 1 0 0 0 1 1.53965 2.97134 -0.240405</i>
                        <i>1 0 0 0 1 0 0 0 1 1.53965 2.97134 -0.240405</i>
                        <i>1 0 0 0 1 0 0 0 1 1.53965 2.97134 -0.240405</i>
                        <i>1 0 0 0 1 0 0 0 1 1.53965 2.97134 -0.240405</i>
                        <i>1 0 0 0 1 0 0 0 1 1.53965 2.97134 -0.240405</i>
                        <i>1 0 0 0 1 0 0 0 1 1.53965 2.97134 -0.240405</i>
                        <i>1 0 0 0 1 0 0 0 1 1.53965 2.97134 -0.240405</i>
                        <i>1 0 0 0 1 0 0 0 1 1.53965 2.97134 -0.240405</i>
                        <i>1 0 0 0 1 0 0 0 1 1.53965 2.97134 -0.240405</i>
                        <i>1 0 0 0 1 0 0 0 1 1.53965 2.97134 -0.240405</i>
                        <i>1 0 0 0 1 0 0 0 1 1.53965 2.97134 -0.240405</i>
                        <i>1 0 0 0 1 0 0 0 1 1.53965 2.97134 -0.240405</i>
                        <i>1 0 0 0 1 0 0 0 1 1.53965 2.97134 -0.240405</i>
                        <i>1 0 0 0 1 0 0 0 1 1.53979 2.97068 -0.240405</i>
                        <i>1 0 0 0 1 0 0 0 1 1.54018 2.96882 -0.240405</i>
                        <i>1 0 0 0 1 0 0 0 1 1.54077 2.96595 -0.240405</i>
                        <i>1 0 0 0 1 0 0 0 1 1.54155 2.96226 -0.240405</i>
                        <i>1 0 0 0 1 0 0 0 1 1.54245 2.95792 -0.240405</i>
                        <i>1 0 0 0 1 0 0 0 1 1.54345 2.95312 -0.240405</i>
                        <i>1 0 0 0 1 0 0 0 1 1.54451 2.94805 -0.240405</i>
                        <i>1 0 0 0 1 0 0 0 1 1.54559 2.94288 -0.240405</i>
                        <i>1 0 0 0 1 0 0 0 1 1.54665 2.9378 -0.240405</i>
                        <i>1 0 0 0 1 0 0 0 1 1.54765 2.933 -0.240405</i>
                        <i>1 0 0 0 1 0 0 0 1 1.54856 2.92867 -0.240405</i>
                        <i>1 0 0 0 1 0 0 0 1 1.54933 2.92497 -0.240405</i>
                        <i>1 0 0 0 1 0 0 0 1 1.54993 2.9221 -0.240405</i>
                        <i>1 0 0 0 1 0 0 0 1 1.55032 2.92025 -0.240405</i>
                        <i>1 0 0 0 1 0 0 0 1 1.55045 2.91959 -0.240405</i>
                        <i>1 0 0 0 1 0 0 0 1 1.55045 2.91959 -0.240405</i>
                        <i>1 0 0 0 1 0 0 0 1 1.55045 2.91959 -0.240405</i>
                        <i>1 0 0 0 1 0 0 0 1 1.55045 2.91959 -0.240405</i>
                        <i>1 0 0 0 1 0 0 0 1 1.55045 2.91959 -0.240405</i>
                        <i>1 0 0 0 1 0 0 0 1 1.55045 2.91959 -0.240405</i>
                    </KeyFrames>
                </p>
            </i>
            <i>
                <p>
                    <Name><![CDATA[spine0]]></Name>
                    <Exclude>0</Exclude>
                    <Additive>0</Additive>
                    <IKPriority>0</IKPriority>
                    <IKRotLimits>-1e+010 -1e+010 -1e+010 1e+010 1e+010 1e+010</IKRotLimits>
                    <IKRotLimitOrder>0</IKRotLimitOrder>
                    <KeyFrames count="120">
                        <i>-0.100353 0.99456 -0.0279129 0.0383585 -0.0241662 -0.998972 -0.994212 -0.101321 -0.0357247 1.58149 3.0598 -0.249034</i>
                        <i>-0.092131 0.995392 -0.0265899 0.0517537 -0.0218806 -0.99842 -0.994401 -0.0933616 -0.0494993 1.58054 3.06012 -0.247743</i>
                        <i>-0.0830391 0.996234 -0.0249454 0.0675921 -0.0193437 -0.997526 -0.994251 -0.0845198 -0.0657313 1.57938 3.06012 -0.246078</i>
                        <i>-0.0742274 0.996971 -0.0232102 0.0849385 -0.0168694 -0.996243 -0.993617 -0.07592 -0.0834291 1.57808 3.05993 -0.244171</i>
                        <i>-0.0664996 0.997552 -0.0216314 0.102785 -0.0147154 -0.994595 -0.992478 -0.0683636 -0.101554 1.57674 3.05973 -0.242158</i>
                        <i>-0.0603312 0.99797 -0.0204098 0.120043 -0.0130446 -0.992683 -0.990934 -0.0623398 -0.119012 1.57546 3.05968 -0.240179</i>
                        <i>-0.055958 0.99824 -0.0196537 0.135557 -0.0119064 -0.990698 -0.989188 -0.0581017 -0.134652 1.57437 3.05995 -0.238376</i>
                        <i>-0.0535068 0.99838 -0.0193687 0.148122 -0.0112465 -0.988905 -0.987521 -0.055782 -0.147281 1.57356 3.06072 -0.236891</i>
                        <i>-0.0531182 0.998398 -0.0194844 0.156521 -0.0109464 -0.987614 -0.986245 -0.05551 -0.155689 1.57317 3.06218 -0.235865</i>
                        <i>-0.0550253 0.998287 -0.0199008 0.15956 -0.0108835 -0.987128 -0.985653 -0.0574924 -0.158688 1.57332 3.0645 -0.235442</i>
                        <i>-0.0568957 0.99818 -0.0199851 0.159482 -0.0106738 -0.987143 -0.98556 -0.0593514 -0.158585 1.57439 3.06775 -0.23527</i>
                        <i>-0.0565261 0.998215 -0.0192791 0.159322 -0.0100439 -0.987176 -0.985607 -0.0588728 -0.15847 1.57648 3.07173 -0.234932</i>
                        <i>-0.0545698 0.998349 -0.017942 0.159125 -0.00904416 -0.987217 -0.985749 -0.0567273 -0.158369 1.57935 3.07621 -0.234468</i>
                        <i>-0.051787 0.998528 -0.016138 0.158941 -0.00771266 -0.987258 -0.985929 -0.0536921 -0.158307 1.58274 3.08097 -0.23392</i>
                        <i>-0.0489204 0.998704 -0.014047 0.158814 -0.00610709 -0.98729 -0.986096 -0.0505294 -0.15831 1.58639 3.08579 -0.233328</i>
                        <i>-0.0465407 0.998846 -0.0118638 0.158777 -0.00432862 -0.987305 -0.986217 -0.0478336 -0.158392 1.59007 3.0905 -0.232732</i>
                        <i>-0.044914 0.998943 -0.00978993 0.158836 -0.00253434 -0.987302 -0.986283 -0.0458987 -0.158554 1.59352 3.09493 -0.232172</i>
                        <i>-0.0439498 0.999002 -0.00802318 0.158966 -0.000935585 -0.987284 -0.986305 -0.0446663 -0.158766 1.59653 3.09895 -0.231684</i>
                        <i>-0.0432642 0.999041 -0.00675179 0.159109 0.000218164 -0.987261 -0.986313 -0.0437873 -0.158966 1.59888 3.10244 -0.231303</i>
                        <i>-0.0423605 0.999083 -0.00615383 0.159193 0.00066877 -0.987247 -0.986338 -0.0427999 -0.159076 1.60034 3.10531 -0.231065</i>
                        <i>-0.0403925 0.999167 -0.005879 0.159206 0.000627255 -0.987245 -0.986419 -0.0408132 -0.159099 1.60092 3.10768 -0.230971</i>
                        <i>-0.0370379 0.999299 -0.00548413 0.159189 0.000482167 -0.987248 -0.986553 -0.0374386 -0.159095 1.60084 3.10978 -0.230983</i>
                        <i>-0.0327048 0.999453 -0.00500871 0.15915 0.000260232 -0.987254 -0.986713 -0.033085 -0.159071 1.60026 3.11162 -0.231079</i>
                        <i>-0.0278222 0.999603 -0.0044952 0.159099 -1.14561e-005 -0.987263 -0.986871 -0.028183 -0.159036 1.59929 3.11319 -0.231236</i>
                        <i>-0.0228041 0.999732 -0.00398398 0.159045 -0.000306482 -0.987271 -0.987008 -0.0231475 -0.158995 1.59808 3.1145 -0.231432</i>
                        <i>-0.0180271 0.999831 -0.00351039 0.158994 -0.000599639 -0.987279 -0.987115 -0.0183559 -0.158957 1.59677 3.11554 -0.231645</i>
                        <i>-0.0138238 0.9999 -0.0031037 0.158952 -0.000866995 -0.987286 -0.987189 -0.0141414 -0.158924 1.5955 3.11632 -0.231851</i>
                        <i>-0.0104883 0.999941 -0.00278782 0.158921 -0.00108564 -0.987291 -0.987236 -0.0107981 -0.1589 1.59442 3.11686 -0.232027</i>
                        <i>-0.00829005 0.999962 -0.00258333 0.158901 -0.00123325 -0.987294 -0.98726 -0.0085952 -0.158885 1.59366 3.11716 -0.23215</i>
                        <i>-0.00749528 0.999969 -0.0025103 0.158895 -0.00128749 -0.987295 -0.987267 -0.00779892 -0.15888 1.59337 3.11726 -0.232196</i>
                        <i>-0.00764116 0.999967 -0.00260933 0.158891 -0.00136211 -0.987295 -0.987267 -0.00795868 -0.158876 1.59339 3.11719 -0.232194</i>
                        <i>-0.00807601 0.999963 -0.0028997 0.158881 -0.00157979 -0.987296 -0.987265 -0.00843412 -0.158863 1.59342 3.11698 -0.232188</i>
                        <i>-0.00879888 0.999956 -0.00337447 0.158865 -0.00193386 -0.987298 -0.987261 -0.0092232 -0.158841 1.59349 3.11666 -0.232177</i>
                        <i>-0.00981157 0.999944 -0.00402974 0.158842 -0.00242021 -0.987301 -0.987255 -0.0103271 -0.158809 1.59357 3.11622 -0.232164</i>
                        <i>-0.0111165 0.999926 -0.00486318 0.158812 -0.00303623 -0.987304 -0.987246 -0.0117477 -0.158766 1.59368 3.1157 -0.232147</i>
                        <i>-0.0127149 0.999902 -0.00587282 0.158774 -0.00377986 -0.987308 -0.987233 -0.013486 -0.15871 1.5938 3.1151 -0.232127</i>
                        <i>-0.0146059 0.999868 -0.00705595 0.158728 -0.00464867 -0.987311 -0.987214 -0.0155405 -0.158639 1.59394 3.11444 -0.232104</i>
                        <i>-0.0167847 0.999824 -0.0084081 0.158673 -0.00563917 -0.987315 -0.987189 -0.0179059 -0.15855 1.59409 3.11374 -0.232079</i>
                        <i>-0.0192427 0.999766 -0.00992236 0.158609 -0.00674605 -0.987318 -0.987154 -0.0205725 -0.158442 1.59426 3.113 -0.232052</i>
                        <i>-0.0219671 0.999692 -0.0115887 0.158535 -0.00796166 -0.987321 -0.987109 -0.0235258 -0.158312 1.59444 3.11225 -0.232024</i>
                        <i>-0.0249406 0.999599 -0.0133935 0.158452 -0.00927552 -0.987323 -0.987052 -0.0267466 -0.158157 1.59462 3.1115 -0.231993</i>
                        <i>-0.0281424 0.999487 -0.0153194 0.15836 -0.010674 -0.987324 -0.98698 -0.0302116 -0.157978 1.59482 3.11076 -0.231962</i>
                        <i>-0.0315483 0.999352 -0.017345 0.158258 -0.0121403 -0.987323 -0.986894 -0.0338934 -0.157773 1.59501 3.11004 -0.23193</i>
                        <i>-0.0351321 0.999193 -0.0194454 0.158149 -0.0136538 -0.987321 -0.98679 -0.0377619 -0.157541 1.59522 3.10938 -0.231897</i>
                        <i>-0.0388658 0.999011 -0.0215917 0.158032 -0.0151908 -0.987317 -0.986669 -0.0417851 -0.157286 1.59542 3.10877 -0.231864</i>
                        <i>-0.0427045 0.998805 -0.0237502 0.157911 -0.0167253 -0.987312 -0.986529 -0.0459131 -0.157008 1.59562 3.10823 -0.231831</i>
                        <i>-0.0465354 0.998581 -0.0258776 0.157787 -0.0182323 -0.987305 -0.986376 -0.0500278 -0.156714 1.59582 3.10778 -0.231798</i>
                        <i>-0.0502304 0.998347 -0.0279266 0.157662 -0.019685 -0.987297 -0.986215 -0.0539953 -0.156412 1.59602 3.10744 -0.231766</i>
                        <i>-0.0536626 0.998113 -0.0298472 0.157539 -0.0210536 -0.987288 -0.986054 -0.0576825 -0.156112 1.59622 3.10721 -0.231735</i>
                        <i>-0.056707 0.997891 -0.0315875 0.157421 -0.0223058 -0.98728 -0.985902 -0.0609583 -0.155824 1.5964 3.10712 -0.231705</i>
                        <i>-0.0586087 0.99774 -0.0328666 0.157322 -0.0232804 -0.987273 -0.985807 -0.0630334 -0.155602 1.59658 3.1074 -0.231676</i>
                        <i>-0.0589302 0.9977 -0.0334952 0.157253 -0.0238567 -0.98727 -0.985799 -0.0634473 -0.155485 1.59674 3.1082 -0.23165</i>
                        <i>-0.0580313 0.99775 -0.0335709 0.157212 -0.0240745 -0.987271 -0.985858 -0.0625703 -0.155461 1.59689 3.10939 -0.231625</i>
                        <i>-0.0562685 0.997863 -0.0332074 0.157197 -0.0239909 -0.987276 -0.985963 -0.0607726 -0.155511 1.59703 3.11083 -0.231603</i>
                        <i>-0.0539848 0.998012 -0.0325329 0.157202 -0.0236797 -0.987283 -0.98609 -0.0584125 -0.155611 1.59715 3.11239 -0.231583</i>
                        <i>-0.051501 0.99817 -0.0316873 0.157222 -0.0232299 -0.98729 -0.986219 -0.0558284 -0.155738 1.59726 3.11393 -0.231566</i>
                        <i>-0.049112 0.998318 -0.0308187 0.157249 -0.0227426 -0.987297 -0.986337 -0.0533343 -0.155867 1.59734 3.11532 -0.231552</i>
                        <i>-0.0470879 0.998438 -0.0300796 0.157274 -0.0223269 -0.987303 -0.986432 -0.0512208 -0.155976 1.5974 3.11642 -0.231542</i>
                        <i>-0.0456817 0.998517 -0.0296234 0.157287 -0.022095 -0.987306 -0.986496 -0.0497611 -0.156044 1.59744 3.1171 -0.231536</i>
                        <i>-0.0451439 0.998542 -0.0296008 0.15728 -0.0221572 -0.987305 -0.986522 -0.0492264 -0.15605 1.59745 3.11723 -0.231534</i>
                        <i>-0.0453539 0.998542 -0.0292745 0.157325 -0.0217993 -0.987306 -0.986505 -0.0493838 -0.156107 1.59734 3.11672 -0.231552</i>
                        <i>-0.0459555 0.998552 -0.0279671 0.157479 -0.0204048 -0.987312 -0.986453 -0.0497767 -0.156313 1.59703 3.11567 -0.231603</i>
                        <i>-0.0468588 0.998565 -0.0259153 0.157701 -0.0182231 -0.987319 -0.986374 -0.0503514 -0.156621 1.59658 3.11421 -0.231676</i>
                        <i>-0.0479734 0.998576 -0.0233557 0.157955 -0.0155041 -0.987325 -0.98628 -0.0510545 -0.156987 1.59602 3.1125 -0.231766</i>
                        <i>-0.049206 0.998578 -0.0205265 0.158207 -0.0124994 -0.987327 -0.986179 -0.0518299 -0.157367 1.59542 3.11066 -0.231864</i>
                        <i>-0.0504583 0.99857 -0.0176677 0.158432 -0.00946312 -0.987325 -0.98608 -0.0526179 -0.157728 1.59482 3.10883 -0.231962</i>
                        <i>-0.051626 0.998554 -0.0150212 0.158614 -0.00665176 -0.987318 -0.98599 -0.0533539 -0.158041 1.59426 3.10717 -0.232052</i>
                        <i>-0.0525998 0.998533 -0.0128298 0.158746 -0.00432337 -0.98731 -0.985917 -0.0539689 -0.158286 1.5938 3.1058 -0.232127</i>
                        <i>-0.0532668 0.998516 -0.0113368 0.158826 -0.00273678 -0.987303 -0.985869 -0.054391 -0.158444 1.59349 3.10488 -0.232177</i>
                        <i>-0.0535138 0.998509 -0.0107852 0.158854 -0.00215061 -0.9873 -0.985851 -0.0545475 -0.158502 1.59337 3.10454 -0.232196</i>
                        <i>-0.0534149 0.998514 -0.0107877 0.158853 -0.00216883 -0.9873 -0.985856 -0.0544502 -0.158501 1.59344 3.10451 -0.232185</i>
                        <i>-0.0531327 0.998529 -0.0107962 0.158852 -0.00222217 -0.9873 -0.985872 -0.0541729 -0.1585 1.59363 3.10443 -0.232154</i>
                        <i>-0.0526903 0.998552 -0.0108123 0.15885 -0.00230848 -0.9873 -0.985896 -0.0537387 -0.158498 1.59393 3.1043 -0.232105</i>
                        <i>-0.052112 0.998582 -0.0108375 0.158846 -0.00242554 -0.9873 -0.985927 -0.0531717 -0.158494 1.59433 3.10414 -0.23204</i>
                        <i>-0.0514227 0.998618 -0.0108735 0.15884 -0.00257101 -0.987301 -0.985964 -0.0524968 -0.158489 1.59481 3.10393 -0.231962</i>
                        <i>-0.0506473 0.998657 -0.0109219 0.158832 -0.00274252 -0.987302 -0.986006 -0.0517389 -0.15848 1.59536 3.1037 -0.231873</i>
                        <i>-0.04981 0.998698 -0.0109842 0.158821 -0.00293768 -0.987303 -0.98605 -0.0509221 -0.158468 1.59597 3.10344 -0.231775</i>
                        <i>-0.0489342 0.998741 -0.0110617 0.158807 -0.00315414 -0.987305 -0.986096 -0.0500696 -0.158452 1.59661 3.10315 -0.231671</i>
                        <i>-0.0480418 0.998783 -0.0111556 0.158789 -0.00338963 -0.987307 -0.986143 -0.0492034 -0.158433 1.59728 3.10285 -0.231562</i>
                        <i>-0.0471534 0.998824 -0.0112671 0.158767 -0.00364201 -0.987309 -0.986189 -0.0483439 -0.158408 1.59796 3.10255 -0.231452</i>
                        <i>-0.0462876 0.998863 -0.0113972 0.158741 -0.00390934 -0.987312 -0.986235 -0.0475095 -0.15838 1.59864 3.10223 -0.231341</i>
                        <i>-0.0454611 0.998899 -0.011547 0.158711 -0.00418992 -0.987316 -0.986278 -0.0467171 -0.158346 1.5993 3.10193 -0.231234</i>
                        <i>-0.0446889 0.998932 -0.0117172 0.158678 -0.00448234 -0.98732 -0.986319 -0.0459815 -0.158308 1.59994 3.10163 -0.23113</i>
                        <i>-0.043984 0.998961 -0.0119091 0.158641 -0.00478549 -0.987325 -0.986356 -0.0453157 -0.158265 1.60053 3.10134 -0.231034</i>
                        <i>-0.0433578 0.998986 -0.0121236 0.1586 -0.0050986 -0.98733 -0.98639 -0.0447312 -0.158218 1.60107 3.10108 -0.230946</i>
                        <i>-0.0428204 0.999006 -0.0123619 0.158558 -0.00542118 -0.987335 -0.986421 -0.0442381 -0.158168 1.60154 3.10085 -0.23087</i>
                        <i>-0.0423809 0.999022 -0.0126251 0.158513 -0.005753 -0.98734 -0.986447 -0.0438456 -0.158114 1.60193 3.10066 -0.230807</i>
                        <i>-0.0420476 0.999032 -0.0129147 0.158468 -0.00609402 -0.987345 -0.986468 -0.0435621 -0.158058 1.60222 3.10052 -0.230759</i>
                        <i>-0.041829 0.999037 -0.0132321 0.158422 -0.00644426 -0.98735 -0.986485 -0.0433962 -0.158 1.60241 3.10042 -0.230729</i>
                        <i>-0.0417342 0.999036 -0.0135786 0.158378 -0.00680369 -0.987355 -0.986496 -0.043357 -0.157941 1.60248 3.10039 -0.230719</i>
                        <i>-0.0413878 0.999053 -0.0134576 0.158393 -0.00673822 -0.987353 -0.986508 -0.042996 -0.157964 1.60222 3.10052 -0.230759</i>
                        <i>-0.0405747 0.999098 -0.0125214 0.1585 -0.00593709 -0.987341 -0.986525 -0.0420457 -0.158117 1.60154 3.10085 -0.23087</i>
                        <i>-0.0395824 0.999155 -0.0110313 0.158658 -0.00461532 -0.987323 -0.98654 -0.0408309 -0.158341 1.60053 3.10134 -0.231034</i>
                        <i>-0.0386876 0.999208 -0.0092617 0.158822 -0.00300204 -0.987303 -0.986549 -0.0396674 -0.15858 1.5993 3.10193 -0.231234</i>
                        <i>-0.0381016 0.999246 -0.00746404 0.158959 -0.00131352 -0.987284 -0.98655 -0.0388036 -0.158789 1.59796 3.10255 -0.231452</i>
                        <i>-0.0379433 0.999263 -0.00584212 0.159053 0.00026746 -0.98727 -0.986541 -0.0383895 -0.158946 1.59661 3.10315 -0.231671</i>
                        <i>-0.0382391 0.999258 -0.0045384 0.159104 0.00160459 -0.987261 -0.986521 -0.038474 -0.159047 1.59536 3.1037 -0.231873</i>
                        <i>-0.038943 0.999235 -0.003634 0.159121 0.00261095 -0.987256 -0.986491 -0.0390249 -0.159101 1.59433 3.10414 -0.23204</i>
                        <i>-0.0399704 0.999196 -0.00316362 0.159121 0.00323944 -0.987254 -0.98645 -0.0399643 -0.159122 1.59363 3.10443 -0.232154</i>
                        <i>-0.0412381 0.999144 -0.00314557 0.159119 0.00345924 -0.987253 -0.986398 -0.041213 -0.159125 1.59337 3.10454 -0.232196</i>
                        <i>-0.0439976 0.999025 -0.00374723 0.157585 0.00323614 -0.9875 -0.986525 -0.0440382 -0.157574 1.59325 3.104 -0.232442</i>
                        <i>-0.0491397 0.998779 -0.00499448 0.153266 0.00259917 -0.988182 -0.986962 -0.0493244 -0.153207 1.59289 3.10248 -0.233129</i>
                        <i>-0.0560768 0.998404 -0.00670363 0.146582 0.00159115 -0.989197 -0.987608 -0.0564536 -0.146437 1.59232 3.10012 -0.234179</i>
                        <i>-0.0642361 0.997897 -0.00870213 0.13795 0.000242971 -0.990439 -0.988354 -0.0648224 -0.137676 1.59158 3.09705 -0.235511</i>
                        <i>-0.0730615 0.997268 -0.0108428 0.127794 -0.00142094 -0.9918 -0.989106 -0.073848 -0.127341 1.59067 3.09342 -0.237045</i>
                        <i>-0.0820172 0.996546 -0.0130128 0.116541 -0.00337735 -0.99318 -0.989794 -0.0829744 -0.115862 1.58963 3.08936 -0.238702</i>
                        <i>-0.0905942 0.995773 -0.0151371 0.104626 -0.00559889 -0.994496 -0.990377 -0.0916793 -0.103677 1.5885 3.08502 -0.240408</i>
                        <i>-0.0965911 0.995177 -0.0170973 0.0924931 -0.00812863 -0.99568 -0.991017 -0.0977552 -0.0912619 1.5873 3.08055 -0.242094</i>
                        <i>-0.0991854 0.994888 -0.0189821 0.0805957 -0.0109814 -0.996686 -0.9918 -0.100387 -0.0790945 1.58609 3.07611 -0.2437</i>
                        <i>-0.0998703 0.99478 -0.0209315 0.0693822 -0.014023 -0.997492 -0.992579 -0.101072 -0.0676196 1.58492 3.07187 -0.245171</i>
                        <i>-0.0998358 0.99474 -0.0229254 0.0592883 -0.0170523 -0.998095 -0.993236 -0.101005 -0.057274 1.58384 3.068 -0.246461</i>
                        <i>-0.0998019 0.994698 -0.0248224 0.0507345 -0.0198273 -0.998515 -0.993713 -0.100913 -0.0484866 1.58289 3.06468 -0.247529</i>
                        <i>-0.0999889 0.994638 -0.026421 0.0441278 -0.022095 -0.998782 -0.99401 -0.101033 -0.0416819 1.58215 3.06208 -0.248338</i>
                        <i>-0.10025 0.994582 -0.0275129 0.0398686 -0.0236145 -0.998926 -0.994163 -0.10124 -0.0372853 1.58167 3.0604 -0.248853</i>
                        <i>-0.100353 0.99456 -0.0279129 0.0383585 -0.0241662 -0.998972 -0.994212 -0.101321 -0.0357247 1.58149 3.0598 -0.249034</i>
                        <i>-0.100353 0.99456 -0.0279129 0.0383585 -0.0241662 -0.998972 -0.994212 -0.101321 -0.0357247 1.58149 3.0598 -0.249034</i>
                        <i>-0.100353 0.99456 -0.0279129 0.0383585 -0.0241662 -0.998972 -0.994212 -0.101321 -0.0357247 1.58149 3.0598 -0.249034</i>
                        <i>-0.100353 0.99456 -0.0279129 0.0383585 -0.0241662 -0.998972 -0.994212 -0.101321 -0.0357247 1.58149 3.0598 -0.249034</i>
                        <i>-0.100353 0.99456 -0.0279129 0.0383585 -0.0241662 -0.998972 -0.994212 -0.101321 -0.0357247 1.58149 3.0598 -0.249034</i>
                        <i>-0.100353 0.99456 -0.0279129 0.0383585 -0.0241662 -0.998972 -0.994212 -0.101321 -0.0357247 1.58149 3.0598 -0.249034</i>
                    </KeyFrames>
                </p>
            </i>
            <i>
                <p>
                    <Name><![CDATA[spine1]]></Name>
                    <Exclude>0</Exclude>
                    <Additive>0</Additive>
                    <IKPriority>0</IKPriority>
                    <IKRotLimits>-1e+010 -1e+010 -1e+010 1e+010 1e+010 1e+010</IKRotLimits>
                    <IKRotLimitOrder>0</IKRotLimitOrder>
                    <KeyFrames count="120">
                        <i>-0.417361 0.908008 0.0364842 -0.0220444 0.03002 -0.999306 -0.908473 -0.417876 0.00748731 1.56343 3.23935 -0.254071</i>
                        <i>-0.392393 0.919393 0.0272883 -0.000299035 0.0295402 -0.999564 -0.919797 -0.39223 -0.0113165 1.56414 3.23778 -0.252486</i>
                        <i>-0.360051 0.932779 0.0169399 0.0252675 0.027901 -0.999291 -0.932591 -0.359367 -0.0336148 1.56477 3.2357 -0.250473</i>
                        <i>-0.322492 0.94655 0.00650899 0.052668 0.024809 -0.998304 -0.945106 -0.321602 -0.0578535 1.56517 3.23344 -0.248209</i>
                        <i>-0.282259 0.959333 -0.00311958 0.0799206 0.0202738 -0.996595 -0.956003 -0.281547 -0.082393 1.5653 3.23133 -0.245878</i>
                        <i>-0.242316 0.970131 -0.0113256 0.105172 0.0146612 -0.994346 -0.96448 -0.242137 -0.105584 1.56518 3.22965 -0.243656</i>
                        <i>-0.205989 0.978392 -0.0177917 0.126808 0.00866081 -0.991889 -0.970303 -0.206575 -0.125852 1.56489 3.22865 -0.241699</i>
                        <i>-0.176836 0.983984 -0.0224764 0.143498 0.00318287 -0.989645 -0.973724 -0.17823 -0.141762 1.56455 3.22853 -0.240149</i>
                        <i>-0.158481 0.987033 -0.0255068 0.154157 -0.000781188 -0.988046 -0.975254 -0.160518 -0.152034 1.56425 3.22944 -0.239133</i>
                        <i>-0.154464 0.98763 -0.026987 0.157805 -0.00230208 -0.987468 -0.975315 -0.156787 -0.155497 1.56409 3.23155 -0.238776</i>
                        <i>-0.167183 0.985521 -0.028236 0.15805 -0.00147926 -0.98743 -0.973175 -0.169544 -0.155514 1.56483 3.23497 -0.238622</i>
                        <i>-0.194208 0.980488 -0.0304318 0.159072 0.000865677 -0.987267 -0.967977 -0.196576 -0.156136 1.56696 3.23955 -0.238176</i>
                        <i>-0.231562 0.972251 -0.0332773 0.160708 0.00449395 -0.986992 -0.959454 -0.233897 -0.157289 1.5701 3.24507 -0.237505</i>
                        <i>-0.27518 0.960701 -0.0364748 0.16279 0.00917037 -0.986618 -0.94751 -0.277436 -0.158916 1.57389 3.25133 -0.236674</i>
                        <i>-0.321075 0.946219 -0.0397512 0.165141 0.0146071 -0.986162 -0.932544 -0.323197 -0.160949 1.57796 3.25807 -0.23575</i>
                        <i>-0.365521 0.929815 -0.0428745 0.167566 0.020423 -0.985649 -0.915596 -0.36746 -0.16327 1.58195 3.26498 -0.234802</i>
                        <i>-0.405229 0.913074 -0.04566 0.169862 0.0261231 -0.985122 -0.898296 -0.406956 -0.165682 1.58561 3.2717 -0.233899</i>
                        <i>-0.437432 0.897971 -0.0479663 0.171817 0.0311021 -0.984638 -0.882685 -0.438953 -0.167892 1.58871 3.27783 -0.233113</i>
                        <i>-0.459802 0.886631 -0.0496825 0.17321 0.0346715 -0.984275 -0.870965 -0.461177 -0.169515 1.59111 3.28297 -0.232514</i>
                        <i>-0.470206 0.881099 -0.050708 0.173808 0.0361177 -0.984117 -0.865273 -0.471552 -0.170125 1.59271 3.28673 -0.232173</i>
                        <i>-0.470039 0.881179 -0.0508636 0.17394 0.0359789 -0.984099 -0.865337 -0.471412 -0.170184 1.59364 3.28936 -0.23203</i>
                        <i>-0.463221 0.884821 -0.0501745 0.174083 0.0353319 -0.984097 -0.868977 -0.464589 -0.170399 1.59418 3.29138 -0.23197</i>
                        <i>-0.451217 0.891078 -0.0488241 0.174231 0.0343041 -0.984107 -0.875241 -0.452552 -0.170732 1.59438 3.29289 -0.231978</i>
                        <i>-0.435444 0.898989 -0.0469892 0.174378 0.0330243 -0.984125 -0.883165 -0.436725 -0.171144 1.59431 3.29395 -0.23204</i>
                        <i>-0.417367 0.907631 -0.0448518 0.17452 0.0316189 -0.984146 -0.891823 -0.418577 -0.171597 1.59402 3.29463 -0.232142</i>
                        <i>-0.398554 0.916155 -0.0426064 0.174655 0.0302105 -0.984166 -0.900361 -0.399685 -0.172051 1.59358 3.29503 -0.232267</i>
                        <i>-0.380702 0.923812 -0.0404626 0.174774 0.0289174 -0.984184 -0.908031 -0.381753 -0.172467 1.59307 3.2952 -0.232399</i>
                        <i>-0.36562 0.929962 -0.0386437 0.174871 0.0278543 -0.984197 -0.914189 -0.3666 -0.172808 1.59259 3.29523 -0.232517</i>
                        <i>-0.355189 0.934047 -0.0373819 0.174937 0.0271337 -0.984206 -0.91828 -0.356118 -0.173037 1.59222 3.2952 -0.232603</i>
