<?xml version="1.0" encoding="ISO-8859-1" ?>
<Animl Version="1">
    <ModellingPackage><![CDATA[Maya.2010]]></ModellingPackage>
    <SrcFile><![CDATA[anims\turrets\mortar\blue\~src\mortar_m252\mortar_m252_reload_crewman_b.mb]]></SrcFile>
    <FramesPerSecond>30</FramesPerSecond>
    <TotalFrames>161</TotalFrames>
    <Skeleton>
        <RefFrame>
            <Name><![CDATA[soldier_ref_frame]]></Name>
            <Exclude>0</Exclude>
            <Additive>0</Additive>
            <IKPriority>0</IKPriority>
            <IKRotLimits>-1e+010 -1e+010 -1e+010 1e+010 1e+010 1e+010</IKRotLimits>
            <IKRotLimitOrder>0</IKRotLimitOrder>
            <KeyFrames count="161">
                <i>1 0 0 0 1 0 0 0 1 -1.5 2.23 -0.42</i>
                <i>1 0 0 0 1 0 0 0 1 -1.5 2.23 -0.42</i>
                <i>1 0 0 0 1 0 0 0 1 -1.5 2.23 -0.42</i>
                <i>1 0 0 0 1 0 0 0 1 -1.5 2.23 -0.42</i>
                <i>1 0 0 0 1 0 0 0 1 -1.5 2.23 -0.42</i>
                <i>1 0 0 0 1 0 0 0 1 -1.5 2.23 -0.42</i>
                <i>1 0 0 0 1 0 0 0 1 -1.5 2.23 -0.42</i>
                <i>1 0 0 0 1 0 0 0 1 -1.5 2.23 -0.42</i>
                <i>1 0 0 0 1 0 0 0 1 -1.5 2.23 -0.42</i>
                <i>1 0 0 0 1 0 0 0 1 -1.5 2.23 -0.42</i>
                <i>1 0 0 0 1 0 0 0 1 -1.5 2.23 -0.42</i>
                <i>1 0 0 0 1 0 0 0 1 -1.5 2.23 -0.42</i>
                <i>1 0 0 0 1 0 0 0 1 -1.5 2.23 -0.42</i>
                <i>1 0 0 0 1 0 0 0 1 -1.5 2.23 -0.42</i>
                <i>1 0 0 0 1 0 0 0 1 -1.5 2.23 -0.42</i>
                <i>1 0 0 0 1 0 0 0 1 -1.5 2.23 -0.42</i>
                <i>1 0 0 0 1 0 0 0 1 -1.5 2.23 -0.42</i>
                <i>1 0 0 0 1 0 0 0 1 -1.5 2.23 -0.42</i>
                <i>1 0 0 0 1 0 0 0 1 -1.5 2.23 -0.42</i>
                <i>1 0 0 0 1 0 0 0 1 -1.5 2.23 -0.42</i>
                <i>1 0 0 0 1 0 0 0 1 -1.5 2.23 -0.42</i>
                <i>1 0 0 0 1 0 0 0 1 -1.5 2.23 -0.42</i>
                <i>1 0 0 0 1 0 0 0 1 -1.5 2.23 -0.42</i>
                <i>1 0 0 0 1 0 0 0 1 -1.5 2.23 -0.42</i>
                <i>1 0 0 0 1 0 0 0 1 -1.5 2.23 -0.42</i>
                <i>1 0 0 0 1 0 0 0 1 -1.5 2.23 -0.42</i>
                <i>1 0 0 0 1 0 0 0 1 -1.5 2.23 -0.42</i>
                <i>1 0 0 0 1 0 0 0 1 -1.5 2.23 -0.42</i>
                <i>1 0 0 0 1 0 0 0 1 -1.5 2.23 -0.42</i>
                <i>1 0 0 0 1 0 0 0 1 -1.5 2.23 -0.42</i>
                <i>1 0 0 0 1 0 0 0 1 -1.5 2.23 -0.42</i>
                <i>1 0 0 0 1 0 0 0 1 -1.5 2.23 -0.42</i>
                <i>1 0 0 0 1 0 0 0 1 -1.5 2.23 -0.42</i>
                <i>1 0 0 0 1 0 0 0 1 -1.5 2.23 -0.42</i>
                <i>1 0 0 0 1 0 0 0 1 -1.5 2.23 -0.42</i>
                <i>1 0 0 0 1 0 0 0 1 -1.5 2.23 -0.42</i>
                <i>1 0 0 0 1 0 0 0 1 -1.5 2.23 -0.42</i>
                <i>1 0 0 0 1 0 0 0 1 -1.5 2.23 -0.42</i>
                <i>1 0 0 0 1 0 0 0 1 -1.5 2.23 -0.42</i>
                <i>1 0 0 0 1 0 0 0 1 -1.5 2.23 -0.42</i>
                <i>1 0 0 0 1 0 0 0 1 -1.5 2.23 -0.42</i>
                <i>1 0 0 0 1 0 0 0 1 -1.5 2.23 -0.42</i>
                <i>1 0 0 0 1 0 0 0 1 -1.5 2.23 -0.42</i>
                <i>1 0 0 0 1 0 0 0 1 -1.5 2.23 -0.42</i>
                <i>1 0 0 0 1 0 0 0 1 -1.5 2.23 -0.42</i>
                <i>1 0 0 0 1 0 0 0 1 -1.5 2.23 -0.42</i>
                <i>1 0 0 0 1 0 0 0 1 -1.5 2.23 -0.42</i>
                <i>1 0 0 0 1 0 0 0 1 -1.5 2.23 -0.42</i>
                <i>1 0 0 0 1 0 0 0 1 -1.5 2.23 -0.42</i>
                <i>1 0 0 0 1 0 0 0 1 -1.5 2.23 -0.42</i>
                <i>1 0 0 0 1 0 0 0 1 -1.5 2.23 -0.42</i>
                <i>1 0 0 0 1 0 0 0 1 -1.5 2.23 -0.42</i>
                <i>1 0 0 0 1 0 0 0 1 -1.5 2.23 -0.42</i>
                <i>1 0 0 0 1 0 0 0 1 -1.5 2.23 -0.42</i>
                <i>1 0 0 0 1 0 0 0 1 -1.5 2.23 -0.42</i>
                <i>1 0 0 0 1 0 0 0 1 -1.5 2.23 -0.42</i>
                <i>1 0 0 0 1 0 0 0 1 -1.5 2.23 -0.42</i>
                <i>1 0 0 0 1 0 0 0 1 -1.5 2.23 -0.42</i>
                <i>1 0 0 0 1 0 0 0 1 -1.5 2.23 -0.42</i>
                <i>1 0 0 0 1 0 0 0 1 -1.5 2.23 -0.42</i>
                <i>1 0 0 0 1 0 0 0 1 -1.5 2.23 -0.42</i>
                <i>1 0 0 0 1 0 0 0 1 -1.5 2.23 -0.42</i>
                <i>1 0 0 0 1 0 0 0 1 -1.5 2.23 -0.42</i>
                <i>1 0 0 0 1 0 0 0 1 -1.5 2.23 -0.42</i>
                <i>1 0 0 0 1 0 0 0 1 -1.5 2.23 -0.42</i>
                <i>1 0 0 0 1 0 0 0 1 -1.5 2.23 -0.42</i>
                <i>1 0 0 0 1 0 0 0 1 -1.5 2.23 -0.42</i>
                <i>1 0 0 0 1 0 0 0 1 -1.5 2.23 -0.42</i>
                <i>1 0 0 0 1 0 0 0 1 -1.5 2.23 -0.42</i>
                <i>1 0 0 0 1 0 0 0 1 -1.5 2.23 -0.42</i>
                <i>1 0 0 0 1 0 0 0 1 -1.5 2.23 -0.42</i>
                <i>1 0 0 0 1 0 0 0 1 -1.5 2.23 -0.42</i>
                <i>1 0 0 0 1 0 0 0 1 -1.5 2.23 -0.42</i>
                <i>1 0 0 0 1 0 0 0 1 -1.5 2.23 -0.42</i>
                <i>1 0 0 0 1 0 0 0 1 -1.5 2.23 -0.42</i>
                <i>1 0 0 0 1 0 0 0 1 -1.5 2.23 -0.42</i>
                <i>1 0 0 0 1 0 0 0 1 -1.5 2.23 -0.42</i>
                <i>1 0 0 0 1 0 0 0 1 -1.5 2.23 -0.42</i>
                <i>1 0 0 0 1 0 0 0 1 -1.5 2.23 -0.42</i>
                <i>1 0 0 0 1 0 0 0 1 -1.5 2.23 -0.42</i>
                <i>1 0 0 0 1 0 0 0 1 -1.5 2.23 -0.42</i>
                <i>1 0 0 0 1 0 0 0 1 -1.5 2.23 -0.42</i>
                <i>1 0 0 0 1 0 0 0 1 -1.5 2.23 -0.42</i>
                <i>1 0 0 0 1 0 0 0 1 -1.5 2.23 -0.42</i>
                <i>1 0 0 0 1 0 0 0 1 -1.5 2.23 -0.42</i>
                <i>1 0 0 0 1 0 0 0 1 -1.5 2.23 -0.42</i>
                <i>1 0 0 0 1 0 0 0 1 -1.5 2.23 -0.42</i>
                <i>1 0 0 0 1 0 0 0 1 -1.5 2.23 -0.42</i>
                <i>1 0 0 0 1 0 0 0 1 -1.5 2.23 -0.42</i>
                <i>1 0 0 0 1 0 0 0 1 -1.5 2.23 -0.42</i>
                <i>1 0 0 0 1 0 0 0 1 -1.5 2.23 -0.42</i>
                <i>1 0 0 0 1 0 0 0 1 -1.5 2.23 -0.42</i>
                <i>1 0 0 0 1 0 0 0 1 -1.5 2.23 -0.42</i>
                <i>1 0 0 0 1 0 0 0 1 -1.5 2.23 -0.42</i>
                <i>1 0 0 0 1 0 0 0 1 -1.5 2.23 -0.42</i>
                <i>1 0 0 0 1 0 0 0 1 -1.5 2.23 -0.42</i>
                <i>1 0 0 0 1 0 0 0 1 -1.5 2.23 -0.42</i>
                <i>1 0 0 0 1 0 0 0 1 -1.5 2.23 -0.42</i>
                <i>1 0 0 0 1 0 0 0 1 -1.5 2.23 -0.42</i>
                <i>1 0 0 0 1 0 0 0 1 -1.5 2.23 -0.42</i>
                <i>1 0 0 0 1 0 0 0 1 -1.5 2.23 -0.42</i>
                <i>1 0 0 0 1 0 0 0 1 -1.5 2.23 -0.42</i>
                <i>1 0 0 0 1 0 0 0 1 -1.5 2.23 -0.42</i>
                <i>1 0 0 0 1 0 0 0 1 -1.5 2.23 -0.42</i>
                <i>1 0 0 0 1 0 0 0 1 -1.5 2.23 -0.42</i>
                <i>1 0 0 0 1 0 0 0 1 -1.5 2.23 -0.42</i>
                <i>1 0 0 0 1 0 0 0 1 -1.5 2.23 -0.42</i>
                <i>1 0 0 0 1 0 0 0 1 -1.5 2.23 -0.42</i>
                <i>1 0 0 0 1 0 0 0 1 -1.5 2.23 -0.42</i>
                <i>1 0 0 0 1 0 0 0 1 -1.5 2.23 -0.42</i>
                <i>1 0 0 0 1 0 0 0 1 -1.5 2.23 -0.42</i>
                <i>1 0 0 0 1 0 0 0 1 -1.5 2.23 -0.42</i>
                <i>1 0 0 0 1 0 0 0 1 -1.5 2.23 -0.42</i>
                <i>1 0 0 0 1 0 0 0 1 -1.5 2.23 -0.42</i>
                <i>1 0 0 0 1 0 0 0 1 -1.5 2.23 -0.42</i>
                <i>1 0 0 0 1 0 0 0 1 -1.5 2.23 -0.42</i>
                <i>1 0 0 0 1 0 0 0 1 -1.5 2.23 -0.42</i>
                <i>1 0 0 0 1 0 0 0 1 -1.5 2.23 -0.42</i>
                <i>1 0 0 0 1 0 0 0 1 -1.5 2.23 -0.42</i>
                <i>1 0 0 0 1 0 0 0 1 -1.5 2.23 -0.42</i>
                <i>1 0 0 0 1 0 0 0 1 -1.5 2.23 -0.42</i>
                <i>1 0 0 0 1 0 0 0 1 -1.5 2.23 -0.42</i>
                <i>1 0 0 0 1 0 0 0 1 -1.5 2.23 -0.42</i>
                <i>1 0 0 0 1 0 0 0 1 -1.5 2.23 -0.42</i>
                <i>1 0 0 0 1 0 0 0 1 -1.5 2.23 -0.42</i>
                <i>1 0 0 0 1 0 0 0 1 -1.5 2.23 -0.42</i>
                <i>1 0 0 0 1 0 0 0 1 -1.5 2.23 -0.42</i>
                <i>1 0 0 0 1 0 0 0 1 -1.5 2.23 -0.42</i>
                <i>1 0 0 0 1 0 0 0 1 -1.5 2.23 -0.42</i>
                <i>1 0 0 0 1 0 0 0 1 -1.5 2.23 -0.42</i>
                <i>1 0 0 0 1 0 0 0 1 -1.5 2.23 -0.42</i>
                <i>1 0 0 0 1 0 0 0 1 -1.5 2.23 -0.42</i>
                <i>1 0 0 0 1 0 0 0 1 -1.5 2.23 -0.42</i>
                <i>1 0 0 0 1 0 0 0 1 -1.5 2.23 -0.42</i>
                <i>1 0 0 0 1 0 0 0 1 -1.5 2.23 -0.42</i>
                <i>1 0 0 0 1 0 0 0 1 -1.5 2.23 -0.42</i>
                <i>1 0 0 0 1 0 0 0 1 -1.5 2.23 -0.42</i>
                <i>1 0 0 0 1 0 0 0 1 -1.5 2.23 -0.42</i>
                <i>1 0 0 0 1 0 0 0 1 -1.5 2.23 -0.42</i>
                <i>1 0 0 0 1 0 0 0 1 -1.5 2.23 -0.42</i>
                <i>1 0 0 0 1 0 0 0 1 -1.5 2.23 -0.42</i>
                <i>1 0 0 0 1 0 0 0 1 -1.5 2.23 -0.42</i>
                <i>1 0 0 0 1 0 0 0 1 -1.5 2.23 -0.42</i>
                <i>1 0 0 0 1 0 0 0 1 -1.5 2.23 -0.42</i>
                <i>1 0 0 0 1 0 0 0 1 -1.5 2.23 -0.42</i>
                <i>1 0 0 0 1 0 0 0 1 -1.5 2.23 -0.42</i>
                <i>1 0 0 0 1 0 0 0 1 -1.5 2.23 -0.42</i>
                <i>1 0 0 0 1 0 0 0 1 -1.5 2.23 -0.42</i>
                <i>1 0 0 0 1 0 0 0 1 -1.5 2.23 -0.42</i>
                <i>1 0 0 0 1 0 0 0 1 -1.5 2.23 -0.42</i>
                <i>1 0 0 0 1 0 0 0 1 -1.5 2.23 -0.42</i>
                <i>1 0 0 0 1 0 0 0 1 -1.5 2.23 -0.42</i>
                <i>1 0 0 0 1 0 0 0 1 -1.5 2.23 -0.42</i>
                <i>1 0 0 0 1 0 0 0 1 -1.5 2.23 -0.42</i>
                <i>1 0 0 0 1 0 0 0 1 -1.5 2.23 -0.42</i>
                <i>1 0 0 0 1 0 0 0 1 -1.5 2.23 -0.42</i>
                <i>1 0 0 0 1 0 0 0 1 -1.5 2.23 -0.42</i>
                <i>1 0 0 0 1 0 0 0 1 -1.5 2.23 -0.42</i>
                <i>1 0 0 0 1 0 0 0 1 -1.5 2.23 -0.42</i>
                <i>1 0 0 0 1 0 0 0 1 -1.5 2.23 -0.42</i>
                <i>1 0 0 0 1 0 0 0 1 -1.5 2.23 -0.42</i>
            </KeyFrames>
        </RefFrame>
        <Bones count="23">
            <i>
                <p>
                    <Name><![CDATA[pelvis]]></Name>
                    <Exclude>0</Exclude>
                    <Additive>0</Additive>
                    <IKPriority>0</IKPriority>
                    <IKRotLimits>-1e+010 -1e+010 -1e+010 1e+010 1e+010 1e+010</IKRotLimits>
                    <IKRotLimitOrder>2</IKRotLimitOrder>
                    <KeyFrames count="161">
                        <i>1 0 0 0 1 0 0 0 1 -1.43482 2.83541 -0.90308</i>
                        <i>1 0 0 0 1 0 0 0 1 -1.43743 2.82903 -0.893073</i>
                        <i>1 0 0 0 1 0 0 0 1 -1.44032 2.82225 -0.882444</i>
                        <i>1 0 0 0 1 0 0 0 1 -1.44341 2.81519 -0.871397</i>
                        <i>1 0 0 0 1 0 0 0 1 -1.44664 2.80798 -0.860136</i>
                        <i>1 0 0 0 1 0 0 0 1 -1.44995 2.80073 -0.848864</i>
                        <i>1 0 0 0 1 0 0 0 1 -1.45327 2.79359 -0.837785</i>
                        <i>1 0 0 0 1 0 0 0 1 -1.45654 2.78668 -0.827106</i>
                        <i>1 0 0 0 1 0 0 0 1 -1.45969 2.78013 -0.817029</i>
                        <i>1 0 0 0 1 0 0 0 1 -1.46265 2.77408 -0.807763</i>
                        <i>1 0 0 0 1 0 0 0 1 -1.46536 2.76866 -0.799513</i>
                        <i>1 0 0 0 1 0 0 0 1 -1.46776 2.76402 -0.792486</i>
                        <i>1 0 0 0 1 0 0 0 1 -1.46978 2.76027 -0.786889</i>
                        <i>1 0 0 0 1 0 0 0 1 -1.47142 2.75774 -0.783093</i>
                        <i>1 0 0 0 1 0 0 0 1 -1.47273 2.75644 -0.781109</i>
                        <i>1 0 0 0 1 0 0 0 1 -1.47369 2.75617 -0.780606</i>
                        <i>1 0 0 0 1 0 0 0 1 -1.47429 2.75666 -0.78126</i>
                        <i>1 0 0 0 1 0 0 0 1 -1.47453 2.75767 -0.782751</i>
                        <i>1 0 0 0 1 0 0 0 1 -1.47444 2.75898 -0.784764</i>
                        <i>1 0 0 0 1 0 0 0 1 -1.47401 2.76032 -0.786985</i>
                        <i>1 0 0 0 1 0 0 0 1 -1.47328 2.76147 -0.789095</i>
                        <i>1 0 0 0 1 0 0 0 1 -1.47046 2.76243 -0.790588</i>
                        <i>1 0 0 0 1 0 0 0 1 -1.46533 2.76305 -0.790541</i>
                        <i>1 0 0 0 1 0 0 0 1 -1.46036 2.76301 -0.788164</i>
                        <i>1 0 0 0 1 0 0 0 1 -1.45797 2.76215 -0.782997</i>
                        <i>1 0 0 0 1 0 0 0 1 -1.45911 2.76017 -0.771776</i>
                        <i>1 0 0 0 1 0 0 0 1 -1.46246 2.75682 -0.753661</i>
                        <i>1 0 0 0 1 0 0 0 1 -1.46692 2.75224 -0.731998</i>
                        <i>1 0 0 0 1 0 0 0 1 -1.47144 2.74655 -0.710141</i>
                        <i>1 0 0 0 1 0 0 0 1 -1.47503 2.73994 -0.691461</i>
                        <i>1 0 0 0 1 0 0 0 1 -1.47674 2.73262 -0.679342</i>
                        <i>1 0 0 0 1 0 0 0 1 -1.47718 2.72582 -0.672435</i>
                        <i>1 0 0 0 1 0 0 0 1 -1.47756 2.72075 -0.666988</i>
                        <i>1 0 0 0 1 0 0 0 1 -1.47782 2.71763 -0.66278</i>
                        <i>1 0 0 0 1 0 0 0 1 -1.47792 2.71666 -0.659594</i>
                        <i>1 0 0 0 1 0 0 0 1 -1.4778 2.71804 -0.657208</i>
                        <i>1 0 0 0 1 0 0 0 1 -1.47741 2.72198 -0.655405</i>
                        <i>1 0 0 0 1 0 0 0 1 -1.4767 2.72869 -0.653962</i>
                        <i>1 0 0 0 1 0 0 0 1 -1.47561 2.73836 -0.652662</i>
                        <i>1 0 0 0 1 0 0 0 1 -1.47411 2.7512 -0.651284</i>
                        <i>1 0 0 0 1 0 0 0 1 -1.47212 2.76741 -0.649608</i>
                        <i>1 0 0 0 1 0 0 0 1 -1.46962 2.7872 -0.647416</i>
                        <i>1 0 0 0 1 0 0 0 1 -1.46653 2.81077 -0.644487</i>
                        <i>1 0 0 0 1 0 0 0 1 -1.4773 2.83897 -0.639346</i>
                        <i>1 0 0 0 1 0 0 0 1 -1.50798 2.87161 -0.63119</i>
                        <i>1 0 0 0 1 0 0 0 1 -1.54547 2.90735 -0.620829</i>
                        <i>1 0 0 0 1 0 0 0 1 -1.57673 2.94511 -0.609214</i>
                        <i>1 0 0 0 1 0 0 0 1 -1.58942 2.98418 -0.597465</i>
                        <i>1 0 0 0 1 0 0 0 1 -1.56956 3.024 -0.586765</i>
                        <i>1 0 0 0 1 0 0 0 1 -1.52104 3.06381 -0.578175</i>
                        <i>1 0 0 0 1 0 0 0 1 -1.45987 3.10241 -0.572466</i>
                        <i>1 0 0 0 1 0 0 0 1 -1.40248 3.13811 -0.570074</i>
                        <i>1 0 0 0 1 0 0 0 1 -1.3652 3.16907 -0.571188</i>
                        <i>1 0 0 0 1 0 0 0 1 -1.3442 3.19484 -0.574964</i>
                        <i>1 0 0 0 1 0 0 0 1 -1.32494 3.21654 -0.580315</i>
                        <i>1 0 0 0 1 0 0 0 1 -1.30717 3.23473 -0.587001</i>
                        <i>1 0 0 0 1 0 0 0 1 -1.29069 3.24998 -0.594778</i>
                        <i>1 0 0 0 1 0 0 0 1 -1.27528 3.26285 -0.603404</i>
                        <i>1 0 0 0 1 0 0 0 1 -1.2607 3.27391 -0.612639</i>
                        <i>1 0 0 0 1 0 0 0 1 -1.24674 3.28372 -0.622239</i>
                        <i>1 0 0 0 1 0 0 0 1 -1.23318 3.29287 -0.631963</i>
                        <i>1 0 0 0 1 0 0 0 1 -1.21979 3.30191 -0.641568</i>
                        <i>1 0 0 0 1 0 0 0 1 -1.20636 3.3114 -0.650813</i>
                        <i>1 0 0 0 1 0 0 0 1 -1.19265 3.32193 -0.659456</i>
                        <i>1 0 0 0 1 0 0 0 1 -1.17846 3.33405 -0.667255</i>
                        <i>1 0 0 0 1 0 0 0 1 -1.16356 3.34833 -0.673967</i>
                        <i>1 0 0 0 1 0 0 0 1 -1.14773 3.36535 -0.679352</i>
                        <i>1 0 0 0 1 0 0 0 1 -1.13074 3.38566 -0.683165</i>
                        <i>1 0 0 0 1 0 0 0 1 -1.072 3.43425 -0.669058</i>
                        <i>1 0 0 0 1 0 0 0 1 -0.979482 3.49453 -0.639757</i>
                        <i>1 0 0 0 1 0 0 0 1 -0.923053 3.5151 -0.624254</i>
                        <i>1 0 0 0 1 0 0 0 1 -0.910995 3.49856 -0.624366</i>
                        <i>1 0 0 0 1 0 0 0 1 -0.908054 3.47282 -0.624409</i>
                        <i>1 0 0 0 1 0 0 0 1 -0.91247 3.4409 -0.624382</i>
                        <i>1 0 0 0 1 0 0 0 1 -0.922766 3.40541 -0.624327</i>
                        <i>1 0 0 0 1 0 0 0 1 -0.937487 3.36886 -0.624279</i>
                        <i>1 0 0 0 1 0 0 0 1 -0.955076 3.33387 -0.624254</i>
                        <i>1 0 0 0 1 0 0 0 1 -0.977593 3.30693 -0.620663</i>
                        <i>1 0 0 0 1 0 0 0 1 -1.00681 3.29179 -0.611464</i>
                        <i>1 0 0 0 1 0 0 0 1 -1.04066 3.28695 -0.598974</i>
                        <i>1 0 0 0 1 0 0 0 1 -1.07688 3.29117 -0.585266</i>
                        <i>1 0 0 0 1 0 0 0 1 -1.11286 3.30574 -0.571993</i>
                        <i>1 0 0 0 1 0 0 0 1 -1.14576 3.3283 -0.560321</i>
                        <i>1 0 0 0 1 0 0 0 1 -1.17268 3.35286 -0.550967</i>
                        <i>1 0 0 0 1 0 0 0 1 -1.19081 3.37384 -0.544358</i>
                        <i>1 0 0 0 1 0 0 0 1 -1.19744 3.38576 -0.540874</i>
                        <i>1 0 0 0 1 0 0 0 1 -1.19744 3.3945 -0.545897</i>
                        <i>1 0 0 0 1 0 0 0 1 -1.19744 3.40441 -0.560392</i>
                        <i>1 0 0 0 1 0 0 0 1 -1.19744 3.40756 -0.578276</i>
                        <i>1 0 0 0 1 0 0 0 1 -1.19744 3.39599 -0.593467</i>
                        <i>1 0 0 0 1 0 0 0 1 -1.19744 3.36176 -0.599882</i>
                        <i>1 0 0 0 1 0 0 0 1 -1.19744 3.2958 -0.596097</i>
                        <i>1 0 0 0 1 0 0 0 1 -1.19744 3.20371 -0.586457</i>
                        <i>1 0 0 0 1 0 0 0 1 -1.19744 3.09956 -0.573539</i>
                        <i>1 0 0 0 1 0 0 0 1 -1.19744 2.99742 -0.559919</i>
                        <i>1 0 0 0 1 0 0 0 1 -1.19744 2.91136 -0.548172</i>
                        <i>1 0 0 0 1 0 0 0 1 -1.19744 2.85543 -0.540874</i>
                        <i>1 0 0 0 1 0 0 0 1 -1.19744 2.82774 -0.537647</i>
                        <i>1 0 0 0 1 0 0 0 1 -1.19744 2.81475 -0.536132</i>
                        <i>1 0 0 0 1 0 0 0 1 -1.19744 2.81305 -0.535935</i>
                        <i>1 0 0 0 1 0 0 0 1 -1.19744 2.81927 -0.536659</i>
                        <i>1 0 0 0 1 0 0 0 1 -1.19744 2.83 -0.53791</i>
                        <i>1 0 0 0 1 0 0 0 1 -1.19744 2.84187 -0.539294</i>
                        <i>1 0 0 0 1 0 0 0 1 -1.19744 2.85148 -0.540413</i>
                        <i>1 0 0 0 1 0 0 0 1 -1.19744 2.85543 -0.540874</i>
                        <i>1 0 0 0 1 0 0 0 1 -1.19744 2.85543 -0.540874</i>
                        <i>1 0 0 0 1 0 0 0 1 -1.19744 2.85543 -0.540874</i>
                        <i>1 0 0 0 1 0 0 0 1 -1.19744 2.85543 -0.540874</i>
                        <i>1 0 0 0 1 0 0 0 1 -1.19744 2.85543 -0.540874</i>
                        <i>1 0 0 0 1 0 0 0 1 -1.19744 2.85543 -0.540874</i>
                        <i>1 0 0 0 1 0 0 0 1 -1.19744 2.85543 -0.540874</i>
                        <i>1 0 0 0 1 0 0 0 1 -1.19744 2.85543 -0.540874</i>
                        <i>1 0 0 0 1 0 0 0 1 -1.19744 2.85543 -0.540874</i>
                        <i>1 0 0 0 1 0 0 0 1 -1.19744 2.85543 -0.540874</i>
                        <i>1 0 0 0 1 0 0 0 1 -1.19744 2.85543 -0.540874</i>
                        <i>1 0 0 0 1 0 0 0 1 -1.19744 2.85543 -0.540874</i>
                        <i>1 0 0 0 1 0 0 0 1 -1.19744 2.85543 -0.540874</i>
                        <i>1 0 0 0 1 0 0 0 1 -1.19744 2.85543 -0.540874</i>
                        <i>1 0 0 0 1 0 0 0 1 -1.19744 2.85543 -0.540874</i>
                        <i>1 0 0 0 1 0 0 0 1 -1.19744 2.85543 -0.540874</i>
                        <i>1 0 0 0 1 0 0 0 1 -1.19744 2.85543 -0.540874</i>
                        <i>1 0 0 0 1 0 0 0 1 -1.19744 2.85543 -0.540874</i>
                        <i>1 0 0 0 1 0 0 0 1 -1.19744 2.85543 -0.540874</i>
                        <i>1 0 0 0 1 0 0 0 1 -1.19744 2.85543 -0.540874</i>
                        <i>1 0 0 0 1 0 0 0 1 -1.19744 2.85543 -0.540874</i>
                        <i>1 0 0 0 1 0 0 0 1 -1.19744 2.85543 -0.540874</i>
                        <i>1 0 0 0 1 0 0 0 1 -1.19744 2.85543 -0.540874</i>
                        <i>1 0 0 0 1 0 0 0 1 -1.19595 2.85361 -0.539009</i>
                        <i>1 0 0 0 1 0 0 0 1 -1.19268 2.84961 -0.534905</i>
                        <i>1 0 0 0 1 0 0 0 1 -1.18941 2.84561 -0.530801</i>
                        <i>1 0 0 0 1 0 0 0 1 -1.18792 2.84379 -0.528936</i>
                        <i>1 0 0 0 1 0 0 0 1 -1.19 2.84634 -0.531547</i>
                        <i>1 0 0 0 1 0 0 0 1 -1.19744 2.85543 -0.540874</i>
                        <i>1 0 0 0 1 0 0 0 1 -1.20979 2.87272 -0.556375</i>
                        <i>1 0 0 0 1 0 0 0 1 -1.22506 2.89674 -0.575442</i>
                        <i>1 0 0 0 1 0 0 0 1 -1.24272 2.92506 -0.597268</i>
                        <i>1 0 0 0 1 0 0 0 1 -1.26213 2.95525 -0.621096</i>
                        <i>1 0 0 0 1 0 0 0 1 -1.28257 2.98492 -0.646186</i>
                        <i>1 0 0 0 1 0 0 0 1 -1.30324 3.01172 -0.671753</i>
                        <i>1 0 0 0 1 0 0 0 1 -1.32329 3.03334 -0.696929</i>
                        <i>1 0 0 0 1 0 0 0 1 -1.34187 3.04749 -0.720769</i>
                        <i>1 0 0 0 1 0 0 0 1 -1.35808 3.05187 -0.742331</i>
                        <i>1 0 0 0 1 0 0 0 1 -1.37305 3.04339 -0.763695</i>
                        <i>1 0 0 0 1 0 0 0 1 -1.38777 3.02292 -0.786767</i>
                        <i>1 0 0 0 1 0 0 0 1 -1.40122 2.99398 -0.810463</i>
                        <i>1 0 0 0 1 0 0 0 1 -1.41267 2.96003 -0.83371</i>
                        <i>1 0 0 0 1 0 0 0 1 -1.42164 2.9245 -0.855404</i>
                        <i>1 0 0 0 1 0 0 0 1 -1.42804 2.8908 -0.874397</i>
                        <i>1 0 0 0 1 0 0 0 1 -1.43208 2.86238 -0.889496</i>
                        <i>1 0 0 0 1 0 0 0 1 -1.43419 2.84274 -0.899474</i>
                        <i>1 0 0 0 1 0 0 0 1 -1.43482 2.83541 -0.90308</i>
                        <i>1 0 0 0 1 0 0 0 1 -1.43482 2.83541 -0.90308</i>
                        <i>1 0 0 0 1 0 0 0 1 -1.43482 2.83541 -0.90308</i>
                        <i>1 0 0 0 1 0 0 0 1 -1.43482 2.83541 -0.90308</i>
                        <i>1 0 0 0 1 0 0 0 1 -1.43482 2.83541 -0.90308</i>
                        <i>1 0 0 0 1 0 0 0 1 -1.43482 2.83541 -0.90308</i>
                        <i>1 0 0 0 1 0 0 0 1 -1.43482 2.83541 -0.90308</i>
                        <i>1 0 0 0 1 0 0 0 1 -1.43482 2.83541 -0.90308</i>
                        <i>1 0 0 0 1 0 0 0 1 -1.43482 2.83541 -0.90308</i>
                        <i>1 0 0 0 1 0 0 0 1 -1.43482 2.83541 -0.90308</i>
                        <i>1 0 0 0 1 0 0 0 1 -1.43482 2.83541 -0.90308</i>
                    </KeyFrames>
                </p>
            </i>
            <i>
                <p>
                    <Name><![CDATA[spine0]]></Name>
                    <Exclude>0</Exclude>
                    <Additive>0</Additive>
                    <IKPriority>0</IKPriority>
                    <IKRotLimits>-1e+010 -1e+010 -1e+010 1e+010 1e+010 1e+010</IKRotLimits>
                    <IKRotLimitOrder>0</IKRotLimitOrder>
                    <KeyFrames count="161">
                        <i>0.030251 0.678636 0.733851 -0.997109 0.0716884 -0.0251915 -0.0697045 -0.730967 0.678843 -1.43482 2.94751 -0.993242</i>
                        <i>0.0356858 0.689401 0.7235 -0.997673 0.0666655 -0.0143145 -0.0581009 -0.721306 0.690176 -1.43816 2.94307 -0.980775</i>
                        <i>0.0402158 0.700828 0.712196 -0.99812 0.0611753 -0.00383771 -0.0462584 -0.710702 0.70197 -1.44184 2.93828 -0.967479</i>
                        <i>0.0439291 0.712712 0.70008 -0.998445 0.0553901 0.00626158 -0.0343148 -0.699267 0.714037 -1.44576 2.93323 -0.953605</i>
                        <i>0.0469245 0.724833 0.687325 -0.998648 0.049452 0.0160283 -0.0223718 -0.687148 0.726173 -1.44985 2.92798 -0.93941</i>
                        <i>0.0493139 0.736959 0.674136 -0.998728 0.043487 0.0255185 -0.0105101 -0.674537 0.738166 -1.45405 2.92263 -0.925154</i>
                        <i>0.0512253 0.748854 0.660752 -0.998686 0.0376154 0.0347931 0.00120049 -0.661666 0.749798 -1.45825 2.91727 -0.9111</i>
                        <i>0.052805 0.760285 0.64744 -0.998524 0.0319566 0.0439128 0.0126963 -0.648803 0.76085 -1.4624 2.912 -0.897516</i>
                        <i>0.0542176 0.771027 0.63449 -0.998243 0.0266328 0.0529366 0.0239173 -0.636246 0.771116 -1.46641 2.90692 -0.884672</i>
                        <i>0.0556469 0.780872 0.622207 -0.997844 0.0217705 0.0619198 0.0348057 -0.624311 0.7804 -1.4702 2.90216 -0.872843</i>
                        <i>0.0572938 0.789637 0.610894 -0.997329 0.0175016 0.0709139 0.0453046 -0.613325 0.78853 -1.47369 2.89783 -0.862301</i>
                        <i>0.0593741 0.797156 0.600847 -0.9967 0.0139632 0.079966 0.0553556 -0.603612 0.795354 -1.47682 2.89407 -0.853322</i>
                        <i>0.0621163 0.803283 0.59235 -0.995957 0.0112984 0.0891187 0.064895 -0.59549 0.800737 -1.4795 2.89099 -0.846182</i>
                        <i>0.0672521 0.807251 0.586365 -0.994856 0.00963437 0.10084 0.0757536 -0.59013 0.803746 -1.48188 2.8889 -0.841248</i>
                        <i>0.0754541 0.808797 0.583228 -0.993186 0.00885938 0.116206 0.0888198 -0.588022 0.803954 -1.48408 2.88789 -0.838462</i>
                        <i>0.0853949 0.808498 0.58227 -0.991055 0.0087704 0.133169 0.10256 -0.588433 0.802015 -1.48598 2.88774 -0.837461</i>
                        <i>0.095731 0.806899 0.582881 -0.988691 0.00916922 0.149687 0.115438 -0.590619 0.798651 -1.48749 2.88824 -0.837893</i>
                        <i>0.105063 0.804538 0.584534 -0.986455 0.00985791 0.163736 0.125969 -0.593819 0.794676 -1.48851 2.88916 -0.839417</i>
                        <i>0.111925 0.801971 0.586783 -0.98481 0.0106373 0.173307 0.132746 -0.597268 0.79098 -1.48896 2.89029 -0.841703</i>
                        <i>0.114792 0.799773 0.589225 -0.984253 0.011307 0.176403 0.13442 -0.600197 0.788477 -1.48877 2.89139 -0.844424</i>
                        <i>0.112117 0.79853 0.591421 -0.9852 0.011667 0.171013 0.129659 -0.601841 0.78802 -1.48783 2.89225 -0.84725</i>
                        <i>0.0972271 0.796179 0.597198 -0.990428 0.0183345 0.136804 0.097971 -0.604783 0.790341 -1.48216 2.89317 -0.849461</i>
                        <i>0.0708944 0.791625 0.60688 -0.996778 0.0333339 0.07296 0.0375274 -0.610097 0.791438 -1.47121 2.89417 -0.849449</i>
                        <i>0.0432285 0.786236 0.616412 -0.998764 0.0491685 0.00732792 -0.0245466 -0.615967 0.787389 -1.46022 2.8948 -0.845848</i>
                        <i>0.0254279 0.779712 0.625622 -0.99781 0.0580261 -0.0317627 -0.0610682 -0.623444 0.779479 -1.45438 2.89503 -0.838018</i>
                        <i>0.0195232 0.770502 0.637139 -0.997467 0.0586049 -0.0403075 -0.0683964 -0.634738 0.769695 -1.45497 2.89506 -0.821606</i>
                        <i>0.0186119 0.758807 0.65105 -0.99779 0.0556387 -0.0363233 -0.0637859 -0.648935 0.758165 -1.45891 2.89441 -0.795519</i>
                        <i>0.0213269 0.746079 0.665516 -0.998421 0.050499 -0.0246171 -0.0519742 -0.66394 0.745977 -1.46451 2.89238 -0.764423</i>
                        <i>0.0259948 0.73398 0.678674 -0.998958 0.0445522 -0.00992041 -0.0375178 -0.677708 0.734373 -1.4702 2.88856 -0.733116</i>
                        <i>0.0305389 0.724488 0.68861 -0.999228 0.0391735 0.00309982 -0.0247295 -0.688173 0.725125 -1.47465 2.88301 -0.706511</i>
                        <i>0.0325759 0.71992 0.693292 -0.999312 0.0357507 0.00983119 -0.017708 -0.693136 0.720589 -1.47674 2.87612 -0.689557</i>
                        <i>0.0322297 0.719683 0.693555 -0.999366 0.0337115 0.0114594 -0.0151336 -0.693484 0.720313 -1.47729 2.86947 -0.680244</i>
                        <i>0.0313496 0.721324 0.691888 -0.999424 0.0316289 0.0123095 -0.0130045 -0.691875 0.7219 -1.47774 2.86448 -0.673066</i>
                        <i>0.0300937 0.724475 0.688643 -0.999483 0.0296109 0.0125257 -0.0113168 -0.688664 0.724992 -1.47804 2.86141 -0.667718</i>
                        <i>0.0286326 0.728747 0.684184 -0.999539 0.027763 0.0122586 -0.0100616 -0.68422 0.729206 -1.47814 2.86046 -0.66389</i>
                        <i>0.027136 0.733745 0.678883 -0.999589 0.0261824 0.0116569 -0.0092216 -0.678921 0.734154 -1.47801 2.86185 -0.661274</i>
                        <i>0.0257588 0.739085 0.67312 -0.99963 0.0249494 0.0108592 -0.00876802 -0.67315 0.739454 -1.47759 2.86579 -0.65956</i>
                        <i>0.024629 0.744408 0.667271 -0.999659 0.0241196 0.00998957 -0.008658 -0.66729 0.744748 -1.47685 2.87248 -0.65844</i>
                        <i>0.0238402 0.749386 0.661704 -0.999677 0.0237188 0.00915509 -0.00883412 -0.661709 0.749709 -1.47573 2.88213 -0.657604</i>
                        <i>0.0234517 0.753724 0.656772 -0.999682 0.0237431 0.00844813 -0.00922623 -0.656762 0.754042 -1.47418 2.89495 -0.656742</i>
                        <i>0.0234965 0.757155 0.652813 -0.999676 0.0241669 0.00795155 -0.00975587 -0.652788 0.757478 -1.47216 2.91115 -0.655546</i>
                        <i>0.0239982 0.759424 0.650154 -0.999658 0.0249578 0.00774656 -0.0103435 -0.650117 0.759763 -1.46963 2.93092 -0.653707</i>
                        <i>0.0249946 0.760274 0.649122 -0.999628 0.0260991 0.00792267 -0.0109181 -0.649079 0.760643 -1.46653 2.95449 -0.650916</i>
                        <i>0.0302954 0.769647 0.63775 -0.999427 0.013684 0.0309623 0.0151031 -0.638323 0.769621 -1.47918 2.98269 -0.645532</i>
                        <i>0.0399688 0.793955 0.606661 -0.995346 -0.0216428 0.0939013 0.0876833 -0.607591 0.789396 -1.5149 3.0152 -0.636685</i>
                        <i>0.0469885 0.826929 0.560339 -0.979498 -0.0718689 0.1882 0.195899 -0.557694 0.806598 -1.55965 3.05044 -0.625244</i>
                        <i>0.0458582 0.862503 0.503971 -0.944088 -0.127467 0.304056 0.326488 -0.489736 0.808433 -1.59939 3.08714 -0.612255</i>
                        <i>0.0348628 0.895994 0.442696 -0.884929 -0.178171 0.430297 0.464419 -0.406756 0.78668 -1.62086 3.12456 -0.598988</i>
                        <i>0.015953 0.924524 0.38079 -0.803447 -0.214837 0.555264 0.595162 -0.314803 0.739379 -1.60922 3.16229 -0.586813</i>
                        <i>-0.00633724 0.946811 0.321728 -0.706724 -0.23186 0.668418 0.707461 -0.223137 0.670604 -1.56769 3.1999 -0.576968</i>
                        <i>-0.0257719 0.962859 0.268772 -0.605714 -0.228928 0.762039 0.795265 -0.14316 0.589117 -1.51172 3.23658 -0.570344</i>
                        <i>-0.0349034 0.973629 0.225449 -0.512616 -0.211092 0.832265 0.857909 -0.0865199 0.506465 -1.45731 3.27109 -0.567398</i>
                        <i>-0.0254187 0.980314 0.195803 -0.438803 -0.18693 0.878925 0.898224 -0.0635777 0.434916 -1.42032 3.30191 -0.568236</i>
                        <i>0.00315735 0.98277 0.184807 -0.388046 -0.169123 0.90599 0.921635 -0.0745742 0.380825 -1.39669 3.32873 -0.571093</i>
                        <i>0.0400967 0.981186 0.188855 -0.355731 -0.162605 0.920334 0.933728 -0.104084 0.342518 -1.37281 3.35209 -0.574762</i>
                        <i>0.075729 0.976601 0.201283 -0.338426 -0.164707 0.926466 0.937941 -0.13828 0.318034 -1.34999 3.37188 -0.579735</i>
                        <i>0.099585 0.971275 0.216121 -0.331514 -0.172404 0.927564 0.93818 -0.164019 0.304822 -1.32967 3.3882 -0.586353</i>
                        <i>0.101353 0.968616 0.22696 -0.329371 -0.182599 0.926376 0.938745 -0.168645 0.300527 -1.31332 3.40133 -0.595025</i>
                        <i>0.0709682 0.971374 0.226706 -0.325465 -0.19229 0.925795 0.942887 -0.139487 0.302502 -1.30233 3.41146 -0.606248</i>
                        <i>0.0347826 0.976247 0.213851 -0.322764 -0.19154 0.926896 0.94584 -0.101263 0.308435 -1.2928 3.41999 -0.619803</i>
                        <i>0.020754 0.981206 0.191844 -0.32633 -0.174728 0.928967 0.945028 -0.0818843 0.316571 -1.28039 3.42874 -0.634692</i>
                        <i>0.0221946 0.986587 0.161719 -0.331412 -0.145352 0.932223 0.943225 -0.0742858 0.32374 -1.26579 3.43794 -0.650208</i>
                        <i>0.0341665 0.991427 0.126118 -0.333576 -0.107643 0.936557 0.942104 -0.074069 0.327039 -1.24969 3.44778 -0.665621</i>
                        <i>0.0512602 0.994776 0.0882779 -0.330026 -0.066555 0.941623 0.942579 -0.0774018 0.32489 -1.23283 3.4585 -0.680213</i>
                        <i>0.0677866 0.996364 0.0516161 -0.320355 -0.0272589 0.946905 0.944869 -0.080723 0.317342 -1.21589 3.47049 -0.693333</i>
                        <i>0.0781602 0.996755 0.0192213 -0.306571 0.0056847 0.951831 0.948633 -0.080288 0.306021 -1.19954 3.48425 -0.70444</i>
                        <i>0.0771812 0.996996 -0.00650152 -0.292396 0.0288687 0.955862 0.953178 -0.0718735 0.293746 -1.18429 3.50032 -0.713127</i>
                        <i>0.0600234 0.997913 -0.0238079 -0.282096 0.0398368 0.958559 0.957507 -0.0508198 0.283899 -1.17063 3.51913 -0.71909</i>
                        <i>0.0340204 0.99942 -0.00148253 -0.27644 0.0108356 0.96097 0.960429 -0.0322827 0.276649 -1.12106 3.56459 -0.70514</i>
                        <i>0.0222821 0.998333 0.0532418 -0.268572 -0.0453201 0.962193 0.963002 -0.035739 0.267114 -1.03902 3.62087 -0.674256</i>
                        <i>0.0350885 0.995278 0.0905013 -0.266479 -0.0779608 0.960683 0.963202 -0.0578256 0.262485 -0.984224 3.64115 -0.656911</i>
                        <i>0.0481111 0.993877 0.0994727 -0.27198 -0.0827896 0.958735 0.9611 -0.0731804 0.266331 -0.967863 3.62688 -0.655946</i>
                        <i>0.0431376 0.99401 0.100417 -0.273636 -0.0849121 0.958078 0.960866 -0.0688069 0.268334 -0.963587 3.6018 -0.655651</i>
                        <i>0.0283911 0.994985 0.0959151 -0.272823 -0.0845975 0.958337 0.961645 -0.0533762 0.269053 -0.968589 3.56959 -0.655773</i>
                        <i>0.0122991 0.995996 0.0885482 -0.271149 -0.0819149 0.959045 0.962459 -0.0358052 0.269056 -0.980291 3.53339 -0.656072</i>
                        <i>0.00313834 0.996734 0.0806888 -0.270271 -0.0768408 0.959713 0.962779 -0.0248197 0.269147 -0.996141 3.49626 -0.656308</i>
                        <i>0.00878607 0.997191 0.0743884 -0.271715 -0.0692115 0.959886 0.962338 -0.0286461 0.270344 -1.0135 3.46138 -0.656227</i>
                        <i>0.0193874 0.997593 0.0665796 -0.283468 -0.058375 0.957203 0.958786 -0.0374308 0.281654 -1.03433 3.43521 -0.652625</i>
                        <i>0.0222344 0.998264 0.0545324 -0.30957 -0.0449904 0.949812 0.950617 -0.0380001 0.308033 -1.06116 3.42101 -0.643753</i>
                        <i>0.0208616 0.998942 0.0409832 -0.345267 -0.0312718 0.937983 0.938273 -0.033718 0.344249 -1.09225 3.41727 -0.631446</i>
                        <i>0.018337 0.999421 0.0286635 -0.385658 -0.0193797 0.922438 0.92246 -0.0279691 0.385079 -1.12559 3.42268 -0.617363</i>
                        <i>0.0166712 0.999667 0.0197012 -0.42598 -0.0107251 0.904669 0.904579 -0.0234742 0.425659 -1.15891 3.43847 -0.602955</i>
                        <i>0.0165753 0.999749 0.0150632 -0.462047 -0.00570147 0.886837 0.8867 -0.0216595 0.461837 -1.18962 3.46217 -0.589487</i>
                        <i>0.0176506 0.999743 0.0142328 -0.490594 -0.00374384 0.87138 0.871209 -0.0223629 0.490402 -1.21496 3.48766 -0.578078</i>
                        <i>0.0189161 0.999703 0.0153817 -0.509239 -0.00360598 0.860617 0.860417 -0.0241125 0.50902 -1.23215 3.50927 -0.569765</i>
                        <i>0.0194505 0.99968 0.0161859 -0.515963 -0.00383036 0.856602 0.85639 -0.0250127 0.515724 -1.23847 3.52142 -0.565588</i>
                        <i>0.0194505 0.99968 0.0161859 -0.515963 -0.00383036 0.856602 0.85639 -0.0250127 0.515724 -1.23847 3.53015 -0.570611</i>
                        <i>0.0194505 0.99968 0.0161859 -0.515963 -0.00383036 0.856602 0.85639 -0.0250127 0.515724 -1.23847 3.54007 -0.585105</i>
                        <i>0.0194505 0.99968 0.0161859 -0.515963 -0.00383036 0.856602 0.85639 -0.0250127 0.515724 -1.23847 3.54321 -0.602989</i>
                        <i>0.0194505 0.99968 0.0161859 -0.515963 -0.00383036 0.856602 0.85639 -0.0250127 0.515724 -1.23847 3.53164 -0.618181</i>
                        <i>0.0194505 0.99968 0.0161859 -0.515963 -0.00383036 0.856602 0.85639 -0.0250127 0.515724 -1.23847 3.49741 -0.624596</i>
                        <i>0.0301953 0.999321 0.021101 -0.515847 -0.00250233 0.856677 0.856149 -0.0367525 0.515421 -1.23845 3.43143 -0.620928</i>
                        <i>0.0576899 0.997748 0.0342032 -0.515584 0.000438359 0.856839 0.854895 -0.0670655 0.514449 -1.2384 3.33931 -0.611546</i>
                        <i>0.094945 0.994063 0.0531341 -0.515313 0.00341104 0.856995 0.851726 -0.108748 0.512578 -1.23836 3.23513 -0.598885</i>
                        <i>0.134715 0.988006 0.0754684 -0.515187 0.00477942 0.857064 0.846424 -0.15434 0.509652 -1.23834 3.13298 -0.585381</i>
                        <i>0.169006 0.980693 0.0983796 -0.515363 0.00284634 0.856967 0.840141 -0.195534 0.505894 -1.23836 3.04694 -0.573471</i>
                        <i>0.188932 0.974817 0.118473 -0.515963 -0.00410542 0.856601 0.835516 -0.222967 0.502194 -1.23847 2.99109 -0.565588</i>
                        <i>0.194365 0.971665 0.134497 -0.516612 -0.0151597 0.856086 0.833867 -0.235876 0.499027 -1.23858 2.96353 -0.561415</i>
                        <i>0.192633 0.969986 0.148388 -0.516987 -0.0282081 0.855528 0.834037 -0.241517 0.496036 -1.23865 2.95071 -0.558762</i>
                        <i>0.185728 0.969274 0.161289 -0.51721 -0.04313 0.854771 0.835463 -0.242175 0.493308 -1.23873 2.9492 -0.557245</i>
                        <i>0.175686 0.968877 0.174392 -0.51738 -0.0598375 0.853661 0.837527 -0.240203 0.490765 -1.23885 2.95561 -0.556479</i>
                        <i>0.164499 0.96812 0.188902 -0.517563 -0.0783129 0.852054 0.839683 -0.237931 0.488181 -1.23908 2.9665 -0.556077</i>
                        <i>0.154093 0.966337 0.206029 -0.517788 -0.098617 0.849806 0.841517 -0.237628 0.485161 -1.23947 2.97848 -0.55565</i>
                        <i>0.146361 0.962841 0.226971 -0.518035 -0.120865 0.846777 0.842744 -0.241514 0.481095 -1.24006 2.98812 -0.554805</i>
                        <i>0.143273 0.956824 0.252906 -0.518233 -0.145176 0.842828 0.843154 -0.251819 0.475057 -1.24092 2.99202 -0.553146</i>
                        <i>0.146815 0.944844 0.292772 -0.518272 -0.178623 0.836354 0.842519 -0.274525 0.463462 -1.24249 2.99173 -0.550258</i>
                        <i>0.157113 0.924456 0.347414 -0.516647 -0.222866 0.826684 0.84166 -0.309373 0.442602 -1.24489 2.99113 -0.546338</i>
                        <i>0.173269 0.897475 0.405607 -0.512143 -0.269669 0.815468 0.841241 -0.349024 0.412911 -1.24766 2.99024 -0.541975</i>
                        <i>0.192705 0.86848 0.456735 -0.505456 -0.311099 0.804817 0.841058 -0.385952 0.379028 -1.25027 2.98921 -0.537864</i>
                        <i>0.209989 0.844803 0.492151 -0.499066 -0.340238 0.796977 0.840737 -0.412972 0.350166 -1.25222 2.98832 -0.534794</i>
                        <i>0.217463 0.835075 0.505331 -0.496264 -0.351216 0.793958 0.840495 -0.423434 0.338041 -1.25297 2.98794 -0.533591</i>
                        <i>0.214272 0.839628 0.499112 -0.497698 -0.345824 0.795426 0.840467 -0.418845 0.34378 -1.25263 2.98812 -0.53418</i>
                        <i>0.206001 0.851681 0.481874 -0.501364 -0.331031 0.799408 0.840356 -0.406273 0.358809 -1.2517 2.98857 -0.53577</i>
                        <i>0.194814 0.868609 0.455593 -0.506155 -0.308838 0.805249 0.840152 -0.387474 0.379485 -1.25032 2.98919 -0.538084</i>
                        <i>0.182736 0.887771 0.422458 -0.510971 -0.281345 0.812252 0.83995 -0.364292 0.402213 -1.24865 2.98987 -0.540844</i>
                        <i>0.171309 0.906819 0.385139 -0.514935 -0.250862 0.819702 0.839938 -0.338744 0.423978 -1.24684 2.99051 -0.543782</i>
                        <i>0.161476 0.92394 0.346785 -0.517544 -0.219917 0.826913 0.840282 -0.313003 0.442668 -1.24506 2.99106 -0.546647</i>
                        <i>0.153668 0.937953 0.310855 -0.518733 -0.191181 0.833286 0.841012 -0.2893 0.457169 -1.24344 2.99149 -0.549213</i>
