<?xml version="1.0" encoding="ISO-8859-1" ?>
<Animl Version="1">
    <ModellingPackage><![CDATA[Maya.2010]]></ModellingPackage>
    <SrcFile><![CDATA[anims\vehicles\blue\~src\land\supervespa_cycle\supervespa_cycle_idle_crewman_a.mb]]></SrcFile>
    <FramesPerSecond>30</FramesPerSecond>
    <TotalFrames>31</TotalFrames>
    <Skeleton>
        <RefFrame>
            <Name><![CDATA[soldier_ref_frame]]></Name>
            <Exclude>0</Exclude>
            <Additive>0</Additive>
            <IKPriority>0</IKPriority>
            <IKRotLimits>-1e+010 -1e+010 -1e+010 1e+010 1e+010 1e+010</IKRotLimits>
            <IKRotLimitOrder>0</IKRotLimitOrder>
            <KeyFrames count="31">
                <i>1 0 0 0 1 0 0 0 1 0 0 0</i>
                <i>1 0 0 0 1 0 0 0 1 0 0 0</i>
                <i>1 0 0 0 1 0 0 0 1 0 0 0</i>
                <i>1 0 0 0 1 0 0 0 1 0 0 0</i>
                <i>1 0 0 0 1 0 0 0 1 0 0 0</i>
                <i>1 0 0 0 1 0 0 0 1 0 0 0</i>
                <i>1 0 0 0 1 0 0 0 1 0 0 0</i>
                <i>1 0 0 0 1 0 0 0 1 0 0 0</i>
                <i>1 0 0 0 1 0 0 0 1 0 0 0</i>
                <i>1 0 0 0 1 0 0 0 1 0 0 0</i>
                <i>1 0 0 0 1 0 0 0 1 0 0 0</i>
                <i>1 0 0 0 1 0 0 0 1 0 0 0</i>
                <i>1 0 0 0 1 0 0 0 1 0 0 0</i>
                <i>1 0 0 0 1 0 0 0 1 0 0 0</i>
                <i>1 0 0 0 1 0 0 0 1 0 0 0</i>
                <i>1 0 0 0 1 0 0 0 1 0 0 0</i>
                <i>1 0 0 0 1 0 0 0 1 0 0 0</i>
                <i>1 0 0 0 1 0 0 0 1 0 0 0</i>
                <i>1 0 0 0 1 0 0 0 1 0 0 0</i>
                <i>1 0 0 0 1 0 0 0 1 0 0 0</i>
                <i>1 0 0 0 1 0 0 0 1 0 0 0</i>
                <i>1 0 0 0 1 0 0 0 1 0 0 0</i>
                <i>1 0 0 0 1 0 0 0 1 0 0 0</i>
                <i>1 0 0 0 1 0 0 0 1 0 0 0</i>
                <i>1 0 0 0 1 0 0 0 1 0 0 0</i>
                <i>1 0 0 0 1 0 0 0 1 0 0 0</i>
                <i>1 0 0 0 1 0 0 0 1 0 0 0</i>
                <i>1 0 0 0 1 0 0 0 1 0 0 0</i>
                <i>1 0 0 0 1 0 0 0 1 0 0 0</i>
                <i>1 0 0 0 1 0 0 0 1 0 0 0</i>
                <i>1 0 0 0 1 0 0 0 1 0 0 0</i>
            </KeyFrames>
        </RefFrame>
        <Bones count="23">
            <i>
                <p>
                    <Name><![CDATA[pelvis]]></Name>
                    <Exclude>0</Exclude>
                    <Additive>0</Additive>
                    <IKPriority>0</IKPriority>
                    <IKRotLimits>-1e+010 -1e+010 -1e+010 1e+010 1e+010 1e+010</IKRotLimits>
                    <IKRotLimitOrder>2</IKRotLimitOrder>
                    <KeyFrames count="31">
                        <i>1 0 0 0 1 0 0 0 1 0 1.66 -0.39</i>
                        <i>1 0 0 0 1 0 0 0 1 0 1.66025 -0.39</i>
                        <i>1 0 0 0 1 0 0 0 1 0 1.66097 -0.39</i>
                        <i>1 0 0 0 1 0 0 0 1 0 1.66208 -0.39</i>
                        <i>1 0 0 0 1 0 0 0 1 0 1.66351 -0.39</i>
                        <i>1 0 0 0 1 0 0 0 1 0 1.66519 -0.39</i>
                        <i>1 0 0 0 1 0 0 0 1 0 1.66704 -0.39</i>
                        <i>1 0 0 0 1 0 0 0 1 0 1.669 -0.39</i>
                        <i>1 0 0 0 1 0 0 0 1 0 1.671 -0.39</i>
                        <i>1 0 0 0 1 0 0 0 1 0 1.67296 -0.39</i>
                        <i>1 0 0 0 1 0 0 0 1 0 1.67481 -0.39</i>
                        <i>1 0 0 0 1 0 0 0 1 0 1.67649 -0.39</i>
                        <i>1 0 0 0 1 0 0 0 1 0 1.67792 -0.39</i>
                        <i>1 0 0 0 1 0 0 0 1 0 1.67903 -0.39</i>
                        <i>1 0 0 0 1 0 0 0 1 0 1.67975 -0.39</i>
                        <i>1 0 0 0 1 0 0 0 1 0 1.68 -0.39</i>
                        <i>1 0 0 0 1 0 0 0 1 0 1.67975 -0.39</i>
                        <i>1 0 0 0 1 0 0 0 1 0 1.67903 -0.39</i>
                        <i>1 0 0 0 1 0 0 0 1 0 1.67792 -0.39</i>
                        <i>1 0 0 0 1 0 0 0 1 0 1.67649 -0.39</i>
                        <i>1 0 0 0 1 0 0 0 1 0 1.67481 -0.39</i>
                        <i>1 0 0 0 1 0 0 0 1 0 1.67296 -0.39</i>
                        <i>1 0 0 0 1 0 0 0 1 0 1.671 -0.39</i>
                        <i>1 0 0 0 1 0 0 0 1 0 1.669 -0.39</i>
                        <i>1 0 0 0 1 0 0 0 1 0 1.66704 -0.39</i>
                        <i>1 0 0 0 1 0 0 0 1 0 1.66519 -0.39</i>
                        <i>1 0 0 0 1 0 0 0 1 0 1.66351 -0.39</i>
                        <i>1 0 0 0 1 0 0 0 1 0 1.66208 -0.39</i>
                        <i>1 0 0 0 1 0 0 0 1 0 1.66097 -0.39</i>
                        <i>1 0 0 0 1 0 0 0 1 0 1.66025 -0.39</i>
                        <i>1 0 0 0 1 0 0 0 1 0 1.66 -0.39</i>
                    </KeyFrames>
                </p>
            </i>
            <i>
                <p>
                    <Name><![CDATA[spine0]]></Name>
                    <Exclude>0</Exclude>
                    <Additive>0</Additive>
                    <IKPriority>0</IKPriority>
                    <IKRotLimits>-1e+010 -1e+010 -1e+010 1e+010 1e+010 1e+010</IKRotLimits>
                    <IKRotLimitOrder>0</IKRotLimitOrder>
                    <KeyFrames count="31">
                        <i>0 0.944906 0.32734 -1 0 2.77556e-017 -2.77556e-017 -0.32734 0.944906 0 1.79976 -0.424106</i>
                        <i>2.22045e-016 0.941427 0.337216 -1 2.22045e-016 5.55112e-017 0 -0.337216 0.941427 0 1.80005 -0.423961</i>
                        <i>2.22045e-016 0.937633 0.347627 -1 2.22045e-016 2.77556e-017 -2.77556e-017 -0.347627 0.937633 0 1.80087 -0.423554</i>
                        <i>2.22045e-016 0.933695 0.358068 -1 2.22045e-016 -2.77556e-017 -8.32667e-017 -0.358068 0.933695 0 1.80212 -0.422924</i>
                        <i>2.22045e-016 0.929793 0.368082 -1 2.22045e-016 0 -8.32667e-017 -0.368082 0.929793 0 1.80374 -0.422112</i>
                        <i>0 0.926147 0.377164 -1 0 2.77556e-017 -2.77556e-017 -0.377164 0.926147 0 1.80563 -0.421156</i>
                        <i>2.22045e-016 0.923064 0.384646 -1 2.22045e-016 0 -5.55112e-017 -0.384646 0.923064 0 1.80772 -0.420098</i>
                        <i>2.22045e-016 0.921235 0.389007 -1 2.22045e-016 -2.77556e-017 -8.32667e-017 -0.389007 0.921235 0 1.80991 -0.418977</i>
                        <i>1.11022e-016 0.920892 0.389817 -1 1.11022e-016 2.77556e-017 -2.77556e-017 -0.389817 0.920892 0 1.81214 -0.417833</i>
                        <i>1.11022e-016 0.921706 0.38789 -1 1.11022e-016 0 -5.55112e-017 -0.38789 0.921706 0 1.81432 -0.416708</i>
                        <i>2.22045e-016 0.923282 0.384124 -1 2.22045e-016 0 -5.55112e-017 -0.384124 0.923282 0 1.81637 -0.415643</i>
                        <i>2.22045e-016 0.925403 0.378985 -1 2.22045e-016 2.77556e-017 -2.77556e-017 -0.378985 0.925403 0 1.81822 -0.414679</i>
                        <i>0 0.927851 0.372951 -1 0 2.77556e-017 -2.77556e-017 -0.372951 0.927851 0 1.81979 -0.413857</i>
                        <i>0 0.93037 0.366623 -1 0 0 -5.55112e-017 -0.366623 0.93037 0 1.821 -0.413218</i>
                        <i>2.22045e-016 0.932685 0.360691 -1 2.22045e-016 0 -5.55112e-017 -0.360691 0.932685 0 1.82179 -0.412805</i>
                        <i>0 0.934524 0.355901 -1 0 0 -5.55112e-017 -0.355901 0.934524 0 1.82207 -0.412658</i>
                        <i>0 0.93598 0.352054 -1 0 -2.77556e-017 -8.32667e-017 -0.352054 0.93598 0 1.82179 -0.412805</i>
                        <i>1.11022e-016 0.937198 0.348799 -1 1.11022e-016 0 -5.55112e-017 -0.348799 0.937198 0 1.821 -0.413218</i>
                        <i>1.11022e-016 0.938265 0.345917 -1 1.11022e-016 0 -5.55112e-017 -0.345917 0.938265 0 1.81979 -0.413857</i>
                        <i>0 0.939249 0.343236 -1 0 -2.77556e-017 -8.32667e-017 -0.343236 0.939249 0 1.81822 -0.414679</i>
                        <i>1.11022e-016 0.940214 0.340584 -1 1.11022e-016 2.77556e-017 -2.77556e-017 -0.340584 0.940214 0 1.81637 -0.415643</i>
                        <i>0 0.941234 0.337755 -1 0 2.77556e-017 -2.77556e-017 -0.337755 0.941234 0 1.81432 -0.416708</i>
                        <i>0 0.942402 0.334483 -1 0 -2.77556e-017 -8.32667e-017 -0.334483 0.942402 0 1.81214 -0.417833</i>
                        <i>2.22045e-016 0.943673 0.330881 -1 2.22045e-016 2.77556e-017 -2.77556e-017 -0.330881 0.943673 0 1.80991 -0.418977</i>
                        <i>1.11022e-016 0.945212 0.326456 -1 1.11022e-016 0 0 -0.326456 0.945212 0 1.80772 -0.420098</i>
                        <i>1.11022e-016 0.946807 0.321803 -1 1.11022e-016 0 -5.55112e-017 -0.321803 0.946807 0 1.80563 -0.421156</i>
                        <i>0 0.94793 0.318478 -1 0 2.77556e-017 -2.77556e-017 -0.318478 0.94793 0 1.80374 -0.422112</i>
                        <i>1.11022e-016 0.948507 0.316757 -1 1.11022e-016 0 -5.55112e-017 -0.316757 0.948507 0 1.80212 -0.422924</i>
                        <i>2.22045e-016 0.948413 0.317038 -1 2.22045e-016 0 -5.55112e-017 -0.317038 0.948413 0 1.80087 -0.423554</i>
                        <i>2.22045e-016 0.947405 0.320038 -1 2.22045e-016 -2.77556e-017 -5.55112e-017 -0.320038 0.947405 0 1.80005 -0.423961</i>
                        <i>0 0.944906 0.32734 -1 0 2.77556e-017 -2.77556e-017 -0.32734 0.944906 0 1.79976 -0.424106</i>
                    </KeyFrames>
                </p>
            </i>
            <i>
                <p>
                    <Name><![CDATA[spine1]]></Name>
                    <Exclude>0</Exclude>
                    <Additive>0</Additive>
                    <IKPriority>0</IKPriority>
                    <IKRotLimits>-1e+010 -1e+010 -1e+010 1e+010 1e+010 1e+010</IKRotLimits>
                    <IKRotLimitOrder>0</IKRotLimitOrder>
                    <KeyFrames count="31">
                        <i>-1.384e-017 0.655829 0.75491 -1 0 2.77556e-017 -2.40588e-017 -0.75491 0.655829 -5.62763e-018 1.9781 -0.362435</i>
                        <i>1.91653e-016 0.642285 0.766466 -1 2.22045e-016 5.55112e-017 -1.12129e-016 -0.766466 0.642285 -5.59156e-018 1.97772 -0.360433</i>
                        <i>1.76935e-016 0.629765 0.776785 -1 2.22045e-016 2.77556e-017 -1.36997e-016 -0.776785 0.629765 -5.5633e-018 1.97765 -0.358123</i>
                        <i>1.48023e-016 0.61837 0.785887 -1 2.22045e-016 -2.77556e-017 -1.85274e-016 -0.785887 0.61837 -5.49832e-018 1.97789 -0.35563</i>
                        <i>1.47652e-016 0.608303 0.793705 -1 2.22045e-016 0 -1.85569e-016 -0.793705 0.608303 -5.34731e-018 1.97841 -0.353071</i>
                        <i>-1.42878e-017 0.599858 0.800106 -1 0 2.77556e-017 -2.37956e-017 -0.800106 0.599858 -5.20812e-018 1.97922 -0.350571</i>
                        <i>1.61809e-016 0.59346 0.804864 -1 2.22045e-016 0 -1.61874e-016 -0.804864 0.59346 -5.06406e-018 1.98031 -0.348281</i>
                        <i>1.47595e-016 0.589955 0.807436 -1 2.22045e-016 -2.77556e-017 -1.85615e-016 -0.807436 0.589955 -5.00336e-018 1.98182 -0.346487</i>
                        <i>8.09971e-017 0.589862 0.807504 -1 1.11022e-016 2.77556e-017 -8.08443e-017 -0.807504 0.589862 3.65074e-017 1.98373 -0.345298</i>
                        <i>6.69083e-017 0.592851 0.805312 -1 1.11022e-016 0 -1.0455e-016 -0.805312 0.592851 3.64988e-017 1.98587 -0.344612</i>
                        <i>1.62662e-016 0.598156 0.801379 -1 2.22045e-016 0 -1.61017e-016 -0.801379 0.598156 -4.77166e-018 1.98807 -0.344304</i>
                        <i>1.77342e-016 0.605637 0.795741 -1 2.22045e-016 2.77556e-017 -1.3647e-016 -0.795741 0.605637 -4.71019e-018 1.99022 -0.344332</i>
                        <i>-1.39439e-017 0.614898 0.788607 -1 0 2.77556e-017 -2.39987e-017 -0.788607 0.614898 -4.68813e-018 1.99218 -0.344658</i>
                        <i>-2.75877e-017 0.625139 0.780514 -1 0 0 -4.81706e-017 -0.780514 0.625139 -4.69717e-018 1.9938 -0.345218</i>
                        <i>1.66196e-016 0.635495 0.772105 -1 2.22045e-016 0 -1.57366e-016 -0.772105 0.635495 3.65165e-017 1.99493 -0.345938</i>
                        <i>-2.68939e-017 0.645099 0.764099 -1 0 0 -4.85614e-017 -0.764099 0.645099 3.65894e-017 1.99541 -0.346735</i>
                        <i>-3.98153e-017 0.653702 0.756752 -1 0 -2.77556e-017 -7.31306e-017 -0.756752 0.653702 -4.58823e-018 1.99522 -0.347659</i>
                        <i>7.16455e-017 0.661375 0.750056 -1 1.11022e-016 0 -1.01363e-016 -0.750056 0.661375 -4.50376e-018 1.9945 -0.348735</i>
                        <i>7.22551e-017 0.668173 0.744006 -1 1.11022e-016 0 -1.00929e-016 -0.744006 0.668173 -4.48933e-018 1.99336 -0.349953</i>
                        <i>-3.84997e-017 0.674122 0.73862 -1 0 -2.77556e-017 -7.38317e-017 -0.73862 0.674122 -4.40527e-018 1.9919 -0.351299</i>
                        <i>8.592e-017 0.679222 0.733933 -1 1.11022e-016 2.77556e-017 -7.55915e-017 -0.733933 0.679222 -4.45854e-018 1.99021 -0.352758</i>
                        <i>-1.26634e-017 0.683462 0.729986 -1 0 2.77556e-017 -2.46984e-017 -0.729986 0.683462 -4.45153e-018 1.98841 -0.354324</i>
                        <i>-3.7905e-017 0.686828 0.72682 -1 0 -2.77556e-017 -7.41388e-017 -0.72682 0.686828 -4.53357e-018 1.98661 -0.356</i>
                        <i>1.849e-016 0.688631 0.725112 -1 2.22045e-016 2.77556e-017 -1.2604e-016 -0.725112 0.688631 -4.60348e-018 1.98491 -0.357709</i>
                        <i>9.85747e-017 0.689044 0.724719 -1 1.11022e-016 0 -5.10781e-017 -0.724719 0.689044 -4.70589e-018 1.98347 -0.35949</i>
                        <i>7.24397e-017 0.688315 0.725412 -1 1.11022e-016 0 -1.00796e-016 -0.725412 0.688315 3.64558e-017 1.98226 -0.361221</i>
                        <i>-1.30774e-017 0.686063 0.727542 -1 0 2.77556e-017 -2.44817e-017 -0.727542 0.686063 -5.15067e-018 1.98114 -0.36261</i>
                        <i>7.10564e-017 0.682246 0.731123 -1 1.11022e-016 0 -1.01776e-016 -0.731123 0.682246 3.63441e-017 1.98015 -0.363574</i>
                        <i>1.6746e-016 0.676588 0.736361 -1 2.22045e-016 0 -1.56021e-016 -0.736361 0.676588 -5.47596e-018 1.97933 -0.364004</i>
                        <i>1.66219e-016 0.668386 0.743814 -1 2.22045e-016 -2.77556e-017 -1.57342e-016 -0.743814 0.668386 3.6293e-017 1.97867 -0.363733</i>
                        <i>-1.384e-017 0.655829 0.75491 -1 0 2.77556e-017 -2.40588e-017 -0.75491 0.655829 -5.62763e-018 1.9781 -0.362435</i>
                    </KeyFrames>
                </p>
            </i>
            <i>
                <p>
                    <Name><![CDATA[spine2]]></Name>
                    <Exclude>0</Exclude>
                    <Additive>0</Additive>
                    <IKPriority>0</IKPriority>
                    <IKRotLimits>-1e+010 -1e+010 -1e+010 1e+010 1e+010 1e+010</IKRotLimits>
                    <IKRotLimitOrder>0</IKRotLimitOrder>
                    <KeyFrames count="31">
                        <i>-2.04159e-017 0.399356 0.916796 -1 0 2.77556e-017 -1.88032e-017 -0.916796 0.399356 3.46299e-018 2.0915 -0.231315</i>
                        <i>1.50377e-016 0.38946 0.921043 -1 2.22045e-016 5.55112e-017 -1.63372e-016 -0.921043 0.38946 3.80542e-018 2.08875 -0.227332</i>
                        <i>1.30559e-016 0.382296 0.92404 -1 2.22045e-016 2.77556e-017 -1.81738e-016 -0.92404 0.382296 4.02861e-018 2.0864 -0.22337</i>
                        <i>9.0992e-017 0.37683 0.926282 -1 2.22045e-016 -2.77556e-017 -2.18992e-016 -0.926282 0.37683 4.0621e-018 2.08449 -0.219524</i>
                        <i>9.23221e-017 0.372504 0.928031 -1 2.22045e-016 0 -2.18435e-016 -0.928031 0.372504 5.47479e-018 2.08306 -0.215901</i>
                        <i>-2.00316e-017 0.368868 0.929482 -1 0 2.77556e-017 -1.92122e-017 -0.929482 0.368868 5.62408e-018 2.08217 -0.212626</i>
                        <i>1.14481e-016 0.365309 0.930886 -1 2.22045e-016 0 -1.9819e-016 -0.930886 0.365309 5.75097e-018 2.08191 -0.209858</i>
                        <i>9.42344e-017 0.359628 0.933096 -1 2.22045e-016 -2.77556e-017 -2.17617e-016 -0.933096 0.359628 5.91169e-018 2.08263 -0.207902</i>
                        <i>5.63792e-017 0.35198 0.936008 -1 1.11022e-016 2.77556e-017 -9.95877e-017 -0.936008 0.35198 7.83489e-017 2.08437 -0.206908</i>
                        <i>3.49967e-017 0.343955 0.938986 -1 1.11022e-016 0 -1.19091e-016 -0.938986 0.343955 7.83504e-017 2.08691 -0.206751</i>
                        <i>1.08178e-016 0.336322 0.941747 -1 2.22045e-016 0 -2.017e-016 -0.941747 0.336322 4.84494e-018 2.08995 -0.207223</i>
                        <i>1.26565e-016 0.330482 0.943812 -1 2.22045e-016 2.77556e-017 -1.84541e-016 -0.943812 0.330482 4.74232e-018 2.09333 -0.208285</i>
                        <i>-2.09427e-017 0.327498 0.944852 -1 0 2.77556e-017 -1.82147e-017 -0.944852 0.327498 4.45206e-018 2.09684 -0.209876</i>
                        <i>-4.21128e-017 0.328016 0.944672 -1 0 0 -3.61663e-017 -0.944672 0.328016 4.34246e-018 2.10018 -0.211856</i>
                        <i>1.02328e-016 0.332993 0.942929 -1 2.22045e-016 0 -2.0473e-016 -0.942929 0.332993 7.82697e-017 2.10304 -0.214069</i>
                        <i>-4.19326e-017 0.343527 0.939143 -1 0 0 -3.63751e-017 -0.939143 0.343527 7.79712e-017 2.10506 -0.216337</i>
                        <i>-6.22553e-017 0.358348 0.933588 -1 0 -2.77556e-017 -5.52958e-017 -0.933588 0.358348 3.95906e-018 2.10625 -0.218638</i>
                        <i>3.40393e-017 0.375696 0.926743 -1 1.11022e-016 0 -1.19368e-016 -0.926743 0.375696 2.73206e-018 2.10674 -0.220968</i>
                        <i>3.60532e-017 0.394142 0.919049 -1 1.11022e-016 0 -1.18775e-016 -0.919049 0.394142 2.67018e-018 2.10668 -0.223305</i>
                        <i>-5.94588e-017 0.412442 0.910984 -1 0 -2.77556e-017 -5.82924e-017 -0.910984 0.412442 3.56814e-018 2.10618 -0.225619</i>
                        <i>5.94685e-017 0.42945 0.903091 -1 1.11022e-016 2.77556e-017 -9.77744e-017 -0.903091 0.42945 3.62079e-018 2.10536 -0.227881</i>
                        <i>-1.92448e-017 0.44405 0.896002 -1 0 2.77556e-017 -2.00002e-017 -0.896002 0.44405 2.29432e-018 2.10433 -0.230069</i>
                        <i>-5.72007e-017 0.455065 0.890458 -1 0 -2.77556e-017 -6.05097e-017 -0.890458 0.455065 2.2515e-018 2.1032 -0.232169</i>
                        <i>1.42675e-016 0.460435 0.887693 -1 2.22045e-016 2.77556e-017 -1.72389e-016 -0.887693 0.460435 3.44017e-018 2.102 -0.233958</i>
                        <i>8.0346e-017 0.458748 0.888567 -1 1.11022e-016 0 -7.6619e-017 -0.888567 0.458748 3.24133e-018 2.10094 -0.23547</i>
                        <i>4.05922e-017 0.452142 0.891946 -1 1.11022e-016 0 -1.17302e-016 -0.891946 0.452142 7.80576e-017 2.09998 -0.23667</i>
                        <i>-1.96515e-017 0.443933 0.89606 -1 0 2.77556e-017 -1.96008e-017 -0.89606 0.443933 3.17057e-018 2.09884 -0.237292</i>
                        <i>3.76464e-017 0.434499 0.900672 -1 1.11022e-016 0 -1.1828e-016 -0.900672 0.434499 7.82562e-017 2.09753 -0.237268</i>
                        <i>1.12826e-016 0.423998 0.905663 -1 2.22045e-016 0 -1.99137e-016 -0.905663 0.423998 2.18864e-018 2.09601 -0.236475</i>
                        <i>1.10909e-016 0.412403 0.911002 -1 2.22045e-016 -2.77556e-017 -2.00211e-016 -0.911002 0.412403 7.72603e-017 2.09414 -0.23467</i>
                        <i>-2.04159e-017 0.399356 0.916796 -1 0 2.77556e-017 -1.88032e-017 -0.916796 0.399356 3.46299e-018 2.0915 -0.231315</i>
                    </KeyFrames>
                </p>
            </i>
            <i>
                <p>
                    <Name><![CDATA[head]]></Name>
                    <Exclude>0</Exclude>
                    <Additive>0</Additive>
                    <IKPriority>0</IKPriority>
                    <IKRotLimits>-1e+010 -1e+010 -1e+010 1e+010 1e+010 1e+010</IKRotLimits>
                    <IKRotLimitOrder>0</IKRotLimitOrder>
                    <KeyFrames count="31">
                        <i>-1.11937e-016 0.933601 0.358315 2.77405e-017 0.358315 -0.933601 -1 -2.47907e-016 1.46455e-017 3.19008e-019 2.20719 0.009631</i>
                        <i>5.54888e-017 0.936552 0.35053 -2.18896e-016 0.35053 -0.936552 -1 -6.3105e-017 2.36356e-016 3.19001e-019 2.20233 0.0144432</i>
                        <i>1.11249e-016 0.940544 0.339671 2.58733e-017 0.339671 -0.940544 -1 2.22045e-016 2.77556e-017 3.19007e-019 2.19865 0.0187496</i>
                        <i>1.69089e-016 0.944696 0.327946 7.61042e-017 0.327946 -0.944696 -1 2.42963e-016 2.36634e-017 3.19011e-019 2.19585 0.0226606</i>
                        <i>5.97171e-017 0.948463 0.316889 7.10481e-017 0.316889 -0.948463 -1 1.19013e-016 4.13563e-017 3.19009e-019 2.19377 0.0261913</i>
                        <i>-5.34673e-017 0.951406 0.307939 2.76802e-017 0.307939 -0.951406 -1 2.04763e-017 7.93522e-017 3.19008e-019 2.19231 0.0293236</i>
                        <i>1.7052e-016 0.95302 0.302908 3.59893e-017 0.302908 -0.95302 -1 2.42323e-016 5.16746e-017 3.19011e-019 2.19133 0.0320404</i>
                        <i>1.729e-016 0.951412 0.307922 -1.58282e-016 0.307922 -0.951412 -1 3.48192e-017 1.03895e-016 3.19004e-019 2.1904 0.0344724</i>
                        <i>5.71914e-017 0.946078 0.323938 1.98611e-017 0.323938 -0.946078 -1 1.30561e-016 7.97144e-017 3.19003e-019 2.18959 0.036458</i>
                        <i>5.7843e-017 0.937859 0.347017 -6.04429e-017 0.347017 -0.937859 -1 2.58672e-017 9.03109e-017 3.19013e-019 2.18921 0.037814</i>
                        <i>1.67109e-016 0.927299 0.374321 -5.78666e-017 0.374321 -0.927299 -1 1.36159e-016 8.96167e-017 3.19007e-019 2.18926 0.0385822</i>
                        <i>1.65749e-016 0.915381 0.402589 -7.75824e-017 0.402589 -0.915381 -1 1.35606e-016 1.16839e-016 3.18999e-019 2.19005 0.0385926</i>
                        <i>-5.7211e-017 0.903268 0.429077 -3.05363e-016 0.429077 -0.903268 -1 -2.96519e-016 1.89284e-016 3.19008e-019 2.19175 0.0377613</i>
                        <i>-6.06711e-017 0.892263 0.451516 -1.66774e-016 0.451516 -0.892263 -1 -1.91551e-016 1.25274e-016 3.19007e-019 2.19435 0.0361211</i>
                        <i>1.58526e-016 0.884149 0.467204 8.10768e-017 0.467204 -0.884149 -1 2.40529e-016 5.23431e-017 3.19002e-019 2.19791 0.0336684</i>
                        <i>-6.26551e-017 0.88095 0.47321 -1.66995e-016 0.47321 -0.88095 -1 -1.89462e-016 1.28411e-016 3.19011e-019 2.20253 0.0303672</i>
                        <i>-6.63033e-017 0.882455 0.470397 -2.50503e-016 0.470397 -0.882455 -1 -2.91055e-016 1.43423e-016 3.19008e-019 2.2078 0.0263628</i>
                        <i>4.79146e-017 0.887678 0.460465 6.86335e-017 0.460465 -0.887678 -1 1.31878e-016 5.14446e-017 3.19009e-019 2.21331 0.0218479</i>
                        <i>-6.64551e-018 0.895412 0.445238 -4.3844e-017 0.445238 -0.895412 -1 8.98732e-018 4.37586e-017 3.1901e-019 2.2187 0.0170094</i>
                        <i>-6.30249e-017 0.904445 0.426591 -1.39118e-016 0.426591 -0.904445 -1 -1.79384e-016 1.14395e-016 3.19007e-019 2.22369 0.0120471</i>
                        <i>-2.24619e-018 0.913713 0.40636 -2.97513e-016 0.40636 -0.913713 -1 -1.89767e-016 1.70791e-016 3.19007e-019 2.22802 0.00718581</i>
                        <i>-5.6962e-017 0.922292 0.386494 2.77176e-017 0.386494 -0.922292 -1 2.46497e-017 7.74937e-017 3.19008e-019 2.23144 0.00268165</i>
                        <i>-5.85978e-017 0.929355 0.369188 -2.78128e-017 0.369188 -0.929355 -1 -7.35996e-017 7.21971e-017 3.19007e-019 2.23369 -0.00117236</i>
                        <i>1.65651e-016 0.933844 0.357679 3.40816e-017 0.357679 -0.933844 -1 2.47604e-016 7.70324e-017 3.1902e-019 2.23419 -0.00370937</i>
                        <i>-5.07116e-020 0.934914 0.354873 3.35526e-018 0.354873 -0.934914 -1 1.23716e-017 5.09312e-017 3.19003e-019 2.23268 -0.00460068</i>
                        <i>5.33184e-017 0.933876 0.357598 -1.62349e-016 0.357598 -0.933876 -1 -6.19305e-017 1.49909e-016 3.19007e-019 2.22977 -0.00425818</i>
                        <i>-5.67386e-017 0.932919 0.360087 2.77284e-017 0.360087 -0.932919 -1 2.46432e-017 7.74969e-017 3.19008e-019 2.22627 -0.00316662</i>
                        <i>5.27264e-017 0.932255 0.361801 -1.61282e-016 0.361801 -0.932255 -1 -6.48475e-017 1.46476e-016 3.1901e-019 2.22231 -0.00136277</i>
                        <i>1.08088e-016 0.932027 0.362388 -2.66917e-016 0.362388 -0.932027 -1 -3.25286e-017 2.41768e-016 3.18999e-019 2.21792 0.00120625</i>
                        <i>1.63873e-016 0.932388 0.361459 -1.56807e-016 0.361459 -0.932388 -1 4.26545e-017 1.14387e-016 3.18998e-019 2.213 0.00471625</i>
                        <i>-1.11937e-016 0.933601 0.358315 2.77405e-017 0.358315 -0.933601 -1 -2.47907e-016 1.46455e-017 3.19008e-019 2.20719 0.009631</i>
                    </KeyFrames>
                </p>
            </i>
            <i>
                <p>
                    <Name><![CDATA[head_prop]]></Name>
                    <Exclude>0</Exclude>
                    <Additive>0</Additive>
                    <IKPriority>0</IKPriority>
                    <IKRotLimits>-1e+010 -1e+010 -1e+010 1e+010 1e+010 1e+010</IKRotLimits>
                    <IKRotLimitOrder>0</IKRotLimitOrder>
                    <KeyFrames count="31">
                        <i>1 4.55208e-016 6.49164e-017 -3.33982e-016 0.933601 0.358315 -2.77405e-017 -0.358315 0.933601 6.85459e-017 2.51146 0.126409</i>
                        <i>1 2.71061e-016 -1.58522e-016 -1.66556e-016 0.936552 0.35053 2.18896e-016 -0.35053 0.936552 6.8408e-017 2.50756 0.128684</i>
                        <i>1 -1.32018e-017 4.76665e-017 -1.10795e-016 0.940544 0.339671 -2.58733e-017 -0.339671 0.940544 8.62259e-017 2.50519 0.129451</i>
                        <i>1 -3.31981e-017 4.91552e-017 -5.29555e-017 0.944696 0.327946 -7.61042e-017 -0.327946 0.944696 1.04139e-016 2.50374 0.129541</i>
                        <i>1 9.15885e-017 2.90073e-017 -1.62327e-016 0.948463 0.316889 -7.10481e-017 -0.316889 0.948463 6.73303e-017 2.50289 0.129468</i>
                        <i>1 1.90778e-016 -1.09759e-017 -2.75512e-016 0.951406 0.307939 -2.76802e-017 -0.307939 0.951406 8.64964e-017 2.50238 0.129684</i>
                        <i>1 -3.07105e-017 1.55846e-017 -5.15247e-017 0.95302 0.302908 -3.59893e-017 -0.302908 0.95302 1.03879e-016 2.50193 0.130761</i>
                        <i>1 1.76437e-016 -3.55228e-017 -4.91449e-017 0.951412 0.307922 1.58282e-016 -0.307922 0.951412 6.76973e-017 2.50047 0.134827</i>
                        <i>1 7.95105e-017 -7.78581e-018 -1.64853e-016 0.946078 0.323938 -1.98611e-017 -0.323938 0.946078 1.03296e-016 2.49793 0.142032</i>
                        <i>1 1.82379e-016 -1.32576e-017 -1.64202e-016 0.937859 0.347017 6.04429e-017 -0.347017 0.937859 8.57736e-017 2.49486 0.15091</i>
                        <i>1 6.97425e-017 -6.50077e-018 -5.49355e-017 0.927299 0.374321 5.78666e-017 -0.374321 0.927299 6.81166e-017 2.49147 0.160577</i>
                        <i>1 6.76495e-017 -2.74458e-017 -5.62958e-017 0.915381 0.402589 7.75824e-017 -0.402589 0.915381 5.04884e-017 2.48838 0.1698</i>
                        <i>1 4.97085e-016 -9.40098e-017 -2.79256e-016 0.903268 0.429077 3.05363e-016 -0.429077 0.903268 8.72668e-017 2.48613 0.177601</i>
                        <i>1 3.89673e-016 -2.50172e-017 -2.82716e-016 0.892263 0.451516 1.66774e-016 -0.451516 0.892263 6.97829e-017 2.48514 0.183274</i>
                        <i>1 -4.42088e-017 5.1397e-017 -6.35187e-017 0.884149 0.467204 -8.10768e-017 -0.467204 0.884149 8.78526e-017 2.48606 0.185934</i>
                        <i>1 3.85072e-016 -2.33375e-017 -2.847e-016 0.88095 0.47321 1.66995e-016 -0.47321 0.88095 7.05563e-017 2.48963 0.184591</i>
                        <i>1 4.86999e-016 -3.89737e-017 -2.88348e-016 0.882455 0.470397 2.50503e-016 -0.470397 0.882455 7.05773e-017 2.4954 0.179669</i>
                        <i>1 6.52264e-017 5.07992e-017 -1.7413e-016 0.887678 0.460465 -6.86335e-017 -0.460465 0.887678 6.98511e-017 2.50261 0.171918</i>
                        <i>1 1.89834e-016 5.51041e-017 -2.2869e-016 0.895412 0.445238 4.3844e-017 -0.445238 0.895412 6.96088e-017 2.51052 0.162117</i>
                        <i>1 3.80211e-016 -1.96725e-017 -2.85069e-016 0.904445 0.426591 1.39118e-016 -0.426591 0.904445 6.97279e-017 2.51846 0.151077</i>
                        <i>1 3.92652e-016 -8.05612e-017 -2.24291e-016 0.913713 0.40636 2.97513e-016 -0.40636 0.913713 6.93519e-017 2.52581 0.139622</i>
                        <i>1 1.8014e-016 8.32524e-018 -2.79007e-016 0.922292 0.386494 -2.77176e-017 -0.386494 0.922292 6.85437e-017 2.53203 0.128644</i>
                        <i>1 2.79958e-016 9.77911e-018 -2.80642e-016 0.929355 0.369188 2.78128e-017 -0.369188 0.929355 5.06695e-017 2.53657 0.119149</i>
                        <i>1 -4.02488e-017 2.38832e-018 -5.63938e-017 0.933844 0.357679 -3.40816e-017 -0.357679 0.933844 6.82378e-017 2.53854 0.112862</i>
                        <i>1 1.95221e-016 2.78664e-017 -2.22095e-016 0.934914 0.354873 -3.35526e-018 -0.354873 0.934914 6.81047e-017 2.53738 0.111056</i>
                        <i>1 2.69293e-016 -7.05061e-017 -1.68726e-016 0.933876 0.357598 1.62349e-016 -0.357598 0.933876 6.86049e-017 2.53413 0.112286</i>
                        <i>1 1.82506e-016 2.45841e-018 -2.78783e-016 0.932919 0.360087 -2.77284e-017 -0.360087 0.932919 8.67707e-017 2.53032 0.114189</i>
                        <i>1 2.7185e-016 -6.61397e-017 -1.69318e-016 0.932255 0.361801 1.61282e-016 -0.361801 0.932255 6.89409e-017 2.52614 0.116551</i>
                        <i>1 2.3948e-016 -1.61302e-016 -1.13956e-016 0.932027 0.362388 2.66917e-016 -0.362388 0.932027 6.85105e-017 2.52167 0.119312</i>
                        <i>1 1.64377e-016 -3.41268e-017 -5.81719e-017 0.932388 0.361459 1.56807e-016 -0.361459 0.932388 1.58865e-016 2.51688 0.122519</i>
                        <i>1 4.55208e-016 6.49164e-017 -3.33982e-016 0.933601 0.358315 -2.77405e-017 -0.358315 0.933601 6.85459e-017 2.51146 0.126409</i>
                    </KeyFrames>
                </p>
            </i>
            <i>
                <p>
                    <Name><![CDATA[l_clav]]></Name>
                    <Exclude>0</Exclude>
                    <Additive>0</Additive>
                    <IKPriority>0</IKPriority>
                    <IKRotLimits>-1e+010 -1e+010 -1e+010 1e+010 1e+010 1e+010</IKRotLimits>
                    <IKRotLimitOrder>0</IKRotLimitOrder>
                    <KeyFrames count="31">
                        <i>0.962869 0.203746 0.17712 -0.262647 0.555196 0.78916 0.062452 -0.806378 0.588094 0.0860269 2.08973 -0.153514</i>
                        <i>0.958385 0.22843 0.171223 -0.272059 0.549097 0.790238 0.086496 -0.803935 0.588393 0.0860269 2.08582 -0.149378</i>
                        <i>0.953494 0.252231 0.165011 -0.281006 0.545879 0.789337 0.109019 -0.798997 0.59137 0.0860269 2.08246 -0.145299</i>
                        <i>0.948413 0.274409 0.158782 -0.289287 0.544132 0.787549 0.129712 -0.792856 0.595445 0.0860269 2.07966 -0.141386</i>
                        <i>0.943385 0.294403 0.152812 -0.296709 0.543035 0.785542 0.148283 -0.786409 0.599643 0.0860269 2.07744 -0.137756</i>
                        <i>0.938665 0.311714 0.147452 -0.303087 0.54187 0.78391 0.164456 -0.78052 0.603111 0.0860269 2.07585 -0.134543</i>
                        <i>0.934515 0.325821 0.143254 -0.308238 0.539623 0.783451 0.177962 -0.776304 0.604716 0.0860269 2.07501 -0.131922</i>
                        <i>0.931192 0.335795 0.141853 -0.311983 0.532876 0.786581 0.188541 -0.776714 0.600972 0.0860269 2.07519 -0.130274</i>
                        <i>0.928938 0.34131 0.143462 -0.314146 0.521571 0.793269 0.195925 -0.781966 0.591729 0.0860269 2.0765 -0.129748</i>
                        <i>0.92807 0.342552 0.146095 -0.313845 0.508257 0.801983 0.200467 -0.790147 0.579206 0.0860269 2.07875 -0.130154</i>
                        <i>0.928657 0.340022 0.148262 -0.310658 0.4945 0.811764 0.202702 -0.799909 0.564852 0.0860269 2.08165 -0.131222</i>
                        <i>0.930517 0.334402 0.149374 -0.305097 0.482122 0.821264 0.202616 -0.809774 0.550648 0.0860269 2.08508 -0.13286</i>
                        <i>0.933446 0.326287 0.149046 -0.297668 0.472694 0.82943 0.200179 -0.818595 0.538359 0.0860269 2.08888 -0.134955</i>
                        <i>0.937223 0.316175 0.14713 -0.288879 0.467547 0.835434 0.195353 -0.82549 0.529531 0.0860269 2.09272 -0.137331</i>
                        <i>0.941618 0.304606 0.143426 -0.279239 0.468556 0.838141 0.188099 -0.829259 0.526259 0.0860269 2.09628 -0.139782</i>
                        <i>0.946402 0.292106 0.13783 -0.269263 0.477852 0.836155 0.178384 -0.828451 0.530893 0.0860269 2.0992 -0.142079</i>
                        <i>0.951346 0.278569 0.13168 -0.259469 0.493792 0.829967 0.166181 -0.823753 0.542047 0.0860269 2.10143 -0.14422</i>
                        <i>0.956224 0.263853 0.126563 -0.250381 0.513802 0.820559 0.151478 -0.816326 0.557373 0.0860269 2.10306 -0.146257</i>
                        <i>0.960808 0.248036 0.123801 -0.242524 0.535771 0.808784 0.134278 -0.80711 0.574928 0.0860269 2.10418 -0.148212</i>
                        <i>0.964869 0.23136 0.124501 -0.236422 0.557881 0.795534 0.114598 -0.797021 0.59298 0.0860269 2.10485 -0.150096</i>
                        <i>0.968125 0.215168 0.128207 -0.232143 0.57864 0.781848 0.0940428 -0.786689 0.610145 0.0860269 2.10514 -0.151915</i>
                        <i>0.970475 0.200779 0.133662 -0.229355 0.596638 0.769038 0.0746586 -0.776989 0.625072 0.0860269 2.10509 -0.15368</i>
                        <i>0.971986 0.188374 0.140568 -0.227992 0.610269 0.758678 0.0571304 -0.769472 0.63612 0.0860269 2.10476 -0.155414</i>
                        <i>0.972751 0.177857 0.148737 -0.227993 0.617201 0.753048 0.0421343 -0.766439 0.640933 0.0860269 2.10403 -0.156913</i>
                        <i>0.972881 0.16905 0.157876 -0.229309 0.615375 0.754142 0.030335 -0.769893 0.637452 0.0860269 2.10304 -0.158248</i>
                        <i>0.972482 0.162748 0.166707 -0.231898 0.607437 0.759765 0.0223863 -0.777517 0.628463 0.0860269 2.10188 -0.159356</i>
                        <i>0.971636 0.160393 0.173776 -0.235724 0.598069 0.765995 0.0189303 -0.785231 0.618914 0.0860269 2.10037 -0.159885</i>
                        <i>0.970368 0.16265 0.178692 -0.240752 0.587765 0.77238 0.0205984 -0.792513 0.609507 0.0860269 2.09854 -0.159771</i>
                        <i>0.968624 0.170175 0.181129 -0.246947 0.576879 0.778607 0.0280094 -0.798907 0.600803 0.0860269 2.09633 -0.158889</i>
                        <i>0.966233 0.183638 0.180753 -0.254264 0.565802 0.784358 0.0417672 -0.803832 0.593389 0.0860269 2.09357 -0.156993</i>
                        <i>0.962869 0.203746 0.17712 -0.262647 0.555196 0.78916 0.062452 -0.806378 0.588094 0.0860269 2.08973 -0.153514</i>
                    </KeyFrames>
                </p>
            </i>
            <i>
                <p>
                    <Name><![CDATA[l_shoulder]]></Name>
                    <Exclude>0</Exclude>
                    <Additive>0</Additive>
                    <IKPriority>0</IKPriority>
                    <IKRotLimits>-1e+010 -1e+010 -1e+010 1e+010 1e+010 1e+010</IKRotLimits>
                    <IKRotLimitOrder>0</IKRotLimitOrder>
                    <KeyFrames count="31">
                        <i>0.814998 -0.565366 -0.127043 0.563308 0.721592 0.402478 -0.135874 -0.399583 0.906571 0.276269 2.12998 -0.118519</i>
                        <i>0.822503 -0.554062 -0.128469 0.551315 0.721154 0.41951 -0.139788 -0.415875 0.898614 0.275383 2.13095 -0.115548</i>
                        <i>0.828322 -0.544975 -0.12994 0.541678 0.719799 0.434137 -0.143063 -0.429991 0.891426 0.274417 2.13229 -0.112696</i>
                        <i>0.832782 -0.53778 -0.131402 0.534043 0.717866 0.446617 -0.145853 -0.442109 0.885024 0.273413 2.13387 -0.110014</i>
                        <i>0.836055 -0.532336 -0.132777 0.528222 0.71559 0.45707 -0.148301 -0.452271 0.879464 0.272419 2.1356 -0.107564</i>
                        <i>0.838285 -0.528531 -0.133915 0.524014 0.713133 0.465673 -0.150623 -0.46054 0.874766 0.271487 2.13744 -0.105409</i>
                        <i>0.839659 -0.526189 -0.134528 0.521061 0.710595 0.47281 -0.153193 -0.467097 0.870834 0.270667 2.13939 -0.103618</i>
                        <i>0.840767 -0.524605 -0.133794 0.518107 0.70794 0.479985 -0.157085 -0.472876 0.867014 0.27001 2.14154 -0.102247</i>
                        <i>0.841583 -0.523907 -0.131378 0.515059 0.705178 0.487276 -0.162642 -0.477751 0.863308 0.269565 2.14394 -0.101403</i>
                        <i>0.841765 -0.524616 -0.127318 0.512544 0.702601 0.493609 -0.169501 -0.480759 0.860314 0.269394 2.14643 -0.101289</i>
                        <i>0.841151 -0.526849 -0.122046 0.511018 0.700466 0.498204 -0.176989 -0.481433 0.858427 0.269509 2.14883 -0.101929</i>
                        <i>0.838796 -0.531862 -0.116379 0.51237 0.698848 0.499087 -0.184114 -0.478262 0.858701 0.269877 2.15116 -0.103347</i>
                        <i>0.834158 -0.540231 -0.111045 0.517804 0.697794 0.494937 -0.189893 -0.470355 0.861804 0.270456 2.15335 -0.105507</i>
                        <i>0.827489 -0.551305 -0.106422 0.527036 0.697278 0.485836 -0.193638 -0.458112 0.867547 0.271202 2.15519 -0.108262</i>
                        <i>0.818993 -0.564491 -0.102959 0.539835 0.697182 0.471715 -0.194498 -0.441912 0.875719 0.27207 2.15646 -0.111444</i>
                        <i>0.808871 -0.579215 -0.101179 0.555915 0.697291 0.452485 -0.191535 -0.422249 0.886013 0.273015 2.15692 -0.114847</i>
                        <i>0.797889 -0.594277 -0.101034 0.573756 0.697295 0.429632 -0.18487 -0.400767 0.897334 0.273992 2.15647 -0.118203</i>
                        <i>0.786847 -0.608601 -0.102353 0.591766 0.696963 0.405037 -0.17517 -0.379271 0.908553 0.274956 2.15519 -0.121251</i>
                        <i>0.776425 -0.621379 -0.105129 0.608726 0.696266 0.38035 -0.163144 -0.359308 0.918848 0.275862 2.15318 -0.123752</i>
                        <i>0.767239 -0.631952 -0.10946 0.623691 0.695368 0.357033 -0.149513 -0.342199 0.927656 0.276664 2.15056 -0.125497</i>
                        <i>0.759666 -0.640144 -0.114556 0.635978 0.694518 0.336418 -0.135795 -0.32842 0.934719 0.277307 2.14765 -0.126584</i>
                        <i>0.7541 -0.64584 -0.119269 0.644999 0.694067 0.319761 -0.123733 -0.31806 0.939962 0.277772 2.14476 -0.127272</i>
                        <i>0.751183 -0.6485 -0.123173 0.650107 0.694486 0.308302 -0.114392 -0.311667 0.943281 0.27807 2.14198 -0.127641</i>
                        <i>0.751876 -0.647028 -0.126637 0.650371 0.696365 0.30347 -0.108168 -0.310533 0.944388 0.278221 2.13917 -0.127525</i>
                        <i>0.756454 -0.641176 -0.129118 0.645434 0.69987 0.305936 -0.105793 -0.314763 0.943256 0.278247 2.13645 -0.127055</i>
                        <i>0.763959 -0.631995 -0.130185 0.636329 0.704429 0.314429 -0.107012 -0.323051 0.940312 0.278168 2.13403 -0.126418</i>
                        <i>0.773035 -0.620815 -0.130404 0.624676 0.709187 0.326854 -0.110435 -0.33413 0.936035 0.278001 2.13206 -0.125551</i>
                        <i>0.783099 -0.60822 -0.129709 0.611022 0.71365 0.342571 -0.115791 -0.347522 0.930495 0.277751 2.13067 -0.124465</i>
                        <i>0.79365 -0.594693 -0.128293 0.595891 0.717385 0.360934 -0.12261 -0.362904 0.923725 0.277406 2.12996 -0.123102</i>
                        <i>0.804315 -0.580515 -0.126804 0.579809 0.720065 0.381218 -0.129996 -0.380142 0.915747 0.276934 2.12986 -0.12128</i>
                        <i>0.814998 -0.565366 -0.127043 0.563308 0.721592 0.402478 -0.135874 -0.399583 0.906571 0.276269 2.12998 -0.118519</i>
                    </KeyFrames>
                </p>
            </i>
            <i>
                <p>
                    <Name><![CDATA[l_elbow]]></Name>
                    <Exclude>0</Exclude>
                    <Additive>0</Additive>
                    <IKPriority>0</IKPriority>
                    <IKRotLimits>-1e+010 -1e+010 -1e+010 1e+010 1e+010 1e+010</IKRotLimits>
                    <IKRotLimitOrder>0</IKRotLimitOrder>
                    <KeyFrames count="31">
