<?xml version="1.0" encoding="ISO-8859-1" ?>
<Animl Version="1">
    <ModellingPackage><![CDATA[Maya.2010]]></ModellingPackage>
    <SrcFile><![CDATA[anims\vehicles\blue\~src\land\tank_m1a1abrams\tank_m1a1abrams_idle_crewman_a.mb]]></SrcFile>
    <FramesPerSecond>30</FramesPerSecond>
    <TotalFrames>41</TotalFrames>
    <Skeleton>
        <RefFrame>
            <Name><![CDATA[soldier_ref_frame]]></Name>
            <Exclude>0</Exclude>
            <Additive>0</Additive>
            <IKPriority>0</IKPriority>
            <IKRotLimits>-1e+010 -1e+010 -1e+010 1e+010 1e+010 1e+010</IKRotLimits>
            <IKRotLimitOrder>0</IKRotLimitOrder>
            <KeyFrames count="41">
                <i>1 0 0 0 1 0 0 0 1 -1.09 0.43 -0.28</i>
                <i>1 0 0 0 1 0 0 0 1 -1.09 0.43 -0.28</i>
                <i>1 0 0 0 1 0 0 0 1 -1.09 0.43 -0.28</i>
                <i>1 0 0 0 1 0 0 0 1 -1.09 0.43 -0.28</i>
                <i>1 0 0 0 1 0 0 0 1 -1.09 0.43 -0.28</i>
                <i>1 0 0 0 1 0 0 0 1 -1.09 0.43 -0.28</i>
                <i>1 0 0 0 1 0 0 0 1 -1.09 0.43 -0.28</i>
                <i>1 0 0 0 1 0 0 0 1 -1.09 0.43 -0.28</i>
                <i>1 0 0 0 1 0 0 0 1 -1.09 0.43 -0.28</i>
                <i>1 0 0 0 1 0 0 0 1 -1.09 0.43 -0.28</i>
                <i>1 0 0 0 1 0 0 0 1 -1.09 0.43 -0.28</i>
                <i>1 0 0 0 1 0 0 0 1 -1.09 0.43 -0.28</i>
                <i>1 0 0 0 1 0 0 0 1 -1.09 0.43 -0.28</i>
                <i>1 0 0 0 1 0 0 0 1 -1.09 0.43 -0.28</i>
                <i>1 0 0 0 1 0 0 0 1 -1.09 0.43 -0.28</i>
                <i>1 0 0 0 1 0 0 0 1 -1.09 0.43 -0.28</i>
                <i>1 0 0 0 1 0 0 0 1 -1.09 0.43 -0.28</i>
                <i>1 0 0 0 1 0 0 0 1 -1.09 0.43 -0.28</i>
                <i>1 0 0 0 1 0 0 0 1 -1.09 0.43 -0.28</i>
                <i>1 0 0 0 1 0 0 0 1 -1.09 0.43 -0.28</i>
                <i>1 0 0 0 1 0 0 0 1 -1.09 0.43 -0.28</i>
                <i>1 0 0 0 1 0 0 0 1 -1.09 0.43 -0.28</i>
                <i>1 0 0 0 1 0 0 0 1 -1.09 0.43 -0.28</i>
                <i>1 0 0 0 1 0 0 0 1 -1.09 0.43 -0.28</i>
                <i>1 0 0 0 1 0 0 0 1 -1.09 0.43 -0.28</i>
                <i>1 0 0 0 1 0 0 0 1 -1.09 0.43 -0.28</i>
                <i>1 0 0 0 1 0 0 0 1 -1.09 0.43 -0.28</i>
                <i>1 0 0 0 1 0 0 0 1 -1.09 0.43 -0.28</i>
                <i>1 0 0 0 1 0 0 0 1 -1.09 0.43 -0.28</i>
                <i>1 0 0 0 1 0 0 0 1 -1.09 0.43 -0.28</i>
                <i>1 0 0 0 1 0 0 0 1 -1.09 0.43 -0.28</i>
                <i>1 0 0 0 1 0 0 0 1 -1.09 0.43 -0.28</i>
                <i>1 0 0 0 1 0 0 0 1 -1.09 0.43 -0.28</i>
                <i>1 0 0 0 1 0 0 0 1 -1.09 0.43 -0.28</i>
                <i>1 0 0 0 1 0 0 0 1 -1.09 0.43 -0.28</i>
                <i>1 0 0 0 1 0 0 0 1 -1.09 0.43 -0.28</i>
                <i>1 0 0 0 1 0 0 0 1 -1.09 0.43 -0.28</i>
                <i>1 0 0 0 1 0 0 0 1 -1.09 0.43 -0.28</i>
                <i>1 0 0 0 1 0 0 0 1 -1.09 0.43 -0.28</i>
                <i>1 0 0 0 1 0 0 0 1 -1.09 0.43 -0.28</i>
                <i>1 0 0 0 1 0 0 0 1 -1.09 0.43 -0.28</i>
            </KeyFrames>
        </RefFrame>
        <Bones count="23">
            <i>
                <p>
                    <Name><![CDATA[pelvis]]></Name>
                    <Exclude>0</Exclude>
                    <Additive>0</Additive>
                    <IKPriority>0</IKPriority>
                    <IKRotLimits>-1e+010 -1e+010 -1e+010 1e+010 1e+010 1e+010</IKRotLimits>
                    <IKRotLimitOrder>2</IKRotLimitOrder>
                    <KeyFrames count="41">
                        <i>1 0 0 0 1 0 0 0 1 -1.15547 1.59266 -0.28077</i>
                        <i>1 0 0 0 1 0 0 0 1 -1.15547 1.5916 -0.281134</i>
                        <i>1 0 0 0 1 0 0 0 1 -1.15547 1.58878 -0.281547</i>
                        <i>1 0 0 0 1 0 0 0 1 -1.15547 1.5847 -0.281984</i>
                        <i>1 0 0 0 1 0 0 0 1 -1.15547 1.57986 -0.282422</i>
                        <i>1 0 0 0 1 0 0 0 1 -1.15547 1.57476 -0.282835</i>
                        <i>1 0 0 0 1 0 0 0 1 -1.15547 1.56992 -0.283199</i>
                        <i>1 0 0 0 1 0 0 0 1 -1.15547 1.56584 -0.283489</i>
                        <i>1 0 0 0 1 0 0 0 1 -1.15547 1.56302 -0.283681</i>
                        <i>1 0 0 0 1 0 0 0 1 -1.15547 1.56196 -0.283751</i>
                        <i>1 0 0 0 1 0 0 0 1 -1.15547 1.56268 -0.283683</i>
                        <i>1 0 0 0 1 0 0 0 1 -1.15547 1.56463 -0.283497</i>
                        <i>1 0 0 0 1 0 0 0 1 -1.15547 1.56755 -0.28322</i>
                        <i>1 0 0 0 1 0 0 0 1 -1.15547 1.57115 -0.282875</i>
                        <i>1 0 0 0 1 0 0 0 1 -1.15547 1.57518 -0.28249</i>
                        <i>1 0 0 0 1 0 0 0 1 -1.15547 1.57934 -0.282091</i>
                        <i>1 0 0 0 1 0 0 0 1 -1.15547 1.58337 -0.281702</i>
                        <i>1 0 0 0 1 0 0 0 1 -1.15547 1.587 -0.281349</i>
                        <i>1 0 0 0 1 0 0 0 1 -1.15547 1.58993 -0.281059</i>
                        <i>1 0 0 0 1 0 0 0 1 -1.15547 1.59191 -0.280858</i>
                        <i>1 0 0 0 1 0 0 0 1 -1.15547 1.59266 -0.28077</i>
                        <i>1 0 0 0 1 0 0 0 1 -1.15547 1.59185 -0.280823</i>
                        <i>1 0 0 0 1 0 0 0 1 -1.15547 1.58959 -0.281004</i>
                        <i>1 0 0 0 1 0 0 0 1 -1.15547 1.58624 -0.281281</i>
                        <i>1 0 0 0 1 0 0 0 1 -1.15547 1.58217 -0.281624</i>
                        <i>1 0 0 0 1 0 0 0 1 -1.15547 1.57773 -0.282001</i>
                        <i>1 0 0 0 1 0 0 0 1 -1.15547 1.57329 -0.28238</i>
                        <i>1 0 0 0 1 0 0 0 1 -1.15547 1.56921 -0.282729</i>
                        <i>1 0 0 0 1 0 0 0 1 -1.15547 1.56584 -0.283018</i>
                        <i>1 0 0 0 1 0 0 0 1 -1.15547 1.56356 -0.283214</i>
                        <i>1 0 0 0 1 0 0 0 1 -1.15547 1.56272 -0.283287</i>
                        <i>1 0 0 0 1 0 0 0 1 -1.15547 1.56355 -0.283239</i>
                        <i>1 0 0 0 1 0 0 0 1 -1.15547 1.56583 -0.283105</i>
                        <i>1 0 0 0 1 0 0 0 1 -1.15547 1.56918 -0.282902</i>
                        <i>1 0 0 0 1 0 0 0 1 -1.15547 1.57325 -0.282642</i>
                        <i>1 0 0 0 1 0 0 0 1 -1.15547 1.57769 -0.282343</i>
                        <i>1 0 0 0 1 0 0 0 1 -1.15547 1.58212 -0.282018</i>
                        <i>1 0 0 0 1 0 0 0 1 -1.15547 1.58619 -0.281684</i>
                        <i>1 0 0 0 1 0 0 0 1 -1.15547 1.58954 -0.281354</i>
                        <i>1 0 0 0 1 0 0 0 1 -1.15547 1.59182 -0.281044</i>
                        <i>1 0 0 0 1 0 0 0 1 -1.15547 1.59266 -0.28077</i>
                    </KeyFrames>
                </p>
            </i>
            <i>
                <p>
                    <Name><![CDATA[spine0]]></Name>
                    <Exclude>0</Exclude>
                    <Additive>0</Additive>
                    <IKPriority>0</IKPriority>
                    <IKRotLimits>-1e+010 -1e+010 -1e+010 1e+010 1e+010 1e+010</IKRotLimits>
                    <IKRotLimitOrder>0</IKRotLimitOrder>
                    <KeyFrames count="41">
                        <i>-0.0454616 0.95977 0.277083 -0.998925 -0.0461952 -0.00388294 0.0090732 -0.276962 0.960838 -1.15547 1.73184 -0.317137</i>
                        <i>-0.0464606 0.95992 0.276396 -0.998869 -0.0474551 -0.00309339 0.010147 -0.276228 0.961039 -1.15547 1.73009 -0.320107</i>
                        <i>-0.0475775 0.96096 0.272565 -0.998804 -0.0488517 -0.0021135 0.0112843 -0.272339 0.962135 -1.15547 1.72638 -0.323537</i>
                        <i>-0.0487128 0.962448 0.267061 -0.998736 -0.050262 -0.00103587 0.0124261 -0.266774 0.963679 -1.15547 1.72131 -0.327077</i>
                        <i>-0.0497732 0.963962 0.261341 -0.998669 -0.0515719 2.46197e-005 0.0135016 -0.260992 0.965246 -1.15547 1.71549 -0.330385</i>
                        <i>-0.0506706 0.965122 0.25685 -0.998611 -0.0526769 0.000932233 0.0144298 -0.256446 0.966451 -1.15547 1.70955 -0.333126</i>
                        <i>-0.0513194 0.965571 0.255026 -0.998568 -0.0534791 0.00153676 0.0151224 -0.254582 0.966933 -1.15547 1.70414 -0.334973</i>
                        <i>-0.0515943 0.965393 0.255646 -0.99855 -0.0538119 0.00168247 0.015381 -0.255188 0.966769 -1.15547 1.69993 -0.335603</i>
                        <i>-0.0515179 0.965072 0.256868 -0.998559 -0.0536526 0.00130405 0.0150401 -0.256431 0.966446 -1.15547 1.69747 -0.334861</i>
                        <i>-0.0512465 0.964733 0.258194 -0.998585 -0.0531848 0.000523468 0.014237 -0.257802 0.966093 -1.15547 1.69714 -0.332981</i>
                        <i>-0.0508126 0.964324 0.259802 -0.998622 -0.0524784 -0.00052508 0.0131277 -0.259471 0.965662 -1.15547 1.6988 -0.330221</i>
                        <i>-0.0502488 0.963799 0.261852 -0.998666 -0.051602 -0.00171004 0.011864 -0.261589 0.965106 -1.15547 1.70179 -0.326876</i>
                        <i>-0.0495874 0.963129 0.264429 -0.998714 -0.0506208 -0.00290921 0.0105837 -0.264233 0.964401 -1.15547 1.70572 -0.323255</i>
                        <i>-0.0488562 0.962402 0.2672 -0.998762 -0.0495881 -0.0040121 0.00938866 -0.267065 0.963633 -1.15547 1.71023 -0.319678</i>
                        <i>-0.0480878 0.961643 0.270056 -0.998808 -0.0485642 -0.00492112 0.00838271 -0.269971 0.962832 -1.15547 1.71497 -0.316468</i>
                        <i>-0.0473395 0.960922 0.272741 -0.99885 -0.0476318 -0.00555296 0.00765521 -0.27269 0.962071 -1.15547 1.71963 -0.313958</i>
                        <i>-0.0466773 0.960421 0.274614 -0.998884 -0.0468783 -0.00583462 0.00726972 -0.274579 0.961537 -1.15547 1.72391 -0.312478</i>
                        <i>-0.0461318 0.96013 0.27572 -0.998909 -0.0463361 -0.0057768 0.00722929 -0.275685 0.961221 -1.15547 1.72753 -0.312097</i>
                        <i>-0.0457098 0.959924 0.276508 -0.998927 -0.0459892 -0.0054776 0.00745832 -0.276462 0.960996 -1.15547 1.7303 -0.312577</i>
                        <i>-0.04543 0.959694 0.277352 -0.998936 -0.0458449 -0.00499226 0.00792415 -0.277284 0.960755 -1.15547 1.73195 -0.313789</i>
                        <i>-0.0453093 0.959324 0.278646 -0.998936 -0.0459111 -0.00436928 0.00860139 -0.278548 0.960384 -1.15547 1.73224 -0.315601</i>
                        <i>-0.0453064 0.958891 0.280134 -0.998929 -0.0461327 -0.00364685 0.00942641 -0.279999 0.959954 -1.15547 1.73085 -0.317881</i>
                        <i>-0.0453631 0.958556 0.281271 -0.998917 -0.0464332 -0.00286269 0.0103162 -0.281096 0.959624 -1.15547 1.72793 -0.320463</i>
                        <i>-0.0454644 0.95834 0.28199 -0.998903 -0.0467822 -0.00206139 0.0112166 -0.281774 0.959415 -1.15547 1.72387 -0.323161</i>
                        <i>-0.0455939 0.958276 0.282186 -0.998887 -0.0471461 -0.00129043 0.0120674 -0.281931 0.959359 -1.15547 1.71908 -0.325793</i>
                        <i>-0.0457347 0.958407 0.281717 -0.998872 -0.047489 -0.000600924 0.0128025 -0.281426 0.959497 -1.15547 1.71398 -0.328178</i>
                        <i>-0.0458722 0.958781 0.28042 -0.998858 -0.0477757 -4.75803e-005 0.0133516 -0.280102 0.959877 -1.15547 1.70899 -0.330142</i>
                        <i>-0.045994 0.959402 0.278265 -0.998848 -0.0479757 0.000312584 0.0136499 -0.27793 0.960504 -1.15547 1.70454 -0.33151</i>
                        <i>-0.0460818 0.960154 0.275646 -0.998844 -0.0480599 0.000422346 0.0136531 -0.275308 0.961259 -1.15547 1.70107 -0.332106</i>
                        <i>-0.0460518 0.96086 0.27318 -0.998853 -0.0478879 5.34225e-005 0.0131334 -0.272865 0.961963 -1.15547 1.69916 -0.331263</i>
                        <i>-0.0458786 0.961393 0.271327 -0.998874 -0.0474295 -0.000842331 0.0120591 -0.27106 0.962487 -1.15547 1.6992 -0.328768</i>
                        <i>-0.0456234 0.961727 0.270184 -0.998902 -0.0468112 -0.00204941 0.0106766 -0.26998 0.962807 -1.15547 1.70117 -0.325158</i>
                        <i>-0.0453449 0.961798 0.269977 -0.998929 -0.0461508 -0.00336519 0.00922304 -0.269841 0.962861 -1.15547 1.70461 -0.321011</i>
                        <i>-0.0450915 0.961592 0.270753 -0.998952 -0.0455465 -0.00460604 0.0079027 -0.270676 0.962638 -1.15547 1.70897 -0.316908</i>
                        <i>-0.0448987 0.961163 0.272304 -0.998968 -0.0450773 -0.00560304 0.00688929 -0.272274 0.962195 -1.15547 1.71378 -0.313442</i>
                        <i>-0.044799 0.960698 0.273958 -0.998976 -0.0448175 -0.00619441 0.00632717 -0.273955 0.961722 -1.15547 1.71862 -0.311217</i>
                        <i>-0.0448065 0.960405 0.274981 -0.998976 -0.0447983 -0.00631355 0.00625512 -0.274982 0.961429 -1.15547 1.72313 -0.310517</i>
                        <i>-0.0448933 0.960239 0.275547 -0.99897 -0.0449655 -0.00605893 0.00657206 -0.275535 0.961269 -1.15547 1.72702 -0.311037</i>
                        <i>-0.0450421 0.960129 0.275904 -0.998959 -0.0452792 -0.00551426 0.00719829 -0.275865 0.961169 -1.15547 1.72999 -0.312501</i>
                        <i>-0.0452376 0.959997 0.276331 -0.998944 -0.0457023 -0.00476137 0.00805807 -0.276255 0.961051 -1.15547 1.7317 -0.314628</i>
                        <i>-0.0454616 0.95977 0.277083 -0.998925 -0.0461952 -0.00388294 0.0090732 -0.276962 0.960838 -1.15547 1.73184 -0.317137</i>
                    </KeyFrames>
                </p>
            </i>
            <i>
                <p>
                    <Name><![CDATA[spine1]]></Name>
                    <Exclude>0</Exclude>
                    <Additive>0</Additive>
                    <IKPriority>0</IKPriority>
                    <IKRotLimits>-1e+010 -1e+010 -1e+010 1e+010 1e+010 1e+010</IKRotLimits>
                    <IKRotLimitOrder>0</IKRotLimitOrder>
                    <KeyFrames count="41">
                        <i>-0.135797 0.742151 0.656331 -0.988697 -0.144002 -0.0417335 0.0635402 -0.65458 0.753318 -1.16346 1.9004 -0.268503</i>
                        <i>-0.135099 0.736589 0.66271 -0.988493 -0.146129 -0.0390933 0.0680452 -0.660366 0.747855 -1.16367 1.8995 -0.271359</i>
                        <i>-0.134349 0.733275 0.666527 -0.988256 -0.148566 -0.0357541 0.072806 -0.663503 0.744623 -1.16392 1.89694 -0.275198</i>
                        <i>-0.133584 0.731291 0.668857 -0.987997 -0.151093 -0.0321261 0.0775662 -0.66512 0.742697 -1.16417 1.89314 -0.279442</i>
                        <i>-0.132847 0.729655 0.670787 -0.987733 -0.153501 -0.0286457 0.0820647 -0.666364 0.741097 -1.16441 1.88855 -0.283517</i>
                        <i>-0.132184 0.727348 0.673419 -0.987484 -0.155597 -0.0257745 0.0860348 -0.668397 0.738812 -1.16461 1.88363 -0.286853</i>
                        <i>-0.131643 0.723315 0.677853 -0.987275 -0.157201 -0.0239911 0.0892057 -0.672386 0.734806 -1.16476 1.87889 -0.28888</i>
                        <i>-0.131372 0.718766 0.682727 -0.987157 -0.157997 -0.0236149 0.090895 -0.677062 0.730292 -1.16482 1.87484 -0.289346</i>
                        <i>-0.131552 0.716134 0.685453 -0.98715 -0.15791 -0.0244759 0.0907116 -0.679865 0.727705 -1.16479 1.87204 -0.288454</i>
                        <i>-0.132125 0.715433 0.686075 -0.987214 -0.157238 -0.0261528 0.0891666 -0.680759 0.72706 -1.16471 1.87102 -0.2865</i>
                        <i>-0.132985 0.716541 0.684751 -0.987334 -0.156093 -0.0284103 0.0865277 -0.679856 0.728223 -1.16458 1.87172 -0.283684</i>
                        <i>-0.134021 0.719296 0.681654 -0.987491 -0.154596 -0.0310193 0.0830686 -0.677284 0.731017 -1.16443 1.87358 -0.280248</i>
                        <i>-0.135119 0.723429 0.677047 -0.987669 -0.152873 -0.0337648 0.0790758 -0.673261 0.735165 -1.16425 1.87629 -0.276463</i>
                        <i>-0.136204 0.729314 0.670484 -0.987861 -0.151009 -0.0364171 0.07469 -0.667306 0.741029 -1.16407 1.87959 -0.272684</i>
                        <i>-0.137169 0.73645 0.66244 -0.988055 -0.149136 -0.0387949 0.0702228 -0.659849 0.74811 -1.16389 1.88325 -0.269234</i>
                        <i>-0.137874 0.743305 0.65459 -0.988235 -0.147416 -0.0407528 0.0662054 -0.652508 0.754885 -1.16372 1.88706 -0.266455</i>
                        <i>-0.138196 0.748496 0.64858 -0.98839 -0.145983 -0.0421284 0.0631487 -0.646872 0.75998 -1.16359 1.89086 -0.264754</i>
                        <i>-0.138126 0.751303 0.645341 -0.988517 -0.14489 -0.0428972 0.0612747 -0.643856 0.762689 -1.16349 1.89441 -0.26419</i>
                        <i>-0.137772 0.751902 0.644719 -0.988617 -0.144122 -0.0431785 0.0604521 -0.643329 0.763199 -1.16343 1.89735 -0.264474</i>
                        <i>-0.137188 0.750203 0.646819 -0.988685 -0.143699 -0.0430298 0.0606663 -0.645404 0.761429 -1.1634 1.89936 -0.265427</i>
                        <i>-0.136424 0.74612 0.651686 -0.988714 -0.143658 -0.0425024 0.0619077 -0.650129 0.757297 -1.1634 1.90011 -0.266863</i>
                        <i>-0.135521 0.740336 0.658435 -0.988713 -0.143905 -0.0416942 0.0638843 -0.656653 0.751482 -1.16343 1.89928 -0.268704</i>
                        <i>-0.13453 0.733896 0.665806 -0.988697 -0.144291 -0.0407249 0.0661823 -0.66376 0.745012 -1.16347 1.897 -0.270884</i>
                        <i>-0.133507 0.7272 0.673317 -0.988669 -0.144776 -0.0396736 0.0686298 -0.670984 0.738289 -1.16353 1.89365 -0.273241</i>
                        <i>-0.132509 0.720612 0.680559 -0.988631 -0.145319 -0.0386204 0.0710681 -0.677939 0.731675 -1.16359 1.88959 -0.275623</i>
                        <i>-0.131596 0.714456 0.687193 -0.988586 -0.145877 -0.0376465 0.0733492 -0.684304 0.725499 -1.16364 1.88521 -0.277892</i>
                        <i>-0.130829 0.709036 0.69293 -0.988539 -0.146405 -0.036834 0.0753318 -0.689807 0.720064 -1.1637 1.8809 -0.279912</i>
                        <i>-0.130272 0.704618 0.697526 -0.988493 -0.146852 -0.0362693 0.0768771 -0.694225 0.715641 -1.16374 1.87705 -0.28153</i>
                        <i>-0.130001 0.701647 0.700565 -0.988457 -0.147154 -0.0360429 0.0778017 -0.697164 0.712678 -1.16377 1.87398 -0.28252</i>
                        <i>-0.13033 0.702213 0.699936 -0.988449 -0.147099 -0.0364746 0.0773467 -0.696605 0.713273 -1.16375 1.87195 -0.282189</i>
                        <i>-0.131364 0.707429 0.694469 -0.98848 -0.146596 -0.0376465 0.0751742 -0.691414 0.718537 -1.16368 1.87123 -0.280263</i>
                        <i>-0.132873 0.716593 0.684718 -0.988538 -0.145772 -0.0392735 0.0716696 -0.682088 0.727749 -1.16358 1.87203 -0.277197</i>
                        <i>-0.134593 0.728223 0.671994 -0.988608 -0.144795 -0.0410962 0.0673745 -0.669869 0.739416 -1.16346 1.87408 -0.273469</i>
                        <i>-0.136256 0.740435 0.658172 -0.988673 -0.143836 -0.0428631 0.0629316 -0.656557 0.751647 -1.16336 1.87708 -0.269595</i>
                        <i>-0.137617 0.751153 0.645624 -0.988723 -0.143047 -0.0443215 0.0590621 -0.644443 0.762368 -1.16327 1.88074 -0.266156</i>
                        <i>-0.138456 0.758355 0.636967 -0.988754 -0.142557 -0.0451986 0.0565277 -0.636062 0.769565 -1.16322 1.88485 -0.263823</i>
                        <i>-0.138689 0.761117 0.633614 -0.988768 -0.142414 -0.0453557 0.0557144 -0.632787 0.772319 -1.16322 1.88919 -0.262979</i>
                        <i>-0.138443 0.760171 0.634803 -0.988768 -0.142541 -0.0449464 0.0563185 -0.633895 0.771366 -1.16325 1.89334 -0.263323</i>
                        <i>-0.137815 0.756226 0.639633 -0.988756 -0.142881 -0.0441115 0.0580331 -0.63852 0.767414 -1.1633 1.89687 -0.264561</i>
                        <i>-0.136901 0.749993 0.647123 -0.988733 -0.143383 -0.0429931 0.0605421 -0.645718 0.761172 -1.16337 1.89937 -0.266387</i>
                        <i>-0.135797 0.742151 0.656331 -0.988697 -0.144002 -0.0417335 0.0635402 -0.65458 0.753318 -1.16346 1.9004 -0.268503</i>
                    </KeyFrames>
                </p>
            </i>
            <i>
                <p>
                    <Name><![CDATA[spine2]]></Name>
                    <Exclude>0</Exclude>
                    <Additive>0</Additive>
                    <IKPriority>0</IKPriority>
                    <IKRotLimits>-1e+010 -1e+010 -1e+010 1e+010 1e+010 1e+010</IKRotLimits>
                    <IKRotLimitOrder>0</IKRotLimitOrder>
                    <KeyFrames count="41">
                        <i>-0.15676 0.599325 0.785007 -0.985291 -0.149654 -0.0824994 0.0680354 -0.786393 0.613969 -1.18537 2.02006 -0.162468</i>
                        <i>-0.154698 0.60319 0.782452 -0.985442 -0.15074 -0.0786255 0.0705206 -0.783224 0.617728 -1.18558 2.01883 -0.163762</i>
                        <i>-0.152374 0.608354 0.778901 -0.985579 -0.152215 -0.0739193 0.0735911 -0.778932 0.622775 -1.18582 2.01639 -0.166359</i>
                        <i>-0.14996 0.613403 0.775403 -0.985691 -0.15382 -0.0689453 0.0769812 -0.774646 0.627692 -1.18607 2.01296 -0.169571</i>
                        <i>-0.147617 0.616935 0.773046 -0.98577 -0.155327 -0.0642772 0.0804204 -0.771534 0.631085 -1.1863 2.00874 -0.172709</i>
                        <i>-0.145498 0.617555 0.772952 -0.985817 -0.15654 -0.0604987 0.0836367 -0.770792 0.631573 -1.1865 2.004 -0.175081</i>
                        <i>-0.143754 0.613835 0.776235 -0.985838 -0.157278 -0.0581982 0.0863602 -0.773608 0.627751 -1.18662 1.99897 -0.175994</i>
                        <i>-0.142694 0.606644 0.782062 -0.985834 -0.157482 -0.0577153 0.0881484 -0.779219 0.620522 -1.18666 1.99429 -0.175522</i>
                        <i>-0.142339 0.597577 0.789077 -0.985796 -0.157374 -0.0586439 0.089136 -0.786216 0.611489 -1.18663 1.99087 -0.174361</i>
                        <i>-0.14238 0.58685 0.79708 -0.98573 -0.157132 -0.0603893 0.0898071 -0.794303 0.600847 -1.18656 1.98931 -0.172724</i>
                        <i>-0.142808 0.575628 0.805145 -0.985643 -0.156747 -0.0627591 0.0900781 -0.802548 0.589748 -1.18647 1.9896 -0.170716</i>
                        <i>-0.143626 0.565145 0.812393 -0.985543 -0.156224 -0.0655592 0.0898652 -0.810065 0.579412 -1.18636 1.9912 -0.168478</i>
                        <i>-0.14483 0.556675 0.818008 -0.985438 -0.155586 -0.0685943 0.0890857 -0.816031 0.571102 -1.18622 1.99385 -0.166168</i>
                        <i>-0.146508 0.552652 0.820433 -0.985331 -0.154899 -0.0716127 0.0875071 -0.818891 0.56724 -1.18608 1.99739 -0.16415</i>
                        <i>-0.148635 0.554385 0.81888 -0.985229 -0.154224 -0.0744184 0.0850349 -0.817846 0.569119 -1.18594 2.00156 -0.162608</i>
                        <i>-0.150928 0.560394 0.814358 -0.985142 -0.153554 -0.0769129 0.0819468 -0.813867 0.575244 -1.18579 2.00597 -0.161549</i>
                        <i>-0.153034 0.568457 0.808354 -0.985087 -0.152845 -0.0790073 0.0786409 -0.80839 0.58337 -1.18566 2.01035 -0.161047</i>
                        <i>-0.154779 0.577338 0.801701 -0.98507 -0.152097 -0.0806491 0.0753748 -0.802214 0.59226 -1.18555 2.01433 -0.161019</i>
                        <i>-0.15613 0.586319 0.794892 -0.985084 -0.151364 -0.0818403 0.0723335 -0.795814 0.601206 -1.18546 2.01752 -0.16127</i>
                        <i>-0.157025 0.594603 0.788537 -0.985131 -0.150669 -0.0825602 0.0697179 -0.789776 0.60942 -1.18539 2.01953 -0.161638</i>
                        <i>-0.157414 0.601462 0.783239 -0.985208 -0.150043 -0.0827853 0.0677272 -0.784685 0.616184 -1.18534 2.01999 -0.161959</i>
                        <i>-0.157396 0.606661 0.779223 -0.985307 -0.149454 -0.0826661 0.0663076 -0.780785 0.621271 -1.1853 2.01867 -0.162313</i>
                        <i>-0.157121 0.610289 0.776441 -0.985419 -0.148853 -0.0824107 0.0652813 -0.778068 0.624778 -1.18528 2.01583 -0.162849</i>
                        <i>-0.156633 0.612126 0.775092 -0.985537 -0.148254 -0.082077 0.0646693 -0.776738 0.626495 -1.18526 2.01189 -0.163504</i>
                        <i>-0.155969 0.61192 0.775388 -0.985654 -0.147677 -0.0817198 0.0645008 -0.77701 0.626175 -1.18524 2.00726 -0.164218</i>
                        <i>-0.155162 0.609376 0.777551 -0.985761 -0.147144 -0.0813927 0.0648131 -0.779108 0.62353 -1.18524 2.00233 -0.164938</i>
                        <i>-0.154241 0.604148 0.781802 -0.98585 -0.146679 -0.0811489 0.0656481 -0.783256 0.618223 -1.18524 1.99754 -0.165606</i>
                        <i>-0.15324 0.596035 0.7882 -0.985914 -0.146305 -0.0810436 0.0670131 -0.789517 0.610059 -1.18525 1.99327 -0.166143</i>
                        <i>-0.152287 0.585983 0.795885 -0.985944 -0.14607 -0.0811073 0.0687272 -0.79705 0.59999 -1.18527 1.98988 -0.166448</i>
                        <i>-0.151775 0.576234 0.803069 -0.9859 -0.146186 -0.0814354 0.0704713 -0.804105 0.590296 -1.18527 1.98778 -0.166386</i>
                        <i>-0.151921 0.568641 0.808435 -0.98577 -0.14672 -0.0820448 0.0719597 -0.809395 0.582839 -1.18527 1.98736 -0.165939</i>
                        <i>-0.152632 0.564231 0.811385 -0.985584 -0.147539 -0.0828039 0.0729906 -0.812327 0.578616 -1.18526 1.98884 -0.165294</i>
                        <i>-0.153745 0.563168 0.811914 -0.985374 -0.148491 -0.0835942 0.073484 -0.812891 0.577761 -1.18525 1.99186 -0.164546</i>
                        <i>-0.15506 0.565229 0.81023 -0.985172 -0.149433 -0.0842938 0.0734299 -0.811287 0.580019 -1.18525 1.99592 -0.163755</i>
                        <i>-0.156363 0.569947 0.806666 -0.985007 -0.150242 -0.0847801 0.0728749 -0.807829 0.584895 -1.18524 2.00056 -0.163005</i>
                        <i>-0.157384 0.576123 0.802068 -0.984909 -0.150794 -0.0849467 0.0720072 -0.803333 0.591161 -1.18525 2.00538 -0.162447</i>
                        <i>-0.157926 0.582221 0.797545 -0.984889 -0.151022 -0.0847745 0.0710896 -0.798881 0.597273 -1.18527 2.01007 -0.162209</i>
                        <i>-0.158066 0.587864 0.793367 -0.984931 -0.150982 -0.0843582 0.0701928 -0.794746 0.60287 -1.18529 2.01427 -0.16219</i>
                        <i>-0.15787 0.592753 0.78976 -0.985021 -0.150712 -0.0837849 0.0693628 -0.791157 0.607667 -1.18532 2.01759 -0.162295</i>
                        <i>-0.15741 0.596649 0.786913 -0.985145 -0.150254 -0.0831385 0.0686324 -0.78831 0.611438 -1.18535 2.01965 -0.162421</i>
                        <i>-0.15676 0.599325 0.785007 -0.985291 -0.149654 -0.0824994 0.0680354 -0.786393 0.613969 -1.18537 2.02006 -0.162468</i>
                    </KeyFrames>
                </p>
            </i>
            <i>
                <p>
                    <Name><![CDATA[head]]></Name>
                    <Exclude>0</Exclude>
                    <Additive>0</Additive>
                    <IKPriority>0</IKPriority>
                    <IKRotLimits>-1e+010 -1e+010 -1e+010 1e+010 1e+010 1e+010</IKRotLimits>
                    <IKRotLimitOrder>0</IKRotLimitOrder>
                    <KeyFrames count="41">
                        <i>0.0205671 0.98572 0.16713 -0.000804179 0.167182 -0.985926 -0.999788 0.0201433 0.00423115 -1.22593 2.18877 0.0287113</i>
                        <i>0.0212788 0.986296 0.163606 -0.00263283 0.163698 -0.986507 -0.99977 0.0205609 0.00608004 -1.22572 2.1895 0.0262659</i>
                        <i>0.0219254 0.984722 0.172746 -0.00499402 0.172893 -0.984928 -0.999747 0.0207322 0.00870846 -1.22548 2.18929 0.022382</i>
                        <i>0.0225518 0.982085 0.187081 -0.00777666 0.187296 -0.982273 -0.999715 0.0206971 0.0118612 -1.22522 2.18795 0.0180215</i>
                        <i>0.0231041 0.979691 0.199179 -0.0108948 0.199467 -0.979844 -0.999674 0.0204684 0.015282 -1.22496 2.18531 0.0141649</i>
                        <i>0.0233891 0.979175 0.201668 -0.014282 0.20203 -0.979275 -0.999624 0.0200241 0.0187099 -1.22469 2.18122 0.0118075</i>
                        <i>0.023249 0.980117 0.197052 -0.0176352 0.197476 -0.980149 -0.999574 0.0193124 0.0218757 -1.22443 2.17557 0.0119431</i>
                        <i>0.0227312 0.981004 0.192653 -0.0202777 0.193115 -0.980967 -0.999536 0.018392 0.0242822 -1.22421 2.16908 0.0142535</i>
                        <i>0.0218927 0.981701 0.189164 -0.0224584 0.189644 -0.981596 -0.999508 0.0172415 0.0261993 -1.22404 2.16299 0.0177152</i>
                        <i>0.0208215 0.981985 0.187806 -0.0246951 0.188294 -0.981802 -0.999478 0.0158047 0.0281708 -1.22387 2.15798 0.0220593</i>
                        <i>0.0196208 0.981982 0.187952 -0.0266865 0.188436 -0.981723 -0.999451 0.0142465 0.0299029 -1.22372 2.15443 0.0268285</i>
                        <i>0.0184142 0.98181 0.188971 -0.0281403 0.189437 -0.98149 -0.999434 0.0127556 0.0311167 -1.22362 2.15224 0.0315561</i>
                        <i>0.0173452 0.981587 0.190229 -0.0287736 0.190669 -0.981233 -0.999435 0.0115461 0.031551 -1.22359 2.15155 0.0357951</i>
                        <i>0.0166173 0.981703 0.189691 -0.0281355 0.190101 -0.981361 -0.999466 0.0109705 0.0307797 -1.22367 2.15297 0.0387078</i>
                        <i>0.0163944 0.982284 0.18668 -0.0259507 0.18706 -0.982006 -0.999529 0.011255 0.0285577 -1.22391 2.1567 0.0398664</i>
                        <i>0.0167673 0.981958 0.188356 -0.02243 0.188705 -0.981778 -0.999608 0.012237 0.0251894 -1.22424 2.16209 0.0395882</i>
                        <i>0.0175401 0.980109 0.197682 -0.0180475 0.19799 -0.980038 -0.999683 0.0136223 0.0211613 -1.22463 2.16835 0.038274</i>
                        <i>0.0184225 0.977581 0.209754 -0.0131852 0.210008 -0.977611 -0.999743 0.0152444 0.0167585 -1.22502 2.1748 0.036218</i>
                        <i>0.0192363 0.975378 0.219699 -0.00824338 0.219887 -0.975491 -0.999781 0.0169538 0.0122702 -1.22539 2.18078 0.033724</i>
                        <i>0.019935 0.974688 0.22268 -0.0036437 0.222794 -0.974859 -0.999795 0.0186224 0.00799285 -1.2257 2.18565 0.0311109</i>
                        <i>0.0205821 0.976649 0.213851 0.000175322 0.213893 -0.976857 -0.999788 0.0201433 0.00423115 -1.22593 2.18877 0.0287113</i>
                        <i>0.0212515 0.981498 0.190287 0.00304567 0.190266 -0.981728 -0.99977 0.0214428 0.00105412 -1.22607 2.18975 0.0265734</i>
                        <i>0.0219554 0.98736 0.156964 0.00509587 0.156889 -0.987603 -0.999746 0.0224831 -0.00158691 -1.22617 2.1888 0.0246367</i>
                        <i>0.0226273 0.992402 0.120937 0.00633798 0.120823 -0.992654 -0.999724 0.0232276 -0.00355592 -1.22621 2.18621 0.0230786</i>
                        <i>0.0231242 0.995725 0.0894259 0.00681059 0.0892908 -0.995982 -0.999709 0.0236403 -0.0047167 -1.2262 2.18228 0.0220774</i>
                        <i>0.0232784 0.997294 0.0697301 0.00657347 0.0695948 -0.997554 -0.999707 0.0236798 -0.00493563 -1.22615 2.17728 0.0218087</i>
                        <i>0.0229536 0.997343 0.0691388 0.00568439 0.0690256 -0.997599 -0.99972 0.0232915 -0.00408488 -1.22605 2.17151 0.0224431</i>
                        <i>0.0221482 0.995665 0.0903329 0.00413185 0.0902632 -0.995909 -0.999746 0.0224308 -0.00211476 -1.2259 2.16527 0.0241023</i>
                        <i>0.021099 0.9917 0.126834 0.00201855 0.126819 -0.991924 -0.999775 0.0211846 0.000673975 -1.22573 2.15915 0.0265667</i>
                        <i>0.0200685 0.98494 0.171727 -0.000408833 0.17177 -0.985137 -0.999799 0.0197 0.00384984 -1.22554 2.15399 0.0293233</i>
                        <i>0.0192427 0.975715 0.218197 -0.0028688 0.21829 -0.97588 -0.999811 0.0181525 0.00699961 -1.22538 2.15059 0.0319078</i>
                        <i>0.018697 0.96546 0.259878 -0.00507799 0.260012 -0.965592 -0.999812 0.016734 0.00976403 -1.22526 2.1496 0.0339216</i>
                        <i>0.0183944 0.956331 0.291706 -0.00686906 0.291869 -0.956434 -0.999807 0.0155893 0.0119378 -1.22519 2.15087 0.0352592</i>
                        <i>0.0182516 0.950868 0.309058 -0.0081072 0.30924 -0.950949 -0.999801 0.0148507 0.013353 -1.22518 2.15403 0.0359089</i>
                        <i>0.0182076 0.950815 0.309222 -0.00862979 0.309411 -0.950889 -0.999797 0.0146449 0.013839 -1.22522 2.15875 0.0358556</i>
                        <i>0.0182671 0.955312 0.295035 -0.00837121 0.29522 -0.955393 -0.999798 0.0149824 0.0133899 -1.22531 2.16455 0.0351702</i>
                        <i>0.0184449 0.96237 0.271115 -0.0075169 0.271287 -0.962469 -0.999802 0.0157147 0.0122379 -1.22544 2.17081 0.0340494</i>
                        <i>0.0187749 0.970141 0.241815 -0.00620475 0.241966 -0.970265 -0.999804 0.0167163 0.0105624 -1.22558 2.17695 0.0326641</i>
                        <i>0.0192677 0.977162 0.211622 -0.00456906 0.211746 -0.977314 -0.999804 0.0178637 0.00854457 -1.22571 2.18237 0.0311898</i>
                        <i>0.0198915 0.982507 0.185158 -0.00273319 0.185248 -0.982688 -0.999798 0.019041 0.00637024 -1.22583 2.1865 0.029809</i>
                        <i>0.0205671 0.98572 0.16713 -0.000804179 0.167182 -0.985926 -0.999788 0.0201433 0.00423115 -1.22593 2.18877 0.0287113</i>
                    </KeyFrames>
                </p>
            </i>
            <i>
                <p>
                    <Name><![CDATA[head_prop]]></Name>
                    <Exclude>0</Exclude>
                    <Additive>0</Additive>
                    <IKPriority>0</IKPriority>
                    <IKRotLimits>-1e+010 -1e+010 -1e+010 1e+010 1e+010 1e+010</IKRotLimits>
                    <IKRotLimitOrder>0</IKRotLimitOrder>
                    <KeyFrames count="41">
                        <i>0.999788 -0.0201433 -0.00423115 0.0205671 0.98572 0.16713 0.000804179 -0.167182 0.985926 -1.21923 2.51002 0.0831805</i>
                        <i>0.99977 -0.0205609 -0.00608004 0.0212788 0.986296 0.163606 0.00263283 -0.163698 0.986507 -1.21878 2.51095 0.0795866</i>
                        <i>0.999747 -0.0207322 -0.00870846 0.0219254 0.984722 0.172746 0.00499402 -0.172893 0.984928 -1.21834 2.51022 0.0786814</i>
                        <i>0.999715 -0.0206971 -0.0118612 0.0225518 0.982085 0.187081 0.00777666 -0.187296 0.982273 -1.21788 2.50802 0.078993</i>
                        <i>0.999674 -0.0204684 -0.015282 0.0231041 0.979691 0.199179 0.0108948 -0.199467 0.979844 -1.21743 2.5046 0.0790792</i>
                        <i>0.999624 -0.0200241 -0.0187099 0.0233891 0.979175 0.201668 0.014282 -0.20203 0.979275 -1.21707 2.50035 0.0775331</i>
                        <i>0.999574 -0.0193124 -0.0218757 0.023249 0.980117 0.197052 0.0176352 -0.197476 0.980149 -1.21685 2.49499 0.076164</i>
                        <i>0.999536 -0.018392 -0.0242822 0.0227312 0.981004 0.192653 0.0202777 -0.193115 0.980967 -1.2168 2.4888 0.0770407</i>
                        <i>0.999508 -0.0172415 -0.0261993 0.0218927 0.981701 0.189164 0.0224584 -0.189644 0.981596 -1.2169 2.48293 0.0793654</i>
                        <i>0.999478 -0.0158047 -0.0281708 0.0208215 0.981985 0.187806 0.0246951 -0.188294 0.981802 -1.21708 2.47801 0.0832669</i>
                        <i>0.999451 -0.0142465 -0.0299029 0.0196208 0.981982 0.187952 0.0266865 -0.188436 0.981723 -1.21732 2.47447 0.0880838</i>
                        <i>0.999434 -0.0127556 -0.0311167 0.0184142 0.98181 0.188971 0.0281403 -0.189437 0.98149 -1.21762 2.47222 0.0931433</i>
                        <i>0.999435 -0.0115461 -0.031551 0.0173452 0.981587 0.190229 0.0287736 -0.190669 0.981233 -1.21793 2.47145 0.0977924</i>
                        <i>0.999466 -0.0109705 -0.0307797 0.0166173 0.981703 0.189691 0.0281355 -0.190101 0.981361 -1.21826 2.47291 0.10053</i>
                        <i>0.999529 -0.011255 -0.0285577 0.0163944 0.982284 0.18668 0.0259507 -0.18706 0.982006 -1.21856 2.47684 0.100707</i>
                        <i>0.999608 -0.012237 -0.0251894 0.0167673 0.981958 0.188356 0.02243 -0.188705 0.981778 -1.21878 2.48212 0.100975</i>
                        <i>0.999683 -0.0136223 -0.0211613 0.0175401 0.980109 0.197682 0.0180475 -0.19799 0.980038 -1.21891 2.48777 0.1027</i>
                        <i>0.999743 -0.0152444 -0.0167585 0.0184225 0.977581 0.209754 0.0131852 -0.210008 0.977611 -1.21902 2.4934 0.104579</i>
                        <i>0.999781 -0.0169538 -0.0122702 0.0192363 0.975378 0.219699 0.00824338 -0.219887 0.975491 -1.21912 2.49866 0.105326</i>
                        <i>0.999795 -0.0186224 -0.00799285 0.019935 0.974688 0.22268 0.0036437 -0.222794 0.974859 -1.21921 2.50331 0.103684</i>
                        <i>0.999788 -0.0201433 -0.00423115 0.0205821 0.976649 0.213851 -0.000175322 -0.213893 0.976857 -1.21922 2.50707 0.0984073</i>
                        <i>0.99977 -0.0214428 -0.00105412 0.0212515 0.981498 0.190287 -0.00304567 -0.190266 0.981728 -1.21915 2.50963 0.0885898</i>
                        <i>0.999746 -0.0224831 0.00158691 0.0219554 0.98736 0.156964 -0.00509587 -0.156889 0.987603 -1.21901 2.51059 0.0757925</i>
                        <i>0.999724 -0.0232276 0.00355592 0.0226273 0.992402 0.120937 -0.00633798 -0.120823 0.992654 -1.21883 2.50965 0.062493</i>
                        <i>0.999709 -0.0236403 0.0047167 0.0231242 0.995725 0.0894259 -0.00681059 -0.0892908 0.995982 -1.21867 2.50679 0.0512221</i>
                        <i>0.999707 -0.0236798 0.00493563 0.0232784 0.997294 0.0697301 -0.00657347 -0.0695948 0.997554 -1.21856 2.50231 0.0445344</i>
                        <i>0.99972 -0.0232915 0.00408488 0.0229536 0.997343 0.0691388 -0.00568439 -0.0690256 0.997599 -1.21857 2.49655 0.0449761</i>
                        <i>0.999746 -0.0224308 0.00211476 0.0221482 0.995665 0.0903329 -0.00413185 -0.0902632 0.995909 -1.21868 2.48977 0.0535426</i>
                        <i>0.999775 -0.0211846 -0.000673975 0.021099 0.9917 0.126834 -0.00201855 -0.126819 0.991924 -1.21885 2.48236 0.0679029</i>
                        <i>0.999799 -0.0197 -0.00384984 0.0200685 0.98494 0.171727 0.000408833 -0.17177 0.985137 -1.219 2.47499 0.0852908</i>
                        <i>0.999811 -0.0181525 -0.00699961 0.0192427 0.975715 0.218197 0.0028688 -0.21829 0.97588 -1.2191 2.46858 0.10302</i>
                        <i>0.999812 -0.016734 -0.00976403 0.018697 0.96546 0.259878 0.00507799 -0.260012 0.965592 -1.21916 2.46425 0.118618</i>
                        <i>0.999807 -0.0155893 -0.0119378 0.0183944 0.956331 0.291706 0.00686906 -0.291869 0.956434 -1.21919 2.46254 0.130329</i>
                        <i>0.999801 -0.0148507 -0.013353 0.0182516 0.950868 0.309058 0.0081072 -0.30924 0.950949 -1.21923 2.46393 0.136634</i>
                        <i>0.999797 -0.0146449 -0.013839 0.0182076 0.950815 0.309222 0.00862979 -0.309411 0.950889 -1.21929 2.46863 0.136634</i>
                        <i>0.999798 -0.0149824 -0.0133899 0.0182671 0.955312 0.295035 0.00837121 -0.29522 0.955393 -1.21936 2.4759 0.131325</i>
                        <i>0.999802 -0.0157147 -0.0122379 0.0184449 0.96237 0.271115 0.0075169 -0.271287 0.962469 -1.21943 2.48446 0.122408</i>
                        <i>0.999804 -0.0167163 -0.0105624 0.0187749 0.970141 0.241815 0.00620475 -0.241966 0.970265 -1.21946 2.49313 0.111474</i>
                        <i>0.999804 -0.0178637 -0.00854457 0.0192677 0.977162 0.211622 0.00456906 -0.211746 0.977314 -1.21943 2.50084 0.100159</i>
                        <i>0.999798 -0.019041 -0.00637024 0.0198915 0.982507 0.185158 0.00273319 -0.185248 0.982688 -1.21935 2.50671 0.0901539</i>
                        <i>0.999788 -0.0201433 -0.00423115 0.0205671 0.98572 0.16713 0.000804179 -0.167182 0.985926 -1.21923 2.51002 0.0831805</i>
                    </KeyFrames>
                </p>
            </i>
            <i>
                <p>
                    <Name><![CDATA[l_clav]]></Name>
                    <Exclude>0</Exclude>
                    <Additive>0</Additive>
                    <IKPriority>0</IKPriority>
                    <IKRotLimits>-1e+010 -1e+010 -1e+010 1e+010 1e+010 1e+010</IKRotLimits>
                    <IKRotLimitOrder>0</IKRotLimitOrder>
                    <KeyFrames count="41">
                        <i>0.900065 0.412915 0.139225 -0.414755 0.713797 0.564333 0.133643 -0.565681 0.813723 -1.10861 2.0412 -0.0820803</i>
                        <i>0.886581 0.437304 0.150799 -0.443197 0.709669 0.547674 0.132483 -0.552391 0.82299 -1.10869 2.04041 -0.0827716</i>
                        <i>0.870204 0.46432 0.164779 -0.475274 0.702958 0.529118 0.129847 -0.538755 0.832396 -1.10878 2.03866 -0.0848708</i>
