<?xml version="1.0" encoding="ISO-8859-1" ?>
<Animl Version="1">
    <ModellingPackage><![CDATA[Maya.2010]]></ModellingPackage>
    <SrcFile><![CDATA[anims\vehicles\blue\~src\land\tank_m1a1abrams\tank_m1a1abrams_idle_random_crewman_a.mb]]></SrcFile>
    <FramesPerSecond>30</FramesPerSecond>
    <TotalFrames>61</TotalFrames>
    <Skeleton>
        <RefFrame>
            <Name><![CDATA[soldier_ref_frame]]></Name>
            <Exclude>0</Exclude>
            <Additive>0</Additive>
            <IKPriority>0</IKPriority>
            <IKRotLimits>-1e+010 -1e+010 -1e+010 1e+010 1e+010 1e+010</IKRotLimits>
            <IKRotLimitOrder>0</IKRotLimitOrder>
            <KeyFrames count="61">
                <i>1 0 0 0 1 0 0 0 1 -1.09 0.43 -0.28</i>
                <i>1 0 0 0 1 0 0 0 1 -1.09 0.43 -0.28</i>
                <i>1 0 0 0 1 0 0 0 1 -1.09 0.43 -0.28</i>
                <i>1 0 0 0 1 0 0 0 1 -1.09 0.43 -0.28</i>
                <i>1 0 0 0 1 0 0 0 1 -1.09 0.43 -0.28</i>
                <i>1 0 0 0 1 0 0 0 1 -1.09 0.43 -0.28</i>
                <i>1 0 0 0 1 0 0 0 1 -1.09 0.43 -0.28</i>
                <i>1 0 0 0 1 0 0 0 1 -1.09 0.43 -0.28</i>
                <i>1 0 0 0 1 0 0 0 1 -1.09 0.43 -0.28</i>
                <i>1 0 0 0 1 0 0 0 1 -1.09 0.43 -0.28</i>
                <i>1 0 0 0 1 0 0 0 1 -1.09 0.43 -0.28</i>
                <i>1 0 0 0 1 0 0 0 1 -1.09 0.43 -0.28</i>
                <i>1 0 0 0 1 0 0 0 1 -1.09 0.43 -0.28</i>
                <i>1 0 0 0 1 0 0 0 1 -1.09 0.43 -0.28</i>
                <i>1 0 0 0 1 0 0 0 1 -1.09 0.43 -0.28</i>
                <i>1 0 0 0 1 0 0 0 1 -1.09 0.43 -0.28</i>
                <i>1 0 0 0 1 0 0 0 1 -1.09 0.43 -0.28</i>
                <i>1 0 0 0 1 0 0 0 1 -1.09 0.43 -0.28</i>
                <i>1 0 0 0 1 0 0 0 1 -1.09 0.43 -0.28</i>
                <i>1 0 0 0 1 0 0 0 1 -1.09 0.43 -0.28</i>
                <i>1 0 0 0 1 0 0 0 1 -1.09 0.43 -0.28</i>
                <i>1 0 0 0 1 0 0 0 1 -1.09 0.43 -0.28</i>
                <i>1 0 0 0 1 0 0 0 1 -1.09 0.43 -0.28</i>
                <i>1 0 0 0 1 0 0 0 1 -1.09 0.43 -0.28</i>
                <i>1 0 0 0 1 0 0 0 1 -1.09 0.43 -0.28</i>
                <i>1 0 0 0 1 0 0 0 1 -1.09 0.43 -0.28</i>
                <i>1 0 0 0 1 0 0 0 1 -1.09 0.43 -0.28</i>
                <i>1 0 0 0 1 0 0 0 1 -1.09 0.43 -0.28</i>
                <i>1 0 0 0 1 0 0 0 1 -1.09 0.43 -0.28</i>
                <i>1 0 0 0 1 0 0 0 1 -1.09 0.43 -0.28</i>
                <i>1 0 0 0 1 0 0 0 1 -1.09 0.43 -0.28</i>
                <i>1 0 0 0 1 0 0 0 1 -1.09 0.43 -0.28</i>
                <i>1 0 0 0 1 0 0 0 1 -1.09 0.43 -0.28</i>
                <i>1 0 0 0 1 0 0 0 1 -1.09 0.43 -0.28</i>
                <i>1 0 0 0 1 0 0 0 1 -1.09 0.43 -0.28</i>
                <i>1 0 0 0 1 0 0 0 1 -1.09 0.43 -0.28</i>
                <i>1 0 0 0 1 0 0 0 1 -1.09 0.43 -0.28</i>
                <i>1 0 0 0 1 0 0 0 1 -1.09 0.43 -0.28</i>
                <i>1 0 0 0 1 0 0 0 1 -1.09 0.43 -0.28</i>
                <i>1 0 0 0 1 0 0 0 1 -1.09 0.43 -0.28</i>
                <i>1 0 0 0 1 0 0 0 1 -1.09 0.43 -0.28</i>
                <i>1 0 0 0 1 0 0 0 1 -1.09 0.43 -0.28</i>
                <i>1 0 0 0 1 0 0 0 1 -1.09 0.43 -0.28</i>
                <i>1 0 0 0 1 0 0 0 1 -1.09 0.43 -0.28</i>
                <i>1 0 0 0 1 0 0 0 1 -1.09 0.43 -0.28</i>
                <i>1 0 0 0 1 0 0 0 1 -1.09 0.43 -0.28</i>
                <i>1 0 0 0 1 0 0 0 1 -1.09 0.43 -0.28</i>
                <i>1 0 0 0 1 0 0 0 1 -1.09 0.43 -0.28</i>
                <i>1 0 0 0 1 0 0 0 1 -1.09 0.43 -0.28</i>
                <i>1 0 0 0 1 0 0 0 1 -1.09 0.43 -0.28</i>
                <i>1 0 0 0 1 0 0 0 1 -1.09 0.43 -0.28</i>
                <i>1 0 0 0 1 0 0 0 1 -1.09 0.43 -0.28</i>
                <i>1 0 0 0 1 0 0 0 1 -1.09 0.43 -0.28</i>
                <i>1 0 0 0 1 0 0 0 1 -1.09 0.43 -0.28</i>
                <i>1 0 0 0 1 0 0 0 1 -1.09 0.43 -0.28</i>
                <i>1 0 0 0 1 0 0 0 1 -1.09 0.43 -0.28</i>
                <i>1 0 0 0 1 0 0 0 1 -1.09 0.43 -0.28</i>
                <i>1 0 0 0 1 0 0 0 1 -1.09 0.43 -0.28</i>
                <i>1 0 0 0 1 0 0 0 1 -1.09 0.43 -0.28</i>
                <i>1 0 0 0 1 0 0 0 1 -1.09 0.43 -0.28</i>
                <i>1 0 0 0 1 0 0 0 1 -1.09 0.43 -0.28</i>
            </KeyFrames>
        </RefFrame>
        <Bones count="23">
            <i>
                <p>
                    <Name><![CDATA[pelvis]]></Name>
                    <Exclude>0</Exclude>
                    <Additive>0</Additive>
                    <IKPriority>0</IKPriority>
                    <IKRotLimits>-1e+010 -1e+010 -1e+010 1e+010 1e+010 1e+010</IKRotLimits>
                    <IKRotLimitOrder>2</IKRotLimitOrder>
                    <KeyFrames count="61">
                        <i>1 0 0 0 1 0 0 0 1 -1.15547 1.59266 -0.28077</i>
                        <i>1 0 0 0 1 0 0 0 1 -1.15963 1.58063 -0.279202</i>
                        <i>1 0 0 0 1 0 0 0 1 -1.17085 1.5537 -0.274968</i>
                        <i>1 0 0 0 1 0 0 0 1 -1.18726 1.52558 -0.268775</i>
                        <i>1 0 0 0 1 0 0 0 1 -1.20699 1.51 -0.261328</i>
                        <i>1 0 0 0 1 0 0 0 1 -1.22817 1.51102 -0.253333</i>
                        <i>1 0 0 0 1 0 0 0 1 -1.24894 1.52035 -0.245497</i>
                        <i>1 0 0 0 1 0 0 0 1 -1.26741 1.53316 -0.238525</i>
                        <i>1 0 0 0 1 0 0 0 1 -1.28172 1.54465 -0.233124</i>
                        <i>1 0 0 0 1 0 0 0 1 -1.29 1.55 -0.23</i>
                        <i>1 0 0 0 1 0 0 0 1 -1.29 1.5492 -0.23</i>
                        <i>1 0 0 0 1 0 0 0 1 -1.29 1.54704 -0.23</i>
                        <i>1 0 0 0 1 0 0 0 1 -1.29 1.54383 -0.23</i>
                        <i>1 0 0 0 1 0 0 0 1 -1.29 1.53992 -0.23</i>
                        <i>1 0 0 0 1 0 0 0 1 -1.29 1.53562 -0.23</i>
                        <i>1 0 0 0 1 0 0 0 1 -1.29 1.53128 -0.23</i>
                        <i>1 0 0 0 1 0 0 0 1 -1.29 1.52721 -0.23</i>
                        <i>1 0 0 0 1 0 0 0 1 -1.29 1.52376 -0.23</i>
                        <i>1 0 0 0 1 0 0 0 1 -1.29 1.52124 -0.23</i>
                        <i>1 0 0 0 1 0 0 0 1 -1.29 1.52 -0.23</i>
                        <i>1 0 0 0 1 0 0 0 1 -1.29 1.52015 -0.23</i>
                        <i>1 0 0 0 1 0 0 0 1 -1.29 1.52144 -0.23</i>
                        <i>1 0 0 0 1 0 0 0 1 -1.29 1.52358 -0.23</i>
                        <i>1 0 0 0 1 0 0 0 1 -1.29 1.52632 -0.23</i>
                        <i>1 0 0 0 1 0 0 0 1 -1.29 1.52937 -0.23</i>
                        <i>1 0 0 0 1 0 0 0 1 -1.29 1.53248 -0.23</i>
                        <i>1 0 0 0 1 0 0 0 1 -1.29 1.53536 -0.23</i>
                        <i>1 0 0 0 1 0 0 0 1 -1.29 1.53776 -0.23</i>
                        <i>1 0 0 0 1 0 0 0 1 -1.29 1.53939 -0.23</i>
                        <i>1 0 0 0 1 0 0 0 1 -1.29 1.54 -0.23</i>
                        <i>1 0 0 0 1 0 0 0 1 -1.29 1.50967 -0.23</i>
                        <i>1 0 0 0 1 0 0 0 1 -1.29 1.48 -0.23</i>
                        <i>1 0 0 0 1 0 0 0 1 -1.29 1.4917 -0.23</i>
                        <i>1 0 0 0 1 0 0 0 1 -1.29 1.51585 -0.23</i>
                        <i>1 0 0 0 1 0 0 0 1 -1.29 1.53 -0.23</i>
                        <i>1 0 0 0 1 0 0 0 1 -1.29 1.52975 -0.23</i>
                        <i>1 0 0 0 1 0 0 0 1 -1.29 1.52903 -0.23</i>
                        <i>1 0 0 0 1 0 0 0 1 -1.29 1.52792 -0.23</i>
                        <i>1 0 0 0 1 0 0 0 1 -1.29 1.52649 -0.23</i>
                        <i>1 0 0 0 1 0 0 0 1 -1.29 1.52481 -0.23</i>
                        <i>1 0 0 0 1 0 0 0 1 -1.29 1.52296 -0.23</i>
                        <i>1 0 0 0 1 0 0 0 1 -1.29 1.521 -0.23</i>
                        <i>1 0 0 0 1 0 0 0 1 -1.29 1.519 -0.23</i>
                        <i>1 0 0 0 1 0 0 0 1 -1.29 1.51704 -0.23</i>
                        <i>1 0 0 0 1 0 0 0 1 -1.29 1.51519 -0.23</i>
                        <i>1 0 0 0 1 0 0 0 1 -1.29 1.51351 -0.23</i>
                        <i>1 0 0 0 1 0 0 0 1 -1.29 1.51208 -0.23</i>
                        <i>1 0 0 0 1 0 0 0 1 -1.29 1.51097 -0.23</i>
                        <i>1 0 0 0 1 0 0 0 1 -1.29 1.51025 -0.23</i>
                        <i>1 0 0 0 1 0 0 0 1 -1.29 1.51 -0.23</i>
                        <i>1 0 0 0 1 0 0 0 1 -1.28259 1.50544 -0.232796</i>
                        <i>1 0 0 0 1 0 0 0 1 -1.27135 1.49791 -0.237039</i>
                        <i>1 0 0 0 1 0 0 0 1 -1.25723 1.49067 -0.242368</i>
                        <i>1 0 0 0 1 0 0 0 1 -1.24119 1.48695 -0.248421</i>
                        <i>1 0 0 0 1 0 0 0 1 -1.22419 1.49 -0.254838</i>
                        <i>1 0 0 0 1 0 0 0 1 -1.20718 1.50282 -0.261258</i>
                        <i>1 0 0 0 1 0 0 0 1 -1.19111 1.52329 -0.26732</i>
                        <i>1 0 0 0 1 0 0 0 1 -1.17695 1.54696 -0.272663</i>
                        <i>1 0 0 0 1 0 0 0 1 -1.16566 1.56938 -0.276926</i>
                        <i>1 0 0 0 1 0 0 0 1 -1.15818 1.5861 -0.279749</i>
                        <i>1 0 0 0 1 0 0 0 1 -1.15547 1.59266 -0.28077</i>
                    </KeyFrames>
                </p>
            </i>
            <i>
                <p>
                    <Name><![CDATA[spine0]]></Name>
                    <Exclude>0</Exclude>
                    <Additive>0</Additive>
                    <IKPriority>0</IKPriority>
                    <IKRotLimits>-1e+010 -1e+010 -1e+010 1e+010 1e+010 1e+010</IKRotLimits>
                    <IKRotLimitOrder>0</IKRotLimitOrder>
                    <KeyFrames count="61">
                        <i>-0.0454616 0.95977 0.277083 -0.998925 -0.0461952 -0.00388294 0.0090732 -0.276962 0.960838 -1.15547 1.73184 -0.317137</i>
                        <i>-0.0624692 0.961172 0.268787 -0.997964 -0.0636287 -0.00440469 0.0128689 -0.268515 0.96319 -1.15972 1.71926 -0.317631</i>
                        <i>-0.104642 0.962507 0.250262 -0.994242 -0.107089 -0.00385662 0.0230883 -0.249225 0.96817 -1.17118 1.69094 -0.318095</i>
                        <i>-0.158705 0.959985 0.230743 -0.986609 -0.163104 -7.19099e-006 0.0376282 -0.227654 0.973015 -1.18793 1.66111 -0.317021</i>
                        <i>-0.212579 0.952477 0.218171 -0.975721 -0.218957 0.00519812 0.0527212 -0.211769 0.975897 -1.20807 1.64426 -0.312984</i>
                        <i>-0.262618 0.941034 0.213275 -0.96263 -0.270672 0.00894349 0.0661438 -0.202957 0.976951 -1.22969 1.64474 -0.306368</i>
                        <i>-0.31 0.926935 0.211403 -0.947493 -0.31956 0.011772 0.0784678 -0.196654 0.977328 -1.25089 1.65383 -0.299118</i>
                        <i>-0.351183 0.912111 0.211479 -0.932086 -0.361987 0.0134278 0.0888004 -0.192401 0.97729 -1.26974 1.66661 -0.292216</i>
                        <i>-0.382573 0.899176 0.212414 -0.918879 -0.394287 0.0140975 0.0964282 -0.18979 0.977078 -1.28435 1.67816 -0.286644</i>
                        <i>-0.400577 0.891136 0.213108 -0.910706 -0.412806 0.0143486 0.100759 -0.188331 0.976923 -1.29281 1.68356 -0.283387</i>
                        <i>-0.40058 0.891122 0.213161 -0.910707 -0.412806 0.0143034 0.10074 -0.188397 0.976912 -1.29281 1.68277 -0.283372</i>
                        <i>-0.40059 0.891082 0.213311 -0.910709 -0.412806 0.0141741 0.100686 -0.188586 0.976882 -1.29281 1.68062 -0.283328</i>
                        <i>-0.400604 0.891018 0.213548 -0.910712 -0.412807 0.01397 0.100602 -0.188884 0.976833 -1.29281 1.67745 -0.283259</i>
                        <i>-0.400623 0.890934 0.213862 -0.910715 -0.412807 0.0137005 0.10049 -0.189278 0.976768 -1.29281 1.67357 -0.283167</i>
                        <i>-0.400646 0.890833 0.214241 -0.91072 -0.412807 0.0133749 0.100355 -0.189755 0.976689 -1.29281 1.66932 -0.283057</i>
                        <i>-0.400672 0.890717 0.214675 -0.910726 -0.412807 0.0130026 0.100201 -0.1903 0.976599 -1.29281 1.66502 -0.28293</i>
                        <i>-0.400701 0.890588 0.215154 -0.910732 -0.412806 0.012593 0.100032 -0.190901 0.976499 -1.29281 1.66101 -0.282791</i>
                        <i>-0.400731 0.890451 0.215666 -0.910739 -0.412805 0.0121553 0.0998515 -0.191544 0.976392 -1.29281 1.65761 -0.282642</i>
                        <i>-0.400762 0.890307 0.216201 -0.910745 -0.412802 0.0116989 0.0996637 -0.192215 0.976279 -1.29282 1.65516 -0.282487</i>
                        <i>-0.400793 0.890161 0.216747 -0.910753 -0.4128 0.0112332 0.0994725 -0.192901 0.976163 -1.29282 1.65398 -0.282328</i>
                        <i>-0.400824 0.890013 0.217295 -0.91076 -0.412796 0.0107675 0.0992817 -0.193588 0.976047 -1.29282 1.65419 -0.282169</i>
                        <i>-0.400854 0.889868 0.217833 -0.910767 -0.412792 0.0103112 0.0990951 -0.194261 0.975932 -1.29282 1.65554 -0.282014</i>
                        <i>-0.400882 0.889729 0.218349 -0.910774 -0.412787 0.00987356 0.0989164 -0.194908 0.975821 -1.29282 1.65774 -0.281865</i>
                        <i>-0.400908 0.889598 0.218833 -0.91078 -0.412782 0.009464 0.0987496 -0.195515 0.975716 -1.29282 1.66053 -0.281725</i>
                        <i>-0.400932 0.889479 0.219274 -0.910787 -0.412778 0.00909184 0.0985982 -0.196066 0.975621 -1.29282 1.66364 -0.281598</i>
                        <i>-0.400952 0.889375 0.219659 -0.910792 -0.412773 0.0087664 0.098466 -0.196549 0.975537 -1.29283 1.66678 -0.281487</i>
                        <i>-0.400969 0.889288 0.219979 -0.910796 -0.412769 0.00849703 0.0983567 -0.196949 0.975468 -1.29283 1.6697 -0.281395</i>
                        <i>-0.400982 0.889222 0.220221 -0.9108 -0.412766 0.00829307 0.0982741 -0.197252 0.975415 -1.29283 1.67212 -0.281325</i>
                        <i>-0.40099 0.889181 0.220375 -0.910802 -0.412763 0.00816384 0.0982217 -0.197444 0.975381 -1.29283 1.67378 -0.281281</i>
                        <i>-0.400992 0.889166 0.220428 -0.910802 -0.412763 0.00811869 0.0982034 -0.197511 0.975369 -1.29283 1.67439 -0.281265</i>
                        <i>-0.397669 0.891308 0.217782 -0.912484 -0.409038 0.00786414 0.0960903 -0.195595 0.975966 -1.29283 1.64407 -0.281211</i>
                        <i>-0.391478 0.895246 0.212788 -0.915532 -0.402172 0.00766941 0.0924432 -0.191812 0.977068 -1.29283 1.61441 -0.281204</i>
                        <i>-0.384751 0.899391 0.207515 -0.918748 -0.394772 0.00753796 0.0887004 -0.187753 0.978203 -1.29283 1.62611 -0.281225</i>
                        <i>-0.379395 0.902618 0.203321 -0.921247 -0.388906 0.00746261 0.0858089 -0.184478 0.979084 -1.29283 1.65024 -0.281252</i>
                        <i>-0.376712 0.904221 0.201177 -0.922481 -0.385971 0.007424 0.0843615 -0.182785 0.979527 -1.29283 1.66439 -0.281265</i>
                        <i>-0.376712 0.904221 0.201177 -0.922481 -0.385971 0.007424 0.0843615 -0.182785 0.979527 -1.29283 1.66413 -0.281265</i>
                        <i>-0.376712 0.904221 0.201177 -0.922481 -0.385971 0.007424 0.0843615 -0.182785 0.979527 -1.29283 1.66342 -0.281265</i>
                        <i>-0.376712 0.904221 0.201177 -0.922481 -0.385971 0.007424 0.0843615 -0.182785 0.979527 -1.29283 1.66231 -0.281265</i>
                        <i>-0.376712 0.904221 0.201177 -0.922481 -0.385971 0.007424 0.0843615 -0.182785 0.979527 -1.29283 1.66088 -0.281265</i>
                        <i>-0.376712 0.904221 0.201177 -0.922481 -0.385971 0.007424 0.0843615 -0.182785 0.979527 -1.29283 1.6592 -0.281265</i>
                        <i>-0.376712 0.904221 0.201177 -0.922481 -0.385971 0.007424 0.0843615 -0.182785 0.979527 -1.29283 1.65735 -0.281265</i>
                        <i>-0.376712 0.904221 0.201177 -0.922481 -0.385971 0.007424 0.0843615 -0.182785 0.979527 -1.29283 1.65539 -0.281265</i>
                        <i>-0.376712 0.904221 0.201177 -0.922481 -0.385971 0.007424 0.0843615 -0.182785 0.979527 -1.29283 1.65339 -0.281265</i>
                        <i>-0.376712 0.904221 0.201177 -0.922481 -0.385971 0.007424 0.0843615 -0.182785 0.979527 -1.29283 1.65143 -0.281265</i>
                        <i>-0.376712 0.904221 0.201177 -0.922481 -0.385971 0.007424 0.0843615 -0.182785 0.979527 -1.29283 1.64957 -0.281265</i>
                        <i>-0.376712 0.904221 0.201177 -0.922481 -0.385971 0.007424 0.0843615 -0.182785 0.979527 -1.29283 1.6479 -0.281265</i>
                        <i>-0.376712 0.904221 0.201177 -0.922481 -0.385971 0.007424 0.0843615 -0.182785 0.979527 -1.29283 1.64647 -0.281265</i>
                        <i>-0.376712 0.904221 0.201177 -0.922481 -0.385971 0.007424 0.0843615 -0.182785 0.979527 -1.29283 1.64536 -0.281265</i>
                        <i>-0.376712 0.904221 0.201177 -0.922481 -0.385971 0.007424 0.0843615 -0.182785 0.979527 -1.29283 1.64464 -0.281265</i>
                        <i>-0.376712 0.904221 0.201177 -0.922481 -0.385971 0.007424 0.0843615 -0.182785 0.979527 -1.29283 1.64439 -0.281265</i>
                        <i>-0.361443 0.910282 0.201856 -0.929017 -0.370003 0.00505939 0.079293 -0.185699 0.979402 -1.28527 1.64013 -0.283268</i>
                        <i>-0.338106 0.919238 0.201706 -0.938399 -0.34555 0.00180721 0.0713608 -0.18867 0.979444 -1.2738 1.63306 -0.2863</i>
                        <i>-0.308621 0.929377 0.202511 -0.949151 -0.314818 -0.0016955 0.0621784 -0.192737 0.979279 -1.2594 1.62637 -0.290097</i>
                        <i>-0.274683 0.939222 0.205939 -0.960072 -0.279709 -0.00488773 0.0530124 -0.199059 0.978553 -1.24302 1.62326 -0.294398</i>
                        <i>-0.237609 0.947611 0.213484 -0.970335 -0.241655 -0.007334 0.0446396 -0.208893 0.976919 -1.22567 1.62693 -0.29894</i>
                        <i>-0.197126 0.954151 0.22525 -0.979686 -0.200351 -0.0086824 0.0368448 -0.222386 0.974262 -1.2083 1.64035 -0.303469</i>
                        <i>-0.154604 0.958618 0.239058 -0.987546 -0.157086 -0.0087534 0.0291615 -0.237434 0.970966 -1.19189 1.66136 -0.307731</i>
                        <i>-0.113801 0.960755 0.252981 -0.993264 -0.115619 -0.00771968 0.0218326 -0.252155 0.96744 -1.17743 1.68549 -0.311476</i>
                        <i>-0.0789411 0.960966 0.265167 -0.99676 -0.0802057 -0.00607307 0.0154319 -0.264787 0.964183 -1.16588 1.70826 -0.314456</i>
                        <i>-0.0546007 0.960235 0.273801 -0.99845 -0.0554797 -0.00453778 0.0108331 -0.273624 0.961776 -1.15824 1.7252 -0.316426</i>
                        <i>-0.0454616 0.95977 0.277083 -0.998925 -0.0461952 -0.00388294 0.0090732 -0.276962 0.960838 -1.15547 1.73184 -0.317137</i>
                    </KeyFrames>
                </p>
            </i>
            <i>
                <p>
                    <Name><![CDATA[spine1]]></Name>
                    <Exclude>0</Exclude>
                    <Additive>0</Additive>
                    <IKPriority>0</IKPriority>
                    <IKRotLimits>-1e+010 -1e+010 -1e+010 1e+010 1e+010 1e+010</IKRotLimits>
                    <IKRotLimitOrder>0</IKRotLimitOrder>
                    <KeyFrames count="61">
                        <i>-0.135797 0.742151 0.656331 -0.988697 -0.144002 -0.0417335 0.0635402 -0.65458 0.753318 -1.16346 1.9004 -0.268503</i>
                        <i>-0.152794 0.735896 0.65963 -0.985513 -0.163178 -0.0462359 0.0736123 -0.657138 0.750167 -1.17076 1.88915 -0.270157</i>
                        <i>-0.196116 0.719853 0.665846 -0.975621 -0.211448 -0.0587578 0.0984948 -0.661137 0.743772 -1.18997 1.86375 -0.273213</i>
                        <i>-0.25465 0.697376 0.66994 -0.958055 -0.276121 -0.0767347 0.131472 -0.66138 0.738439 -1.21697 1.83675 -0.274876</i>
                        <i>-0.320275 0.67103 0.668688 -0.932023 -0.349555 -0.0956222 0.169578 -0.653858 0.737369 -1.24754 1.82109 -0.272568</i>
                        <i>-0.387419 0.64104 0.662551 -0.897688 -0.425952 -0.112789 0.209913 -0.63846 0.740476 -1.27887 1.82096 -0.266528</i>
                        <i>-0.450017 0.607799 0.654267 -0.858066 -0.497269 -0.128243 0.247401 -0.619116 0.745311 -1.30932 1.82855 -0.259375</i>
                        <i>-0.502869 0.574999 0.645367 -0.818261 -0.557264 -0.141084 0.278517 -0.599026 0.750731 -1.33627 1.83939 -0.252268</i>
                        <i>-0.541848 0.54758 0.637618 -0.784753 -0.601251 -0.150534 0.300939 -0.581939 0.755501 -1.35708 1.84908 -0.246384</i>
                        <i>-0.563498 0.530941 0.632907 -0.764442 -0.62558 -0.155814 0.313206 -0.571621 0.758387 -1.36911 1.8533 -0.242914</i>
                        <i>-0.563529 0.530947 0.632875 -0.764424 -0.6256 -0.155821 0.313194 -0.571595 0.758412 -1.36911 1.8525 -0.24289</i>
                        <i>-0.563617 0.530962 0.632783 -0.764374 -0.625656 -0.155843 0.313158 -0.571518 0.758484 -1.3691 1.85032 -0.242823</i>
                        <i>-0.563757 0.530987 0.632638 -0.764294 -0.625745 -0.155877 0.313101 -0.571398 0.758598 -1.36908 1.84709 -0.242718</i>
                        <i>-0.56394 0.53102 0.632446 -0.76419 -0.625862 -0.155921 0.313026 -0.571239 0.758749 -1.36907 1.84315 -0.242578</i>
                        <i>-0.564162 0.531061 0.632214 -0.764063 -0.626003 -0.155975 0.312936 -0.571047 0.758931 -1.36904 1.83882 -0.242409</i>
                        <i>-0.564416 0.531108 0.631948 -0.763918 -0.626164 -0.156037 0.312831 -0.570827 0.75914 -1.36902 1.83443 -0.242216</i>
                        <i>-0.564696 0.531159 0.631655 -0.763759 -0.626342 -0.156105 0.312716 -0.570584 0.75937 -1.36899 1.83033 -0.242003</i>
                        <i>-0.564995 0.531215 0.631341 -0.763589 -0.626531 -0.156176 0.312592 -0.570324 0.759617 -1.36896 1.82682 -0.241775</i>
                        <i>-0.565306 0.531274 0.631013 -0.763411 -0.626729 -0.156251 0.312462 -0.570052 0.759874 -1.36893 1.82426 -0.241538</i>
                        <i>-0.565624 0.531334 0.630677 -0.76323 -0.62693 -0.156327 0.312329 -0.569774 0.760137 -1.3689 1.82296 -0.241296</i>
                        <i>-0.565941 0.531396 0.63034 -0.76305 -0.627131 -0.156402 0.312195 -0.569496 0.760401 -1.36887 1.82307 -0.241053</i>
                        <i>-0.566253 0.531456 0.63001 -0.762873 -0.627328 -0.156476 0.312062 -0.569222 0.76066 -1.36884 1.8243 -0.240815</i>
                        <i>-0.566551 0.531515 0.629691 -0.762703 -0.627517 -0.156546 0.311935 -0.568959 0.760909 -1.36881 1.8264 -0.240587</i>
                        <i>-0.566831 0.53157 0.629393 -0.762544 -0.627693 -0.156612 0.311815 -0.568713 0.761142 -1.36879 1.82909 -0.240373</i>
                        <i>-0.567085 0.531621 0.629121 -0.7624 -0.627854 -0.156671 0.311706 -0.568488 0.761354 -1.36876 1.8321 -0.240179</i>
                        <i>-0.567307 0.531666 0.628883 -0.762274 -0.627994 -0.156723 0.31161 -0.568291 0.761541 -1.36874 1.83517 -0.240009</i>
                        <i>-0.567491 0.531703 0.628686 -0.76217 -0.62811 -0.156766 0.311531 -0.568128 0.761695 -1.36872 1.83803 -0.239868</i>
                        <i>-0.56763 0.531732 0.628536 -0.762091 -0.628197 -0.156798 0.31147 -0.568005 0.761812 -1.36871 1.8404 -0.239761</i>
                        <i>-0.567718 0.53175 0.628441 -0.762041 -0.628253 -0.156819 0.311432 -0.567927 0.761886 -1.3687 1.84202 -0.239693</i>
                        <i>-0.567749 0.531756 0.628408 -0.762023 -0.628272 -0.156826 0.311418 -0.567899 0.761912 -1.3687 1.84262 -0.23967</i>
                        <i>-0.570148 0.540334 0.618846 -0.76579 -0.622307 -0.162173 0.297484 -0.566369 0.768589 -1.36782 1.81216 -0.240247</i>
                        <i>-0.573946 0.557147 0.600145 -0.773108 -0.610282 -0.1728 0.269983 -0.563155 0.781003 -1.36622 1.78224 -0.241413</i>
                        <i>-0.577197 0.57713 0.577723 -0.781468 -0.595671 -0.185698 0.236961 -0.558656 0.794829 -1.36447 1.79358 -0.242675</i>
                        <i>-0.578984 0.594822 0.557642 -0.788508 -0.582504 -0.197344 0.207444 -0.553964 0.806282 -1.36307 1.81736 -0.243692</i>
                        <i>-0.579542 0.604493 0.546551 -0.792195 -0.575234 -0.203796 0.191202 -0.551083 0.812249 -1.36237 1.8313 -0.244211</i>
                        <i>-0.579542 0.604493 0.546551 -0.792195 -0.575234 -0.203796 0.191202 -0.551083 0.812249 -1.36237 1.83105 -0.244211</i>
                        <i>-0.579542 0.604493 0.546551 -0.792195 -0.575234 -0.203796 0.191202 -0.551083 0.812249 -1.36237 1.83033 -0.244211</i>
                        <i>-0.579542 0.604493 0.546551 -0.792195 -0.575234 -0.203796 0.191202 -0.551083 0.812249 -1.36237 1.82922 -0.244211</i>
                        <i>-0.579542 0.604493 0.546551 -0.792195 -0.575234 -0.203796 0.191202 -0.551083 0.812249 -1.36237 1.82779 -0.244211</i>
                        <i>-0.579542 0.604493 0.546551 -0.792195 -0.575234 -0.203796 0.191202 -0.551083 0.812249 -1.36237 1.82611 -0.244211</i>
                        <i>-0.579542 0.604493 0.546551 -0.792195 -0.575234 -0.203796 0.191202 -0.551083 0.812249 -1.36237 1.82426 -0.244211</i>
                        <i>-0.579542 0.604493 0.546551 -0.792195 -0.575234 -0.203796 0.191202 -0.551083 0.812249 -1.36237 1.8223 -0.244211</i>
                        <i>-0.579542 0.604493 0.546551 -0.792195 -0.575234 -0.203796 0.191202 -0.551083 0.812249 -1.36237 1.8203 -0.244211</i>
                        <i>-0.579542 0.604493 0.546551 -0.792195 -0.575234 -0.203796 0.191202 -0.551083 0.812249 -1.36237 1.81834 -0.244211</i>
                        <i>-0.579542 0.604493 0.546551 -0.792195 -0.575234 -0.203796 0.191202 -0.551083 0.812249 -1.36237 1.81649 -0.244211</i>
                        <i>-0.579542 0.604493 0.546551 -0.792195 -0.575234 -0.203796 0.191202 -0.551083 0.812249 -1.36237 1.81481 -0.244211</i>
                        <i>-0.579542 0.604493 0.546551 -0.792195 -0.575234 -0.203796 0.191202 -0.551083 0.812249 -1.36237 1.81338 -0.244211</i>
                        <i>-0.579542 0.604493 0.546551 -0.792195 -0.575234 -0.203796 0.191202 -0.551083 0.812249 -1.36237 1.81227 -0.244211</i>
                        <i>-0.579542 0.604493 0.546551 -0.792195 -0.575234 -0.203796 0.191202 -0.551083 0.812249 -1.36237 1.81155 -0.244211</i>
                        <i>-0.579542 0.604493 0.546551 -0.792195 -0.575234 -0.203796 0.191202 -0.551083 0.812249 -1.36237 1.8113 -0.244211</i>
                        <i>-0.560401 0.616997 0.552508 -0.80763 -0.55493 -0.199466 0.183534 -0.558003 0.809289 -1.35181 1.80771 -0.246184</i>
                        <i>-0.530352 0.635592 0.561026 -0.830182 -0.523487 -0.191727 0.17183 -0.567436 0.805289 -1.33583 1.80169 -0.249372</i>
                        <i>-0.490757 0.657632 0.571557 -0.856981 -0.482749 -0.180381 0.157294 -0.578337 0.800491 -1.31576 1.79611 -0.253179</i>
                        <i>-0.443179 0.680344 0.583716 -0.885248 -0.434694 -0.16546 0.141168 -0.590062 0.794921 -1.29294 1.79391 -0.257041</i>
                        <i>-0.389592 0.701019 0.597319 -0.912545 -0.381438 -0.147534 0.124416 -0.602559 0.788317 -1.26858 1.79806 -0.260443</i>
                        <i>-0.332296 0.71774 0.611906 -0.936859 -0.326135 -0.126219 0.108971 -0.615212 0.780794 -1.24365 1.81148 -0.263118</i>
                        <i>-0.274697 0.72979 0.626058 -0.956748 -0.272316 -0.102359 0.0957847 -0.627098 0.773029 -1.21943 1.83213 -0.265185</i>
                        <i>-0.221297 0.737182 0.638428 -0.971576 -0.223099 -0.079166 0.084073 -0.637801 0.765599 -1.19758 1.85563 -0.26671</i>
                        <i>-0.17701 0.740776 0.648011 -0.981431 -0.182289 -0.0597034 0.073898 -0.646546 0.759288 -1.1798 1.87767 -0.267739</i>
                        <i>-0.146877 0.741968 0.654148 -0.986922 -0.154337 -0.0465385 0.0664289 -0.652429 0.754933 -1.16784 1.894 -0.268321</i>
                        <i>-0.135797 0.742151 0.656331 -0.988697 -0.144002 -0.0417335 0.0635402 -0.65458 0.753318 -1.16346 1.9004 -0.268503</i>
                    </KeyFrames>
                </p>
            </i>
            <i>
                <p>
                    <Name><![CDATA[spine2]]></Name>
                    <Exclude>0</Exclude>
                    <Additive>0</Additive>
                    <IKPriority>0</IKPriority>
                    <IKRotLimits>-1e+010 -1e+010 -1e+010 1e+010 1e+010 1e+010</IKRotLimits>
                    <IKRotLimitOrder>0</IKRotLimitOrder>
                    <KeyFrames count="61">
                        <i>-0.15676 0.599325 0.785007 -0.985291 -0.149654 -0.0824994 0.0680354 -0.786393 0.613969 -1.18537 2.02006 -0.162468</i>
                        <i>-0.152516 0.587516 0.79471 -0.98569 -0.148836 -0.0791356 0.0717877 -0.795407 0.601809 -1.19558 2.00854 -0.162896</i>
                        <i>-0.147189 0.559857 0.815411 -0.985765 -0.150758 -0.0744301 0.0812596 -0.814759 0.574078 -1.22232 1.98233 -0.163213</i>
                        <i>-0.151271 0.527863 0.83575 -0.983809 -0.162599 -0.0753717 0.096106 -0.83362 0.543913 -1.25978 1.95375 -0.162065</i>
                        <i>-0.174533 0.501916 0.847123 -0.977094 -0.194672 -0.0859694 0.121762 -0.842723 0.524396 -1.30217 1.93528 -0.158288</i>
                        <i>-0.21307 0.483033 0.849282 -0.964226 -0.244261 -0.102983 0.157703 -0.840842 0.517797 -1.34552 1.93096 -0.152299</i>
                        <i>-0.25289 0.465956 0.847899 -0.947688 -0.295725 -0.120139 0.194766 -0.833925 0.516367 -1.38724 1.93351 -0.145814</i>
                        <i>-0.289204 0.450832 0.844459 -0.929607 -0.342797 -0.135356 0.228455 -0.824161 0.518235 -1.42376 1.93916 -0.139682</i>
                        <i>-0.317615 0.43875 0.840607 -0.913387 -0.37964 -0.146962 0.254648 -0.814476 0.521328 -1.45168 1.94442 -0.134751</i>
                        <i>-0.333932 0.431339 0.838115 -0.903195 -0.400812 -0.153583 0.26968 -0.808268 0.523427 -1.46769 1.94592 -0.13187</i>
                        <i>-0.333964 0.431422 0.838059 -0.903181 -0.400853 -0.153561 0.269689 -0.808203 0.523523 -1.46769 1.94511 -0.131858</i>
                        <i>-0.334058 0.43166 0.837899 -0.903139 -0.400972 -0.1535 0.269714 -0.808017 0.523796 -1.46768 1.94292 -0.131823</i>
                        <i>-0.334206 0.432035 0.837647 -0.903072 -0.401158 -0.153403 0.269754 -0.807724 0.524229 -1.46767 1.93968 -0.131767</i>
                        <i>-0.334401 0.432532 0.837313 -0.902985 -0.401405 -0.153274 0.269806 -0.807335 0.5248 -1.46766 1.93572 -0.131693</i>
                        <i>-0.334637 0.433132 0.836908 -0.902879 -0.401703 -0.153118 0.269868 -0.806865 0.52549 -1.46764 1.93136 -0.131604</i>
                        <i>-0.334907 0.433818 0.836445 -0.902757 -0.402043 -0.15294 0.269939 -0.806327 0.526279 -1.46762 1.92695 -0.131502</i>
                        <i>-0.335204 0.434573 0.835933 -0.902624 -0.402418 -0.152743 0.270017 -0.805733 0.527148 -1.4676 1.92281 -0.13139</i>
                        <i>-0.335522 0.43538 0.835385 -0.902481 -0.402819 -0.152532 0.270099 -0.805097 0.528077 -1.46758 1.91928 -0.13127</i>
                        <i>-0.335854 0.436223 0.834812 -0.902331 -0.403236 -0.152311 0.270185 -0.804432 0.529046 -1.46755 1.91668 -0.131145</i>
                        <i>-0.336193 0.437083 0.834226 -0.902179 -0.403662 -0.152085 0.270272 -0.803751 0.530035 -1.46753 1.91535 -0.131017</i>
                        <i>-0.336533 0.437943 0.833638 -0.902027 -0.404088 -0.151858 0.270358 -0.803069 0.531025 -1.46751 1.91542 -0.130889</i>
                        <i>-0.336866 0.438786 0.833059 -0.901877 -0.404505 -0.151634 0.270442 -0.802398 0.531995 -1.46748 1.91662 -0.130764</i>
                        <i>-0.337186 0.439596 0.832503 -0.901734 -0.404905 -0.151419 0.270521 -0.801753 0.532926 -1.46746 1.91869 -0.130643</i>
                        <i>-0.337485 0.440353 0.831981 -0.901599 -0.40528 -0.151218 0.270596 -0.801148 0.533798 -1.46744 1.92135 -0.13053</i>
                        <i>-0.337758 0.441042 0.831506 -0.901477 -0.40562 -0.151034 0.270663 -0.800596 0.534591 -1.46742 1.92434 -0.130427</i>
                        <i>-0.337996 0.441645 0.831089 -0.90137 -0.405917 -0.150873 0.270721 -0.800113 0.535284 -1.4674 1.92738 -0.130338</i>
                        <i>-0.338194 0.442144 0.830743 -0.901282 -0.406164 -0.150739 0.270769 -0.799713 0.535858 -1.46739 1.93022 -0.130263</i>
                        <i>-0.338344 0.442522 0.830481 -0.901215 -0.40635 -0.150637 0.270806 -0.799409 0.536293 -1.46738 1.93258 -0.130207</i>
                        <i>-0.338438 0.442761 0.830315 -0.901172 -0.406468 -0.150573 0.270829 -0.799216 0.536568 -1.46737 1.93419 -0.130171</i>
                        <i>-0.338472 0.442845 0.830256 -0.901157 -0.406509 -0.150551 0.270837 -0.799149 0.536665 -1.46737 1.93479 -0.130158</i>
                        <i>-0.351971 0.459508 0.815456 -0.903579 -0.394148 -0.167906 0.244256 -0.795927 0.55393 -1.46661 1.90552 -0.132752</i>
                        <i>-0.375527 0.491644 0.785662 -0.906929 -0.369576 -0.20222 0.190942 -0.788479 0.584672 -1.46511 1.87795 -0.137784</i>
                        <i>-0.398877 0.529553 0.748646 -0.908319 -0.340263 -0.243266 0.125914 -0.777042 0.616726 -1.4633 1.89209 -0.143585</i>
                        <i>-0.415464 0.562869 0.714541 -0.907135 -0.314293 -0.279866 0.0670473 -0.76446 0.641176 -1.46168 1.91834 -0.148588</i>
                        <i>-0.422939 0.580986 0.695398 -0.905505 -0.300114 -0.299988 0.0344099 -0.756562 0.653016 -1.46079 1.93362 -0.151279</i>
                        <i>-0.422939 0.580986 0.695398 -0.905505 -0.300114 -0.299988 0.0344099 -0.756562 0.653016 -1.46079 1.93337 -0.151279</i>
                        <i>-0.422939 0.580986 0.695398 -0.905505 -0.300114 -0.299988 0.0344099 -0.756562 0.653016 -1.46079 1.93265 -0.151279</i>
                        <i>-0.422939 0.580986 0.695398 -0.905505 -0.300114 -0.299988 0.0344099 -0.756562 0.653016 -1.46079 1.93154 -0.151279</i>
                        <i>-0.422939 0.580986 0.695398 -0.905505 -0.300114 -0.299988 0.0344099 -0.756562 0.653016 -1.46079 1.93012 -0.151279</i>
                        <i>-0.422939 0.580986 0.695398 -0.905505 -0.300114 -0.299988 0.0344099 -0.756562 0.653016 -1.46079 1.92844 -0.151279</i>
                        <i>-0.422939 0.580986 0.695398 -0.905505 -0.300114 -0.299988 0.0344099 -0.756562 0.653016 -1.46079 1.92658 -0.151279</i>
                        <i>-0.422939 0.580986 0.695398 -0.905505 -0.300114 -0.299988 0.0344099 -0.756562 0.653016 -1.46079 1.92462 -0.151279</i>
                        <i>-0.422939 0.580986 0.695398 -0.905505 -0.300114 -0.299988 0.0344099 -0.756562 0.653016 -1.46079 1.92262 -0.151279</i>
                        <i>-0.422939 0.580986 0.695398 -0.905505 -0.300114 -0.299988 0.0344099 -0.756562 0.653016 -1.46079 1.92066 -0.151279</i>
                        <i>-0.422939 0.580986 0.695398 -0.905505 -0.300114 -0.299988 0.0344099 -0.756562 0.653016 -1.46079 1.91881 -0.151279</i>
                        <i>-0.422939 0.580986 0.695398 -0.905505 -0.300114 -0.299988 0.0344099 -0.756562 0.653016 -1.46079 1.91713 -0.151279</i>
                        <i>-0.422939 0.580986 0.695398 -0.905505 -0.300114 -0.299988 0.0344099 -0.756562 0.653016 -1.46079 1.9157 -0.151279</i>
                        <i>-0.422939 0.580986 0.695398 -0.905505 -0.300114 -0.299988 0.0344099 -0.756562 0.653016 -1.46079 1.9146 -0.151279</i>
                        <i>-0.422939 0.580986 0.695398 -0.905505 -0.300114 -0.299988 0.0344099 -0.756562 0.653016 -1.46079 1.91388 -0.151279</i>
                        <i>-0.422939 0.580986 0.695398 -0.905505 -0.300114 -0.299988 0.0344099 -0.756562 0.653016 -1.46079 1.91362 -0.151279</i>
                        <i>-0.403737 0.581882 0.705981 -0.914163 -0.287033 -0.286215 0.0360965 -0.760938 0.64782 -1.44673 1.91188 -0.152496</i>
                        <i>-0.373742 0.580629 0.723317 -0.926632 -0.268098 -0.263585 0.0408748 -0.768761 0.638228 -1.42534 1.90863 -0.154591</i>
                        <i>-0.336087 0.578327 0.743359 -0.940712 -0.244599 -0.235018 0.0459077 -0.778273 0.626245 -1.39823 1.90629 -0.157054</i>
                        <i>-0.294397 0.576424 0.762277 -0.954432 -0.218145 -0.203649 0.048899 -0.787495 0.614378 -1.36702 1.90732 -0.159393</i>
                        <i>-0.25293 0.576996 0.776597 -0.966287 -0.190585 -0.173109 0.0481252 -0.7942 0.605748 -1.33331 1.91422 -0.161145</i>
                        <i>-0.217837 0.580381 0.784669 -0.974815 -0.168748 -0.14581 0.0477858 -0.796669 0.602524 -1.29848 1.92962 -0.16211</i>
                        <i>-0.191757 0.584839 0.788158 -0.980086 -0.156324 -0.122455 0.0515912 -0.795944 0.603168 -1.26444 1.95146 -0.162555</i>
                        <i>-0.173926 0.589756 0.78863 -0.983096 -0.150503 -0.104264 0.057201 -0.793434 0.605963 -1.23362 1.97547 -0.162683</i>
                        <i>-0.163207 0.594395 0.787437 -0.984602 -0.148796 -0.0917537 0.0626297 -0.790287 0.609528 -1.20849 1.99756 -0.162639</i>
                        <i>-0.158073 0.59791 0.785822 -0.985183 -0.149124 -0.0847116 0.0665353 -0.787569 0.612624 -1.19157 2.01375 -0.162532</i>
                        <i>-0.15676 0.599325 0.785007 -0.985291 -0.149654 -0.0824994 0.0680354 -0.786393 0.613969 -1.18537 2.02006 -0.162468</i>
                    </KeyFrames>
                </p>
            </i>
            <i>
                <p>
                    <Name><![CDATA[head]]></Name>
                    <Exclude>0</Exclude>
                    <Additive>0</Additive>
                    <IKPriority>0</IKPriority>
                    <IKRotLimits>-1e+010 -1e+010 -1e+010 1e+010 1e+010 1e+010</IKRotLimits>
                    <IKRotLimitOrder>0</IKRotLimitOrder>
                    <KeyFrames count="61">
                        <i>0.0205671 0.98572 0.16713 -0.000804179 0.167182 -0.985926 -0.999788 0.0201433 0.00423115 -1.22593 2.18877 0.0287113</i>
                        <i>0.0128537 0.977661 0.209794 0.000113623 0.20981 -0.977742 -0.999917 0.0125915 0.00258575 -1.23352 2.1746 0.0320293</i>
                        <i>-0.00485202 0.952446 0.30467 0.00177203 0.304681 -0.952453 -0.999987 -0.00408143 -0.00316605 -1.25524 2.14197 0.0398942</i>
                        <i>-0.0254247 0.915153 0.402305 0.0013148 0.402466 -0.915434 -0.999676 -0.0227456 -0.0114358 -1.28945 2.10571 0.0493928</i>
                        <i>-0.0439738 0.887643 0.458427 -0.00647329 0.458609 -0.888615 -0.999012 -0.0420433 -0.0144208 -1.33443 2.08114 0.0582753</i>
                        <i>-0.0494102 0.883455 0.465904 -0.0229912 0.465344 -0.884831 -0.998514 -0.0544314 -0.0026811 -1.38551 2.07282 0.0659449</i>
                        <i>-0.0393659 0.892135 0.450051 -0.0433355 0.448452 -0.892756 -0.998285 -0.0546473 0.0210074 -1.43581 2.07201 0.0727915</i>
                        <i>-0.0231623 0.906989 0.420518 -0.0639973 0.418423 -0.905995 -0.997681 -0.0478969 0.0483532 -1.48053 2.07481 0.0784677</i>
                        <i>-0.0086568 0.921285 0.388793 -0.0809864 0.386884 -0.918565 -0.996678 -0.0394388 0.0712623 -1.51506 2.07782 0.0826458</i>
                        <i>-0.00222516 0.929676 0.368372 -0.0895194 0.366708 -0.926019 -0.995983 -0.0350369 0.0824081 -1.53495 2.07792 0.0850149</i>
                        <i>-0.00237582 0.930127 0.36723 -0.0888562 0.365582 -0.926528 -0.996042 -0.0348319 0.081779 -1.53495 2.07714 0.0850036</i>
                        <i>-0.0027864 0.931372 0.364059 -0.0870193 0.362453 -0.927931 -0.996203 -0.0342657 0.0800375 -1.53496 2.07502 0.0849714</i>
                        <i>-0.00338856 0.933242 0.359233 -0.0842362 0.357692 -0.930033 -0.99644 -0.0334119 0.0774007 -1.53498 2.07189 0.0849206</i>
                        <i>-0.00411204 0.935566 0.353128 -0.0807346 0.351668 -0.932637 -0.996727 -0.0323447 0.0740864 -1.535 2.06806 0.0848533</i>
                        <i>-0.00489114 0.938177 0.346121 -0.0767428 0.344752 -0.935551 -0.997039 -0.0311383 0.0703121 -1.53502 2.06388 0.0847721</i>
                        <i>-0.00566937 0.940916 0.338593 -0.0724913 0.337321 -0.938595 -0.997353 -0.0298662 0.0662958 -1.53505 2.05966 0.084679</i>
                        <i>-0.00640214 0.943634 0.330928 -0.068212 0.329752 -0.9416 -0.99765 -0.0286015 0.062256 -1.53509 2.05574 0.0845763</i>
                        <i>-0.00705809 0.946196 0.323516 -0.0641385 0.322429 -0.944418 -0.997916 -0.0274156 0.0584118 -1.53512 2.05243 0.0844664</i>
