<?xml version="1.0" encoding="ISO-8859-1" ?>
<Animl Version="1">
    <ModellingPackage><![CDATA[Maya.2010]]></ModellingPackage>
    <SrcFile><![CDATA[anims\vehicles\blue\~src\land\tank_m60patton\tank_m60patton_idle_random_crewman_a.mb]]></SrcFile>
    <FramesPerSecond>30</FramesPerSecond>
    <TotalFrames>61</TotalFrames>
    <Skeleton>
        <RefFrame>
            <Name><![CDATA[soldier_ref_frame]]></Name>
            <Exclude>0</Exclude>
            <Additive>0</Additive>
            <IKPriority>0</IKPriority>
            <IKRotLimits>-1e+010 -1e+010 -1e+010 1e+010 1e+010 1e+010</IKRotLimits>
            <IKRotLimitOrder>0</IKRotLimitOrder>
            <KeyFrames count="61">
                <i>1 0 0 0 1 0 0 0 1 0 0 0</i>
                <i>1 0 0 0 1 0 0 0 1 0 0 0</i>
                <i>1 0 0 0 1 0 0 0 1 0 0 0</i>
                <i>1 0 0 0 1 0 0 0 1 0 0 0</i>
                <i>1 0 0 0 1 0 0 0 1 0 0 0</i>
                <i>1 0 0 0 1 0 0 0 1 0 0 0</i>
                <i>1 0 0 0 1 0 0 0 1 0 0 0</i>
                <i>1 0 0 0 1 0 0 0 1 0 0 0</i>
                <i>1 0 0 0 1 0 0 0 1 0 0 0</i>
                <i>1 0 0 0 1 0 0 0 1 0 0 0</i>
                <i>1 0 0 0 1 0 0 0 1 0 0 0</i>
                <i>1 0 0 0 1 0 0 0 1 0 0 0</i>
                <i>1 0 0 0 1 0 0 0 1 0 0 0</i>
                <i>1 0 0 0 1 0 0 0 1 0 0 0</i>
                <i>1 0 0 0 1 0 0 0 1 0 0 0</i>
                <i>1 0 0 0 1 0 0 0 1 0 0 0</i>
                <i>1 0 0 0 1 0 0 0 1 0 0 0</i>
                <i>1 0 0 0 1 0 0 0 1 0 0 0</i>
                <i>1 0 0 0 1 0 0 0 1 0 0 0</i>
                <i>1 0 0 0 1 0 0 0 1 0 0 0</i>
                <i>1 0 0 0 1 0 0 0 1 0 0 0</i>
                <i>1 0 0 0 1 0 0 0 1 0 0 0</i>
                <i>1 0 0 0 1 0 0 0 1 0 0 0</i>
                <i>1 0 0 0 1 0 0 0 1 0 0 0</i>
                <i>1 0 0 0 1 0 0 0 1 0 0 0</i>
                <i>1 0 0 0 1 0 0 0 1 0 0 0</i>
                <i>1 0 0 0 1 0 0 0 1 0 0 0</i>
                <i>1 0 0 0 1 0 0 0 1 0 0 0</i>
                <i>1 0 0 0 1 0 0 0 1 0 0 0</i>
                <i>1 0 0 0 1 0 0 0 1 0 0 0</i>
                <i>1 0 0 0 1 0 0 0 1 0 0 0</i>
                <i>1 0 0 0 1 0 0 0 1 0 0 0</i>
                <i>1 0 0 0 1 0 0 0 1 0 0 0</i>
                <i>1 0 0 0 1 0 0 0 1 0 0 0</i>
                <i>1 0 0 0 1 0 0 0 1 0 0 0</i>
                <i>1 0 0 0 1 0 0 0 1 0 0 0</i>
                <i>1 0 0 0 1 0 0 0 1 0 0 0</i>
                <i>1 0 0 0 1 0 0 0 1 0 0 0</i>
                <i>1 0 0 0 1 0 0 0 1 0 0 0</i>
                <i>1 0 0 0 1 0 0 0 1 0 0 0</i>
                <i>1 0 0 0 1 0 0 0 1 0 0 0</i>
                <i>1 0 0 0 1 0 0 0 1 0 0 0</i>
                <i>1 0 0 0 1 0 0 0 1 0 0 0</i>
                <i>1 0 0 0 1 0 0 0 1 0 0 0</i>
                <i>1 0 0 0 1 0 0 0 1 0 0 0</i>
                <i>1 0 0 0 1 0 0 0 1 0 0 0</i>
                <i>1 0 0 0 1 0 0 0 1 0 0 0</i>
                <i>1 0 0 0 1 0 0 0 1 0 0 0</i>
                <i>1 0 0 0 1 0 0 0 1 0 0 0</i>
                <i>1 0 0 0 1 0 0 0 1 0 0 0</i>
                <i>1 0 0 0 1 0 0 0 1 0 0 0</i>
                <i>1 0 0 0 1 0 0 0 1 0 0 0</i>
                <i>1 0 0 0 1 0 0 0 1 0 0 0</i>
                <i>1 0 0 0 1 0 0 0 1 0 0 0</i>
                <i>1 0 0 0 1 0 0 0 1 0 0 0</i>
                <i>1 0 0 0 1 0 0 0 1 0 0 0</i>
                <i>1 0 0 0 1 0 0 0 1 0 0 0</i>
                <i>1 0 0 0 1 0 0 0 1 0 0 0</i>
                <i>1 0 0 0 1 0 0 0 1 0 0 0</i>
                <i>1 0 0 0 1 0 0 0 1 0 0 0</i>
                <i>1 0 0 0 1 0 0 0 1 0 0 0</i>
            </KeyFrames>
        </RefFrame>
        <Bones count="23">
            <i>
                <p>
                    <Name><![CDATA[pelvis]]></Name>
                    <Exclude>0</Exclude>
                    <Additive>0</Additive>
                    <IKPriority>0</IKPriority>
                    <IKRotLimits>-1e+010 -1e+010 -1e+010 1e+010 1e+010 1e+010</IKRotLimits>
                    <IKRotLimitOrder>2</IKRotLimitOrder>
                    <KeyFrames count="61">
                        <i>1 0 0 0 1 0 0 0 1 0 0.480668 -0.25</i>
                        <i>1 0 0 0 1 0 0 0 1 0 0.480668 -0.25</i>
                        <i>1 0 0 0 1 0 0 0 1 0 0.480668 -0.25</i>
                        <i>1 0 0 0 1 0 0 0 1 0 0.480668 -0.25</i>
                        <i>1 0 0 0 1 0 0 0 1 0 0.480668 -0.25</i>
                        <i>1 0 0 0 1 0 0 0 1 0 0.480668 -0.25</i>
                        <i>1 0 0 0 1 0 0 0 1 0 0.480668 -0.25</i>
                        <i>1 0 0 0 1 0 0 0 1 0 0.480668 -0.25</i>
                        <i>1 0 0 0 1 0 0 0 1 0 0.480668 -0.25</i>
                        <i>1 0 0 0 1 0 0 0 1 0 0.480668 -0.25</i>
                        <i>1 0 0 0 1 0 0 0 1 0 0.480668 -0.25</i>
                        <i>1 0 0 0 1 0 0 0 1 0 0.480668 -0.25</i>
                        <i>1 0 0 0 1 0 0 0 1 0 0.480668 -0.25</i>
                        <i>1 0 0 0 1 0 0 0 1 0 0.480668 -0.25</i>
                        <i>1 0 0 0 1 0 0 0 1 0 0.480668 -0.25</i>
                        <i>1 0 0 0 1 0 0 0 1 0 0.480668 -0.25</i>
                        <i>1 0 0 0 1 0 0 0 1 0 0.480668 -0.25</i>
                        <i>1 0 0 0 1 0 0 0 1 0 0.480668 -0.25</i>
                        <i>1 0 0 0 1 0 0 0 1 0 0.480668 -0.25</i>
                        <i>1 0 0 0 1 0 0 0 1 0 0.480668 -0.25</i>
                        <i>1 0 0 0 1 0 0 0 1 0 0.480668 -0.25</i>
                        <i>1 0 0 0 1 0 0 0 1 0 0.480668 -0.25</i>
                        <i>1 0 0 0 1 0 0 0 1 0 0.480668 -0.25</i>
                        <i>1 0 0 0 1 0 0 0 1 0 0.480668 -0.25</i>
                        <i>1 0 0 0 1 0 0 0 1 0 0.480668 -0.25</i>
                        <i>1 0 0 0 1 0 0 0 1 0 0.480668 -0.25</i>
                        <i>1 0 0 0 1 0 0 0 1 0 0.480668 -0.25</i>
                        <i>1 0 0 0 1 0 0 0 1 0 0.480668 -0.25</i>
                        <i>1 0 0 0 1 0 0 0 1 0 0.480668 -0.25</i>
                        <i>1 0 0 0 1 0 0 0 1 0 0.480668 -0.25</i>
                        <i>1 0 0 0 1 0 0 0 1 0 0.480668 -0.25</i>
                        <i>1 0 0 0 1 0 0 0 1 0 0.480668 -0.25</i>
                        <i>1 0 0 0 1 0 0 0 1 0 0.480668 -0.25</i>
                        <i>1 0 0 0 1 0 0 0 1 0 0.480668 -0.25</i>
                        <i>1 0 0 0 1 0 0 0 1 0 0.480668 -0.25</i>
                        <i>1 0 0 0 1 0 0 0 1 0 0.480668 -0.25</i>
                        <i>1 0 0 0 1 0 0 0 1 0 0.480668 -0.25</i>
                        <i>1 0 0 0 1 0 0 0 1 0 0.480668 -0.25</i>
                        <i>1 0 0 0 1 0 0 0 1 0 0.480668 -0.25</i>
                        <i>1 0 0 0 1 0 0 0 1 0 0.480668 -0.25</i>
                        <i>1 0 0 0 1 0 0 0 1 0 0.480668 -0.25</i>
                        <i>1 0 0 0 1 0 0 0 1 0 0.480668 -0.25</i>
                        <i>1 0 0 0 1 0 0 0 1 0 0.480668 -0.25</i>
                        <i>1 0 0 0 1 0 0 0 1 0 0.480668 -0.25</i>
                        <i>1 0 0 0 1 0 0 0 1 0 0.480668 -0.25</i>
                        <i>1 0 0 0 1 0 0 0 1 0 0.480668 -0.25</i>
                        <i>1 0 0 0 1 0 0 0 1 0 0.480668 -0.25</i>
                        <i>1 0 0 0 1 0 0 0 1 0 0.480668 -0.25</i>
                        <i>1 0 0 0 1 0 0 0 1 0 0.480668 -0.25</i>
                        <i>1 0 0 0 1 0 0 0 1 0 0.480668 -0.25</i>
                        <i>1 0 0 0 1 0 0 0 1 0 0.480668 -0.25</i>
                        <i>1 0 0 0 1 0 0 0 1 0 0.480668 -0.25</i>
                        <i>1 0 0 0 1 0 0 0 1 0 0.480668 -0.25</i>
                        <i>1 0 0 0 1 0 0 0 1 0 0.480668 -0.25</i>
                        <i>1 0 0 0 1 0 0 0 1 0 0.480668 -0.25</i>
                        <i>1 0 0 0 1 0 0 0 1 0 0.480668 -0.25</i>
                        <i>1 0 0 0 1 0 0 0 1 0 0.480668 -0.25</i>
                        <i>1 0 0 0 1 0 0 0 1 0 0.480668 -0.25</i>
                        <i>1 0 0 0 1 0 0 0 1 0 0.480668 -0.25</i>
                        <i>1 0 0 0 1 0 0 0 1 0 0.480668 -0.25</i>
                        <i>1 0 0 0 1 0 0 0 1 0 0.480668 -0.25</i>
                    </KeyFrames>
                </p>
            </i>
            <i>
                <p>
                    <Name><![CDATA[spine0]]></Name>
                    <Exclude>0</Exclude>
                    <Additive>0</Additive>
                    <IKPriority>0</IKPriority>
                    <IKRotLimits>-1e+010 -1e+010 -1e+010 1e+010 1e+010 1e+010</IKRotLimits>
                    <IKRotLimitOrder>0</IKRotLimitOrder>
                    <KeyFrames count="61">
                        <i>0.0191089 0.980115 0.197508 -0.99981 0.0194929 2.12053e-014 -0.00385001 -0.19747 0.980301 0 0.616321 -0.297898</i>
                        <i>0.0170633 0.980646 0.195044 -0.999849 0.0173974 9.45771e-014 -0.00339326 -0.195014 0.980795 0 0.616321 -0.297898</i>
                        <i>0.012328 0.981733 0.189862 -0.999921 0.0125564 1.60982e-014 -0.00238398 -0.189847 0.981811 0 0.616321 -0.297898</i>
                        <i>0.00681192 0.982671 0.185231 -0.999976 0.00693188 -1.3653e-013 -0.001284 -0.185227 0.982695 0 0.616321 -0.297898</i>
                        <i>0.00171546 0.982856 0.184369 -0.999998 0.00174538 -7.63806e-013 -0.000321793 -0.184369 0.982857 0 0.616321 -0.297898</i>
                        <i>-0.00282862 0.981999 0.188867 -0.999996 -0.00288046 2.80123e-013 0.000544023 -0.188866 0.982003 0 0.616321 -0.297898</i>
                        <i>-0.00750189 0.980406 0.196845 -0.999971 -0.00765159 4.72539e-014 0.00150618 -0.196839 0.980435 0 0.616321 -0.297898</i>
                        <i>-0.0124718 0.978437 0.20617 -0.999919 -0.0127456 6.56003e-014 0.00262775 -0.206153 0.978516 0 0.616321 -0.297898</i>
                        <i>-0.0170988 0.976587 0.214444 -0.999847 -0.0175061 -8.22953e-015 0.00375407 -0.214411 0.976736 0 0.616321 -0.297898</i>
                        <i>-0.0200655 0.975482 0.219164 -0.999789 -0.0205655 1.54182e-014 0.00450722 -0.219118 0.975688 0 0.616321 -0.297898</i>
                        <i>-0.0199749 0.975465 0.219245 -0.99979 -0.020473 -1.19765e-014 0.00448862 -0.2192 0.97567 0 0.616321 -0.297898</i>
                        <i>-0.0197199 0.975419 0.219475 -0.999796 -0.0202127 4.86833e-014 0.00443618 -0.21943 0.975618 0 0.616321 -0.297898</i>
                        <i>-0.0193254 0.975347 0.21983 -0.999804 -0.01981 4.88221e-014 0.00435483 -0.219787 0.975538 0 0.616321 -0.297898</i>
                        <i>-0.0188165 0.975253 0.220288 -0.999814 -0.0192904 -5.2347e-014 0.00424943 -0.220247 0.975435 0 0.616321 -0.297898</i>
                        <i>-0.0182181 0.975143 0.220826 -0.999826 -0.0186792 -1.93595e-014 0.00412486 -0.220787 0.975313 0 0.616321 -0.297898</i>
                        <i>-0.0175553 0.97502 0.221422 -0.999838 -0.0180022 1.86656e-014 0.00398608 -0.221386 0.975178 0 0.616321 -0.297898</i>
                        <i>-0.0168533 0.974889 0.222054 -0.999851 -0.0172848 3.46667e-014 0.00383816 -0.222021 0.975034 0 0.616321 -0.297898</i>
                        <i>-0.0161374 0.974754 0.222698 -0.999863 -0.0165531 -4.6213e-015 0.00368634 -0.222668 0.974887 0 0.616321 -0.297898</i>
                        <i>-0.0154331 0.97462 0.223332 -0.999875 -0.015833 5.09454e-014 0.00353603 -0.223304 0.974742 0 0.616321 -0.297898</i>
                        <i>-0.0147662 0.974493 0.223933 -0.999885 -0.0151509 -4.21885e-014 0.0033928 -0.223907 0.974605 0 0.616321 -0.297898</i>
                        <i>-0.0141623 0.974377 0.224477 -0.999894 -0.0145332 -1.04985e-013 0.00326237 -0.224453 0.974479 0 0.616321 -0.297898</i>
                        <i>-0.0136475 0.974277 0.22494 -0.999902 -0.0140065 1.24165e-013 0.00315062 -0.224918 0.974373 0 0.616321 -0.297898</i>
                        <i>-0.0132477 0.974199 0.2253 -0.999908 -0.0135973 -1.1964e-013 0.00306347 -0.22528 0.974289 0 0.616321 -0.297898</i>
                        <i>-0.0129888 0.974149 0.225534 -0.999911 -0.0133323 5.55667e-014 0.00300688 -0.225514 0.974235 0 0.616321 -0.297898</i>
                        <i>-0.0128968 0.974131 0.225617 -0.999912 -0.0132381 5.10564e-014 0.00298673 -0.225597 0.974216 0 0.616321 -0.297898</i>
                        <i>-0.0115862 0.974586 0.223713 -0.999929 -0.0118875 -2.01644e-014 0.0026594 -0.223698 0.974655 0 0.616321 -0.297898</i>
                        <i>-0.0107454 0.975485 0.219802 -0.999939 -0.0110148 8.37247e-014 0.00242107 -0.219789 0.975545 0 0.616321 -0.297898</i>
                        <i>-0.0102082 0.976464 0.215437 -0.999945 -0.0104536 7.47596e-014 0.00225211 -0.215426 0.976518 0 0.616321 -0.297898</i>
                        <i>-0.00947819 0.977209 0.212068 -0.999953 -0.00969879 7.01939e-014 0.0020568 -0.212058 0.977255 0 0.616321 -0.297898</i>
                        <i>-0.00762911 0.977476 0.210908 -0.99997 -0.00780467 -4.2355e-014 0.00164606 -0.210901 0.977506 0 0.616321 -0.297898</i>
                        <i>-0.00451207 0.977226 0.212154 -0.999989 -0.00461717 -2.10443e-013 0.00097955 -0.212151 0.977236 0 0.616321 -0.297898</i>
                        <i>-0.000840492 0.97666 0.214789 -1 -0.000860577 2.10161e-012 0.000184843 -0.214789 0.97666 0 0.616321 -0.297898</i>
                        <i>0.00315133 0.975944 0.217999 -0.999995 0.00322899 2.21587e-013 -0.000703917 -0.217998 0.975949 0 0.616321 -0.297898</i>
                        <i>0.0069415 0.975247 0.22101 -0.999975 0.00711751 -3.13777e-014 -0.00157304 -0.221004 0.975272 0 0.616321 -0.297898</i>
                        <i>0.00975782 0.97474 0.223128 -0.99995 0.0100102 -7.60919e-014 -0.00223355 -0.223117 0.974789 0 0.616321 -0.297898</i>
                        <i>0.00983309 0.974693 0.22333 -0.999949 0.0100879 5.53724e-015 -0.00225292 -0.223319 0.974743 0 0.616321 -0.297898</i>
                        <i>0.0100451 0.974561 0.223899 -0.999947 0.0103068 3.78864e-015 -0.00230767 -0.223887 0.974612 0 0.616321 -0.297898</i>
                        <i>0.0103736 0.974355 0.224779 -0.999943 0.010646 1.58387e-013 -0.002393 -0.224766 0.97441 0 0.616321 -0.297898</i>
                        <i>0.0107983 0.974087 0.225917 -0.999939 0.0110848 -4.46865e-014 -0.00250425 -0.225903 0.974147 0 0.616321 -0.297898</i>
                        <i>0.0112989 0.973769 0.227257 -0.999933 0.0116025 -1.10495e-013 -0.00263675 -0.227242 0.973835 0 0.616321 -0.297898</i>
                        <i>0.011855 0.973414 0.228745 -0.999926 0.0121779 -1.30909e-013 -0.00278563 -0.228728 0.973486 0 0.616321 -0.297898</i>
                        <i>0.0124458 0.973034 0.230324 -0.999918 0.0127897 -7.37743e-014 -0.00294577 -0.230306 0.973114 0 0.616321 -0.297898</i>
                        <i>0.0130501 0.972643 0.231938 -0.99991 0.013416 1.26676e-013 -0.00311168 -0.231917 0.972731 0 0.616321 -0.297898</i>
                        <i>0.0136465 0.972254 0.23353 -0.999902 0.0140346 5.39291e-014 -0.00327748 -0.233507 0.97235 0 0.616321 -0.297898</i>
                        <i>0.0142129 0.971882 0.23504 -0.999893 0.0146225 -1.38223e-014 -0.00343687 -0.235014 0.971986 0 0.616321 -0.297898</i>
                        <i>0.0147271 0.971542 0.236409 -0.999885 0.0151567 3.93435e-014 -0.00358318 -0.236382 0.971654 0 0.616321 -0.297898</i>
                        <i>0.0151664 0.97125 0.237579 -0.999878 0.0156135 7.38437e-014 -0.00370943 -0.23755 0.971368 0 0.616321 -0.297898</i>
                        <i>0.0155083 0.971022 0.238488 -0.999873 0.0159691 -1.20598e-013 -0.00380844 -0.238458 0.971145 0 0.616321 -0.297898</i>
                        <i>0.01573 0.970873 0.239078 -0.999869 0.0161997 -1.26704e-014 -0.003873 -0.239046 0.971 0 0.616321 -0.297898</i>
                        <i>0.0158088 0.97082 0.239287 -0.999867 0.0162818 1.17129e-014 -0.00389603 -0.239256 0.970949 0 0.616321 -0.297898</i>
                        <i>0.0157727 0.971261 0.237493 -0.999868 0.0162373 -4.18554e-014 -0.00385625 -0.237462 0.971389 0 0.616321 -0.297898</i>
                        <i>0.015625 0.97204 0.234297 -0.999871 0.0160723 -3.06699e-014 -0.0037657 -0.234267 0.972165 0 0.616321 -0.297898</i>
                        <i>0.0155005 0.973061 0.230026 -0.999873 0.0159276 -2.14273e-014 -0.00366376 -0.229997 0.973184 0 0.616321 -0.297898</i>
                        <i>0.0155162 0.974231 0.225017 -0.999873 0.0159246 2.27318e-014 -0.00358331 -0.224989 0.974355 0 0.616321 -0.297898</i>
                        <i>0.0157474 0.97546 0.219612 -0.99987 0.0161414 -9.12326e-014 -0.00354486 -0.219583 0.975587 0 0.616321 -0.297898</i>
                        <i>0.0162135 0.976666 0.214153 -0.999862 0.0165986 1.87905e-014 -0.00355463 -0.214123 0.9768 0 0.616321 -0.297898</i>
                        <i>0.0168743 0.977775 0.208978 -0.999851 0.0172553 6.50452e-014 -0.00360598 -0.208947 0.97792 0 0.616321 -0.297898</i>
                        <i>0.0176356 0.978725 0.204416 -0.999838 0.018016 -1.98452e-015 -0.00368277 -0.204383 0.978884 0 0.616321 -0.297898</i>
                        <i>0.0183629 0.979464 0.200781 -0.999824 0.0187447 8.07687e-014 -0.00376357 -0.200745 0.979636 0 0.616321 -0.297898</i>
                        <i>0.0189025 0.979943 0.198377 -0.999814 0.0192858 3.52773e-014 -0.00382587 -0.19834 0.980126 0 0.616321 -0.297898</i>
                        <i>0.0191089 0.980115 0.197508 -0.99981 0.0194929 2.12053e-014 -0.00385001 -0.19747 0.980301 0 0.616321 -0.297898</i>
                    </KeyFrames>
                </p>
            </i>
            <i>
                <p>
                    <Name><![CDATA[spine1]]></Name>
                    <Exclude>0</Exclude>
                    <Additive>0</Additive>
                    <IKPriority>0</IKPriority>
                    <IKRotLimits>-1e+010 -1e+010 -1e+010 1e+010 1e+010 1e+010</IKRotLimits>
                    <IKRotLimitOrder>0</IKRotLimitOrder>
                    <KeyFrames count="61">
                        <i>0.068337 0.774734 0.628584 -0.996114 0.0178955 0.086237 0.0555619 -0.632035 0.772946 0.00338007 0.789688 -0.262995</i>
                        <i>0.0647628 0.775622 0.627866 -0.996583 0.0179414 0.0806314 0.0512747 -0.630942 0.774134 0.00302065 0.789922 -0.263404</i>
                        <i>0.0553263 0.777556 0.626375 -0.99767 0.0179743 0.0658095 0.039912 -0.628557 0.776739 0.00218616 0.790414 -0.264266</i>
                        <i>0.0419169 0.779379 0.625149 -0.998836 0.0177373 0.0448598 0.0238743 -0.626302 0.779215 0.00120986 0.790853 -0.265037</i>
                        <i>0.0262205 0.779883 0.625375 -0.999638 0.0167312 0.0210477 0.00595148 -0.625701 0.78004 0.000304756 0.790929 -0.265182</i>
                        <i>0.00964795 0.778493 0.627579 -0.99985 0.0165211 -0.00512292 -0.0143564 -0.627435 0.778536 -0.00050171 0.790498 -0.264435</i>
                        <i>-0.00669433 0.775928 0.630787 -0.999287 0.0182489 -0.033053 -0.0371579 -0.630558 0.775252 -0.00132711 0.789759 -0.263109</i>
                        <i>-0.0216048 0.772971 0.634073 -0.998028 0.0207095 -0.0592519 -0.0589314 -0.634103 0.771 -0.00220005 0.78892 -0.26156</i>
                        <i>-0.0336093 0.770393 0.636683 -0.996518 0.0228064 -0.0802004 -0.0763062 -0.637161 0.766944 -0.00300921 0.78819 -0.260186</i>
                        <i>-0.041047 0.768911 0.638037 -0.995442 0.023543 -0.0924122 -0.0860781 -0.638922 0.76444 -0.00352683 0.787778 -0.259403</i>
                        <i>-0.0410216 0.768891 0.638063 -0.995443 0.0235678 -0.0923981 -0.0860818 -0.638945 0.764421 -0.00351083 0.787771 -0.259389</i>
                        <i>-0.04095 0.768835 0.638134 -0.995445 0.0236381 -0.0923588 -0.0860929 -0.63901 0.764365 -0.00346581 0.787753 -0.259351</i>
                        <i>-0.0408394 0.768749 0.638245 -0.995448 0.0237475 -0.092299 -0.0861115 -0.639109 0.76428 -0.00339618 0.787725 -0.259292</i>
                        <i>-0.0406969 0.768639 0.638387 -0.995452 0.02389 -0.0922238 -0.0861378 -0.639237 0.76417 -0.00330636 0.787689 -0.259216</i>
                        <i>-0.0405295 0.768509 0.638554 -0.995456 0.0240594 -0.0921381 -0.0861722 -0.639386 0.764041 -0.00320079 0.787647 -0.259127</i>
                        <i>-0.0403444 0.768366 0.638737 -0.995459 0.0242496 -0.0920468 -0.0862148 -0.639551 0.763899 -0.00308388 0.7876 -0.259027</i>
                        <i>-0.0401486 0.768216 0.638931 -0.995463 0.0244539 -0.0919541 -0.0862649 -0.639724 0.763749 -0.0029601 0.787551 -0.258922</i>
                        <i>-0.0399493 0.768063 0.639127 -0.995466 0.0246651 -0.0918637 -0.0863213 -0.639899 0.763596 -0.00283392 0.7875 -0.258815</i>
                        <i>-0.0397536 0.767914 0.639318 -0.995469 0.0248759 -0.091779 -0.086382 -0.64007 0.763445 -0.00270984 0.787451 -0.258709</i>
                        <i>-0.0395685 0.767773 0.639499 -0.995471 0.0250782 -0.0917025 -0.0864442 -0.640231 0.763303 -0.00259236 0.787404 -0.258609</i>
                        <i>-0.0394011 0.767647 0.639661 -0.995472 0.0252636 -0.0916364 -0.0865045 -0.640375 0.763175 -0.00248604 0.787362 -0.258519</i>
                        <i>-0.0392586 0.767539 0.639799 -0.995473 0.0254234 -0.0915824 -0.0865589 -0.640498 0.763066 -0.00239541 0.787326 -0.258442</i>
                        <i>-0.039148 0.767456 0.639906 -0.995473 0.0255486 -0.0915419 -0.086603 -0.640593 0.762981 -0.00232503 0.787298 -0.258382</i>
                        <i>-0.0390764 0.767402 0.639975 -0.995474 0.0256301 -0.0915164 -0.0866325 -0.640654 0.762927 -0.00227948 0.78728 -0.258343</i>
                        <i>-0.039051 0.767383 0.639999 -0.995474 0.0256592 -0.0915074 -0.0866431 -0.640676 0.762907 -0.00226328 0.787274 -0.258329</i>
                        <i>-0.031927 0.767334 0.640452 -0.996724 0.0231932 -0.0774756 -0.0743039 -0.640828 0.764081 -0.00203458 0.787462 -0.258639</i>
                        <i>-0.0215079 0.76757 0.640604 -0.998306 0.0181593 -0.055276 -0.0540611 -0.640707 0.76588 -0.00188929 0.787835 -0.259279</i>
                        <i>-0.00854716 0.767837 0.640589 -0.999554 0.0117734 -0.0274488 -0.0286182 -0.640538 0.767393 -0.00179758 0.788269 -0.25999</i>
                        <i>0.00628492 0.767852 0.640596 -0.99998 0.00520063 0.00357711 -0.00058481 -0.640606 0.767869 -0.00167138 0.788642 -0.260532</i>
                        <i>0.0224428 0.767307 0.640887 -0.999368 -0.000459396 0.0355463 0.0275693 -0.641279 0.766812 -0.00134645 0.788835 -0.260706</i>
                        <i>0.0390418 0.766134 0.641493 -0.997618 -0.00665645 0.0686655 0.0568771 -0.642646 0.764049 -0.000796416 0.78881 -0.260482</i>
                        <i>0.0549263 0.764643 0.64211 -0.994645 -0.0144865 0.102333 0.0875502 -0.644292 0.759752 -0.0001483 0.788647 -0.260031</i>
                        <i>0.0691707 0.763085 0.642586 -0.990839 -0.0223394 0.133187 0.115988 -0.645912 0.754549 0.000555684 0.788413 -0.259488</i>
                        <i>0.0807537 0.761713 0.642862 -0.98704 -0.0286237 0.157903 0.138678 -0.647282 0.74953 0.00122319 0.788174 -0.258982</i>
                        <i>0.088583 0.76077 0.642948 -0.98437 -0.031778 0.173224 0.152215 -0.648243 0.746064 0.0017186 0.787998 -0.258628</i>
                        <i>0.0886084 0.760712 0.643013 -0.984366 -0.0317807 0.173246 0.152225 -0.648311 0.746003 0.00173175 0.787979 -0.258595</i>
                        <i>0.0886799 0.76055 0.643195 -0.984355 -0.0317883 0.173305 0.152253 -0.648501 0.745832 0.0017688 0.787927 -0.258501</i>
                        <i>0.0887901 0.760299 0.643477 -0.984339 -0.0317996 0.173397 0.152296 -0.648795 0.745568 0.00182616 0.787846 -0.258356</i>
                        <i>0.0889316 0.759977 0.643837 -0.984318 -0.0318133 0.173513 0.152349 -0.649171 0.745229 0.00190028 0.787741 -0.258169</i>
                        <i>0.089097 0.759601 0.644258 -0.984293 -0.0318283 0.173648 0.152409 -0.64961 0.744834 0.0019876 0.787618 -0.257948</i>
                        <i>0.089279 0.759187 0.64472 -0.984267 -0.0318434 0.173795 0.152473 -0.650093 0.7444 0.00208453 0.787482 -0.257703</i>
                        <i>0.0894705 0.758752 0.645206 -0.984239 -0.0318578 0.173948 0.152539 -0.6506 0.743943 0.00218743 0.787339 -0.257443</i>
                        <i>0.0896643 0.758312 0.645696 -0.984212 -0.0318706 0.174101 0.152602 -0.651112 0.743482 0.00229261 0.787192 -0.257178</i>
                        <i>0.0898537 0.757882 0.646174 -0.984185 -0.0318815 0.174249 0.152661 -0.651612 0.743032 0.00239632 0.787049 -0.256916</i>
                        <i>0.0900317 0.757479 0.646622 -0.984161 -0.0318902 0.174386 0.152714 -0.652081 0.74261 0.00249474 0.786913 -0.256667</i>
                        <i>0.0901919 0.757116 0.647025 -0.984139 -0.0318967 0.174508 0.15276 -0.652502 0.74223 0.00258403 0.78679 -0.256442</i>
                        <i>0.0903277 0.756808 0.647366 -0.984121 -0.0319012 0.17461 0.152798 -0.652858 0.741909 0.00266029 0.786685 -0.25625</i>
                        <i>0.0904328 0.75657 0.647629 -0.984107 -0.031904 0.174688 0.152826 -0.653134 0.741661 0.0027196 0.786604 -0.2561</i>
                        <i>0.0905005 0.756417 0.647799 -0.984098 -0.0319056 0.174738 0.152843 -0.653311 0.741501 0.00275804 0.786551 -0.256003</i>
                        <i>0.0905246 0.756362 0.647859 -0.984095 -0.0319061 0.174756 0.15285 -0.653374 0.741444 0.00277172 0.786533 -0.255968</i>
                        <i>0.0891577 0.757102 0.647184 -0.985041 -0.0291765 0.169834 0.147464 -0.652645 0.743175 0.00276631 0.786667 -0.256269</i>
                        <i>0.0870697 0.758377 0.645974 -0.986418 -0.0250264 0.162339 0.13928 -0.651335 0.745898 0.00274213 0.786911 -0.256805</i>
                        <i>0.084491 0.760097 0.644294 -0.988038 -0.0198044 0.152933 0.129004 -0.649508 0.749331 0.00272264 0.787238 -0.25752</i>
                        <i>0.0816459 0.762163 0.642216 -0.98973 -0.0138628 0.142278 0.117342 -0.647237 0.753204 0.00272822 0.787621 -0.25836</i>
                        <i>0.0787416 0.764464 0.63984 -0.99135 -0.00755754 0.13103 0.105003 -0.644623 0.757256 0.00277201 0.788031 -0.259268</i>
                        <i>0.0759603 0.766867 0.637295 -0.992793 -0.00124758 0.119834 0.0926918 -0.641805 0.761246 0.00285738 0.788444 -0.260186</i>
                        <i>0.0734545 0.769223 0.634744 -0.993995 0.00470818 0.109322 0.0811049 -0.638963 0.76495 0.00297717 0.788833 -0.261058</i>
                        <i>0.071347 0.771367 0.632379 -0.994927 0.00995272 0.100111 0.070928 -0.636313 0.768163 0.00311462 0.789174 -0.261828</i>
                        <i>0.0697354 0.77312 0.630414 -0.995585 0.0141323 0.0927985 0.0628352 -0.634102 0.770692 0.00324571 0.789445 -0.262442</i>
                        <i>0.0687034 0.774302 0.629076 -0.995979 0.0168963 0.0879771 0.0574918 -0.632591 0.772349 0.0033429 0.789624 -0.262848</i>
                        <i>0.068337 0.774734 0.628584 -0.996114 0.0178955 0.086237 0.0555619 -0.632035 0.772946 0.00338007 0.789688 -0.262995</i>
                    </KeyFrames>
                </p>
            </i>
            <i>
                <p>
                    <Name><![CDATA[spine2]]></Name>
                    <Exclude>0</Exclude>
                    <Additive>0</Additive>
                    <IKPriority>0</IKPriority>
                    <IKRotLimits>-1e+010 -1e+010 -1e+010 1e+010 1e+010 1e+010</IKRotLimits>
                    <IKRotLimitOrder>0</IKRotLimitOrder>
                    <KeyFrames count="61">
                        <i>0.0988287 0.603334 0.791341 -0.987677 -0.0375107 0.151947 0.121359 -0.796606 0.592192 0.0145847 0.915459 -0.160702</i>
                        <i>0.0958151 0.599306 0.794766 -0.989132 -0.0321301 0.143476 0.111522 -0.799875 0.589714 0.013646 0.915936 -0.161143</i>
                        <i>0.0864526 0.590804 0.80217 -0.992513 -0.0186586 0.120709 0.0862826 -0.806599 0.584768 0.0112742 0.916957 -0.162066</i>
                        <i>0.070538 0.583263 0.809215 -0.996151 -0.00113221 0.087649 0.0520387 -0.812282 0.580938 0.0080983 0.917888 -0.162873</i>
                        <i>0.0489267 0.582223 0.811556 -0.998691 0.016396 0.048446 0.0149001 -0.812864 0.582263 0.00460411 0.918077 -0.162956</i>
                        <i>0.023897 0.590185 0.806914 -0.999369 0.0353127 0.00376848 -0.0262702 -0.806495 0.590657 0.00105838 0.91722 -0.162016</i>
                        <i>-0.00084584 0.603401 0.797437 -0.997368 0.0573117 -0.0444243 -0.0725081 -0.795375 0.601765 -0.00246157 0.915739 -0.160442</i>
                        <i>-0.022098 0.618081 0.785804 -0.992829 0.0787934 -0.0898955 -0.117479 -0.782156 0.611908 -0.00578024 0.914072 -0.158658</i>
                        <i>-0.0379179 0.6306 0.775181 -0.987313 0.0960557 -0.126434 -0.15419 -0.770141 0.618958 -0.008548 0.912638 -0.15711</i>
                        <i>-0.0474195 0.63754 0.768957 -0.983371 0.105311 -0.147955 -0.175307 -0.763186 0.621945 -0.0102747 0.911832 -0.156243</i>
                        <i>-0.0475774 0.637651 0.768855 -0.983373 0.10515 -0.148058 -0.175255 -0.763115 0.622046 -0.0102544 0.91182 -0.156227</i>
                        <i>-0.0480221 0.637964 0.768567 -0.983377 0.104696 -0.148349 -0.175107 -0.762916 0.622332 -0.0101973 0.911786 -0.156184</i>
                        <i>-0.0487097 0.638448 0.768122 -0.983384 0.103996 -0.148799 -0.174882 -0.762607 0.622774 -0.0101091 0.911734 -0.156116</i>
                        <i>-0.0495966 0.63907 0.767548 -0.983391 0.103094 -0.149381 -0.174594 -0.762208 0.623342 -0.00999537 0.911666 -0.156029</i>
                        <i>-0.0506391 0.639799 0.766872 -0.983397 0.102036 -0.150065 -0.17426 -0.761739 0.624009 -0.00986169 0.911587 -0.155926</i>
                        <i>-0.0517935 0.640604 0.766123 -0.983401 0.100868 -0.150825 -0.173897 -0.761218 0.624746 -0.00971373 0.911499 -0.155813</i>
                        <i>-0.0530158 0.641453 0.765329 -0.983403 0.0996358 -0.151631 -0.173518 -0.760665 0.625524 -0.00955714 0.911407 -0.155693</i>
                        <i>-0.0542618 0.642315 0.764518 -0.983401 0.0983832 -0.152454 -0.173139 -0.7601 0.626315 -0.00939757 0.911314 -0.15557</i>
                        <i>-0.0554872 0.64316 0.763719 -0.983397 0.097155 -0.153266 -0.172774 -0.759543 0.627091 -0.00924071 0.911222 -0.15545</i>
                        <i>-0.0566473 0.643957 0.762962 -0.983391 0.0959958 -0.154036 -0.172434 -0.759015 0.627823 -0.00909228 0.911136 -0.155335</i>
                        <i>-0.0576974 0.644676 0.762275 -0.983383 0.0949495 -0.154734 -0.172131 -0.758536 0.628485 -0.00895796 0.911058 -0.155232</i>
                        <i>-0.0585925 0.645287 0.76169 -0.983374 0.0940597 -0.155331 -0.171877 -0.758127 0.629048 -0.00884352 0.910991 -0.155144</i>
                        <i>-0.0592876 0.645761 0.761235 -0.983367 0.0933701 -0.155795 -0.171683 -0.75781 0.629484 -0.00875467 0.91094 -0.155075</i>
                        <i>-0.0597376 0.646067 0.76094 -0.983361 0.0929243 -0.156095 -0.171558 -0.757603 0.629766 -0.00869716 0.910907 -0.155031</i>
                        <i>-0.0598976 0.646175 0.760835 -0.983359 0.0927659 -0.156202 -0.171513 -0.75753 0.629866 -0.00867672 0.910895 -0.155015</i>
                        <i>-0.0470421 0.641967 0.765288 -0.987989 0.082987 -0.130346 -0.147187 -0.762228 0.630353 -0.00728546 0.911151 -0.155184</i>
                        <i>-0.0255144 0.634101 0.772829 -0.993794 0.0676412 -0.0883087 -0.108272 -0.770286 0.62844 -0.00543618 0.911711 -0.155666</i>
                        <i>0.00243634 0.624807 0.780775 -0.998214 0.0481276 -0.0353988 -0.0596942 -0.779294 0.623808 -0.00321854 0.912372 -0.156218</i>
                        <i>0.0339952 0.61636 0.78673 -0.999403 0.0257733 0.022993 -0.00610469 -0.787043 0.616868 -0.000652916 0.912917 -0.15661</i>
                        <i>0.0656031 0.611037 0.788879 -0.996672 0.00179034 0.0814965 0.0483851 -0.7916 0.609121 0.00233242 0.913123 -0.156649</i>
                        <i>0.0952775 0.609669 0.786909 -0.989843 -0.0257678 0.139812 0.105516 -0.792237 0.601021 0.00561598 0.91292 -0.156318</i>
                        <i>0.122417 0.61094 0.782155 -0.97868 -0.0566503 0.197425 0.164924 -0.789648 0.590979 0.00887935 0.912471 -0.155809</i>
                        <i>0.145275 0.613773 0.776001 -0.964663 -0.086387 0.248922 0.219818 -0.784742 0.579535 0.0119247 0.911908 -0.15526</i>
                        <i>0.162578 0.617015 0.769975 -0.950827 -0.110524 0.289331 0.263622 -0.779152 0.568706 0.0144913 0.911366 -0.154786</i>
                        <i>0.173476 0.619496 0.765591 -0.941155 -0.124675 0.31414 0.290059 -0.775036 0.561414 0.0162663 0.910977 -0.154475</i>
                        <i>0.173361 0.619821 0.765355 -0.941144 -0.124696 0.314163 0.290162 -0.774773 0.561723 0.0162827 0.910942 -0.154438</i>
                        <i>0.173035 0.620732 0.764689 -0.941114 -0.124757 0.314228 0.290452 -0.774033 0.562593 0.0163289 0.910842 -0.154333</i>
                        <i>0.172532 0.62214 0.763658 -0.941069 -0.124851 0.314328 0.290899 -0.772887 0.563936 0.0164005 0.910689 -0.15417</i>
                        <i>0.171882 0.623952 0.762326 -0.94101 -0.124971 0.314457 0.291475 -0.771405 0.565665 0.0164928 0.910493 -0.15396</i>
                        <i>0.171117 0.626076 0.760755 -0.94094 -0.125112 0.314609 0.292149 -0.76966 0.567691 0.0166013 0.910262 -0.153713</i>
                        <i>0.170268 0.62842 0.75901 -0.940863 -0.125267 0.314778 0.292892 -0.767721 0.569928 0.0167216 0.910008 -0.153438</i>
                        <i>0.169368 0.630894 0.757157 -0.940781 -0.125431 0.314957 0.293676 -0.765663 0.57229 0.0168491 0.909741 -0.153148</i>
                        <i>0.168448 0.633408 0.755262 -0.940698 -0.125598 0.31514 0.294471 -0.763557 0.574688 0.0169791 0.909469 -0.152851</i>
                        <i>0.167541 0.63587 0.753391 -0.940615 -0.125761 0.31532 0.29525 -0.761481 0.577039 0.0171072 0.909204 -0.152559</i>
                        <i>0.166681 0.638194 0.751615 -0.940537 -0.125914 0.315491 0.295984 -0.759509 0.579258 0.0172284 0.908954 -0.152282</i>
                        <i>0.165902 0.640291 0.750003 -0.940467 -0.126053 0.315647 0.296646 -0.757719 0.58126 0.0173383 0.908728 -0.152031</i>
                        <i>0.165236 0.642073 0.748625 -0.940407 -0.126171 0.315779 0.297208 -0.75619 0.582962 0.017432 0.908537 -0.151817</i>
                        <i>0.164719 0.643454 0.747552 -0.94036 -0.126262 0.315882 0.297643 -0.755 0.584281 0.0175048 0.908389 -0.15165</i>
                        <i>0.164383 0.644347 0.746857 -0.940329 -0.126321 0.315949 0.297924 -0.754228 0.585133 0.0175519 0.908293 -0.151542</i>
                        <i>0.164264 0.644664 0.74661 -0.940318 -0.126342 0.315973 0.298024 -0.753954 0.585436 0.0175687 0.908259 -0.151504</i>
                        <i>0.160888 0.642973 0.7488 -0.943892 -0.121467 0.307106 0.288415 -0.756196 0.587354 0.0173414 0.908552 -0.151877</i>
                        <i>0.155928 0.639742 0.752607 -0.949117 -0.114017 0.293561 0.273613 -0.760086 0.589411 0.0169798 0.909077 -0.152538</i>
                        <i>0.149643 0.63538 0.757561 -0.955311 -0.104635 0.276464 0.254927 -0.765078 0.591328 0.016544 0.909785 -0.153431</i>
                        <i>0.142316 0.630288 0.763206 -0.961842 -0.0939705 0.25696 0.233678 -0.770654 0.592864 0.0160901 0.910624 -0.154495</i>
                        <i>0.134284 0.62485 0.76911 -0.968178 -0.0826787 0.236212 0.211186 -0.776354 0.593864 0.0156644 0.911543 -0.155665</i>
                        <i>0.125959 0.619429 0.774882 -0.973912 -0.0714127 0.215398 0.18876 -0.781798 0.594274 0.0152996 0.912486 -0.156871</i>
                        <i>0.117825 0.614357 0.780181 -0.978775 -0.0608168 0.195707 0.167682 -0.786681 0.594151 0.0150132 0.913393 -0.158036</i>
                        <i>0.110434 0.609938 0.784717 -0.982621 -0.0515208 0.178331 0.1492 -0.790773 0.593648 0.0148086 0.914206 -0.159083</i>
                        <i>0.104389 0.60645 0.788239 -0.985396 -0.0441377 0.164458 0.134527 -0.793895 0.592986 0.0146778 0.914861 -0.159929</i>
                        <i>0.100316 0.60416 0.790524 -0.987091 -0.0392683 0.155271 0.124851 -0.795895 0.592422 0.0146071 0.915299 -0.160496</i>
                        <i>0.0988287 0.603334 0.791341 -0.987677 -0.0375107 0.151947 0.121359 -0.796606 0.592192 0.0145847 0.915459 -0.160702</i>
                    </KeyFrames>
                </p>
            </i>
            <i>
                <p>
                    <Name><![CDATA[head]]></Name>
                    <Exclude>0</Exclude>
                    <Additive>0</Additive>
                    <IKPriority>0</IKPriority>
                    <IKRotLimits>-1e+010 -1e+010 -1e+010 1e+010 1e+010 1e+010</IKRotLimits>
                    <IKRotLimitOrder>0</IKRotLimitOrder>
                    <KeyFrames count="61">
                        <i>-0.00196809 0.98467 0.174419 -0.160634 0.171843 -0.97194 -0.987012 -0.0299304 0.157833 0.0393229 1.08376 0.0346008</i>
                        <i>0.00501244 0.972944 0.230985 -0.164538 0.228642 -0.959505 -0.986358 -0.0331962 0.161232 0.0378643 1.08298 0.0354668</i>
                        <i>0.0171495 0.936289 0.350813 -0.156635 0.349048 -0.923922 -0.987508 -0.0391047 0.152641 0.033636 1.08133 0.0373442</i>
                        <i>0.0127241 0.887027 0.461543 -0.11111 0.459976 -0.880952 -0.993727 -0.040073 0.104411 0.0269203 1.07986 0.0391494</i>
                        <i>-0.029014 0.86565 0.499809 -0.00471139 0.499895 -0.866073 -0.999568 -0.0274831 -0.0104256 0.0182374 1.07969 0.0398148</i>
                        <i>-0.0990464 0.891964 0.441124 0.198062 0.452105 -0.869697 -0.975172 0.00122948 -0.221443 0.00850659 1.08133 0.0387721</i>
                        <i>-0.145879 0.931814 0.332329 0.463247 0.361158 -0.8093 -0.874141 0.0358905 -0.484345 -0.00103885 1.08396 0.0365259</i>
                        <i>-0.140975 0.96167 0.235196 0.701041 0.264715 -0.662169 -0.699048 0.0715326 -0.711488 -0.00936193 1.08679 0.0337208</i>
                        <i>-0.109851 0.975852 0.188801 0.850443 0.190599 -0.490326 -0.514471 0.106702 -0.850843 -0.0157128 1.08915 0.0311344</i>
                        <i>-0.0902493 0.979303 0.181165 0.910622 0.154801 -0.383151 -0.403265 0.130394 -0.905745 -0.0195802 1.09042 0.0296102</i>
                        <i>-0.0901341 0.979265 0.181428 0.910647 0.154794 -0.383095 -0.403235 0.130687 -0.905716 -0.0196147 1.09044 0.0295855</i>
                        <i>-0.0898096 0.979157 0.182167 0.910716 0.154775 -0.382936 -0.403149 0.131512 -0.905635 -0.0197117 1.0905 0.0295159</i>
                        <i>-0.0893068 0.978991 0.183306 0.910828 0.154743 -0.382684 -0.40301 0.132784 -0.905512 -0.0198618 1.0906 0.0294081</i>
                        <i>-0.0886564 0.978775 0.184768 0.910977 0.154693 -0.38235 -0.402817 0.134421 -0.905356 -0.0200553 1.09072 0.0292689</i>
                        <i>-0.0878894 0.97852 0.186476 0.911159 0.154626 -0.381943 -0.402573 0.136341 -0.905178 -0.0202827 1.09086 0.029105</i>
                        <i>-0.0870371 0.978237 0.188354 0.91137 0.154539 -0.381474 -0.40228 0.138458 -0.904986 -0.0205342 1.09101 0.0289231</i>
                        <i>-0.0861315 0.977935 0.190329 0.911604 0.154433 -0.380957 -0.401944 0.140692 -0.904791 -0.0208005 1.09118 0.0287301</i>
                        <i>-0.0852051 0.977625 0.192326 0.911854 0.15431 -0.380408 -0.401574 0.142961 -0.9046 -0.0210717 1.09134 0.0285328</i>
                        <i>-0.084291 0.977319 0.194275 0.912111 0.154175 -0.379847 -0.401184 0.145183 -0.904419 -0.0213382 1.0915 0.0283384</i>
                        <i>-0.0834229 0.977027 0.196107 0.912364 0.154033 -0.379297 -0.400791 0.147279 -0.904254 -0.0215904 1.09165 0.0281538</i>
                        <i>-0.0826353 0.976763 0.197753 0.912601 0.153895 -0.378783 -0.400415 0.149169 -0.904111 -0.0218185 1.09179 0.0279865</i>
                        <i>-0.0819624 0.976536 0.199148 0.912808 0.153768 -0.378333 -0.400079 0.150775 -0.903993 -0.0220129 1.09191 0.0278436</i>
