<?xml version="1.0" encoding="ISO-8859-1" ?>
<Animl Version="1">
    <ModellingPackage><![CDATA[Maya.2010]]></ModellingPackage>
    <SrcFile><![CDATA[anims\vehicles\blue\~src\land\tank_m1a1abrams\tank_m1a1abrams_fire_crewman_b.mb]]></SrcFile>
    <FramesPerSecond>30</FramesPerSecond>
    <TotalFrames>71</TotalFrames>
    <Skeleton>
        <RefFrame>
            <Name><![CDATA[soldier_ref_frame]]></Name>
            <Exclude>0</Exclude>
            <Additive>0</Additive>
            <IKPriority>0</IKPriority>
            <IKRotLimits>-1e+010 -1e+010 -1e+010 1e+010 1e+010 1e+010</IKRotLimits>
            <IKRotLimitOrder>0</IKRotLimitOrder>
            <KeyFrames count="71">
                <i>1 0 0 0 1 0 0 0 1 0.75 0 0</i>
                <i>1 0 0 0 1 0 0 0 1 0.75 0 0</i>
                <i>1 0 0 0 1 0 0 0 1 0.75 0 0</i>
                <i>1 0 0 0 1 0 0 0 1 0.75 0 0</i>
                <i>1 0 0 0 1 0 0 0 1 0.75 0 0</i>
                <i>1 0 0 0 1 0 0 0 1 0.75 0 0</i>
                <i>1 0 0 0 1 0 0 0 1 0.75 0 0</i>
                <i>1 0 0 0 1 0 0 0 1 0.75 0 0</i>
                <i>1 0 0 0 1 0 0 0 1 0.75 0 0</i>
                <i>1 0 0 0 1 0 0 0 1 0.75 0 0</i>
                <i>1 0 0 0 1 0 0 0 1 0.75 0 0</i>
                <i>1 0 0 0 1 0 0 0 1 0.75 0 0</i>
                <i>1 0 0 0 1 0 0 0 1 0.75 0 0</i>
                <i>1 0 0 0 1 0 0 0 1 0.75 0 0</i>
                <i>1 0 0 0 1 0 0 0 1 0.75 0 0</i>
                <i>1 0 0 0 1 0 0 0 1 0.75 0 0</i>
                <i>1 0 0 0 1 0 0 0 1 0.75 0 0</i>
                <i>1 0 0 0 1 0 0 0 1 0.75 0 0</i>
                <i>1 0 0 0 1 0 0 0 1 0.75 0 0</i>
                <i>1 0 0 0 1 0 0 0 1 0.75 0 0</i>
                <i>1 0 0 0 1 0 0 0 1 0.75 0 0</i>
                <i>1 0 0 0 1 0 0 0 1 0.75 0 0</i>
                <i>1 0 0 0 1 0 0 0 1 0.75 0 0</i>
                <i>1 0 0 0 1 0 0 0 1 0.75 0 0</i>
                <i>1 0 0 0 1 0 0 0 1 0.75 0 0</i>
                <i>1 0 0 0 1 0 0 0 1 0.75 0 0</i>
                <i>1 0 0 0 1 0 0 0 1 0.75 0 0</i>
                <i>1 0 0 0 1 0 0 0 1 0.75 0 0</i>
                <i>1 0 0 0 1 0 0 0 1 0.75 0 0</i>
                <i>1 0 0 0 1 0 0 0 1 0.75 0 0</i>
                <i>1 0 0 0 1 0 0 0 1 0.75 0 0</i>
                <i>1 0 0 0 1 0 0 0 1 0.75 0 0</i>
                <i>1 0 0 0 1 0 0 0 1 0.75 0 0</i>
                <i>1 0 0 0 1 0 0 0 1 0.75 0 0</i>
                <i>1 0 0 0 1 0 0 0 1 0.75 0 0</i>
                <i>1 0 0 0 1 0 0 0 1 0.75 0 0</i>
                <i>1 0 0 0 1 0 0 0 1 0.75 0 0</i>
                <i>1 0 0 0 1 0 0 0 1 0.75 0 0</i>
                <i>1 0 0 0 1 0 0 0 1 0.75 0 0</i>
                <i>1 0 0 0 1 0 0 0 1 0.75 0 0</i>
                <i>1 0 0 0 1 0 0 0 1 0.75 0 0</i>
                <i>1 0 0 0 1 0 0 0 1 0.75 0 0</i>
                <i>1 0 0 0 1 0 0 0 1 0.75 0 0</i>
                <i>1 0 0 0 1 0 0 0 1 0.75 0 0</i>
                <i>1 0 0 0 1 0 0 0 1 0.75 0 0</i>
                <i>1 0 0 0 1 0 0 0 1 0.75 0 0</i>
                <i>1 0 0 0 1 0 0 0 1 0.75 0 0</i>
                <i>1 0 0 0 1 0 0 0 1 0.75 0 0</i>
                <i>1 0 0 0 1 0 0 0 1 0.75 0 0</i>
                <i>1 0 0 0 1 0 0 0 1 0.75 0 0</i>
                <i>1 0 0 0 1 0 0 0 1 0.75 0 0</i>
                <i>1 0 0 0 1 0 0 0 1 0.75 0 0</i>
                <i>1 0 0 0 1 0 0 0 1 0.75 0 0</i>
                <i>1 0 0 0 1 0 0 0 1 0.75 0 0</i>
                <i>1 0 0 0 1 0 0 0 1 0.75 0 0</i>
                <i>1 0 0 0 1 0 0 0 1 0.75 0 0</i>
                <i>1 0 0 0 1 0 0 0 1 0.75 0 0</i>
                <i>1 0 0 0 1 0 0 0 1 0.75 0 0</i>
                <i>1 0 0 0 1 0 0 0 1 0.75 0 0</i>
                <i>1 0 0 0 1 0 0 0 1 0.75 0 0</i>
                <i>1 0 0 0 1 0 0 0 1 0.75 0 0</i>
                <i>1 0 0 0 1 0 0 0 1 0.75 0 0</i>
                <i>1 0 0 0 1 0 0 0 1 0.75 0 0</i>
                <i>1 0 0 0 1 0 0 0 1 0.75 0 0</i>
                <i>1 0 0 0 1 0 0 0 1 0.75 0 0</i>
                <i>1 0 0 0 1 0 0 0 1 0.75 0 0</i>
                <i>1 0 0 0 1 0 0 0 1 0.75 0 0</i>
                <i>1 0 0 0 1 0 0 0 1 0.75 0 0</i>
                <i>1 0 0 0 1 0 0 0 1 0.75 0 0</i>
                <i>1 0 0 0 1 0 0 0 1 0.75 0 0</i>
                <i>1 0 0 0 1 0 0 0 1 0.75 0 0</i>
            </KeyFrames>
        </RefFrame>
        <Bones count="23">
            <i>
                <p>
                    <Name><![CDATA[pelvis]]></Name>
                    <Exclude>0</Exclude>
                    <Additive>0</Additive>
                    <IKPriority>0</IKPriority>
                    <IKRotLimits>-1e+010 -1e+010 -1e+010 1e+010 1e+010 1e+010</IKRotLimits>
                    <IKRotLimitOrder>2</IKRotLimitOrder>
                    <KeyFrames count="71">
                        <i>1 0 0 0 1 0 0 0 1 0.75 1.20067 -0.297139</i>
                        <i>1 0 0 0 1 0 0 0 1 0.750635 1.20414 -0.29765</i>
                        <i>1 0 0 0 1 0 0 0 1 0.752222 1.21488 -0.298883</i>
                        <i>1 0 0 0 1 0 0 0 1 0.754286 1.23335 -0.30039</i>
                        <i>1 0 0 0 1 0 0 0 1 0.756349 1.26 -0.30172</i>
                        <i>1 0 0 0 1 0 0 0 1 0.757936 1.29058 -0.302425</i>
                        <i>1 0 0 0 1 0 0 0 1 0.758571 1.31665 -0.302055</i>
                        <i>1 0 0 0 1 0 0 0 1 0.757778 1.33243 -0.30016</i>
                        <i>1 0 0 0 1 0 0 0 1 0.755079 1.33214 -0.296291</i>
                        <i>1 0 0 0 1 0 0 0 1 0.75 1.31 -0.29</i>
                        <i>1 0 0 0 1 0 0 0 1 0.737966 1.26515 -0.276302</i>
                        <i>1 0 0 0 1 0 0 0 1 0.718011 1.20144 -0.25409</i>
                        <i>1 0 0 0 1 0 0 0 1 0.695074 1.12016 -0.228727</i>
                        <i>1 0 0 0 1 0 0 0 1 0.674091 1.02259 -0.205576</i>
                        <i>1 0 0 0 1 0 0 0 1 0.66 0.91 -0.19</i>
                        <i>1 0 0 0 1 0 0 0 1 0.66 0.929702 -0.19</i>
                        <i>1 0 0 0 1 0 0 0 1 0.66 0.943465 -0.19</i>
                        <i>1 0 0 0 1 0 0 0 1 0.66 0.952377 -0.19</i>
                        <i>1 0 0 0 1 0 0 0 1 0.66 0.957525 -0.19</i>
                        <i>1 0 0 0 1 0 0 0 1 0.66 0.96 -0.19</i>
                        <i>1 0 0 0 1 0 0 0 1 0.66 0.961052 -0.19</i>
                        <i>1 0 0 0 1 0 0 0 1 0.66 0.961281 -0.19</i>
                        <i>1 0 0 0 1 0 0 0 1 0.66 0.9608 -0.19</i>
                        <i>1 0 0 0 1 0 0 0 1 0.66 0.959719 -0.19</i>
                        <i>1 0 0 0 1 0 0 0 1 0.66 0.958148 -0.19</i>
                        <i>1 0 0 0 1 0 0 0 1 0.66 0.9562 -0.19</i>
                        <i>1 0 0 0 1 0 0 0 1 0.66 0.953985 -0.19</i>
                        <i>1 0 0 0 1 0 0 0 1 0.66 0.951615 -0.19</i>
                        <i>1 0 0 0 1 0 0 0 1 0.66 0.9492 -0.19</i>
                        <i>1 0 0 0 1 0 0 0 1 0.66 0.946852 -0.19</i>
                        <i>1 0 0 0 1 0 0 0 1 0.66 0.944681 -0.19</i>
                        <i>1 0 0 0 1 0 0 0 1 0.66 0.9428 -0.19</i>
                        <i>1 0 0 0 1 0 0 0 1 0.66 0.941319 -0.19</i>
                        <i>1 0 0 0 1 0 0 0 1 0.66 0.940348 -0.19</i>
                        <i>1 0 0 0 1 0 0 0 1 0.66 0.94 -0.19</i>
                        <i>1 0 0 0 1 0 0 0 1 0.66 0.940255 -0.19</i>
                        <i>1 0 0 0 1 0 0 0 1 0.66 0.940972 -0.19</i>
                        <i>1 0 0 0 1 0 0 0 1 0.66 0.94208 -0.19</i>
                        <i>1 0 0 0 1 0 0 0 1 0.66 0.943508 -0.19</i>
                        <i>1 0 0 0 1 0 0 0 1 0.66 0.945185 -0.19</i>
                        <i>1 0 0 0 1 0 0 0 1 0.66 0.94704 -0.19</i>
                        <i>1 0 0 0 1 0 0 0 1 0.66 0.949001 -0.19</i>
                        <i>1 0 0 0 1 0 0 0 1 0.66 0.950998 -0.19</i>
                        <i>1 0 0 0 1 0 0 0 1 0.66 0.95296 -0.19</i>
                        <i>1 0 0 0 1 0 0 0 1 0.66 0.954815 -0.19</i>
                        <i>1 0 0 0 1 0 0 0 1 0.66 0.956492 -0.19</i>
                        <i>1 0 0 0 1 0 0 0 1 0.66 0.95792 -0.19</i>
                        <i>1 0 0 0 1 0 0 0 1 0.66 0.959028 -0.19</i>
                        <i>1 0 0 0 1 0 0 0 1 0.66 0.959745 -0.19</i>
                        <i>1 0 0 0 1 0 0 0 1 0.66 0.96 -0.19</i>
                        <i>1 0 0 0 1 0 0 0 1 0.66391 0.973891 -0.194655</i>
                        <i>1 0 0 0 1 0 0 0 1 0.670783 0.994398 -0.202836</i>
                        <i>1 0 0 0 1 0 0 0 1 0.679914 1.01985 -0.213707</i>
                        <i>1 0 0 0 1 0 0 0 1 0.690603 1.04857 -0.226431</i>
                        <i>1 0 0 0 1 0 0 0 1 0.702146 1.07888 -0.240172</i>
                        <i>1 0 0 0 1 0 0 0 1 0.713841 1.10913 -0.254094</i>
                        <i>1 0 0 0 1 0 0 0 1 0.724984 1.13762 -0.26736</i>
                        <i>1 0 0 0 1 0 0 0 1 0.734875 1.16269 -0.279134</i>
                        <i>1 0 0 0 1 0 0 0 1 0.742809 1.18268 -0.288579</i>
                        <i>1 0 0 0 1 0 0 0 1 0.748085 1.19589 -0.29486</i>
                        <i>1 0 0 0 1 0 0 0 1 0.75 1.20067 -0.297139</i>
                        <i>1 0 0 0 1 0 0 0 1 0.75 1.20067 -0.297139</i>
                        <i>1 0 0 0 1 0 0 0 1 0.75 1.20067 -0.297139</i>
                        <i>1 0 0 0 1 0 0 0 1 0.75 1.20067 -0.297139</i>
                        <i>1 0 0 0 1 0 0 0 1 0.75 1.20067 -0.297139</i>
                        <i>1 0 0 0 1 0 0 0 1 0.75 1.20067 -0.297139</i>
                        <i>1 0 0 0 1 0 0 0 1 0.75 1.20067 -0.297139</i>
                        <i>1 0 0 0 1 0 0 0 1 0.75 1.20067 -0.297139</i>
                        <i>1 0 0 0 1 0 0 0 1 0.75 1.20067 -0.297139</i>
                        <i>1 0 0 0 1 0 0 0 1 0.75 1.20067 -0.297139</i>
                        <i>1 0 0 0 1 0 0 0 1 0.75 1.20067 -0.297139</i>
                    </KeyFrames>
                </p>
            </i>
            <i>
                <p>
                    <Name><![CDATA[spine0]]></Name>
                    <Exclude>0</Exclude>
                    <Additive>0</Additive>
                    <IKPriority>0</IKPriority>
                    <IKRotLimits>-1e+010 -1e+010 -1e+010 1e+010 1e+010 1e+010</IKRotLimits>
                    <IKRotLimitOrder>0</IKRotLimitOrder>
                    <KeyFrames count="71">
                        <i>0.179273 0.983449 -0.0262631 -0.932481 0.17837 0.314108 0.313593 -0.0318212 0.949024 0.758693 1.33688 -0.342612</i>
                        <i>0.171948 0.984182 -0.0426682 -0.932807 0.176591 0.314144 0.31671 -0.0142151 0.948416 0.759298 1.3405 -0.342689</i>
                        <i>0.155043 0.984881 -0.0772688 -0.933709 0.171639 0.31421 0.322722 0.0234305 0.946204 0.760727 1.35156 -0.342947</i>
                        <i>0.136527 0.9846 -0.109193 -0.934983 0.164497 0.314242 0.327364 0.0591907 0.943042 0.762407 1.37038 -0.343427</i>
                        <i>0.124113 0.984712 -0.122222 -0.936276 0.157009 0.314223 0.328609 0.0754341 0.941449 0.763768 1.39725 -0.344176</i>
                        <i>0.121271 0.986396 -0.110982 -0.937341 0.15059 0.314187 0.326626 0.0659262 0.942852 0.764396 1.42789 -0.344842</i>
                        <i>0.124861 0.988592 -0.0842393 -0.938194 0.145265 0.31415 0.322803 0.0398076 0.945629 0.764027 1.45395 -0.344678</i>
                        <i>0.131974 0.989973 -0.0503665 -0.938838 0.141138 0.314107 0.318066 0.00583216 0.948051 0.762319 1.46965 -0.343138</i>
                        <i>0.13945 0.990029 -0.0198912 -0.939231 0.138604 0.314061 0.313687 -0.0251133 0.949194 0.758931 1.46926 -0.339674</i>
                        <i>0.144309 0.989522 -0.00469607 -0.939261 0.13847 0.314029 0.311389 -0.0409064 0.949402 0.753516 1.44701 -0.33374</i>
                        <i>0.149573 0.988718 -0.00803258 -0.938352 0.144505 0.314029 0.311647 -0.0394328 0.949379 0.741867 1.40203 -0.320389</i>
                        <i>0.158325 0.987139 -0.0221343 -0.936302 0.157213 0.314042 0.313482 -0.0289964 0.949151 0.723025 1.33816 -0.298575</i>
                        <i>0.167929 0.984893 -0.0422543 -0.93358 0.172652 0.314037 0.316589 -0.0132881 0.94847 0.701524 1.25669 -0.273611</i>
                        <i>0.175872 0.982357 -0.0635929 -0.930827 0.186974 0.31401 0.32036 0.00396851 0.947287 0.681901 1.15893 -0.250806</i>
                        <i>0.179746 0.980332 -0.0814933 -0.928893 0.196415 0.313973 0.323804 0.0192631 0.945928 0.668693 1.04621 -0.235473</i>
                        <i>0.177713 0.980232 -0.0869709 -0.928923 0.196268 0.313975 0.324838 0.024992 0.94544 0.668693 1.06591 -0.235473</i>
                        <i>0.172791 0.979822 -0.100456 -0.928976 0.196014 0.313977 0.327333 0.0390689 0.944101 0.668693 1.07967 -0.235473</i>
                        <i>0.166716 0.978988 -0.117423 -0.929007 0.195864 0.313979 0.330381 0.0567414 0.942141 0.668693 1.08859 -0.235473</i>
                        <i>0.16095 0.977863 -0.133713 -0.929012 0.195843 0.313979 0.333215 0.0736862 0.939967 0.668693 1.09373 -0.235473</i>
                        <i>0.156556 0.976816 -0.146016 -0.929015 0.195829 0.313979 0.335294 0.0864956 0.938134 0.668693 1.09621 -0.235473</i>
                        <i>0.152497 0.975995 -0.155497 -0.929145 0.195201 0.313986 0.336801 0.0965974 0.936608 0.668693 1.09726 -0.235473</i>
                        <i>0.147564 0.975294 -0.164396 -0.929482 0.193561 0.314002 0.338064 0.106467 0.935081 0.668693 1.09749 -0.235473</i>
                        <i>0.142492 0.974743 -0.171968 -0.929935 0.191342 0.314022 0.338995 0.115173 0.933712 0.668693 1.09701 -0.235473</i>
                        <i>0.138193 0.974308 -0.17784 -0.930351 0.18928 0.314039 0.339632 0.122056 0.932605 0.668693 1.09593 -0.235473</i>
                        <i>0.135709 0.973899 -0.181943 -0.930539 0.188337 0.314047 0.340116 0.126686 0.931811 0.668693 1.09436 -0.235473</i>
                        <i>0.136139 0.973392 -0.18432 -0.930291 0.189576 0.314037 0.340624 0.128719 0.931347 0.668693 1.09241 -0.235473</i>
                        <i>0.139774 0.972668 -0.185418 -0.929509 0.19343 0.314003 0.341286 0.128459 0.93114 0.668693 1.09019 -0.235473</i>
                        <i>0.145725 0.971737 -0.185718 -0.928307 0.199213 0.313943 0.342067 0.126654 0.931101 0.668693 1.08782 -0.235473</i>
                        <i>0.153306 0.97067 -0.185193 -0.926797 0.206256 0.313855 0.342847 0.123521 0.931235 0.668693 1.08541 -0.235473</i>
                        <i>0.161803 0.969549 -0.183831 -0.925108 0.213873 0.313741 0.343504 0.119299 0.931543 0.668693 1.08306 -0.235473</i>
                        <i>0.170492 0.968461 -0.181703 -0.923381 0.221396 0.31361 0.343947 0.114313 0.932005 0.668693 1.08089 -0.235473</i>
                        <i>0.17866 0.967492 -0.178998 -0.921766 0.228213 0.313474 0.344133 0.108989 0.932574 0.668693 1.07901 -0.235473</i>
                        <i>0.185631 0.966725 -0.176024 -0.920408 0.233794 0.313352 0.344078 0.103846 0.933181 0.668693 1.07753 -0.235473</i>
                        <i>0.190776 0.966236 -0.173185 -0.919442 0.237685 0.31326 0.343847 0.0994712 0.933742 0.668693 1.07656 -0.235473</i>
                        <i>0.193496 0.966097 -0.170927 -0.918992 0.239478 0.313216 0.343531 0.0964744 0.934173 0.668693 1.07621 -0.235473</i>
                        <i>0.193608 0.966387 -0.169149 -0.919121 0.238964 0.313229 0.343121 0.0948243 0.934493 0.668693 1.07646 -0.235473</i>
                        <i>0.191667 0.967071 -0.167443 -0.919731 0.236529 0.313288 0.342577 0.0939552 0.93478 0.668693 1.07718 -0.235473</i>
                        <i>0.188172 0.968046 -0.165768 -0.920694 0.23263 0.313378 0.341927 0.0936524 0.935048 0.668693 1.07829 -0.235473</i>
                        <i>0.183613 0.969209 -0.164076 -0.921885 0.227717 0.313485 0.341195 0.0936998 0.935311 0.668693 1.07972 -0.235473</i>
                        <i>0.17848 0.970459 -0.16234 -0.923183 0.222244 0.313594 0.340409 0.0938991 0.935577 0.668693 1.08139 -0.235473</i>
                        <i>0.17327 0.971698 -0.160564 -0.92447 0.216684 0.313694 0.339608 0.094083 0.93585 0.668693 1.08325 -0.235473</i>
                        <i>0.168485 0.972829 -0.158797 -0.925634 0.21153 0.313778 0.338843 0.0941214 0.936123 0.668693 1.08521 -0.235473</i>
                        <i>0.164629 0.97376 -0.157126 -0.926571 0.207293 0.31384 0.338176 0.0939209 0.936384 0.668693 1.08721 -0.235473</i>
                        <i>0.162207 0.974402 -0.155662 -0.927181 0.204488 0.313878 0.337675 0.0934138 0.936616 0.668693 1.08917 -0.235473</i>
                        <i>0.161645 0.974662 -0.154609 -0.927374 0.203594 0.31389 0.337414 0.0926419 0.936787 0.668693 1.09102 -0.235473</i>
                        <i>0.16261 0.974595 -0.15402 -0.92722 0.204309 0.313881 0.337374 0.0917701 0.936887 0.668693 1.0927 -0.235473</i>
                        <i>0.164462 0.974324 -0.153771 -0.926857 0.205984 0.313859 0.337474 0.0909057 0.936935 0.668693 1.09413 -0.235473</i>
                        <i>0.166565 0.973972 -0.153735 -0.926423 0.207969 0.313831 0.337635 0.0901501 0.93695 0.668693 1.09524 -0.235473</i>
                        <i>0.168287 0.973667 -0.153792 -0.926058 0.209624 0.313807 0.337782 0.0896112 0.936949 0.668693 1.09595 -0.235473</i>
                        <i>0.169 0.973537 -0.153835 -0.925904 0.210316 0.313797 0.337847 0.0894052 0.936945 0.668693 1.09621 -0.235473</i>
                        <i>0.170899 0.974224 -0.147246 -0.926004 0.209868 0.313803 0.336617 0.0827215 0.938001 0.672604 1.1101 -0.240128</i>
                        <i>0.172872 0.97529 -0.137568 -0.926315 0.208457 0.313824 0.334746 0.0731797 0.939462 0.679476 1.13061 -0.248309</i>
                        <i>0.174781 0.976609 -0.125247 -0.926827 0.206123 0.313857 0.332331 0.0612262 0.941173 0.688608 1.15606 -0.25918</i>
                        <i>0.176487 0.978043 -0.110833 -0.927514 0.202941 0.313898 0.329499 0.0473999 0.942966 0.699296 1.18478 -0.271904</i>
                        <i>0.177871 0.979455 -0.0950215 -0.928342 0.199046 0.313945 0.326408 0.0323707 0.944674 0.710839 1.21509 -0.285645</i>
                        <i>0.178851 0.980726 -0.0786713 -0.929258 0.194653 0.313991 0.323253 0.0169482 0.946161 0.722534 1.24533 -0.299567</i>
                        <i>0.179405 0.98177 -0.0627832 -0.930193 0.190062 0.314033 0.320241 0.00206142 0.947334 0.733678 1.27383 -0.312833</i>
                        <i>0.179585 0.982548 -0.0484586 -0.93107 0.185665 0.314066 0.317582 -0.0112832 0.948164 0.743568 1.2989 -0.324607</i>
                        <i>0.179512 0.983066 -0.0368444 -0.9318 0.181922 0.31409 0.315473 -0.0220512 0.948678 0.751503 1.31888 -0.334052</i>
                        <i>0.179353 0.983355 -0.0290814 -0.932298 0.17933 0.314103 0.31409 -0.0292229 0.948943 0.756779 1.3321 -0.340333</i>
                        <i>0.179273 0.983449 -0.0262631 -0.932481 0.17837 0.314108 0.313593 -0.0318212 0.949024 0.758693 1.33688 -0.342612</i>
                        <i>0.179273 0.983449 -0.0262631 -0.932481 0.17837 0.314108 0.313593 -0.0318212 0.949024 0.758693 1.33688 -0.342612</i>
                        <i>0.179273 0.983449 -0.0262631 -0.932481 0.17837 0.314108 0.313593 -0.0318212 0.949024 0.758693 1.33688 -0.342612</i>
                        <i>0.179273 0.983449 -0.0262631 -0.932481 0.17837 0.314108 0.313593 -0.0318212 0.949024 0.758693 1.33688 -0.342612</i>
                        <i>0.179273 0.983449 -0.0262631 -0.932481 0.17837 0.314108 0.313593 -0.0318212 0.949024 0.758693 1.33688 -0.342612</i>
                        <i>0.179273 0.983449 -0.0262631 -0.932481 0.17837 0.314108 0.313593 -0.0318212 0.949024 0.758693 1.33688 -0.342612</i>
                        <i>0.179273 0.983449 -0.0262631 -0.932481 0.17837 0.314108 0.313593 -0.0318212 0.949024 0.758693 1.33688 -0.342612</i>
                        <i>0.179273 0.983449 -0.0262631 -0.932481 0.17837 0.314108 0.313593 -0.0318212 0.949024 0.758693 1.33688 -0.342612</i>
                        <i>0.179273 0.983449 -0.0262631 -0.932481 0.17837 0.314108 0.313593 -0.0318212 0.949024 0.758693 1.33688 -0.342612</i>
                        <i>0.179273 0.983449 -0.0262631 -0.932481 0.17837 0.314108 0.313593 -0.0318212 0.949024 0.758693 1.33688 -0.342612</i>
                        <i>0.179273 0.983449 -0.0262631 -0.932481 0.17837 0.314108 0.313593 -0.0318212 0.949024 0.758693 1.33688 -0.342612</i>
                    </KeyFrames>
                </p>
            </i>
            <i>
                <p>
                    <Name><![CDATA[spine1]]></Name>
                    <Exclude>0</Exclude>
                    <Additive>0</Additive>
                    <IKPriority>0</IKPriority>
                    <IKRotLimits>-1e+010 -1e+010 -1e+010 1e+010 1e+010 1e+010</IKRotLimits>
                    <IKRotLimitOrder>0</IKRotLimitOrder>
                    <KeyFrames count="71">
                        <i>0.179503 0.982554 0.0486429 -0.936552 0.155547 0.314125 0.301079 -0.101943 0.948134 0.789417 1.50542 -0.347112</i>
                        <i>0.172883 0.984361 0.0338358 -0.936136 0.15354 0.316346 0.306204 -0.0863658 0.94804 0.788794 1.50933 -0.350009</i>
                        <i>0.157009 0.987597 0.000416278 -0.93527 0.148555 0.32125 0.317203 -0.0508285 0.946994 0.787404 1.52103 -0.356246</i>
                        <i>0.138215 0.989801 -0.0345175 -0.934596 0.141882 0.326189 0.32776 -0.0128243 0.944674 0.785995 1.54051 -0.362302</i>
                        <i>0.123845 0.990918 -0.0523862 -0.934969 0.134212 0.32836 0.332409 0.00831366 0.943099 0.785252 1.56773 -0.365345</i>
                        <i>0.118666 0.992005 -0.0429548 -0.936684 0.126193 0.326647 0.329456 0.00147315 0.94417 0.785347 1.59833 -0.364026</i>
                        <i>0.120221 0.99261 -0.0165167 -0.938951 0.119093 0.322782 0.322363 -0.0232968 0.946329 0.785524 1.62416 -0.359187</i>
                        <i>0.12559 0.991965 0.0152743 -0.941131 0.114255 0.318148 0.313847 -0.0543313 0.947918 0.78497 1.63956 -0.351783</i>
                        <i>0.132261 0.990355 0.0412902 -0.942648 0.112792 0.314155 0.306468 -0.0804724 0.948473 0.782819 1.63885 -0.34308</i>
                        <i>0.138036 0.989117 0.0509237 -0.942986 0.115528 0.312137 0.302857 -0.0911065 0.948671 0.778219 1.61639 -0.334542</i>
                        <i>0.149429 0.987791 0.0440402 -0.941221 0.128456 0.312413 0.302942 -0.0881352 0.948925 0.767459 1.57119 -0.321761</i>
                        <i>0.170352 0.984928 0.0299503 -0.93727 0.152578 0.313439 0.304145 -0.0814665 0.949136 0.750089 1.50689 -0.302355</i>
                        <i>0.194676 0.98079 0.0123317 -0.932035 0.181052 0.313896 0.305634 -0.0726018 0.949377 0.730189 1.42479 -0.280818</i>
                        <i>0.216394 0.976293 -0.00512292 -0.926768 0.207062 0.313411 0.307042 -0.0630727 0.949604 0.711882 1.32638 -0.26164</i>
                        <i>0.22989 0.973036 -0.0187617 -0.923034 0.224106 0.312705 0.308478 -0.05457 0.949665 0.699326 1.21327 -0.249354</i>
                        <i>0.228918 0.973208 -0.0215188 -0.923118 0.224045 0.312502 0.308951 -0.0516728 0.949673 0.699012 1.23313 -0.250305</i>
                        <i>0.226455 0.973602 -0.0285853 -0.923228 0.223907 0.312276 0.310433 -0.0443257 0.949561 0.69826 1.24733 -0.252659</i>
                        <i>0.22315 0.974037 -0.0381596 -0.923138 0.223738 0.312661 0.313081 -0.0345436 0.949098 0.697346 1.25685 -0.255657</i>
                        <i>0.219639 0.974387 -0.0482655 -0.922584 0.223537 0.314436 0.317171 -0.0245335 0.948051 0.696496 1.26267 -0.25858</i>
                        <i>0.21661 0.974614 -0.0566436 -0.921265 0.223263 0.318472 0.323033 -0.0168005 0.946238 0.695859 1.26573 -0.260825</i>
                        <i>0.213563 0.974853 -0.0636584 -0.918659 0.222566 0.326389 0.332349 -0.0112242 0.94309 0.69526 1.26732 -0.262584</i>
                        <i>0.209734 0.975188 -0.0708518 -0.914841 0.221297 0.337777 0.345076 -0.00602544 0.938555 0.694512 1.26818 -0.264265</i>
                        <i>0.205629 0.97555 -0.0775751 -0.910428 0.219771 0.350458 0.358938 -0.00143783 0.93336 0.693731 1.26834 -0.265725</i>
                        <i>0.201944 0.975852 -0.0832532 -0.906105 0.21842 0.362306 0.371742 0.00227071 0.928334 0.693066 1.26783 -0.266879</i>
                        <i>0.199526 0.975985 -0.0874194 -0.902624 0.217783 0.371268 0.381391 0.00482909 0.924401 0.692692 1.26666 -0.267694</i>
                        <i>0.199287 0.975828 -0.0896881 -0.900795 0.218456 0.375292 0.385814 0.00599996 0.922557 0.692799 1.26484 -0.268158</i>
                        <i>0.201413 0.975334 -0.0903146 -0.900701 0.220654 0.374232 0.384929 0.00597133 0.922927 0.693441 1.26249 -0.26835</i>
                        <i>0.205163 0.974588 -0.0899236 -0.901704 0.223944 0.369837 0.380577 0.00520758 0.924735 0.694472 1.25979 -0.268372</i>
                        <i>0.209999 0.973672 -0.0886712 -0.903564 0.227918 0.362802 0.37346 0.0039319 0.927638 0.695773 1.25693 -0.268227</i>
                        <i>0.215384 0.972671 -0.0867222 -0.906008 0.232175 0.353898 0.364361 0.00234707 0.931255 0.697221 1.25406 -0.267924</i>
                        <i>0.220809 0.97167 -0.0842709 -0.908727 0.236343 0.344032 0.354202 0.000613828 0.935169 0.698692 1.25135 -0.26748</i>
                        <i>0.225819 0.97075 -0.0815484 -0.911386 0.240089 0.334265 0.344067 -0.00116126 0.938944 0.700067 1.24895 -0.266938</i>
                        <i>0.230015 0.96999 -0.0788183 -0.913644 0.243127 0.325797 0.335183 -0.00292635 0.942148 0.701231 1.24702 -0.266356</i>
                        <i>0.233052 0.969461 -0.0763632 -0.915164 0.245199 0.319925 0.328879 -0.00467435 0.94436 0.702082 1.2457 -0.26581</i>
                        <i>0.234616 0.969232 -0.0744668 -0.915608 0.246066 0.317984 0.326524 -0.00642163 0.945167 0.70252 1.24513 -0.26538</i>
                        <i>0.234642 0.969339 -0.0729684 -0.914882 0.245581 0.320439 0.328534 -0.008431 0.944455 0.702513 1.2453 -0.265044</i>
                        <i>0.233486 0.969726 -0.0715207 -0.913227 0.243952 0.32635 0.333918 -0.0108836 0.942539 0.70215 1.24602 -0.264724</i>
                        <i>0.231448 0.970318 -0.0701074 -0.910795 0.241447 0.334897 0.341884 -0.0136577 0.939643 0.701519 1.24719 -0.264413</i>
                        <i>0.228814 0.971042 -0.0687127 -0.907751 0.238329 0.345234 0.351613 -0.0166203 0.935998 0.700706 1.24873 -0.264102</i>
                        <i>0.225867 0.971829 -0.0673307 -0.90429 0.234869 0.356506 0.362276 -0.0196364 0.931864 0.699797 1.25055 -0.263786</i>
                        <i>0.222888 0.972609 -0.0659705 -0.900642 0.231347 0.367861 0.373047 -0.0225759 0.927538 0.698878 1.25255 -0.263465</i>
                        <i>0.220159 0.973319 -0.0646587 -0.897081 0.228056 0.378465 0.383113 -0.0253182 0.923355 0.698034 1.25465 -0.263147</i>
                        <i>0.217961 0.973894 -0.0634377 -0.893914 0.225302 0.387501 0.391677 -0.0277522 0.919684 0.697353 1.25676 -0.262847</i>
                        <i>0.216576 0.974272 -0.0623617 -0.891474 0.223401 0.394165 0.397955 -0.029773 0.916922 0.696922 1.25877 -0.262582</i>
                        <i>0.216231 0.9744 -0.0615519 -0.889999 0.222637 0.397913 0.40143 -0.0312601 0.915356 0.696814 1.26061 -0.262389</i>
                        <i>0.216729 0.974321 -0.0610491 -0.889353 0.222844 0.399239 0.402591 -0.0322323 0.914812 0.696973 1.26222 -0.262277</i>
                        <i>0.217715 0.974118 -0.0607844 -0.889301 0.22365 0.398904 0.402174 -0.0327916 0.914976 0.697287 1.26355 -0.262226</i>
                        <i>0.218841 0.973872 -0.0606846 -0.889588 0.224682 0.397683 0.400927 -0.033045 0.915514 0.697647 1.26457 -0.262214</i>
                        <i>0.219766 0.973664 -0.0606768 -0.889951 0.225572 0.396364 0.399613 -0.0331079 0.916086 0.697942 1.26521 -0.262221</i>
                        <i>0.220149 0.973576 -0.0606899 -0.89013 0.22595 0.395747 0.399003 -0.0331016 0.916352 0.698065 1.26543 -0.262227</i>
                        <i>0.219612 0.974066 -0.0544622 -0.893639 0.223247 0.389321 0.391383 -0.0368299 0.919491 0.702259 1.27917 -0.265694</i>
                        <i>0.217636 0.974985 -0.0451625 -0.898374 0.218193 0.381202 0.38152 -0.0423906 0.923388 0.709421 1.29956 -0.272151</i>
                        <i>0.21437 0.976176 -0.0335615 -0.903896 0.211284 0.371929 0.370159 -0.0493944 0.927654 0.718827 1.32493 -0.280845</i>
                        <i>0.210009 0.977486 -0.0204432 -0.909792 0.203036 0.362016 0.358016 -0.0574275 0.931948 0.729755 1.35358 -0.291039</i>
                        <i>0.204819 0.978778 -0.00659788 -0.915694 0.19399 0.351955 0.345765 -0.0660452 0.935994 0.741483 1.38384 -0.302021</i>
                        <i>0.199144 0.979944 0.00718795 -0.921286 0.184714 0.342219 0.334028 -0.0747732 0.939593 0.753299 1.41404 -0.313103</i>
                        <i>0.193402 0.980913 0.0201406 -0.926299 0.175791 0.333269 0.323367 -0.0831111 0.942617 0.764498 1.44249 -0.32362</i>
                        <i>0.188063 0.981652 0.0315031 -0.930513 0.167818 0.325549 0.314289 -0.0905377 0.945 0.774387 1.46752 -0.332923</i>
                        <i>0.183629 0.98216 0.040532 -0.933742 0.161391 0.319497 0.307255 -0.0965152 0.94672 0.782286 1.48746 -0.34037</i>
                        <i>0.180611 0.982455 0.0464911 -0.935815 0.157105 0.315543 0.302703 -0.100498 0.947772 0.787521 1.50065 -0.345317</i>
                        <i>0.179503 0.982554 0.0486429 -0.936552 0.155547 0.314125 0.301079 -0.101943 0.948134 0.789417 1.50542 -0.347112</i>
                        <i>0.179503 0.982554 0.0486429 -0.936552 0.155547 0.314125 0.301079 -0.101943 0.948134 0.789417 1.50542 -0.347112</i>
                        <i>0.179503 0.982554 0.0486429 -0.936552 0.155547 0.314125 0.301079 -0.101943 0.948134 0.789417 1.50542 -0.347112</i>
                        <i>0.179503 0.982554 0.0486429 -0.936552 0.155547 0.314125 0.301079 -0.101943 0.948134 0.789417 1.50542 -0.347112</i>
                        <i>0.179503 0.982554 0.0486429 -0.936552 0.155547 0.314125 0.301079 -0.101943 0.948134 0.789417 1.50542 -0.347112</i>
                        <i>0.179503 0.982554 0.0486429 -0.936552 0.155547 0.314125 0.301079 -0.101943 0.948134 0.789417 1.50542 -0.347112</i>
                        <i>0.179503 0.982554 0.0486429 -0.936552 0.155547 0.314125 0.301079 -0.101943 0.948134 0.789417 1.50542 -0.347112</i>
                        <i>0.179503 0.982554 0.0486429 -0.936552 0.155547 0.314125 0.301079 -0.101943 0.948134 0.789417 1.50542 -0.347112</i>
                        <i>0.179503 0.982554 0.0486429 -0.936552 0.155547 0.314125 0.301079 -0.101943 0.948134 0.789417 1.50542 -0.347112</i>
                        <i>0.179503 0.982554 0.0486429 -0.936552 0.155547 0.314125 0.301079 -0.101943 0.948134 0.789417 1.50542 -0.347112</i>
                        <i>0.179503 0.982554 0.0486429 -0.936552 0.155547 0.314125 0.301079 -0.101943 0.948134 0.789417 1.50542 -0.347112</i>
                    </KeyFrames>
                </p>
            </i>
            <i>
                <p>
                    <Name><![CDATA[spine2]]></Name>
                    <Exclude>0</Exclude>
                    <Additive>0</Additive>
                    <IKPriority>0</IKPriority>
                    <IKRotLimits>-1e+010 -1e+010 -1e+010 1e+010 1e+010 1e+010</IKRotLimits>
                    <IKRotLimitOrder>0</IKRotLimitOrder>
                    <KeyFrames count="71">
                        <i>0.179022 0.960945 0.211034 -0.943516 0.106904 0.313605 0.278797 -0.255256 0.925806 0.817751 1.66052 -0.339436</i>
                        <i>0.183611 0.955352 0.231496 -0.942971 0.104662 0.315993 0.277655 -0.276314 0.920086 0.81611 1.66485 -0.344663</i>
                        <i>0.192771 0.94191 0.275038 -0.9418 0.0989331 0.321286 0.275412 -0.320965 0.906162 0.812295 1.67754 -0.356174</i>
                        <i>0.19945 0.927739 0.315468 -0.940726 0.0911548 0.326689 0.274326 -0.361927 0.890929 0.808008 1.69803 -0.367782</i>
                        <i>0.196164 0.923835 0.328707 -0.940626 0.0825822 0.329245 0.277023 -0.373776 0.885183 0.80502 1.72575 -0.373681</i>
                        <i>0.181749 0.932819 0.311154 -0.941908 0.0742588 0.327558 0.282446 -0.352612 0.892126 0.80425 1.75621 -0.370849</i>
                        <i>0.16316 0.946242 0.279293 -0.943868 0.0672975 0.323394 0.287213 -0.316381 0.904108 0.804601 1.78159 -0.3618</i>
                        <i>0.144887 0.959722 0.240712 -0.945863 0.0629342 0.318406 0.290432 -0.273813 0.916884 0.804827 1.79638 -0.349368</i>
                        <i>0.131439 0.970137 0.203858 -0.947297 0.0623126 0.314239 0.292152 -0.234418 0.927198 0.803688 1.79512 -0.336569</i>
                        <i>0.127063 0.975839 0.177745 -0.947611 0.0664795 0.312433 0.293068 -0.208132 0.933163 0.799982 1.77236 -0.326518</i>
                        <i>0.141239 0.975557 0.168344 -0.946083 0.0829376 0.313127 0.291511 -0.203493 0.934672 0.791006 1.72688 -0.314826</i>
                        <i>0.173822 0.96951 0.172733 -0.942634 0.113041 0.314107 0.285004 -0.217422 0.933542 0.776907 1.66197 -0.297648</i>
                        <i>0.214253 0.958761 0.186743 -0.93783 0.148466 0.313739 0.273076 -0.242352 0.930964 0.760793 1.579 -0.278891</i>
                        <i>0.25227 0.945432 0.206201 -0.932749 0.180865 0.311877 0.257564 -0.271011 0.927477 0.745854 1.47967 -0.26246</i>
                        <i>0.278723 0.933263 0.22657 -0.928999 0.202199 0.309963 0.243465 -0.296878 0.923357 0.735405 1.36599 -0.252314</i>
                        <i>0.281805 0.929669 0.237279 -0.92914 0.202731 0.309191 0.239341 -0.307597 0.920923 0.734977 1.38605 -0.253698</i>
                        <i>0.289198 0.920118 0.264098 -0.929364 0.203743 0.307849 0.229449 -0.334473 0.914047 0.733945 1.40075 -0.257169</i>
                        <i>0.298232 0.906462 0.298973 -0.929362 0.204364 0.307444 0.217587 -0.369543 0.903379 0.732671 1.41102 -0.261691</i>
                        <i>0.306821 0.891244 0.333984 -0.928788 0.20373 0.309592 0.20788 -0.40519 0.890285 0.73145 1.41768 -0.266241</i>
                        <i>0.313574 0.877987 0.361678 -0.927227 0.200988 0.315997 0.204748 -0.434446 0.877118 0.730495 1.42148 -0.26985</i>
                        <i>0.320457 0.865968 0.383935 -0.923586 0.195579 0.329755 0.210468 -0.460269 0.86247 0.729558 1.42374 -0.272764</i>
                        <i>0.329474 0.852493 0.405834 -0.917679 0.188045 0.350007 0.222063 -0.487744 0.844271 0.72836 1.42533 -0.275643</i>
                        <i>0.339221 0.838983 0.425483 -0.910557 0.17925 0.372499 0.236252 -0.513786 0.824747 0.727078 1.42623 -0.278235</i>
                        <i>0.347785 0.827106 0.441522 -0.903644 0.170162 0.393031 0.249948 -0.535669 0.806589 0.725957 1.42636 -0.280356</i>
                        <i>0.352843 0.81866 0.453097 -0.898761 0.161845 0.407474 0.260251 -0.551 0.792886 0.725293 1.42565 -0.281885</i>
                        <i>0.35187 0.815442 0.459611 -0.897961 0.15542 0.411717 0.264299 -0.557584 0.786922 0.725408 1.42401 -0.282736</i>
                        <i>0.344137 0.817397 0.461987 -0.90172 0.150599 0.405241 0.261668 -0.556042 0.78889 0.726393 1.42156 -0.283028</i>
                        <i>0.331566 0.822686 0.461792 -0.908428 0.146306 0.391604 0.254605 -0.549348 0.79586 0.727998 1.4186 -0.282973</i>
                        <i>0.315701 0.830317 0.459246 -0.916931 0.142469 0.372747 0.24407 -0.538773 0.806321 0.730026 1.41535 -0.282603</i>
                        <i>0.298126 0.839323 0.454597 -0.92612 0.13902 0.350678 0.231134 -0.525558 0.818759 0.732272 1.41202 -0.281956</i>
                        <i>0.280393 0.848799 0.448241 -0.935014 0.135908 0.327533 0.21709 -0.510949 0.831747 0.734538 1.40882 -0.281087</i>
                        <i>0.263972 0.857931 0.440765 -0.942816 0.133093 0.305588 0.203511 -0.496227 0.844004 0.736637 1.40596 -0.280078</i>
                        <i>0.250205 0.865999 0.432948 -0.948917 0.130554 0.28725 0.192235 -0.482703 0.854426 0.7384 1.40361 -0.279032</i>
                        <i>0.240308 0.872367 0.425708 -0.952846 0.128276 0.275007 0.185299 -0.471721 0.862058 0.739675 1.40197 -0.278071</i>
                        <i>0.23542 0.876451 0.420012 -0.954158 0.126244 0.271376 0.184823 -0.464646 0.865994 0.74032 1.40119 -0.277324</i>
                        <i>0.235957 0.87847 0.41547 -0.952621 0.12466 0.277439 0.191929 -0.461249 0.866264 0.740288 1.40125 -0.27674</i>
                        <i>0.240827 0.879228 0.411047 -0.948602 0.123633 0.291323 0.20532 -0.460079 0.863812 0.739717 1.40192 -0.276183</i>
                        <i>0.248939 0.879002 0.406676 -0.942406 0.122993 0.311035 0.223382 -0.460683 0.858994 0.738744 1.40308 -0.275642</i>
                        <i>0.259228 0.878048 0.402285 -0.934367 0.122572 0.334565 0.244455 -0.46261 0.852193 0.737499 1.40465 -0.275107</i>
                        <i>0.270645 0.876627 0.397839 -0.924941 0.122216 0.359926 0.266899 -0.46539 0.843906 0.736112 1.40652 -0.274569</i>
                        <i>0.282142 0.875017 0.393373 -0.914764 0.121791 0.385193 0.289141 -0.468522 0.834796 0.734712 1.40859 -0.274032</i>
                        <i>0.292674 0.873511 0.389 -0.904669 0.121187 0.40852 0.309705 -0.471479 0.825706 0.733429 1.41074 -0.273505</i>
                        <i>0.3012 0.872424 0.38491 -0.895663 0.120326 0.428147 0.327211 -0.473707 0.817639 0.732394 1.41289 -0.273011</i>
                        <i>0.306689 0.872079 0.38134 -0.888874 0.11915 0.442386 0.340359 -0.474639 0.81171 0.731736 1.41491 -0.272574</i>
                        <i>0.308261 0.872657 0.378741 -0.885271 0.117409 0.450011 0.348238 -0.474009 0.808731 0.731564 1.41671 -0.27225</i>
                        <i>0.306609 0.873892 0.377231 -0.884478 0.115145 0.45215 0.351694 -0.472286 0.808243 0.731792 1.41826 -0.272056</i>
                        <i>0.303057 0.87543 0.376536 -0.885561 0.112738 0.450636 0.35205 -0.470014 0.809412 0.732254 1.41952 -0.271961</i>
                        <i>0.298912 0.876924 0.376373 -0.887533 0.110556 0.447283 0.350622 -0.467742 0.811346 0.732785 1.42046 -0.27193</i>
                        <i>0.295475 0.878048 0.376465 -0.889417 0.10897 0.443918 0.348758 -0.466001 0.813149 0.733223 1.42105 -0.271934</i>
                        <i>0.294042 0.878492 0.376552 -0.890255 0.108358 0.442386 0.34783 -0.465308 0.813943 0.733404 1.42125 -0.271942</i>
                        <i>0.286726 0.88558 0.365425 -0.894531 0.110943 0.43302 0.342933 -0.451042 0.823989 0.737448 1.43483 -0.274399</i>
                        <i>0.276248 0.894766 0.35083 -0.899972 0.112738 0.421119 0.337251 -0.43207 0.836407 0.744222 1.45509 -0.279358</i>
                        <i>0.263499 0.90518 0.333492 -0.906174 0.113717 0.40733 0.330783 -0.409533 0.850215 0.753031 1.48035 -0.286191</i>
                        <i>0.249359 0.916017 0.314217 -0.912762 0.113907 0.39229 0.323552 -0.384627 0.864509 0.76319 1.50893 -0.29429</i>
                        <i>0.234694 0.926573 0.293906 -0.919387 0.113401 0.376654 0.315668 -0.358612 0.878494 0.774024 1.53913 -0.30307</i>
                        <i>0.22035 0.936277 0.273555 -0.925726 0.112357 0.36112 0.307373 -0.332809 0.891493 0.784879 1.56928 -0.311966</i>
                        <i>0.207122 0.944701 0.254246 -0.931481 0.110985 0.346448 0.299072 -0.308582 0.902958 0.795117 1.59768 -0.320435</i>
                        <i>0.195742 0.951553 0.237134 -0.936381 0.10952 0.33346 0.291334 -0.287319 0.912454 0.804123 1.62267 -0.327946</i>
                        <i>0.186863 0.956643 0.22342 -0.940179 0.108203 0.323041 0.28486 -0.270419 0.919635 0.811294 1.64259 -0.33397</i>
                        <i>0.18109 0.95983 0.214322 -0.942638 0.107261 0.316114 0.280427 -0.259273 0.924196 0.816035 1.65576 -0.337979</i>
                        <i>0.179022 0.960945 0.211034 -0.943516 0.106904 0.313605 0.278797 -0.255256 0.925806 0.817751 1.66052 -0.339436</i>
