<?xml version="1.0" encoding="ISO-8859-1" ?>
<Animl Version="1">
    <ModellingPackage><![CDATA[Maya.2010]]></ModellingPackage>
    <SrcFile><![CDATA[anims\vehicles\blue\~src\land\tank_m1a1abrams\tank_m1a1abrams_idle_random_crewman_b.mb]]></SrcFile>
    <FramesPerSecond>30</FramesPerSecond>
    <TotalFrames>61</TotalFrames>
    <Skeleton>
        <RefFrame>
            <Name><![CDATA[soldier_ref_frame]]></Name>
            <Exclude>0</Exclude>
            <Additive>0</Additive>
            <IKPriority>0</IKPriority>
            <IKRotLimits>-1e+010 -1e+010 -1e+010 1e+010 1e+010 1e+010</IKRotLimits>
            <IKRotLimitOrder>0</IKRotLimitOrder>
            <KeyFrames count="61">
                <i>1 0 0 0 1 0 0 0 1 0.75 0 0</i>
                <i>1 0 0 0 1 0 0 0 1 0.75 0 0</i>
                <i>1 0 0 0 1 0 0 0 1 0.75 0 0</i>
                <i>1 0 0 0 1 0 0 0 1 0.75 0 0</i>
                <i>1 0 0 0 1 0 0 0 1 0.75 0 0</i>
                <i>1 0 0 0 1 0 0 0 1 0.75 0 0</i>
                <i>1 0 0 0 1 0 0 0 1 0.75 0 0</i>
                <i>1 0 0 0 1 0 0 0 1 0.75 0 0</i>
                <i>1 0 0 0 1 0 0 0 1 0.75 0 0</i>
                <i>1 0 0 0 1 0 0 0 1 0.75 0 0</i>
                <i>1 0 0 0 1 0 0 0 1 0.75 0 0</i>
                <i>1 0 0 0 1 0 0 0 1 0.75 0 0</i>
                <i>1 0 0 0 1 0 0 0 1 0.75 0 0</i>
                <i>1 0 0 0 1 0 0 0 1 0.75 0 0</i>
                <i>1 0 0 0 1 0 0 0 1 0.75 0 0</i>
                <i>1 0 0 0 1 0 0 0 1 0.75 0 0</i>
                <i>1 0 0 0 1 0 0 0 1 0.75 0 0</i>
                <i>1 0 0 0 1 0 0 0 1 0.75 0 0</i>
                <i>1 0 0 0 1 0 0 0 1 0.75 0 0</i>
                <i>1 0 0 0 1 0 0 0 1 0.75 0 0</i>
                <i>1 0 0 0 1 0 0 0 1 0.75 0 0</i>
                <i>1 0 0 0 1 0 0 0 1 0.75 0 0</i>
                <i>1 0 0 0 1 0 0 0 1 0.75 0 0</i>
                <i>1 0 0 0 1 0 0 0 1 0.75 0 0</i>
                <i>1 0 0 0 1 0 0 0 1 0.75 0 0</i>
                <i>1 0 0 0 1 0 0 0 1 0.75 0 0</i>
                <i>1 0 0 0 1 0 0 0 1 0.75 0 0</i>
                <i>1 0 0 0 1 0 0 0 1 0.75 0 0</i>
                <i>1 0 0 0 1 0 0 0 1 0.75 0 0</i>
                <i>1 0 0 0 1 0 0 0 1 0.75 0 0</i>
                <i>1 0 0 0 1 0 0 0 1 0.75 0 0</i>
                <i>1 0 0 0 1 0 0 0 1 0.75 0 0</i>
                <i>1 0 0 0 1 0 0 0 1 0.75 0 0</i>
                <i>1 0 0 0 1 0 0 0 1 0.75 0 0</i>
                <i>1 0 0 0 1 0 0 0 1 0.75 0 0</i>
                <i>1 0 0 0 1 0 0 0 1 0.75 0 0</i>
                <i>1 0 0 0 1 0 0 0 1 0.75 0 0</i>
                <i>1 0 0 0 1 0 0 0 1 0.75 0 0</i>
                <i>1 0 0 0 1 0 0 0 1 0.75 0 0</i>
                <i>1 0 0 0 1 0 0 0 1 0.75 0 0</i>
                <i>1 0 0 0 1 0 0 0 1 0.75 0 0</i>
                <i>1 0 0 0 1 0 0 0 1 0.75 0 0</i>
                <i>1 0 0 0 1 0 0 0 1 0.75 0 0</i>
                <i>1 0 0 0 1 0 0 0 1 0.75 0 0</i>
                <i>1 0 0 0 1 0 0 0 1 0.75 0 0</i>
                <i>1 0 0 0 1 0 0 0 1 0.75 0 0</i>
                <i>1 0 0 0 1 0 0 0 1 0.75 0 0</i>
                <i>1 0 0 0 1 0 0 0 1 0.75 0 0</i>
                <i>1 0 0 0 1 0 0 0 1 0.75 0 0</i>
                <i>1 0 0 0 1 0 0 0 1 0.75 0 0</i>
                <i>1 0 0 0 1 0 0 0 1 0.75 0 0</i>
                <i>1 0 0 0 1 0 0 0 1 0.75 0 0</i>
                <i>1 0 0 0 1 0 0 0 1 0.75 0 0</i>
                <i>1 0 0 0 1 0 0 0 1 0.75 0 0</i>
                <i>1 0 0 0 1 0 0 0 1 0.75 0 0</i>
                <i>1 0 0 0 1 0 0 0 1 0.75 0 0</i>
                <i>1 0 0 0 1 0 0 0 1 0.75 0 0</i>
                <i>1 0 0 0 1 0 0 0 1 0.75 0 0</i>
                <i>1 0 0 0 1 0 0 0 1 0.75 0 0</i>
                <i>1 0 0 0 1 0 0 0 1 0.75 0 0</i>
                <i>1 0 0 0 1 0 0 0 1 0.75 0 0</i>
            </KeyFrames>
        </RefFrame>
        <Bones count="23">
            <i>
                <p>
                    <Name><![CDATA[pelvis]]></Name>
                    <Exclude>0</Exclude>
                    <Additive>0</Additive>
                    <IKPriority>0</IKPriority>
                    <IKRotLimits>-1e+010 -1e+010 -1e+010 1e+010 1e+010 1e+010</IKRotLimits>
                    <IKRotLimitOrder>2</IKRotLimitOrder>
                    <KeyFrames count="61">
                        <i>1 0 0 0 1 0 0 0 1 0.75 1.20067 -0.297139</i>
                        <i>1 0 0 0 1 0 0 0 1 0.75291 1.20248 -0.297904</i>
                        <i>1 0 0 0 1 0 0 0 1 0.760801 1.20743 -0.299977</i>
                        <i>1 0 0 0 1 0 0 0 1 0.772417 1.21481 -0.30303</i>
                        <i>1 0 0 0 1 0 0 0 1 0.786503 1.2239 -0.306731</i>
                        <i>1 0 0 0 1 0 0 0 1 0.801801 1.23398 -0.310751</i>
                        <i>1 0 0 0 1 0 0 0 1 0.817056 1.24435 -0.31476</i>
                        <i>1 0 0 0 1 0 0 0 1 0.831012 1.25429 -0.318427</i>
                        <i>1 0 0 0 1 0 0 0 1 0.842412 1.26308 -0.321423</i>
                        <i>1 0 0 0 1 0 0 0 1 0.85 1.27 -0.323417</i>
                        <i>1 0 0 0 1 0 0 0 1 0.854263 1.27574 -0.324537</i>
                        <i>1 0 0 0 1 0 0 0 1 0.856737 1.28139 -0.325187</i>
                        <i>1 0 0 0 1 0 0 0 1 0.857737 1.28684 -0.32545</i>
                        <i>1 0 0 0 1 0 0 0 1 0.857579 1.29197 -0.325408</i>
                        <i>1 0 0 0 1 0 0 0 1 0.856579 1.29667 -0.325145</i>
                        <i>1 0 0 0 1 0 0 0 1 0.855053 1.30084 -0.324744</i>
                        <i>1 0 0 0 1 0 0 0 1 0.853316 1.30437 -0.324288</i>
                        <i>1 0 0 0 1 0 0 0 1 0.851684 1.30715 -0.323859</i>
                        <i>1 0 0 0 1 0 0 0 1 0.850474 1.30906 -0.323541</i>
                        <i>1 0 0 0 1 0 0 0 1 0.85 1.31 -0.323417</i>
                        <i>1 0 0 0 1 0 0 0 1 0.85 1.30959 -0.323417</i>
                        <i>1 0 0 0 1 0 0 0 1 0.85 1.30844 -0.323417</i>
                        <i>1 0 0 0 1 0 0 0 1 0.85 1.30666 -0.323417</i>
                        <i>1 0 0 0 1 0 0 0 1 0.85 1.30438 -0.323417</i>
                        <i>1 0 0 0 1 0 0 0 1 0.85 1.30171 -0.323417</i>
                        <i>1 0 0 0 1 0 0 0 1 0.85 1.29878 -0.323417</i>
                        <i>1 0 0 0 1 0 0 0 1 0.85 1.2957 -0.323417</i>
                        <i>1 0 0 0 1 0 0 0 1 0.85 1.29259 -0.323417</i>
                        <i>1 0 0 0 1 0 0 0 1 0.85 1.28957 -0.323417</i>
                        <i>1 0 0 0 1 0 0 0 1 0.85 1.28676 -0.323417</i>
                        <i>1 0 0 0 1 0 0 0 1 0.85 1.28428 -0.323417</i>
                        <i>1 0 0 0 1 0 0 0 1 0.85 1.28225 -0.323417</i>
                        <i>1 0 0 0 1 0 0 0 1 0.85 1.28078 -0.323417</i>
                        <i>1 0 0 0 1 0 0 0 1 0.85 1.28 -0.323417</i>
                        <i>1 0 0 0 1 0 0 0 1 0.85 1.28014 -0.323417</i>
                        <i>1 0 0 0 1 0 0 0 1 0.85 1.28121 -0.323417</i>
                        <i>1 0 0 0 1 0 0 0 1 0.85 1.28302 -0.323417</i>
                        <i>1 0 0 0 1 0 0 0 1 0.85 1.28536 -0.323417</i>
                        <i>1 0 0 0 1 0 0 0 1 0.85 1.28805 -0.323417</i>
                        <i>1 0 0 0 1 0 0 0 1 0.85 1.29086 -0.323417</i>
                        <i>1 0 0 0 1 0 0 0 1 0.85 1.29362 -0.323417</i>
                        <i>1 0 0 0 1 0 0 0 1 0.85 1.29611 -0.323417</i>
                        <i>1 0 0 0 1 0 0 0 1 0.85 1.29814 -0.323417</i>
                        <i>1 0 0 0 1 0 0 0 1 0.85 1.2995 -0.323417</i>
                        <i>1 0 0 0 1 0 0 0 1 0.85 1.3 -0.323417</i>
                        <i>1 0 0 0 1 0 0 0 1 0.851 1.30611 -0.323679</i>
                        <i>1 0 0 0 1 0 0 0 1 0.853 1.31579 -0.324205</i>
                        <i>1 0 0 0 1 0 0 0 1 0.8545 1.32541 -0.324599</i>
                        <i>1 0 0 0 1 0 0 0 1 0.854 1.33135 -0.324468</i>
                        <i>1 0 0 0 1 0 0 0 1 0.85 1.33 -0.323417</i>
                        <i>1 0 0 0 1 0 0 0 1 0.842506 1.32186 -0.321447</i>
                        <i>1 0 0 0 1 0 0 0 1 0.832917 1.31042 -0.318928</i>
                        <i>1 0 0 0 1 0 0 0 1 0.821826 1.29654 -0.316013</i>
                        <i>1 0 0 0 1 0 0 0 1 0.809823 1.28108 -0.312859</i>
                        <i>1 0 0 0 1 0 0 0 1 0.797502 1.26489 -0.309621</i>
                        <i>1 0 0 0 1 0 0 0 1 0.785453 1.24884 -0.306455</i>
                        <i>1 0 0 0 1 0 0 0 1 0.774267 1.23379 -0.303516</i>
                        <i>1 0 0 0 1 0 0 0 1 0.764538 1.22059 -0.300959</i>
                        <i>1 0 0 0 1 0 0 0 1 0.756856 1.21009 -0.298941</i>
                        <i>1 0 0 0 1 0 0 0 1 0.751813 1.20317 -0.297615</i>
                        <i>1 0 0 0 1 0 0 0 1 0.75 1.20067 -0.297139</i>
                    </KeyFrames>
                </p>
            </i>
            <i>
                <p>
                    <Name><![CDATA[spine0]]></Name>
                    <Exclude>0</Exclude>
                    <Additive>0</Additive>
                    <IKPriority>0</IKPriority>
                    <IKRotLimits>-1e+010 -1e+010 -1e+010 1e+010 1e+010 1e+010</IKRotLimits>
                    <IKRotLimitOrder>0</IKRotLimitOrder>
                    <KeyFrames count="61">
                        <i>0.179273 0.983449 -0.0262631 -0.932481 0.17837 0.314108 0.313593 -0.0318212 0.949024 0.758693 1.33688 -0.342612</i>
                        <i>0.177693 0.983835 -0.0222346 -0.942123 0.1766 0.284984 0.284304 -0.029692 0.958274 0.762555 1.33858 -0.343493</i>
                        <i>0.17173 0.985064 -0.01254 -0.963827 0.170634 0.204747 0.203829 -0.0230749 0.978735 0.772991 1.3433 -0.34564</i>
                        <i>0.159728 0.987161 -0.000957015 -0.983637 0.159239 0.0842652 0.0833357 -0.0125181 0.996443 0.788206 1.35048 -0.348177</i>
                        <i>0.142246 0.9898 0.00790363 -0.987776 0.14246 -0.0632788 -0.0637593 0.00119412 0.997965 0.806297 1.35956 -0.350319</i>
                        <i>0.123645 0.992283 0.0093408 -0.967362 0.122627 -0.22175 -0.221184 0.0183824 0.975059 0.825334 1.3699 -0.351605</i>
                        <i>0.113671 0.993515 -0.00266269 -0.921593 0.10444 -0.373843 -0.37114 0.0449488 0.927488 0.843525 1.38078 -0.351967</i>
                        <i>0.118439 0.99274 -0.0209612 -0.858634 0.0917917 -0.504303 -0.498718 0.0777273 0.863272 0.859366 1.39136 -0.35165</i>
                        <i>0.132247 0.990632 -0.0340303 -0.793466 0.0852243 -0.602618 -0.594073 0.106696 0.797304 0.871695 1.40077 -0.351046</i>
                        <i>0.142975 0.989009 -0.0376717 -0.743869 0.0822732 -0.663242 -0.652853 0.12285 0.747456 0.879601 1.40815 -0.350531</i>
                        <i>0.145898 0.988615 -0.0368083 -0.713991 0.0794696 -0.69563 -0.684785 0.127772 0.717456 0.883969 1.41414 -0.350244</i>
                        <i>0.146296 0.988547 -0.0370429 -0.695996 0.0762465 -0.713986 -0.702984 0.130235 0.699179 0.886516 1.41991 -0.350114</i>
                        <i>0.145404 0.988621 -0.0385449 -0.68856 0.0731425 -0.721482 -0.710453 0.131447 0.69136 0.887608 1.42538 -0.350124</i>
                        <i>0.144564 0.988647 -0.0409649 -0.689694 0.0709914 -0.720613 -0.709523 0.132428 0.692127 0.887566 1.43046 -0.350248</i>
                        <i>0.145276 0.988421 -0.0438099 -0.697056 0.0708268 -0.71351 -0.702145 0.134194 0.699274 0.886692 1.43505 -0.350454</i>
                        <i>0.147742 0.987949 -0.046135 -0.70816 0.0731077 -0.702257 -0.690421 0.136424 0.710427 0.885281 1.43908 -0.350707</i>
                        <i>0.150524 0.987474 -0.0473045 -0.720557 0.0768247 -0.689127 -0.676861 0.137816 0.723095 0.883633 1.44245 -0.350972</i>
                        <i>0.152755 0.987131 -0.0473123 -0.731954 0.0808415 -0.676542 -0.66401 0.137976 0.734883 0.88206 1.44508 -0.351212</i>
                        <i>0.153527 0.987068 -0.0461034 -0.740249 0.08398 -0.667068 -0.65457 0.136541 0.743569 0.880885 1.44688 -0.351392</i>
                        <i>0.151857 0.98744 -0.0436158 -0.743457 0.0850348 -0.663355 -0.651314 0.133162 0.747032 0.880436 1.44778 -0.351477</i>
                        <i>0.149168 0.987945 -0.0413937 -0.743475 0.0844596 -0.663409 -0.651916 0.129734 0.747111 0.880436 1.44737 -0.351477</i>
                        <i>0.14226 0.989185 -0.0357153 -0.743519 0.0829716 -0.663547 -0.653407 0.120951 0.747282 0.880436 1.44621 -0.351477</i>
                        <i>0.132892 0.990733 -0.0280713 -0.743578 0.0809336 -0.663733 -0.655311 0.109078 0.747442 0.880436 1.44444 -0.351477</i>
                        <i>0.122877 0.992221 -0.0199733 -0.743637 0.0787272 -0.663932 -0.657195 0.0964347 0.747526 0.880436 1.44216 -0.351477</i>
                        <i>0.11408 0.993387 -0.0129441 -0.743687 0.0767514 -0.664107 -0.658722 0.0853879 0.747525 0.880436 1.43949 -0.351477</i>
                        <i>0.108371 0.994074 -0.00849446 -0.74372 0.0754023 -0.664225 -0.659649 0.0783003 0.747484 0.880436 1.43656 -0.351477</i>
                        <i>0.106019 0.994341 -0.00682924 -0.743735 0.0747362 -0.664283 -0.660013 0.0755055 0.74745 0.880436 1.43348 -0.351477</i>
                        <i>0.105933 0.994348 -0.00704315 -0.74374 0.0745291 -0.664301 -0.660022 0.0756097 0.747432 0.880436 1.43037 -0.351477</i>
                        <i>0.107902 0.994121 -0.00895896 -0.743735 0.0747388 -0.664283 -0.659708 0.0783406 0.747428 0.880436 1.42735 -0.351477</i>
                        <i>0.111751 0.993659 -0.012419 -0.743721 0.07534 -0.664231 -0.659083 0.0834644 0.747424 0.880436 1.42454 -0.351477</i>
                        <i>0.117484 0.992922 -0.0173911 -0.743697 0.0763629 -0.664141 -0.658113 0.0909598 0.747405 0.880436 1.42206 -0.351477</i>
                        <i>0.124785 0.991903 -0.0235854 -0.743662 0.0777667 -0.664018 -0.656807 0.100399 0.747345 0.880436 1.42003 -0.351477</i>
                        <i>0.132946 0.990657 -0.0304053 -0.743619 0.0794184 -0.66387 -0.655253 0.110869 0.747229 0.880436 1.41856 -0.351477</i>
                        <i>0.141091 0.989301 -0.0371168 -0.743572 0.0811448 -0.663714 -0.653601 0.121243 0.747065 0.880436 1.41778 -0.351477</i>
                        <i>0.148352 0.988 -0.0429913 -0.743525 0.0827692 -0.663566 -0.652044 0.130406 0.746882 0.880436 1.41791 -0.351477</i>
                        <i>0.154285 0.986875 -0.0476863 -0.743484 0.0841763 -0.663435 -0.650714 0.137812 0.746712 0.880436 1.41898 -0.351477</i>
                        <i>0.158834 0.985976 -0.0512161 -0.743449 0.0853081 -0.66333 -0.649658 0.143436 0.746573 0.880436 1.42079 -0.351477</i>
                        <i>0.161687 0.985398 -0.0533704 -0.743425 0.0860606 -0.663259 -0.648981 0.146917 0.746485 0.880436 1.42314 -0.351477</i>
                        <i>0.162624 0.985209 -0.0540065 -0.743416 0.0863556 -0.663231 -0.648758 0.148006 0.746463 0.880436 1.42582 -0.351477</i>
                        <i>0.161977 0.985349 -0.0533971 -0.743419 0.0862654 -0.66324 -0.648916 0.147126 0.7465 0.880436 1.42864 -0.351477</i>
                        <i>0.160274 0.985704 -0.0519604 -0.74343 0.0859165 -0.663273 -0.649326 0.144934 0.746572 0.880436 1.4314 -0.351477</i>
                        <i>0.158041 0.98616 -0.0501154 -0.743445 0.0854346 -0.663318 -0.649856 0.142089 0.746658 0.880436 1.43389 -0.351477</i>
                        <i>0.155803 0.986608 -0.0482807 -0.74346 0.084943 -0.663364 -0.650379 0.139249 0.746738 0.880436 1.43591 -0.351477</i>
                        <i>0.15408 0.986946 -0.0468742 -0.743472 0.0845614 -0.6634 -0.650776 0.137066 0.746796 0.880436 1.43728 -0.351477</i>
                        <i>0.15339 0.98708 -0.0463129 -0.743477 0.0844081 -0.663414 -0.650933 0.136194 0.746818 0.880436 1.43778 -0.351477</i>
                        <i>0.150485 0.987685 -0.0428132 -0.736657 0.083146 -0.671136 -0.659311 0.132534 0.740097 0.881367 1.444 -0.351281</i>
                        <i>0.145608 0.988658 -0.0367867 -0.722767 0.0809099 -0.686339 -0.675578 0.126524 0.726351 0.883208 1.45389 -0.35089</i>
                        <i>0.140026 0.989659 -0.0310918 -0.712183 0.0788517 -0.697551 -0.687886 0.119819 0.71586 0.884482 1.46371 -0.350508</i>
                        <i>0.135499 0.990371 -0.0283741 -0.71587 0.0780635 -0.693856 -0.68496 0.114329 0.719554 0.883767 1.4697 -0.350331</i>
                        <i>0.133871 0.990521 -0.0307712 -0.74392 0.0799312 -0.663471 -0.654723 0.111711 0.747569 0.879601 1.46815 -0.350531</i>
                        <i>0.13451 0.990225 -0.0368979 -0.792885 0.0852203 -0.603383 -0.594341 0.110417 0.796597 0.871786 1.45957 -0.35103</i>
                        <i>0.135633 0.989822 -0.043092 -0.848391 0.0935699 -0.521036 -0.5117 0.107229 0.852446 0.86145 1.4476 -0.351544</i>
                        <i>0.137228 0.98939 -0.0477114 -0.901841 0.104873 -0.419147 -0.409696 0.100547 0.906664 0.849013 1.43318 -0.351886</i>
                        <i>0.139675 0.98895 -0.0496857 -0.945801 0.118388 -0.302398 -0.293174 0.0892301 0.951886 0.834996 1.41724 -0.351859</i>
                        <i>0.14351 0.988449 -0.048714 -0.975129 0.132832 -0.177422 -0.168902 0.0729643 0.982928 0.820052 1.40072 -0.351306</i>
                        <i>0.149078 0.987789 -0.0452533 -0.987805 0.146689 -0.052193 -0.0449176 0.0524822 0.997611 0.804965 1.38451 -0.350159</i>
                        <i>0.156225 0.986899 -0.0402931 -0.985203 0.158608 0.0649469 0.0704869 0.0295505 0.997075 0.790611 1.36946 -0.348489</i>
                        <i>0.164184 0.985808 -0.0350098 -0.971715 0.16774 0.166235 0.169748 0.00672647 0.985465 0.777913 1.35639 -0.346519</i>
                        <i>0.171676 0.984683 -0.0304506 -0.953788 0.173868 0.245068 0.246609 -0.0130289 0.969028 0.767784 1.34608 -0.344603</i>
                        <i>0.177182 0.983797 -0.0273718 -0.938594 0.177276 0.295997 0.296054 -0.0267543 0.954797 0.7611 1.33931 -0.343164</i>
                        <i>0.179273 0.983449 -0.0262631 -0.932481 0.17837 0.314108 0.313593 -0.0318212 0.949024 0.758693 1.33688 -0.342612</i>
                    </KeyFrames>
                </p>
            </i>
            <i>
                <p>
                    <Name><![CDATA[spine1]]></Name>
                    <Exclude>0</Exclude>
                    <Additive>0</Additive>
                    <IKPriority>0</IKPriority>
                    <IKRotLimits>-1e+010 -1e+010 -1e+010 1e+010 1e+010 1e+010</IKRotLimits>
                    <IKRotLimitOrder>0</IKRotLimitOrder>
                    <KeyFrames count="61">
                        <i>0.179503 0.982554 0.0486429 -0.936552 0.155547 0.314125 0.301079 -0.101943 0.948134 0.789417 1.50542 -0.347112</i>
                        <i>0.17757 0.982186 0.061481 -0.946941 0.153523 0.282371 0.267902 -0.10836 0.957333 0.793021 1.50727 -0.347305</i>
                        <i>0.166816 0.981707 0.0917864 -0.969813 0.146575 0.194879 0.17786 -0.121525 0.976523 0.802472 1.51241 -0.347794</i>
                        <i>0.140259 0.982105 0.125683 -0.989056 0.133106 0.0636522 0.045784 -0.133235 0.990026 0.815683 1.5203 -0.348344</i>
                        <i>0.0984031 0.984287 0.146618 -0.988892 0.11321 -0.096313 -0.111398 -0.135512 0.984493 0.830828 1.53025 -0.348961</i>
                        <i>0.0540483 0.988791 0.139179 -0.959645 0.0899581 -0.266437 -0.275971 -0.119162 0.953751 0.846707 1.54141 -0.349998</i>
                        <i>0.0351679 0.995511 0.0878654 -0.901576 0.0695368 -0.426997 -0.43119 -0.0642007 0.899974 0.863196 1.55268 -0.352436</i>
                        <i>0.0578814 0.998202 0.0155739 -0.82517 0.0566169 -0.56204 -0.561911 0.0196806 0.826963 0.879865 1.56314 -0.355285</i>
                        <i>0.104511 0.993666 -0.0412863 -0.747802 0.0511484 -0.661948 -0.655644 0.100055 0.748412 0.89459 1.57223 -0.356943</i>
                        <i>0.140099 0.987925 -0.0661613 -0.689538 0.0493943 -0.722563 -0.71057 0.146851 0.688131 0.904368 1.57942 -0.357063</i>
                        <i>0.1557 0.985146 -0.0724166 -0.654225 0.0479162 -0.75478 -0.740099 0.164896 0.651968 0.909246 1.58537 -0.356627</i>
                        <i>0.167875 0.982732 -0.0778133 -0.632318 0.0467855 -0.773295 -0.756302 0.17902 0.629253 0.911847 1.59103 -0.356532</i>
                        <i>0.177114 0.98065 -0.0834 -0.622624 0.0460162 -0.781167 -0.762214 0.190282 0.618726 0.912758 1.59634 -0.356795</i>
                        <i>0.184105 0.978831 -0.0894209 -0.62316 0.0458832 -0.780747 -0.760116 0.199463 0.618415 0.912546 1.60125 -0.35733</i>
                        <i>0.189648 0.977182 -0.0956462 -0.631369 0.0467685 -0.774071 -0.751935 0.207189 0.625833 0.911777 1.60569 -0.358022</i>
                        <i>0.19397 0.975756 -0.101369 -0.644259 0.0487797 -0.76325 -0.739801 0.213356 0.638101 0.910783 1.60958 -0.358674</i>
                        <i>0.196642 0.974741 -0.105881 -0.658749 0.0513601 -0.750607 -0.72621 0.21735 0.65221 0.90961 1.61283 -0.359139</i>
                        <i>0.197612 0.974232 -0.108728 -0.672062 0.0538972 -0.738531 -0.71364 0.219015 0.665395 0.908417 1.61537 -0.359379</i>
                        <i>0.196847 0.974304 -0.109468 -0.681622 0.0557423 -0.729578 -0.704729 0.218231 0.67508 0.907368 1.61713 -0.359348</i>
                        <i>0.194266 0.975016 -0.107725 -0.684987 0.0562249 -0.726382 -0.702178 0.214902 0.678796 0.906622 1.61803 -0.359001</i>
                        <i>0.19072 0.976026 -0.104878 -0.684673 0.055699 -0.726719 -0.703455 0.210407 0.678881 0.906151 1.61765 -0.358616</i>
                        <i>0.181215 0.978622 -0.0972603 -0.683914 0.0543369 -0.727536 -0.706698 0.198359 0.67914 0.904942 1.6166 -0.357632</i>
                        <i>0.16744 0.982102 -0.0862482 -0.682983 0.0524618 -0.728548 -0.710984 0.180894 0.679543 0.903309 1.61494 -0.356311</i>
                        <i>0.151101 0.985802 -0.0732296 -0.682139 0.0503669 -0.729486 -0.715441 0.160179 0.680064 0.901568 1.61278 -0.354914</i>
                        <i>0.133951 0.989193 -0.059617 -0.681629 0.0483002 -0.730102 -0.719332 0.138434 0.680733 0.900045 1.61023 -0.353704</i>
                        <i>0.1178 0.991932 -0.0468521 -0.681705 0.0464705 -0.73015 -0.722081 0.117951 0.681679 0.899063 1.60741 -0.352939</i>
                        <i>0.103796 0.993953 -0.0358327 -0.682352 0.0449525 -0.729641 -0.723618 0.100185 0.682891 0.898668 1.60446 -0.352654</i>
                        <i>0.0924752 0.99535 -0.0269605 -0.68332 0.0437445 -0.728808 -0.724239 0.0858192 0.684188 0.898672 1.60152 -0.352692</i>
                        <i>0.0847604 0.996181 -0.0209481 -0.684523 0.0429399 -0.727725 -0.724047 0.0760217 0.685548 0.899037 1.5987 -0.353025</i>
                        <i>0.0815545 0.996497 -0.0184912 -0.685867 0.0426515 -0.726476 -0.723142 0.0719299 0.686943 0.899734 1.5961 -0.353627</i>
                        <i>0.0841308 0.996242 -0.0205803 -0.687237 0.0430556 -0.725156 -0.721545 0.0751515 0.688277 0.900762 1.5938 -0.354492</i>
                        <i>0.0923925 0.995353 -0.0271351 -0.688526 0.0441777 -0.723865 -0.719302 0.0855629 0.689408 0.902063 1.59188 -0.355572</i>
                        <i>0.104885 0.993795 -0.0370165 -0.689635 0.0458647 -0.722703 -0.716521 0.101328 0.690167 0.903511 1.59044 -0.356762</i>
                        <i>0.119729 0.991609 -0.048755 -0.690455 0.0478788 -0.721789 -0.713398 0.120082 0.690394 0.904947 1.58958 -0.357933</i>
                        <i>0.135136 0.988951 -0.0609421 -0.690882 0.0499615 -0.721239 -0.710226 0.13957 0.69 0.906217 1.58955 -0.358956</i>
                        <i>0.14963 0.986087 -0.0724152 -0.690945 0.0518937 -0.721042 -0.707252 0.157924 0.689097 0.907243 1.5904 -0.35977</i>
                        <i>0.162009 0.983357 -0.0822267 -0.690803 0.0535166 -0.721059 -0.704659 0.17362 0.687977 0.908022 1.59198 -0.360379</i>
                        <i>0.17094 0.981225 -0.0893136 -0.690554 0.0546552 -0.721213 -0.702791 0.18496 0.686931 0.908503 1.59414 -0.360748</i>
                        <i>0.175349 0.980122 -0.0928118 -0.690286 0.0551806 -0.721429 -0.701967 0.190568 0.68624 0.908651 1.59671 -0.360854</i>
                        <i>0.175844 0.979997 -0.0931943 -0.690034 0.0551868 -0.72167 -0.702091 0.191209 0.685935 0.908526 1.59948 -0.360744</i>
                        <i>0.173609 0.980564 -0.091397 -0.689806 0.0548417 -0.721914 -0.702871 0.188377 0.68592 0.908219 1.60222 -0.36049</i>
                        <i>0.169818 0.981507 -0.0883551 -0.689612 0.0543083 -0.72214 -0.703987 0.183563 0.686081 0.907821 1.60472 -0.360167</i>
                        <i>0.165647 0.982514 -0.0850086 -0.68946 0.0537428 -0.722327 -0.705128 0.178262 0.686307 0.907423 1.60677 -0.359846</i>
                        <i>0.162276 0.983307 -0.0823036 -0.68936 0.0532953 -0.722456 -0.706009 0.173974 0.686501 0.907118 1.60815 -0.3596</i>
                        <i>0.160888 0.983627 -0.0811907 -0.689324 0.0531133 -0.722503 -0.706362 0.172209 0.686584 0.906996 1.60865 -0.359502</i>
                        <i>0.154548 0.985155 -0.0747358 -0.6814 0.0515093 -0.730097 -0.715409 0.16376 0.679244 0.907429 1.615 -0.358701</i>
                        <i>0.144219 0.987454 -0.0643105 -0.665299 0.0486484 -0.74499 -0.732515 0.150227 0.663968 0.908438 1.62515 -0.357269</i>
                        <i>0.131685 0.989833 -0.053758 -0.653112 0.0458371 -0.755872 -0.745723 0.134647 0.652508 0.908757 1.63522 -0.355904</i>
                        <i>0.11957 0.991757 -0.0460552 -0.657519 0.0443453 -0.752131 -0.743889 0.120214 0.657402 0.907262 1.64138 -0.355257</i>
                        <i>0.110955 0.992892 -0.0430583 -0.690296 0.0458262 -0.722074 -0.714969 0.109841 0.690474 0.902802 1.63976 -0.355871</i>
                        <i>0.105443 0.993526 -0.0422785 -0.74784 0.0512016 -0.661902 -0.655452 0.101411 0.748397 0.895071 1.63094 -0.357423</i>
                        <i>0.10128 0.994085 -0.0392198 -0.813818 0.0601102 -0.578002 -0.572226 0.0904581 0.815092 0.884895 1.61866 -0.358998</i>
                        <i>0.0996278 0.994491 -0.0325725 -0.878385 0.0725232 -0.472419 -0.467455 0.0756773 0.880772 0.872696 1.60391 -0.360125</i>
                        <i>0.10172 0.994568 -0.022091 -0.932781 0.0876353 -0.349628 -0.345793 0.0561704 0.936628 0.859064 1.58764 -0.360425</i>
                        <i>0.108391 0.994071 -0.00862725 -0.970706 0.103964 -0.216614 -0.214432 0.0318536 0.976219 0.844745 1.57079 -0.359691</i>
                        <i>0.119614 0.992801 0.00617452 -0.989402 0.119716 -0.0821703 -0.0823179 0.00371966 0.996599 0.830583 1.55426 -0.357938</i>
                        <i>0.134279 0.990733 0.0204148 -0.990089 0.133279 0.0442884 0.0411571 -0.0261594 0.99881 0.81743 1.53888 -0.355407</i>
                        <i>0.150298 0.988107 0.0324852 -0.977584 0.143636 0.153944 0.147447 -0.0548945 0.987545 0.806077 1.52549 -0.352525</i>
                        <i>0.164986 0.985426 0.0414037 -0.95919 0.150536 0.239359 0.229638 -0.0792049 0.970048 0.797218 1.5149 -0.349823</i>
                        <i>0.175543 0.983358 0.0468102 -0.9431 0.154337 0.29452 0.282394 -0.0958477 0.954498 0.791469 1.50793 -0.347855</i>
                        <i>0.179503 0.982554 0.0486429 -0.936552 0.155547 0.314125 0.301079 -0.101943 0.948134 0.789417 1.50542 -0.347112</i>
                    </KeyFrames>
                </p>
            </i>
            <i>
                <p>
                    <Name><![CDATA[spine2]]></Name>
                    <Exclude>0</Exclude>
                    <Additive>0</Additive>
                    <IKPriority>0</IKPriority>
                    <IKRotLimits>-1e+010 -1e+010 -1e+010 1e+010 1e+010 1e+010</IKRotLimits>
                    <IKRotLimitOrder>0</IKRotLimitOrder>
                    <KeyFrames count="61">
                        <i>0.179022 0.960945 0.211034 -0.943516 0.106904 0.313605 0.278797 -0.255256 0.925806 0.817751 1.66052 -0.339436</i>
                        <i>0.172073 0.957621 0.230983 -0.95481 0.10445 0.278258 0.242339 -0.268426 0.932319 0.821058 1.66236 -0.337596</i>
                        <i>0.145164 0.94926 0.278987 -0.978746 0.0964891 0.180959 0.144858 -0.299326 0.943091 0.828834 1.66761 -0.333276</i>
                        <i>0.088895 0.938257 0.334322 -0.996023 0.0817305 0.0354666 0.00595243 -0.336145 0.941791 0.837877 1.67585 -0.328424</i>
                        <i>0.00353834 0.927948 0.372693 -0.988271 0.0601433 -0.140365 -0.152666 -0.367825 0.917277 0.846414 1.68652 -0.325666</i>
                        <i>-0.0944286 0.92331 0.372265 -0.945379 0.0340243 -0.324193 -0.311997 -0.382545 0.869665 0.855254 1.69875 -0.327837</i>
                        <i>-0.170103 0.933788 0.314809 -0.870346 0.00745143 -0.492384 -0.462128 -0.357748 0.811452 0.868732 1.71129 -0.338438</i>
                        <i>-0.199218 0.954075 0.223725 -0.777594 -0.0149666 -0.628589 -0.596373 -0.299193 0.744864 0.889018 1.72225 -0.352824</i>
                        <i>-0.19198 0.971187 0.141205 -0.687093 -0.030274 -0.725938 -0.700747 -0.236386 0.673108 0.911181 1.7307 -0.363565</i>
                        <i>-0.180754 0.978909 0.0952082 -0.619814 -0.0382137 -0.783818 -0.763648 -0.200689 0.613649 0.926649 1.7371 -0.367669</i>
                        <i>-0.17376 0.981868 0.0757831 -0.579374 -0.0396973 -0.814095 -0.796325 -0.185364 0.575766 0.934023 1.74265 -0.36824</i>
                        <i>-0.156689 0.985743 0.0613132 -0.555519 -0.0366335 -0.830696 -0.816607 -0.164222 0.553339 0.938553 1.74783 -0.369005</i>
                        <i>-0.134674 0.989594 0.050668 -0.546109 -0.0314587 -0.837123 -0.826818 -0.140409 0.544663 0.940913 1.75267 -0.37015</i>
                        <i>-0.112507 0.992743 0.0424757 -0.548305 -0.0263759 -0.835862 -0.828676 -0.11733 0.547293 0.941789 1.75714 -0.371633</i>
                        <i>-0.094795 0.994854 0.0357564 -0.558885 -0.0234613 -0.828913 -0.823809 -0.0985605 0.558234 0.941886 1.76123 -0.373307</i>
                        <i>-0.0830933 0.996116 0.0291115 -0.574475 -0.0240101 -0.81817 -0.814293 -0.0847083 0.574239 0.94157 1.76484 -0.374863</i>
                        <i>-0.0754282 0.996908 0.0220012 -0.591762 -0.0269935 -0.805661 -0.802576 -0.073789 0.591969 0.940815 1.7679 -0.376041</i>
                        <i>-0.0708514 0.99737 0.015284 -0.607588 -0.0309999 -0.793647 -0.791086 -0.0655174 0.608186 0.939771 1.77033 -0.376729</i>
                        <i>-0.068215 0.997623 0.00973097 -0.618949 -0.0346685 -0.784665 -0.782463 -0.0595489 0.619843 0.938594 1.77207 -0.376811</i>
                        <i>-0.0662418 0.997786 0.00599439 -0.622976 -0.0366643 -0.781381 -0.779431 -0.0554944 0.624025 0.937427 1.77302 -0.376182</i>
                        <i>-0.0662352 0.997787 0.00583818 -0.622519 -0.03675 -0.781742 -0.779797 -0.0554132 0.623575 0.936383 1.77277 -0.37534</i>
                        <i>-0.0671662 0.997723 0.00620571 -0.621332 -0.0369596 -0.782675 -0.780663 -0.0564251 0.6224 0.933644 1.77201 -0.373136</i>
                        <i>-0.0704677 0.997479 0.00835113 -0.619694 -0.0372153 -0.783961 -0.781674 -0.060419 0.620754 0.929801 1.77077 -0.370057</i>
                        <i>-0.0775964 0.996893 0.0135175 -0.617881 -0.0374453 -0.785379 -0.782433 -0.0692948 0.618867 0.925449 1.76906 -0.366587</i>
                        <i>-0.0900274 0.995675 0.0229251 -0.616171 -0.0375994 -0.786714 -0.78245 -0.0849516 0.616892 0.921195 1.76695 -0.363214</i>
                        <i>-0.109226 0.993299 0.037765 -0.614846 -0.03766 -0.787748 -0.781047 -0.109262 0.614839 0.917652 1.76454 -0.360427</i>
                        <i>-0.133608 0.989406 0.0567845 -0.613987 -0.0376626 -0.788417 -0.777926 -0.140204 0.612514 0.915046 1.76199 -0.358397</i>
                        <i>-0.158983 0.9843 0.0766618 -0.613503 -0.0376575 -0.788794 -0.773523 -0.172437 0.609858 0.913268 1.7594 -0.357031</i>
                        <i>-0.182888 0.978485 0.095488 -0.613415 -0.0376702 -0.788861 -0.768292 -0.202847 0.607107 0.912426 1.75692 -0.356411</i>
                        <i>-0.202919 0.972837 0.111406 -0.613745 -0.0377095 -0.788604 -0.762982 -0.228398 0.604726 0.912632 1.75463 -0.356623</i>
                        <i>-0.216192 0.968675 0.122185 -0.61454 -0.0377621 -0.787981 -0.758684 -0.245442 0.603454 0.914092 1.75257 -0.357822</i>
                        <i>-0.221695 0.966807 0.127024 -0.615758 -0.0377934 -0.787029 -0.756104 -0.252696 0.603698 0.916733 1.75079 -0.359949</i>
                        <i>-0.220138 0.967242 0.126423 -0.617252 -0.0377677 -0.785858 -0.75534 -0.251032 0.605346 0.920197 1.74932 -0.362722</i>
                        <i>-0.212631 0.969592 0.121157 -0.618832 -0.0376664 -0.784619 -0.756197 -0.24181 0.608024 0.924025 1.74827 -0.365775</i>
                        <i>-0.200205 0.973339 0.111933 -0.620313 -0.0374942 -0.783458 -0.758373 -0.226285 0.611281 0.927769 1.74788 -0.368752</i>
                        <i>-0.184898 0.977626 0.100302 -0.621582 -0.0372808 -0.782462 -0.761216 -0.207021 0.614568 0.931114 1.74826 -0.371402</i>
                        <i>-0.169698 0.981503 0.0886216 -0.6226 -0.0370673 -0.781662 -0.763919 -0.187822 0.617375 0.933865 1.74935 -0.373578</i>
                        <i>-0.15706 0.984438 0.0788245 -0.623292 -0.036897 -0.781119 -0.766055 -0.171813 0.619387 0.935763 1.7511 -0.375075</i>
                        <i>-0.149094 0.986155 0.072585 -0.623598 -0.0368043 -0.780879 -0.767396 -0.161688 0.620451 0.936605 1.75342 -0.375735</i>
                        <i>-0.145506 0.986899 0.0697075 -0.623579 -0.0367824 -0.780894 -0.7681 -0.157093 0.620762 0.936548 1.7561 -0.37568</i>
                        <i>-0.145154 0.986977 0.0693292 -0.623338 -0.0368069 -0.781086 -0.768362 -0.156593 0.620563 0.935872 1.75887 -0.375134</i>
                        <i>-0.146888 0.986632 0.070576 -0.622973 -0.0368536 -0.781375 -0.768328 -0.158741 0.620059 0.934858 1.76145 -0.37432</i>
                        <i>-0.149556 0.986087 0.0725656 -0.622588 -0.0369023 -0.78168 -0.768126 -0.162084 0.619444 0.933785 1.7636 -0.373461</i>
                        <i>-0.152005 0.985575 0.0744109 -0.622281 -0.0369392 -0.781922 -0.767893 -0.16516 0.61892 0.932935 1.76506 -0.37278</i>
                        <i>-0.153078 0.985347 0.0752232 -0.622157 -0.0369538 -0.78202 -0.767781 -0.166511 0.618697 0.932589 1.7656 -0.372503</i>
                        <i>-0.165355 0.982942 0.0805113 -0.611931 -0.0382352 -0.789986 -0.773432 -0.179895 0.607816 0.932013 1.77222 -0.370675</i>
                        <i>-0.187387 0.978322 0.0881579 -0.591366 -0.0406962 -0.805376 -0.784329 -0.20305 0.586172 0.931383 1.7828 -0.367586</i>
                        <i>-0.210523 0.972714 0.0975017 -0.575255 -0.0426221 -0.816863 -0.790419 -0.228057 0.568532 0.92971 1.79332 -0.364541</i>
                        <i>-0.225287 0.968092 0.109745 -0.579159 -0.0424883 -0.814107 -0.783467 -0.246967 0.570251 0.926282 1.7998 -0.362664</i>
                        <i>-0.221404 0.966909 0.126759 -0.617715 -0.0384741 -0.78546 -0.754591 -0.252205 0.605792 0.920438 1.79828 -0.36279</i>
                        <i>-0.198646 0.968764 0.148445 -0.686879 -0.0295738 -0.726169 -0.699097 -0.246215 0.671299 0.91181 1.78937 -0.364201</i>
                        <i>-0.164719 0.971189 0.17222 -0.767055 -0.0163623 -0.641373 -0.620076 -0.237749 0.747651 0.900952 1.77696 -0.36527</i>
                        <i>-0.121376 0.97333 0.194671 -0.8466 0.000876115 -0.532229 -0.518205 -0.229409 0.823914 0.888473 1.76202 -0.365321</i>
                        <i>-0.071355 0.974478 0.212839 -0.914973 0.0210154 -0.402967 -0.397155 -0.223496 0.890122 0.875156 1.74552 -0.36394</i>
                        <i>-0.0182153 0.974235 0.224798 -0.964408 0.0421997 -0.261031 -0.263792 -0.221552 0.938791 0.861881 1.72836 -0.361061</i>
                        <i>0.0341229 0.972591 0.230003 -0.991267 0.0622673 -0.116241 -0.127376 -0.224028 0.966223 0.849485 1.71142 -0.356959</i>
                        <i>0.081958 0.969901 0.229292 -0.996634 0.0793236 0.0206991 0.00188779 -0.230217 0.973138 0.838642 1.69555 -0.352177</i>
                        <i>0.122264 0.966755 0.224578 -0.985885 0.0922226 0.139737 0.11438 -0.238493 0.964385 0.829811 1.68162 -0.34739</i>
                        <i>0.152859 0.963825 0.218347 -0.967366 0.100752 0.232491 0.202082 -0.24676 0.947772 0.823265 1.67052 -0.343284</i>
                        <i>0.172221 0.961726 0.213125 -0.950484 0.105421 0.292347 0.25869 -0.252921 0.932261 0.819179 1.66317 -0.340466</i>
                        <i>0.179022 0.960945 0.211034 -0.943516 0.106904 0.313605 0.278797 -0.255256 0.925806 0.817751 1.66052 -0.339436</i>
                    </KeyFrames>
                </p>
            </i>
            <i>
                <p>
                    <Name><![CDATA[head]]></Name>
                    <Exclude>0</Exclude>
                    <Additive>0</Additive>
                    <IKPriority>0</IKPriority>
                    <IKRotLimits>-1e+010 -1e+010 -1e+010 1e+010 1e+010 1e+010</IKRotLimits>
                    <IKRotLimitOrder>0</IKRotLimitOrder>
                    <KeyFrames count="61">
                        <i>0.00920593 0.998484 0.0542646 -0.163211 0.0550395 -0.985055 -0.986548 0.000211769 0.16347 0.858892 1.91048 -0.291916</i>
                        <i>0.0414289 0.987702 0.150762 -0.14699 0.155274 -0.976874 -0.98827 0.0183103 0.151615 0.860668 1.91157 -0.284905</i>
                        <i>0.0904237 0.923265 0.37337 -0.0772584 0.380279 -0.921639 -0.992902 0.054492 0.105716 0.862172 1.91486 -0.267972</i>
                        <i>0.0716335 0.79093 0.607699 0.0432379 0.60623 -0.794113 -0.996493 0.0831608 0.00922819 0.857486 1.92035 -0.248184</i>
                        <i>-0.0589505 0.670543 0.739524 0.171217 0.736627 -0.654267 -0.983468 0.0880499 -0.158233 0.844505 1.92812 -0.234346</i>
                        <i>-0.261143 0.628698 0.732491 0.301593 0.773975 -0.556781 -0.916976 0.075515 -0.391729 0.827906 1.93842 -0.235019</i>
                        <i>-0.450454 0.648005 0.61415 0.443791 0.759406 -0.475765 -0.774687 0.0582438 -0.629656 0.820654 1.95227 -0.258391</i>
                        <i>-0.567254 0.70196 0.430669 0.588006 0.711363 -0.384981 -0.576604 0.0348544 -0.81628 0.831112 1.96692 -0.294178</i>
                        <i>-0.606579 0.752913 0.255311 0.699921 0.658039 -0.27766 -0.377059 0.0102746 -0.926132 0.852368 1.97864 -0.324729</i>
                        <i>-0.61284 0.776075 0.148775 0.752933 0.630632 -0.188135 -0.239829 -0.00327855 -0.97081 0.868678 1.98643 -0.340128</i>
                        <i>-0.614298 0.782656 0.100439 0.770808 0.622426 -0.135799 -0.1688 -0.00600195 -0.985632 0.877073 1.99258 -0.345651</i>
                        <i>-0.603404 0.794353 0.0700511 0.787218 0.607387 -0.106621 -0.127243 -0.00919027 -0.991829 0.886005 1.99894 -0.350129</i>
                        <i>-0.586853 0.807871 0.0543007 0.802104 0.589204 -0.0973057 -0.110605 -0.0135494 -0.993772 0.894533 2.00514 -0.353988</i>
                        <i>-0.570024 0.820129 0.0496033 0.813707 0.571862 -0.104189 -0.113815 -0.0190279 -0.99332 0.901793 2.01081 -0.357558</i>
                        <i>-0.557701 0.828369 0.0526811 0.819567 0.559604 -0.1231 -0.131452 -0.0254772 -0.990995 0.906972 2.01574 -0.360975</i>
                        <i>-0.550381 0.832813 0.0591937 0.819851 0.552498 -0.1503 -0.157876 -0.0341923 -0.986867 0.909924 2.01988 -0.364383</i>
                        <i>-0.54379 0.836663 0.0654744 0.817993 0.545856 -0.181462 -0.187562 -0.0451195 -0.981216 0.911292 2.02329 -0.367701</i>
                        <i>-0.53543 0.84172 0.069442 0.816732 0.536962 -0.211236 -0.215089 -0.0563865 -0.974965 0.911545 2.02595 -0.370535</i>
                        <i>-0.522812 0.849669 0.0687685 0.819373 0.523143 -0.234412 -0.235148 -0.0662064 -0.969702 0.911225 2.02785 -0.372516</i>
                        <i>-0.503216 0.861985 0.0612858 0.829414 0.501674 -0.245758 -0.242585 -0.0728378 -0.967392 0.910908 2.02895 -0.373315</i>
