<?xml version="1.0" encoding="ISO-8859-1" ?>
<Animl Version="1">
    <ModellingPackage><![CDATA[Maya.2010]]></ModellingPackage>
    <SrcFile><![CDATA[anims\vehicles\blue\~src\land\tank_m1a1abrams\tank_m1a1abrams_fire_crewman_a.mb]]></SrcFile>
    <FramesPerSecond>30</FramesPerSecond>
    <TotalFrames>71</TotalFrames>
    <Skeleton>
        <RefFrame>
            <Name><![CDATA[soldier_ref_frame]]></Name>
            <Exclude>0</Exclude>
            <Additive>0</Additive>
            <IKPriority>0</IKPriority>
            <IKRotLimits>-1e+010 -1e+010 -1e+010 1e+010 1e+010 1e+010</IKRotLimits>
            <IKRotLimitOrder>0</IKRotLimitOrder>
            <KeyFrames count="71">
                <i>1 0 0 0 1 0 0 0 1 -1.09 0.43 -0.28</i>
                <i>1 0 0 0 1 0 0 0 1 -1.09 0.43 -0.28</i>
                <i>1 0 0 0 1 0 0 0 1 -1.09 0.43 -0.28</i>
                <i>1 0 0 0 1 0 0 0 1 -1.09 0.43 -0.28</i>
                <i>1 0 0 0 1 0 0 0 1 -1.09 0.43 -0.28</i>
                <i>1 0 0 0 1 0 0 0 1 -1.09 0.43 -0.28</i>
                <i>1 0 0 0 1 0 0 0 1 -1.09 0.43 -0.28</i>
                <i>1 0 0 0 1 0 0 0 1 -1.09 0.43 -0.28</i>
                <i>1 0 0 0 1 0 0 0 1 -1.09 0.43 -0.28</i>
                <i>1 0 0 0 1 0 0 0 1 -1.09 0.43 -0.28</i>
                <i>1 0 0 0 1 0 0 0 1 -1.09 0.43 -0.28</i>
                <i>1 0 0 0 1 0 0 0 1 -1.09 0.43 -0.28</i>
                <i>1 0 0 0 1 0 0 0 1 -1.09 0.43 -0.28</i>
                <i>1 0 0 0 1 0 0 0 1 -1.09 0.43 -0.28</i>
                <i>1 0 0 0 1 0 0 0 1 -1.09 0.43 -0.28</i>
                <i>1 0 0 0 1 0 0 0 1 -1.09 0.43 -0.28</i>
                <i>1 0 0 0 1 0 0 0 1 -1.09 0.43 -0.28</i>
                <i>1 0 0 0 1 0 0 0 1 -1.09 0.43 -0.28</i>
                <i>1 0 0 0 1 0 0 0 1 -1.09 0.43 -0.28</i>
                <i>1 0 0 0 1 0 0 0 1 -1.09 0.43 -0.28</i>
                <i>1 0 0 0 1 0 0 0 1 -1.09 0.43 -0.28</i>
                <i>1 0 0 0 1 0 0 0 1 -1.09 0.43 -0.28</i>
                <i>1 0 0 0 1 0 0 0 1 -1.09 0.43 -0.28</i>
                <i>1 0 0 0 1 0 0 0 1 -1.09 0.43 -0.28</i>
                <i>1 0 0 0 1 0 0 0 1 -1.09 0.43 -0.28</i>
                <i>1 0 0 0 1 0 0 0 1 -1.09 0.43 -0.28</i>
                <i>1 0 0 0 1 0 0 0 1 -1.09 0.43 -0.28</i>
                <i>1 0 0 0 1 0 0 0 1 -1.09 0.43 -0.28</i>
                <i>1 0 0 0 1 0 0 0 1 -1.09 0.43 -0.28</i>
                <i>1 0 0 0 1 0 0 0 1 -1.09 0.43 -0.28</i>
                <i>1 0 0 0 1 0 0 0 1 -1.09 0.43 -0.28</i>
                <i>1 0 0 0 1 0 0 0 1 -1.09 0.43 -0.28</i>
                <i>1 0 0 0 1 0 0 0 1 -1.09 0.43 -0.28</i>
                <i>1 0 0 0 1 0 0 0 1 -1.09 0.43 -0.28</i>
                <i>1 0 0 0 1 0 0 0 1 -1.09 0.43 -0.28</i>
                <i>1 0 0 0 1 0 0 0 1 -1.09 0.43 -0.28</i>
                <i>1 0 0 0 1 0 0 0 1 -1.09 0.43 -0.28</i>
                <i>1 0 0 0 1 0 0 0 1 -1.09 0.43 -0.28</i>
                <i>1 0 0 0 1 0 0 0 1 -1.09 0.43 -0.28</i>
                <i>1 0 0 0 1 0 0 0 1 -1.09 0.43 -0.28</i>
                <i>1 0 0 0 1 0 0 0 1 -1.09 0.43 -0.28</i>
                <i>1 0 0 0 1 0 0 0 1 -1.09 0.43 -0.28</i>
                <i>1 0 0 0 1 0 0 0 1 -1.09 0.43 -0.28</i>
                <i>1 0 0 0 1 0 0 0 1 -1.09 0.43 -0.28</i>
                <i>1 0 0 0 1 0 0 0 1 -1.09 0.43 -0.28</i>
                <i>1 0 0 0 1 0 0 0 1 -1.09 0.43 -0.28</i>
                <i>1 0 0 0 1 0 0 0 1 -1.09 0.43 -0.28</i>
                <i>1 0 0 0 1 0 0 0 1 -1.09 0.43 -0.28</i>
                <i>1 0 0 0 1 0 0 0 1 -1.09 0.43 -0.28</i>
                <i>1 0 0 0 1 0 0 0 1 -1.09 0.43 -0.28</i>
                <i>1 0 0 0 1 0 0 0 1 -1.09 0.43 -0.28</i>
                <i>1 0 0 0 1 0 0 0 1 -1.09 0.43 -0.28</i>
                <i>1 0 0 0 1 0 0 0 1 -1.09 0.43 -0.28</i>
                <i>1 0 0 0 1 0 0 0 1 -1.09 0.43 -0.28</i>
                <i>1 0 0 0 1 0 0 0 1 -1.09 0.43 -0.28</i>
                <i>1 0 0 0 1 0 0 0 1 -1.09 0.43 -0.28</i>
                <i>1 0 0 0 1 0 0 0 1 -1.09 0.43 -0.28</i>
                <i>1 0 0 0 1 0 0 0 1 -1.09 0.43 -0.28</i>
                <i>1 0 0 0 1 0 0 0 1 -1.09 0.43 -0.28</i>
                <i>1 0 0 0 1 0 0 0 1 -1.09 0.43 -0.28</i>
                <i>1 0 0 0 1 0 0 0 1 -1.09 0.43 -0.28</i>
                <i>1 0 0 0 1 0 0 0 1 -1.09 0.43 -0.28</i>
                <i>1 0 0 0 1 0 0 0 1 -1.09 0.43 -0.28</i>
                <i>1 0 0 0 1 0 0 0 1 -1.09 0.43 -0.28</i>
                <i>1 0 0 0 1 0 0 0 1 -1.09 0.43 -0.28</i>
                <i>1 0 0 0 1 0 0 0 1 -1.09 0.43 -0.28</i>
                <i>1 0 0 0 1 0 0 0 1 -1.09 0.43 -0.28</i>
                <i>1 0 0 0 1 0 0 0 1 -1.09 0.43 -0.28</i>
                <i>1 0 0 0 1 0 0 0 1 -1.09 0.43 -0.28</i>
                <i>1 0 0 0 1 0 0 0 1 -1.09 0.43 -0.28</i>
                <i>1 0 0 0 1 0 0 0 1 -1.09 0.43 -0.28</i>
            </KeyFrames>
        </RefFrame>
        <Bones count="23">
            <i>
                <p>
                    <Name><![CDATA[pelvis]]></Name>
                    <Exclude>0</Exclude>
                    <Additive>0</Additive>
                    <IKPriority>0</IKPriority>
                    <IKRotLimits>-1e+010 -1e+010 -1e+010 1e+010 1e+010 1e+010</IKRotLimits>
                    <IKRotLimitOrder>2</IKRotLimitOrder>
                    <KeyFrames count="71">
                        <i>1 0 0 0 1 0 0 0 1 -1.15547 1.59266 -0.28077</i>
                        <i>1 0 0 0 1 0 0 0 1 -1.15547 1.61936 -0.279425</i>
                        <i>1 0 0 0 1 0 0 0 1 -1.15547 1.64324 -0.276577</i>
                        <i>1 0 0 0 1 0 0 0 1 -1.15547 1.66346 -0.274007</i>
                        <i>1 0 0 0 1 0 0 0 1 -1.15547 1.67917 -0.273498</i>
                        <i>1 0 0 0 1 0 0 0 1 -1.15547 1.6818 -0.275791</i>
                        <i>1 0 0 0 1 0 0 0 1 -1.15547 1.663 -0.279732</i>
                        <i>1 0 0 0 1 0 0 0 1 -1.15547 1.6223 -0.284257</i>
                        <i>1 0 0 0 1 0 0 0 1 -1.15547 1.55921 -0.288303</i>
                        <i>1 0 0 0 1 0 0 0 1 -1.15547 1.47325 -0.290807</i>
                        <i>1 0 0 0 1 0 0 0 1 -1.15547 1.4908 -0.29132</i>
                        <i>1 0 0 0 1 0 0 0 1 -1.15547 1.50292 -0.29055</i>
                        <i>1 0 0 0 1 0 0 0 1 -1.15547 1.51044 -0.289172</i>
                        <i>1 0 0 0 1 0 0 0 1 -1.15547 1.51423 -0.28786</i>
                        <i>1 0 0 0 1 0 0 0 1 -1.15547 1.51512 -0.287288</i>
                        <i>1 0 0 0 1 0 0 0 1 -1.15547 1.51452 -0.287338</i>
                        <i>1 0 0 0 1 0 0 0 1 -1.15547 1.51331 -0.28744</i>
                        <i>1 0 0 0 1 0 0 0 1 -1.15547 1.51156 -0.287586</i>
                        <i>1 0 0 0 1 0 0 0 1 -1.15547 1.50935 -0.287772</i>
                        <i>1 0 0 0 1 0 0 0 1 -1.15547 1.50673 -0.287992</i>
                        <i>1 0 0 0 1 0 0 0 1 -1.15547 1.50379 -0.28824</i>
                        <i>1 0 0 0 1 0 0 0 1 -1.15547 1.50058 -0.288509</i>
                        <i>1 0 0 0 1 0 0 0 1 -1.15547 1.49718 -0.288795</i>
                        <i>1 0 0 0 1 0 0 0 1 -1.15547 1.49365 -0.289092</i>
                        <i>1 0 0 0 1 0 0 0 1 -1.15547 1.49007 -0.289393</i>
                        <i>1 0 0 0 1 0 0 0 1 -1.15547 1.48651 -0.289692</i>
                        <i>1 0 0 0 1 0 0 0 1 -1.15547 1.48302 -0.289985</i>
                        <i>1 0 0 0 1 0 0 0 1 -1.15547 1.47969 -0.290265</i>
                        <i>1 0 0 0 1 0 0 0 1 -1.15547 1.47658 -0.290527</i>
                        <i>1 0 0 0 1 0 0 0 1 -1.15547 1.47376 -0.290764</i>
                        <i>1 0 0 0 1 0 0 0 1 -1.15547 1.47129 -0.290971</i>
                        <i>1 0 0 0 1 0 0 0 1 -1.15547 1.46925 -0.291143</i>
                        <i>1 0 0 0 1 0 0 0 1 -1.15547 1.46771 -0.291272</i>
                        <i>1 0 0 0 1 0 0 0 1 -1.15547 1.46674 -0.291354</i>
                        <i>1 0 0 0 1 0 0 0 1 -1.15547 1.4664 -0.291382</i>
                        <i>1 0 0 0 1 0 0 0 1 -1.15547 1.46652 -0.291372</i>
                        <i>1 0 0 0 1 0 0 0 1 -1.15547 1.46689 -0.291341</i>
                        <i>1 0 0 0 1 0 0 0 1 -1.15547 1.4675 -0.29129</i>
                        <i>1 0 0 0 1 0 0 0 1 -1.15547 1.46836 -0.291218</i>
                        <i>1 0 0 0 1 0 0 0 1 -1.15547 1.46946 -0.291125</i>
                        <i>1 0 0 0 1 0 0 0 1 -1.15547 1.4708 -0.291012</i>
                        <i>1 0 0 0 1 0 0 0 1 -1.15547 1.47239 -0.290879</i>
                        <i>1 0 0 0 1 0 0 0 1 -1.15547 1.47422 -0.290725</i>
                        <i>1 0 0 0 1 0 0 0 1 -1.15547 1.4763 -0.29055</i>
                        <i>1 0 0 0 1 0 0 0 1 -1.15547 1.47862 -0.290355</i>
                        <i>1 0 0 0 1 0 0 0 1 -1.15547 1.48118 -0.29014</i>
                        <i>1 0 0 0 1 0 0 0 1 -1.15547 1.48398 -0.289905</i>
                        <i>1 0 0 0 1 0 0 0 1 -1.15547 1.48703 -0.289649</i>
                        <i>1 0 0 0 1 0 0 0 1 -1.15547 1.49032 -0.289372</i>
                        <i>1 0 0 0 1 0 0 0 1 -1.15547 1.49385 -0.289075</i>
                        <i>1 0 0 0 1 0 0 0 1 -1.15547 1.49762 -0.288758</i>
                        <i>1 0 0 0 1 0 0 0 1 -1.15547 1.50163 -0.288421</i>
                        <i>1 0 0 0 1 0 0 0 1 -1.15547 1.50589 -0.288064</i>
                        <i>1 0 0 0 1 0 0 0 1 -1.15547 1.51038 -0.287686</i>
                        <i>1 0 0 0 1 0 0 0 1 -1.15547 1.51512 -0.287288</i>
                        <i>1 0 0 0 1 0 0 0 1 -1.15547 1.52423 -0.286521</i>
                        <i>1 0 0 0 1 0 0 0 1 -1.15547 1.53954 -0.285235</i>
                        <i>1 0 0 0 1 0 0 0 1 -1.15547 1.55753 -0.283723</i>
                        <i>1 0 0 0 1 0 0 0 1 -1.15547 1.57471 -0.282278</i>
                        <i>1 0 0 0 1 0 0 0 1 -1.15547 1.58759 -0.281196</i>
                        <i>1 0 0 0 1 0 0 0 1 -1.15547 1.59266 -0.28077</i>
                        <i>1 0 0 0 1 0 0 0 1 -1.15547 1.59266 -0.28077</i>
                        <i>1 0 0 0 1 0 0 0 1 -1.15547 1.59266 -0.28077</i>
                        <i>1 0 0 0 1 0 0 0 1 -1.15547 1.59266 -0.28077</i>
                        <i>1 0 0 0 1 0 0 0 1 -1.15547 1.59266 -0.28077</i>
                        <i>1 0 0 0 1 0 0 0 1 -1.15547 1.59266 -0.28077</i>
                        <i>1 0 0 0 1 0 0 0 1 -1.15547 1.59266 -0.28077</i>
                        <i>1 0 0 0 1 0 0 0 1 -1.15547 1.59266 -0.28077</i>
                        <i>1 0 0 0 1 0 0 0 1 -1.15547 1.59266 -0.28077</i>
                        <i>1 0 0 0 1 0 0 0 1 -1.15547 1.59266 -0.28077</i>
                        <i>1 0 0 0 1 0 0 0 1 -1.15547 1.59266 -0.28077</i>
                    </KeyFrames>
                </p>
            </i>
            <i>
                <p>
                    <Name><![CDATA[spine0]]></Name>
                    <Exclude>0</Exclude>
                    <Additive>0</Additive>
                    <IKPriority>0</IKPriority>
                    <IKRotLimits>-1e+010 -1e+010 -1e+010 1e+010 1e+010 1e+010</IKRotLimits>
                    <IKRotLimitOrder>0</IKRotLimitOrder>
                    <KeyFrames count="71">
                        <i>-0.0454616 0.95977 0.277083 -0.998925 -0.0461952 -0.00388294 0.0090732 -0.276962 0.960838 -1.15547 1.73184 -0.317137</i>
                        <i>-0.0454775 0.954123 0.295939 -0.998915 -0.0464027 -0.00390038 0.0100109 -0.295796 0.955199 -1.15547 1.75855 -0.315792</i>
                        <i>-0.0455116 0.940435 0.336912 -0.998891 -0.0469274 -0.00394449 0.0121009 -0.336718 0.941528 -1.15547 1.78243 -0.312944</i>
                        <i>-0.0455132 0.925719 0.375464 -0.998864 -0.0474904 -0.0039918 0.0141356 -0.375219 0.926828 -1.15547 1.80265 -0.310374</i>
                        <i>-0.0454093 0.921661 0.385331 -0.998861 -0.0475422 -0.00399616 0.0146364 -0.385073 0.92277 -1.15547 1.81836 -0.309866</i>
                        <i>-0.0451514 0.934442 0.353242 -0.998897 -0.0467795 -0.00393205 0.0128502 -0.35303 0.935524 -1.15547 1.82098 -0.312159</i>
                        <i>-0.0447728 0.954629 0.294412 -0.998949 -0.0456676 -0.00383859 0.00978065 -0.294274 0.955671 -1.15547 1.80219 -0.316099</i>
                        <i>-0.04431 0.972835 0.227219 -0.998997 -0.0446255 -0.003751 0.00649064 -0.227157 0.973837 -1.15547 1.76149 -0.320624</i>
                        <i>-0.04385 0.984585 0.169318 -0.999031 -0.0438594 -0.0036866 0.00379642 -0.169316 0.985555 -1.15547 1.6984 -0.32467</i>
                        <i>-0.0435574 0.98965 0.136733 -0.999048 -0.0434663 -0.00365356 0.00232755 -0.136762 0.990601 -1.15547 1.61243 -0.327174</i>
                        <i>-0.0436809 0.989851 0.135228 -0.999043 -0.043586 -0.00366362 0.00226759 -0.135258 0.990808 -1.15547 1.62999 -0.327687</i>
                        <i>-0.0442022 0.987159 0.153502 -0.999018 -0.0441561 -0.00371154 0.00311417 -0.153515 0.988141 -1.15547 1.64211 -0.326917</i>
                        <i>-0.0448871 0.98245 0.181045 -0.998982 -0.0449463 -0.00377796 0.00442563 -0.18103 0.983468 -1.15547 1.64963 -0.325539</i>
                        <i>-0.0455298 0.976969 0.208469 -0.998946 -0.0457338 -0.00384415 0.00577846 -0.208424 0.978021 -1.15547 1.65342 -0.324227</i>
                        <i>-0.0459263 0.973088 0.225809 -0.998923 -0.0462436 -0.00388701 0.00665983 -0.225745 0.974164 -1.15547 1.65431 -0.323655</i>
                        <i>-0.0461149 0.970957 0.234768 -0.998911 -0.0464975 -0.00390835 0.00712129 -0.234692 0.972044 -1.15547 1.65371 -0.323705</i>
                        <i>-0.0462592 0.968802 0.24348 -0.998901 -0.0467096 -0.00392618 0.00756919 -0.243394 0.969898 -1.15547 1.6525 -0.323807</i>
                        <i>-0.0463522 0.966801 0.25129 -0.998893 -0.0468669 -0.0039394 0.00796858 -0.251195 0.967904 -1.15547 1.65075 -0.323954</i>
                        <i>-0.0464058 0.964964 0.258245 -0.998888 -0.0469804 -0.00394894 0.00832185 -0.258141 0.966071 -1.15547 1.64854 -0.32414</i>
                        <i>-0.0464378 0.963198 0.26475 -0.998884 -0.0470707 -0.00395653 0.00865103 -0.264638 0.964309 -1.15547 1.64592 -0.32436</i>
                        <i>-0.046451 0.961515 0.270797 -0.99888 -0.0471402 -0.00396237 0.00895554 -0.270678 0.962628 -1.15547 1.64298 -0.324607</i>
                        <i>-0.0464463 0.959905 0.276451 -0.998878 -0.0471898 -0.00396654 0.00923818 -0.276325 0.96102 -1.15547 1.63977 -0.324877</i>
                        <i>-0.0464264 0.958375 0.281711 -0.998877 -0.0472216 -0.00396921 0.00949886 -0.281579 0.959491 -1.15547 1.63637 -0.325163</i>
                        <i>-0.0463939 0.956934 0.286574 -0.998876 -0.0472382 -0.00397061 0.00973765 -0.286436 0.95805 -1.15547 1.63284 -0.325459</i>
                        <i>-0.0463515 0.955588 0.291039 -0.998876 -0.0472418 -0.00397091 0.00995465 -0.290896 0.956703 -1.15547 1.62926 -0.32576</i>
                        <i>-0.0463019 0.954343 0.295102 -0.998876 -0.0472348 -0.00397032 0.01015 -0.294954 0.955458 -1.15547 1.6257 -0.32606</i>
                        <i>-0.0462475 0.953207 0.298759 -0.998877 -0.0472193 -0.00396902 0.0103239 -0.298607 0.95432 -1.15547 1.62221 -0.326353</i>
                        <i>-0.0461908 0.952186 0.302007 -0.998878 -0.0471975 -0.00396719 0.0104765 -0.301851 0.953297 -1.15547 1.61888 -0.326633</i>
                        <i>-0.046134 0.951286 0.304839 -0.998879 -0.0471715 -0.003965 0.0106079 -0.304681 0.952395 -1.15547 1.61577 -0.326894</i>
                        <i>-0.0460793 0.950512 0.30725 -0.99888 -0.0471432 -0.00396263 0.0107182 -0.307089 0.95162 -1.15547 1.61294 -0.327132</i>
                        <i>-0.0460288 0.949872 0.309233 -0.998882 -0.0471145 -0.00396021 0.0108076 -0.309069 0.950978 -1.15547 1.61048 -0.327339</i>
                        <i>-0.0459843 0.949369 0.310779 -0.998883 -0.047087 -0.0039579 0.0108761 -0.310614 0.950474 -1.15547 1.60844 -0.32751</i>
                        <i>-0.0459477 0.949009 0.311882 -0.998884 -0.0470624 -0.00395583 0.0109238 -0.311716 0.950113 -1.15547 1.6069 -0.327639</i>
                        <i>-0.0459205 0.948796 0.312534 -0.998885 -0.0470423 -0.00395414 0.0109506 -0.312367 0.949898 -1.15547 1.60593 -0.327721</i>
                        <i>-0.0459046 0.948733 0.312727 -0.998886 -0.0470282 -0.00395296 0.0109567 -0.31256 0.949835 -1.15547 1.60559 -0.32775</i>
                        <i>-0.0459017 0.948828 0.312439 -0.998886 -0.0470219 -0.00395242 0.0109413 -0.312272 0.94993 -1.15547 1.60571 -0.32774</i>
                        <i>-0.0459123 0.949066 0.311715 -0.998886 -0.0470242 -0.00395262 0.0109069 -0.311549 0.950167 -1.15547 1.60608 -0.327709</i>
                        <i>-0.0459353 0.949413 0.310651 -0.998885 -0.0470353 -0.00395355 0.010858 -0.310486 0.950516 -1.15547 1.60669 -0.327657</i>
                        <i>-0.0459667 0.949898 0.309162 -0.998885 -0.0470501 -0.0039548 0.0107894 -0.308999 0.951001 -1.15547 1.60755 -0.327585</i>
                        <i>-0.046002 0.950549 0.307149 -0.998884 -0.047063 -0.00395588 0.0106951 -0.306988 0.951653 -1.15547 1.60865 -0.327493</i>
                        <i>-0.0460399 0.951339 0.304686 -0.998884 -0.0470735 -0.00395677 0.0105784 -0.304528 0.952445 -1.15547 1.60999 -0.32738</i>
                        <i>-0.0460788 0.952242 0.301847 -0.998883 -0.0470813 -0.00395742 0.0104429 -0.301692 0.953348 -1.15547 1.61158 -0.327246</i>
                        <i>-0.0461172 0.953231 0.298704 -0.998883 -0.0470857 -0.00395779 0.010292 -0.298553 0.954337 -1.15547 1.61341 -0.327092</i>
                        <i>-0.0461537 0.95428 0.295329 -0.998883 -0.0470861 -0.00395782 0.010129 -0.295182 0.955387 -1.15547 1.61549 -0.326918</i>
                        <i>-0.0461867 0.955366 0.291792 -0.998883 -0.0470818 -0.00395746 0.00995727 -0.291649 0.956474 -1.15547 1.61781 -0.326723</i>
                        <i>-0.0462153 0.956447 0.288225 -0.998884 -0.0470735 -0.00395676 0.00978334 -0.288086 0.957554 -1.15547 1.62037 -0.326508</i>
                        <i>-0.046239 0.957486 0.28475 -0.998884 -0.0470618 -0.00395578 0.00961323 -0.284615 0.958594 -1.15547 1.62317 -0.326272</i>
                        <i>-0.0462564 0.95847 0.281418 -0.998885 -0.0470458 -0.00395444 0.00944933 -0.281287 0.959577 -1.15547 1.62622 -0.326016</i>
                        <i>-0.046266 0.959384 0.278282 -0.998886 -0.0470245 -0.00395264 0.00929397 -0.278155 0.960491 -1.15547 1.62951 -0.32574</i>
                        <i>-0.0462665 0.960217 0.275394 -0.998887 -0.0469968 -0.00395031 0.00914946 -0.27527 0.961323 -1.15547 1.63304 -0.325443</i>
                        <i>-0.0462564 0.960957 0.272805 -0.998889 -0.0469617 -0.00394737 0.00901813 -0.272684 0.962061 -1.15547 1.63681 -0.325126</i>
                        <i>-0.0462346 0.96159 0.270567 -0.998891 -0.0469184 -0.00394373 0.00890234 -0.27045 0.962693 -1.15547 1.64082 -0.324788</i>
                        <i>-0.0462 0.962105 0.268736 -0.998893 -0.0468662 -0.00393934 0.00880456 -0.26862 0.963206 -1.15547 1.64507 -0.324431</i>
                        <i>-0.0461517 0.962489 0.267366 -0.998896 -0.0468046 -0.00393416 0.00872737 -0.267252 0.963587 -1.15547 1.64957 -0.324053</i>
                        <i>-0.0460894 0.962727 0.266518 -0.9989 -0.0467336 -0.0039282 0.00867357 -0.266406 0.963822 -1.15547 1.65431 -0.323655</i>
                        <i>-0.0459881 0.962639 0.266854 -0.998904 -0.046634 -0.00391982 0.00867111 -0.266742 0.963729 -1.15547 1.66342 -0.322889</i>
                        <i>-0.0458477 0.962155 0.268618 -0.99891 -0.0465077 -0.00390921 0.00873153 -0.268504 0.963239 -1.15547 1.67872 -0.321602</i>
                        <i>-0.0457021 0.961434 0.271211 -0.998916 -0.046384 -0.00389881 0.00883139 -0.271095 0.962512 -1.15547 1.69672 -0.32009</i>
                        <i>-0.0455777 0.960657 0.273973 -0.998921 -0.0462836 -0.00389037 0.00894315 -0.273854 0.96173 -1.15547 1.7139 -0.318646</i>
                        <i>-0.045493 0.960028 0.276181 -0.998924 -0.0462185 -0.0038849 0.00903508 -0.276061 0.961098 -1.15547 1.72678 -0.317564</i>
                        <i>-0.0454616 0.95977 0.277083 -0.998925 -0.0461952 -0.00388294 0.0090732 -0.276962 0.960838 -1.15547 1.73184 -0.317137</i>
                        <i>-0.0454616 0.95977 0.277083 -0.998925 -0.0461952 -0.00388294 0.0090732 -0.276962 0.960838 -1.15547 1.73184 -0.317137</i>
                        <i>-0.0454616 0.95977 0.277083 -0.998925 -0.0461952 -0.00388294 0.0090732 -0.276962 0.960838 -1.15547 1.73184 -0.317137</i>
                        <i>-0.0454616 0.95977 0.277083 -0.998925 -0.0461952 -0.00388294 0.0090732 -0.276962 0.960838 -1.15547 1.73184 -0.317137</i>
                        <i>-0.0454616 0.95977 0.277083 -0.998925 -0.0461952 -0.00388294 0.0090732 -0.276962 0.960838 -1.15547 1.73184 -0.317137</i>
                        <i>-0.0454616 0.95977 0.277083 -0.998925 -0.0461952 -0.00388294 0.0090732 -0.276962 0.960838 -1.15547 1.73184 -0.317137</i>
                        <i>-0.0454616 0.95977 0.277083 -0.998925 -0.0461952 -0.00388294 0.0090732 -0.276962 0.960838 -1.15547 1.73184 -0.317137</i>
                        <i>-0.0454616 0.95977 0.277083 -0.998925 -0.0461952 -0.00388294 0.0090732 -0.276962 0.960838 -1.15547 1.73184 -0.317137</i>
                        <i>-0.0454616 0.95977 0.277083 -0.998925 -0.0461952 -0.00388294 0.0090732 -0.276962 0.960838 -1.15547 1.73184 -0.317137</i>
                        <i>-0.0454616 0.95977 0.277083 -0.998925 -0.0461952 -0.00388294 0.0090732 -0.276962 0.960838 -1.15547 1.73184 -0.317137</i>
                        <i>-0.0454616 0.95977 0.277083 -0.998925 -0.0461952 -0.00388294 0.0090732 -0.276962 0.960838 -1.15547 1.73184 -0.317137</i>
                    </KeyFrames>
                </p>
            </i>
            <i>
                <p>
                    <Name><![CDATA[spine1]]></Name>
                    <Exclude>0</Exclude>
                    <Additive>0</Additive>
                    <IKPriority>0</IKPriority>
                    <IKRotLimits>-1e+010 -1e+010 -1e+010 1e+010 1e+010 1e+010</IKRotLimits>
                    <IKRotLimitOrder>0</IKRotLimitOrder>
                    <KeyFrames count="71">
                        <i>-0.135797 0.742151 0.656331 -0.988697 -0.144002 -0.0417335 0.0635402 -0.65458 0.753318 -1.16346 1.9004 -0.268503</i>
                        <i>-0.135234 0.724379 0.676008 -0.988573 -0.144502 -0.0429199 0.0665941 -0.674087 0.735644 -1.16345 1.92591 -0.263907</i>
                        <i>-0.133883 0.685564 0.715596 -0.988297 -0.145632 -0.0453842 0.0730996 -0.713298 0.697038 -1.16344 1.94698 -0.254016</i>
                        <i>-0.132489 0.649257 0.748941 -0.988025 -0.146787 -0.0475337 0.0790733 -0.74627 0.66093 -1.16342 1.96422 -0.24486</i>
                        <i>-0.132186 0.64134 0.755784 -0.987949 -0.147187 -0.0478928 0.080526 -0.753007 0.653067 -1.16338 1.97892 -0.242756</i>
                        <i>-0.133713 0.677962 0.722834 -0.988194 -0.146261 -0.0456193 0.074794 -0.7204 0.689515 -1.16333 1.9835 -0.250741</i>
                        <i>-0.136278 0.745794 0.652089 -0.988654 -0.144358 -0.0415139 0.0631734 -0.650348 0.757005 -1.16325 1.96799 -0.26498</i>
                        <i>-0.138525 0.819038 0.556766 -0.989147 -0.142229 -0.0368739 0.0489873 -0.555831 0.829851 -1.16317 1.93037 -0.281192</i>
                        <i>-0.139656 0.875235 0.463098 -0.989538 -0.14046 -0.0329507 0.036207 -0.462855 0.885694 -1.16309 1.86939 -0.295278</i>
                        <i>-0.139886 0.903428 0.405277 -0.989753 -0.139421 -0.0308314 0.0286503 -0.405437 0.913674 -1.16304 1.78444 -0.303423</i>
                        <i>-0.139757 0.902308 0.40781 -0.989764 -0.139315 -0.0309493 0.0288882 -0.407962 0.912542 -1.16308 1.8024 -0.30415</i>
                        <i>-0.139338 0.879581 0.454887 -0.989626 -0.139934 -0.0325547 0.0350197 -0.454704 0.889954 -1.1632 1.81478 -0.300088</i>
                        <i>-0.138496 0.84358 0.518837 -0.989399 -0.140968 -0.0349053 0.0436942 -0.518171 0.85416 -1.16337 1.8224 -0.293728</i>
                        <i>-0.137352 0.804183 0.578294 -0.989144 -0.142145 -0.0372657 0.0522333 -0.577134 0.814977 -1.16352 1.82609 -0.287414</i>
                        <i>-0.136447 0.776545 0.615109 -0.988953 -0.143072 -0.0387537 0.0579108 -0.613602 0.787489 -1.16361 1.82679 -0.283665</i>
                        <i>-0.135904 0.760684 0.634736 -0.988831 -0.143718 -0.0394839 0.0611881 -0.633013 0.771719 -1.16365 1.82598 -0.282087</i>
                        <i>-0.135369 0.745678 0.652411 -0.988714 -0.144322 -0.0401937 0.0641859 -0.650488 0.756799 -1.16369 1.8245 -0.280617</i>
                        <i>-0.134901 0.732877 0.666853 -0.988615 -0.144823 -0.040829 0.0666534 -0.664769 0.74407 -1.1637 1.82244 -0.279366</i>
                        <i>-0.134501 0.722079 0.67861 -0.988531 -0.145235 -0.0413899 0.0686709 -0.676394 0.733332 -1.16371 1.8199 -0.278318</i>
                        <i>-0.134128 0.71217 0.689074 -0.988454 -0.145612 -0.0419103 0.0704902 -0.686739 0.723478 -1.16372 1.81694 -0.27739</i>
                        <i>-0.133786 0.70316 0.698332 -0.988383 -0.145956 -0.0423885 0.0721196 -0.69589 0.714518 -1.16372 1.81364 -0.276579</i>
                        <i>-0.133474 0.695019 0.706493 -0.988318 -0.146266 -0.0428273 0.0735703 -0.703956 0.706423 -1.16371 1.81007 -0.275867</i>
                        <i>-0.133196 0.687739 0.713635 -0.988259 -0.146545 -0.0432261 0.074851 -0.711014 0.699183 -1.1637 1.8063 -0.275248</i>
                        <i>-0.132951 0.6813 0.719829 -0.988207 -0.146792 -0.0435847 0.0759705 -0.717134 0.692782 -1.16369 1.80241 -0.274715</i>
                        <i>-0.132738 0.675681 0.725145 -0.98816 -0.147008 -0.0439033 0.0769375 -0.722387 0.687195 -1.16368 1.79847 -0.274262</i>
                        <i>-0.132559 0.670852 0.729648 -0.98812 -0.147195 -0.0441823 0.077761 -0.726836 0.682394 -1.16366 1.79455 -0.273882</i>
                        <i>-0.13241 0.666779 0.733399 -0.988086 -0.147355 -0.0444226 0.0784497 -0.730543 0.678346 -1.16365 1.79073 -0.273569</i>
                        <i>-0.132291 0.663423 0.736457 -0.988057 -0.147487 -0.0446254 0.0790124 -0.733565 0.675011 -1.16363 1.78708 -0.273317</i>
                        <i>-0.1322 0.660744 0.738878 -0.988033 -0.147594 -0.0447922 0.0794581 -0.735958 0.672348 -1.16362 1.78368 -0.273119</i>
                        <i>-0.132135 0.658695 0.740717 -0.988015 -0.147678 -0.0449248 0.0797956 -0.737775 0.670314 -1.1636 1.7806 -0.272969</i>
                        <i>-0.132093 0.65723 0.742025 -0.988001 -0.147738 -0.045025 0.0800337 -0.739069 0.668859 -1.16359 1.77791 -0.272862</i>
                        <i>-0.132071 0.656298 0.742852 -0.987992 -0.147778 -0.045095 0.0801815 -0.739888 0.667935 -1.16357 1.77569 -0.272791</i>
                        <i>-0.132068 0.65585 0.743249 -0.987987 -0.147798 -0.0451369 0.0802479 -0.740281 0.667491 -1.16356 1.77401 -0.272751</i>
                        <i>-0.13208 0.655832 0.743262 -0.987986 -0.147801 -0.0451531 0.0802419 -0.740296 0.667475 -1.16356 1.77294 -0.272736</i>
                        <i>-0.132104 0.656193 0.74294 -0.987988 -0.147787 -0.0451456 0.0801726 -0.73998 0.667834 -1.16355 1.77256 -0.272741</i>
                        <i>-0.132137 0.656884 0.742323 -0.987994 -0.147759 -0.0451159 0.0800486 -0.739372 0.668522 -1.16355 1.7727 -0.272782</i>
                        <i>-0.132177 0.657836 0.741472 -0.988002 -0.147717 -0.0450683 0.0798808 -0.738533 0.669469 -1.16355 1.77313 -0.27287</i>
                        <i>-0.132219 0.658965 0.740461 -0.988013 -0.147666 -0.0450088 0.0796818 -0.737536 0.67059 -1.16356 1.77386 -0.272989</i>
                        <i>-0.132274 0.660482 0.739099 -0.988026 -0.147599 -0.0449253 0.0794177 -0.736192 0.672097 -1.16357 1.77487 -0.273156</i>
                        <i>-0.132354 0.662621 0.737167 -0.988045 -0.14751 -0.0448045 0.0790509 -0.734285 0.674223 -1.16358 1.77617 -0.273392</i>
                        <i>-0.132455 0.665331 0.734704 -0.988069 -0.1474 -0.0446504 0.0785883 -0.731852 0.676917 -1.16359 1.77775 -0.273684</i>
                        <i>-0.132577 0.66856 0.731745 -0.988096 -0.147272 -0.0444669 0.0780369 -0.72893 0.680126 -1.1636 1.77959 -0.27402</i>
                        <i>-0.132717 0.672254 0.728327 -0.988127 -0.147127 -0.0442583 0.0774035 -0.725554 0.683798 -1.16361 1.7817 -0.27439</i>
                        <i>-0.132873 0.67636 0.724487 -0.988161 -0.146965 -0.0440288 0.0766952 -0.72176 0.687881 -1.16363 1.78406 -0.274781</i>
                        <i>-0.133043 0.680824 0.720263 -0.988198 -0.14679 -0.0437828 0.0759188 -0.717587 0.692318 -1.16364 1.78667 -0.275181</i>
                        <i>-0.133219 0.685431 0.715847 -0.988236 -0.146609 -0.0435308 0.075112 -0.713225 0.696899 -1.16365 1.78951 -0.275569</i>
                        <i>-0.133392 0.689999 0.711413 -0.988274 -0.146429 -0.0432821 0.0743071 -0.708844 0.70144 -1.16365 1.79259 -0.275924</i>
                        <i>-0.133563 0.694517 0.70697 -0.988311 -0.146251 -0.0430397 0.0735035 -0.704455 0.705932 -1.16366 1.79588 -0.276237</i>
                        <i>-0.133733 0.698977 0.702529 -0.988347 -0.146074 -0.0428066 0.0727003 -0.700067 0.710367 -1.16367 1.79939 -0.276499</i>
                        <i>-0.133904 0.703368 0.6981 -0.988383 -0.145896 -0.0425858 0.0718968 -0.695693 0.714732 -1.16367 1.8031 -0.276702</i>
                        <i>-0.134074 0.70768 0.693695 -0.988418 -0.145718 -0.0423806 0.0710921 -0.691343 0.719021 -1.16367 1.80703 -0.276838</i>
                        <i>-0.134245 0.711905 0.689325 -0.988452 -0.145539 -0.0421939 0.0702856 -0.687029 0.723222 -1.16366 1.81115 -0.276898</i>
                        <i>-0.134419 0.716034 0.685001 -0.988486 -0.145358 -0.0420286 0.0694763 -0.682763 0.727329 -1.16365 1.81547 -0.276873</i>
                        <i>-0.134594 0.72006 0.680733 -0.988519 -0.145174 -0.0418875 0.0686635 -0.678556 0.731333 -1.16364 1.81997 -0.276753</i>
                        <i>-0.134771 0.723976 0.676531 -0.988551 -0.144988 -0.0417728 0.0678465 -0.674416 0.735228 -1.16363 1.82466 -0.276528</i>
                        <i>-0.134975 0.727993 0.672167 -0.988584 -0.144784 -0.0417044 0.0669586 -0.670122 0.739224 -1.1636 1.83359 -0.275749</i>
                        <i>-0.135205 0.732091 0.667655 -0.988617 -0.144565 -0.0416849 0.0660023 -0.665691 0.743303 -1.16356 1.84854 -0.274224</i>
                        <i>-0.135429 0.735921 0.663384 -0.988647 -0.144354 -0.0416924 0.0650797 -0.6615 0.747116 -1.16352 1.86611 -0.272337</i>
                        <i>-0.135618 0.739126 0.659773 -0.988673 -0.144174 -0.0417099 0.0642933 -0.657956 0.750306 -1.16349 1.88288 -0.270482</i>
                        <i>-0.135748 0.741331 0.657268 -0.98869 -0.144049 -0.0417262 0.0637457 -0.655499 0.752501 -1.16347 1.89545 -0.269066</i>
                        <i>-0.135797 0.742151 0.656331 -0.988697 -0.144002 -0.0417335 0.0635402 -0.65458 0.753318 -1.16346 1.9004 -0.268503</i>
                        <i>-0.135797 0.742151 0.656331 -0.988697 -0.144002 -0.0417335 0.0635402 -0.65458 0.753318 -1.16346 1.9004 -0.268503</i>
                        <i>-0.135797 0.742151 0.656331 -0.988697 -0.144002 -0.0417335 0.0635402 -0.65458 0.753318 -1.16346 1.9004 -0.268503</i>
                        <i>-0.135797 0.742151 0.656331 -0.988697 -0.144002 -0.0417335 0.0635402 -0.65458 0.753318 -1.16346 1.9004 -0.268503</i>
                        <i>-0.135797 0.742151 0.656331 -0.988697 -0.144002 -0.0417335 0.0635402 -0.65458 0.753318 -1.16346 1.9004 -0.268503</i>
                        <i>-0.135797 0.742151 0.656331 -0.988697 -0.144002 -0.0417335 0.0635402 -0.65458 0.753318 -1.16346 1.9004 -0.268503</i>
                        <i>-0.135797 0.742151 0.656331 -0.988697 -0.144002 -0.0417335 0.0635402 -0.65458 0.753318 -1.16346 1.9004 -0.268503</i>
                        <i>-0.135797 0.742151 0.656331 -0.988697 -0.144002 -0.0417335 0.0635402 -0.65458 0.753318 -1.16346 1.9004 -0.268503</i>
                        <i>-0.135797 0.742151 0.656331 -0.988697 -0.144002 -0.0417335 0.0635402 -0.65458 0.753318 -1.16346 1.9004 -0.268503</i>
                        <i>-0.135797 0.742151 0.656331 -0.988697 -0.144002 -0.0417335 0.0635402 -0.65458 0.753318 -1.16346 1.9004 -0.268503</i>
                        <i>-0.135797 0.742151 0.656331 -0.988697 -0.144002 -0.0417335 0.0635402 -0.65458 0.753318 -1.16346 1.9004 -0.268503</i>
                    </KeyFrames>
                </p>
            </i>
            <i>
                <p>
                    <Name><![CDATA[spine2]]></Name>
                    <Exclude>0</Exclude>
                    <Additive>0</Additive>
                    <IKPriority>0</IKPriority>
                    <IKRotLimits>-1e+010 -1e+010 -1e+010 1e+010 1e+010 1e+010</IKRotLimits>
                    <IKRotLimitOrder>0</IKRotLimitOrder>
                    <KeyFrames count="71">
                        <i>-0.15676 0.599325 0.785007 -0.985291 -0.149654 -0.0824994 0.0680354 -0.786393 0.613969 -1.18537 2.02006 -0.162468</i>
                        <i>-0.156784 0.596977 0.786789 -0.985354 -0.148632 -0.0835776 0.067048 -0.78837 0.611537 -1.18524 2.04256 -0.154836</i>
                        <i>-0.156839 0.592896 0.789858 -0.985497 -0.146419 -0.0857782 0.0647929 -0.791856 0.607261 -1.18495 2.05708 -0.138866</i>
                        <i>-0.156947 0.591101 0.791181 -0.985629 -0.144427 -0.0876169 0.0624776 -0.793562 0.605273 -1.18465 2.06822 -0.124658</i>
                        <i>-0.157227 0.59452 0.788559 -0.985637 -0.144298 -0.0877307 0.0616302 -0.791027 0.608668 -1.18453 2.08145 -0.121694</i>
                        <i>-0.158247 0.611391 0.775344 -0.985449 -0.14712 -0.08512 0.0620267 -0.777532 0.625776 -1.18469 2.09173 -0.13514</i>
                        <i>-0.160478 0.648116 0.744442 -0.985141 -0.151923 -0.0800992 0.0611847 -0.746234 0.662866 -1.185 2.08695 -0.160805</i>
                        <i>-0.163226 0.694649 0.700585 -0.984838 -0.157007 -0.073777 0.0587474 -0.702005 0.709744 -1.18528 2.06103 -0.192254</i>
                        <i>-0.165603 0.736719 0.655607 -0.984627 -0.160953 -0.0678463 0.055538 -0.656764 0.752048 -1.1854 2.00914 -0.221245</i>
                        <i>-0.16699 0.761873 0.625831 -0.984537 -0.162926 -0.0643611 0.0529293 -0.626901 0.777299 -1.18542 1.92884 -0.238566</i>
                        <i>-0.166459 0.754382 0.63498 -0.984566 -0.162452 -0.0651028 0.0540414 -0.636017 0.769781 -1.18548 1.94693 -0.238744</i>
                        <i>-0.163888 0.715185 0.679449 -0.984694 -0.160013 -0.0690864 0.0593113 -0.680372 0.730463 -1.18563 1.95622 -0.226829</i>
                        <i>-0.16018 0.660416 0.733617 -0.98489 -0.156502 -0.0741575 0.0658379 -0.73441 0.675505 -1.18577 1.95872 -0.209738</i>
                        <i>-0.156274 0.604973 0.78076 -0.985099 -0.152943 -0.0786666 0.0718203 -0.781419 0.619859 -1.18584 1.95663 -0.193345</i>
                        <i>-0.153467 0.566856 0.809396 -0.985236 -0.150673 -0.0812844 0.0758779 -0.809921 0.58161 -1.18584 1.95317 -0.18333</i>
                        <i>-0.151748 0.544667 0.824809 -0.985303 -0.149565 -0.0825095 0.0784227 -0.825208 0.559359 -1.18581 1.94988 -0.178459</i>
                        <i>-0.150246 0.525409 0.837479 -0.985365 -0.148564 -0.0835726 0.0805099 -0.837779 0.540041 -1.18577 1.946 -0.174048</i>
                        <i>-0.149114 0.510793 0.846673 -0.985417 -0.147743 -0.0844164 0.0819707 -0.846914 0.525374 -1.18571 1.94188 -0.170418</i>
                        <i>-0.148293 0.50002 0.853223 -0.985459 -0.147078 -0.0850824 0.0829474 -0.853433 0.51456 -1.18565 1.93756 -0.167457</i>
                        <i>-0.147604 0.490938 0.858599 -0.985496 -0.146493 -0.0856558 0.0837273 -0.858789 0.505441 -1.18559 1.93296 -0.164847</i>
                        <i>-0.147039 0.48342 0.862951 -0.985529 -0.145985 -0.0861449 0.0843336 -0.86313 0.49789 -1.18553 1.92814 -0.162566</i>
                        <i>-0.146599 0.477465 0.866335 -0.985557 -0.14555 -0.0865565 0.0847676 -0.866511 0.491907 -1.18546 1.92319 -0.16058</i>
                        <i>-0.146276 0.472941 0.868867 -0.985581 -0.145185 -0.0868979 0.0850489 -0.86905 0.487359 -1.18539 1.91816 -0.158868</i>
                        <i>-0.146057 0.469712 0.870654 -0.985601 -0.144885 -0.0871758 0.0851967 -0.87085 0.48411 -1.18533 1.91314 -0.157408</i>
                        <i>-0.145931 0.467636 0.871792 -0.985617 -0.144644 -0.0873967 0.0852293 -0.872006 0.482018 -1.18526 1.9082 -0.15618</i>
                        <i>-0.145886 0.466569 0.872371 -0.985629 -0.144457 -0.0875667 0.0851642 -0.872608 0.480938 -1.1852 1.90341 -0.155164</i>
                        <i>-0.14591 0.466366 0.872475 -0.985638 -0.14432 -0.0876914 0.085019 -0.87274 0.480725 -1.18514 1.89884 -0.15434</i>
                        <i>-0.145989 0.466879 0.872188 -0.985644 -0.144226 -0.0877767 0.0848108 -0.872481 0.481232 -1.18509 1.89456 -0.153689</i>
                        <i>-0.146112 0.46796 0.871587 -0.985648 -0.14417 -0.0878279 0.0845564 -0.871911 0.482309 -1.18504 1.89064 -0.153192</i>
                        <i>-0.146266 0.469462 0.870753 -0.985649 -0.144146 -0.0878505 0.0842728 -0.871107 0.483809 -1.185 1.88715 -0.152834</i>
                        <i>-0.146438 0.471237 0.869765 -0.985649 -0.144148 -0.0878497 0.0839768 -0.870147 0.485583 -1.18496 1.88416 -0.152595</i>
                        <i>-0.146616 0.473138 0.868703 -0.985647 -0.144171 -0.0878308 0.0836853 -0.869112 0.487485 -1.18493 1.88173 -0.152459</i>
                        <i>-0.146787 0.475017 0.867647 -0.985645 -0.144208 -0.0877993 0.0834153 -0.86808 0.489366 -1.18491 1.87993 -0.152411</i>
                        <i>-0.14694 0.47673 0.866682 -0.985642 -0.144253 -0.0877602 0.0831838 -0.867133 0.491082 -1.1849 1.87882 -0.152435</i>
                        <i>-0.147062 0.478132 0.865888 -0.985638 -0.144301 -0.0877189 0.0830076 -0.866353 0.492486 -1.1849 1.87848 -0.152514</i>
                        <i>-0.147139 0.47905 0.865367 -0.985635 -0.144345 -0.087681 0.0829081 -0.865838 0.493408 -1.1849 1.87873 -0.152657</i>
                        <i>-0.147166 0.479431 0.865152 -0.985633 -0.14438 -0.087651 0.0828885 -0.865621 0.493791 -1.18491 1.87933 -0.152863</i>
                        <i>-0.147149 0.479302 0.865227 -0.985631 -0.144402 -0.0876325 0.0829385 -0.865689 0.493663 -1.18494 1.88027 -0.153106</i>
                        <i>-0.147112 0.478994 0.865403 -0.985629 -0.144432 -0.0876072 0.0830286 -0.865855 0.493358 -1.18496 1.88158 -0.153441</i>
                        <i>-0.147083 0.478864 0.86548 -0.985625 -0.144491 -0.0875547 0.0831275 -0.865916 0.493233 -1.185 1.88328 -0.153928</i>
                        <i>-0.147069 0.478979 0.865419 -0.985619 -0.144579 -0.0874761 0.0832224 -0.865838 0.493354 -1.18504 1.88535 -0.154551</i>
                        <i>-0.147076 0.479405 0.865181 -0.985611 -0.144695 -0.087372 0.0833006 -0.865583 0.493789 -1.18508 1.88779 -0.155295</i>
                        <i>-0.147112 0.48021 0.864729 -0.985602 -0.144837 -0.0872433 0.0833493 -0.865113 0.494603 -1.18513 1.89056 -0.156145</i>
                        <i>-0.147182 0.481457 0.864023 -0.985591 -0.145003 -0.0870908 0.0833558 -0.864392 0.495862 -1.18518 1.89366 -0.157086</i>
                        <i>-0.147294 0.483213 0.863023 -0.985578 -0.145194 -0.0869153 0.0833073 -0.863379 0.497631 -1.18523 1.89705 -0.158101</i>
                        <i>-0.147434 0.48531 0.861822 -0.985565 -0.145398 -0.0867258 0.0832184 -0.862168 0.499742 -1.18528 1.90071 -0.15914</i>
                        <i>-0.147592 0.487618 0.860491 -0.985551 -0.145607 -0.0865303 0.0830997 -0.860829 0.502063 -1.18533 1.90458 -0.160156</i>
                        <i>-0.147779 0.490255 0.85896 -0.985537 -0.145821 -0.0863277 0.0829322 -0.859294 0.504714 -1.18537 1.90866 -0.161139</i>
                        <i>-0.148007 0.493338 0.857153 -0.985523 -0.146043 -0.0861169 0.0826967 -0.85749 0.507811 -1.18541 1.91293 -0.162082</i>
