<?xml version="1.0" encoding="ISO-8859-1" ?>
<Animl Version="1">
    <ModellingPackage><![CDATA[Maya.2010]]></ModellingPackage>
    <SrcFile><![CDATA[anims\vehicles\blue\~src\land\tank_m60patton\tank_m60patton_fire_crewman_a.mb]]></SrcFile>
    <FramesPerSecond>30</FramesPerSecond>
    <TotalFrames>61</TotalFrames>
    <Skeleton>
        <RefFrame>
            <Name><![CDATA[soldier_ref_frame]]></Name>
            <Exclude>0</Exclude>
            <Additive>0</Additive>
            <IKPriority>0</IKPriority>
            <IKRotLimits>-1e+010 -1e+010 -1e+010 1e+010 1e+010 1e+010</IKRotLimits>
            <IKRotLimitOrder>0</IKRotLimitOrder>
            <KeyFrames count="61">
                <i>1 0 0 0 1 0 0 0 1 0 0 0</i>
                <i>1 0 0 0 1 0 0 0 1 0 0 0</i>
                <i>1 0 0 0 1 0 0 0 1 0 0 0</i>
                <i>1 0 0 0 1 0 0 0 1 0 0 0</i>
                <i>1 0 0 0 1 0 0 0 1 0 0 0</i>
                <i>1 0 0 0 1 0 0 0 1 0 0 0</i>
                <i>1 0 0 0 1 0 0 0 1 0 0 0</i>
                <i>1 0 0 0 1 0 0 0 1 0 0 0</i>
                <i>1 0 0 0 1 0 0 0 1 0 0 0</i>
                <i>1 0 0 0 1 0 0 0 1 0 0 0</i>
                <i>1 0 0 0 1 0 0 0 1 0 0 0</i>
                <i>1 0 0 0 1 0 0 0 1 0 0 0</i>
                <i>1 0 0 0 1 0 0 0 1 0 0 0</i>
                <i>1 0 0 0 1 0 0 0 1 0 0 0</i>
                <i>1 0 0 0 1 0 0 0 1 0 0 0</i>
                <i>1 0 0 0 1 0 0 0 1 0 0 0</i>
                <i>1 0 0 0 1 0 0 0 1 0 0 0</i>
                <i>1 0 0 0 1 0 0 0 1 0 0 0</i>
                <i>1 0 0 0 1 0 0 0 1 0 0 0</i>
                <i>1 0 0 0 1 0 0 0 1 0 0 0</i>
                <i>1 0 0 0 1 0 0 0 1 0 0 0</i>
                <i>1 0 0 0 1 0 0 0 1 0 0 0</i>
                <i>1 0 0 0 1 0 0 0 1 0 0 0</i>
                <i>1 0 0 0 1 0 0 0 1 0 0 0</i>
                <i>1 0 0 0 1 0 0 0 1 0 0 0</i>
                <i>1 0 0 0 1 0 0 0 1 0 0 0</i>
                <i>1 0 0 0 1 0 0 0 1 0 0 0</i>
                <i>1 0 0 0 1 0 0 0 1 0 0 0</i>
                <i>1 0 0 0 1 0 0 0 1 0 0 0</i>
                <i>1 0 0 0 1 0 0 0 1 0 0 0</i>
                <i>1 0 0 0 1 0 0 0 1 0 0 0</i>
                <i>1 0 0 0 1 0 0 0 1 0 0 0</i>
                <i>1 0 0 0 1 0 0 0 1 0 0 0</i>
                <i>1 0 0 0 1 0 0 0 1 0 0 0</i>
                <i>1 0 0 0 1 0 0 0 1 0 0 0</i>
                <i>1 0 0 0 1 0 0 0 1 0 0 0</i>
                <i>1 0 0 0 1 0 0 0 1 0 0 0</i>
                <i>1 0 0 0 1 0 0 0 1 0 0 0</i>
                <i>1 0 0 0 1 0 0 0 1 0 0 0</i>
                <i>1 0 0 0 1 0 0 0 1 0 0 0</i>
                <i>1 0 0 0 1 0 0 0 1 0 0 0</i>
                <i>1 0 0 0 1 0 0 0 1 0 0 0</i>
                <i>1 0 0 0 1 0 0 0 1 0 0 0</i>
                <i>1 0 0 0 1 0 0 0 1 0 0 0</i>
                <i>1 0 0 0 1 0 0 0 1 0 0 0</i>
                <i>1 0 0 0 1 0 0 0 1 0 0 0</i>
                <i>1 0 0 0 1 0 0 0 1 0 0 0</i>
                <i>1 0 0 0 1 0 0 0 1 0 0 0</i>
                <i>1 0 0 0 1 0 0 0 1 0 0 0</i>
                <i>1 0 0 0 1 0 0 0 1 0 0 0</i>
                <i>1 0 0 0 1 0 0 0 1 0 0 0</i>
                <i>1 0 0 0 1 0 0 0 1 0 0 0</i>
                <i>1 0 0 0 1 0 0 0 1 0 0 0</i>
                <i>1 0 0 0 1 0 0 0 1 0 0 0</i>
                <i>1 0 0 0 1 0 0 0 1 0 0 0</i>
                <i>1 0 0 0 1 0 0 0 1 0 0 0</i>
                <i>1 0 0 0 1 0 0 0 1 0 0 0</i>
                <i>1 0 0 0 1 0 0 0 1 0 0 0</i>
                <i>1 0 0 0 1 0 0 0 1 0 0 0</i>
                <i>1 0 0 0 1 0 0 0 1 0 0 0</i>
                <i>1 0 0 0 1 0 0 0 1 0 0 0</i>
            </KeyFrames>
        </RefFrame>
        <Bones count="23">
            <i>
                <p>
                    <Name><![CDATA[pelvis]]></Name>
                    <Exclude>0</Exclude>
                    <Additive>0</Additive>
                    <IKPriority>0</IKPriority>
                    <IKRotLimits>-1e+010 -1e+010 -1e+010 1e+010 1e+010 1e+010</IKRotLimits>
                    <IKRotLimitOrder>2</IKRotLimitOrder>
                    <KeyFrames count="61">
                        <i>1 0 0 0 1 0 0 0 1 0 0.480668 -0.25</i>
                        <i>1 0 0 0 1 0 0 0 1 3.95084e-020 0.493058 -0.25</i>
                        <i>1 0 0 0 1 0 0 0 1 2.7312e-020 0.521153 -0.25</i>
                        <i>1 0 0 0 1 0 0 0 1 -1.10741e-019 0.551339 -0.25</i>
                        <i>1 0 0 0 1 0 0 0 1 -1.95065e-019 0.57 -0.25</i>
                        <i>1 0 0 0 1 0 0 0 1 -1.05716e-019 0.567611 -0.25</i>
                        <i>1 0 0 0 1 0 0 0 1 -3.22782e-020 0.5452 -0.25</i>
                        <i>1 0 0 0 1 0 0 0 1 -1.22912e-019 0.504983 -0.25</i>
                        <i>1 0 0 0 1 0 0 0 1 -3.49587e-019 0.449178 -0.25</i>
                        <i>1 0 0 0 1 0 0 0 1 -5.11074e-019 0.38 -0.25</i>
                        <i>1 0 0 0 1 0 0 0 1 -5.28896e-019 0.419258 -0.25</i>
                        <i>1 0 0 0 1 0 0 0 1 -5.03295e-019 0.450096 -0.25</i>
                        <i>1 0 0 0 1 0 0 0 1 -4.49978e-019 0.473488 -0.25</i>
                        <i>1 0 0 0 1 0 0 0 1 -3.86687e-019 0.490409 -0.25</i>
                        <i>1 0 0 0 1 0 0 0 1 -3.3234e-019 0.501835 -0.25</i>
                        <i>1 0 0 0 1 0 0 0 1 -3.06038e-019 0.50874 -0.25</i>
                        <i>1 0 0 0 1 0 0 0 1 -3.06152e-019 0.5121 -0.25</i>
                        <i>1 0 0 0 1 0 0 0 1 -3.16374e-019 0.512889 -0.25</i>
                        <i>1 0 0 0 1 0 0 0 1 -3.33195e-019 0.510978 -0.25</i>
                        <i>1 0 0 0 1 0 0 0 1 -3.53079e-019 0.506326 -0.25</i>
                        <i>1 0 0 0 1 0 0 0 1 -3.72608e-019 0.500039 -0.25</i>
                        <i>1 0 0 0 1 0 0 0 1 -3.8861e-019 0.493223 -0.25</i>
                        <i>1 0 0 0 1 0 0 0 1 -3.98264e-019 0.486985 -0.25</i>
                        <i>1 0 0 0 1 0 0 0 1 -3.99183e-019 0.482432 -0.25</i>
                        <i>1 0 0 0 1 0 0 0 1 -3.89476e-019 0.480668 -0.25</i>
                        <i>1 0 0 0 1 0 0 0 1 -3.72932e-019 0.480668 -0.25</i>
                        <i>1 0 0 0 1 0 0 0 1 -3.54562e-019 0.480668 -0.25</i>
                        <i>1 0 0 0 1 0 0 0 1 -3.3471e-019 0.480668 -0.25</i>
                        <i>1 0 0 0 1 0 0 0 1 -3.13713e-019 0.480668 -0.25</i>
                        <i>1 0 0 0 1 0 0 0 1 -2.91896e-019 0.480668 -0.25</i>
                        <i>1 0 0 0 1 0 0 0 1 -2.69573e-019 0.480668 -0.25</i>
                        <i>1 0 0 0 1 0 0 0 1 -2.47039e-019 0.480668 -0.25</i>
                        <i>1 0 0 0 1 0 0 0 1 -2.2457e-019 0.480668 -0.25</i>
                        <i>1 0 0 0 1 0 0 0 1 -2.02417e-019 0.480668 -0.25</i>
                        <i>1 0 0 0 1 0 0 0 1 -1.80808e-019 0.480668 -0.25</i>
                        <i>1 0 0 0 1 0 0 0 1 -1.59943e-019 0.480668 -0.25</i>
                        <i>1 0 0 0 1 0 0 0 1 -1.39999e-019 0.480668 -0.25</i>
                        <i>1 0 0 0 1 0 0 0 1 -1.21122e-019 0.480668 -0.25</i>
                        <i>1 0 0 0 1 0 0 0 1 -1.03433e-019 0.480668 -0.25</i>
                        <i>1 0 0 0 1 0 0 0 1 -8.70268e-020 0.480668 -0.25</i>
                        <i>1 0 0 0 1 0 0 0 1 -7.19754e-020 0.480668 -0.25</i>
                        <i>1 0 0 0 1 0 0 0 1 -5.8327e-020 0.480668 -0.25</i>
                        <i>1 0 0 0 1 0 0 0 1 -4.61104e-020 0.480668 -0.25</i>
                        <i>1 0 0 0 1 0 0 0 1 -3.53384e-020 0.480668 -0.25</i>
                        <i>1 0 0 0 1 0 0 0 1 -2.60109e-020 0.480668 -0.25</i>
                        <i>1 0 0 0 1 0 0 0 1 -1.81196e-020 0.480668 -0.25</i>
                        <i>1 0 0 0 1 0 0 0 1 -1.16527e-020 0.480668 -0.25</i>
                        <i>1 0 0 0 1 0 0 0 1 -6.6006e-021 0.480668 -0.25</i>
                        <i>1 0 0 0 1 0 0 0 1 -2.96188e-021 0.480668 -0.25</i>
                        <i>1 0 0 0 1 0 0 0 1 -7.49886e-022 0.480668 -0.25</i>
                        <i>1 0 0 0 1 0 0 0 1 0 0.480668 -0.25</i>
                        <i>1 0 0 0 1 0 0 0 1 0 0.480668 -0.25</i>
                        <i>1 0 0 0 1 0 0 0 1 0 0.480668 -0.25</i>
                        <i>1 0 0 0 1 0 0 0 1 0 0.480668 -0.25</i>
                        <i>1 0 0 0 1 0 0 0 1 0 0.480668 -0.25</i>
                        <i>1 0 0 0 1 0 0 0 1 0 0.480668 -0.25</i>
                        <i>1 0 0 0 1 0 0 0 1 0 0.480668 -0.25</i>
                        <i>1 0 0 0 1 0 0 0 1 0 0.480668 -0.25</i>
                        <i>1 0 0 0 1 0 0 0 1 0 0.480668 -0.25</i>
                        <i>1 0 0 0 1 0 0 0 1 0 0.480668 -0.25</i>
                        <i>1 0 0 0 1 0 0 0 1 0 0.480668 -0.25</i>
                    </KeyFrames>
                </p>
            </i>
            <i>
                <p>
                    <Name><![CDATA[spine0]]></Name>
                    <Exclude>0</Exclude>
                    <Additive>0</Additive>
                    <IKPriority>0</IKPriority>
                    <IKRotLimits>-1e+010 -1e+010 -1e+010 1e+010 1e+010 1e+010</IKRotLimits>
                    <IKRotLimitOrder>0</IKRotLimitOrder>
                    <KeyFrames count="61">
                        <i>0.0191089 0.980115 0.197508 -0.99981 0.0194929 2.12053e-014 -0.00385001 -0.19747 0.980301 0 0.616321 -0.297898</i>
                        <i>0.0193309 0.980359 0.196271 -0.999813 0.0188788 0.00417414 0.000386794 -0.196315 0.980541 3.7682e-005 0.629806 -0.294678</i>
                        <i>0.019883 0.980928 0.193353 -0.99976 0.0177344 0.0128367 0.00916283 -0.193562 0.981045 0.000213703 0.660009 -0.287618</i>
                        <i>0.0203786 0.981843 0.188597 -0.999646 0.0167858 0.0206281 0.0170878 -0.18895 0.981838 0.000502256 0.691877 -0.280738</i>
                        <i>0.0198042 0.983795 0.178202 -0.999609 0.0159676 0.0229383 0.0197211 -0.178586 0.983727 0.000631751 0.711059 -0.278252</i>
                        <i>0.0178242 0.986475 0.162941 -0.999727 0.0151176 0.0178355 0.015131 -0.163215 0.986475 0.000441609 0.707909 -0.281818</i>
                        <i>0.0158571 0.988172 0.152526 -0.999857 0.0147793 0.00819746 0.00584627 -0.152635 0.988265 0.000178698 0.683746 -0.288742</i>
                        <i>0.0146007 0.988733 0.148973 -0.999879 0.0152432 -0.00317171 -0.0054068 -0.148909 0.988836 5.23332e-005 0.641036 -0.296752</i>
                        <i>0.0142336 0.988327 0.151679 -0.999779 0.0164104 -0.0131091 -0.0154452 -0.151459 0.988343 9.8017e-005 0.582651 -0.303675</i>
                        <i>0.0146075 0.987275 0.158349 -0.999684 0.0176599 -0.0178862 -0.020455 -0.158037 0.987221 0.000177522 0.511872 -0.307497</i>
                        <i>0.015141 0.986169 0.165053 -0.99966 0.0184364 -0.0184521 -0.0212399 -0.164717 0.986112 0.000186641 0.550958 -0.307889</i>
                        <i>0.0153255 0.985502 0.168968 -0.999653 0.0187208 -0.0185194 -0.0214141 -0.168625 0.985448 0.000157511 0.582461 -0.306353</i>
                        <i>0.0152526 0.98512 0.171192 -0.999659 0.0186496 -0.0182526 -0.0211737 -0.170856 0.985069 0.000104613 0.606957 -0.303686</i>
                        <i>0.0147986 0.985242 0.170523 -0.999677 0.0181012 -0.0178288 -0.0206524 -0.170205 0.985192 4.4257e-005 0.625042 -0.300696</i>
                        <i>0.0137749 0.986154 0.165258 -0.999705 0.0168856 -0.0174333 -0.0199824 -0.164969 0.986096 -6.33193e-006 0.637376 -0.298215</i>
                        <i>0.0126174 0.987485 0.157206 -0.999731 0.0155157 -0.0172229 -0.0194465 -0.156947 0.987416 -2.9905e-005 0.644674 -0.297098</i>
                        <i>0.0120386 0.988416 0.15129 -0.999743 0.0148012 -0.0171469 -0.0191875 -0.151045 0.988341 -2.81107e-005 0.647976 -0.297262</i>
                        <i>0.0120063 0.988731 0.149218 -0.999746 0.0147171 -0.0170755 -0.0190791 -0.148975 0.988657 -1.58898e-005 0.648522 -0.297955</i>
                        <i>0.0126102 0.988252 0.152315 -0.999737 0.0153768 -0.016999 -0.0191414 -0.15206 0.988186 3.50364e-006 0.646227 -0.299029</i>
                        <i>0.0137675 0.987021 0.160001 -0.999718 0.016687 -0.0169178 -0.0193681 -0.159723 0.986972 2.67908e-005 0.641093 -0.300337</i>
                        <i>0.015324 0.985152 0.171 -0.999688 0.0184714 -0.0168298 -0.0197385 -0.170689 0.985127 5.07926e-005 0.634277 -0.301731</i>
                        <i>0.0171046 0.982801 0.183875 -0.999649 0.0205262 -0.016721 -0.0202076 -0.183524 0.982807 7.25415e-005 0.626939 -0.303067</i>
                        <i>0.0187894 0.980376 0.19624 -0.99961 0.0224714 -0.0165529 -0.0206379 -0.195853 0.980416 8.93787e-005 0.620246 -0.304202</i>
                        <i>0.0201309 0.978343 0.20601 -0.99958 0.0239941 -0.0162708 -0.0208614 -0.205596 0.978415 9.90353e-005 0.615367 -0.304994</i>
                        <i>0.0211034 0.976965 0.212352 -0.999561 0.0250312 -0.0158249 -0.0207758 -0.211925 0.977065 9.96949e-005 0.613474 -0.305305</i>
                        <i>0.0217743 0.97613 0.216091 -0.999554 0.0256725 -0.0152488 -0.0204324 -0.215663 0.976254 9.47592e-005 0.613478 -0.305294</i>
                        <i>0.0223129 0.975448 0.219095 -0.999551 0.0261472 -0.0146161 -0.019986 -0.218671 0.975594 8.87591e-005 0.613509 -0.30522</i>
                        <i>0.0226537 0.975023 0.220947 -0.999555 0.02638 -0.0139286 -0.0194093 -0.220533 0.975186 8.1939e-005 0.613564 -0.305088</i>
                        <i>0.022726 0.974963 0.221202 -0.999567 0.0262918 -0.0131888 -0.0186744 -0.220806 0.975139 7.45368e-005 0.613641 -0.304903</i>
                        <i>0.0224537 0.97538 0.219385 -0.99959 0.0258001 -0.0124 -0.0177549 -0.219017 0.97556 6.67796e-005 0.613737 -0.30467</i>
                        <i>0.021899 0.976178 0.215863 -0.999621 0.0249844 -0.0115748 -0.0166923 -0.215528 0.976355 5.88802e-005 0.61385 -0.304394</i>
                        <i>0.0212428 0.977099 0.211722 -0.999653 0.0240585 -0.0107317 -0.0155797 -0.211421 0.977271 5.1033e-005 0.613977 -0.30408</i>
                        <i>0.0205859 0.978006 0.207561 -0.999683 0.0231397 -0.00988312 -0.0144686 -0.207291 0.978172 4.34118e-005 0.614117 -0.303734</i>
                        <i>0.0199324 0.978891 0.203411 -0.999712 0.022234 -0.00903573 -0.0133676 -0.203172 0.979052 3.61676e-005 0.614267 -0.303361</i>
                        <i>0.01925 0.979791 0.199098 -0.999739 0.021307 -0.00819439 -0.012271 -0.198888 0.979945 2.94264e-005 0.614424 -0.302965</i>
                        <i>0.0185867 0.980644 0.194914 -0.999765 0.0204134 -0.00736721 -0.0112035 -0.194731 0.980793 2.32885e-005 0.614587 -0.302552</i>
                        <i>0.0179895 0.981397 0.191146 -0.999786 0.0196045 -0.00656134 -0.0101866 -0.190987 0.98154 1.78275e-005 0.614753 -0.302127</i>
                        <i>0.017504 0.981999 0.188075 -0.999804 0.0189289 -0.00578292 -0.00923888 -0.187937 0.982138 1.30905e-005 0.61492 -0.301696</i>
                        <i>0.0171743 0.982405 0.185973 -0.999817 0.0184322 -0.00503726 -0.00837653 -0.185853 0.982542 9.09846e-006 0.615086 -0.301263</i>
                        <i>0.0170434 0.982571 0.185104 -0.999826 0.0181582 -0.00432882 -0.00761454 -0.184998 0.982709 5.84717e-006 0.615249 -0.300834</i>
                        <i>0.0170777 0.982541 0.185261 -0.99983 0.0180683 -0.00365995 -0.00694339 -0.185167 0.982683 3.30882e-006 0.615407 -0.300414</i>
                        <i>0.0172016 0.982404 0.185977 -0.999832 0.0180809 -0.00303278 -0.00634204 -0.185893 0.982549 1.43411e-006 0.615557 -0.300009</i>
                        <i>0.0173954 0.982181 0.187129 -0.999832 0.018175 -0.00245124 -0.00580862 -0.187055 0.982332 1.54905e-007 0.6157 -0.299623</i>
                        <i>0.0176392 0.981897 0.188594 -0.99983 0.0183301 -0.00191952 -0.00534171 -0.188528 0.982053 -6.12588e-007 0.615832 -0.299263</i>
                        <i>0.0179134 0.981572 0.19025 -0.999827 0.0185261 -0.00144214 -0.00494017 -0.190192 0.981735 -9.64049e-007 0.615951 -0.298933</i>
                        <i>0.0181985 0.981231 0.191977 -0.999824 0.0187437 -0.00102387 -0.00460302 -0.191925 0.981399 -1.00278e-006 0.616057 -0.298639</i>
                        <i>0.0184751 0.980896 0.193655 -0.99982 0.0189637 -0.000669699 -0.00432933 -0.193608 0.981069 -8.34879e-007 0.616148 -0.298387</i>
                        <i>0.0187236 0.980592 0.195165 -0.999816 0.0191673 -0.000384846 -0.00411816 -0.195122 0.98077 -5.63836e-007 0.616221 -0.298181</i>
                        <i>0.0189249 0.980344 0.196388 -0.999813 0.0193358 -0.000174656 -0.00396854 -0.196348 0.980526 -2.84649e-007 0.616276 -0.298027</i>
                        <i>0.0190598 0.980176 0.197209 -0.999811 0.0194505 -4.45623e-005 -0.00387949 -0.19717 0.980362 -7.73488e-008 0.61631 -0.297931</i>
                        <i>0.0191089 0.980115 0.197508 -0.99981 0.0194929 2.12053e-014 -0.00385001 -0.19747 0.980301 0 0.616321 -0.297898</i>
                        <i>0.0191089 0.980115 0.197508 -0.99981 0.0194929 2.12053e-014 -0.00385001 -0.19747 0.980301 0 0.616321 -0.297898</i>
                        <i>0.0191089 0.980115 0.197508 -0.99981 0.0194929 2.12053e-014 -0.00385001 -0.19747 0.980301 0 0.616321 -0.297898</i>
                        <i>0.0191089 0.980115 0.197508 -0.99981 0.0194929 2.12053e-014 -0.00385001 -0.19747 0.980301 0 0.616321 -0.297898</i>
                        <i>0.0191089 0.980115 0.197508 -0.99981 0.0194929 2.12053e-014 -0.00385001 -0.19747 0.980301 0 0.616321 -0.297898</i>
                        <i>0.0191089 0.980115 0.197508 -0.99981 0.0194929 2.12053e-014 -0.00385001 -0.19747 0.980301 0 0.616321 -0.297898</i>
                        <i>0.0191089 0.980115 0.197508 -0.99981 0.0194929 2.12053e-014 -0.00385001 -0.19747 0.980301 0 0.616321 -0.297898</i>
                        <i>0.0191089 0.980115 0.197508 -0.99981 0.0194929 2.12053e-014 -0.00385001 -0.19747 0.980301 0 0.616321 -0.297898</i>
                        <i>0.0191089 0.980115 0.197508 -0.99981 0.0194929 2.12053e-014 -0.00385001 -0.19747 0.980301 0 0.616321 -0.297898</i>
                        <i>0.0191089 0.980115 0.197508 -0.99981 0.0194929 2.12053e-014 -0.00385001 -0.19747 0.980301 0 0.616321 -0.297898</i>
                        <i>0.0191089 0.980115 0.197508 -0.99981 0.0194929 2.12053e-014 -0.00385001 -0.19747 0.980301 0 0.616321 -0.297898</i>
                    </KeyFrames>
                </p>
            </i>
            <i>
                <p>
                    <Name><![CDATA[spine1]]></Name>
                    <Exclude>0</Exclude>
                    <Additive>0</Additive>
                    <IKPriority>0</IKPriority>
                    <IKRotLimits>-1e+010 -1e+010 -1e+010 1e+010 1e+010 1e+010</IKRotLimits>
                    <IKRotLimitOrder>0</IKRotLimitOrder>
                    <KeyFrames count="61">
                        <i>0.068337 0.774734 0.628584 -0.996114 0.0178955 0.086237 0.0555619 -0.632035 0.772946 0.00338007 0.789688 -0.262995</i>
                        <i>0.0703749 0.779628 0.622276 -0.995874 0.0190864 0.0887134 0.0572865 -0.625952 0.777755 0.00343254 0.801981 -0.260234</i>
                        <i>0.0740339 0.793853 0.603586 -0.995346 0.0213846 0.0939602 0.0616832 -0.607734 0.791742 0.0036501 0.829549 -0.254208</i>
                        <i>0.0761392 0.814924 0.574545 -0.994839 0.0233325 0.0987426 0.0670621 -0.579098 0.812495 0.00396786 0.858841 -0.248658</i>
                        <i>0.0748938 0.836784 0.542387 -0.994688 0.0241687 0.100061 0.0706209 -0.547 0.834149 0.00397532 0.877135 -0.248152</i>
                        <i>0.0705954 0.85184 0.519022 -0.995031 0.0235144 0.0967475 0.070209 -0.523273 0.849268 0.00346644 0.875306 -0.254157</i>
                        <i>0.065192 0.855422 0.513812 -0.995645 0.0213757 0.0907392 0.0666373 -0.51749 0.853091 0.00290332 0.853539 -0.262536</i>
                        <i>0.0592708 0.851481 0.521026 -0.996315 0.0180415 0.0838544 0.0620003 -0.524076 0.849412 0.00259975 0.813538 -0.270779</i>
                        <i>0.0542173 0.842957 0.535242 -0.99684 0.0145239 0.0781011 0.0580621 -0.537784 0.841081 0.00261705 0.757533 -0.276869</i>
                        <i>0.0522721 0.830976 0.553847 -0.99707 0.0124088 0.0754857 0.0558543 -0.55617 0.82919 0.00278728 0.688204 -0.279259</i>
                        <i>0.0547787 0.815678 0.575907 -0.997051 0.0136413 0.0755162 0.0537408 -0.578345 0.81402 0.00290203 0.72776 -0.278346</i>
                        <i>0.060101 0.799597 0.597522 -0.996926 0.0179413 0.0762656 0.0502614 -0.600269 0.798217 0.0029069 0.759201 -0.276098</i>
                        <i>0.066528 0.784687 0.616311 -0.99671 0.0236047 0.0775368 0.0462943 -0.619442 0.783676 0.00283499 0.783249 -0.273096</i>
                        <i>0.0720076 0.776482 0.626011 -0.996466 0.028785 0.0789156 0.0432569 -0.629481 0.775811 0.00268344 0.800701 -0.270335</i>
                        <i>0.0744502 0.780632 0.620541 -0.996313 0.0316261 0.0797488 0.0426292 -0.62419 0.780109 0.00244048 0.812499 -0.268906</i>
                        <i>0.0737223 0.79291 0.604863 -0.996307 0.0317916 0.0797571 0.0440106 -0.608509 0.792325 0.0022056 0.819586 -0.269287</i>
                        <i>0.071748 0.803703 0.59069 -0.996374 0.0306014 0.0793876 0.0457281 -0.594244 0.802984 0.00210244 0.822856 -0.270528</i>
                        <i>0.0694024 0.811334 0.580448 -0.996463 0.028742 0.0789692 0.0473872 -0.583875 0.810459 0.00210772 0.823357 -0.271602</i>
                        <i>0.067348 0.813245 0.578012 -0.996549 0.0266545 0.0786126 0.0485247 -0.581311 0.812233 0.00223471 0.82104 -0.272119</i>
                        <i>0.0659521 0.809285 0.583702 -0.996619 0.0247014 0.0783594 0.0489968 -0.586897 0.808178 0.00246606 0.815928 -0.27203</i>
                        <i>0.0654943 0.799733 0.596773 -0.996663 0.0232268 0.0782551 0.048722 -0.599907 0.798585 0.00277217 0.80919 -0.271408</i>
                        <i>0.0662552 0.784573 0.616487 -0.996668 0.0225838 0.0783728 0.0475666 -0.619626 0.783455 0.00312003 0.802004 -0.270355</i>
                        <i>0.068126 0.765313 0.640043 -0.996633 0.0228682 0.0787373 0.0456221 -0.643252 0.764294 0.00345034 0.795571 -0.269153</i>
                        <i>0.0705317 0.745864 0.662354 -0.996567 0.0238275 0.0792892 0.0433568 -0.665672 0.744984 0.00371354 0.790989 -0.268063</i>
                        <i>0.0730925 0.729852 0.679686 -0.996475 0.0253031 0.0799888 0.0411818 -0.683136 0.729129 0.00389771 0.789261 -0.267149</i>
                        <i>0.0756549 0.716577 0.693393 -0.996366 0.0270371 0.0807706 0.0391309 -0.696984 0.716018 0.00401892 0.789359 -0.266413</i>
                        <i>0.0781342 0.703589 0.706298 -0.996253 0.0287535 0.0815672 0.0370812 -0.710025 0.703199 0.00411562 0.789515 -0.265743</i>
                        <i>0.0802302 0.692578 0.716867 -0.996149 0.0302077 0.0823027 0.0353462 -0.72071 0.692335 0.00417559 0.789722 -0.265227</i>
                        <i>0.0816522 0.685329 0.723642 -0.996071 0.0311448 0.082896 0.0342733 -0.727568 0.685179 0.00418565 0.789978 -0.264954</i>
                        <i>0.0821117 0.683641 0.725185 -0.996035 0.031306 0.0832672 0.0342222 -0.729147 0.683501 0.00413164 0.790281 -0.26502</i>
                        <i>0.0816666 0.687218 0.721846 -0.996039 0.030727 0.0834346 0.0351577 -0.725801 0.687006 0.00402453 0.790593 -0.26537</i>
                        <i>0.0806645 0.693974 0.715467 -0.996065 0.0296929 0.0834993 0.036702 -0.719388 0.693638 0.0038971 0.790855 -0.265813</i>
                        <i>0.0792469 0.702957 0.706804 -0.996104 0.0283254 0.083512 0.0386848 -0.710668 0.702463 0.00376756 0.791018 -0.266249</i>
                        <i>0.0775218 0.713445 0.69641 -0.996149 0.0267376 0.083496 0.0409495 -0.700201 0.71277 0.00363748 0.791104 -0.266671</i>
                        <i>0.0755864 0.724821 0.684778 -0.996196 0.0250351 0.083462 0.0433515 -0.688482 0.723956 0.00350215 0.791157 -0.267107</i>
                        <i>0.073571 0.736332 0.672608 -0.99624 0.0233247 0.0834358 0.0457481 -0.676218 0.73528 0.00337061 0.791173 -0.267507</i>
                        <i>0.0716112 0.747277 0.660643 -0.996276 0.0217068 0.0834393 0.0480118 -0.664158 0.746049 0.00325163 0.791151 -0.267822</i>
                        <i>0.0698484 0.757003 0.649667 -0.996302 0.0202756 0.0834911 0.0500307 -0.653097 0.75562 0.00315365 0.791094 -0.268004</i>
                        <i>0.068428 0.764902 0.640502 -0.996315 0.01912 0.0836078 0.0517053 -0.643863 0.763392 0.00308477 0.791007 -0.268008</i>
                        <i>0.0674982 0.770391 0.633989 -0.996314 0.0183255 0.0838052 0.0529446 -0.637308 0.768788 0.00305274 0.790894 -0.26779</i>
                        <i>0.0669916 0.773864 0.629798 -0.996301 0.0178337 0.0840633 0.0538219 -0.6331 0.772196 0.00305137 0.790763 -0.267393</i>
                        <i>0.0667169 0.776223 0.626918 -0.996283 0.0175111 0.0843434 0.0544913 -0.630215 0.774506 0.00306693 0.790624 -0.266909</i>
                        <i>0.0666365 0.777643 0.625165 -0.996261 0.0173298 0.0846353 0.054982 -0.628468 0.77589 0.00309578 0.79048 -0.266364</i>
                        <i>0.0667125 0.778288 0.624353 -0.996237 0.0172632 0.0849292 0.0553211 -0.62767 0.776512 0.00313432 0.790335 -0.265784</i>
                        <i>0.0669062 0.778324 0.624288 -0.996213 0.0172853 0.0852158 0.0555345 -0.627625 0.776532 0.00317898 0.790195 -0.265198</i>
                        <i>0.0671783 0.777909 0.624776 -0.996188 0.0173709 0.0854855 0.0556469 -0.628137 0.77611 0.00322623 0.790062 -0.264632</i>
                        <i>0.0674898 0.777204 0.625619 -0.996165 0.0174954 0.0857286 0.0556832 -0.629005 0.775404 0.00327258 0.789942 -0.26411</i>
                        <i>0.0678009 0.776371 0.626619 -0.996145 0.0176342 0.0859355 0.0556679 -0.63003 0.774573 0.00331454 0.789839 -0.263661</i>
                        <i>0.0680723 0.775571 0.627579 -0.996128 0.0177632 0.0860961 0.0556258 -0.63101 0.773778 0.00334871 0.789759 -0.263308</i>
                        <i>0.0682642 0.774971 0.6283 -0.996118 0.0178584 0.0862 0.0555821 -0.631745 0.773181 0.00337167 0.789707 -0.263078</i>
                        <i>0.068337 0.774734 0.628584 -0.996114 0.0178955 0.086237 0.0555619 -0.632035 0.772946 0.00338007 0.789688 -0.262995</i>
                        <i>0.068337 0.774734 0.628584 -0.996114 0.0178955 0.086237 0.0555619 -0.632035 0.772946 0.00338007 0.789688 -0.262995</i>
                        <i>0.068337 0.774734 0.628584 -0.996114 0.0178955 0.086237 0.0555619 -0.632035 0.772946 0.00338007 0.789688 -0.262995</i>
                        <i>0.068337 0.774734 0.628584 -0.996114 0.0178955 0.086237 0.0555619 -0.632035 0.772946 0.00338007 0.789688 -0.262995</i>
                        <i>0.068337 0.774734 0.628584 -0.996114 0.0178955 0.086237 0.0555619 -0.632035 0.772946 0.00338007 0.789688 -0.262995</i>
                        <i>0.068337 0.774734 0.628584 -0.996114 0.0178955 0.086237 0.0555619 -0.632035 0.772946 0.00338007 0.789688 -0.262995</i>
                        <i>0.068337 0.774734 0.628584 -0.996114 0.0178955 0.086237 0.0555619 -0.632035 0.772946 0.00338007 0.789688 -0.262995</i>
                        <i>0.068337 0.774734 0.628584 -0.996114 0.0178955 0.086237 0.0555619 -0.632035 0.772946 0.00338007 0.789688 -0.262995</i>
                        <i>0.068337 0.774734 0.628584 -0.996114 0.0178955 0.086237 0.0555619 -0.632035 0.772946 0.00338007 0.789688 -0.262995</i>
                        <i>0.068337 0.774734 0.628584 -0.996114 0.0178955 0.086237 0.0555619 -0.632035 0.772946 0.00338007 0.789688 -0.262995</i>
                        <i>0.068337 0.774734 0.628584 -0.996114 0.0178955 0.086237 0.0555619 -0.632035 0.772946 0.00338007 0.789688 -0.262995</i>
                    </KeyFrames>
                </p>
            </i>
            <i>
                <p>
                    <Name><![CDATA[spine2]]></Name>
                    <Exclude>0</Exclude>
                    <Additive>0</Additive>
                    <IKPriority>0</IKPriority>
                    <IKRotLimits>-1e+010 -1e+010 -1e+010 1e+010 1e+010 1e+010</IKRotLimits>
                    <IKRotLimitOrder>0</IKRotLimitOrder>
                    <KeyFrames count="61">
                        <i>0.0988287 0.603334 0.791341 -0.987677 -0.0375107 0.151947 0.121359 -0.796606 0.592192 0.0145847 0.915459 -0.160702</i>
                        <i>0.103045 0.588896 0.801613 -0.987604 -0.0353632 0.152933 0.118409 -0.807435 0.577952 0.0148842 0.927662 -0.159699</i>
                        <i>0.111723 0.559856 0.821023 -0.987388 -0.0307238 0.155312 0.112177 -0.82802 0.549363 0.0154973 0.955539 -0.158262</i>
                        <i>0.119278 0.539163 0.833712 -0.987098 -0.0259436 0.158001 0.106818 -0.841802 0.529112 0.0159501 0.986148 -0.15882</i>
                        <i>0.12085 0.55182 0.825161 -0.986906 -0.0226673 0.159697 0.106828 -0.833655 0.541855 0.0156766 1.00694 -0.163967</i>
                        <i>0.114468 0.601542 0.790598 -0.986926 -0.0220382 0.159662 0.113467 -0.798537 0.591154 0.0145615 1.00815 -0.173162</i>
                        <i>0.10339 0.657326 0.746481 -0.987087 -0.0245099 0.158297 0.122349 -0.753208 0.646304 0.0132894 0.988598 -0.181321</i>
                        <i>0.0906448 0.704496 0.703896 -0.987253 -0.0292817 0.156441 0.130823 -0.709104 0.692861 0.0122017 0.950014 -0.187127</i>
                        <i>0.0799385 0.733776 0.674673 -0.987342 -0.0347269 0.154754 0.136984 -0.678504 0.721712 0.0115385 0.89453 -0.189689</i>
                        <i>0.0754277 0.737467 0.671158 -0.987401 -0.0386557 0.153443 0.139103 -0.674276 0.72526 0.0114753 0.824488 -0.188193</i>
                        <i>0.0790901 0.712726 0.696969 -0.987504 -0.0395885 0.152543 0.136313 -0.700324 0.700689 0.0120357 0.86201 -0.1833</i>
                        <i>0.0877842 0.669561 0.737552 -0.987611 -0.0381811 0.152208 0.130073 -0.741775 0.657914 0.0129192 0.890816 -0.177466</i>
                        <i>0.0983074 0.616698 0.781038 -0.987663 -0.0356686 0.152478 0.121892 -0.786392 0.605583 0.0138807 0.912106 -0.171598</i>
                        <i>0.107589 0.569221 0.815115 -0.987626 -0.0329031 0.153336 0.114102 -0.821526 0.558637 0.0145842 0.927723 -0.167637</i>
                        <i>0.112996 0.545489 0.830466 -0.987527 -0.0305801 0.154452 0.109648 -0.83756 0.53523 0.0146922 0.939701 -0.167515</i>
                        <i>0.113874 0.549828 0.827479 -0.987442 -0.029161 0.155264 0.109499 -0.834769 0.539603 0.0143082 0.94848 -0.170706</i>
                        <i>0.1118 0.569185 0.814573 -0.987409 -0.0286879 0.155568 0.111915 -0.821709 0.558811 0.0138712 0.953375 -0.17436</i>
                        <i>0.108032 0.594457 0.796838 -0.987405 -0.0290339 0.155528 0.11559 -0.803603 0.583833 0.0134892 0.955055 -0.177151</i>
                        <i>0.10352 0.617867 0.779438 -0.987429 -0.0302668 0.155136 0.119445 -0.7857 0.606967 0.0132868 0.953103 -0.178028</i>
                        <i>0.0991459 0.635225 0.765937 -0.987472 -0.0321495 0.154485 0.122757 -0.771658 0.624079 0.0133062 0.947525 -0.176882</i>
                        <i>0.0957903 0.643546 0.759389 -0.987526 -0.0343338 0.153664 0.124963 -0.764637 0.63223 0.013563 0.939526 -0.173903</i>
                        <i>0.0943228 0.639888 0.762658 -0.987597 -0.0364484 0.152723 0.125523 -0.767603 0.628513 0.0140702 0.930265 -0.169304</i>
                        <i>0.095115 0.623608 0.775929 -0.987686 -0.0381422 0.151727 0.124214 -0.780806 0.612302 0.0147505 0.921147 -0.163832</i>
                        <i>0.0974529 0.600101 0.793966 -0.98778 -0.0391734 0.15085 0.121628 -0.798964 0.588951 0.0154519 0.9138 -0.158668</i>
                        <i>0.100513 0.575877 0.811334 -0.987852 -0.0393707 0.150326 0.118512 -0.816588 0.564924 0.0160857 0.90969 -0.154635</i>
                        <i>0.103927 0.551353 0.827774 -0.987907 -0.0390557 0.150045 0.115057 -0.833357 0.540627 0.0166465 0.907737 -0.151479</i>
                        <i>0.107375 0.525452 0.844021 -0.987962 -0.0386938 0.149776 0.111359 -0.849943 0.514972 0.0171703 0.905885 -0.148514</i>
                        <i>0.110464 0.501205 0.858249 -0.988011 -0.0383309 0.14955 0.107853 -0.864479 0.490962 0.0175935 0.904398 -0.146096</i>
                        <i>0.112847 0.481837 0.868964 -0.988047 -0.0380147 0.14939 0.105015 -0.875436 0.471788 0.0178531 0.903561 -0.144571</i>
                        <i>0.114207 0.470678 0.874882 -0.988067 -0.0377925 0.149315 0.103343 -0.881495 0.460746 0.0178848 0.903662 -0.144292</i>
                        <i>0.114565 0.468138 0.876197 -0.988071 -0.0376726 0.149321 0.102912 -0.882852 0.458238 0.0177078 0.904607 -0.145157</i>
                        <i>0.114191 0.472054 0.874143 -0.988061 -0.0376303 0.149394 0.103416 -0.880766 0.462121 0.0174113 0.905977 -0.14668</i>
                        <i>0.113135 0.481864 0.868912 -0.98804 -0.0376605 0.14953 0.104777 -0.875436 0.471841 0.017036 0.907554 -0.148647</i>
                        <i>0.11156 0.49587 0.861201 -0.988009 -0.0377386 0.149716 0.10674 -0.867576 0.485714 0.0166035 0.909248 -0.150938</i>
                        <i>0.109684 0.511973 0.85197 -0.987973 -0.0378336 0.149929 0.108993 -0.858168 0.501666 0.0161286 0.911025 -0.153473</i>
                        <i>0.107634 0.528989 0.841775 -0.987934 -0.0379313 0.150159 0.111362 -0.84778 0.518524 0.0156428 0.91276 -0.156075</i>
                        <i>0.105547 0.545769 0.831262 -0.987894 -0.0380184 0.150397 0.113685 -0.837073 0.53515 0.0151783 0.914341 -0.158567</i>
                        <i>0.103578 0.561207 0.821169 -0.987856 -0.0380832 0.15063 0.115807 -0.826799 0.550448 0.0147678 0.915673 -0.160762</i>
                        <i>0.101889 0.574241 0.812321 -0.987822 -0.0381156 0.150847 0.117585 -0.817798 0.563365 0.014444 0.916669 -0.162472</i>
                        <i>0.100656 0.58384 0.805605 -0.987794 -0.0381067 0.151036 0.11888 -0.810974 0.572878 0.0142396 0.917251 -0.163507</i>
                        <i>0.0998269 0.590517 0.800827 -0.98777 -0.0380655 0.151199 0.119769 -0.806127 0.579495 0.0141371 0.917495 -0.163967</i>
                        <i>0.0992176 0.595607 0.797125 -0.98775 -0.0380093 0.151345 0.12044 -0.802376 0.584539 0.0140908 0.917556 -0.164113</i>
                        <i>0.0988016 0.59932 0.794389 -0.987733 -0.0379427 0.151474 0.120923 -0.79961 0.588219 0.0140909 0.917471 -0.164001</i>
                        <i>0.0985503 0.601859 0.792498 -0.987718 -0.0378701 0.151587 0.121246 -0.797704 0.590735 0.0141275 0.917272 -0.163688</i>
                        <i>0.098434 0.603424 0.791322 -0.987706 -0.0377954 0.151684 0.121438 -0.796524 0.592286 0.0141908 0.916993 -0.163233</i>
                        <i>0.0984222 0.604212 0.790721 -0.987697 -0.0377226 0.151765 0.121526 -0.79593 0.593066 0.014271 0.916665 -0.162694</i>
                        <i>0.0984837 0.604419 0.790556 -0.987689 -0.0376553 0.151831 0.121538 -0.795776 0.59327 0.0143583 0.916322 -0.162126</i>
                        <i>0.0985869 0.604239 0.790681 -0.987683 -0.0375971 0.151882 0.1215 -0.795916 0.59309 0.0144429 0.915996 -0.161586</i>
                        <i>0.0987 0.603867 0.790951 -0.987679 -0.0375513 0.151918 0.12144 -0.7962 0.592721 0.0145153 0.91572 -0.161132</i>
                        <i>0.0987912 0.6035 0.791219 -0.987677 -0.0375214 0.15194 0.121384 -0.79648 0.592356 0.0145657 0.91553 -0.160819</i>
                        <i>0.0988287 0.603334 0.791341 -0.987677 -0.0375107 0.151947 0.121359 -0.796606 0.592192 0.0145847 0.915459 -0.160702</i>
                        <i>0.0988287 0.603334 0.791341 -0.987677 -0.0375107 0.151947 0.121359 -0.796606 0.592192 0.0145847 0.915459 -0.160702</i>
                        <i>0.0988287 0.603334 0.791341 -0.987677 -0.0375107 0.151947 0.121359 -0.796606 0.592192 0.0145847 0.915459 -0.160702</i>
                        <i>0.0988287 0.603334 0.791341 -0.987677 -0.0375107 0.151947 0.121359 -0.796606 0.592192 0.0145847 0.915459 -0.160702</i>
                        <i>0.0988287 0.603334 0.791341 -0.987677 -0.0375107 0.151947 0.121359 -0.796606 0.592192 0.0145847 0.915459 -0.160702</i>
                        <i>0.0988287 0.603334 0.791341 -0.987677 -0.0375107 0.151947 0.121359 -0.796606 0.592192 0.0145847 0.915459 -0.160702</i>
                        <i>0.0988287 0.603334 0.791341 -0.987677 -0.0375107 0.151947 0.121359 -0.796606 0.592192 0.0145847 0.915459 -0.160702</i>
                        <i>0.0988287 0.603334 0.791341 -0.987677 -0.0375107 0.151947 0.121359 -0.796606 0.592192 0.0145847 0.915459 -0.160702</i>
                        <i>0.0988287 0.603334 0.791341 -0.987677 -0.0375107 0.151947 0.121359 -0.796606 0.592192 0.0145847 0.915459 -0.160702</i>
                        <i>0.0988287 0.603334 0.791341 -0.987677 -0.0375107 0.151947 0.121359 -0.796606 0.592192 0.0145847 0.915459 -0.160702</i>
                        <i>0.0988287 0.603334 0.791341 -0.987677 -0.0375107 0.151947 0.121359 -0.796606 0.592192 0.0145847 0.915459 -0.160702</i>
                    </KeyFrames>
                </p>
            </i>
            <i>
                <p>
                    <Name><![CDATA[head]]></Name>
                    <Exclude>0</Exclude>
                    <Additive>0</Additive>
                    <IKPriority>0</IKPriority>
                    <IKRotLimits>-1e+010 -1e+010 -1e+010 1e+010 1e+010 1e+010</IKRotLimits>
                    <IKRotLimitOrder>0</IKRotLimitOrder>
                    <KeyFrames count="61">
                        <i>-0.00196809 0.98467 0.174419 -0.160634 0.171843 -0.97194 -0.987012 -0.0299304 0.157833 0.0393229 1.08376 0.0346008</i>
                        <i>0.0120518 0.972585 0.232235 -0.140531 0.231594 -0.962609 -0.990003 -0.0210352 0.13947 0.0407414 1.09062 0.0390511</i>
                        <i>0.0383935 0.934212 0.354645 -0.0923836 0.356705 -0.929638 -0.994983 0.00292863 0.100001 0.0435895 1.10721 0.0468022</i>
                        <i>0.0570483 0.882839 0.466197 -0.0387986 0.468566 -0.882576 -0.997617 0.0322617 0.0609838 0.0458884 1.12842 0.0502787</i>
                        <i>0.0595693 0.863376 0.501032 -0.009826 0.502406 -0.864576 -0.998176 0.046579 0.0384115 0.0459416 1.15045 0.0432389</i>
                        <i>0.0483375 0.892836 0.44778 -0.00615962 0.448562 -0.893731 -0.998812 0.0404426 0.0271819 0.0431935 1.16574 0.0249378</i>
                        <i>0.0302879 0.934298 0.355205 -0.0047453 0.355499 -0.934665 -0.99953 0.0266235 0.0152008 0.0390302 1.16405 0.00394907</i>
                        <i>0.0103973 0.968925 0.247135 -0.00246361 0.247173 -0.968968 -0.999943 0.00946577 0.00495699 0.0345068 1.14168 -0.0155981</i>
                        <i>-0.00589817 0.988566 0.150673 0.00174062 0.150685 -0.98858 -0.999981 -0.00556855 -0.00260946 0.0308946 1.09703 -0.0286813</i>
                        <i>-0.0131594 0.995409 0.094806 0.00663241 0.0948991 -0.995465 -0.999891 -0.0124709 -0.00785077 0.0296092 1.0298 -0.0295343</i>
                        <i>-0.00889853 0.997289 0.073051 0.0105103 0.0731431 -0.997266 -0.999905 -0.00810642 -0.0111327 0.0312857 1.06143 -0.0169436</i>
                        <i>0.00301451 0.998159 0.060576 0.0124957 0.0605339 -0.998088 -0.999917 0.00376569 -0.0122903 0.0347216 1.07848 0.00188447</i>
                        <i>0.0181716 0.997918 0.0618835 0.0124009 0.061664 -0.99802 -0.999758 0.018903 -0.0112545 0.0387135 1.08456 0.0218246</i>
                        <i>0.0317598 0.996475 0.0776452 0.0115251 0.0773142 -0.99694 -0.999429 0.0325575 -0.00902898 0.0420256 1.08583 0.0368534</i>
                        <i>0.0390839 0.993322 0.108552 0.0121663 0.108154 -0.99406 -0.999162 0.0401724 -0.007858 0.0436126 1.08976 0.0422515</i>
                        <i>0.0381458 0.984132 0.173287 0.0159101 0.172793 -0.98483 -0.999146 0.0403242 -0.00906632 0.043461 1.09865 0.0387143</i>
                        <i>0.0308363 0.962881 0.26816 0.020803 0.267611 -0.963302 -0.999308 0.0352832 -0.0117786 0.0424398 1.10858 0.0314175</i>
