<?xml version="1.0" encoding="ISO-8859-1" ?>
<Animl Version="1">
    <ModellingPackage><![CDATA[Maya.2010]]></ModellingPackage>
    <SrcFile><![CDATA[anims\vehicles\blue\~src\land\tank_m60patton\tank_m60patton_idle_crewman_a.mb]]></SrcFile>
    <FramesPerSecond>30</FramesPerSecond>
    <TotalFrames>51</TotalFrames>
    <Skeleton>
        <RefFrame>
            <Name><![CDATA[soldier_ref_frame]]></Name>
            <Exclude>0</Exclude>
            <Additive>0</Additive>
            <IKPriority>0</IKPriority>
            <IKRotLimits>-1e+010 -1e+010 -1e+010 1e+010 1e+010 1e+010</IKRotLimits>
            <IKRotLimitOrder>0</IKRotLimitOrder>
            <KeyFrames count="51">
                <i>1 0 0 0 1 0 0 0 1 0 0 0</i>
                <i>1 0 0 0 1 0 0 0 1 0 0 0</i>
                <i>1 0 0 0 1 0 0 0 1 0 0 0</i>
                <i>1 0 0 0 1 0 0 0 1 0 0 0</i>
                <i>1 0 0 0 1 0 0 0 1 0 0 0</i>
                <i>1 0 0 0 1 0 0 0 1 0 0 0</i>
                <i>1 0 0 0 1 0 0 0 1 0 0 0</i>
                <i>1 0 0 0 1 0 0 0 1 0 0 0</i>
                <i>1 0 0 0 1 0 0 0 1 0 0 0</i>
                <i>1 0 0 0 1 0 0 0 1 0 0 0</i>
                <i>1 0 0 0 1 0 0 0 1 0 0 0</i>
                <i>1 0 0 0 1 0 0 0 1 0 0 0</i>
                <i>1 0 0 0 1 0 0 0 1 0 0 0</i>
                <i>1 0 0 0 1 0 0 0 1 0 0 0</i>
                <i>1 0 0 0 1 0 0 0 1 0 0 0</i>
                <i>1 0 0 0 1 0 0 0 1 0 0 0</i>
                <i>1 0 0 0 1 0 0 0 1 0 0 0</i>
                <i>1 0 0 0 1 0 0 0 1 0 0 0</i>
                <i>1 0 0 0 1 0 0 0 1 0 0 0</i>
                <i>1 0 0 0 1 0 0 0 1 0 0 0</i>
                <i>1 0 0 0 1 0 0 0 1 0 0 0</i>
                <i>1 0 0 0 1 0 0 0 1 0 0 0</i>
                <i>1 0 0 0 1 0 0 0 1 0 0 0</i>
                <i>1 0 0 0 1 0 0 0 1 0 0 0</i>
                <i>1 0 0 0 1 0 0 0 1 0 0 0</i>
                <i>1 0 0 0 1 0 0 0 1 0 0 0</i>
                <i>1 0 0 0 1 0 0 0 1 0 0 0</i>
                <i>1 0 0 0 1 0 0 0 1 0 0 0</i>
                <i>1 0 0 0 1 0 0 0 1 0 0 0</i>
                <i>1 0 0 0 1 0 0 0 1 0 0 0</i>
                <i>1 0 0 0 1 0 0 0 1 0 0 0</i>
                <i>1 0 0 0 1 0 0 0 1 0 0 0</i>
                <i>1 0 0 0 1 0 0 0 1 0 0 0</i>
                <i>1 0 0 0 1 0 0 0 1 0 0 0</i>
                <i>1 0 0 0 1 0 0 0 1 0 0 0</i>
                <i>1 0 0 0 1 0 0 0 1 0 0 0</i>
                <i>1 0 0 0 1 0 0 0 1 0 0 0</i>
                <i>1 0 0 0 1 0 0 0 1 0 0 0</i>
                <i>1 0 0 0 1 0 0 0 1 0 0 0</i>
                <i>1 0 0 0 1 0 0 0 1 0 0 0</i>
                <i>1 0 0 0 1 0 0 0 1 0 0 0</i>
                <i>1 0 0 0 1 0 0 0 1 0 0 0</i>
                <i>1 0 0 0 1 0 0 0 1 0 0 0</i>
                <i>1 0 0 0 1 0 0 0 1 0 0 0</i>
                <i>1 0 0 0 1 0 0 0 1 0 0 0</i>
                <i>1 0 0 0 1 0 0 0 1 0 0 0</i>
                <i>1 0 0 0 1 0 0 0 1 0 0 0</i>
                <i>1 0 0 0 1 0 0 0 1 0 0 0</i>
                <i>1 0 0 0 1 0 0 0 1 0 0 0</i>
                <i>1 0 0 0 1 0 0 0 1 0 0 0</i>
                <i>1 0 0 0 1 0 0 0 1 0 0 0</i>
            </KeyFrames>
        </RefFrame>
        <Bones count="23">
            <i>
                <p>
                    <Name><![CDATA[pelvis]]></Name>
                    <Exclude>0</Exclude>
                    <Additive>0</Additive>
                    <IKPriority>0</IKPriority>
                    <IKRotLimits>-1e+010 -1e+010 -1e+010 1e+010 1e+010 1e+010</IKRotLimits>
                    <IKRotLimitOrder>2</IKRotLimitOrder>
                    <KeyFrames count="51">
                        <i>1 0 0 0 1 0 0 0 1 0 0.480668 -0.25</i>
                        <i>1 0 0 0 1 0 0 0 1 0 0.480668 -0.25</i>
                        <i>1 0 0 0 1 0 0 0 1 0 0.480668 -0.25</i>
                        <i>1 0 0 0 1 0 0 0 1 0 0.480668 -0.25</i>
                        <i>1 0 0 0 1 0 0 0 1 0 0.480668 -0.25</i>
                        <i>1 0 0 0 1 0 0 0 1 0 0.480668 -0.25</i>
                        <i>1 0 0 0 1 0 0 0 1 0 0.480668 -0.25</i>
                        <i>1 0 0 0 1 0 0 0 1 0 0.480668 -0.25</i>
                        <i>1 0 0 0 1 0 0 0 1 0 0.480668 -0.25</i>
                        <i>1 0 0 0 1 0 0 0 1 0 0.480668 -0.25</i>
                        <i>1 0 0 0 1 0 0 0 1 0 0.480668 -0.25</i>
                        <i>1 0 0 0 1 0 0 0 1 0 0.480668 -0.25</i>
                        <i>1 0 0 0 1 0 0 0 1 0 0.480668 -0.25</i>
                        <i>1 0 0 0 1 0 0 0 1 0 0.480668 -0.25</i>
                        <i>1 0 0 0 1 0 0 0 1 0 0.480668 -0.25</i>
                        <i>1 0 0 0 1 0 0 0 1 0 0.480668 -0.25</i>
                        <i>1 0 0 0 1 0 0 0 1 0 0.480668 -0.25</i>
                        <i>1 0 0 0 1 0 0 0 1 0 0.480668 -0.25</i>
                        <i>1 0 0 0 1 0 0 0 1 0 0.480668 -0.25</i>
                        <i>1 0 0 0 1 0 0 0 1 0 0.480668 -0.25</i>
                        <i>1 0 0 0 1 0 0 0 1 0 0.480668 -0.25</i>
                        <i>1 0 0 0 1 0 0 0 1 0 0.480668 -0.25</i>
                        <i>1 0 0 0 1 0 0 0 1 0 0.480668 -0.25</i>
                        <i>1 0 0 0 1 0 0 0 1 0 0.480668 -0.25</i>
                        <i>1 0 0 0 1 0 0 0 1 0 0.480668 -0.25</i>
                        <i>1 0 0 0 1 0 0 0 1 0 0.480668 -0.25</i>
                        <i>1 0 0 0 1 0 0 0 1 0 0.480668 -0.25</i>
                        <i>1 0 0 0 1 0 0 0 1 0 0.480668 -0.25</i>
                        <i>1 0 0 0 1 0 0 0 1 0 0.480668 -0.25</i>
                        <i>1 0 0 0 1 0 0 0 1 0 0.480668 -0.25</i>
                        <i>1 0 0 0 1 0 0 0 1 0 0.480668 -0.25</i>
                        <i>1 0 0 0 1 0 0 0 1 0 0.480668 -0.25</i>
                        <i>1 0 0 0 1 0 0 0 1 0 0.480668 -0.25</i>
                        <i>1 0 0 0 1 0 0 0 1 0 0.480668 -0.25</i>
                        <i>1 0 0 0 1 0 0 0 1 0 0.480668 -0.25</i>
                        <i>1 0 0 0 1 0 0 0 1 0 0.480668 -0.25</i>
                        <i>1 0 0 0 1 0 0 0 1 0 0.480668 -0.25</i>
                        <i>1 0 0 0 1 0 0 0 1 0 0.480668 -0.25</i>
                        <i>1 0 0 0 1 0 0 0 1 0 0.480668 -0.25</i>
                        <i>1 0 0 0 1 0 0 0 1 0 0.480668 -0.25</i>
                        <i>1 0 0 0 1 0 0 0 1 0 0.480668 -0.25</i>
                        <i>1 0 0 0 1 0 0 0 1 0 0.480668 -0.25</i>
                        <i>1 0 0 0 1 0 0 0 1 0 0.480668 -0.25</i>
                        <i>1 0 0 0 1 0 0 0 1 0 0.480668 -0.25</i>
                        <i>1 0 0 0 1 0 0 0 1 0 0.480668 -0.25</i>
                        <i>1 0 0 0 1 0 0 0 1 0 0.480668 -0.25</i>
                        <i>1 0 0 0 1 0 0 0 1 0 0.480668 -0.25</i>
                        <i>1 0 0 0 1 0 0 0 1 0 0.480668 -0.25</i>
                        <i>1 0 0 0 1 0 0 0 1 0 0.480668 -0.25</i>
                        <i>1 0 0 0 1 0 0 0 1 0 0.480668 -0.25</i>
                        <i>1 0 0 0 1 0 0 0 1 0 0.480668 -0.25</i>
                    </KeyFrames>
                </p>
            </i>
            <i>
                <p>
                    <Name><![CDATA[spine0]]></Name>
                    <Exclude>0</Exclude>
                    <Additive>0</Additive>
                    <IKPriority>0</IKPriority>
                    <IKRotLimits>-1e+010 -1e+010 -1e+010 1e+010 1e+010 1e+010</IKRotLimits>
                    <IKRotLimitOrder>0</IKRotLimitOrder>
                    <KeyFrames count="51">
                        <i>0.0191089 0.980115 0.197508 -0.99981 0.0194929 2.12053e-014 -0.00385001 -0.19747 0.980301 0 0.616321 -0.297898</i>
                        <i>0.0193677 0.97902 0.20284 -0.999805 0.0197223 0.000273001 -0.0037332 -0.202806 0.979212 0 0.616971 -0.296016</i>
                        <i>0.0195257 0.978048 0.207462 -0.999803 0.0198406 0.000563061 -0.00356548 -0.207432 0.978243 0 0.617626 -0.29403</i>
                        <i>0.0196012 0.977216 0.211341 -0.999802 0.0198708 0.000848319 -0.00337052 -0.211316 0.977412 0 0.618241 -0.292068</i>
                        <i>0.0196121 0.976544 0.214423 -0.999803 0.0198359 0.00110798 -0.00317127 -0.214402 0.97674 0 0.618782 -0.290258</i>
                        <i>0.0195759 0.976057 0.216634 -0.999804 0.0197586 0.00132278 -0.00298927 -0.216618 0.976252 0 0.619218 -0.28873</i>
                        <i>0.0195095 0.97578 0.217884 -0.999806 0.0196605 0.00147504 -0.0028444 -0.21787 0.975974 0 0.619525 -0.287615</i>
                        <i>0.0194458 0.975824 0.217691 -0.999807 0.0195882 0.00150403 -0.0027965 -0.217678 0.976017 0 0.61959 -0.287372</i>
                        <i>0.0194037 0.976225 0.215891 -0.999808 0.0195659 0.00138589 -0.00287116 -0.215876 0.976416 0 0.619367 -0.288194</i>
                        <i>0.0193517 0.976929 0.212684 -0.999808 0.0195532 0.00115617 -0.00302916 -0.212666 0.97712 0 0.618912 -0.289807</i>
                        <i>0.0192635 0.977866 0.208342 -0.999809 0.0195143 0.000851458 -0.00323303 -0.208318 0.978056 0 0.61828 -0.291939</i>
                        <i>0.0191425 0.978917 0.203361 -0.999811 0.0194449 0.000511096 -0.003454 -0.203332 0.979104 0 0.617533 -0.294317</i>
                        <i>0.0189921 0.979977 0.198202 -0.999813 0.0193413 0.000174319 -0.00366264 -0.198168 0.980161 0 0.616748 -0.296673</i>
                        <i>0.0188159 0.980961 0.19329 -0.999816 0.0192012 -0.000120212 -0.00382932 -0.193252 0.981142 0 0.616019 -0.298746</i>
                        <i>0.018618 0.981796 0.189022 -0.999819 0.0190243 -0.00033504 -0.00392494 -0.188981 0.981973 0 0.615457 -0.300279</i>
                        <i>0.0184201 0.982472 0.185497 -0.999822 0.0188357 -0.000478247 -0.00396384 -0.185456 0.982645 0 0.615062 -0.301326</i>
                        <i>0.0182531 0.983004 0.182676 -0.999825 0.0186737 -0.000582607 -0.00398395 -0.182634 0.983173 0 0.614762 -0.302105</i>
                        <i>0.0181356 0.983363 0.180742 -0.999828 0.0185586 -0.000649194 -0.00399272 -0.180699 0.98353 0 0.614564 -0.302611</i>
                        <i>0.0180862 0.983522 0.179881 -0.999828 0.0185102 -0.000678919 -0.00399737 -0.179838 0.983688 0 0.614475 -0.302838</i>
                        <i>0.0181232 0.983449 0.180279 -0.999828 0.0185482 -0.000672092 -0.00400483 -0.180236 0.983615 0 0.614498 -0.302779</i>
                        <i>0.0182354 0.983148 0.181902 -0.999826 0.0186607 -0.000626924 -0.00401078 -0.181858 0.983317 0 0.614637 -0.302426</i>
                        <i>0.0183959 0.982656 0.184525 -0.999823 0.0188187 -0.000540225 -0.00400339 -0.184483 0.982828 0 0.614891 -0.301771</i>
                        <i>0.0185989 0.981982 0.188059 -0.999819 0.0190151 -0.000409089 -0.00397768 -0.188017 0.982158 0 0.61526 -0.300805</i>
                        <i>0.0188386 0.981133 0.192414 -0.999815 0.0192424 -0.000230203 -0.00392837 -0.192374 0.981314 0 0.615739 -0.299517</i>
                        <i>0.0191089 0.980115 0.197508 -0.99981 0.0194929 2.12053e-014 -0.00385001 -0.19747 0.980301 0 0.616321 -0.297898</i>
                        <i>0.0193442 0.979079 0.202561 -0.999806 0.019699 0.000264325 -0.00373145 -0.202526 0.97927 0 0.616952 -0.296074</i>
                        <i>0.0194918 0.978173 0.206877 -0.999804 0.0198096 0.000535283 -0.00357457 -0.206847 0.978367 0 0.617566 -0.294216</i>
                        <i>0.0195662 0.977396 0.210508 -0.999803 0.0198421 0.000801585 -0.00339345 -0.210482 0.977592 0 0.618144 -0.292383</i>
                        <i>0.0195817 0.976749 0.213492 -0.999803 0.0198137 0.00105282 -0.00320173 -0.21347 0.976944 0 0.618672 -0.290633</i>
                        <i>0.0195523 0.976229 0.215859 -0.999804 0.0197415 0.00127961 -0.0030122 -0.215842 0.976424 0 0.619135 -0.289023</i>
                        <i>0.0194918 0.975837 0.217628 -0.999806 0.0196419 0.00147365 -0.0028366 -0.217615 0.976031 0 0.619525 -0.287615</i>
                        <i>0.0194335 0.975679 0.21834 -0.999807 0.019562 0.00157357 -0.00273587 -0.218329 0.975871 0 0.619725 -0.286867</i>
                        <i>0.0194018 0.975822 0.217703 -0.999808 0.019535 0.00154098 -0.0027491 -0.217691 0.976014 0 0.619668 -0.287082</i>
                        <i>0.0193978 0.976196 0.216022 -0.999808 0.0195569 0.00140142 -0.00285667 -0.216008 0.976388 0 0.619398 -0.28808</i>
                        <i>0.0193746 0.976822 0.213175 -0.999808 0.0195739 0.00117597 -0.00302395 -0.213157 0.977013 0 0.61895 -0.289677</i>
                        <i>0.0193142 0.977653 0.209334 -0.999808 0.0195615 0.00088916 -0.0032256 -0.209311 0.977844 0 0.618356 -0.291689</i>
                        <i>0.0192214 0.978603 0.204859 -0.999809 0.019519 0.000567742 -0.00344306 -0.204831 0.978791 0 0.617657 -0.293934</i>
                        <i>0.0191005 0.979592 0.200087 -0.999811 0.019446 0.000238486 -0.00365727 -0.200054 0.979778 0 0.616899 -0.296231</i>
                        <i>0.018956 0.980554 0.195333 -0.999813 0.0193427 -7.2144e-005 -0.003849 -0.195295 0.980737 0 0.616142 -0.298404</i>
                        <i>0.0187928 0.981432 0.190888 -0.999815 0.0192106 -0.000338323 -0.00399912 -0.190846 0.981612 0 0.615457 -0.300279</i>
                        <i>0.0186195 0.982188 0.186976 -0.999818 0.0190573 -0.000543866 -0.00409743 -0.186932 0.982364 0 0.6149 -0.301748</i>
                        <i>0.0184522 0.982808 0.183704 -0.999821 0.018901 -0.000691891 -0.00415219 -0.183659 0.982981 0 0.614478 -0.302828</i>
                        <i>0.0183072 0.983277 0.181191 -0.999824 0.0187602 -0.000786625 -0.00417266 -0.181145 0.983448 0 0.614196 -0.303539</i>
                        <i>0.0182008 0.983578 0.179562 -0.999826 0.0186535 -0.000832466 -0.00416825 -0.179516 0.983746 0 0.614051 -0.303898</i>
                        <i>0.0181493 0.983691 0.178948 -0.999827 0.0185986 -0.00083352 -0.0041481 -0.178902 0.983858 0 0.614041 -0.303923</i>
                        <i>0.0181683 0.983594 0.179481 -0.999826 0.0186129 -0.000793186 -0.00412083 -0.179436 0.983761 0 0.614159 -0.30363</i>
                        <i>0.0182538 0.983279 0.181186 -0.999825 0.0186924 -0.000713012 -0.00408789 -0.181142 0.983449 0 0.614397 -0.303034</i>
                        <i>0.0183911 0.982767 0.183934 -0.999823 0.0188214 -0.000593376 -0.00404504 -0.183891 0.982938 0 0.614745 -0.302149</i>
                        <i>0.0185797 0.982064 0.187631 -0.999819 0.0189987 -0.00043475 -0.00399169 -0.187589 0.98224 0 0.61519 -0.300989</i>
                        <i>0.0188191 0.981178 0.192185 -0.999815 0.019223 -0.000237109 -0.00392701 -0.192145 0.981359 0 0.61572 -0.299567</i>
                        <i>0.0191089 0.980115 0.197508 -0.99981 0.0194929 2.12053e-014 -0.00385001 -0.19747 0.980301 0 0.616321 -0.297898</i>
                    </KeyFrames>
                </p>
            </i>
            <i>
                <p>
                    <Name><![CDATA[spine1]]></Name>
                    <Exclude>0</Exclude>
                    <Additive>0</Additive>
                    <IKPriority>0</IKPriority>
                    <IKRotLimits>-1e+010 -1e+010 -1e+010 1e+010 1e+010 1e+010</IKRotLimits>
                    <IKRotLimitOrder>0</IKRotLimitOrder>
                    <KeyFrames count="51">
                        <i>0.068337 0.774734 0.628584 -0.996114 0.0178955 0.086237 0.0555619 -0.632035 0.772946 0.00338007 0.789688 -0.262995</i>
                        <i>0.069672 0.773261 0.630249 -0.996045 0.019005 0.086792 0.0551349 -0.633804 0.771527 0.00341196 0.789443 -0.260311</i>
                        <i>0.0708378 0.773417 0.629927 -0.995974 0.0200629 0.0873682 0.0549339 -0.63358 0.771724 0.00342461 0.789166 -0.257668</i>
                        <i>0.0718155 0.774831 0.628076 -0.995904 0.0210258 0.0879352 0.0549291 -0.631818 0.773168 0.00342256 0.788873 -0.255185</i>
                        <i>0.0725854 0.777097 0.625182 -0.99584 0.021853 0.0884568 0.0550774 -0.629002 0.77545 0.00341023 0.788588 -0.252988</i>
                        <i>0.0731284 0.779778 0.621771 -0.995787 0.0225055 0.0888929 0.0553234 -0.625652 0.778138 0.00339188 0.788338 -0.251205</i>
                        <i>0.0734268 0.782424 0.618403 -0.995749 0.022945 0.0892007 0.0556035 -0.622324 0.780782 0.00337152 0.788154 -0.249969</i>
                        <i>0.0733969 0.783707 0.616779 -0.995743 0.0230145 0.0892505 0.0557514 -0.620704 0.78206 0.00335839 0.788121 -0.249783</i>
                        <i>0.0730126 0.783031 0.617683 -0.995775 0.0226502 0.0889912 0.0556922 -0.621571 0.781376 0.00335721 0.788273 -0.25085</i>
                        <i>0.0722786 0.781436 0.619785 -0.995835 0.0219188 0.0884976 0.0555703 -0.6236 0.779766 0.00336036 0.788553 -0.252889</i>
                        <i>0.0712299 0.779798 0.621965 -0.995914 0.0208968 0.0878564 0.0555132 -0.625682 0.778101 0.00336108 0.788899 -0.255606</i>
                        <i>0.0699823 0.778513 0.623715 -0.995999 0.0196995 0.0871648 0.0555721 -0.627319 0.776777 0.00335786 0.789249 -0.258669</i>
                        <i>0.0686496 0.77793 0.62459 -0.996081 0.0184471 0.0865048 0.0557728 -0.62808 0.776147 0.00334909 0.789558 -0.261752</i>
                        <i>0.0673426 0.778345 0.624215 -0.996151 0.0172653 0.0859399 0.0561137 -0.627599 0.776512 0.00333323 0.789796 -0.26454</i>
                        <i>0.0661673 0.78001 0.622259 -0.996204 0.0162853 0.0855164 0.05657 -0.625555 0.778126 0.00330891 0.789948 -0.266724</i>
                        <i>0.0651626 0.782412 0.619342 -0.996242 0.0155176 0.0852139 0.0570616 -0.622567 0.780483 0.00328056 0.790036 -0.26833</i>
                        <i>0.0643339 0.784671 0.616565 -0.996271 0.0149027 0.0849874 0.0574987 -0.619733 0.782704 0.00325567 0.790091 -0.269565</i>
                        <i>0.0637337 0.786472 0.614329 -0.99629 0.0144685 0.0848375 0.057834 -0.617456 0.784476 0.00323771 0.79012 -0.270387</i>
                        <i>0.0634154 0.787507 0.613034 -0.996299 0.0142426 0.0847662 0.0580228 -0.616141 0.785496 0.00323013 0.790127 -0.270756</i>
                        <i>0.0634333 0.787471 0.613079 -0.996298 0.0142517 0.0847781 0.0580229 -0.616187 0.78546 0.00323631 0.790114 -0.27063</i>
                        <i>0.0638614 0.78604 0.614868 -0.996285 0.0145443 0.0848828 0.0577784 -0.618004 0.784049 0.00325431 0.790089 -0.270007</i>
                        <i>0.064668 0.783472 0.618053 -0.996259 0.0151133 0.0850822 0.0573188 -0.621243 0.781519 0.00327913 0.790051 -0.268921</i>
                        <i>0.0657503 0.780337 0.621893 -0.996222 0.0159008 0.0853747 0.0567325 -0.625157 0.778434 0.00330934 0.789985 -0.267383</i>
                        <i>0.0670068 0.77722 0.625651 -0.996173 0.016848 0.08576 0.0561134 -0.629003 0.775375 0.00334347 0.78987 -0.265405</i>
                        <i>0.068337 0.774734 0.628584 -0.996114 0.0178955 0.086237 0.0555619 -0.632035 0.772946 0.00338007 0.789688 -0.262995</i>
                        <i>0.0695883 0.773531 0.629926 -0.996048 0.0189479 0.0867666 0.0551809 -0.633475 0.771793 0.00340819 0.789453 -0.260414</i>
                        <i>0.0706752 0.773697 0.629601 -0.995982 0.0199371 0.0873028 0.0549935 -0.633242 0.771998 0.00342 0.789195 -0.257942</i>
                        <i>0.0715967 0.774992 0.627902 -0.995917 0.0208458 0.0878307 0.054979 -0.631627 0.77332 0.00341877 0.788924 -0.255621</i>
                        <i>0.0723516 0.777155 0.625136 -0.995855 0.0216576 0.0883334 0.0551098 -0.628936 0.775501 0.0034077 0.788652 -0.253495</i>
                        <i>0.0729389 0.77991 0.621627 -0.995799 0.0223572 0.0887926 0.0553524 -0.625492 0.778265 0.00338989 0.78839 -0.25161</i>
                        <i>0.0733587 0.782968 0.617721 -0.995751 0.0229297 0.0891888 0.0556678 -0.621639 0.781324 0.00336826 0.788154 -0.250016</i>
                        <i>0.0735291 0.784968 0.615157 -0.995726 0.023216 0.0893934 0.0558895 -0.619101 0.78332 0.00335225 0.788029 -0.24921</i>
                        <i>0.0734039 0.784966 0.615175 -0.995735 0.023114 0.0893195 0.0558936 -0.619108 0.783314 0.00334834 0.788074 -0.249518</i>
                        <i>0.0730366 0.783333 0.617296 -0.995771 0.0226917 0.0890214 0.0557259 -0.621188 0.781678 0.00335529 0.788254 -0.250723</i>
                        <i>0.0723587 0.781274 0.61998 -0.99583 0.0219697 0.0885392 0.0555526 -0.623802 0.779606 0.00336347 0.788529 -0.252682</i>
                        <i>0.0714132 0.779323 0.622539 -0.995904 0.0210126 0.0879384 0.0554513 -0.62627 0.777632 0.00336831 0.788856 -0.2552</i>
                        <i>0.0702842 0.777713 0.624678 -0.995984 0.0198983 0.0872879 0.055455 -0.628304 0.775989 0.0033692 0.789191 -0.258049</i>
                        <i>0.0690549 0.776646 0.626141 -0.996063 0.0187079 0.0866477 0.0555808 -0.629659 0.774881 0.00336542 0.789499 -0.261005</i>
                        <i>0.0678062 0.776291 0.626718 -0.996135 0.017526 0.0860657 0.0558281 -0.630131 0.774479 0.00335631 0.789756 -0.263853</i>
                        <i>0.0666165 0.776782 0.626236 -0.996196 0.016441 0.0855778 0.0561794 -0.629555 0.774922 0.00334125 0.789949 -0.26638</i>
                        <i>0.0655485 0.778086 0.624728 -0.996243 0.0155201 0.085199 0.0565963 -0.627966 0.77618 0.00332092 0.790079 -0.268443</i>
                        <i>0.0646373 0.779865 0.622601 -0.996278 0.0147801 0.0849183 0.0570227 -0.625773 0.777918 0.00329843 0.790159 -0.270035</i>
                        <i>0.0639172 0.781795 0.620251 -0.996303 0.0142355 0.0847263 0.057409 -0.623373 0.779814 0.00327702 0.790202 -0.271152</i>
                        <i>0.0634235 0.783565 0.618064 -0.996317 0.0138996 0.0846169 0.057712 -0.621154 0.781561 0.00325992 0.790216 -0.271785</i>
                        <i>0.0631925 0.784881 0.616416 -0.996321 0.0137844 0.0845871 0.0578939 -0.619494 0.782864 0.00325033 0.790207 -0.271923</i>
                        <i>0.0632618 0.785451 0.615683 -0.996315 0.0139011 0.0846377 0.0579201 -0.618768 0.783435 0.00325134 0.790178 -0.271557</i>
                        <i>0.0637124 0.784791 0.616478 -0.996297 0.0142883 0.084777 0.0577238 -0.619596 0.782795 0.00326252 0.790138 -0.270695</i>
                        <i>0.0645376 0.782919 0.618767 -0.996268 0.0149393 0.0850086 0.0573109 -0.621944 0.780962 0.00328127 0.790085 -0.269375</i>
                        <i>0.0656448 0.780301 0.621949 -0.996227 0.0157962 0.0853307 0.0567592 -0.625204 0.778394 0.00330731 0.790003 -0.26763</i>
                        <i>0.0669418 0.77741 0.625422 -0.996176 0.0168009 0.0857414 0.0561486 -0.62877 0.775562 0.00334034 0.789877 -0.265492</i>
                        <i>0.068337 0.774734 0.628584 -0.996114 0.0178955 0.086237 0.0555619 -0.632035 0.772946 0.00338007 0.789688 -0.262995</i>
                    </KeyFrames>
                </p>
            </i>
            <i>
                <p>
                    <Name><![CDATA[spine2]]></Name>
                    <Exclude>0</Exclude>
                    <Additive>0</Additive>
                    <IKPriority>0</IKPriority>
                    <IKRotLimits>-1e+010 -1e+010 -1e+010 1e+010 1e+010 1e+010</IKRotLimits>
                    <IKRotLimitOrder>0</IKRotLimitOrder>
                    <KeyFrames count="51">
                        <i>0.0988287 0.603334 0.791341 -0.987677 -0.0375107 0.151947 0.121359 -0.796606 0.592192 0.0145847 0.915459 -0.160702</i>
                        <i>0.10024 0.597049 0.795917 -0.987644 -0.0371392 0.152247 0.120458 -0.801344 0.58595 0.0147871 0.914474 -0.15817</i>
                        <i>0.10152 0.59252 0.799133 -0.987601 -0.0366585 0.152644 0.119739 -0.804721 0.581452 0.0149373 0.913681 -0.156037</i>
                        <i>0.102639 0.589592 0.801153 -0.987551 -0.036116 0.153098 0.1192 -0.806893 0.578545 0.0150409 0.913074 -0.15431</i>
                        <i>0.103564 0.588086 0.802141 -0.987498 -0.0355609 0.153566 0.118835 -0.808016 0.577051 0.0151035 0.912648 -0.153</i>
                        <i>0.104257 0.587794 0.802264 -0.987449 -0.0350449 0.153999 0.118635 -0.808251 0.576764 0.0151302 0.912397 -0.15212</i>
                        <i>0.104683 0.588487 0.801701 -0.98741 -0.0346219 0.154346 0.118587 -0.807765 0.577453 0.0151266 0.912317 -0.151683</i>
                        <i>0.104715 0.589443 0.800994 -0.987399 -0.0344742 0.154453 0.118655 -0.807074 0.578405 0.0151014 0.912413 -0.151816</i>
                        <i>0.104301 0.590331 0.800394 -0.987422 -0.0346823 0.154254 0.11882 -0.806416 0.579289 0.0150604 0.912678 -0.152558</i>
                        <i>0.103466 0.591999 0.79927 -0.987469 -0.0351322 0.15385 0.119159 -0.805173 0.580946 0.0149888 0.913144 -0.1539</i>
                        <i>0.102269 0.594964 0.79722 -0.987528 -0.0357194 0.15334 0.119708 -0.802959 0.58389 0.0148771 0.913811 -0.155785</i>
                        <i>0.100847 0.599074 0.794317 -0.987587 -0.0363598 0.152807 0.120424 -0.799868 0.587971 0.0147345 0.914608 -0.158023</i>
                        <i>0.0993282 0.604149 0.790657 -0.987639 -0.0369718 0.152325 0.121259 -0.796013 0.593008 0.01457 0.915471 -0.160424</i>
                        <i>0.0978366 0.609979 0.786354 -0.987677 -0.0374765 0.151955 0.122159 -0.791531 0.598796 0.014393 0.916343 -0.1628</i>
                        <i>0.0964908 0.616344 0.781543 -0.987696 -0.0377958 0.15175 0.123069 -0.786569 0.605114 0.014213 0.917173 -0.164966</i>
                        <i>0.09533 0.622656 0.776667 -0.987702 -0.0379648 0.151669 0.123924 -0.781574 0.611379 0.0140432 0.917917 -0.166833</i>
                        <i>0.0943556 0.628155 0.772346 -0.987703 -0.0380782 0.151634 0.124659 -0.777156 0.616837 0.0138988 0.918533 -0.168368</i>
                        <i>0.0936278 0.632376 0.768983 -0.987701 -0.0381472 0.151628 0.125221 -0.773722 0.621026 0.0137924 0.918976 -0.169461</i>
                        <i>0.0932082 0.634861 0.766984 -0.987699 -0.0381829 0.151636 0.125553 -0.771682 0.623492 0.0137367 0.919203 -0.170002</i>
                        <i>0.0931586 0.635148 0.766752 -0.987697 -0.0381967 0.151644 0.125604 -0.771446 0.623775 0.0137445 0.919167 -0.169882</i>
                        <i>0.0936283 0.632292 0.769051 -0.987699 -0.0381791 0.151637 0.125241 -0.773789 0.620939 0.013826 0.918827 -0.16903</i>
                        <i>0.0946061 0.626466 0.773686 -0.987702 -0.0381079 0.151633 0.124476 -0.778517 0.615157 0.0139704 0.918219 -0.167544</i>
                        <i>0.095914 0.61887 0.779616 -0.987703 -0.0379774 0.151661 0.123466 -0.784575 0.607617 0.014158 0.917408 -0.165565</i>
                        <i>0.0973779 0.610732 0.785827 -0.987696 -0.0377812 0.151756 0.122372 -0.790936 0.599538 0.0143692 0.916464 -0.163238</i>
                        <i>0.0988287 0.603334 0.791341 -0.987677 -0.0375107 0.151947 0.121359 -0.796606 0.592192 0.0145847 0.915459 -0.160702</i>
                        <i>0.100154 0.597572 0.795536 -0.987645 -0.0371467 0.152243 0.120527 -0.800954 0.586469 0.014771 0.914541 -0.158314</i>
                        <i>0.101347 0.593379 0.798518 -0.987604 -0.0366955 0.152614 0.11986 -0.804087 0.582304 0.014911 0.913803 -0.156323</i>
                        <i>0.102399 0.590619 0.800427 -0.987558 -0.0361842 0.153038 0.11935 -0.806139 0.579565 0.0150099 0.913234 -0.154704</i>
                        <i>0.1033 0.589143 0.801398 -0.987507 -0.0356407 0.153491 0.118991 -0.807242 0.578101 0.015073 0.912819 -0.153433</i>
                        <i>0.10404 0.588784 0.801567 -0.987456 -0.0350945 0.153945 0.118771 -0.807528 0.577747 0.0151053 0.912545 -0.152486</i>
                        <i>0.104604 0.58936 0.80107 -0.987407 -0.0345761 0.154374 0.11868 -0.80713 0.578322 0.0151119 0.912397 -0.151843</i>
                        <i>0.104871 0.590094 0.800494 -0.98738 -0.0342728 0.154619 0.118675 -0.806606 0.579053 0.0151022 0.912376 -0.151619</i>
                        <i>0.104762 0.590418 0.80027 -0.987385 -0.0343136 0.154573 0.118723 -0.806368 0.579375 0.0150839 0.912477 -0.151878</i>
                        <i>0.104333 0.590494 0.80027 -0.987418 -0.0346385 0.15429 0.118827 -0.806298 0.57945 0.0150592 0.912674 -0.15252</i>
                        <i>0.103532 0.591606 0.799552 -0.987467 -0.0351349 0.153862 0.119118 -0.805461 0.580555 0.0150017 0.913062 -0.153688</i>
                        <i>0.102435 0.593922 0.797975 -0.987525 -0.0357267 0.153358 0.119592 -0.803729 0.582853 0.0149081 0.913632 -0.155336</i>
                        <i>0.101137 0.597285 0.795627 -0.987583 -0.0363603 0.152834 0.120215 -0.801204 0.586191 0.014786 0.914329 -0.157324</i>
                        <i>0.0997312 0.601522 0.792607 -0.987636 -0.036984 0.152339 0.120949 -0.798 0.590396 0.0146426 0.915101 -0.159512</i>
                        <i>0.0983064 0.606438 0.78903 -0.98768 -0.0375474 0.151915 0.121753 -0.794244 0.595275 0.0144857 0.915902 -0.161761</i>
                        <i>0.0969488 0.611829 0.785026 -0.987712 -0.0380016 0.151597 0.122584 -0.790077 0.600626 0.0143227 0.916691 -0.163934</i>
                        <i>0.0957262 0.617415 0.780792 -0.98773 -0.0383201 0.151399 0.123396 -0.785704 0.606171 0.0141624 0.917429 -0.165914</i>
                        <i>0.0946747 0.622776 0.776651 -0.987738 -0.0385217 0.151296 0.124141 -0.781451 0.611492 0.0140147 0.918083 -0.167623</i>
                        <i>0.0938317 0.627511 0.772933 -0.987738 -0.0386248 0.151266 0.124776 -0.777649 0.616193 0.0138898 0.918619 -0.168982</i>
                        <i>0.0932363 0.631234 0.769968 -0.987734 -0.0386466 0.151289 0.125255 -0.774629 0.619887 0.0137979 0.919001 -0.169911</i>
                        <i>0.0929295 0.633562 0.768091 -0.987727 -0.0386045 0.151346 0.125539 -0.772728 0.622198 0.0137493 0.919197 -0.170332</i>
                        <i>0.0929532 0.634113 0.767633 -0.987719 -0.0385158 0.15142 0.125584 -0.77228 0.622746 0.0137539 0.919169 -0.170162</i>
                        <i>0.0934608 0.631784 0.76949 -0.987713 -0.0383909 0.151486 0.125248 -0.774193 0.620433 0.0138257 0.91886 -0.1693</i>
                        <i>0.0944668 0.626448 0.773718 -0.987711 -0.0382283 0.151546 0.124514 -0.778526 0.615138 0.0139609 0.918275 -0.167787</i>
                        <i>0.0958053 0.619185 0.779379 -0.987706 -0.0380282 0.151626 0.123523 -0.784324 0.607929 0.0141433 0.917474 -0.165759</i>
                        <i>0.0973126 0.611098 0.78555 -0.987696 -0.0377899 0.151752 0.122421 -0.790652 0.599902 0.0143565 0.916514 -0.163353</i>
                        <i>0.0988287 0.603334 0.791341 -0.987677 -0.0375107 0.151947 0.121359 -0.796606 0.592192 0.0145847 0.915459 -0.160702</i>
                    </KeyFrames>
                </p>
            </i>
            <i>
                <p>
                    <Name><![CDATA[head]]></Name>
                    <Exclude>0</Exclude>
                    <Additive>0</Additive>
                    <IKPriority>0</IKPriority>
                    <IKRotLimits>-1e+010 -1e+010 -1e+010 1e+010 1e+010 1e+010</IKRotLimits>
                    <IKRotLimitOrder>0</IKRotLimitOrder>
                    <KeyFrames count="51">
                        <i>-0.00196809 0.98467 0.174419 -0.160634 0.171843 -0.97194 -0.987012 -0.0299304 0.157833 0.0393229 1.08376 0.0346008</i>
                        <i>-0.00550848 0.98788 0.155123 -0.160484 0.152241 -0.975227 -0.987023 -0.0302669 0.157701 0.0398056 1.08067 0.0383092</i>
                        <i>-0.00786981 0.989771 0.142448 -0.160333 0.13936 -0.977176 -0.987032 -0.0305292 0.157596 0.040192 1.07816 0.0412408</i>
                        <i>-0.00913776 0.990673 0.135957 -0.160227 0.132756 -0.978112 -0.987038 -0.0307217 0.157519 0.0404867 1.07622 0.043442</i>
                        <i>-0.00939709 0.990775 0.135193 -0.160186 0.131962 -0.978226 -0.987042 -0.0308485 0.157468 0.0406943 1.07485 0.0449559</i>
                        <i>-0.00873106 0.990158 0.139679 -0.16021 0.136495 -0.9776 -0.987044 -0.0309135 0.157441 0.0408188 1.07403 0.0458225</i>
                        <i>-0.00722163 0.988822 0.148929 -0.160284 0.145862 -0.976234 -0.987045 -0.0309208 0.157439 0.0408642 1.07374 0.0460788</i>
                        <i>-0.0045973 0.986352 0.164585 -0.16039 0.161729 -0.973714 -0.987043 -0.0308743 0.157457 0.0408341 1.07398 0.0457589</i>
                        <i>-0.000825891 0.982397 0.186803 -0.160473 0.184252 -0.96969 -0.98704 -0.0307778 0.157496 0.0407318 1.07471 0.0448945</i>
                        <i>0.00357719 0.977191 0.212331 -0.160467 0.210142 -0.964412 -0.987035 -0.0306224 0.157559 0.0405307 1.07608 0.0433125</i>
                        <i>0.00815483 0.971138 0.238378 -0.160343 0.236571 -0.958292 -0.987028 -0.0304076 0.157645 0.0402199 1.07815 0.0409505</i>
                        <i>0.0125528 0.964732 0.262935 -0.160111 0.261502 -0.95183 -0.987019 -0.0301506 0.157747 0.0398266 1.0807 0.0380047</i>
                        <i>0.0164188 0.958669 0.284051 -0.159817 0.282953 -0.945725 -0.98701 -0.0298684 0.157857 0.0393786 1.08355 0.0346744</i>
                        <i>0.0194038 0.953797 0.299824 -0.159539 0.298992 -0.940825 -0.987001 -0.0295782 0.15797 0.0389038 1.0865 0.0311641</i>
                        <i>0.0211615 0.951026 0.308385 -0.15937 0.307719 -0.938035 -0.986992 -0.0292972 0.158077 0.0384309 1.08939 0.0276847</i>
                        <i>0.0213459 0.951196 0.307848 -0.159395 0.307218 -0.938195 -0.986984 -0.0290429 0.158174 0.0379894 1.09204 0.0244542</i>
                        <i>0.0201521 0.953891 0.299475 -0.159591 0.298765 -0.940888 -0.986978 -0.0288326 0.158253 0.0376092 1.09427 0.0216958</i>
                        <i>0.0181538 0.957839 0.286731 -0.159858 0.285869 -0.944841 -0.986973 -0.0286839 0.158308 0.0373207 1.09594 0.0196371</i>
                        <i>0.0155704 0.962455 0.270993 -0.160144 0.269928 -0.94947 -0.986971 -0.0286142 0.158334 0.0371545 1.09688 0.0185067</i>
                        <i>0.0126235 0.96721 0.253663 -0.160398 0.252356 -0.954248 -0.986972 -0.028641 0.158324 0.0371408 1.09692 0.0185313</i>
                        <i>0.00969656 0.971451 0.23704 -0.160577 0.235488 -0.95852 -0.986976 -0.028769 0.158277 0.0373363 1.09577 0.0200255</i>
                        <i>0.00692461 0.975063 0.22182 -0.160681 0.220028 -0.962169 -0.986982 -0.0289795 0.158198 0.037727 1.09349 0.0228438</i>
                        <i>0.00415717 0.978334 0.206993 -0.160724 0.204958 -0.965484 -0.986991 -0.0292551 0.158093 0.0382377 1.09046 0.0265163</i>
                        <i>0.00124325 0.981484 0.191539 -0.16071 0.189245 -0.968689 -0.987001 -0.0295779 0.15797 0.0387938 1.08708 0.0305829</i>
                        <i>-0.00196809 0.98467 0.174419 -0.160634 0.171843 -0.97194 -0.987012 -0.0299304 0.157833 0.0393229 1.08376 0.0346008</i>
                        <i>-0.00490126 0.987313 0.158709 -0.160507 0.155876 -0.974649 -0.987022 -0.0302509 0.157707 0.0397693 1.08089 0.0380622</i>
                        <i>-0.00692729 0.988968 0.147969 -0.160383 0.144959 -0.976353 -0.98703 -0.0304953 0.15761 0.0401289 1.07855 0.0407927</i>
                        <i>-0.00811653 0.989853 0.141866 -0.160292 0.138748 -0.977269 -0.987036 -0.030672 0.157539 0.0404084 1.07674 0.0428616</i>
                        <i>-0.00853866 0.990108 0.140051 -0.160246 0.136891 -0.977539 -0.98704 -0.0307894 0.157492 0.0406138 1.0754 0.0443344</i>
                        <i>-0.00826254 0.989808 0.142165 -0.160247 0.139022 -0.977238 -0.987042 -0.0308559 0.157465 0.0407511 1.07451 0.0452745</i>
                        <i>-0.00735619 0.988983 0.147843 -0.160286 0.14477 -0.976397 -0.987043 -0.0308798 0.157455 0.0408261 1.07404 0.0457423</i>
                        <i>-0.0054369 0.987191 0.159453 -0.160365 0.156531 -0.974567 -0.987043 -0.0308692 0.157459 0.0408443 1.07394 0.0457968</i>
                        <i>-0.00231122 0.983996 0.178174 -0.160448 0.175501 -0.971317 -0.987042 -0.0308325 0.157474 0.0408111 1.07418 0.0454955</i>
                        <i>0.00166789 0.979415 0.201849 -0.160467 0.199496 -0.966671 -0.98704 -0.0307778 0.157496 0.0407318 1.07471 0.0448945</i>
                        <i>0.00598728 0.973855 0.227091 -0.160386 0.22509 -0.961047 -0.987036 -0.0306682 0.157541 0.0405536 1.07588 0.0435896</i>
                        <i>0.0103255 0.967692 0.251924 -0.1602 0.250284 -0.954827 -0.987031 -0.0304991 0.157608 0.0402812 1.07765 0.0415862</i>
                        <i>0.0143887 0.961423 0.2747 -0.159929 0.273404 -0.948511 -0.987024 -0.0302847 0.157694 0.0399356 1.07988 0.0390383</i>
                        <i>0.0178854 0.955695 0.293814 -0.159625 0.292821 -0.942749 -0.987016 -0.0300387 0.15779 0.0395379 1.08241 0.0361011</i>
                        <i>0.0205269 0.951261 0.307704 -0.15936 0.306947 -0.93829 -0.987007 -0.0297755 0.157893 0.0391095 1.0851 0.0329335</i>
                        <i>0.0220265 0.948895 0.314824 -0.159212 0.314211 -0.935908 -0.986999 -0.029509 0.157996 0.0386723 1.0878 0.0296984</i>
                        <i>0.0220967 0.949296 0.313607 -0.159252 0.313021 -0.9363 -0.986991 -0.0292534 0.158094 0.0382486 1.09038 0.0265638</i>
                        <i>0.0211446 0.951624 0.306537 -0.159426 0.305892 -0.938623 -0.986983 -0.0290231 0.158181 0.0378613 1.0927 0.0237021</i>
                        <i>0.0197927 0.954562 0.297354 -0.159636 0.296614 -0.941561 -0.986978 -0.0288323 0.158253 0.0375334 1.09464 0.0212895</i>
                        <i>0.0180742 0.957959 0.286334 -0.159865 0.285465 -0.944962 -0.986973 -0.0286955 0.158304 0.0372884 1.09608 0.0195045</i>
                        <i>0.0160226 0.961666 0.273755 -0.160097 0.272725 -0.948678 -0.986971 -0.0286269 0.158329 0.0371498 1.09688 0.0185261</i>
                        <i>0.0136721 0.96554 0.259897 -0.160312 0.258675 -0.952569 -0.986972 -0.028641 0.158324 0.0371408 1.09692 0.0185313</i>
                        <i>0.0112526 0.969148 0.246222 -0.160479 0.244796 -0.956202 -0.986975 -0.0287536 0.158282 0.0373238 1.09586 0.0199048</i>
                        <i>0.0087747 0.972497 0.232749 -0.160595 0.231107 -0.959583 -0.986981 -0.0289582 0.158206 0.0377006 1.09365 0.0226278</i>
                        <i>0.0059425 0.976024 0.217581 -0.160671 0.21569 -0.963152 -0.98699 -0.0292355 0.158101 0.0382037 1.09066 0.0262664</i>
                        <i>0.00245994 0.980039 0.19879 -0.160698 0.196595 -0.967226 -0.987 -0.029566 0.157974 0.0387662 1.08723 0.0303943</i>
                        <i>-0.00196809 0.98467 0.174419 -0.160634 0.171843 -0.97194 -0.987012 -0.0299304 0.157833 0.0393229 1.08376 0.0346008</i>
                    </KeyFrames>
                </p>
            </i>
            <i>
                <p>
                    <Name><![CDATA[head_prop]]></Name>
                    <Exclude>0</Exclude>
                    <Additive>0</Additive>
                    <IKPriority>0</IKPriority>
                    <IKRotLimits>-1e+010 -1e+010 -1e+010 1e+010 1e+010 1e+010</IKRotLimits>
                    <IKRotLimitOrder>0</IKRotLimitOrder>
                    <KeyFrames count="51">
                        <i>0.987012 0.0299304 -0.157833 -0.00196809 0.98467 0.174419 0.160634 -0.171843 0.97194 0.0386815 1.40467 0.0914454</i>
                        <i>0.987023 0.0302669 -0.157701 -0.00550848 0.98788 0.155123 0.160484 -0.152241 0.975227 0.0380104 1.40263 0.0888653</i>
                        <i>0.987032 0.0305292 -0.157596 -0.00786981 0.989771 0.142448 0.160333 -0.13936 0.977176 0.0376272 1.40074 0.0876658</i>
                        <i>0.987038 0.0307217 -0.157519 -0.00913776 0.990673 0.135957 0.160227 -0.132756 0.978112 0.0375087 1.39909 0.0877517</i>
                        <i>0.987042 0.0308485 -0.157468 -0.00939709 0.990775 0.135193 0.160186 -0.131962 0.978226 0.0376317 1.39775 0.0890166</i>
                        <i>0.987044 0.0309135 -0.157441 -0.00873106 0.990158 0.139679 0.16021 -0.136495 0.9776 0.0379733 1.39673 0.0913453</i>
                        <i>0.987045 0.0309208 -0.157439 -0.00722163 0.988822 0.148929 0.160284 -0.145862 0.976234 0.0385106 1.39601 0.0946159</i>
