<?xml version="1.0" encoding="ISO-8859-1" ?>
<Animl Version="1">
    <ModellingPackage><![CDATA[Maya.2010]]></ModellingPackage>
    <SrcFile><![CDATA[anims\vehicles\blue\~src\land\tank_m1a1abrams\tank_m1a1abrams_idle_crewman_b.mb]]></SrcFile>
    <FramesPerSecond>30</FramesPerSecond>
    <TotalFrames>41</TotalFrames>
    <Skeleton>
        <RefFrame>
            <Name><![CDATA[soldier_ref_frame]]></Name>
            <Exclude>0</Exclude>
            <Additive>0</Additive>
            <IKPriority>0</IKPriority>
            <IKRotLimits>-1e+010 -1e+010 -1e+010 1e+010 1e+010 1e+010</IKRotLimits>
            <IKRotLimitOrder>0</IKRotLimitOrder>
            <KeyFrames count="41">
                <i>1 0 0 0 1 0 0 0 1 0.75 0 0</i>
                <i>1 0 0 0 1 0 0 0 1 0.75 0 0</i>
                <i>1 0 0 0 1 0 0 0 1 0.75 0 0</i>
                <i>1 0 0 0 1 0 0 0 1 0.75 0 0</i>
                <i>1 0 0 0 1 0 0 0 1 0.75 0 0</i>
                <i>1 0 0 0 1 0 0 0 1 0.75 0 0</i>
                <i>1 0 0 0 1 0 0 0 1 0.75 0 0</i>
                <i>1 0 0 0 1 0 0 0 1 0.75 0 0</i>
                <i>1 0 0 0 1 0 0 0 1 0.75 0 0</i>
                <i>1 0 0 0 1 0 0 0 1 0.75 0 0</i>
                <i>1 0 0 0 1 0 0 0 1 0.75 0 0</i>
                <i>1 0 0 0 1 0 0 0 1 0.75 0 0</i>
                <i>1 0 0 0 1 0 0 0 1 0.75 0 0</i>
                <i>1 0 0 0 1 0 0 0 1 0.75 0 0</i>
                <i>1 0 0 0 1 0 0 0 1 0.75 0 0</i>
                <i>1 0 0 0 1 0 0 0 1 0.75 0 0</i>
                <i>1 0 0 0 1 0 0 0 1 0.75 0 0</i>
                <i>1 0 0 0 1 0 0 0 1 0.75 0 0</i>
                <i>1 0 0 0 1 0 0 0 1 0.75 0 0</i>
                <i>1 0 0 0 1 0 0 0 1 0.75 0 0</i>
                <i>1 0 0 0 1 0 0 0 1 0.75 0 0</i>
                <i>1 0 0 0 1 0 0 0 1 0.75 0 0</i>
                <i>1 0 0 0 1 0 0 0 1 0.75 0 0</i>
                <i>1 0 0 0 1 0 0 0 1 0.75 0 0</i>
                <i>1 0 0 0 1 0 0 0 1 0.75 0 0</i>
                <i>1 0 0 0 1 0 0 0 1 0.75 0 0</i>
                <i>1 0 0 0 1 0 0 0 1 0.75 0 0</i>
                <i>1 0 0 0 1 0 0 0 1 0.75 0 0</i>
                <i>1 0 0 0 1 0 0 0 1 0.75 0 0</i>
                <i>1 0 0 0 1 0 0 0 1 0.75 0 0</i>
                <i>1 0 0 0 1 0 0 0 1 0.75 0 0</i>
                <i>1 0 0 0 1 0 0 0 1 0.75 0 0</i>
                <i>1 0 0 0 1 0 0 0 1 0.75 0 0</i>
                <i>1 0 0 0 1 0 0 0 1 0.75 0 0</i>
                <i>1 0 0 0 1 0 0 0 1 0.75 0 0</i>
                <i>1 0 0 0 1 0 0 0 1 0.75 0 0</i>
                <i>1 0 0 0 1 0 0 0 1 0.75 0 0</i>
                <i>1 0 0 0 1 0 0 0 1 0.75 0 0</i>
                <i>1 0 0 0 1 0 0 0 1 0.75 0 0</i>
                <i>1 0 0 0 1 0 0 0 1 0.75 0 0</i>
                <i>1 0 0 0 1 0 0 0 1 0.75 0 0</i>
            </KeyFrames>
        </RefFrame>
        <Bones count="23">
            <i>
                <p>
                    <Name><![CDATA[pelvis]]></Name>
                    <Exclude>0</Exclude>
                    <Additive>0</Additive>
                    <IKPriority>0</IKPriority>
                    <IKRotLimits>-1e+010 -1e+010 -1e+010 1e+010 1e+010 1e+010</IKRotLimits>
                    <IKRotLimitOrder>2</IKRotLimitOrder>
                    <KeyFrames count="41">
                        <i>1 0 0 0 1 0 0 0 1 0.75 1.20067 -0.297139</i>
                        <i>1 0 0 0 1 0 0 0 1 0.75 1.20171 -0.297139</i>
                        <i>1 0 0 0 1 0 0 0 1 0.75 1.2045 -0.297139</i>
                        <i>1 0 0 0 1 0 0 0 1 0.75 1.20855 -0.297139</i>
                        <i>1 0 0 0 1 0 0 0 1 0.75 1.21335 -0.297139</i>
                        <i>1 0 0 0 1 0 0 0 1 0.75 1.21839 -0.297139</i>
                        <i>1 0 0 0 1 0 0 0 1 0.75 1.22319 -0.297139</i>
                        <i>1 0 0 0 1 0 0 0 1 0.75 1.22724 -0.297139</i>
                        <i>1 0 0 0 1 0 0 0 1 0.75 1.23003 -0.297139</i>
                        <i>1 0 0 0 1 0 0 0 1 0.75 1.23107 -0.297139</i>
                        <i>1 0 0 0 1 0 0 0 1 0.75 1.23041 -0.297139</i>
                        <i>1 0 0 0 1 0 0 0 1 0.75 1.22858 -0.297139</i>
                        <i>1 0 0 0 1 0 0 0 1 0.75 1.22584 -0.297139</i>
                        <i>1 0 0 0 1 0 0 0 1 0.75 1.22242 -0.297139</i>
                        <i>1 0 0 0 1 0 0 0 1 0.75 1.21859 -0.297139</i>
                        <i>1 0 0 0 1 0 0 0 1 0.75 1.21459 -0.297139</i>
                        <i>1 0 0 0 1 0 0 0 1 0.75 1.21066 -0.297139</i>
                        <i>1 0 0 0 1 0 0 0 1 0.75 1.20706 -0.297139</i>
                        <i>1 0 0 0 1 0 0 0 1 0.75 1.20402 -0.297139</i>
                        <i>1 0 0 0 1 0 0 0 1 0.75 1.20181 -0.297139</i>
                        <i>1 0 0 0 1 0 0 0 1 0.75 1.20067 -0.297139</i>
                        <i>1 0 0 0 1 0 0 0 1 0.75 1.20078 -0.297139</i>
                        <i>1 0 0 0 1 0 0 0 1 0.75 1.202 -0.297139</i>
                        <i>1 0 0 0 1 0 0 0 1 0.75 1.20407 -0.297139</i>
                        <i>1 0 0 0 1 0 0 0 1 0.75 1.20671 -0.297139</i>
                        <i>1 0 0 0 1 0 0 0 1 0.75 1.20967 -0.297139</i>
                        <i>1 0 0 0 1 0 0 0 1 0.75 1.21269 -0.297139</i>
                        <i>1 0 0 0 1 0 0 0 1 0.75 1.21549 -0.297139</i>
                        <i>1 0 0 0 1 0 0 0 1 0.75 1.21782 -0.297139</i>
                        <i>1 0 0 0 1 0 0 0 1 0.75 1.21941 -0.297139</i>
                        <i>1 0 0 0 1 0 0 0 1 0.75 1.22 -0.297139</i>
                        <i>1 0 0 0 1 0 0 0 1 0.75 1.21946 -0.297139</i>
                        <i>1 0 0 0 1 0 0 0 1 0.75 1.21799 -0.297139</i>
                        <i>1 0 0 0 1 0 0 0 1 0.75 1.21582 -0.297139</i>
                        <i>1 0 0 0 1 0 0 0 1 0.75 1.21319 -0.297139</i>
                        <i>1 0 0 0 1 0 0 0 1 0.75 1.21033 -0.297139</i>
                        <i>1 0 0 0 1 0 0 0 1 0.75 1.20747 -0.297139</i>
                        <i>1 0 0 0 1 0 0 0 1 0.75 1.20484 -0.297139</i>
                        <i>1 0 0 0 1 0 0 0 1 0.75 1.20268 -0.297139</i>
                        <i>1 0 0 0 1 0 0 0 1 0.75 1.20121 -0.297139</i>
                        <i>1 0 0 0 1 0 0 0 1 0.75 1.20067 -0.297139</i>
                    </KeyFrames>
                </p>
            </i>
            <i>
                <p>
                    <Name><![CDATA[spine0]]></Name>
                    <Exclude>0</Exclude>
                    <Additive>0</Additive>
                    <IKPriority>0</IKPriority>
                    <IKRotLimits>-1e+010 -1e+010 -1e+010 1e+010 1e+010 1e+010</IKRotLimits>
                    <IKRotLimitOrder>0</IKRotLimitOrder>
                    <KeyFrames count="41">
                        <i>0.179273 0.983449 -0.0262631 -0.932481 0.17837 0.314108 0.313593 -0.0318212 0.949024 0.758693 1.33688 -0.342612</i>
                        <i>0.181353 0.98321 -0.0202262 -0.932389 0.178446 0.314336 0.312668 -0.0381473 0.949096 0.759551 1.33858 -0.340406</i>
                        <i>0.184415 0.982785 -0.0111501 -0.932302 0.17851 0.314557 0.311133 -0.0476137 0.949173 0.760365 1.34196 -0.338292</i>
                        <i>0.187984 0.982172 -0.000412639 -0.932226 0.178556 0.314757 0.309219 -0.0587845 0.949172 0.761094 1.34651 -0.336385</i>
                        <i>0.191601 0.981416 0.0106079 -0.932165 0.178582 0.314923 0.307176 -0.0702278 0.949058 0.761694 1.3517 -0.334803</i>
                        <i>0.19482 0.980624 0.0205297 -0.932123 0.178589 0.315042 0.305272 -0.0805128 0.948856 0.762125 1.35701 -0.333661</i>
                        <i>0.19721 0.979962 0.0279681 -0.932104 0.178586 0.315103 0.303794 -0.0882106 0.948645 0.762344 1.36194 -0.333077</i>
                        <i>0.19829 0.979641 0.0313662 -0.932108 0.17858 0.315093 0.303077 -0.0917165 0.948542 0.762311 1.36597 -0.333168</i>
                        <i>0.19797 0.979736 0.0304174 -0.932139 0.178572 0.315007 0.303192 -0.0907152 0.948602 0.762002 1.36857 -0.333988</i>
                        <i>0.196666 0.980114 0.0264348 -0.932192 0.178558 0.314857 0.303876 -0.0865639 0.948771 0.761458 1.36927 -0.335426</i>
                        <i>0.194583 0.98068 0.0200848 -0.932265 0.178532 0.314656 0.304992 -0.0799512 0.948993 0.760728 1.36812 -0.337344</i>
                        <i>0.19193 0.981335 0.012037 -0.932352 0.178493 0.31442 0.306403 -0.0715695 0.949207 0.759861 1.36568 -0.339604</i>
                        <i>0.188917 0.981989 0.00295712 -0.932449 0.17844 0.314164 0.307978 -0.0621082 0.949364 0.758905 1.36221 -0.342069</i>
                        <i>0.185756 0.982574 -0.00650299 -0.932549 0.178377 0.313901 0.309591 -0.0522447 0.949434 0.757912 1.358 -0.344605</i>
                        <i>0.182663 0.98305 -0.0157127 -0.932648 0.17831 0.313645 0.31113 -0.0426367 0.94941 0.756933 1.35333 -0.347081</i>
                        <i>0.179849 0.9834 -0.0240655 -0.932738 0.178253 0.313409 0.312496 -0.0339194 0.949313 0.756019 1.3485 -0.349369</i>
                        <i>0.177576 0.983624 -0.0308262 -0.932811 0.178218 0.313214 0.313578 -0.0268642 0.949182 0.755258 1.34385 -0.351256</i>
                        <i>0.175918 0.983754 -0.0358031 -0.93286 0.178211 0.31307 0.314365 -0.0216753 0.949055 0.754703 1.3397 -0.352625</i>
                        <i>0.174682 0.98383 -0.0395652 -0.932889 0.178223 0.312978 0.314969 -0.0177616 0.948936 0.754351 1.33632 -0.353488</i>
                        <i>0.173854 0.983869 -0.0421466 -0.932897 0.178252 0.312936 0.315401 -0.0150866 0.948839 0.754199 1.33395 -0.353859</i>
                        <i>0.17354 0.983878 -0.0432178 -0.932887 0.178293 0.312945 0.315605 -0.0139912 0.948788 0.754246 1.33286 -0.353744</i>
                        <i>0.17394 0.983853 -0.0421737 -0.932857 0.178341 0.313004 0.315471 -0.0151018 0.948815 0.754488 1.33321 -0.353152</i>
                        <i>0.175116 0.983783 -0.0388082 -0.932811 0.178394 0.313113 0.314958 -0.0186303 0.948923 0.754922 1.33487 -0.352085</i>
                        <i>0.177362 0.983618 -0.0322234 -0.932722 0.17845 0.313345 0.313962 -0.0255201 0.949092 0.755819 1.33779 -0.349866</i>
                        <i>0.180696 0.983286 -0.0223276 -0.932586 0.178502 0.313721 0.312462 -0.0358655 0.949253 0.757245 1.34172 -0.346294</i>
                        <i>0.184585 0.982759 -0.0106663 -0.93243 0.178542 0.31416 0.310648 -0.0480435 0.94931 0.758891 1.34604 -0.342106</i>
                        <i>0.188479 0.982077 0.00112316 -0.932284 0.178563 0.314582 0.308743 -0.060339 0.94923 0.76045 1.35021 -0.338071</i>
                        <i>0.191784 0.981373 0.0112352 -0.932176 0.178564 0.314902 0.307031 -0.0708664 0.949058 0.761623 1.3538 -0.334991</i>
                        <i>0.193853 0.980872 0.0176504 -0.932132 0.178552 0.315038 0.30586 -0.0775236 0.948915 0.762117 1.35644 -0.333682</i>
                        <i>0.194384 0.980734 0.0193811 -0.932161 0.178533 0.314963 0.305435 -0.0792902 0.948906 0.76185 1.35786 -0.33439</i>
                        <i>0.19368 0.980912 0.0173312 -0.932239 0.178509 0.314745 0.305643 -0.0771166 0.949018 0.761056 1.35793 -0.336483</i>
                        <i>0.192025 0.981312 0.0123776 -0.93235 0.178478 0.314436 0.306351 -0.0719197 0.949198 0.759919 1.3566 -0.339452</i>
                        <i>0.189702 0.981827 0.00540464 -0.932474 0.178437 0.314089 0.307416 -0.0646228 0.949378 0.758623 1.35414 -0.342793</i>
                        <i>0.18698 0.98236 -0.00275001 -0.932597 0.178387 0.313754 0.30871 -0.0561011 0.9495 0.757357 1.35093 -0.346011</i>
                        <i>0.184106 0.982841 -0.0113367 -0.932699 0.178329 0.313482 0.310125 -0.0471401 0.949526 0.756314 1.34738 -0.348634</i>
                        <i>0.18144 0.983213 -0.0192862 -0.932764 0.178276 0.313321 0.311499 -0.0388593 0.949452 0.755685 1.34393 -0.350199</i>
                        <i>0.17945 0.983444 -0.025228 -0.932774 0.178242 0.313309 0.312618 -0.0326912 0.949316 0.755632 1.34102 -0.350331</i>
                        <i>0.178247 0.983562 -0.0288609 -0.932737 0.178233 0.313424 0.313416 -0.0289474 0.949175 0.756073 1.3388 -0.349234</i>
                        <i>0.177832 0.983597 -0.0302 -0.932666 0.178254 0.313623 0.313862 -0.0276059 0.949067 0.756842 1.33733 -0.34731</i>
                        <i>0.178188 0.98356 -0.029298 -0.932576 0.178301 0.313865 0.313929 -0.0286044 0.949015 0.757771 1.33667 -0.344964</i>
                        <i>0.179273 0.983449 -0.0262631 -0.932481 0.17837 0.314108 0.313593 -0.0318212 0.949024 0.758693 1.33688 -0.342612</i>
                    </KeyFrames>
                </p>
            </i>
            <i>
                <p>
                    <Name><![CDATA[spine1]]></Name>
                    <Exclude>0</Exclude>
                    <Additive>0</Additive>
                    <IKPriority>0</IKPriority>
                    <IKRotLimits>-1e+010 -1e+010 -1e+010 1e+010 1e+010 1e+010</IKRotLimits>
                    <IKRotLimitOrder>0</IKRotLimitOrder>
                    <KeyFrames count="41">
                        <i>0.179503 0.982554 0.0486429 -0.936552 0.155547 0.314125 0.301079 -0.101943 0.948134 0.789417 1.50542 -0.347112</i>
                        <i>0.173672 0.984336 0.0303274 -0.936782 0.155626 0.3134 0.303771 -0.082839 0.949137 0.790549 1.50663 -0.34386</i>
                        <i>0.170616 0.985117 0.0208452 -0.937058 0.155679 0.312548 0.304651 -0.0728588 0.949673 0.791818 1.50958 -0.340188</i>
                        <i>0.169875 0.98529 0.0186079 -0.937346 0.155723 0.31166 0.304178 -0.0703853 0.950012 0.793098 1.51371 -0.336448</i>
                        <i>0.170944 0.985035 0.0220115 -0.937615 0.155769 0.310828 0.302748 -0.0737725 0.950211 0.794266 1.51852 -0.332991</i>
                        <i>0.173292 0.98443 0.0294358 -0.937834 0.155816 0.310143 0.300728 -0.0813514 0.950234 0.795207 1.52351 -0.330165</i>
                        <i>0.176385 0.983539 0.0392384 -0.937974 0.155858 0.309697 0.298484 -0.0914305 0.950025 0.79581 1.52822 -0.328321</i>
                        <i>0.17948 0.982536 0.0490824 -0.938011 0.155882 0.309574 0.296517 -0.101602 0.949608 0.795956 1.53217 -0.327836</i>
                        <i>0.182553 0.981432 0.058876 -0.937944 0.155881 0.309778 0.294848 -0.111773 0.948984 0.795615 1.53491 -0.328814</i>
                        <i>0.186098 0.980018 0.0702246 -0.937802 0.155852 0.310222 0.293079 -0.123588 0.948067 0.794896 1.5359 -0.330923</i>
                        <i>0.189902 0.978332 0.0824788 -0.937605 0.155791 0.310846 0.291261 -0.136363 0.946875 0.793882 1.5352 -0.333915</i>
                        <i>0.193762 0.976438 0.0949956 -0.937375 0.155697 0.311589 0.289457 -0.14942 0.945457 0.792652 1.53334 -0.337543</i>
                        <i>0.197483 0.974433 0.107149 -0.937128 0.155573 0.31239 0.287733 -0.162104 0.943892 0.791289 1.53054 -0.341562</i>
                        <i>0.200887 0.972441 0.118336 -0.936885 0.15543 0.31319 0.286165 -0.173783 0.942289 0.78987 1.52705 -0.345727</i>
                        <i>0.203807 0.970609 0.127985 -0.936662 0.155284 0.313928 0.284828 -0.183859 0.940781 0.788477 1.5231 -0.349801</i>
                        <i>0.206091 0.969099 0.135552 -0.936476 0.155156 0.314546 0.283795 -0.191766 0.939514 0.787186 1.51894 -0.35355</i>
                        <i>0.207461 0.968163 0.140073 -0.936344 0.155072 0.31498 0.283231 -0.196502 0.938705 0.786118 1.51481 -0.356627</i>
                        <i>0.207728 0.967988 0.140886 -0.936271 0.155044 0.315212 0.283278 -0.197386 0.938505 0.78533 1.511 -0.358874</i>
                        <i>0.206628 0.968764 0.137121 -0.93625 0.15507 0.315262 0.284151 -0.193521 0.939046 0.784788 1.50777 -0.3604</i>
                        <i>0.20424 0.970372 0.129088 -0.936279 0.155142 0.315139 0.285775 -0.185226 0.940226 0.784488 1.5054 -0.361219</i>
                        <i>0.201013 0.972415 0.118336 -0.936355 0.155242 0.314863 0.287806 -0.174096 0.941731 0.784452 1.50414 -0.361283</i>
                        <i>0.197599 0.974419 0.107061 -0.936478 0.155356 0.314442 0.289766 -0.162394 0.94322 0.784717 1.50423 -0.360496</i>
                        <i>0.194378 0.976168 0.0965081 -0.936638 0.155472 0.313907 0.291421 -0.15141 0.944536 0.785294 1.50551 -0.358828</i>
                        <i>0.190319 0.978182 0.083297 -0.936826 0.155595 0.313285 0.293489 -0.137659 0.945999 0.786475 1.50782 -0.355444</i>
                        <i>0.185089 0.980473 0.0664464 -0.937028 0.155701 0.312627 0.296176 -0.120126 0.947549 0.788329 1.51088 -0.350138</i>
                        <i>0.179855 0.982431 0.0498092 -0.937224 0.15576 0.31201 0.29877 -0.102799 0.948772 0.79049 1.51427 -0.34393</i>
                        <i>0.175931 0.983688 0.0375129 -0.937388 0.155771 0.31151 0.300585 -0.0899683 0.949502 0.792583 1.51763 -0.337874</i>
                        <i>0.17478 0.98402 0.0340193 -0.937485 0.155755 0.311228 0.300956 -0.0862891 0.949726 0.794224 1.52061 -0.333072</i>
                        <i>0.177319 0.983253 0.0420979 -0.93749 0.155742 0.311217 0.299449 -0.0946512 0.949406 0.795025 1.52293 -0.330675</i>
                        <i>0.183131 0.981222 0.0605568 -0.937409 0.155731 0.311468 0.296189 -0.113806 0.948325 0.794862 1.5244 -0.331089</i>
                        <i>0.190608 0.978016 0.0845758 -0.937266 0.155692 0.311918 0.291893 -0.138724 0.946337 0.794014 1.52484 -0.333526</i>
                        <i>0.198526 0.973858 0.110402 -0.937087 0.155604 0.312499 0.287151 -0.165495 0.943481 0.792709 1.52416 -0.337335</i>
                        <i>0.205753 0.969337 0.134357 -0.936894 0.155462 0.313147 0.282657 -0.190309 0.940153 0.791164 1.52256 -0.341866</i>
                        <i>0.211281 0.965385 0.152943 -0.936705 0.155291 0.313797 0.279184 -0.209562 0.937091 0.78959 1.52028 -0.346491</i>
                        <i>0.214212 0.963112 0.162877 -0.936534 0.155133 0.314386 0.277521 -0.219885 0.935218 0.788188 1.51755 -0.350606</i>
                        <i>0.213916 0.963355 0.161822 -0.936397 0.155045 0.314834 0.278208 -0.218878 0.93525 0.787177 1.51461 -0.353558</i>
                        <i>0.210312 0.966134 0.149511 -0.93631 0.155059 0.315089 0.281236 -0.206255 0.937211 0.786776 1.51172 -0.354722</i>
                        <i>0.204063 0.970493 0.128458 -0.936275 0.155155 0.315144 0.285914 -0.184582 0.94031 0.78694 1.50914 -0.354242</i>
                        <i>0.196127 0.97524 0.102179 -0.936301 0.155292 0.315 0.291333 -0.157451 0.943575 0.787532 1.5071 -0.352528</i>
                        <i>0.187547 0.979441 0.0743063 -0.936392 0.155432 0.31466 0.296641 -0.128593 0.946292 0.78841 1.50579 -0.350005</i>
                        <i>0.179503 0.982554 0.0486429 -0.936552 0.155547 0.314125 0.301079 -0.101943 0.948134 0.789417 1.50542 -0.347112</i>
                    </KeyFrames>
                </p>
            </i>
            <i>
                <p>
                    <Name><![CDATA[spine2]]></Name>
                    <Exclude>0</Exclude>
                    <Additive>0</Additive>
                    <IKPriority>0</IKPriority>
                    <IKRotLimits>-1e+010 -1e+010 -1e+010 1e+010 1e+010 1e+010</IKRotLimits>
                    <IKRotLimitOrder>0</IKRotLimitOrder>
                    <KeyFrames count="41">
                        <i>0.179022 0.960945 0.211034 -0.943516 0.106904 0.313605 0.278797 -0.255256 0.925806 0.817751 1.66052 -0.339436</i>
                        <i>0.170528 0.968171 0.183209 -0.943533 0.10685 0.313575 0.284018 -0.226337 0.931722 0.817891 1.66162 -0.339094</i>
                        <i>0.164524 0.972619 0.164144 -0.943747 0.106828 0.312936 0.286833 -0.206396 0.935483 0.81862 1.66437 -0.336927</i>
                        <i>0.160877 0.975044 0.152998 -0.944093 0.106831 0.311891 0.287763 -0.19462 0.937718 0.819735 1.66827 -0.333548</i>
                        <i>0.15937 0.975933 0.148846 -0.944502 0.10686 0.310639 0.287258 -0.190092 0.938801 0.82103 1.67282 -0.329565</i>
                        <i>0.159731 0.975588 0.150711 -0.944909 0.106914 0.309381 0.285716 -0.191826 0.938919 0.822308 1.67754 -0.325584</i>
                        <i>0.161658 0.974184 0.157582 -0.945248 0.106984 0.308318 0.2835 -0.198796 0.938141 0.823374 1.682 -0.322212</i>
                        <i>0.164574 0.972037 0.167511 -0.945449 0.10705 0.30768 0.281145 -0.209009 0.936629 0.824001 1.68578 -0.320189</i>
                        <i>0.16847 0.969042 0.180486 -0.945508 0.107111 0.307475 0.278624 -0.222452 0.934282 0.824158 1.68843 -0.319629</i>
                        <i>0.173616 0.964796 0.197552 -0.945492 0.107177 0.307504 0.275505 -0.240171 0.930814 0.824033 1.6894 -0.319945</i>
                        <i>0.179531 0.959479 0.217183 -0.94541 0.107242 0.307731 0.27197 -0.260574 0.926355 0.823676 1.68874 -0.320986</i>
                        <i>0.185754 0.95337 0.237869 -0.945277 0.1073 0.30812 0.268228 -0.282087 0.92113 0.823136 1.68698 -0.322603</i>
                        <i>0.191847 0.946866 0.258146 -0.945105 0.107348 0.308632 0.264521 -0.303185 0.915482 0.822461 1.68436 -0.324646</i>
                        <i>0.197405 0.940487 0.276616 -0.944906 0.107383 0.309229 0.261122 -0.322419 0.909869 0.821696 1.68109 -0.326969</i>
                        <i>0.202055 0.934842 0.291965 -0.944692 0.107407 0.309871 0.258321 -0.338428 0.904841 0.820887 1.67741 -0.329429</i>
                        <i>0.205449 0.930595 0.302958 -0.944478 0.107423 0.310519 0.256422 -0.349933 0.900997 0.820077 1.67354 -0.33189</i>
                        <i>0.20717 0.928508 0.308145 -0.944275 0.107432 0.311131 0.255783 -0.35543 0.899024 0.819323 1.66969 -0.334175</i>
                        <i>0.207077 0.928892 0.30705 -0.944089 0.107432 0.311696 0.256545 -0.354428 0.899203 0.818639 1.66613 -0.336246</i>
                        <i>0.205048 0.931878 0.299263 -0.943905 0.107416 0.312258 0.258841 -0.346504 0.90163 0.817949 1.66316 -0.338355</i>
                        <i>0.201212 0.937061 0.285361 -0.943729 0.107388 0.312799 0.262468 -0.332242 0.905939 0.817263 1.66102 -0.340465</i>
                        <i>0.196138 0.94338 0.267516 -0.943585 0.107353 0.313244 0.266789 -0.313863 0.911216 0.81668 1.65996 -0.342274</i>
                        <i>0.1906 0.949682 0.248549 -0.943516 0.107324 0.313462 0.271014 -0.294256 0.916496 0.816348 1.66014 -0.343325</i>
                        <i>0.185179 0.955307 0.230429 -0.943538 0.107302 0.313403 0.274671 -0.275454 0.921239 0.816346 1.6614 -0.343383</i>
                        <i>0.179463 0.960694 0.2118 -0.943643 0.107249 0.313107 0.278085 -0.256054 0.9258 0.816774 1.66351 -0.342163</i>
                        <i>0.173505 0.965776 0.192804 -0.943817 0.107152 0.312613 0.281255 -0.236212 0.930107 0.817655 1.66622 -0.339602</i>
                        <i>0.168388 0.969728 0.176842 -0.944046 0.107039 0.31196 0.283587 -0.219478 0.933492 0.818847 1.66919 -0.33608</i>
                        <i>0.165304 0.971891 0.167635 -0.944314 0.106939 0.311183 0.284509 -0.20974 0.935448 0.820207 1.67213 -0.331997</i>
                        <i>0.165669 0.971473 0.16969 -0.944605 0.106882 0.31032 0.283331 -0.2117 0.935365 0.821587 1.67472 -0.327767</i>
                        <i>0.169934 0.968036 0.184467 -0.94488 0.106896 0.309477 0.279866 -0.22689 0.932843 0.822746 1.67671 -0.324117</i>
                        <i>0.17722 0.961675 0.209222 -0.945095 0.106985 0.308787 0.274569 -0.252458 0.927834 0.8235 1.67791 -0.32164</i>
                        <i>0.185982 0.953028 0.239057 -0.945236 0.107125 0.308308 0.268217 -0.283305 0.920759 0.82388 1.67813 -0.320289</i>
                        <i>0.194997 0.942919 0.269962 -0.945298 0.10729 0.30806 0.261511 -0.315266 0.912261 0.823922 1.6773 -0.319982</i>
                        <i>0.20317 0.932655 0.298121 -0.945279 0.107449 0.308061 0.255282 -0.344397 0.90345 0.823662 1.67566 -0.320639</i>
                        <i>0.209558 0.923929 0.320064 -0.94518 0.107569 0.308325 0.250442 -0.36713 0.895821 0.823126 1.67348 -0.322197</i>
                        <i>0.213343 0.918591 0.332678 -0.944998 0.107618 0.308863 0.247917 -0.380274 0.891027 0.822337 1.67103 -0.324614</i>
                        <i>0.213888 0.918123 0.333619 -0.944749 0.107578 0.309638 0.248396 -0.381414 0.890406 0.821368 1.66851 -0.327663</i>
                        <i>0.211156 0.922556 0.32296 -0.944466 0.107459 0.310542 0.251788 -0.370598 0.894014 0.820389 1.66606 -0.330795</i>
                        <i>0.205631 0.930627 0.302737 -0.944174 0.107297 0.311484 0.257392 -0.349887 0.900738 0.819484 1.66386 -0.33373</i>
                        <i>0.197941 0.940705 0.275487 -0.9439 0.107135 0.312371 0.264334 -0.321863 0.909138 0.818705 1.66206 -0.336271</i>
                        <i>0.188789 0.951244 0.243914 -0.94367 0.107 0.31311 0.271745 -0.289286 0.917861 0.818109 1.66088 -0.33823</i>
                        <i>0.179022 0.960945 0.211034 -0.943516 0.106904 0.313605 0.278797 -0.255256 0.925806 0.817751 1.66052 -0.339436</i>
                    </KeyFrames>
                </p>
            </i>
            <i>
                <p>
                    <Name><![CDATA[head]]></Name>
                    <Exclude>0</Exclude>
                    <Additive>0</Additive>
                    <IKPriority>0</IKPriority>
                    <IKRotLimits>-1e+010 -1e+010 -1e+010 1e+010 1e+010 1e+010</IKRotLimits>
                    <IKRotLimitOrder>0</IKRotLimitOrder>
                    <KeyFrames count="41">
                        <i>0.00920593 0.998484 0.0542646 -0.163211 0.0550395 -0.985055 -0.986548 0.000211769 0.16347 0.858892 1.91048 -0.291916</i>
                        <i>0.00432616 0.998764 0.0495225 -0.166351 0.0495517 -0.984821 -0.986057 -0.00397765 0.16636 0.856858 1.91283 -0.298511</i>
                        <i>0.00098417 0.99889 0.0470974 -0.168026 0.046593 -0.984681 -0.985782 -0.00694451 0.167885 0.856011 1.91629 -0.301234</i>
                        <i>-0.00102045 0.998923 0.0463918 -0.168484 0.0455569 -0.984651 -0.985704 -0.00882108 0.168256 0.85612 1.9205 -0.300876</i>
                        <i>-0.00188614 0.998902 0.0468143 -0.16798 0.0458327 -0.984724 -0.985789 -0.00972122 0.167709 0.856934 1.9251 -0.29824</i>
                        <i>-0.00180873 0.998856 0.047778 -0.166775 0.0468076 -0.984883 -0.985993 -0.00974956 0.1665 0.858199 1.92966 -0.294127</i>
                        <i>-0.000980297 0.998813 0.0486987 -0.16514 0.0478684 -0.985108 -0.98627 -0.00900779 0.164897 0.859663 1.93378 -0.289344</i>
                        <i>-0.000123749 0.998915 0.0465771 -0.163501 0.0459301 -0.985473 -0.986543 -0.00773734 0.163318 0.860967 1.93714 -0.285058</i>
                        <i>0.000768764 0.999145 0.0413381 -0.161886 0.0409172 -0.985961 -0.986809 -0.00593411 0.161779 0.862081 1.93927 -0.281382</i>
                        <i>0.00231198 0.999354 0.0358714 -0.160039 0.0357789 -0.986462 -0.987108 -0.00346011 0.160018 0.863251 1.93954 -0.277508</i>
                        <i>0.00440834 0.999512 0.0309189 -0.158135 0.0312269 -0.986924 -0.987408 -0.000538656 0.158195 0.864405 1.93802 -0.273671</i>
                        <i>0.00694256 0.999605 0.0272239 -0.156327 0.0279748 -0.987309 -0.987681 0.00259864 0.156459 0.865473 1.93528 -0.270106</i>
                        <i>0.00978104 0.999626 0.0255311 -0.15474 0.0267378 -0.987593 -0.987907 0.00570901 0.154943 0.866386 1.93164 -0.267044</i>
                        <i>0.0127754 0.999565 0.0265858 -0.153466 0.0282331 -0.987751 -0.988071 0.00853891 0.15376 0.867079 1.92742 -0.264713</i>
                        <i>0.0157697 0.999391 0.0311331 -0.152578 0.0331776 -0.987734 -0.988166 0.0108261 0.153008 0.867487 1.92295 -0.263337</i>
                        <i>0.0186097 0.99903 0.0399163 -0.152134 0.0422877 -0.987455 -0.988185 0.0123036 0.152773 0.867548 1.91859 -0.263135</i>
                        <i>0.0214888 0.998209 0.0558381 -0.15216 0.0584658 -0.986625 -0.988122 0.0127051 0.153144 0.867195 1.91469 -0.26433</i>
                        <i>0.0243247 0.996619 0.0784737 -0.152666 0.0812794 -0.98493 -0.987978 0.0119779 0.154127 0.866408 1.91153 -0.266992</i>
                        <i>0.0264452 0.994314 0.103154 -0.153866 0.106009 -0.982389 -0.987738 0.0101077 0.155794 0.865083 1.90942 -0.271446</i>
                        <i>0.0274594 0.991641 0.126073 -0.155847 0.128826 -0.979344 -0.987399 0.007244 0.158082 0.863272 1.90853 -0.277489</i>
                        <i>0.0274715 0.989028 0.14515 -0.158375 0.147677 -0.976273 -0.986997 0.00383152 0.160695 0.861237 1.90883 -0.284223</i>
                        <i>0.0266625 0.986944 0.15884 -0.161009 0.161062 -0.973722 -0.986593 0.00038721 0.163201 0.859341 1.91026 -0.290435</i>
                        <i>0.0249136 0.985998 0.164888 -0.16343 0.166738 -0.972363 -0.98624 -0.00272256 0.165295 0.857832 1.91252 -0.295344</i>
                        <i>0.0218018 0.98685 0.160161 -0.1655 0.161551 -0.972888 -0.985969 -0.00529592 0.166846 0.856799 1.91532 -0.298684</i>
                        <i>0.0177224 0.989086 0.146271 -0.166926 0.147168 -0.974924 -0.98581 -0.00713852 0.167712 0.856331 1.91837 -0.300193</i>
                        <i>0.0138646 0.991534 0.129104 -0.16737 0.129596 -0.977339 -0.985797 -0.00805779 0.16775 0.856512 1.92138 -0.299603</i>
                        <i>0.01102 0.993656 0.111917 -0.166644 0.112184 -0.979615 -0.985956 -0.00785496 0.166823 0.857423 1.92405 -0.296654</i>
                        <i>0.0102702 0.995051 0.0988282 -0.164517 0.099168 -0.981376 -0.986321 -0.00617996 0.164721 0.859188 1.926 -0.290907</i>
                        <i>0.011675 0.995803 0.0907748 -0.161332 0.0914675 -0.982652 -0.986831 -0.00317242 0.161723 0.861582 1.92696 -0.283042</i>
                        <i>0.0144999 0.996162 0.0863236 -0.157751 0.0875305 -0.983592 -0.987373 0.000644324 0.158414 0.864171 1.92683 -0.274442</i>
                        <i>0.0182135 0.996232 0.0847947 -0.154192 0.0865929 -0.984239 -0.987873 0.00485181 0.155188 0.866675 1.92548 -0.266026</i>
                        <i>0.0223579 0.99606 0.0858208 -0.150952 0.0882214 -0.984597 -0.988288 0.00905872 0.15233 0.868885 1.92297 -0.258517</i>
                        <i>0.0264564 0.995678 0.0890306 -0.148294 0.0919855 -0.984656 -0.988589 0.0128478 0.150087 0.870604 1.91975 -0.252624</i>
                        <i>0.0298803 0.995211 0.0930677 -0.146494 0.0964641 -0.984497 -0.98876 0.0157833 0.148675 0.871643 1.91634 -0.249042</i>
                        <i>0.0318028 0.994954 0.0951567 -0.145883 0.098806 -0.984355 -0.98879 0.0174235 0.148289 0.871814 1.91327 -0.248461</i>
                        <i>0.0315705 0.995149 0.0931707 -0.146704 0.0968213 -0.984431 -0.988676 0.0174104 0.149049 0.871011 1.91095 -0.251253</i>
                        <i>0.0293323 0.995731 0.0875173 -0.148756 0.0909284 -0.984685 -0.988439 0.0158644 0.150788 0.869393 1.90943 -0.256827</i>
                        <i>0.0255227 0.996508 0.0794973 -0.151721 0.0824633 -0.984977 -0.988094 0.0130779 0.153296 0.867163 1.90865 -0.264435</i>
                        <i>0.0205882 0.997305 0.0704135 -0.155301 0.0727636 -0.985184 -0.987653 0.00934794 0.15638 0.864523 1.90856 -0.273326</i>
                        <i>0.0149904 0.99799 0.0615689 -0.159215 0.0631726 -0.985221 -0.98713 0.00496613 0.159842 0.86169 1.90915 -0.282743</i>
                        <i>0.00920593 0.998484 0.0542646 -0.163211 0.0550395 -0.985055 -0.986548 0.000211769 0.16347 0.858892 1.91048 -0.291916</i>
                    </KeyFrames>
                </p>
            </i>
            <i>
                <p>
                    <Name><![CDATA[head_prop]]></Name>
                    <Exclude>0</Exclude>
                    <Additive>0</Additive>
                    <IKPriority>0</IKPriority>
                    <IKRotLimits>-1e+010 -1e+010 -1e+010 1e+010 1e+010 1e+010</IKRotLimits>
                    <IKRotLimitOrder>0</IKRotLimitOrder>
                    <KeyFrames count="41">
                        <i>0.986548 -0.000211769 -0.16347 0.00920593 0.998484 0.0542646 0.163211 -0.0550395 0.985055 0.861893 2.23589 -0.274231</i>
                        <i>0.986057 0.00397765 -0.16636 0.00432616 0.998764 0.0495225 0.166351 -0.0495517 0.984821 0.858268 2.23834 -0.282371</i>
                        <i>0.985782 0.00694451 -0.167885 0.00098417 0.99889 0.0470974 0.168026 -0.046593 0.984681 0.856332 2.24183 -0.285884</i>
                        <i>0.985704 0.00882108 -0.168256 -0.00102045 0.998923 0.0463918 0.168484 -0.0455569 0.984651 0.855787 2.24606 -0.285757</i>
                        <i>0.985789 0.00972122 -0.167709 -0.00188614 0.998902 0.0468143 0.16798 -0.0458327 0.984724 0.856319 2.25065 -0.282982</i>
                        <i>0.985993 0.00974956 -0.1665 -0.00180873 0.998856 0.047778 0.166775 -0.0468076 0.984883 0.85761 2.25519 -0.278556</i>
                        <i>0.98627 0.00900779 -0.164897 -0.000980297 0.998813 0.0486987 0.16514 -0.0478684 0.985108 0.859344 2.2593 -0.273472</i>
                        <i>0.986543 0.00773734 -0.163318 -0.000123749 0.998915 0.0465771 0.163501 -0.0459301 0.985473 0.860927 2.2627 -0.269878</i>
                        <i>0.986809 0.00593411 -0.161779 0.000768764 0.999145 0.0413381 0.161886 -0.0409172 0.985961 0.862331 2.26491 -0.26791</i>
                        <i>0.987108 0.00346011 -0.160018 0.00231198 0.999354 0.0358714 0.160039 -0.0357789 0.986462 0.864005 2.26524 -0.265817</i>
                        <i>0.987408 0.000538656 -0.158195 0.00440834 0.999512 0.0309189 0.158135 -0.0312269 0.986924 0.865842 2.26377 -0.263595</i>
                        <i>0.987681 -0.00259864 -0.156459 0.00694256 0.999605 0.0272239 0.156327 -0.0279748 0.987309 0.867735 2.26106 -0.261234</i>
                        <i>0.987907 -0.00570901 -0.154943 0.00978104 0.999626 0.0255311 0.15474 -0.0267378 0.987593 0.869574 2.25743 -0.258724</i>
                        <i>0.988071 -0.00853891 -0.15376 0.0127754 0.999565 0.0265858 0.153466 -0.0282331 0.987751 0.871242 2.25318 -0.256049</i>
                        <i>0.988166 -0.0108261 -0.153008 0.0157697 0.999391 0.0311331 0.152578 -0.0331776 0.987734 0.872627 2.24866 -0.25319</i>
                        <i>0.988185 -0.0123036 -0.152773 0.0186097 0.99903 0.0399163 0.152134 -0.0422877 0.987455 0.873613 2.24418 -0.250126</i>
                        <i>0.988122 -0.0127051 -0.153144 0.0214888 0.998209 0.0558381 0.15216 -0.0584658 0.986625 0.874199 2.24001 -0.246132</i>
                        <i>0.987978 -0.0119779 -0.154127 0.0243247 0.996619 0.0784737 0.152666 -0.0812794 0.98493 0.874335 2.23634 -0.241417</i>
                        <i>0.987738 -0.0101077 -0.155794 0.0264452 0.994314 0.103154 0.153866 -0.106009 0.982389 0.873702 2.23348 -0.237828</i>
                        <i>0.987399 -0.007244 -0.158082 0.0274594 0.991641 0.126073 0.155847 -0.128826 0.979344 0.872221 2.23171 -0.236401</i>
                        <i>0.986997 -0.00383152 -0.160695 0.0274715 0.989028 0.14515 0.158375 -0.147677 0.976273 0.87019 2.23116 -0.236917</i>
                        <i>0.986593 -0.00038721 -0.163201 0.0266625 0.986944 0.15884 0.161009 -0.161062 0.973722 0.868031 2.23191 -0.238668</i>
                        <i>0.98624 0.00272256 -0.165295 0.0249136 0.985998 0.164888 0.16343 -0.166738 0.972363 0.865952 2.23386 -0.241605</i>
                        <i>0.985969 0.00529592 -0.166846 0.0218018 0.98685 0.160161 0.1655 -0.161551 0.972888 0.863905 2.23694 -0.246487</i>
                        <i>0.98581 0.00713852 -0.167712 0.0177224 0.989086 0.146271 0.166926 -0.147168 0.974924 0.862107 2.24072 -0.252521</i>
                        <i>0.985797 0.00805779 -0.16775 0.0138646 0.991534 0.129104 0.16737 -0.129596 0.977339 0.861031 2.24453 -0.257527</i>
                        <i>0.985956 0.00785496 -0.166823 0.01102 0.993656 0.111917 0.166644 -0.112184 0.979615 0.861014 2.24789 -0.26018</i>
                        <i>0.986321 0.00617996 -0.164721 0.0102702 0.995051 0.0988282 0.164517 -0.099168 0.981376 0.862535 2.25029 -0.258698</i>
                        <i>0.986831 0.00317242 -0.161723 0.011675 0.995803 0.0907748 0.161332 -0.0914675 0.982652 0.865387 2.2515 -0.253458</i>
                        <i>0.987373 -0.000644324 -0.158414 0.0144999 0.996162 0.0863236 0.157751 -0.0875305 0.983592 0.868897 2.25149 -0.246308</i>
                        <i>0.987873 -0.00485181 -0.155188 0.0182135 0.996232 0.0847947 0.154192 -0.0865929 0.984239 0.872611 2.25016 -0.238391</i>
                        <i>0.988288 -0.00905872 -0.15233 0.0223579 0.99606 0.0858208 0.150952 -0.0882214 0.984597 0.876172 2.2476 -0.230548</i>
                        <i>0.988589 -0.0128478 -0.150087 0.0264564 0.995678 0.0890306 0.148294 -0.0919855 0.984656 0.879227 2.24425 -0.223608</i>
                        <i>0.98876 -0.0157833 -0.148675 0.0298803 0.995211 0.0930677 0.146494 -0.0964641 0.984497 0.881382 2.24069 -0.218711</i>
                        <i>0.98879 -0.0174235 -0.148289 0.0318028 0.994954 0.0951567 0.145883 -0.098806 0.984355 0.882179 2.23754 -0.217449</i>
                        <i>0.988676 -0.0174104 -0.149049 0.0315705 0.995149 0.0931707 0.146704 -0.0968213 0.984431 0.8813 2.23528 -0.220888</i>
                        <i>0.988439 -0.0158644 -0.150788 0.0293323 0.995731 0.0875173 0.148756 -0.0909284 0.984685 0.878953 2.23395 -0.228304</i>
                        <i>0.988094 -0.0130779 -0.153296 0.0255227 0.996508 0.0794973 0.151721 -0.0824633 0.984977 0.875481 2.23342 -0.238526</i>
                        <i>0.987653 -0.00934794 -0.15638 0.0205882 0.997305 0.0704135 0.155301 -0.0727636 0.985184 0.871233 2.23359 -0.250378</i>
                        <i>0.98713 -0.00496613 -0.159842 0.0149904 0.99799 0.0615689 0.159215 -0.0631726 0.985221 0.866575 2.23441 -0.262677</i>
                        <i>0.986548 -0.000211769 -0.16347 0.00920593 0.998484 0.0542646 0.163211 -0.0550395 0.985055 0.861893 2.23589 -0.274231</i>
                    </KeyFrames>
                </p>
            </i>
            <i>
                <p>
                    <Name><![CDATA[l_clav]]></Name>
                    <Exclude>0</Exclude>
                    <Additive>0</Additive>
                    <IKPriority>0</IKPriority>
                    <IKRotLimits>-1e+010 -1e+010 -1e+010 1e+010 1e+010 1e+010</IKRotLimits>
                    <IKRotLimitOrder>0</IKRotLimitOrder>
                    <KeyFrames count="41">
                        <i>0.859544 0.349982 -0.37242 -0.303222 0.935838 0.179621 0.411388 -0.0414664 0.910516 0.920625 1.70316 -0.323924</i>
                        <i>0.863711 0.321556 -0.388077 -0.285701 0.946729 0.148587 0.415184 -0.0174622 0.90957 0.920279 1.7053 -0.325365</i>
                        <i>0.868337 0.29514 -0.398601 -0.267963 0.955454 0.123708 0.417356 -0.000609731 0.908743 0.92068 1.70868 -0.324291</i>
                        <i>0.872966 0.271979 -0.404917 -0.250981 0.962254 0.105243 0.418257 0.00975261 0.908276 0.921612 1.71289 -0.321406</i>
                        <i>0.877216 0.253222 -0.407885 -0.235819 0.967303 0.0933557 0.418188 0.0142939 0.908248 0.922851 1.71749 -0.317419</i>
                        <i>0.880774 0.239953 -0.408239 -0.22361 0.970688 0.0881078 0.417415 0.0136833 0.908613 0.924176 1.72204 -0.313045</i>
                        <i>0.883373 0.233203 -0.406532 -0.21553 0.97239 0.0894671 0.416172 0.00858704 0.909245 0.925373 1.72615 -0.309001</i>
                        <i>0.884628 0.233868 -0.40341 -0.213034 0.972268 0.0964939 0.41479 0.000578948 0.909917 0.926178 1.7295 -0.306195</i>
                        <i>0.88451 0.242277 -0.398678 -0.216501 0.970152 0.109232 0.413243 -0.0103019 0.910562 0.926563 1.73164 -0.304744</i>
                        <i>0.883432 0.257123 -0.391708 -0.224537 0.966058 0.12773 0.411255 -0.0248881 0.91118 0.926735 1.73197 -0.303953</i>
                        <i>0.881458 0.276682 -0.382725 -0.236239 0.960053 0.149963 0.408929 -0.0417716 0.91161 0.926721 1.73059 -0.303753</i>
