<?xml version="1.0" encoding="ISO-8859-1" ?>
<Animl Version="1">
    <ModellingPackage>
        <![CDATA[Maya.2008]]>
</ModellingPackage>
    <SrcFile>
        <![CDATA[units\mortars\british\anims\~src\lvl1\britmor_lvl1_fire.mb]]>
</SrcFile>
    <FramesPerSecond>30</FramesPerSecond>
    <TotalFrames>21</TotalFrames>
    <Skeleton>
        <RefFrame>
            <Name>
                <![CDATA[britmor1_ref_frame]]>
</Name>
            <Exclude>1</Exclude>
            <Additive>0</Additive>
            <KeyFrames count="21">
                <i>1 0 0 0 1 0 0 0 1 0 0 0</i>
                <i>1 0 0 0 1 0 0 0 1 0 0 0</i>
                <i>1 0 0 0 1 0 0 0 1 0 0 0</i>
                <i>1 0 0 0 1 0 0 0 1 0 0 0</i>
                <i>1 0 0 0 1 0 0 0 1 0 0 0</i>
                <i>1 0 0 0 1 0 0 0 1 0 0 0</i>
                <i>1 0 0 0 1 0 0 0 1 0 0 0</i>
                <i>1 0 0 0 1 0 0 0 1 0 0 0</i>
                <i>1 0 0 0 1 0 0 0 1 0 0 0</i>
                <i>1 0 0 0 1 0 0 0 1 0 0 0</i>
                <i>1 0 0 0 1 0 0 0 1 0 0 0</i>
                <i>1 0 0 0 1 0 0 0 1 0 0 0</i>
                <i>1 0 0 0 1 0 0 0 1 0 0 0</i>
                <i>1 0 0 0 1 0 0 0 1 0 0 0</i>
                <i>1 0 0 0 1 0 0 0 1 0 0 0</i>
                <i>1 0 0 0 1 0 0 0 1 0 0 0</i>
                <i>1 0 0 0 1 0 0 0 1 0 0 0</i>
                <i>1 0 0 0 1 0 0 0 1 0 0 0</i>
                <i>1 0 0 0 1 0 0 0 1 0 0 0</i>
                <i>1 0 0 0 1 0 0 0 1 0 0 0</i>
                <i>1 0 0 0 1 0 0 0 1 0 0 0</i>
            </KeyFrames>
        </RefFrame>
        <Bones count="5">
            <i>
                <p>
                    <Name>
                        <![CDATA[root]]>
</Name>
                    <Exclude>0</Exclude>
                    <Additive>0</Additive>
                    <KeyFrames count="21">
                        <i>1 0 0 0 1 0 0 0 1 0 0 0</i>
                        <i>1 0 0 0 1 0 0 0 1 0 0 0</i>
                        <i>1 0 0 0 1 0 0 0 1 0 0 0</i>
                        <i>1 0 0 0 1 0 0 0 1 0 0 -0.0188059</i>
                        <i>0.999982 0.00605161 0 -0.00605161 0.999982 0 0 0 1 0 0 -0.0376118</i>
                        <i>0.999982 -0.00605161 0 0.00605161 0.999982 0 0 0 1 0 0 -0.0300894</i>
                        <i>1 -0.000723567 0 0.000723567 1 0 0 0 1 0 0 -0.0225671</i>
                        <i>0.999989 0.0046045 0 -0.0046045 0.999989 0 0 0 1 0 0 -0.0150447</i>
                        <i>0.999996 -0.0027627 0 0.0027627 0.999996 0 0 0 1 0 0 -0.00752236</i>
                        <i>1 0 0 0 1 0 0 0 1 0 0 0</i>
                        <i>1 0 0 0 1 0 0 0 1 0 0 0</i>
                        <i>1 0 0 0 1 0 0 0 1 0 0 0</i>
                        <i>1 0 0 0 1 0 0 0 1 0 0 0</i>
                        <i>1 0 0 0 1 0 0 0 1 0 0 0</i>
                        <i>1 0 0 0 1 0 0 0 1 0 0 0</i>
                        <i>1 0 0 0 1 0 0 0 1 0 0 0</i>
                        <i>1 0 0 0 1 0 0 0 1 0 0 0</i>
                        <i>1 0 0 0 1 0 0 0 1 0 0 0</i>
                        <i>1 0 0 0 1 0 0 0 1 0 0 0</i>
                        <i>1 0 0 0 1 0 0 0 1 0 0 0</i>
                        <i>1 0 0 0 1 0 0 0 1 0 0 0</i>
                    </KeyFrames>
                </p>
            </i>
            <i>
                <p>
                    <Name>
                        <![CDATA[angle_pivot]]>
</Name>
                    <Exclude>0</Exclude>
                    <Additive>1</Additive>
                    <KeyFrames count="21">
                        <i>-0.99983 -0.0184173 -3.67761e-016 -0.00847569 0.460124 -0.887814 0.0163511 -0.887663 -0.460202 -1.41934e-016 0.0444843 0.0101455</i>
                        <i>-0.99969 -0.0248928 -3.64292e-016 -0.0116107 0.466285 -0.884558 0.0220191 -0.884284 -0.466429 -1.41934e-016 -0.010977 -0.0341359</i>
                        <i>-0.999681 -0.0252504 -3.66027e-016 -0.0117239 0.464157 -0.885675 0.0223636 -0.885393 -0.464306 -1.41934e-016 -0.0664382 -0.0784174</i>
                        <i>-0.999286 -0.037769 -3.67761e-016 -0.0178864 0.473237 -0.880753 0.0332651 -0.880125 -0.473575 -1.41934e-016 -0.0479511 -0.0824628</i>
                        <i>-0.999709 -0.0241244 -3.67761e-016 -0.0110873 0.459454 -0.888133 0.0214256 -0.887874 -0.459588 0.000178305 -0.0294635 -0.0865082</i>
                        <i>-0.999805 -0.0197489 -3.69496e-016 -0.00912254 0.461835 -0.886919 0.0175157 -0.886746 -0.461926 -6.64282e-005 -0.0109768 -0.0642253</i>
                        <i>-0.999833 -0.0182612 -3.67761e-016 -0.00844265 0.462249 -0.88671 0.0161924 -0.886562 -0.462326 5.43409e-006 0.00751013 -0.0419425</i>
                        <i>-0.99971 -0.0240725 -3.69496e-016 -0.011006 0.457072 -0.889362 0.0214091 -0.889104 -0.457204 -0.000119704 0.025997 -0.0196597</i>
                        <i>-0.999884 -0.0152033 -3.67761e-016 -0.00701141 0.461123 -0.887308 0.01349 -0.887206 -0.461177 0.000122897 0.0444841 0.00262319</i>
                        <i>-0.999637 -0.0269293 -3.67761e-016 -0.0123928 0.460029 -0.887817 0.0239083 -0.887495 -0.460196 -1.41934e-016 0.0444843 0.0101455</i>
                        <i>-0.999815 -0.019247 -3.67761e-016 -0.00884728 0.459587 -0.888089 0.017093 -0.887924 -0.459672 -1.41934e-016 0.0444843 0.0101455</i>
                        <i>-0.999791 -0.0204668 -3.67761e-016 -0.00942219 0.460269 -0.88773 0.018169 -0.887544 -0.460365 -1.41934e-016 0.0444843 0.0101455</i>
                        <i>-0.999817 -0.0191385 -3.67761e-016 -0.0088083 0.460156 -0.887795 0.0169911 -0.887632 -0.46024 -1.41934e-016 0.0444843 0.0101455</i>
                        <i>-0.999836 -0.0180873 -3.66027e-016 -0.00832402 0.460139 -0.887808 0.016058 -0.887663 -0.460214 -1.41934e-016 0.0444843 0.0101455</i>
                        <i>-0.99983 -0.0184173 -3.67761e-016 -0.00847569 0.460124 -0.887814 0.0163511 -0.887663 -0.460202 -1.41934e-016 0.0444843 0.0101455</i>
                        <i>-0.999839 -0.0179378 -3.67761e-016 -0.00825507 0.460133 -0.887812 0.0159254 -0.887669 -0.460207 -1.41934e-016 0.0444843 0.0101455</i>
                        <i>-0.999838 -0.0180228 -3.67761e-016 -0.00829433 0.460138 -0.887809 0.0160008 -0.887664 -0.460213 -1.41934e-016 0.0444843 0.0101455</i>
                        <i>-0.999829 -0.0185078 -3.67761e-016 -0.00851735 0.460124 -0.887814 0.0164315 -0.887662 -0.460202 -1.41934e-016 0.0444843 0.0101455</i>
                        <i>-0.999825 -0.0186826 -3.66027e-016 -0.00859801 0.460135 -0.887807 0.0165865 -0.887652 -0.460216 -1.41934e-016 0.0444843 0.0101455</i>
                        <i>-0.99983 -0.0184192 -3.66027e-016 -0.00847656 0.460124 -0.887814 0.0163528 -0.887663 -0.460203 -1.41934e-016 0.0444843 0.0101455</i>
                        <i>-0.99983 -0.0184173 -3.67761e-016 -0.00847569 0.460124 -0.887814 0.0163511 -0.887663 -0.460202 -1.41934e-016 0.0444843 0.0101455</i>
                    </KeyFrames>
                </p>
            </i>
            <i>
                <p>
                    <Name>
                        <![CDATA[barrel]]>
</Name>
                    <Exclude>1</Exclude>
                    <Additive>0</Additive>
                    <KeyFrames count="21">
                        <i>0.99983 0.0184173 4.2412e-016 -0.00856633 0.465045 -0.885246 -0.0163038 0.885095 0.465124 -0.0399398 2.21272 1.1296</i>
                        <i>0.99969 0.0248928 4.21413e-016 -0.0117328 0.471187 -0.881955 -0.0219543 0.881682 0.471333 -0.0537854 2.14904 1.10053</i>
                        <i>0.999681 0.0252504 4.22888e-016 -0.0118479 0.469066 -0.883084 -0.0222982 0.882802 0.469215 -0.0546266 2.09627 1.05106</i>
                        <i>0.999286 0.037769 4.25758e-016 -0.0180708 0.478116 -0.878111 -0.0331653 0.877484 0.478457 -0.0812571 2.10194 1.06965</i>
                        <i>0.999709 0.0241244 4.24045e-016 -0.011206 0.464376 -0.885567 -0.0213637 0.88531 0.464511 -0.0521565 2.13928 1.03144</i>
                        <i>0.999805 0.0197489 4.26066e-016 -0.00921963 0.466751 -0.884341 -0.0174648 0.884168 0.466842 -0.042851 2.15503 1.05943</i>
                        <i>0.999833 0.0182612 4.2438e-016 -0.00853241 0.467164 -0.88413 -0.0161453 0.883982 0.467242 -0.0395469 2.17307 1.0827</i>
                        <i>0.99971 0.0240725 4.25487e-016 -0.0111247 0.462 -0.88681 -0.0213477 0.886553 0.462134 -0.052414 2.19773 1.09247</i>
                        <i>0.999884 0.0152033 4.24239e-016 -0.00708619 0.466042 -0.884734 -0.0134509 0.884632 0.466095 -0.0328283 2.21161 1.12445</i>
                        <i>0.999637 0.0269293 4.24119e-016 -0.0125253 0.464949 -0.885249 -0.0238392 0.884928 0.465117 -0.0583993 2.21231 1.12958</i>
                        <i>0.999815 0.019247 4.24055e-016 -0.00894204 0.464509 -0.885523 -0.0170436 0.885359 0.464595 -0.0417519 2.21335 1.1283</i>
                        <i>0.999791 0.0204668 4.2414e-016 -0.00952291 0.465189 -0.88516 -0.0181164 0.884975 0.465286 -0.0443801 2.21243 1.12999</i>
                        <i>0.999817 0.0191385 4.24125e-016 -0.00890249 0.465076 -0.885226 -0.0169419 0.885064 0.465161 -0.0415029 2.21264 1.12969</i>
                        <i>0.999836 0.0180873 4.22387e-016 -0.00841304 0.465059 -0.885239 -0.0160116 0.885095 0.465136 -0.0392239 2.21272 1.12963</i>
                        <i>0.99983 0.0184173 4.2412e-016 -0.00856633 0.465045 -0.885246 -0.0163038 0.885095 0.465124 -0.0399398 2.21272 1.1296</i>
                        <i>0.999839 0.0179378 4.2412e-016 -0.00834335 0.465053 -0.885243 -0.0158793 0.885101 0.465128 -0.0388998 2.21273 1.12961</i>
                        <i>0.999838 0.0180228 4.24121e-016 -0.00838303 0.465059 -0.88524 -0.0159545 0.885096 0.465135 -0.0390841 2.21272 1.12962</i>
                        <i>0.999829 0.0185078 4.2412e-016 -0.00860844 0.465044 -0.885246 -0.016384 0.885094 0.465124 -0.0401362 2.21272 1.1296</i>
                        <i>0.999825 0.0186826 4.22387e-016 -0.00868995 0.465056 -0.885239 -0.0165385 0.885084 0.465137 -0.0405147 2.21269 1.12963</i>
                        <i>0.99983 0.0184192 4.22385e-016 -0.00856721 0.465045 -0.885245 -0.0163055 0.885095 0.465124 -0.0399439 2.21272 1.1296</i>
                        <i>0.99983 0.0184173 4.2412e-016 -0.00856633 0.465045 -0.885246 -0.0163038 0.885095 0.465124 -0.0399398 2.21272 1.1296</i>
                    </KeyFrames>
                </p>
            </i>
            <i>
                <p>
                    <Name>
                        <![CDATA[traverse_screw]]>
</Name>
                    <Exclude>0</Exclude>
                    <Additive>1</Additive>
                    <KeyFrames count="21">
                        <i>1 0 0 0 0.64631 0.763075 0 -0.763075 0.64631 0 1.45295 1.1412</i>
                        <i>1 0 0 0 0.67004 0.742325 0 -0.742325 0.67004 0 1.41015 1.09607</i>
                        <i>1 0 0 0 0.693104 0.720838 0 -0.720838 0.693104 0 1.36595 1.05231</i>
                        <i>1 0 0 0 0.685491 0.728081 0 -0.728081 0.685491 0 1.38083 1.04794</i>
                        <i>0.999982 0.00605161 0 -0.0041018 0.677791 0.735243 0.0044494 -0.73523 0.677803 -0.00844542 1.39554 1.04372</i>
                        <i>0.999982 -0.00605161 0 0.00405482 0.670028 0.742325 -0.00449226 -0.742311 0.67004 0.00853366 1.41012 1.06598</i>
                        <i>1 -0.000723567 0 0.000479148 0.662203 0.749324 -0.000542187 -0.749324 0.662203 0.00103077 1.42457 1.0884</i>
                        <i>0.999989 0.0046045 0 -0.00301269 0.654286 0.756241 0.00348211 -0.756233 0.654293 -0.00662513 1.43882 1.11097</i>
                        <i>0.999996 -0.0027627 0 0.00178556 0.646308 0.763075 -0.00210815 -0.763072 0.64631 0.00401407 1.45294 1.13368</i>
                        <i>1 0 0 0 0.64631 0.763075 0 -0.763075 0.64631 0 1.45295 1.1412</i>
                        <i>1 0 0 0 0.64631 0.763075 0 -0.763075 0.64631 0 1.45295 1.1412</i>
                        <i>1 0 0 0 0.64631 0.763075 0 -0.763075 0.64631 0 1.45295 1.1412</i>
                        <i>1 0 0 0 0.64631 0.763075 0 -0.763075 0.64631 0 1.45295 1.1412</i>
                        <i>1 0 0 0 0.64631 0.763075 0 -0.763075 0.64631 0 1.45295 1.1412</i>
                        <i>1 0 0 0 0.64631 0.763075 0 -0.763075 0.64631 0 1.45295 1.1412</i>
                        <i>1 0 0 0 0.64631 0.763075 0 -0.763075 0.64631 0 1.45295 1.1412</i>
                        <i>1 0 0 0 0.64631 0.763075 0 -0.763075 0.64631 0 1.45295 1.1412</i>
                        <i>1 0 0 0 0.64631 0.763075 0 -0.763075 0.64631 0 1.45295 1.1412</i>
                        <i>1 0 0 0 0.64631 0.763075 0 -0.763075 0.64631 0 1.45295 1.1412</i>
                        <i>1 0 0 0 0.64631 0.763075 0 -0.763075 0.64631 0 1.45295 1.1412</i>
                        <i>1 0 0 0 0.64631 0.763075 0 -0.763075 0.64631 0 1.45295 1.1412</i>
                    </KeyFrames>
                </p>
            </i>
            <i>
                <p>
                    <Name>
                        <![CDATA[stand_pivot]]>
</Name>
                    <Exclude>0</Exclude>
                    <Additive>1</Additive>
                    <KeyFrames count="21">
                        <i>1 0 0 0 1 0 0 0 1 0 0 2.47628</i>
                        <i>1 0 0 0 0.999503 -0.0315182 0 0.0315182 0.999503 0 0 2.47628</i>
                        <i>1 0 0 0 0.998013 -0.0630051 0 0.0630051 0.998013 0 0 2.47628</i>
                        <i>1 0 0 0 0.99862 -0.0525149 0 0.0525149 0.99862 0 0 2.45748</i>
                        <i>0.999982 0.00605161 0 -0.00604626 0.999099 -0.0420189 -0.000254282 0.0420181 0.999117 0 0 2.43867</i>
                        <i>0.999982 -0.00605161 0 0.0060486 0.999485 -0.0315182 0.000190736 0.0315177 0.999503 0 0 2.44619</i>
                        <i>1 -0.000723567 0 0.000723407 0.999779 -0.0210141 1.52051e-005 0.0210141 0.999779 0 0 2.45372</i>
                        <i>0.999989 0.0046045 0 -0.00460424 0.999934 -0.0105076 -4.83823e-005 0.0105075 0.999945 0 0 2.46124</i>
                        <i>0.999996 -0.0027627 0 0.0027627 0.999996 0 0 0 1 0 0 2.46876</i>
                        <i>1 0 0 0 1 0 0 0 1 0 0 2.47628</i>
                        <i>1 0 0 0 1 0 0 0 1 0 0 2.47628</i>
                        <i>1 0 0 0 1 0 0 0 1 0 0 2.47628</i>
                        <i>1 0 0 0 1 0 0 0 1 0 0 2.47628</i>
                        <i>1 0 0 0 1 0 0 0 1 0 0 2.47628</i>
                        <i>1 0 0 0 1 0 0 0 1 0 0 2.47628</i>
                        <i>1 0 0 0 1 0 0 0 1 0 0 2.47628</i>
                        <i>1 0 0 0 1 0 0 0 1 0 0 2.47628</i>
                        <i>1 0 0 0 1 0 0 0 1 0 0 2.47628</i>
                        <i>1 0 0 0 1 0 0 0 1 0 0 2.47628</i>
                        <i>1 0 0 0 1 0 0 0 1 0 0 2.47628</i>
                        <i>1 0 0 0 1 0 0 0 1 0 0 2.47628</i>
                    </KeyFrames>
                </p>
            </i>
        </Bones>
    </Skeleton>
</Animl>
