<?xml version="1.0" encoding="ISO-8859-1" ?>
<Animl Version="1">
    <ModellingPackage><![CDATA[Maya.2010]]></ModellingPackage>
    <SrcFile><![CDATA[anims\bosses\red\~src\sub_typhoon\sub_typhoon_critical.mb]]></SrcFile>
    <FramesPerSecond>30</FramesPerSecond>
    <TotalFrames>181</TotalFrames>
    <Skeleton>
        <RefFrame>
            <Name><![CDATA[sub_typhoon_ref_frame]]></Name>
            <Exclude>1</Exclude>
            <Additive>0</Additive>
            <IKPriority>0</IKPriority>
            <IKRotLimits>-1e+010 -1e+010 -1e+010 1e+010 1e+010 1e+010</IKRotLimits>
            <IKRotLimitOrder>0</IKRotLimitOrder>
            <KeyFrames count="181">
                <i>1 0 0 0 1 0 0 0 1 0 0 0</i>
                <i>1 0 0 0 1 0 0 0 1 0 0 0</i>
                <i>1 0 0 0 1 0 0 0 1 0 0 0</i>
                <i>1 0 0 0 1 0 0 0 1 0 0 0</i>
                <i>1 0 0 0 1 0 0 0 1 0 0 0</i>
                <i>1 0 0 0 1 0 0 0 1 0 0 0</i>
                <i>1 0 0 0 1 0 0 0 1 0 0 0</i>
                <i>1 0 0 0 1 0 0 0 1 0 0 0</i>
                <i>1 0 0 0 1 0 0 0 1 0 0 0</i>
                <i>1 0 0 0 1 0 0 0 1 0 0 0</i>
                <i>1 0 0 0 1 0 0 0 1 0 0 0</i>
                <i>1 0 0 0 1 0 0 0 1 0 0 0</i>
                <i>1 0 0 0 1 0 0 0 1 0 0 0</i>
                <i>1 0 0 0 1 0 0 0 1 0 0 0</i>
                <i>1 0 0 0 1 0 0 0 1 0 0 0</i>
                <i>1 0 0 0 1 0 0 0 1 0 0 0</i>
                <i>1 0 0 0 1 0 0 0 1 0 0 0</i>
                <i>1 0 0 0 1 0 0 0 1 0 0 0</i>
                <i>1 0 0 0 1 0 0 0 1 0 0 0</i>
                <i>1 0 0 0 1 0 0 0 1 0 0 0</i>
                <i>1 0 0 0 1 0 0 0 1 0 0 0</i>
                <i>1 0 0 0 1 0 0 0 1 0 0 0</i>
                <i>1 0 0 0 1 0 0 0 1 0 0 0</i>
                <i>1 0 0 0 1 0 0 0 1 0 0 0</i>
                <i>1 0 0 0 1 0 0 0 1 0 0 0</i>
                <i>1 0 0 0 1 0 0 0 1 0 0 0</i>
                <i>1 0 0 0 1 0 0 0 1 0 0 0</i>
                <i>1 0 0 0 1 0 0 0 1 0 0 0</i>
                <i>1 0 0 0 1 0 0 0 1 0 0 0</i>
                <i>1 0 0 0 1 0 0 0 1 0 0 0</i>
                <i>1 0 0 0 1 0 0 0 1 0 0 0</i>
                <i>1 0 0 0 1 0 0 0 1 0 0 0</i>
                <i>1 0 0 0 1 0 0 0 1 0 0 0</i>
                <i>1 0 0 0 1 0 0 0 1 0 0 0</i>
                <i>1 0 0 0 1 0 0 0 1 0 0 0</i>
                <i>1 0 0 0 1 0 0 0 1 0 0 0</i>
                <i>1 0 0 0 1 0 0 0 1 0 0 0</i>
                <i>1 0 0 0 1 0 0 0 1 0 0 0</i>
                <i>1 0 0 0 1 0 0 0 1 0 0 0</i>
                <i>1 0 0 0 1 0 0 0 1 0 0 0</i>
                <i>1 0 0 0 1 0 0 0 1 0 0 0</i>
                <i>1 0 0 0 1 0 0 0 1 0 0 0</i>
                <i>1 0 0 0 1 0 0 0 1 0 0 0</i>
                <i>1 0 0 0 1 0 0 0 1 0 0 0</i>
                <i>1 0 0 0 1 0 0 0 1 0 0 0</i>
                <i>1 0 0 0 1 0 0 0 1 0 0 0</i>
                <i>1 0 0 0 1 0 0 0 1 0 0 0</i>
                <i>1 0 0 0 1 0 0 0 1 0 0 0</i>
                <i>1 0 0 0 1 0 0 0 1 0 0 0</i>
                <i>1 0 0 0 1 0 0 0 1 0 0 0</i>
                <i>1 0 0 0 1 0 0 0 1 0 0 0</i>
                <i>1 0 0 0 1 0 0 0 1 0 0 0</i>
                <i>1 0 0 0 1 0 0 0 1 0 0 0</i>
                <i>1 0 0 0 1 0 0 0 1 0 0 0</i>
                <i>1 0 0 0 1 0 0 0 1 0 0 0</i>
                <i>1 0 0 0 1 0 0 0 1 0 0 0</i>
                <i>1 0 0 0 1 0 0 0 1 0 0 0</i>
                <i>1 0 0 0 1 0 0 0 1 0 0 0</i>
                <i>1 0 0 0 1 0 0 0 1 0 0 0</i>
                <i>1 0 0 0 1 0 0 0 1 0 0 0</i>
                <i>1 0 0 0 1 0 0 0 1 0 0 0</i>
                <i>1 0 0 0 1 0 0 0 1 0 0 0</i>
                <i>1 0 0 0 1 0 0 0 1 0 0 0</i>
                <i>1 0 0 0 1 0 0 0 1 0 0 0</i>
                <i>1 0 0 0 1 0 0 0 1 0 0 0</i>
                <i>1 0 0 0 1 0 0 0 1 0 0 0</i>
                <i>1 0 0 0 1 0 0 0 1 0 0 0</i>
                <i>1 0 0 0 1 0 0 0 1 0 0 0</i>
                <i>1 0 0 0 1 0 0 0 1 0 0 0</i>
                <i>1 0 0 0 1 0 0 0 1 0 0 0</i>
                <i>1 0 0 0 1 0 0 0 1 0 0 0</i>
                <i>1 0 0 0 1 0 0 0 1 0 0 0</i>
                <i>1 0 0 0 1 0 0 0 1 0 0 0</i>
                <i>1 0 0 0 1 0 0 0 1 0 0 0</i>
                <i>1 0 0 0 1 0 0 0 1 0 0 0</i>
                <i>1 0 0 0 1 0 0 0 1 0 0 0</i>
                <i>1 0 0 0 1 0 0 0 1 0 0 0</i>
                <i>1 0 0 0 1 0 0 0 1 0 0 0</i>
                <i>1 0 0 0 1 0 0 0 1 0 0 0</i>
                <i>1 0 0 0 1 0 0 0 1 0 0 0</i>
                <i>1 0 0 0 1 0 0 0 1 0 0 0</i>
                <i>1 0 0 0 1 0 0 0 1 0 0 0</i>
                <i>1 0 0 0 1 0 0 0 1 0 0 0</i>
                <i>1 0 0 0 1 0 0 0 1 0 0 0</i>
                <i>1 0 0 0 1 0 0 0 1 0 0 0</i>
                <i>1 0 0 0 1 0 0 0 1 0 0 0</i>
                <i>1 0 0 0 1 0 0 0 1 0 0 0</i>
                <i>1 0 0 0 1 0 0 0 1 0 0 0</i>
                <i>1 0 0 0 1 0 0 0 1 0 0 0</i>
                <i>1 0 0 0 1 0 0 0 1 0 0 0</i>
                <i>1 0 0 0 1 0 0 0 1 0 0 0</i>
                <i>1 0 0 0 1 0 0 0 1 0 0 0</i>
                <i>1 0 0 0 1 0 0 0 1 0 0 0</i>
                <i>1 0 0 0 1 0 0 0 1 0 0 0</i>
                <i>1 0 0 0 1 0 0 0 1 0 0 0</i>
                <i>1 0 0 0 1 0 0 0 1 0 0 0</i>
                <i>1 0 0 0 1 0 0 0 1 0 0 0</i>
                <i>1 0 0 0 1 0 0 0 1 0 0 0</i>
                <i>1 0 0 0 1 0 0 0 1 0 0 0</i>
                <i>1 0 0 0 1 0 0 0 1 0 0 0</i>
                <i>1 0 0 0 1 0 0 0 1 0 0 0</i>
                <i>1 0 0 0 1 0 0 0 1 0 0 0</i>
                <i>1 0 0 0 1 0 0 0 1 0 0 0</i>
                <i>1 0 0 0 1 0 0 0 1 0 0 0</i>
                <i>1 0 0 0 1 0 0 0 1 0 0 0</i>
                <i>1 0 0 0 1 0 0 0 1 0 0 0</i>
                <i>1 0 0 0 1 0 0 0 1 0 0 0</i>
                <i>1 0 0 0 1 0 0 0 1 0 0 0</i>
                <i>1 0 0 0 1 0 0 0 1 0 0 0</i>
                <i>1 0 0 0 1 0 0 0 1 0 0 0</i>
                <i>1 0 0 0 1 0 0 0 1 0 0 0</i>
                <i>1 0 0 0 1 0 0 0 1 0 0 0</i>
                <i>1 0 0 0 1 0 0 0 1 0 0 0</i>
                <i>1 0 0 0 1 0 0 0 1 0 0 0</i>
                <i>1 0 0 0 1 0 0 0 1 0 0 0</i>
                <i>1 0 0 0 1 0 0 0 1 0 0 0</i>
                <i>1 0 0 0 1 0 0 0 1 0 0 0</i>
                <i>1 0 0 0 1 0 0 0 1 0 0 0</i>
                <i>1 0 0 0 1 0 0 0 1 0 0 0</i>
                <i>1 0 0 0 1 0 0 0 1 0 0 0</i>
                <i>1 0 0 0 1 0 0 0 1 0 0 0</i>
                <i>1 0 0 0 1 0 0 0 1 0 0 0</i>
                <i>1 0 0 0 1 0 0 0 1 0 0 0</i>
                <i>1 0 0 0 1 0 0 0 1 0 0 0</i>
                <i>1 0 0 0 1 0 0 0 1 0 0 0</i>
                <i>1 0 0 0 1 0 0 0 1 0 0 0</i>
                <i>1 0 0 0 1 0 0 0 1 0 0 0</i>
                <i>1 0 0 0 1 0 0 0 1 0 0 0</i>
                <i>1 0 0 0 1 0 0 0 1 0 0 0</i>
                <i>1 0 0 0 1 0 0 0 1 0 0 0</i>
                <i>1 0 0 0 1 0 0 0 1 0 0 0</i>
                <i>1 0 0 0 1 0 0 0 1 0 0 0</i>
                <i>1 0 0 0 1 0 0 0 1 0 0 0</i>
                <i>1 0 0 0 1 0 0 0 1 0 0 0</i>
                <i>1 0 0 0 1 0 0 0 1 0 0 0</i>
                <i>1 0 0 0 1 0 0 0 1 0 0 0</i>
                <i>1 0 0 0 1 0 0 0 1 0 0 0</i>
                <i>1 0 0 0 1 0 0 0 1 0 0 0</i>
                <i>1 0 0 0 1 0 0 0 1 0 0 0</i>
                <i>1 0 0 0 1 0 0 0 1 0 0 0</i>
                <i>1 0 0 0 1 0 0 0 1 0 0 0</i>
                <i>1 0 0 0 1 0 0 0 1 0 0 0</i>
                <i>1 0 0 0 1 0 0 0 1 0 0 0</i>
                <i>1 0 0 0 1 0 0 0 1 0 0 0</i>
                <i>1 0 0 0 1 0 0 0 1 0 0 0</i>
                <i>1 0 0 0 1 0 0 0 1 0 0 0</i>
                <i>1 0 0 0 1 0 0 0 1 0 0 0</i>
                <i>1 0 0 0 1 0 0 0 1 0 0 0</i>
                <i>1 0 0 0 1 0 0 0 1 0 0 0</i>
                <i>1 0 0 0 1 0 0 0 1 0 0 0</i>
                <i>1 0 0 0 1 0 0 0 1 0 0 0</i>
                <i>1 0 0 0 1 0 0 0 1 0 0 0</i>
                <i>1 0 0 0 1 0 0 0 1 0 0 0</i>
                <i>1 0 0 0 1 0 0 0 1 0 0 0</i>
                <i>1 0 0 0 1 0 0 0 1 0 0 0</i>
                <i>1 0 0 0 1 0 0 0 1 0 0 0</i>
                <i>1 0 0 0 1 0 0 0 1 0 0 0</i>
                <i>1 0 0 0 1 0 0 0 1 0 0 0</i>
                <i>1 0 0 0 1 0 0 0 1 0 0 0</i>
                <i>1 0 0 0 1 0 0 0 1 0 0 0</i>
                <i>1 0 0 0 1 0 0 0 1 0 0 0</i>
                <i>1 0 0 0 1 0 0 0 1 0 0 0</i>
                <i>1 0 0 0 1 0 0 0 1 0 0 0</i>
                <i>1 0 0 0 1 0 0 0 1 0 0 0</i>
                <i>1 0 0 0 1 0 0 0 1 0 0 0</i>
                <i>1 0 0 0 1 0 0 0 1 0 0 0</i>
                <i>1 0 0 0 1 0 0 0 1 0 0 0</i>
                <i>1 0 0 0 1 0 0 0 1 0 0 0</i>
                <i>1 0 0 0 1 0 0 0 1 0 0 0</i>
                <i>1 0 0 0 1 0 0 0 1 0 0 0</i>
                <i>1 0 0 0 1 0 0 0 1 0 0 0</i>
                <i>1 0 0 0 1 0 0 0 1 0 0 0</i>
                <i>1 0 0 0 1 0 0 0 1 0 0 0</i>
                <i>1 0 0 0 1 0 0 0 1 0 0 0</i>
                <i>1 0 0 0 1 0 0 0 1 0 0 0</i>
                <i>1 0 0 0 1 0 0 0 1 0 0 0</i>
                <i>1 0 0 0 1 0 0 0 1 0 0 0</i>
                <i>1 0 0 0 1 0 0 0 1 0 0 0</i>
                <i>1 0 0 0 1 0 0 0 1 0 0 0</i>
                <i>1 0 0 0 1 0 0 0 1 0 0 0</i>
                <i>1 0 0 0 1 0 0 0 1 0 0 0</i>
            </KeyFrames>
        </RefFrame>
        <Bones count="38">
            <i>
                <p>
                    <Name><![CDATA[sub_typhoon_root]]></Name>
                    <Exclude>0</Exclude>
                    <Additive>1</Additive>
                    <IKPriority>0</IKPriority>
                    <IKRotLimits>-1e+010 -1e+010 -1e+010 1e+010 1e+010 1e+010</IKRotLimits>
                    <IKRotLimitOrder>0</IKRotLimitOrder>
                    <KeyFrames count="181">
                        <i>0.998036 0.0626362 5.42101e-020 -0.0626309 0.997951 0.0130512 0.00081748 -0.0130256 0.999915 0 -0.128649 0</i>
                        <i>0.999104 0.0423257 -2.71051e-020 -0.0423235 0.999052 0.0101942 0.000431478 -0.0101851 0.999948 0 -0.128761 0</i>
                        <i>0.999993 0.00375519 -1.69407e-021 -0.00375515 0.999982 0.0046814 1.75795e-005 -0.00468136 0.999989 0 -0.128872 0</i>
                        <i>0.999811 -0.0194205 0 0.0194205 0.99981 -0.00159696 3.10137e-005 0.00159665 0.999999 0 -0.128983 0</i>
                        <i>0.999995 0.00307948 -1.69407e-021 -0.00307941 0.999972 -0.00675023 -2.07872e-005 0.0067502 0.999977 0 1.64436 0</i>
                        <i>0.999143 0.0413805 2.71051e-020 -0.0413789 0.999104 -0.00888804 -0.000367791 0.00888042 0.99996 0 2.94693 0</i>
                        <i>0.998036 0.0626362 0 -0.0626348 0.998015 -0.00660637 -0.000413798 0.0065934 0.999978 0 3.33278 0</i>
                        <i>0.998765 0.0496899 3.38813e-021 -0.0496898 0.998764 -0.00116535 -5.79062e-005 0.00116391 0.999999 0 3.30016 0</i>
                        <i>0.999493 0.0318416 -1.35525e-020 -0.0318411 0.999479 0.00532879 0.000169677 -0.00532609 0.999986 0 2.8531 0</i>
                        <i>0.999925 0.0122448 0 -0.012244 0.999867 0.0107697 0.000131872 -0.0107689 0.999942 0 1.99618 0</i>
                        <i>0.999982 -0.00593718 -6.77626e-021 0.00593668 0.999897 0.0130512 -7.74876e-005 -0.013051 0.999915 0 0.847839 0</i>
                        <i>0.999811 -0.0194205 0 0.0194191 0.999738 0.0121086 -0.000235155 -0.0121063 0.999927 0 -0.417061 0</i>
                        <i>0.999781 -0.0209185 -1.35525e-020 0.0209175 0.999735 0.00962338 -0.000201306 -0.00962127 0.999954 0 -1.62368 0</i>
                        <i>0.999797 -0.0201695 1.35525e-020 0.0201691 0.999778 0.0061097 -0.000123229 -0.00610845 0.999981 0 -1.1942 0</i>
                        <i>0.999811 -0.0194205 0 0.0194204 0.999809 0.00208173 -4.04282e-005 -0.00208134 0.999998 0 -0.70183 0</i>
                        <i>0.999766 0.0216261 -3.38813e-021 -0.0216261 0.999764 -0.00194627 -4.20904e-005 0.00194582 0.999998 0 -0.193733 0</i>
                        <i>0.998036 0.0626362 0 -0.0626353 0.998022 -0.00546004 -0.000341996 0.00544932 0.999985 0 0.282915 0</i>
                        <i>0.999712 0.0240126 0 -0.0240119 0.99968 -0.00794535 -0.000190789 0.00794305 0.999968 0 0.680943 0</i>
                        <i>0.999811 -0.0194205 0 0.0194197 0.999772 -0.00888804 0.00017261 0.00888636 0.99996 0 0.953179 0</i>
                        <i>0.999885 -0.0151597 6.77626e-021 0.0151593 0.999858 -0.00737514 0.000111805 0.00737429 0.999973 0 1.05245 0</i>
                        <i>0.999995 0.00310133 8.47033e-022 -0.00310131 0.999989 -0.00355917 -1.10382e-005 0.00355916 0.999994 0 0.912183 0</i>
                        <i>0.999888 0.0149321 1.69407e-021 -0.0149321 0.999887 0.00147573 2.20357e-005 -0.00147556 0.999999 0 0.547193 0</i>
                        <i>0.99999 0.00449187 0 -0.00449177 0.999968 0.00664524 2.98495e-005 -0.00664518 0.999978 0 0.0323886 0</i>
                        <i>0.999946 -0.0103914 0 0.0103908 0.999887 0.0108651 -0.000112904 -0.0108645 0.999941 0 -0.557325 0</i>
                        <i>0.99998 -0.00630499 6.77626e-021 0.00630445 0.999895 0.0130512 -8.2288e-005 -0.013051 0.999915 0 -1.14704 0</i>
                        <i>0.999997 0.00259596 -3.38813e-021 -0.00259576 0.999921 0.0122608 3.18285e-005 -0.0122607 0.999925 0 -1.66184 0</i>
                        <i>0.999961 0.00888034 -6.77626e-021 -0.00887996 0.999918 0.00918825 8.15948e-005 -0.00918789 0.999958 0 -1.35121 0</i>
                        <i>0.999975 0.00707757 -3.38813e-021 -0.00707748 0.999961 0.00520573 3.6844e-005 -0.0052056 0.999986 0 -1.0228 0</i>
                        <i>0.999997 0.00242962 0 -0.00242962 0.999996 0.00168553 4.09521e-006 -0.00168553 0.999999 0 -0.703273 0</i>
                        <i>1 -0.000349766 0 0.000349766 1 0 0 0 1 0 -0.419324 0</i>
                        <i>0.999999 0.00146942 -2.64698e-023 -0.00146942 0.999999 -0.000294182 -4.32278e-007 0.000294182 1 0 -0.197633 0</i>
                        <i>0.999987 0.00515723 2.11758e-022 -0.00515723 0.999987 -0.000556132 -2.8681e-006 0.000556125 1 0 -0.0767604 0</i>
                        <i>0.999974 0.00723759 0 -0.00723759 0.999973 -0.00078721 -5.69751e-006 0.000787189 1 0 -0.042742 0</i>
                        <i>0.999981 0.00624755 0 -0.00624754 0.99998 -0.000988779 -6.17744e-006 0.00098876 1 0 -0.0434648 0</i>
                        <i>0.999992 0.00391601 0 -0.003916 0.999992 -0.0011622 -4.55119e-006 0.00116219 0.999999 0 -0.0268169 0</i>
                        <i>0.999999 0.00155493 0 -0.00155493 0.999998 -0.00130884 -2.03516e-006 0.00130884 0.999999 0 0.0433085 0</i>
                        <i>1 0.000476353 -5.29396e-023 -0.000476352 0.999999 -0.00143005 -6.8121e-007 0.00143005 0.999999 0 0.113434 0</i>
                        <i>0.999991 0.00427005 -4.23516e-022 -0.00427005 0.99999 -0.0015272 -6.52124e-006 0.00152719 0.999999 0 0.183559 0</i>
                        <i>0.999968 0.00806369 -8.47033e-022 -0.00806368 0.999966 -0.00160166 -1.29153e-005 0.00160161 0.999999 0 0.253684 0</i>
                        <i>0.999991 0.00427004 0 -0.00427003 0.99999 -0.00165477 -7.06595e-006 0.00165476 0.999999 0 0.160819 0</i>
                        <i>1 0.000476353 0 -0.000476352 0.999998 -0.00168792 -8.04043e-007 0.00168792 0.999999 0 0.0679538 0</i>
                        <i>0.999997 0.00244346 -4.23516e-022 -0.00244345 0.999996 -0.00170244 -4.15984e-006 0.00170244 0.999999 0 -0.0249112 0</i>
                        <i>0.999981 0.00609662 8.47033e-022 -0.00609661 0.99998 -0.00169972 -1.03625e-005 0.00169969 0.999999 0 -0.117776 0</i>
                        <i>0.999968 0.00806369 8.47033e-022 -0.00806368 0.999966 -0.00168111 -1.35559e-005 0.00168105 0.999999 0 0.0225123 0</i>
                        <i>0.999991 0.00427005 0 -0.00427005 0.99999 -0.00164796 -7.03689e-006 0.00164795 0.999999 0 0.1628 0</i>
                        <i>1 0.000476353 -5.29396e-023 -0.000476352 0.999999 -0.00160166 -7.62955e-007 0.00160166 0.999999 0 0.303088 0</i>
                        <i>0.999997 0.00244347 2.11758e-022 -0.00244346 0.999996 -0.00154355 -3.77161e-006 0.00154354 0.999999 0 0.202992 0</i>
                        <i>0.999981 0.00609663 0 -0.00609662 0.99998 -0.001475 -8.99251e-006 0.00147497 0.999999 0 0.12055 0</i>
                        <i>0.999968 0.00806369 8.47033e-022 -0.00806368 0.999967 -0.00139737 -1.12679e-005 0.00139732 0.999999 0 0.0516884 0</i>
                        <i>0.999981 0.00609663 0 -0.00609663 0.999981 -0.00131202 -7.99888e-006 0.00131199 0.999999 0 -0.00766762 0</i>
                        <i>0.999997 0.00244346 0 -0.00244345 0.999996 -0.00122031 -2.98178e-006 0.00122031 0.999999 0 -0.0615919 0</i>
                        <i>1 0.000476353 0 -0.000476353 0.999999 -0.00112361 -5.35236e-007 0.00112361 0.999999 0 -0.114158 0</i>
                        <i>0.999997 0.00244346 -2.11758e-022 -0.00244345 0.999996 -0.00102328 -2.50034e-006 0.00102328 0.999999 0 -0.16944 0</i>
                        <i>0.999981 0.00609662 -4.23516e-022 -0.00609662 0.999981 -0.000920682 -5.61305e-006 0.000920664 1 0 -0.231512 0</i>
                        <i>0.999968 0.00806369 4.23516e-022 -0.00806368 0.999967 -0.000817173 -6.58943e-006 0.000817146 1 0 -0.176195 0</i>
                        <i>0.999973 0.0074095 -4.23516e-022 -0.0074095 0.999972 -0.000714118 -5.29126e-006 0.000714099 1 0 -0.120877 0</i>
                        <i>0.999983 0.00579763 0 -0.00579763 0.999983 -0.00061288 -3.55325e-006 0.000612869 1 0 -0.0655596 0</i>
                        <i>0.999993 0.00375411 0 -0.00375411 0.999993 -0.000514819 -1.93269e-006 0.000514816 1 0 -0.0102422 0</i>
                        <i>0.999998 0.00180499 0 -0.00180499 0.999998 -0.000421298 -7.6044e-007 0.000421297 1 0 0.0450755 0</i>
                        <i>1 0.000476353 0 -0.000476353 1 -0.000333679 -1.58949e-007 0.000333679 1 0 0.0171443 0</i>
                        <i>1 2.13908e-006 -5.16988e-026 -2.13908e-006 1 -0.000253324 -5.4188e-010 0.000253324 1 0 -0.0107868 0</i>
                        <i>1 5.48285e-005 0 -5.48285e-005 1 -0.000181594 -9.95654e-009 0.000181594 1 0 -0.038718 0</i>
                        <i>1 0.00031828 -3.30872e-024 -0.00031828 1 -0.000119852 -3.81466e-008 0.000119852 1 0 -0.0666492 0</i>
                        <i>1 0.000476353 0 -0.000476353 1 -6.94596e-005 -3.30873e-008 6.94596e-005 1 0 -0.0945806 0</i>
                        <i>0.999991 0.00427005 1.32349e-023 -0.00427005 0.999991 -3.17789e-005 -1.35697e-007 3.17786e-005 1 0 -0.0218946 0</i>
                        <i>0.999968 0.00806369 6.61744e-024 -0.00806369 0.999968 -8.17171e-006 -6.58941e-008 8.17145e-006 1 0 0.0507913 0</i>
                        <i>0.999991 0.00427005 0 -0.00427005 0.999991 0 0 0 1 0 -0.0985969 0</i>
                        <i>1 0.000476353 0 -0.000476353 1 0 0 0 1 3.38856e-005 -0.247985 0</i>
                        <i>0.999997 0.00244346 0 -0.00244346 0.999997 0 0 0 1 -0.000135899 -0.102627 0</i>
                        <i>0.999981 0.00609663 0 -0.00609663 0.999981 0 0 0 1 -0.000483894 0.0427319 0</i>
                        <i>0.999968 0.00806369 0 -0.00806369 0.999968 0 0 0 1 -0.000984642 -0.0563227 0</i>
                        <i>0.999991 0.00427003 0 -0.00427003 0.999991 0 0 0 1 -0.00161269 -0.155378 0</i>
                        <i>1 0.000476353 0 -0.000476353 1 0 0 0 1 -0.00234257 -0.254433 0</i>
                        <i>0.999997 0.00244346 0 -0.00244346 0.999997 0 0 0 1 -0.00314882 -0.10988 0</i>
                        <i>0.999981 0.00609663 0 -0.00609663 0.999981 0 0 0 1 -0.00400599 0.0346725 0</i>
                        <i>0.999968 0.00806369 0 -0.00806369 0.999968 0 0 0 1 -0.00488862 -0.0853251 0</i>
                        <i>0.999981 0.00609664 0 -0.00609664 0.999981 0 0 0 1 -0.00577125 -0.205323 0</i>
                        <i>0.999997 0.00244348 0 -0.00244348 0.999997 0 0 0 1 -0.00662842 -0.120486 0</i>
                        <i>1 0.000476353 0 -0.000476353 1 0 0 0 1 -0.00743468 -0.0356482 0</i>
                        <i>0.999997 0.00244346 0 -0.00244346 0.999997 0 0 0 1 -0.00816456 0.0491887 0</i>
                        <i>0.999981 0.00609663 0 -0.00609663 0.999981 0 0 0 1 -0.0087926 0.134026 0</i>
                        <i>0.999968 0.00806369 0 -0.00806369 0.999968 0 0 0 1 -0.00929335 0.218863 0</i>
                        <i>1 -0.000349766 0 0.000349766 1 0 0 0 1 -0.00964134 0.212036 0</i>
                        <i>1 -0.000417094 0 0.000417094 1 0 0 0 1 -0.00981113 0.204933 0</i>
                        <i>1 -0.000435133 0 0.000435133 1 0 0 0 1 -0.00977725 0.197572 0</i>
                        <i>1 -0.000407286 0 0.000407286 1 0 0 0 1 -0.00951423 0.189974 0</i>
                        <i>1 -0.000336958 0 0.000336958 1 0 0 0 1 -0.00899663 0.182158 0</i>
                        <i>1 -0.000227553 0 0.000227553 1 0 0 0 1 -0.00819898 0.174144 0</i>
                        <i>1 -8.24746e-005 0 8.24746e-005 1 0 0 0 1 -0.00709583 0.165952 0</i>
                        <i>1 9.48721e-005 0 -9.48721e-005 1 0 0 0 1 -0.00566171 0.157601 0</i>
                        <i>1 0.000301083 0 -0.000301083 1 0 0 0 1 -0.00387117 0.149112 0</i>
                        <i>1 0.000532755 0 -0.000532755 1 0 0 0 1 -0.00169875 0.140504 0</i>
                        <i>1 0.000786483 0 -0.000786483 1 0 0 0 1 0.000881006 0.131797 0</i>
                        <i>0.999999 0.00105887 0 -0.00105887 0.999999 0 0 0 1 0.00389359 0.123011 0</i>
                        <i>0.999999 0.00134649 0 -0.00134649 0.999999 0 0 0 1 0.00737495 0.114166 0</i>
                        <i>0.999999 0.00164597 0 -0.00164597 0.999999 0 0 0 1 0.0113242 0.105281 0</i>
                        <i>0.999998 0.00195388 0 -0.00195388 0.999998 0 0 0 1 0.0157116 0.0963759 0</i>
                        <i>0.999997 0.00226683 0 -0.00226683 0.999997 0 0 0 1 0.0205072 0.0874711 0</i>
                        <i>0.999997 0.00258141 0 -0.00258141 0.999997 0 0 0 1 0.0256813 0.0785861 0</i>
                        <i>0.999996 0.00289421 0 -0.00289421 0.999996 0 0 0 1 0.0312039 0.0697407 0</i>
                        <i>0.999995 0.00320184 0 -0.00320184 0.999995 0 0 0 1 0.0370452 0.0609546 0</i>
                        <i>0.999994 0.00350089 0 -0.00350089 0.999994 0 0 0 1 0.0431754 0.0522477 0</i>
                        <i>0.999993 0.00378795 0 -0.00378795 0.999993 0 0 0 1 0.0495646 0.0436398 0</i>
                        <i>0.999992 0.00405963 0 -0.00405963 0.999992 0 0 0 1 0.056183 0.0351507 0</i>
                        <i>0.999991 0.00431251 0 -0.00431251 0.999991 0 0 0 1 0.0630008 0.0268002 0</i>
                        <i>0.99999 0.00454319 0 -0.00454319 0.99999 0 0 0 1 0.0699881 0.018608 0</i>
                        <i>0.999989 0.00474827 0 -0.00474827 0.999989 0 0 0 1 0.077115 0.010594 0</i>
                        <i>0.999988 0.00492435 0 -0.00492435 0.999988 0 0 0 1 0.0843517 0.00277794 0</i>
                        <i>0.999987 0.00506802 0 -0.00506802 0.999987 0 0 0 1 0.0916685 -0.00482041 0</i>
                        <i>0.999987 0.00517587 0 -0.00517587 0.999987 0 0 0 1 0.0990354 -0.0121812 0</i>
                        <i>0.999986 0.00524451 0 -0.00524451 0.999986 0 0 0 1 0.106423 -0.0192846 0</i>
                        <i>0.999986 0.00527052 0 -0.00527052 0.999986 0 0 0 1 0.1138 -0.0261108 0</i>
                        <i>0.999986 0.00527136 0 -0.00527136 0.999986 0 0 0 1 0.121138 -0.0326401 0</i>
                        <i>0.999986 0.00526683 0 -0.00526683 0.999986 0 0 0 1 0.128407 -0.0388527 0</i>
                        <i>0.999986 0.00525706 0 -0.00525706 0.999986 0 0 0 1 0.135577 -0.0447288 0</i>
                        <i>0.999986 0.00524221 0 -0.00524221 0.999986 0 0 0 1 0.142618 -0.0502485 0</i>
                        <i>0.999986 0.0052224 0 -0.0052224 0.999986 0 0 0 1 0.1495 -0.0553922 0</i>
                        <i>0.999986 0.00519777 0 -0.00519777 0.999986 0 0 0 1 0.156194 -0.0601399 0</i>
                        <i>0.999987 0.00516847 0 -0.00516847 0.999987 0 0 0 1 0.162669 -0.0644718 0</i>
                        <i>0.999987 0.00513463 0 -0.00513463 0.999987 0 0 0 1 0.168896 -0.0683683 0</i>
                        <i>0.999987 0.00509639 0 -0.00509639 0.999987 0 0 0 1 0.174845 -0.0718095 0</i>
                        <i>0.999987 0.00505389 0 -0.00505389 0.999987 0 0 0 1 0.180485 -0.0747756 0</i>
                        <i>0.999987 0.00500727 0 -0.00500727 0.999987 0 0 0 1 0.185788 -0.0772467 0</i>
                        <i>0.999988 0.00495667 0 -0.00495667 0.999988 0 0 0 1 0.190723 -0.0792032 0</i>
                        <i>0.999988 0.00490223 0 -0.00490223 0.999988 0 0 0 1 0.195261 -0.0806252 0</i>
                        <i>0.999988 0.00484407 0 -0.00484407 0.999988 0 0 0 1 0.199372 -0.0814929 0</i>
                        <i>0.999989 0.00478236 0 -0.00478236 0.999989 0 0 0 1 0.203025 -0.0817866 0</i>
                        <i>0.999989 0.00471721 0 -0.00471721 0.999989 0 0 0 1 0.206191 -0.0850722 0</i>
                        <i>0.999989 0.00464878 0 -0.00464878 0.999989 0 0 0 1 0.20884 -0.0945934 0</i>
                        <i>0.99999 0.00457719 0 -0.00457719 0.99999 0 0 0 1 0.210943 -0.109847 0</i>
                        <i>0.99999 0.0045026 0 -0.0045026 0.99999 0 0 0 1 0.212469 -0.130329 0</i>
                        <i>0.99999 0.00442513 0 -0.00442513 0.99999 0 0 0 1 0.213388 -0.155537 0</i>
                        <i>0.999991 0.00434493 0 -0.00434493 0.999991 0 0 0 1 0.213672 -0.184967 0</i>
                        <i>0.999991 0.00426213 0 -0.00426213 0.999991 0 0 0 1 0.213445 -0.218116 0</i>
                        <i>0.999991 0.00417688 0 -0.00417688 0.999991 0 0 0 1 0.212863 -0.254481 0</i>
                        <i>0.999992 0.00408931 0 -0.00408931 0.999992 0 0 0 1 0.211936 -0.293558 0</i>
                        <i>0.999992 0.00399956 0 -0.00399956 0.999992 0 0 0 1 0.210677 -0.334843 0</i>
                        <i>0.999992 0.00390777 0 -0.00390777 0.999992 0 0 0 1 0.209097 -0.377835 0</i>
                        <i>0.999993 0.00381408 0 -0.00381408 0.999993 0 0 0 1 0.207206 -0.422028 0</i>
                        <i>0.999993 0.00371863 0 -0.00371863 0.999993 0 0 0 1 0.205017 -0.46692 0</i>
                        <i>0.999993 0.00362155 0 -0.00362155 0.999993 0 0 0 1 0.202542 -0.512008 0</i>
                        <i>0.999994 0.00352299 0 -0.00352299 0.999994 0 0 0 1 0.19979 -0.556789 0</i>
                        <i>0.999994 0.00342308 0 -0.00342308 0.999994 0 0 0 1 0.196775 -0.600758 0</i>
                        <i>0.999994 0.00332197 0 -0.00332197 0.999994 0 0 0 1 0.193508 -0.643413 0</i>
                        <i>0.999995 0.00321979 0 -0.00321979 0.999995 0 0 0 1 0.189999 -0.68425 0</i>
                        <i>0.999995 0.00311667 0 -0.00311667 0.999995 0 0 0 1 0.186261 -0.722766 0</i>
                        <i>0.999995 0.00301277 0 -0.00301277 0.999995 0 0 0 1 0.182305 -0.758457 0</i>
                        <i>0.999996 0.00290821 0 -0.00290821 0.999996 0 0 0 1 0.178142 -0.790821 0</i>
                        <i>0.999996 0.00280314 0 -0.00280314 0.999996 0 0 0 1 0.173785 -0.819353 0</i>
                        <i>0.999996 0.00269769 0 -0.00269769 0.999996 0 0 0 1 0.169243 -0.843552 0</i>
                        <i>0.999997 0.00259201 0 -0.00259201 0.999997 0 0 0 1 0.16453 -0.862912 0</i>
                        <i>0.999997 0.00248623 0 -0.00248623 0.999997 0 0 0 1 0.159655 -0.876931 0</i>
                        <i>0.999997 0.00238049 0 -0.00238049 0.999997 0 0 0 1 0.154632 -0.885106 0</i>
                        <i>0.999997 0.00227494 0 -0.00227494 0.999997 0 0 0 1 0.149471 -0.886933 0</i>
                        <i>0.999998 0.0021697 0 -0.0021697 0.999998 0 0 0 1 0.144184 -0.88292 0</i>
                        <i>0.999998 0.00206492 0 -0.00206492 0.999998 0 0 0 1 0.138782 -0.874117 0</i>
                        <i>0.999998 0.00196073 0 -0.00196073 0.999998 0 0 0 1 0.133276 -0.860833 0</i>
                        <i>0.999998 0.00185728 0 -0.00185728 0.999998 0 0 0 1 0.127679 -0.843375 0</i>
                        <i>0.999998 0.0017547 0 -0.0017547 0.999998 0 0 0 1 0.122002 -0.822053 0</i>
                        <i>0.999999 0.00165314 0 -0.00165314 0.999999 0 0 0 1 0.116255 -0.797175 0</i>
                        <i>0.999999 0.00155273 0 -0.00155273 0.999999 0 0 0 1 0.110451 -0.76905 0</i>
                        <i>0.999999 0.00145361 0 -0.00145361 0.999999 0 0 0 1 0.104602 -0.737986 0</i>
                        <i>0.999999 0.00135592 0 -0.00135592 0.999999 0 0 0 1 0.0987178 -0.704293 0</i>
                        <i>0.999999 0.00125979 0 -0.00125979 0.999999 0 0 0 1 0.0928108 -0.668279 0</i>
                        <i>0.999999 0.00116537 0 -0.00116537 0.999999 0 0 0 1 0.0868923 -0.630252 0</i>
                        <i>0.999999 0.0010728 0 -0.0010728 0.999999 0 0 0 1 0.0809738 -0.590522 0</i>
                        <i>1 0.000982213 0 -0.000982213 1 0 0 0 1 0.0750668 -0.549396 0</i>
                        <i>1 0.000893747 0 -0.000893747 1 0 0 0 1 0.0691827 -0.507184 0</i>
                        <i>1 0.000807543 0 -0.000807543 1 0 0 0 1 0.0633331 -0.464194 0</i>
                        <i>1 0.000723739 0 -0.000723739 1 0 0 0 1 0.0575294 -0.420735 0</i>
                        <i>1 0.000642474 0 -0.000642474 1 0 0 0 1 0.051783 -0.377116 0</i>
                        <i>1 0.000563887 0 -0.000563887 1 0 0 0 1 0.0461055 -0.333645 0</i>
                        <i>1 0.000488115 0 -0.000488115 1 0 0 0 1 0.0405083 -0.29063 0</i>
                        <i>1 0.0004153 0 -0.0004153 1 0 0 0 1 0.0350029 -0.248381 0</i>
                        <i>1 0.000345579 0 -0.000345579 1 0 0 0 1 0.0296008 -0.207206 0</i>
                        <i>1 0.000279091 0 -0.000279091 1 0 0 0 1 0.0243135 -0.167414 0</i>
                        <i>1 0.000215975 0 -0.000215975 1 0 0 0 1 0.0191525 -0.129314 0</i>
                        <i>1 0.000156368 0 -0.000156368 1 0 0 0 1 0.0141291 -0.0932134 0</i>
                        <i>1 0.000100411 0 -0.000100411 1 0 0 0 1 0.0092549 -0.0594219 0</i>
                        <i>1 4.82424e-005 0 -4.82424e-005 1 0 0 0 1 0.00454138 -0.0282479 0</i>
                        <i>1 0 0 0 1 0 0 0 1 0 0 0</i>
                    </KeyFrames>
                </p>
            </i>
            <i>
                <p>
                    <Name><![CDATA[hatch_l_01]]></Name>
                    <Exclude>0</Exclude>
                    <Additive>1</Additive>
                    <IKPriority>0</IKPriority>
                    <IKRotLimits>-1e+010 -1e+010 -1e+010 1e+010 1e+010 1e+010</IKRotLimits>
                    <IKRotLimitOrder>0</IKRotLimitOrder>
                    <KeyFrames count="181">
                        <i>-0.0139122 0.999818 0.0130357 -0.999903 -0.0139217 0.000636116 0.00081748 -0.0130256 0.999915 10.7411 16.6943 41.7355</i>
                        <i>-0.0414269 0.999089 0.0101942 -0.999141 -0.0414292 9.14751e-006 0.000431478 -0.0101851 0.999948 11.0759 16.5913 41.6893</i>
                        <i>-0.00375515 0.999982 0.0046814 -0.999993 -0.00375519 1.04117e-018 1.75795e-005 -0.00468136 0.999989 11.7118 16.3811 41.5992</i>
                        <i>0.0934646 0.995621 -0.00159256 -0.995623 0.0934645 -0.000118353 3.10137e-005 0.00159665 0.999999 12.0963 16.3659 41.495</i>
                        <i>0.200917 0.979586 -0.00660838 -0.979608 0.200912 -0.00137659 -2.07872e-005 0.0067502 0.999977 11.7215 18.6208 41.4082</i>
                        <i>0.305079 0.95229 -0.00834487 -0.952327 0.305064 -0.00305948 -0.000367791 0.00888042 0.99996 11.0589 20.4483 41.3719</i>
                        <i>0.396272 0.918114 -0.00588964 -0.918133 0.396261 -0.00299269 -0.000413798 0.0065934 0.999978 10.6899 20.9713 41.4107</i>
                        <i>0.452568 0.891729 -0.00101169 -0.89173 0.452568 -0.000578387 -5.79062e-005 0.00116391 0.999999 10.9289 20.5733 41.5022</i>
                        <i>0.445488 0.895276 0.0046928 -0.895288 0.445481 0.00252462 0.000169677 -0.00532609 0.999986 11.2443 19.6586 41.6098</i>
                        <i>0.401859 0.915649 0.00980807 -0.915702 0.401834 0.00444831 0.000131872 -0.0107689 0.999942 11.5743 18.3514 41.6987</i>
                        <i>0.331244 0.943465 0.0123399 -0.943545 0.331217 0.00424996 -7.74876e-005 -0.013051 0.999915 11.8692 16.8947 41.7355</i>
                        <i>0.243842 0.969743 0.0117982 -0.969815 0.243827 0.00272399 -0.000235155 -0.0121063 0.999927 12.0852 15.5077 41.7203</i>
                        <i>0.147486 0.989018 0.00954574 -0.989064 0.147481 0.00121991 -0.000201306 -0.00962127 0.999954 12.1112 14.3865 41.68</i>
                        <i>0.0680656 0.997662 0.00610268 -0.997681 0.0680651 0.000292835 -0.000123229 -0.00610845 0.999981 12.1022 14.9714 41.6227</i>
                        <i>0.0245019 0.999698 0.0020817 -0.9997 0.024502 1.05808e-005 -4.04282e-005 -0.00208134 0.999998 12.0933 15.6403 41.5562</i>
                        <i>-0.0105087 0.999943 -0.00194615 -0.999945 -0.0105087 -2.164e-005 -4.20904e-005 0.00194582 0.999998 11.4089 16.7982 41.4891</i>
                        <i>-0.00648372 0.999964 -0.00545142 -0.999979 -0.00648548 -0.000306652 -0.000341996 0.00544932 0.999985 10.6928 17.8741 41.4301</i>
                        <i>0.0980817 0.995147 -0.00788604 -0.995178 0.0980771 -0.000968931 -0.000190789 0.00794305 0.999968 11.3623 17.9486 41.388</i>
                        <i>0.209119 0.977851 -0.00872598 -0.97789 0.209112 -0.00168952 0.00017261 0.00888636 0.99996 12.1022 17.7501 41.3719</i>
                        <i>0.25737 0.966286 -0.00715465 -0.966313 0.257364 -0.00178989 0.000111805 0.00737429 0.999973 12.0295 17.8382 41.3976</i>
                        <i>0.25975 0.96567 -0.00343412 -0.965676 0.259748 -0.00093515 -1.10382e-005 0.00355916 0.999994 11.7215 17.7567 41.4621</i>
                        <i>0.236488 0.971633 0.00142849 -0.971634 0.236487 0.000370363 2.20357e-005 -0.00147556 0.999999 11.5245 17.3203 41.5462</i>
                        <i>0.217801 0.975972 0.00647915 -0.975993 0.217796 0.00147646 2.98495e-005 -0.00664518 0.999978 11.7 16.4692 41.6314</i>
                        <i>0.190945 0.981543 0.0106862 -0.981601 0.190935 0.00196371 -0.000112904 -0.0108645 0.999941 11.9415 15.5278 41.7002</i>
                        <i>0.137354 0.990438 0.0129386 -0.990522 0.137343 0.0017111 -8.2288e-005 -0.013051 0.999915 11.8751 14.8955 41.7355</i>
                        <i>0.0753964 0.997079 0.0122234 -0.997154 0.0753903 0.000956151 3.18285e-005 -0.0122607 0.999925 11.7317 14.5187 41.7228</i>
                        <i>0.0173477 0.999807 0.00918509 -0.999849 0.0173462 0.000240968 8.15948e-005 -0.00918789 0.999958 11.6287 15.0309 41.673</i>
                        <i>-0.0263366 0.99964 0.00520477 -0.999653 -0.0263364 -0.000100267 3.6844e-005 -0.0052056 0.999986 11.657 15.5042 41.6078</i>
                        <i>-0.0211962 0.999774 0.00168524 -0.999775 -0.0211962 -3.16326e-005 4.09521e-006 -0.00168553 0.999999 11.7333 15.9157 41.5497</i>
                        <i>-0.0179236 0.999839 0 -0.999839 -0.0179236 0 0 0 1 11.7795 16.237 41.5216</i>
                        <i>-0.0192486 0.999815 -0.000294135 -0.999815 -0.0192486 5.2304e-006 -4.32278e-007 0.000294182 1 11.7492 16.4923 41.5167</i>
                        <i>-0.0224419 0.999748 -0.000556049 -0.999748 -0.0224419 9.6131e-006 -2.8681e-006 0.000556125 1 11.6875 16.6672 41.5124</i>
                        <i>-0.0240279 0.999711 -0.000787099 -0.999711 -0.0240279 1.32187e-005 -5.69751e-006 0.000787189 1 11.6526 16.7351 41.5085</i>
                        <i>-0.0225444 0.999745 -0.000988648 -0.999746 -0.0225444 1.61151e-005 -6.17744e-006 0.00098876 1 11.6691 16.7312 41.5051</i>
                        <i>-0.0197195 0.999805 -0.00116206 -0.999806 -0.0197195 1.83676e-005 -4.55119e-006 0.00116219 0.999999 11.7082 16.7278 41.5023</i>
                        <i>-0.016865 0.999857 -0.00130869 -0.999858 -0.016865 2.00387e-005 -2.03516e-006 0.00130884 0.999999 11.7477 16.7763 41.4998</i>
                        <i>-0.0152928 0.999882 -0.0014299 -0.999883 -0.0152927 2.11883e-005 -6.8121e-007 0.00143005 0.999999 11.7657 16.8388 41.4978</i>
                        <i>-0.0185921 0.999826 -0.00152705 -0.999827 -0.0185921 2.18736e-005 -6.52124e-006 0.00152719 0.999999 11.7022 16.9575 41.4962</i>
                        <i>-0.0218912 0.999759 -0.00160151 -0.99976 -0.0218912 2.2149e-005 -1.29153e-005 0.00160161 0.999999 11.6384 17.075 41.4949</i>
                        <i>-0.0176044 0.999844 -0.00165463 -0.999845 -0.0176044 2.20663e-005 -7.06595e-006 0.00165476 0.999999 11.7021 16.94 41.494</i>
                        <i>-0.0133174 0.99991 -0.00168778 -0.999911 -0.0133173 2.16746e-005 -8.04043e-007 0.00168792 0.999999 11.7657 16.804 41.4935</i>
                        <i>-0.0147904 0.999889 -0.00170231 -0.999891 -0.0147904 2.10204e-005 -4.15984e-006 0.00170244 0.999999 11.7328 16.7349 41.4932</i>
                        <i>-0.0179493 0.999837 -0.0016996 -0.999839 -0.0179493 2.01473e-005 -1.03625e-005 0.00169969 0.999999 11.6715 16.6847 41.4933</i>
                        <i>-0.0194222 0.99981 -0.001681 -0.999811 -0.0194222 1.90964e-005 -1.35559e-005 0.00168105 0.999999 11.6384 16.8471 41.4936</i>
                        <i>-0.0151353 0.999884 -0.00164787 -0.999885 -0.0151353 1.79061e-005 -7.03689e-006 0.00164795 0.999999 11.7021 16.9417 41.4941</i>
                        <i>-0.010848 0.99994 -0.00160157 -0.999941 -0.010848 1.66119e-005 -7.62955e-007 0.00160166 0.999999 11.7657 17.0356 41.4949</i>
                        <i>-0.0123212 0.999923 -0.00154347 -0.999924 -0.0123211 1.52469e-005 -3.77161e-006 0.00154354 0.999999 11.7328 16.9562 41.4959</i>
                        <i>-0.0154801 0.999879 -0.00147493 -0.99988 -0.0154801 1.38413e-005 -8.99251e-006 0.00147497 0.999999 11.6715 16.9137 41.497</i>
                        <i>-0.0169532 0.999855 -0.00139731 -0.999856 -0.0169532 1.24227e-005 -1.12679e-005 0.00139732 0.999999 11.6385 16.8645 41.4983</i>
                        <i>-0.0144925 0.999894 -0.00131197 -0.999895 -0.0144925 1.1016e-005 -7.99888e-006 0.00131199 0.999999 11.6716 16.7787 41.4998</i>
                        <i>-0.0103457 0.999946 -0.00122027 -0.999946 -0.0103457 9.64329e-006 -2.98178e-006 0.00122031 0.999999 11.7328 16.6782 41.5013</i>
                        <i>-0.00788477 0.999968 -0.00112358 -0.999969 -0.00788477 8.32421e-006 -5.35236e-007 0.00112361 0.999999 11.7657 16.5985 41.5029</i>
                        <i>-0.00935792 0.999956 -0.00102326 -0.999956 -0.00935792 7.07553e-006 -2.50034e-006 0.00102328 0.999999 11.7328 16.5622 41.5046</i>
                        <i>-0.012517 0.999921 -0.000920663 -0.999922 -0.012517 5.91138e-006 -5.61305e-006 0.000920664 1 11.6717 16.5386 41.5063</i>
                        <i>-0.0139901 0.999902 -0.000817158 -0.999902 -0.0139901 4.84319e-006 -6.58943e-006 0.000817146 1 11.6387 16.6125 41.508</i>
                        <i>-0.0128421 0.999917 -0.000714108 -0.999918 -0.0128421 3.87972e-006 -5.29126e-006 0.000714099 1 11.6497 16.656 41.5097</i>
                        <i>-0.0107365 0.999942 -0.000612872 -0.999942 -0.0107365 3.027e-006 -3.55325e-006 0.000612869 1 11.6767 16.6883 41.5114</i>
                        <i>-0.00819913 0.999966 -0.000514814 -0.999966 -0.00819913 2.28842e-006 -1.93269e-006 0.000514816 1 11.711 16.7156 41.5131</i>
                        <i>-0.00575616 0.999983 -0.000421295 -0.999983 -0.00575616 1.66463e-006 -7.6044e-007 0.000421297 1 11.7436 16.7442 41.5146</i>
                        <i>-0.00393364 0.999992 -0.000333677 -0.999992 -0.00393364 1.15363e-006 -1.58949e-007 0.000333679 1 11.7657 16.697 41.5161</i>
                        <i>-0.00296554 0.999996 -0.000253323 -0.999996 -0.00296554 7.50699e-007 -5.4188e-010 0.000253324 1 11.7736 16.6602 41.5174</i>
                        <i>-0.00252433 0.999997 -0.000181594 -0.999997 -0.00252433 4.48447e-007 -9.95654e-009 0.000181594 1 11.7728 16.6299 41.5186</i>
