<?xml version="1.0" encoding="ISO-8859-1" ?>
<Animl Version="1">
    <ModellingPackage><![CDATA[Maya.2010]]></ModellingPackage>
    <SrcFile><![CDATA[anims\bosses\red\~src\sub_typhoon\sub_typhoon_death.mb]]></SrcFile>
    <FramesPerSecond>30</FramesPerSecond>
    <TotalFrames>181</TotalFrames>
    <Skeleton>
        <RefFrame>
            <Name><![CDATA[sub_typhoon_ref_frame]]></Name>
            <Exclude>0</Exclude>
            <Additive>0</Additive>
            <IKPriority>0</IKPriority>
            <IKRotLimits>-1e+010 -1e+010 -1e+010 1e+010 1e+010 1e+010</IKRotLimits>
            <IKRotLimitOrder>0</IKRotLimitOrder>
            <KeyFrames count="181">
                <i>1 0 0 0 1 0 0 0 1 0 0 0</i>
                <i>1 0 0 0 1 0 0 0 1 0 0 0</i>
                <i>1 0 0 0 1 0 0 0 1 0 0 0</i>
                <i>1 0 0 0 1 0 0 0 1 0 0 0</i>
                <i>1 0 0 0 1 0 0 0 1 0 0 0</i>
                <i>1 0 0 0 1 0 0 0 1 0 0 0</i>
                <i>1 0 0 0 1 0 0 0 1 0 0 0</i>
                <i>1 0 0 0 1 0 0 0 1 0 0 0</i>
                <i>1 0 0 0 1 0 0 0 1 0 0 0</i>
                <i>1 0 0 0 1 0 0 0 1 0 0 0</i>
                <i>1 0 0 0 1 0 0 0 1 0 0 0</i>
                <i>1 0 0 0 1 0 0 0 1 0 0 0</i>
                <i>1 0 0 0 1 0 0 0 1 0 0 0</i>
                <i>1 0 0 0 1 0 0 0 1 0 0 0</i>
                <i>1 0 0 0 1 0 0 0 1 0 0 0</i>
                <i>1 0 0 0 1 0 0 0 1 0 0 0</i>
                <i>1 0 0 0 1 0 0 0 1 0 0 0</i>
                <i>1 0 0 0 1 0 0 0 1 0 0 0</i>
                <i>1 0 0 0 1 0 0 0 1 0 0 0</i>
                <i>1 0 0 0 1 0 0 0 1 0 0 0</i>
                <i>1 0 0 0 1 0 0 0 1 0 0 0</i>
                <i>1 0 0 0 1 0 0 0 1 0 0 0</i>
                <i>1 0 0 0 1 0 0 0 1 0 0 0</i>
                <i>1 0 0 0 1 0 0 0 1 0 0 0</i>
                <i>1 0 0 0 1 0 0 0 1 0 0 0</i>
                <i>1 0 0 0 1 0 0 0 1 0 0 0</i>
                <i>1 0 0 0 1 0 0 0 1 0 0 0</i>
                <i>1 0 0 0 1 0 0 0 1 0 0 0</i>
                <i>1 0 0 0 1 0 0 0 1 0 0 0</i>
                <i>1 0 0 0 1 0 0 0 1 0 0 0</i>
                <i>1 0 0 0 1 0 0 0 1 0 0 0</i>
                <i>1 0 0 0 1 0 0 0 1 0 0 0</i>
                <i>1 0 0 0 1 0 0 0 1 0 0 0</i>
                <i>1 0 0 0 1 0 0 0 1 0 0 0</i>
                <i>1 0 0 0 1 0 0 0 1 0 0 0</i>
                <i>1 0 0 0 1 0 0 0 1 0 0 0</i>
                <i>1 0 0 0 1 0 0 0 1 0 0 0</i>
                <i>1 0 0 0 1 0 0 0 1 0 0 0</i>
                <i>1 0 0 0 1 0 0 0 1 0 0 0</i>
                <i>1 0 0 0 1 0 0 0 1 0 0 0</i>
                <i>1 0 0 0 1 0 0 0 1 0 0 0</i>
                <i>1 0 0 0 1 0 0 0 1 0 0 0</i>
                <i>1 0 0 0 1 0 0 0 1 0 0 0</i>
                <i>1 0 0 0 1 0 0 0 1 0 0 0</i>
                <i>1 0 0 0 1 0 0 0 1 0 0 0</i>
                <i>1 0 0 0 1 0 0 0 1 0 0 0</i>
                <i>1 0 0 0 1 0 0 0 1 0 0 0</i>
                <i>1 0 0 0 1 0 0 0 1 0 0 0</i>
                <i>1 0 0 0 1 0 0 0 1 0 0 0</i>
                <i>1 0 0 0 1 0 0 0 1 0 0 0</i>
                <i>1 0 0 0 1 0 0 0 1 0 0 0</i>
                <i>1 0 0 0 1 0 0 0 1 0 0 0</i>
                <i>1 0 0 0 1 0 0 0 1 0 0 0</i>
                <i>1 0 0 0 1 0 0 0 1 0 0 0</i>
                <i>1 0 0 0 1 0 0 0 1 0 0 0</i>
                <i>1 0 0 0 1 0 0 0 1 0 0 0</i>
                <i>1 0 0 0 1 0 0 0 1 0 0 0</i>
                <i>1 0 0 0 1 0 0 0 1 0 0 0</i>
                <i>1 0 0 0 1 0 0 0 1 0 0 0</i>
                <i>1 0 0 0 1 0 0 0 1 0 0 0</i>
                <i>1 0 0 0 1 0 0 0 1 0 0 0</i>
                <i>1 0 0 0 1 0 0 0 1 0 0 0</i>
                <i>1 0 0 0 1 0 0 0 1 0 0 0</i>
                <i>1 0 0 0 1 0 0 0 1 0 0 0</i>
                <i>1 0 0 0 1 0 0 0 1 0 0 0</i>
                <i>1 0 0 0 1 0 0 0 1 0 0 0</i>
                <i>1 0 0 0 1 0 0 0 1 0 0 0</i>
                <i>1 0 0 0 1 0 0 0 1 0 0 0</i>
                <i>1 0 0 0 1 0 0 0 1 0 0 0</i>
                <i>1 0 0 0 1 0 0 0 1 0 0 0</i>
                <i>1 0 0 0 1 0 0 0 1 0 0 0</i>
                <i>1 0 0 0 1 0 0 0 1 0 0 0</i>
                <i>1 0 0 0 1 0 0 0 1 0 0 0</i>
                <i>1 0 0 0 1 0 0 0 1 0 0 0</i>
                <i>1 0 0 0 1 0 0 0 1 0 0 0</i>
                <i>1 0 0 0 1 0 0 0 1 0 0 0</i>
                <i>1 0 0 0 1 0 0 0 1 0 0 0</i>
                <i>1 0 0 0 1 0 0 0 1 0 0 0</i>
                <i>1 0 0 0 1 0 0 0 1 0 0 0</i>
                <i>1 0 0 0 1 0 0 0 1 0 0 0</i>
                <i>1 0 0 0 1 0 0 0 1 0 0 0</i>
                <i>1 0 0 0 1 0 0 0 1 0 0 0</i>
                <i>1 0 0 0 1 0 0 0 1 0 0 0</i>
                <i>1 0 0 0 1 0 0 0 1 0 0 0</i>
                <i>1 0 0 0 1 0 0 0 1 0 0 0</i>
                <i>1 0 0 0 1 0 0 0 1 0 0 0</i>
                <i>1 0 0 0 1 0 0 0 1 0 0 0</i>
                <i>1 0 0 0 1 0 0 0 1 0 0 0</i>
                <i>1 0 0 0 1 0 0 0 1 0 0 0</i>
                <i>1 0 0 0 1 0 0 0 1 0 0 0</i>
                <i>1 0 0 0 1 0 0 0 1 0 0 0</i>
                <i>1 0 0 0 1 0 0 0 1 0 0 0</i>
                <i>1 0 0 0 1 0 0 0 1 0 0 0</i>
                <i>1 0 0 0 1 0 0 0 1 0 0 0</i>
                <i>1 0 0 0 1 0 0 0 1 0 0 0</i>
                <i>1 0 0 0 1 0 0 0 1 0 0 0</i>
                <i>1 0 0 0 1 0 0 0 1 0 0 0</i>
                <i>1 0 0 0 1 0 0 0 1 0 0 0</i>
                <i>1 0 0 0 1 0 0 0 1 0 0 0</i>
                <i>1 0 0 0 1 0 0 0 1 0 0 0</i>
                <i>1 0 0 0 1 0 0 0 1 0 0 0</i>
                <i>1 0 0 0 1 0 0 0 1 0 0 0</i>
                <i>1 0 0 0 1 0 0 0 1 0 0 0</i>
                <i>1 0 0 0 1 0 0 0 1 0 0 0</i>
                <i>1 0 0 0 1 0 0 0 1 0 0 0</i>
                <i>1 0 0 0 1 0 0 0 1 0 0 0</i>
                <i>1 0 0 0 1 0 0 0 1 0 0 0</i>
                <i>1 0 0 0 1 0 0 0 1 0 0 0</i>
                <i>1 0 0 0 1 0 0 0 1 0 0 0</i>
                <i>1 0 0 0 1 0 0 0 1 0 0 0</i>
                <i>1 0 0 0 1 0 0 0 1 0 0 0</i>
                <i>1 0 0 0 1 0 0 0 1 0 0 0</i>
                <i>1 0 0 0 1 0 0 0 1 0 0 0</i>
                <i>1 0 0 0 1 0 0 0 1 0 0 0</i>
                <i>1 0 0 0 1 0 0 0 1 0 0 0</i>
                <i>1 0 0 0 1 0 0 0 1 0 0 0</i>
                <i>1 0 0 0 1 0 0 0 1 0 0 0</i>
                <i>1 0 0 0 1 0 0 0 1 0 0 0</i>
                <i>1 0 0 0 1 0 0 0 1 0 0 0</i>
                <i>1 0 0 0 1 0 0 0 1 0 0 0</i>
                <i>1 0 0 0 1 0 0 0 1 0 0 0</i>
                <i>1 0 0 0 1 0 0 0 1 0 0 0</i>
                <i>1 0 0 0 1 0 0 0 1 0 0 0</i>
                <i>1 0 0 0 1 0 0 0 1 0 0 0</i>
                <i>1 0 0 0 1 0 0 0 1 0 0 0</i>
                <i>1 0 0 0 1 0 0 0 1 0 0 0</i>
                <i>1 0 0 0 1 0 0 0 1 0 0 0</i>
                <i>1 0 0 0 1 0 0 0 1 0 0 0</i>
                <i>1 0 0 0 1 0 0 0 1 0 0 0</i>
                <i>1 0 0 0 1 0 0 0 1 0 0 0</i>
                <i>1 0 0 0 1 0 0 0 1 0 0 0</i>
                <i>1 0 0 0 1 0 0 0 1 0 0 0</i>
                <i>1 0 0 0 1 0 0 0 1 0 0 0</i>
                <i>1 0 0 0 1 0 0 0 1 0 0 0</i>
                <i>1 0 0 0 1 0 0 0 1 0 0 0</i>
                <i>1 0 0 0 1 0 0 0 1 0 0 0</i>
                <i>1 0 0 0 1 0 0 0 1 0 0 0</i>
                <i>1 0 0 0 1 0 0 0 1 0 0 0</i>
                <i>1 0 0 0 1 0 0 0 1 0 0 0</i>
                <i>1 0 0 0 1 0 0 0 1 0 0 0</i>
                <i>1 0 0 0 1 0 0 0 1 0 0 0</i>
                <i>1 0 0 0 1 0 0 0 1 0 0 0</i>
                <i>1 0 0 0 1 0 0 0 1 0 0 0</i>
                <i>1 0 0 0 1 0 0 0 1 0 0 0</i>
                <i>1 0 0 0 1 0 0 0 1 0 0 0</i>
                <i>1 0 0 0 1 0 0 0 1 0 0 0</i>
                <i>1 0 0 0 1 0 0 0 1 0 0 0</i>
                <i>1 0 0 0 1 0 0 0 1 0 0 0</i>
                <i>1 0 0 0 1 0 0 0 1 0 0 0</i>
                <i>1 0 0 0 1 0 0 0 1 0 0 0</i>
                <i>1 0 0 0 1 0 0 0 1 0 0 0</i>
                <i>1 0 0 0 1 0 0 0 1 0 0 0</i>
                <i>1 0 0 0 1 0 0 0 1 0 0 0</i>
                <i>1 0 0 0 1 0 0 0 1 0 0 0</i>
                <i>1 0 0 0 1 0 0 0 1 0 0 0</i>
                <i>1 0 0 0 1 0 0 0 1 0 0 0</i>
                <i>1 0 0 0 1 0 0 0 1 0 0 0</i>
                <i>1 0 0 0 1 0 0 0 1 0 0 0</i>
                <i>1 0 0 0 1 0 0 0 1 0 0 0</i>
                <i>1 0 0 0 1 0 0 0 1 0 0 0</i>
                <i>1 0 0 0 1 0 0 0 1 0 0 0</i>
                <i>1 0 0 0 1 0 0 0 1 0 0 0</i>
                <i>1 0 0 0 1 0 0 0 1 0 0 0</i>
                <i>1 0 0 0 1 0 0 0 1 0 0 0</i>
                <i>1 0 0 0 1 0 0 0 1 0 0 0</i>
                <i>1 0 0 0 1 0 0 0 1 0 0 0</i>
                <i>1 0 0 0 1 0 0 0 1 0 0 0</i>
                <i>1 0 0 0 1 0 0 0 1 0 0 0</i>
                <i>1 0 0 0 1 0 0 0 1 0 0 0</i>
                <i>1 0 0 0 1 0 0 0 1 0 0 0</i>
                <i>1 0 0 0 1 0 0 0 1 0 0 0</i>
                <i>1 0 0 0 1 0 0 0 1 0 0 0</i>
                <i>1 0 0 0 1 0 0 0 1 0 0 0</i>
                <i>1 0 0 0 1 0 0 0 1 0 0 0</i>
                <i>1 0 0 0 1 0 0 0 1 0 0 0</i>
                <i>1 0 0 0 1 0 0 0 1 0 0 0</i>
                <i>1 0 0 0 1 0 0 0 1 0 0 0</i>
                <i>1 0 0 0 1 0 0 0 1 0 0 0</i>
                <i>1 0 0 0 1 0 0 0 1 0 0 0</i>
                <i>1 0 0 0 1 0 0 0 1 0 0 0</i>
                <i>1 0 0 0 1 0 0 0 1 0 0 0</i>
            </KeyFrames>
        </RefFrame>
        <Bones count="38">
            <i>
                <p>
                    <Name><![CDATA[sub_typhoon_root]]></Name>
                    <Exclude>0</Exclude>
                    <Additive>0</Additive>
                    <IKPriority>0</IKPriority>
                    <IKRotLimits>-1e+010 -1e+010 -1e+010 1e+010 1e+010 1e+010</IKRotLimits>
                    <IKRotLimitOrder>0</IKRotLimitOrder>
                    <KeyFrames count="181">
                        <i>1 -0.000349766 0 0.000349766 1 0 0 0 1 0 -0.00614892 0</i>
                        <i>0.999993 -0.00368573 0 0.00368573 0.999993 -0.00101178 3.72916e-006 0.00101178 0.999999 0 -2.39909 0</i>
                        <i>0.999916 -0.0129738 1.69407e-021 0.0129738 0.999913 -0.00227739 2.95464e-005 0.0022772 0.999997 0 -3.8435 0</i>
                        <i>0.999668 -0.0257836 6.77626e-021 0.0257835 0.999661 -0.00373823 9.63852e-005 0.00373699 0.999993 0 -3.73402 0</i>
                        <i>0.999212 -0.0396836 1.35525e-020 0.0396831 0.999198 -0.00533574 0.000211742 0.00533154 0.999986 0 -3.40336 0</i>
                        <i>0.998634 -0.0522444 0 0.0522432 0.99861 -0.00701133 0.000366303 0.00700176 0.999975 0 -2.91309 0</i>
                        <i>0.998135 -0.0610425 5.42101e-020 0.0610402 0.998097 -0.00870643 0.000531462 0.00869019 0.999962 0 -2.32478 0</i>
                        <i>0.997972 -0.063659 0 0.0636556 0.997918 -0.0103625 0.000659663 0.0103414 0.999946 0 -1.69999 0</i>
                        <i>0.998175 -0.0603875 0 0.0603833 0.998104 -0.0119208 0.00071987 0.0118991 0.999929 0 -1.10028 0</i>
                        <i>0.998558 -0.0536825 5.42101e-020 0.0536777 0.998469 -0.013323 0.000715212 0.0133038 0.999911 0 -0.587201 0</i>
                        <i>0.999015 -0.0443656 0 0.0443609 0.99891 -0.0145104 0.000643762 0.0144961 0.999895 0 -0.222327 0</i>
                        <i>0.999447 -0.0332598 -5.42101e-020 0.0332558 0.999328 -0.0154244 0.000513014 0.0154159 0.999881 0 -0.0236939 0</i>
                        <i>0.999775 -0.0211902 2.71051e-020 0.0211874 0.999647 -0.0160066 0.000339183 0.016003 0.999872 0 0.0565699 0</i>
                        <i>0.99996 -0.00898365 0 0.00898247 0.999828 -0.0161983 0.00014552 0.0161977 0.999869 0 0.0557693 0</i>
                        <i>0.999997 0.00253191 0 -0.00253159 0.99987 -0.015941 -4.03613e-005 0.015941 0.999873 0 0.0112094 0</i>
                        <i>0.999922 0.0125289 0 -0.0125274 0.999806 -0.0151762 -0.00019014 0.015175 0.999885 0 -0.039805 0</i>
                        <i>0.999796 0.0201806 2.71051e-020 -0.0201787 0.999701 -0.0138451 -0.000279403 0.0138423 0.999904 0 -0.059969 0</i>
                        <i>0.999903 0.0139503 0 -0.0139493 0.999828 -0.0122085 -0.000170312 0.0122073 0.999925 0 -0.0365617 0</i>
                        <i>0.99999 0.00455444 3.38813e-021 -0.00455419 0.999934 -0.0105659 -4.81219e-005 0.0105658 0.999944 0 0.0159184 0</i>
                        <i>0.99999 0.00443042 0 -0.00443024 0.99995 -0.00891748 -3.95082e-005 0.0089174 0.99996 0 0.0939471 0</i>
                        <i>0.999991 0.00430872 0 -0.0043086 0.999964 -0.00726324 -3.12953e-005 0.00726318 0.999974 0 0.194 0</i>
                        <i>0.999991 0.00418932 0 -0.00418925 0.999976 -0.00560325 -2.34738e-005 0.0056032 0.999984 0 0.312553 0</i>
                        <i>0.999992 0.00407219 0 -0.00407216 0.999984 -0.00393757 -1.60346e-005 0.00393754 0.999992 0 0.446081 0</i>
                        <i>0.999992 0.00395733 0 -0.00395732 0.99999 -0.00226626 -8.96833e-006 0.00226624 0.999997 0 0.591061 0</i>
                        <i>0.999993 0.00384469 0 -0.00384469 0.999992 -0.000589376 -2.26597e-006 0.000589372 1 0 0.743967 0</i>
                        <i>0.999993 0.00373428 0 -0.00373427 0.999992 0.00109302 4.08165e-006 -0.00109302 0.999999 0 0.901277 0</i>
                        <i>0.999993 0.00362605 0 -0.00362604 0.99999 0.00278087 1.00836e-005 -0.00278086 0.999996 0 1.05946 0</i>
                        <i>0.999994 0.00351999 0 -0.00351996 0.999984 0.00447412 1.57489e-005 -0.00447409 0.99999 0 1.21501 0</i>
                        <i>0.999994 0.00341609 -1.69407e-021 -0.00341602 0.999975 0.0061727 2.10865e-005 -0.00617267 0.999981 0 1.36438 0</i>
                        <i>0.999995 0.00331431 1.69407e-021 -0.0033142 0.999963 0.00787656 2.61053e-005 -0.00787652 0.999969 0 1.50405 0</i>
                        <i>0.999995 0.00321463 0 -0.00321448 0.999949 0.00958564 3.08143e-005 -0.00958559 0.999954 0 1.63051 0</i>
                        <i>0.999995 0.00311704 0 -0.00311684 0.999931 0.0112999 3.52221e-005 -0.0112998 0.999936 0 1.74023 0</i>
                        <i>0.999995 0.00302151 0 -0.00302125 0.999911 0.0130192 3.93376e-005 -0.0130191 0.999915 0 1.82968 0</i>
                        <i>0.999996 0.00292801 0 -0.0029277 0.999887 0.0147436 4.31694e-005 -0.0147435 0.999891 0 1.89533 0</i>
                        <i>0.999996 0.00283654 0 -0.00283616 0.99986 0.0164729 4.67261e-005 -0.0164728 0.999864 0 1.93367 0</i>
                        <i>0.999996 0.00274706 3.38813e-021 -0.00274661 0.99983 0.0182072 5.00163e-005 -0.0182071 0.999834 0 1.94117 0</i>
                        <i>0.999996 0.00265956 0 -0.00265903 0.999798 0.0199463 5.30484e-005 -0.0199462 0.999801 0 1.91431 0</i>
                        <i>0.999997 0.00257401 0 -0.00257341 0.999761 0.0216902 5.58309e-005 -0.0216901 0.999765 0 1.84955 0</i>
                        <i>0.999997 0.0024904 3.38813e-021 -0.00248971 0.999722 0.0234389 5.83721e-005 -0.0234388 0.999725 0 1.74338 0</i>
                        <i>0.999997 0.00240869 0 -0.00240792 0.99968 0.0251922 6.06802e-005 -0.0251921 0.999683 0 1.59228 0</i>
                        <i>0.999997 0.00232887 0 -0.00232802 0.999634 0.0269502 6.27633e-005 -0.0269501 0.999637 0 1.39271 0</i>
                        <i>0.999997 0.00225091 -6.77626e-021 -0.00224999 0.999585 0.0287127 6.46297e-005 -0.0287126 0.999588 0 1.14116 0</i>
                        <i>0.999998 0.00217481 0 -0.00217379 0.999533 0.0304797 6.62873e-005 -0.0304796 0.999535 0 0.834098 0</i>
                        <i>0.999998 0.00210052 -6.77626e-021 -0.00209943 0.999478 0.0322511 6.7744e-005 -0.032251 0.99948 0 0.467999 0</i>
                        <i>0.999998 0.00202803 6.77626e-021 -0.00202686 0.999419 0.0340269 6.90077e-005 -0.0340268 0.999421 0 0.0393423 0</i>
                        <i>0.999998 0.00195733 0 -0.00195607 0.999357 0.035807 7.00861e-005 -0.035807 0.999359 0 -0.42317 0</i>
                        <i>0.999998 0.00188838 6.77626e-021 -0.00188705 0.999291 0.0375914 7.09869e-005 -0.0375913 0.999293 0 -0.888467 0</i>
                        <i>0.999998 0.00182117 -6.77626e-021 -0.00181976 0.999223 0.03938 7.17176e-005 -0.0393799 0.999224 0 -1.35651 0</i>
                        <i>0.999998 0.00175567 6.77626e-021 -0.00175418 0.999151 0.0411727 7.22857e-005 -0.0411726 0.999152 0 -1.82728 0</i>
                        <i>0.999999 0.00169187 0 -0.0016903 0.999075 0.0429694 7.26986e-005 -0.0429694 0.999076 0 -2.30074 0</i>
                        <i>0.999999 0.00162973 6.77626e-021 -0.0016281 0.998996 0.0447702 7.29635e-005 -0.0447702 0.998997 0 -2.77686 0</i>
                        <i>0.999999 0.00156925 0 -0.00156755 0.998914 0.046575 7.30877e-005 -0.0465749 0.998915 0 -3.2556 0</i>
                        <i>0.999999 0.00151039 -6.77626e-021 -0.00150862 0.998828 0.0483836 7.30781e-005 -0.0483835 0.998829 0 -3.73694 0</i>
                        <i>0.999999 0.00145314 0 -0.00145131 0.998738 0.050196 7.29419e-005 -0.0501959 0.998739 0 -4.22084 0</i>
                        <i>0.999999 0.00139747 0 -0.00139558 0.998645 0.0520122 7.26857e-005 -0.0520122 0.998646 0 -4.70728 0</i>
                        <i>0.999999 0.00134337 0 -0.00134142 0.998549 0.0538321 7.23164e-005 -0.0538321 0.99855 0 -5.19623 0</i>
                        <i>0.999999 0.00129081 0 -0.00128881 0.998449 0.0556556 7.18407e-005 -0.0556556 0.99845 0 -5.68764 0</i>
                        <i>0.999999 0.00123976 6.77626e-021 -0.00123771 0.998346 0.0574828 7.12649e-005 -0.0574827 0.998347 0 -6.1815 0</i>
                        <i>0.999999 0.00119021 0 -0.00118812 0.998239 0.0593134 7.05957e-005 -0.0593134 0.998239 0 -6.67776 0</i>
                        <i>0.999999 0.00114214 0 -0.00114001 0.998128 0.0611475 6.98392e-005 -0.0611475 0.998129 0 -7.17641 0</i>
                        <i>0.999999 0.00109553 0 -0.00109335 0.998014 0.062985 6.90017e-005 -0.062985 0.998014 0 -7.6774 0</i>
                        <i>0.999999 0.00105034 0 -0.00104813 0.997896 0.0648258 6.80892e-005 -0.0648258 0.997897 0 -8.18071 0</i>
                        <i>1 0.00100657 -6.77626e-021 -0.00100433 0.997775 0.0666699 6.71077e-005 -0.0666699 0.997775 0 -8.68631 0</i>
                        <i>1 0.00096418 0 -0.000961914 0.997649 0.0685172 6.60629e-005 -0.0685172 0.99765 0 -9.19417 0</i>
                        <i>1 0.000923161 -6.77626e-021 -0.000920873 0.997521 0.0703677 6.49607e-005 -0.0703676 0.997521 0 -9.70424 0</i>
                        <i>1 0.000883488 0 -0.000881181 0.997388 0.0722212 6.38066e-005 -0.0722212 0.997389 0 -10.2165 0</i>
                        <i>1 0.000845139 6.77626e-021 -0.000842817 0.997252 0.0740778 6.2606e-005 -0.0740777 0.997252 0 -10.7309 0</i>
                        <i>1 0.000808092 0 -0.000805758 0.997112 0.0759373 6.13643e-005 -0.0759373 0.997113 0 -11.2475 0</i>
                        <i>1 0.000772325 -3.38813e-021 -0.000769984 0.996969 0.0777997 6.00866e-005 -0.0777997 0.996969 0 -11.7662 0</i>
                        <i>1 0.000737816 0 -0.000735471 0.996821 0.079665 5.87781e-005 -0.0796649 0.996822 0 -12.2869 0</i>
                        <i>1 0.000704545 3.38813e-021 -0.000702199 0.99667 0.081533 5.74437e-005 -0.081533 0.996671 0 -12.8097 0</i>
                        <i>1 0.000672489 0 -0.000670146 0.996516 0.0834038 5.60881e-005 -0.0834037 0.996516 0 -13.3344 0</i>
                        <i>1 0.000641626 3.38813e-021 -0.000639289 0.996357 0.0852771 5.47161e-005 -0.0852771 0.996357 0 -13.8612 0</i>
                        <i>1 0.000611936 0 -0.000609607 0.996195 0.0871531 5.33321e-005 -0.0871531 0.996195 0 -14.3899 0</i>
                        <i>1 0.000583395 3.38813e-021 -0.000581078 0.996029 0.0890316 5.19406e-005 -0.0890316 0.996029 0 -14.9205 0</i>
                        <i>1 0.000555983 0 -0.000553681 0.995859 0.0909126 5.05459e-005 -0.0909126 0.995859 0 -15.453 0</i>
                        <i>1 0.000529678 3.38813e-021 -0.000527392 0.995685 0.092796 4.9152e-005 -0.092796 0.995685 0 -15.9873 0</i>
                        <i>1 0.000504457 0 -0.000502191 0.995507 0.0946817 4.77629e-005 -0.0946817 0.995508 0 -16.5235 0</i>
                        <i>1 0.0004803 -3.38813e-021 -0.000478056 0.995326 0.0965697 4.63825e-005 -0.0965697 0.995326 0 -17.0615 0</i>
                        <i>1 0.000457185 0 -0.000454964 0.995141 0.0984599 4.50144e-005 -0.0984599 0.995141 0 -17.6012 0</i>
                        <i>1 0.00043509 0 -0.000432894 0.994952 0.100352 4.36623e-005 -0.100352 0.994952 0 -18.1426 0</i>
                        <i>1 0.000413993 0 -0.000411823 0.994759 0.102247 4.23294e-005 -0.102247 0.994759 0 -18.6857 0</i>
                        <i>1 0.000393872 0 -0.000391731 0.994562 0.104143 4.10191e-005 -0.104143 0.994562 0 -19.2306 0</i>
                        <i>1 0.000374707 0 -0.000372594 0.994362 0.106042 3.97345e-005 -0.106042 0.994362 0 -19.777 0</i>
                        <i>1 0.000356474 0 -0.000354391 0.994157 0.107942 3.84785e-005 -0.107942 0.994157 0 -20.325 0</i>
                        <i>1 0.000339153 -3.38813e-021 -0.000337101 0.993949 0.109844 3.7254e-005 -0.109844 0.993949 0 -20.8746 0</i>
                        <i>1 0.000322722 0 -0.0003207 0.993737 0.111748 3.60635e-005 -0.111748 0.993737 0 -21.4258 0</i>
                        <i>1 0.000307158 0 -0.000305168 0.99352 0.113654 3.49097e-005 -0.113654 0.99352 0 -21.9785 0</i>
                        <i>1 0.000292442 0 -0.000290482 0.9933 0.115561 3.37949e-005 -0.115561 0.9933 0 -22.5326 0</i>
                        <i>1 0.000278549 0 -0.000276621 0.993076 0.11747 3.27212e-005 -0.11747 0.993076 0 -23.0882 0</i>
                        <i>1 0.00026546 0 -0.000263561 0.992849 0.119381 3.16907e-005 -0.119381 0.992849 0 -23.6452 0</i>
                        <i>1 0.000253152 0 -0.000251283 0.992617 0.121292 3.07054e-005 -0.121292 0.992617 0 -24.2036 0</i>
                        <i>1 0.000241603 0 -0.000239762 0.992381 0.123206 2.97669e-005 -0.123206 0.992381 0 -24.7633 0</i>
                        <i>1 0.000230792 0 -0.000228979 0.992142 0.12512 2.88768e-005 -0.12512 0.992142 0 -25.3244 0</i>
                        <i>1 0.000220698 0 -0.00021891 0.991898 0.127036 2.80366e-005 -0.127036 0.991898 0 -25.8868 0</i>
                        <i>1 0.000211298 -1.69407e-021 -0.000209533 0.991651 0.128954 2.72476e-005 -0.128954 0.991651 0 -26.4504 0</i>
                        <i>1 0.00020257 0 -0.000200828 0.991399 0.130872 2.65107e-005 -0.130872 0.991399 0 -27.0153 0</i>
                        <i>1 0.000194494 0 -0.000192771 0.991144 0.132791 2.58271e-005 -0.132791 0.991144 0 -27.5813 0</i>
                        <i>1 0.000187047 1.69407e-021 -0.000185342 0.990885 0.134712 2.51974e-005 -0.134712 0.990885 0 -28.1486 0</i>
                        <i>1 0.000180207 -1.69407e-021 -0.000178517 0.990622 0.136633 2.46223e-005 -0.136633 0.990622 0 -28.7169 0</i>
                        <i>1 0.000173954 0 -0.000172276 0.990355 0.138555 2.41022e-005 -0.138555 0.990355 0 -29.2864 0</i>
                        <i>1 0.000168264 -1.69407e-021 -0.000166596 0.990084 0.140478 2.36375e-005 -0.140478 0.990084 0 -29.857 0</i>
                        <i>1 0.000163118 0 -0.000161455 0.989809 0.142402 2.32283e-005 -0.142402 0.989809 0 -30.4286 0</i>
                        <i>1 0.000158492 0 -0.000156832 0.98953 0.144327 2.28746e-005 -0.144327 0.98953 0 -31.0012 0</i>
                        <i>1 0.000154365 1.69407e-021 -0.000152705 0.989247 0.146252 2.25762e-005 -0.146252 0.989247 0 -31.5748 0</i>
                        <i>1 0.000150715 1.69407e-021 -0.000149052 0.988961 0.148178 2.23327e-005 -0.148178 0.988961 0 -32.1493 0</i>
                        <i>1 0.000147522 0 -0.00014585 0.98867 0.150105 2.21437e-005 -0.150105 0.98867 0 -32.7248 0</i>
                        <i>1 0.000144762 1.69407e-021 -0.000143079 0.988376 0.152032 2.20084e-005 -0.152032 0.988376 0 -33.3011 0</i>
                        <i>1 0.000142415 -1.69407e-021 -0.000140717 0.988077 0.153959 2.1926e-005 -0.153959 0.988077 0 -33.8783 0</i>
                        <i>1 0.000140458 1.69407e-021 -0.000138741 0.987775 0.155886 2.18955e-005 -0.155886 0.987775 0 -34.4564 0</i>
                        <i>1 0.00013887 0 -0.00013713 0.987469 0.157814 2.19157e-005 -0.157814 0.987469 0 -35.0352 0</i>
                        <i>1 0.00013763 1.69407e-021 -0.000135862 0.987159 0.159743 2.19853e-005 -0.159743 0.987159 0 -35.6148 0</i>
                        <i>1 0.000136715 0 -0.000134916 0.986845 0.161671 2.21028e-005 -0.161671 0.986845 0 -36.1951 0</i>
                        <i>1 0.000136103 0 -0.00013427 0.986527 0.163599 2.22664e-005 -0.163599 0.986527 0 -36.7762 0</i>
                        <i>1 0.000135774 0 -0.000133901 0.986205 0.165528 2.24744e-005 -0.165528 0.986205 0 -37.3579 0</i>
                        <i>1 0.000135705 0 -0.000133789 0.98588 0.167456 2.27247e-005 -0.167456 0.98588 0 -37.9402 0</i>
                        <i>1 0.000135875 1.69407e-021 -0.000133912 0.98555 0.169384 2.30152e-005 -0.169384 0.98555 0 -38.5232 0</i>
                        <i>1 0.000136262 0 -0.000134248 0.985217 0.171313 2.33435e-005 -0.171313 0.985217 0 -39.1067 0</i>
                        <i>1 0.000136845 -1.69407e-021 -0.000134776 0.984879 0.173241 2.37071e-005 -0.173241 0.984879 0 -39.6908 0</i>
                        <i>1 0.000137601 -1.69407e-021 -0.000135473 0.984538 0.175168 2.41033e-005 -0.175168 0.984538 0 -40.2754 0</i>
                        <i>1 0.000138508 0 -0.000136319 0.984194 0.177096 2.45293e-005 -0.177096 0.984194 0 -40.8605 0</i>
                        <i>1 0.000139546 0 -0.000137292 0.983845 0.179023 2.4982e-005 -0.179023 0.983845 0 -41.4461 0</i>
                        <i>1 0.000140693 0 -0.000138371 0.983492 0.180949 2.54583e-005 -0.180949 0.983492 0 -42.0321 0</i>
                        <i>1 0.000141926 -1.69407e-021 -0.000139533 0.983136 0.182875 2.59548e-005 -0.182875 0.983136 0 -42.6184 0</i>
                        <i>1 0.000143225 1.69407e-021 -0.000140758 0.982776 0.184801 2.6468e-005 -0.184801 0.982776 0 -43.2052 0</i>
                        <i>1 0.000144567 3.38813e-021 -0.000142024 0.982412 0.186725 2.69943e-005 -0.186725 0.982412 0 -43.7922 0</i>
                        <i>1 0.00014593 0 -0.00014331 0.982044 0.18865 2.75297e-005 -0.18865 0.982044 0 -44.3796 0</i>
                        <i>1 0.000147294 3.38813e-021 -0.000144594 0.981673 0.190573 2.80702e-005 -0.190573 0.981673 0 -44.9672 0</i>
                        <i>1 0.000148636 1.69407e-021 -0.000145856 0.981298 0.192495 2.86117e-005 -0.192495 0.981298 0 -45.5551 0</i>
                        <i>1 0.000149934 -3.38813e-021 -0.000147073 0.980919 0.194417 2.91497e-005 -0.194417 0.980919 0 -46.1431 0</i>
                        <i>1 0.000151167 0 -0.000148225 0.980536 0.196338 2.96799e-005 -0.196338 0.980536 0 -46.7314 0</i>
                        <i>1 0.000152314 0 -0.00014929 0.98015 0.198257 3.01974e-005 -0.198257 0.98015 0 -47.3198 0</i>
                        <i>1 0.000153352 0 -0.000150248 0.97976 0.200176 3.06974e-005 -0.200176 0.97976 0 -47.9083 0</i>
                        <i>1 0.00015426 0 -0.000151077 0.979366 0.202094 3.11749e-005 -0.202094 0.979366 0 -48.4969 0</i>
                        <i>1 0.000155016 3.38813e-021 -0.000151756 0.978969 0.20401 3.16247e-005 -0.20401 0.978969 0 -49.0855 0</i>
                        <i>1 0.000155598 -3.38813e-021 -0.000152263 0.978568 0.205925 3.20415e-005 -0.205925 0.978568 0 -49.6742 0</i>
                        <i>1 0.000155985 0 -0.000152579 0.978163 0.207839 3.24197e-005 -0.207839 0.978163 0 -50.2628 0</i>
                        <i>1 0.000156155 0 -0.000152681 0.977755 0.209751 3.27537e-005 -0.209751 0.977755 0 -50.8514 0</i>
                        <i>1 0.000156086 0 -0.00015255 0.977343 0.211662 3.30376e-005 -0.211662 0.977343 0 -51.44 0</i>
                        <i>1 0.000155757 0 -0.000152163 0.976927 0.213572 3.32653e-005 -0.213572 0.976927 0 -52.0284 0</i>
                        <i>1 0.000155146 0 -0.000151501 0.976508 0.21548 3.34308e-005 -0.21548 0.976508 0 -52.6167 0</i>
                        <i>1 0.000154231 3.38813e-021 -0.000150542 0.976086 0.217386 3.35276e-005 -0.217386 0.976086 0 -53.2049 0</i>
                        <i>1 0.00015299 -3.38813e-021 -0.000149266 0.97566 0.219291 3.35493e-005 -0.219291 0.97566 0 -53.7928 0</i>
                        <i>1 0.000151402 0 -0.000147652 0.97523 0.221194 3.34893e-005 -0.221194 0.97523 0 -54.3805 0</i>
                        <i>1 0.000149446 0 -0.000145679 0.974797 0.223095 3.33406e-005 -0.223095 0.974797 0 -54.968 0</i>
                        <i>1 0.000147098 0 -0.000143327 0.97436 0.224994 3.30963e-005 -0.224994 0.97436 0 -55.5551 0</i>
                        <i>1 0.000144339 0 -0.000140574 0.97392 0.226892 3.27493e-005 -0.226892 0.97392 0 -56.142 0</i>
                        <i>1 0.000141145 -3.38813e-021 -0.000137401 0.973476 0.228787 3.22922e-005 -0.228787 0.973476 0 -56.7285 0</i>
                        <i>1 0.000137496 3.38813e-021 -0.000133787 0.973029 0.230681 3.17176e-005 -0.230681 0.973029 0 -57.3146 0</i>
                        <i>1 0.000133369 3.38813e-021 -0.000129712 0.972579 0.232572 3.10179e-005 -0.232572 0.972579 0 -57.9003 0</i>
                        <i>1 0.000128743 0 -0.000125154 0.972125 0.234462 3.01853e-005 -0.234462 0.972125 0 -58.4855 0</i>
                        <i>1 0.000123596 -1.69407e-021 -0.000120094 0.971668 0.236349 2.92118e-005 -0.236349 0.971668 0 -59.0703 0</i>
                        <i>1 0.000117907 0 -0.000114512 0.971208 0.238234 2.80894e-005 -0.238234 0.971208 0 -59.6545 0</i>
                        <i>1 0.000111653 0 -0.000108387 0.970744 0.240116 2.68098e-005 -0.240116 0.970744 0 -60.2383 0</i>
                        <i>1 0.000104814 1.69407e-021 -0.000101698 0.970277 0.241996 2.53646e-005 -0.241996 0.970277 0 -60.8214 0</i>
                        <i>1 9.73667e-005 0 -9.44269e-005 0.969807 0.243874 2.37452e-005 -0.243874 0.969807 0 -61.404 0</i>
                        <i>1 8.92903e-005 1.69407e-021 -8.65521e-005 0.969333 0.245749 2.1943e-005 -0.245749 0.969333 0 -61.9859 0</i>
                        <i>1 8.05628e-005 -1.69407e-021 -7.80538e-005 0.968857 0.247622 1.99491e-005 -0.247622 0.968857 0 -62.5672 0</i>
                        <i>1 7.11626e-005 0 -6.89122e-005 0.968377 0.249492 1.77545e-005 -0.249492 0.968377 0 -63.1478 0</i>
                        <i>1 6.1068e-005 -1.69407e-021 -5.91073e-005 0.967894 0.25136 1.535e-005 -0.25136 0.967894 0 -63.7276 0</i>
                        <i>1 5.02572e-005 0 -4.86192e-005 0.967407 0.253225 1.27264e-005 -0.253225 0.967407 0 -64.3067 0</i>
                        <i>1 3.87087e-005 0 -3.74281e-005 0.966918 0.255087 9.87407e-006 -0.255087 0.966918 0 -64.885 0</i>
                        <i>1 2.64005e-005 0 -2.55142e-005 0.966426 0.256946 6.78351e-006 -0.256946 0.966426 0 -65.4625 0</i>
                        <i>1 1.33112e-005 2.11758e-022 -1.28577e-005 0.96593 0.258802 3.44497e-006 -0.258802 0.96593 0 -66.0391 0</i>
                        <i>1 -5.81109e-007 0 5.61021e-007 0.965432 0.260656 -1.51469e-007 -0.260656 0.965432 0 -66.6149 0</i>
                        <i>1 -1.5298e-005 4.23516e-022 1.47615e-005 0.96493 0.262506 -4.01583e-006 -0.262506 0.96493 0 -67.1898 0</i>
                        <i>1 -3.08613e-005 0 2.97634e-005 0.964426 0.264354 -8.1583e-006 -0.264354 0.964426 0 -67.7637 0</i>
                        <i>1 -4.72926e-005 8.47033e-022 4.55862e-005 0.963918 0.266198 -1.25892e-005 -0.266198 0.963918 0 -68.3366 0</i>
                        <i>1 -6.46137e-005 1.69407e-021 6.22493e-005 0.963408 0.268039 -1.7319e-005 -0.268039 0.963408 0 -68.9086 0</i>
                        <i>1 -8.28462e-005 0 7.97722e-005 0.962895 0.269877 -2.23583e-005 -0.269877 0.962895 0 -69.4795 0</i>
                        <i>1 -0.000102012 -1.69407e-021 9.8174e-005 0.962379 0.271712 -2.77178e-005 -0.271712 0.962379 0 -70.0493 0</i>
                        <i>1 -0.000122132 0 0.000117474 0.96186 0.273543 -3.34084e-005 -0.273543 0.96186 0 -70.618 0</i>
                        <i>1 -0.00014323 -3.38813e-021 0.000137692 0.961338 0.275371 -3.94413e-005 -0.275371 0.961338 0 -71.1856 0</i>
                        <i>1 -0.000165325 3.38813e-021 0.000158846 0.960814 0.277195 -4.58273e-005 -0.277195 0.960814 0 -71.7521 0</i>
                        <i>1 -0.00018844 0 0.000180957 0.960286 0.279016 -5.25779e-005 -0.279016 0.960286 0 -72.3174 0</i>
                        <i>1 -0.000212597 -3.38813e-021 0.000204041 0.959756 0.280834 -5.97045e-005 -0.280834 0.959756 0 -72.8814 0</i>
                        <i>1 -0.000237817 0 0.00022812 0.959224 0.282648 -6.72185e-005 -0.282648 0.959224 0 -73.4442 0</i>
                        <i>1 -0.000264123 -6.77626e-021 0.000253211 0.958688 0.284458 -7.51318e-005 -0.284458 0.958688 0 -74.0057 0</i>
                        <i>1 -0.000291535 -1.35525e-020 0.000279334 0.958151 0.286265 -8.3456e-005 -0.286265 0.958151 0 -74.5659 0</i>
                        <i>1 -0.000320075 0 0.000306507 0.95761 0.288067 -9.22032e-005 -0.288067 0.95761 0 -75.1247 0</i>
                        <i>1 -0.000349766 6.77626e-021 0.000334749 0.957067 0.289866 -0.000101385 -0.289866 0.957067 0 -75.6822 0</i>
                    </KeyFrames>
                </p>
            </i>
            <i>
                <p>
                    <Name><![CDATA[hatch_l_01]]></Name>
                    <Exclude>0</Exclude>
                    <Additive>0</Additive>
                    <IKPriority>0</IKPriority>
                    <IKRotLimits>-1e+010 -1e+010 -1e+010 1e+010 1e+010 1e+010</IKRotLimits>
                    <IKRotLimitOrder>0</IKRotLimitOrder>
                    <KeyFrames count="181">
                        <i>0.000349766 1 0 -1 0.000349766 0 0 0 1 11.7795 16.6501 41.5216</i>
                        <i>0.00368573 0.999993 -0.00101178 -0.999993 0.00368573 -2.24661e-019 3.72916e-006 0.00101178 0.999999 11.8352 14.2598 41.5048</i>
                        <i>0.0129738 0.999913 -0.00227739 -0.999916 0.0129738 -5.07376e-019 2.95464e-005 0.0022772 0.999997 11.9901 12.7573 41.4836</i>
                        <i>0.0257835 0.999661 -0.00373823 -0.999668 0.0257836 -8.36831e-019 9.63852e-005 0.00373699 0.999993 12.2033 12.7723 41.4591</i>
                        <i>0.0396831 0.999198 -0.00533574 -0.999212 0.0396836 -1.19833e-018 0.000211742 0.00533154 0.999986 12.4343 12.9978 41.4322</i>
                        <i>0.0522432 0.99861 -0.00701133 -0.998634 0.0522444 -1.55683e-018 0.000366303 0.00700176 0.999975 12.6432 13.3998 41.4038</i>
                        <i>0.0610402 0.998097 -0.00870643 -0.998135 0.0610425 -1.98743e-018 0.000531462 0.00869019 0.999962 12.7907 13.9461 41.375</i>
                        <i>0.0636556 0.997918 -0.0103625 -0.997972 0.063659 -2.30093e-018 0.000659663 0.0103414 0.999946 12.8377 14.6056 41.3468</i>
                        <i>0.0603833 0.998104 -0.0119208 -0.998175 0.0603875 -2.64696e-018 0.00071987 0.0118991 0.999929 12.7881 15.3116 41.3201</i>
                        <i>0.0536777 0.998469 -0.013323 -0.998558 0.0536825 -3.01251e-018 0.000715212 0.0133038 0.999911 12.6807 15.9681 41.296</i>
                        <i>0.0443609 0.99891 -0.0145104 -0.999015 0.0443656 -3.22195e-018 0.000643762 0.0144961 0.999895 12.5279 16.4995 41.2755</i>
                        <i>0.0332558 0.999328 -0.0154244 -0.999447 0.0332598 -3.37071e-018 0.000513014 0.0154159 0.999881 12.3425 16.874 41.2597</i>
                        <i>0.0211874 0.999647 -0.0160066 -0.999775 0.0211902 -3.58129e-018 0.000339183 0.016003 0.999872 12.1381 17.1261 41.2496</i>
                        <i>0.00898247 0.999828 -0.0161983 -0.99996 0.00898365 -3.59675e-018 0.00014552 0.0161977 0.999869 11.9289 17.2801 41.2463</i>
                        <i>-0.00253159 0.99987 -0.015941 -0.999997 -0.00253191 -3.53962e-018 -4.03613e-005 0.015941 0.999873 11.7298 17.3612 41.2508</i>
                        <i>-0.0125274 0.999806 -0.0151762 -0.999922 -0.0125289 -3.36979e-018 -0.00019014 0.015175 0.999885 11.5562 17.395 41.264</i>
                        <i>-0.0201787 0.999701 -0.0138451 -0.999796 -0.0201806 -3.10134e-018 -0.000279403 0.0138423 0.999904 11.4235 17.4078 41.287</i>
                        <i>-0.0139493 0.999828 -0.0122085 -0.999903 -0.0139503 -2.71083e-018 -0.000170312 0.0122073 0.999925 11.5331 17.2921 41.3152</i>
                        <i>-0.00455419 0.999934 -0.0105659 -0.99999 -0.00455444 -2.34949e-018 -4.81219e-005 0.0105658 0.999944 11.6957 17.1676 41.3433</i>
                        <i>-0.00443024 0.99995 -0.00891748 -0.99999 -0.00443042 -1.98008e-018 -3.95082e-005 0.0089174 0.99996 11.6981 17.176 41.3714</i>
                        <i>-0.0043086 0.999964 -0.00726324 -0.999991 -0.00430872 -1.61276e-018 -3.12953e-005 0.00726318 0.999974 11.7005 17.2061 41.3995</i>
                        <i>-0.00418925 0.999976 -0.00560325 -0.999991 -0.00418932 -1.24417e-018 -2.34738e-005 0.0056032 0.999984 11.7028 17.2545 41.4276</i>
                        <i>-0.00407216 0.999984 -0.00393757 -0.999992 -0.00407219 -8.74317e-019 -1.60346e-005 0.00393754 0.999992 11.7051 17.3177 41.4557</i>
                        <i>-0.00395732 0.99999 -0.00226626 -0.999992 -0.00395733 -5.03211e-019 -8.96833e-006 0.00226624 0.999997 11.7073 17.392 41.4838</i>
                        <i>-0.00384469 0.999992 -0.000589376 -0.999993 -0.00384469 -1.30868e-019 -2.26597e-006 0.000589372 1 11.7094 17.474 41.5118</i>
                        <i>-0.00373427 0.999992 0.00109302 -0.999993 -0.00373428 2.427e-019 4.08165e-006 -0.00109302 0.999999 11.7116 17.5601 41.5398</i>
                        <i>-0.00362604 0.99999 0.00278087 -0.999993 -0.00362605 6.17478e-019 1.00836e-005 -0.00278086 0.999996 11.7136 17.6469 41.5678</i>
                        <i>-0.00351996 0.999984 0.00447412 -0.999994 -0.00351999 9.93455e-019 1.57489e-005 -0.00447409 0.99999 11.7156 17.7308 41.5958</i>
                        <i>-0.00341602 0.999975 0.0061727 -0.999994 -0.00341609 1.37231e-018 2.10865e-005 -0.00617267 0.999981 11.7176 17.8083 41.6237</i>
                        <i>-0.0033142 0.999963 0.00787656 -0.999995 -0.00331431 1.74725e-018 2.61053e-005 -0.00787652 0.999969 11.7195 17.8758 41.6516</i>
                        <i>-0.00321448 0.999949 0.00958564 -0.999995 -0.00321463 2.12844e-018 3.08143e-005 -0.00958559 0.999954 11.7213 17.9299 41.6794</i>
                        <i>-0.00311684 0.999931 0.0112999 -0.999995 -0.00311704 2.50908e-018 3.52221e-005 -0.0112998 0.999936 11.7232 17.967 41.7073</i>
                        <i>-0.00302125 0.999911 0.0130192 -0.999995 -0.00302151 2.89084e-018 3.93376e-005 -0.0130191 0.999915 11.7249 17.9836 41.735</i>
                        <i>-0.0029277 0.999887 0.0147436 -0.999996 -0.00292801 3.27373e-018 4.31694e-005 -0.0147435 0.999891 11.7266 17.9762 41.7628</i>
                        <i>-0.00283616 0.99986 0.0164729 -0.999996 -0.00283654 3.65772e-018 4.67261e-005 -0.0164728 0.999864 11.7283 17.9412 41.7905</i>
                        <i>-0.00274661 0.99983 0.0182072 -0.999996 -0.00274706 4.03942e-018 5.00163e-005 -0.0182071 0.999834 11.73 17.8751 41.8181</i>
                        <i>-0.00265903 0.999798 0.0199463 -0.999996 -0.00265956 4.42897e-018 5.30484e-005 -0.0199462 0.999801 11.7315 17.7745 41.8457</i>
                        <i>-0.00257341 0.999761 0.0216902 -0.999997 -0.00257401 4.8162e-018 5.58309e-005 -0.0216901 0.999765 11.7331 17.6357 41.8732</i>
                        <i>-0.00248971 0.999722 0.0234389 -0.999997 -0.0024904 5.20109e-018 5.83721e-005 -0.0234388 0.999725 11.7346 17.4553 41.9007</i>
                        <i>-0.00240792 0.99968 0.0251922 -0.999997 -0.00240869 5.59379e-018 6.06802e-005 -0.0251921 0.999683 11.736 17.2297 41.9282</i>
                        <i>-0.00232802 0.999634 0.0269502 -0.999997 -0.00232887 5.98414e-018 6.27633e-005 -0.0269501 0.999637 11.7375 16.9554 41.9556</i>
                        <i>-0.00224999 0.999585 0.0287127 -0.999997 -0.00225091 6.38227e-018 6.46297e-005 -0.0287126 0.999588 11.7388 16.629 41.9829</i>
