<?xml version="1.0" encoding="ISO-8859-1" ?>
<Animl Version="1">
    <ModellingPackage>
        <![CDATA[Maya.2010]]>
</ModellingPackage>
    <SrcFile>
        <![CDATA[anims\bosses\red\mi12_homer\~src\mi12_homer_damaged_engines.mb]]>
</SrcFile>
    <FramesPerSecond>30</FramesPerSecond>
    <TotalFrames>31</TotalFrames>
    <Skeleton>
        <RefFrame>
            <Name>
                <![CDATA[mi12_homer_engine_r_ref_frame]]>
</Name>
            <Exclude>0</Exclude>
            <Additive>0</Additive>
            <IKPriority>0</IKPriority>
            <IKRotLimits>-1e+010 -1e+010 -1e+010 1e+010 1e+010 1e+010</IKRotLimits>
            <IKRotLimitOrder>0</IKRotLimitOrder>
            <KeyFrames count="31">
                <i>1 0 0 0 1 0 0 0 1 -31.8254 21.7941 3.59401</i>
                <i>1 0 0 0 1 0 0 0 1 -31.8254 21.5882 3.56926</i>
                <i>1 0 0 0 1 0 0 0 1 -31.8254 21.3823 3.54452</i>
                <i>1 0 0 0 1 0 0 0 1 -31.8254 21.2887 3.53327</i>
                <i>1 0 0 0 1 0 0 0 1 -31.8254 21.3823 3.54452</i>
                <i>1 0 0 0 1 0 0 0 1 -31.8254 21.5882 3.56926</i>
                <i>1 0 0 0 1 0 0 0 1 -31.8254 21.7941 3.59401</i>
                <i>1 0 0 0 1 0 0 0 1 -31.8254 21.5882 3.56926</i>
                <i>1 0 0 0 1 0 0 0 1 -31.8254 21.3823 3.54452</i>
                <i>1 0 0 0 1 0 0 0 1 -31.8254 21.2887 3.53327</i>
                <i>1 0 0 0 1 0 0 0 1 -31.8254 21.3823 3.54452</i>
                <i>1 0 0 0 1 0 0 0 1 -31.8254 21.5882 3.56926</i>
                <i>1 0 0 0 1 0 0 0 1 -31.8254 21.7941 3.59401</i>
                <i>1 0 0 0 1 0 0 0 1 -31.8254 21.5882 3.56926</i>
                <i>1 0 0 0 1 0 0 0 1 -31.8254 21.3823 3.54452</i>
                <i>1 0 0 0 1 0 0 0 1 -31.8254 21.2887 3.53327</i>
                <i>1 0 0 0 1 0 0 0 1 -31.8254 21.3823 3.54452</i>
                <i>1 0 0 0 1 0 0 0 1 -31.8254 21.5882 3.56926</i>
                <i>1 0 0 0 1 0 0 0 1 -31.8254 21.7941 3.59401</i>
                <i>1 0 0 0 1 0 0 0 1 -31.8254 21.5882 3.56926</i>
                <i>1 0 0 0 1 0 0 0 1 -31.8254 21.3823 3.54452</i>
                <i>1 0 0 0 1 0 0 0 1 -31.8254 21.2887 3.53327</i>
                <i>1 0 0 0 1 0 0 0 1 -31.8254 21.3823 3.54452</i>
                <i>1 0 0 0 1 0 0 0 1 -31.8254 21.5882 3.56926</i>
                <i>1 0 0 0 1 0 0 0 1 -31.8254 21.7941 3.59401</i>
                <i>1 0 0 0 1 0 0 0 1 -31.8254 21.5882 3.56926</i>
                <i>1 0 0 0 1 0 0 0 1 -31.8254 21.3823 3.54452</i>
                <i>1 0 0 0 1 0 0 0 1 -31.8254 21.2887 3.53327</i>
                <i>1 0 0 0 1 0 0 0 1 -31.8254 21.3823 3.54452</i>
                <i>1 0 0 0 1 0 0 0 1 -31.8254 21.5882 3.56926</i>
                <i>1 0 0 0 1 0 0 0 1 -31.8254 21.7941 3.59401</i>
            </KeyFrames>
        </RefFrame>
        <Bones count="4">
            <i>
                <p>
                    <Name>
                        <![CDATA[mi12_homer_engine_r_root]]>
</Name>
                    <Exclude>0</Exclude>
                    <Additive>0</Additive>
                    <IKPriority>0</IKPriority>
                    <IKRotLimits>-1e+010 -1e+010 -1e+010 1e+010 1e+010 1e+010</IKRotLimits>
                    <IKRotLimitOrder>0</IKRotLimitOrder>
                    <KeyFrames count="31">
                        <i>1 0 0 0 1 0 0 0 1 -31.8254 22.2251 3.6038</i>
                        <i>1 0 0 0 1 0 0 0 1 -31.8254 22.2251 3.6038</i>
                        <i>1 0 0 0 1 0 0 0 1 -31.8254 22.2251 3.6038</i>
                        <i>1 0 0 0 1 0 0 0 1 -31.8254 22.2251 3.6038</i>
                        <i>1 0 0 0 1 0 0 0 1 -31.8254 22.2251 3.6038</i>
                        <i>1 0 0 0 1 0 0 0 1 -31.8254 22.2251 3.6038</i>
                        <i>1 0 0 0 1 0 0 0 1 -31.8254 22.2251 3.6038</i>
                        <i>1 0 0 0 1 0 0 0 1 -31.8254 22.2251 3.6038</i>
                        <i>1 0 0 0 1 0 0 0 1 -31.8254 22.2251 3.6038</i>
                        <i>1 0 0 0 1 0 0 0 1 -31.8254 22.2251 3.6038</i>
                        <i>1 0 0 0 1 0 0 0 1 -31.8254 22.2251 3.6038</i>
                        <i>1 0 0 0 1 0 0 0 1 -31.8254 22.2251 3.6038</i>
                        <i>1 0 0 0 1 0 0 0 1 -31.8254 22.2251 3.6038</i>
                        <i>1 0 0 0 1 0 0 0 1 -31.8254 22.2251 3.6038</i>
                        <i>1 0 0 0 1 0 0 0 1 -31.8254 22.2251 3.6038</i>
                        <i>1 0 0 0 1 0 0 0 1 -31.8254 22.2251 3.6038</i>
                        <i>1 0 0 0 1 0 0 0 1 -31.8254 22.2251 3.6038</i>
                        <i>1 0 0 0 1 0 0 0 1 -31.8254 22.2251 3.6038</i>
                        <i>1 0 0 0 1 0 0 0 1 -31.8254 22.2251 3.6038</i>
                        <i>1 0 0 0 1 0 0 0 1 -31.8254 22.2251 3.6038</i>
                        <i>1 0 0 0 1 0 0 0 1 -31.8254 22.2251 3.6038</i>
                        <i>1 0 0 0 1 0 0 0 1 -31.8254 22.2251 3.6038</i>
                        <i>1 0 0 0 1 0 0 0 1 -31.8254 22.2251 3.6038</i>
                        <i>1 0 0 0 1 0 0 0 1 -31.8254 22.2251 3.6038</i>
                        <i>1 0 0 0 1 0 0 0 1 -31.8254 22.2251 3.6038</i>
                        <i>1 0 0 0 1 0 0 0 1 -31.8254 22.2251 3.6038</i>
                        <i>1 0 0 0 1 0 0 0 1 -31.8254 22.2251 3.6038</i>
                        <i>1 0 0 0 1 0 0 0 1 -31.8254 22.2251 3.6038</i>
                        <i>1 0 0 0 1 0 0 0 1 -31.8254 22.2251 3.6038</i>
                        <i>1 0 0 0 1 0 0 0 1 -31.8254 22.2251 3.6038</i>
                        <i>1 0 0 0 1 0 0 0 1 -31.8254 22.2251 3.6038</i>
                    </KeyFrames>
                </p>
            </i>
            <i>
                <p>
                    <Name>
                        <![CDATA[engine_body]]>
</Name>
                    <Exclude>0</Exclude>
                    <Additive>0</Additive>
                    <IKPriority>0</IKPriority>
                    <IKRotLimits>-1e+010 -1e+010 -1e+010 1e+010 1e+010 1e+010</IKRotLimits>
                    <IKRotLimitOrder>0</IKRotLimitOrder>
                    <KeyFrames count="31">
                        <i>1 0 0 0 0.992856 0.119319 0 -0.119319 0.992856 -31.8254 21.7941 3.59401</i>
                        <i>0.998674 -0.0511153 -0.00614289 0.0514735 0.993657 0.0999771 0.000993569 -0.100161 0.994971 -31.8254 21.5882 3.56926</i>
                        <i>0.999715 -0.0237121 -0.00284965 0.0238813 0.993814 0.108463 0.000260134 -0.1085 0.994096 -31.8254 21.3823 3.54452</i>
                        <i>0.999847 0.0173824 0.00208897 -0.0175073 0.992056 0.124575 9.30353e-005 -0.124592 0.992208 -31.8254 21.2887 3.53327</i>
                        <i>0.999123 0.0415704 0.00499581 -0.0418643 0.989977 0.134879 0.000661241 -0.13497 0.990849 -31.8254 21.3823 3.54452</i>
                        <i>0.999622 0.0273006 0.00328091 -0.0274957 0.991277 0.128897 0.000266669 -0.128938 0.991653 -31.8254 21.5882 3.56926</i>
                        <i>1 0 0 0 0.992856 0.119319 0 -0.119319 0.992856 -31.8254 21.7941 3.59401</i>
                        <i>0.998674 -0.0511153 -0.00614289 0.0514735 0.993657 0.0999771 0.000993569 -0.100161 0.994971 -31.8254 21.5882 3.56926</i>
                        <i>0.999715 -0.0237121 -0.00284965 0.0238813 0.993814 0.108463 0.000260134 -0.1085 0.994096 -31.8254 21.3823 3.54452</i>
                        <i>0.999847 0.0173824 0.00208897 -0.0175073 0.992056 0.124575 9.30353e-005 -0.124592 0.992208 -31.8254 21.2887 3.53327</i>
                        <i>0.999123 0.0415704 0.00499581 -0.0418643 0.989977 0.134879 0.000661241 -0.13497 0.990849 -31.8254 21.3823 3.54452</i>
                        <i>0.999622 0.0273006 0.00328091 -0.0274957 0.991277 0.128897 0.000266669 -0.128938 0.991653 -31.8254 21.5882 3.56926</i>
                        <i>1 0 0 0 0.992856 0.119319 0 -0.119319 0.992856 -31.8254 21.7941 3.59401</i>
                        <i>0.998674 -0.0511153 -0.00614289 0.0514735 0.993657 0.0999771 0.000993569 -0.100161 0.994971 -31.8254 21.5882 3.56926</i>
                        <i>0.999715 -0.0237121 -0.00284965 0.0238813 0.993814 0.108463 0.000260134 -0.1085 0.994096 -31.8254 21.3823 3.54452</i>
                        <i>0.999847 0.0173824 0.00208897 -0.0175073 0.992056 0.124575 9.30353e-005 -0.124592 0.992208 -31.8254 21.2887 3.53327</i>
                        <i>0.999123 0.0415704 0.00499581 -0.0418643 0.989977 0.134879 0.000661241 -0.13497 0.990849 -31.8254 21.3823 3.54452</i>
                        <i>0.999622 0.0273006 0.00328091 -0.0274957 0.991277 0.128897 0.000266669 -0.128938 0.991653 -31.8254 21.5882 3.56926</i>
                        <i>1 0 0 0 0.992856 0.119319 0 -0.119319 0.992856 -31.8254 21.7941 3.59401</i>
                        <i>0.998674 -0.0511153 -0.00614289 0.0514735 0.993657 0.0999771 0.000993569 -0.100161 0.994971 -31.8254 21.5882 3.56926</i>
                        <i>0.999715 -0.0237121 -0.00284965 0.0238813 0.993814 0.108463 0.000260134 -0.1085 0.994096 -31.8254 21.3823 3.54452</i>
                        <i>0.999847 0.0173824 0.00208897 -0.0175073 0.992056 0.124575 9.30353e-005 -0.124592 0.992208 -31.8254 21.2887 3.53327</i>
                        <i>0.999123 0.0415704 0.00499581 -0.0418643 0.989977 0.134879 0.000661241 -0.13497 0.990849 -31.8254 21.3823 3.54452</i>
                        <i>0.999622 0.0273006 0.00328091 -0.0274957 0.991277 0.128897 0.000266669 -0.128938 0.991653 -31.8254 21.5882 3.56926</i>
                        <i>1 0 0 0 0.992856 0.119319 0 -0.119319 0.992856 -31.8254 21.7941 3.59401</i>
                        <i>0.998674 -0.0511153 -0.00614289 0.0514735 0.993657 0.0999771 0.000993569 -0.100161 0.994971 -31.8254 21.5882 3.56926</i>
                        <i>0.999715 -0.0237121 -0.00284965 0.0238813 0.993814 0.108463 0.000260134 -0.1085 0.994096 -31.8254 21.3823 3.54452</i>
                        <i>0.999847 0.0173824 0.00208897 -0.0175073 0.992056 0.124575 9.30353e-005 -0.124592 0.992208 -31.8254 21.2887 3.53327</i>
                        <i>0.999123 0.0415704 0.00499581 -0.0418643 0.989977 0.134879 0.000661241 -0.13497 0.990849 -31.8254 21.3823 3.54452</i>
                        <i>0.999622 0.0273006 0.00328091 -0.0274957 0.991277 0.128897 0.000266669 -0.128938 0.991653 -31.8254 21.5882 3.56926</i>
                        <i>1 0 0 0 0.992856 0.119319 0 -0.119319 0.992856 -31.8254 21.7941 3.59401</i>
                    </KeyFrames>
                </p>
            </i>
            <i>
                <p>
                    <Name>
                        <![CDATA[propeller_spin]]>
</Name>
                    <Exclude>0</Exclude>
                    <Additive>0</Additive>
                    <IKPriority>0</IKPriority>
                    <IKRotLimits>-1e+010 -1e+010 -1e+010 1e+010 1e+010 1e+010</IKRotLimits>
                    <IKRotLimitOrder>0</IKRotLimitOrder>
                    <KeyFrames count="31">
                        <i>1 0 0 0 0.992856 0.119319 0 -0.119319 0.992856 -35.0695 26.8558 4.62448</i>
                        <i>0.91193 -0.00595707 -0.410303 0.0514735 0.993657 0.0999771 0.407105 -0.112292 0.906452 -34.7998 26.8279 4.52097</i>
                        <i>0.668746 0.064765 -0.740664 0.0238813 0.993814 0.108463 0.743107 -0.0902224 0.663063 -34.9455 26.5304 4.52887</i>
                        <i>0.308881 0.123866 -0.943 -0.0175073 0.992056 0.124575 0.95094 -0.0219694 0.308596 -35.1591 26.2877 4.58376</i>
                        <i>-0.105095 0.129885 -0.985944 -0.0418643 0.989977 0.134879 0.993581 0.0554509 -0.0986037 -35.2819 26.2878 4.63806</i>
                        <i>-0.500042 0.0980134 -0.860437 -0.0274957 0.991277 0.128897 0.865565 0.0881121 -0.492985 -35.2097 26.5492 4.6379</i>
                        <i>-0.809017 0.0701337 -0.583586 0 0.992856 0.119319 0.587785 0.0965308 -0.803237 -35.0695 26.8558 4.62448</i>
                        <i>-0.977057 0.0708228 -0.200857 0.0514735 0.993657 0.0999771 0.206664 0.0873445 -0.974505 -34.7998 26.8279 4.52097</i>
                        <i>-0.977814 0.000635398 0.209472 0.0238813 0.993814 0.108463 -0.208107 0.111059 -0.97178 -34.9455 26.5304 4.52887</i>
                        <i>-0.808838 -0.0872962 0.581515 -0.0175073 0.992056 0.124575 -0.587771 0.09058 -0.803941 -35.1591 26.2877 4.58376</i>
                        <i>-0.498989 -0.137673 0.855603 -0.0418643 0.989977 0.134879 -0.865597 0.031484 -0.499751 -35.2819 26.2878 4.63806</i>
                        <i>-0.104224 -0.131086 0.985877 -0.0274957 0.991277 0.128897 -0.994174 -0.0136733 -0.106919 -35.2097 26.5492 4.6379</i>
                        <i>0.309017 -0.113479 0.944262 0 0.992856 0.119319 -0.951056 -0.0368715 0.306809 -35.0695 26.8558 4.62448</i>
                        <i>0.668982 -0.108637 0.735297 0.0514735 0.993657 0.0999771 -0.741494 -0.0290346 0.670331 -34.7998 26.8279 4.52097</i>
                        <i>0.913391 -0.0657931 0.401732 0.0238813 0.993814 0.108463 -0.406383 -0.0894754 0.909311 -34.9455 26.5304 4.52887</i>
                        <i>0.999847 0.0173824 0.00208897 -0.0175073 0.992056 0.124575 9.30353e-005 -0.124592 0.992208 -35.1591 26.2877 4.58376</i>
                        <i>0.912475 0.0928738 -0.398451 -0.0418643 0.989977 0.134879 0.406984 -0.106393 0.907218 -35.2819 26.2878 4.63806</i>
                        <i>0.668679 0.114087 -0.734746 -0.0274957 0.991277 0.128897 0.743042 -0.0659882 0.665983 -35.2097 26.5492 4.6379</i>
                        <i>0.309017 0.113479 -0.944262 0 0.992856 0.119319 0.951057 -0.0368715 0.306809 -35.0695 26.8558 4.62448</i>
                        <i>-0.105378 0.104955 -0.988878 0.0514735 0.993657 0.0999771 0.993099 -0.0403656 -0.110112 -34.7998 26.8279 4.52097</i>
                        <i>-0.500083 0.10582 -0.859488 0.0238813 0.993814 0.108463 0.865648 0.0337149 -0.499516 -34.9455 26.5304 4.52887</i>
                        <i>-0.808948 0.0591708 -0.584895 -0.0175073 0.992056 0.124575 0.58762 0.111014 -0.801485 -35.1591 26.2877 4.58376</i>
                        <i>-0.977427 -0.0126002 -0.210896 -0.0418643 0.989977 0.134879 0.207082 0.140664 -0.968158 -35.2819 26.2878 4.63806</i>
                        <i>-0.977722 -0.0535117 0.202967 -0.0274957 0.991277 0.128897 -0.208094 0.120444 -0.970665 -35.2097 26.5492 4.6379</i>
                        <i>-0.809017 -0.0701337 0.583586 0 0.992856 0.119319 -0.587785 0.0965308 -0.803237 -35.0695 26.8558 4.62448</i>
                        <i>-0.498477 -0.0611841 0.864741 0.0514735 0.993657 0.0999771 -0.865374 0.0943475 -0.492166 -34.7998 26.8279 4.52097</i>
                        <i>-0.10424 -0.105427 0.988949 0.0238813 0.993814 0.108463 -0.994265 0.0349235 -0.101077 -34.9455 26.5304 4.52887</i>
                        <i>0.309058 -0.113123 0.944291 -0.0175073 0.992056 0.124575 -0.950882 -0.0550327 0.304622 -35.1591 26.2877 4.58376</i>
                        <i>0.669035 -0.0724863 0.739687 -0.0418643 0.989977 0.134879 -0.742051 -0.121205 0.659295 -35.2819 26.2878 4.63806</i>
                        <i>0.913308 -0.0275036 0.406339 -0.0274957 0.991277 0.128897 -0.40634 -0.128895 0.904585 -35.2097 26.5492 4.6379</i>
                        <i>1 0 0 0 0.992856 0.119319 0 -0.119319 0.992856 -35.0695 26.8558 4.62448</i>
                    </KeyFrames>
                </p>
            </i>
            <i>
                <p>
                    <Name>
                        <![CDATA[propeller_lift]]>
</Name>
                    <Exclude>0</Exclude>
                    <Additive>0</Additive>
                    <IKPriority>0</IKPriority>
                    <IKRotLimits>-1e+010 -1e+010 -1e+010 1e+010 1e+010 1e+010</IKRotLimits>
                    <IKRotLimitOrder>0</IKRotLimitOrder>
                    <KeyFrames count="31">
                        <i>1 0 0 0 0.992856 0.119319 0 -0.119319 0.992856 -35.0695 28.3318 4.80185</i>
                        <i>0.91193 -0.00595707 -0.410303 0.0514735 0.993657 0.0999771 0.407105 -0.112292 0.906452 -34.7233 28.305 4.66959</i>
                        <i>0.668746 0.064765 -0.740664 0.0238813 0.993814 0.108463 0.743107 -0.0902224 0.663063 -34.91 28.0078 4.6901</i>
                        <i>0.308881 0.123866 -0.943 -0.0175073 0.992056 0.124575 0.95094 -0.0219694 0.308596 -35.1851 27.7625 4.76895</i>
                        <i>-0.105095 0.129885 -0.985944 -0.0418643 0.989977 0.134879 0.993581 0.0554509 -0.0986037 -35.3442 27.7594 4.83856</i>
                        <i>-0.500042 0.0980134 -0.860437 -0.0274957 0.991277 0.128897 0.865565 0.0881121 -0.492985 -35.2506 28.0228 4.82951</i>
                        <i>-0.809017 0.0701337 -0.583586 0 0.992856 0.119319 0.587785 0.0965308 -0.803237 -35.0695 28.3318 4.80185</i>
                        <i>-0.977057 0.0708228 -0.200857 0.0514735 0.993657 0.0999771 0.206664 0.0873445 -0.974505 -34.7233 28.305 4.66959</i>
                        <i>-0.977814 0.000635398 0.209472 0.0238813 0.993814 0.108463 -0.208107 0.111059 -0.97178 -34.91 28.0078 4.6901</i>
                        <i>-0.808838 -0.0872962 0.581515 -0.0175073 0.992056 0.124575 -0.587771 0.09058 -0.803941 -35.1851 27.7625 4.76895</i>
                        <i>-0.498989 -0.137673 0.855603 -0.0418643 0.989977 0.134879 -0.865597 0.031484 -0.499751 -35.3442 27.7594 4.83856</i>
                        <i>-0.104224 -0.131086 0.985877 -0.0274957 0.991277 0.128897 -0.994174 -0.0136733 -0.106919 -35.2506 28.0228 4.82951</i>
                        <i>0.309017 -0.113479 0.944262 0 0.992856 0.119319 -0.951056 -0.0368715 0.306809 -35.0695 28.3318 4.80185</i>
                        <i>0.668982 -0.108637 0.735297 0.0514735 0.993657 0.0999771 -0.741494 -0.0290346 0.670331 -34.7233 28.305 4.66959</i>
                        <i>0.913391 -0.0657931 0.401732 0.0238813 0.993814 0.108463 -0.406383 -0.0894754 0.909311 -34.91 28.0078 4.6901</i>
                        <i>0.999847 0.0173824 0.00208897 -0.0175073 0.992056 0.124575 9.30353e-005 -0.124592 0.992208 -35.1851 27.7625 4.76895</i>
                        <i>0.912475 0.0928738 -0.398451 -0.0418643 0.989977 0.134879 0.406984 -0.106393 0.907218 -35.3442 27.7594 4.83856</i>
                        <i>0.668679 0.114087 -0.734746 -0.0274957 0.991277 0.128897 0.743042 -0.0659882 0.665983 -35.2506 28.0228 4.82951</i>
                        <i>0.309017 0.113479 -0.944262 0 0.992856 0.119319 0.951057 -0.0368715 0.306809 -35.0695 28.3318 4.80185</i>
                        <i>-0.105378 0.104955 -0.988878 0.0514735 0.993657 0.0999771 0.993099 -0.0403656 -0.110112 -34.7233 28.305 4.66959</i>
                        <i>-0.500083 0.10582 -0.859488 0.0238813 0.993814 0.108463 0.865648 0.0337149 -0.499516 -34.91 28.0078 4.6901</i>
                        <i>-0.808948 0.0591708 -0.584895 -0.0175073 0.992056 0.124575 0.58762 0.111014 -0.801485 -35.1851 27.7625 4.76895</i>
                        <i>-0.977427 -0.0126002 -0.210896 -0.0418643 0.989977 0.134879 0.207082 0.140664 -0.968158 -35.3442 27.7594 4.83856</i>
                        <i>-0.977722 -0.0535117 0.202967 -0.0274957 0.991277 0.128897 -0.208094 0.120444 -0.970665 -35.2506 28.0228 4.82951</i>
                        <i>-0.809017 -0.0701337 0.583586 0 0.992856 0.119319 -0.587785 0.0965308 -0.803237 -35.0695 28.3318 4.80185</i>
                        <i>-0.498477 -0.0611841 0.864741 0.0514735 0.993657 0.0999771 -0.865374 0.0943475 -0.492166 -34.7233 28.305 4.66959</i>
                        <i>-0.10424 -0.105427 0.988949 0.0238813 0.993814 0.108463 -0.994265 0.0349235 -0.101077 -34.91 28.0078 4.6901</i>
                        <i>0.309058 -0.113123 0.944291 -0.0175073 0.992056 0.124575 -0.950882 -0.0550327 0.304622 -35.1851 27.7625 4.76895</i>
                        <i>0.669035 -0.0724863 0.739687 -0.0418643 0.989977 0.134879 -0.742051 -0.121205 0.659295 -35.3442 27.7594 4.83856</i>
                        <i>0.913308 -0.0275036 0.406339 -0.0274957 0.991277 0.128897 -0.40634 -0.128895 0.904585 -35.2506 28.0228 4.82951</i>
                        <i>1 0 0 0 0.992856 0.119319 0 -0.119319 0.992856 -35.0695 28.3318 4.80185</i>
                    </KeyFrames>
                </p>
            </i>
        </Bones>
    </Skeleton>
</Animl>
