<?xml version="1.0" encoding="ISO-8859-1" ?>
<Animl Version="1">
    <ModellingPackage><![CDATA[Maya.2010]]></ModellingPackage>
    <SrcFile><![CDATA[anims\bosses\blue\~src\supertank\supertank_critical.mb]]></SrcFile>
    <FramesPerSecond>30</FramesPerSecond>
    <TotalFrames>61</TotalFrames>
    <Skeleton>
        <RefFrame>
            <Name><![CDATA[supertank_ref_frame]]></Name>
            <Exclude>0</Exclude>
            <Additive>0</Additive>
            <IKPriority>0</IKPriority>
            <IKRotLimits>-1e+010 -1e+010 -1e+010 1e+010 1e+010 1e+010</IKRotLimits>
            <IKRotLimitOrder>0</IKRotLimitOrder>
            <KeyFrames count="61">
                <i>1 0 0 0 1 0 0 0 1 0 0 0</i>
                <i>1 0 0 0 1 0 0 0 1 0 0 0</i>
                <i>1 0 0 0 1 0 0 0 1 0 0 0</i>
                <i>1 0 0 0 1 0 0 0 1 0 0 0</i>
                <i>1 0 0 0 1 0 0 0 1 0 0 0</i>
                <i>1 0 0 0 1 0 0 0 1 0 0 0</i>
                <i>1 0 0 0 1 0 0 0 1 0 0 0</i>
                <i>1 0 0 0 1 0 0 0 1 0 0 0</i>
                <i>1 0 0 0 1 0 0 0 1 0 0 0</i>
                <i>1 0 0 0 1 0 0 0 1 0 0 0</i>
                <i>1 0 0 0 1 0 0 0 1 0 0 0</i>
                <i>1 0 0 0 1 0 0 0 1 0 0 0</i>
                <i>1 0 0 0 1 0 0 0 1 0 0 0</i>
                <i>1 0 0 0 1 0 0 0 1 0 0 0</i>
                <i>1 0 0 0 1 0 0 0 1 0 0 0</i>
                <i>1 0 0 0 1 0 0 0 1 0 0 0</i>
                <i>1 0 0 0 1 0 0 0 1 0 0 0</i>
                <i>1 0 0 0 1 0 0 0 1 0 0 0</i>
                <i>1 0 0 0 1 0 0 0 1 0 0 0</i>
                <i>1 0 0 0 1 0 0 0 1 0 0 0</i>
                <i>1 0 0 0 1 0 0 0 1 0 0 0</i>
                <i>1 0 0 0 1 0 0 0 1 0 0 0</i>
                <i>1 0 0 0 1 0 0 0 1 0 0 0</i>
                <i>1 0 0 0 1 0 0 0 1 0 0 0</i>
                <i>1 0 0 0 1 0 0 0 1 0 0 0</i>
                <i>1 0 0 0 1 0 0 0 1 0 0 0</i>
                <i>1 0 0 0 1 0 0 0 1 0 0 0</i>
                <i>1 0 0 0 1 0 0 0 1 0 0 0</i>
                <i>1 0 0 0 1 0 0 0 1 0 0 0</i>
                <i>1 0 0 0 1 0 0 0 1 0 0 0</i>
                <i>1 0 0 0 1 0 0 0 1 0 0 0</i>
                <i>1 0 0 0 1 0 0 0 1 0 0 0</i>
                <i>1 0 0 0 1 0 0 0 1 0 0 0</i>
                <i>1 0 0 0 1 0 0 0 1 0 0 0</i>
                <i>1 0 0 0 1 0 0 0 1 0 0 0</i>
                <i>1 0 0 0 1 0 0 0 1 0 0 0</i>
                <i>1 0 0 0 1 0 0 0 1 0 0 0</i>
                <i>1 0 0 0 1 0 0 0 1 0 0 0</i>
                <i>1 0 0 0 1 0 0 0 1 0 0 0</i>
                <i>1 0 0 0 1 0 0 0 1 0 0 0</i>
                <i>1 0 0 0 1 0 0 0 1 0 0 0</i>
                <i>1 0 0 0 1 0 0 0 1 0 0 0</i>
                <i>1 0 0 0 1 0 0 0 1 0 0 0</i>
                <i>1 0 0 0 1 0 0 0 1 0 0 0</i>
                <i>1 0 0 0 1 0 0 0 1 0 0 0</i>
                <i>1 0 0 0 1 0 0 0 1 0 0 0</i>
                <i>1 0 0 0 1 0 0 0 1 0 0 0</i>
                <i>1 0 0 0 1 0 0 0 1 0 0 0</i>
                <i>1 0 0 0 1 0 0 0 1 0 0 0</i>
                <i>1 0 0 0 1 0 0 0 1 0 0 0</i>
                <i>1 0 0 0 1 0 0 0 1 0 0 0</i>
                <i>1 0 0 0 1 0 0 0 1 0 0 0</i>
                <i>1 0 0 0 1 0 0 0 1 0 0 0</i>
                <i>1 0 0 0 1 0 0 0 1 0 0 0</i>
                <i>1 0 0 0 1 0 0 0 1 0 0 0</i>
                <i>1 0 0 0 1 0 0 0 1 0 0 0</i>
                <i>1 0 0 0 1 0 0 0 1 0 0 0</i>
                <i>1 0 0 0 1 0 0 0 1 0 0 0</i>
                <i>1 0 0 0 1 0 0 0 1 0 0 0</i>
                <i>1 0 0 0 1 0 0 0 1 0 0 0</i>
                <i>1 0 0 0 1 0 0 0 1 0 0 0</i>
            </KeyFrames>
        </RefFrame>
        <Bones count="31">
            <i>
                <p>
                    <Name><![CDATA[supertank_root]]></Name>
                    <Exclude>0</Exclude>
                    <Additive>0</Additive>
                    <IKPriority>0</IKPriority>
                    <IKRotLimits>-1e+010 -1e+010 -1e+010 1e+010 1e+010 1e+010</IKRotLimits>
                    <IKRotLimitOrder>0</IKRotLimitOrder>
                    <KeyFrames count="61">
                        <i>1 0 0 0 1 0 0 0 1 0 0 0</i>
                        <i>0.999986 -0.00537577 3.38813e-021 0.00537558 0.99995 0.00847366 -4.55524e-005 -0.00847353 0.999964 0 -0.127907 0</i>
                        <i>0.999942 -0.0107514 0 0.0107495 0.99977 0.0185716 -0.00019967 -0.0185705 0.999828 0 -0.255814 0</i>
                        <i>0.99987 -0.0161267 0 0.0161215 0.999547 0.0254185 -0.000409917 -0.0254152 0.999677 0 -0.345899 0</i>
                        <i>0.999769 -0.0215015 5.42101e-020 0.0214953 0.999477 0.024142 -0.000519089 -0.0241364 0.999709 0 0.00768701 0</i>
                        <i>0.999902 -0.0139978 -1.35525e-020 0.0139964 0.999803 0.0141021 -0.000197399 -0.0141008 0.999901 0 0.34725 0</i>
                        <i>0.999983 -0.00579752 -4.23516e-022 0.00579752 0.999983 -0.000798961 4.63199e-006 0.000798947 1 0 0.662582 0</i>
                        <i>0.999996 0.00268143 0 -0.00268097 0.999823 -0.0186185 -4.99242e-005 0.0186184 0.999827 0 0.943474 0</i>
                        <i>0.999939 0.011021 -2.71051e-020 -0.0110133 0.999239 -0.0374096 -0.000412293 0.0374073 0.9993 0 1.17972 0</i>
                        <i>0.999823 0.0188034 0 -0.0187747 0.998297 -0.0552263 -0.00103844 0.0552165 0.998474 0 1.3611 0</i>
                        <i>0.999672 0.0256109 0 -0.0255478 0.997211 -0.0701293 -0.00179608 0.0701063 0.997538 0 1.47742 0</i>
                        <i>0.999519 0.0310264 -2.1684e-019 -0.0309265 0.9963 -0.080189 -0.00248798 0.0801504 0.99678 0 1.51846 0</i>
                        <i>0.9994 0.0346332 -2.1684e-019 -0.0345123 0.995912 -0.0834809 -0.00289121 0.0834308 0.996509 0 1.48538 0</i>
                        <i>0.99934 0.0363338 0 -0.0362216 0.996254 -0.0785293 -0.00285327 0.0784775 0.996912 0 1.39392 0</i>
                        <i>0.999334 0.0364837 2.1684e-019 -0.0364029 0.99712 -0.0665339 -0.0024274 0.0664896 0.997784 0 1.25576 0</i>
                        <i>0.999375 0.0353458 0 -0.0353024 0.998146 -0.0495816 -0.0017525 0.0495506 0.99877 0 1.08257 0</i>
                        <i>0.999449 0.033183 -1.0842e-019 -0.0331683 0.999006 -0.0297677 -0.000987782 0.0297513 0.999557 0 0.886037 0</i>
                        <i>0.999542 0.030258 0 -0.0302567 0.9995 -0.00919867 -0.000278333 0.00919446 0.999958 0 0.677825 0</i>
                        <i>0.99964 0.0268335 0 -0.0268321 0.99959 0.0100124 0.000268668 -0.0100088 0.99995 0 0.469612 0</i>
                        <i>0.999731 0.0231725 -5.42101e-020 -0.0231648 0.9994 0.025754 0.000596784 -0.0257471 0.999668 0 0.273075 0</i>
                        <i>0.999809 0.0195379 5.42101e-020 -0.0195253 0.999164 0.035921 0.00070182 -0.0359141 0.999355 0 0.0998885 0</i>
                        <i>0.999873 0.0159394 0 -0.0159282 0.999174 0.0373804 0.00059582 -0.0373757 0.999301 0 0.117982 0</i>
                        <i>0.999925 0.0122687 0 -0.0122628 0.999445 0.0309797 0.00038008 -0.0309774 0.99952 0 0.138872 0</i>
                        <i>0.999963 0.00861208 0 -0.00861026 0.999751 0.0205869 0.000177296 -0.0205862 0.999788 0 0.158363 0</i>
                        <i>0.999987 0.00505589 -3.38813e-021 -0.00505563 0.999936 0.0100731 5.09283e-005 -0.0100729 0.999949 0 0.172264 0</i>
                        <i>0.999999 0.00168636 0 -0.00168635 0.999993 0.00331226 5.58566e-006 -0.00331225 0.999995 0 0.176381 0</i>
                        <i>0.999999 -0.00141019 0 0.00141019 0.999999 0.000716528 -1.01044e-006 -0.000716527 1 0 0.164654 0</i>
                        <i>0.999991 -0.00414751 1.05879e-022 0.00414751 0.999991 -0.000295987 1.22761e-006 0.000295985 1 0 0.139278 0</i>
                        <i>0.999979 -0.00643934 0 0.00643934 0.999979 -0.00034186 2.20135e-006 0.000341853 1 0 0.108442 0</i>
                        <i>0.999966 -0.00819946 0 0.00819946 0.999966 -3.76707e-005 3.08879e-007 3.76694e-005 1 0 0.0803362 0</i>
                        <i>0.999956 -0.00934162 0 0.00934162 0.999956 0 0 0 1 0 0.0842619 0</i>
                        <i>0.999961 -0.00880713 0 0.00880713 0.999961 -6.26394e-005 5.51673e-007 6.26369e-005 1 0 0.0945391 0</i>
                        <i>0.999981 -0.00620289 0 0.00620289 0.999981 0.00020104 -1.24703e-006 -0.000201036 1 0 0.0921134 0</i>
                        <i>0.999997 -0.00244106 -1.05879e-022 0.00244106 0.999997 0.00056509 -1.37942e-006 -0.000565088 1 0 0.0579302 0</i>
                        <i>0.999999 0.0015661 1.05879e-022 -0.0015661 0.999998 0.000803565 1.25847e-006 -0.000803564 1 0 -0.0207133 0</i>
                        <i>0.999988 0.00490629 0 -0.00490629 0.999988 0.000690517 3.38788e-006 -0.000690509 1 0 -0.131115 0</i>
                        <i>0.999978 0.00666723 0 -0.00666723 0.999978 0 0 0 1 0 -0.254219 0</i>
                        <i>0.999976 0.00695238 1.69407e-021 -0.00695237 0.999973 -0.00224095 -1.558e-005 0.0022409 0.999997 0 -0.370971 0</i>
                        <i>0.999978 0.0065845 0 -0.00658439 0.999961 -0.00580008 -3.81906e-005 0.00579996 0.999983 0 -0.195733 0</i>
                        <i>0.999984 0.00573029 0 -0.00573006 0.999942 -0.00909552 -5.212e-005 0.00909537 0.999959 0 -0.0204949 0</i>
                        <i>0.99999 0.0045565 3.38813e-021 -0.00455625 0.999934 -0.0105455 -4.80505e-005 0.0105454 0.999944 0 0.0819788 0</i>
                        <i>0.999995 0.00322984 1.69407e-021 -0.0032297 0.999953 -0.00914495 -2.95367e-005 0.00914491 0.999958 0 0.0870284 0</i>
                        <i>0.999998 0.00191705 8.47033e-022 -0.00191701 0.999981 -0.00593192 -1.13718e-005 0.0059319 0.999982 0 0.0402665 0</i>
                        <i>1 0.000784852 -1.05879e-022 -0.00078485 0.999997 -0.00238925 -1.87521e-006 0.00238925 0.999997 0 -0.0256619 0</i>
                        <i>1 0 0 0 1 0 0 0 1 0 -0.078111 0</i>
                        <i>1 -0.000312529 0 0.000312529 1 0.000741493 -2.31738e-007 -0.000741493 1 0 -0.0857257 0</i>
                        <i>1 -0.000277803 1.32349e-023 0.000277803 1 0.000659104 -1.83101e-007 -0.000659104 1 0 -0.0570796 0</i>
                        <i>1 -0.000104176 -1.65436e-024 0.000104176 1 0.000247164 -2.57486e-008 -0.000247164 1 0 -0.0194216 0</i>
                        <i>1 0 0 0 1 0 0 0 1 0 0 0</i>
                        <i>1 0 0 0 1 0 0 0 1 0 0.00118014 0</i>
                        <i>1 0 0 0 1 0 0 0 1 0 0.00228095 0</i>
                        <i>1 0 0 0 1 0 0 0 1 0 0.00330446 0</i>
                        <i>1 0 0 0 1 0 0 0 1 0 0.00425271 0</i>
                        <i>1 0 0 0 1 0 0 0 1 0 0.00512773 0</i>
                        <i>1 0 0 0 1 0 0 0 1 0 0.00593156 0</i>
                        <i>1 0 0 0 1 0 0 0 1 0 0.00666622 0</i>
                        <i>1 0 0 0 1 0 0 0 1 0 0.00733376 0</i>
                        <i>1 0 0 0 1 0 0 0 1 0 0.0079362 0</i>
                        <i>1 0 0 0 1 0 0 0 1 0 0.00847559 0</i>
                        <i>1 0 0 0 1 0 0 0 1 0 0.00895395 0</i>
                        <i>1 0 0 0 1 0 0 0 1 0 0.00937332 0</i>
                    </KeyFrames>
                </p>
            </i>
            <i>
                <p>
                    <Name><![CDATA[l_wheel0]]></Name>
                    <Exclude>0</Exclude>
                    <Additive>0</Additive>
                    <IKPriority>0</IKPriority>
                    <IKRotLimits>-1e+010 -1e+010 -1e+010 1e+010 1e+010 1e+010</IKRotLimits>
                    <IKRotLimitOrder>0</IKRotLimitOrder>
                    <KeyFrames count="61">
                        <i>1 0 0 0 1 0 0 0 1 13.1296 6.44709 25.3017</i>
                        <i>0.999986 -0.00537577 3.38813e-021 0.00537558 0.99995 0.00847366 -4.55524e-005 -0.00847353 0.999964 13.1629 6.03388 25.3554</i>
                        <i>0.999942 -0.0107514 0 0.0107495 0.99977 0.0185716 -0.00019967 -0.0185705 0.999828 13.1931 5.57877 25.417</i>
                        <i>0.99987 -0.0161267 0 0.0161215 0.999547 0.0254185 -0.000409917 -0.0254152 0.999677 13.2215 5.24349 25.4574</i>
                        <i>0.999769 -0.0215015 5.42101e-020 0.0214953 0.999477 0.024142 -0.000519089 -0.0241364 0.999709 13.252 5.55841 25.4499</i>
                        <i>0.999902 -0.0139978 -1.35525e-020 0.0139964 0.999803 0.0141021 -0.000197399 -0.0141008 0.999901 13.2136 6.25251 25.3901</i>
                        <i>0.999983 -0.00579752 -4.23516e-022 0.00579752 0.999983 -0.000798961 4.63199e-006 0.000798947 1 13.1669 7.05366 25.2965</i>
                        <i>0.999996 0.00268143 0 -0.00268097 0.999823 -0.0186185 -4.99242e-005 0.0186184 0.999827 13.111 7.89571 25.1772</i>
                        <i>0.999939 0.011021 -2.71051e-020 -0.0110133 0.999239 -0.0374096 -0.000412293 0.0374073 0.9993 13.0474 8.71307 25.0428</i>
                        <i>0.999823 0.0188034 0 -0.0187747 0.998297 -0.0552263 -0.00103844 0.0552165 0.998474 12.98 9.44117 24.907</i>
                        <i>0.999672 0.0256109 0 -0.0255478 0.997211 -0.0701293 -0.00179608 0.0701063 0.997538 12.9152 10.0166 24.7872</i>
                        <i>0.999519 0.0310264 -2.1684e-019 -0.0309265 0.9963 -0.080189 -0.00248798 0.0801504 0.99678 12.861 10.377 24.7032</i>
                        <i>0.9994 0.0346332 -2.1684e-019 -0.0345123 0.995912 -0.0834809 -0.00289121 0.0834308 0.996509 12.8261 10.4718 24.6751</i>
                        <i>0.99934 0.0363338 0 -0.0362216 0.996254 -0.0785293 -0.00285327 0.0784775 0.996912 12.8152 10.2795 24.7172</i>
                        <i>0.999334 0.0364837 2.1684e-019 -0.0364029 0.99712 -0.0665339 -0.0024274 0.0664896 0.997784 12.8248 9.8456 24.8167</i>
                        <i>0.999375 0.0353458 0 -0.0353024 0.998146 -0.0495816 -0.0017525 0.0495506 0.99877 12.8495 9.23551 24.9509</i>
                        <i>0.999449 0.033183 -1.0842e-019 -0.0331683 0.999006 -0.0297677 -0.000987782 0.0297513 0.999557 12.8836 8.51516 25.0985</i>
                        <i>0.999542 0.030258 0 -0.0302567 0.9995 -0.00919867 -0.000278333 0.00919446 0.999958 12.9215 7.7516 25.2413</i>
                        <i>0.99964 0.0268335 0 -0.0268321 0.99959 0.0100124 0.000268668 -0.0100088 0.99995 12.9587 7.01313 25.365</i>
                        <i>0.999731 0.0231725 -5.42101e-020 -0.0231648 0.9994 0.025754 0.000596784 -0.0257471 0.999668 12.9918 6.3691 25.4593</i>
                        <i>0.999809 0.0195379 5.42101e-020 -0.0195253 0.999164 0.035921 0.00070182 -0.0359141 0.999355 13.019 5.88943 25.5169</i>
                        <i>0.999873 0.0159394 0 -0.0159282 0.999174 0.0373804 0.00059582 -0.0373757 0.999301 13.0403 5.82336 25.525</i>
                        <i>0.999925 0.0122687 0 -0.0122628 0.999445 0.0309797 0.00038008 -0.0309774 0.99952 13.0592 5.95969 25.4893</i>
                        <i>0.999963 0.00861208 0 -0.00861026 0.999751 0.0205869 0.000177296 -0.0205862 0.999788 13.0781 6.19606 25.429</i>
                        <i>0.999987 0.00505589 -3.38813e-021 -0.00505563 0.999936 0.0100731 5.09283e-005 -0.0100729 0.999949 13.0981 6.43047 25.3653</i>
                        <i>0.999999 0.00168636 0 -0.00168635 0.999993 0.00331226 5.58566e-006 -0.00331225 0.999995 13.1189 6.56176 25.3229</i>
                        <i>0.999999 -0.00141019 0 0.00141019 0.999999 0.000716528 -1.01044e-006 -0.000716527 1 13.1387 6.57509 25.3063</i>
                        <i>0.999991 -0.00414751 1.05879e-022 0.00414751 0.999991 -0.000295987 1.22761e-006 0.000295985 1 13.1563 6.53935 25.2998</i>
                        <i>0.999979 -0.00643934 0 0.00643934 0.999979 -0.00034186 2.20135e-006 0.000341853 1 13.1709 6.4795 25.2995</i>
                        <i>0.999966 -0.00819946 0 0.00819946 0.999966 -3.76707e-005 3.08879e-007 3.76694e-005 1 13.1821 6.42051 25.3014</i>
                        <i>0.999956 -0.00934162 0 0.00934162 0.999956 0 0 0 1 13.1893 6.40842 25.3017</i>
                        <i>0.999961 -0.00880713 0 0.00880713 0.999961 -6.26394e-005 5.51673e-007 6.26369e-005 1 13.1859 6.42733 25.3013</i>
                        <i>0.999981 -0.00620289 0 0.00620289 0.999981 0.00020104 -1.24703e-006 -0.000201036 1 13.1693 6.45255 25.303</i>
                        <i>0.999997 -0.00244106 -1.05879e-022 0.00244106 0.999997 0.00056509 -1.37942e-006 -0.000565088 1 13.1453 6.45865 25.3053</i>
                        <i>0.999999 0.0015661 1.05879e-022 -0.0015661 0.999998 0.000803565 1.25847e-006 -0.000803564 1 13.1195 6.4266 25.3068</i>
                        <i>0.999988 0.00490629 0 -0.00490629 0.999988 0.000690517 3.38788e-006 -0.000690509 1 13.0979 6.36285 25.3061</i>
                        <i>0.999978 0.00666723 0 -0.00666723 0.999978 0 0 0 1 13.0863 6.28027 25.3017</i>
                        <i>0.999976 0.00695238 1.69407e-021 -0.00695237 0.999973 -0.00224095 -1.558e-005 0.0022409 0.999997 13.0841 6.22393 25.2872</i>
                        <i>0.999978 0.0065845 0 -0.00658439 0.999961 -0.00580008 -3.81906e-005 0.00579996 0.999983 13.0859 6.48431 25.2639</i>
                        <i>0.999984 0.00573029 0 -0.00573006 0.999942 -0.00909552 -5.212e-005 0.00909537 0.999959 13.0911 6.73159 25.242</i>
                        <i>0.99999 0.0045565 3.38813e-021 -0.00455625 0.999934 -0.0105455 -4.80505e-005 0.0105454 0.999944 13.0989 6.85529 25.2323</i>
                        <i>0.999995 0.00322984 1.69407e-021 -0.0032297 0.999953 -0.00914495 -2.95367e-005 0.00914491 0.999958 13.108 6.80761 25.2417</i>
                        <i>0.999998 0.00191705 8.47033e-022 -0.00191701 0.999981 -0.00593192 -1.13718e-005 0.0059319 0.999982 13.117 6.66249 25.263</i>
                        <i>1 0.000784852 -1.05879e-022 -0.00078485 0.999997 -0.00238925 -1.87521e-006 0.00238925 0.999997 13.1245 6.49217 25.2862</i>
                        <i>1 0 0 0 1 0 0 0 1 13.1296 6.36898 25.3017</i>
                        <i>1 -0.000312529 0 0.000312529 1 0.000741493 -2.31738e-007 -0.000741493 1 13.1316 6.3385 25.3064</i>
                        <i>1 -0.000277803 1.32349e-023 0.000277803 1 0.000659104 -1.83101e-007 -0.000659104 1 13.1314 6.36969 25.3059</i>
                        <i>1 -0.000104176 -1.65436e-024 0.000104176 1 0.000247164 -2.57486e-008 -0.000247164 1 13.1303 6.42005 25.3033</i>
                        <i>1 0 0 0 1 0 0 0 1 13.1296 6.44709 25.3017</i>
                        <i>1 0 0 0 1 0 0 0 1 13.1296 6.44827 25.3017</i>
                        <i>1 0 0 0 1 0 0 0 1 13.1296 6.44937 25.3017</i>
                        <i>1 0 0 0 1 0 0 0 1 13.1296 6.4504 25.3017</i>
                        <i>1 0 0 0 1 0 0 0 1 13.1296 6.45135 25.3017</i>
                        <i>1 0 0 0 1 0 0 0 1 13.1296 6.45222 25.3017</i>
                        <i>1 0 0 0 1 0 0 0 1 13.1296 6.45302 25.3017</i>
                        <i>1 0 0 0 1 0 0 0 1 13.1296 6.45376 25.3017</i>
                        <i>1 0 0 0 1 0 0 0 1 13.1296 6.45443 25.3017</i>
                        <i>1 0 0 0 1 0 0 0 1 13.1296 6.45503 25.3017</i>
                        <i>1 0 0 0 1 0 0 0 1 13.1296 6.45557 25.3017</i>
                        <i>1 0 0 0 1 0 0 0 1 13.1296 6.45605 25.3017</i>
                        <i>1 0 0 0 1 0 0 0 1 13.1296 6.45647 25.3017</i>
                    </KeyFrames>
                </p>
            </i>
            <i>
                <p>
                    <Name><![CDATA[l_wheel1]]></Name>
                    <Exclude>0</Exclude>
                    <Additive>0</Additive>
                    <IKPriority>0</IKPriority>
                    <IKRotLimits>-1e+010 -1e+010 -1e+010 1e+010 1e+010 1e+010</IKRotLimits>
                    <IKRotLimitOrder>0</IKRotLimitOrder>
                    <KeyFrames count="61">
                        <i>1 0 0 0 1 0 0 0 1 13.1296 2.82558 22.7589</i>
                        <i>0.999986 -0.00537577 3.38813e-021 0.00524864 0.976337 0.216193 -0.0011622 -0.21619 0.976351 13.1435 2.42529 22.782</i>
                        <i>0.999942 -0.0107514 0 0.00973897 0.905782 0.423632 -0.00455463 -0.423608 0.905834 13.1544 1.98253 22.8071</i>
                        <i>0.99987 -0.0161267 0 0.0128016 0.793712 0.608159 -0.00980759 -0.60808 0.793815 13.1635 1.64962 22.8224</i>
                        <i>0.999769 -0.0215015 5.42101e-020 0.0139974 0.650844 0.759082 -0.0163214 -0.758907 0.650995 13.1743 1.94199 22.8191</i>
                        <i>0.999902 -0.0139978 -1.35525e-020 0.00682724 0.48769 0.87299 -0.0122199 -0.872905 0.487737 13.1625 2.60494 22.7956</i>
                        <i>0.999983 -0.00579752 -4.23516e-022 0.00179594 0.309772 0.950809 -0.00551234 -0.950793 0.309777 13.1457 3.39163 22.7567</i>
                        <i>0.999996 0.00268143 0 -0.000329888 0.123026 0.992403 0.00266106 -0.9924 0.123027 13.1209 4.20526 22.7028</i>
                        <i>0.999939 0.011021 -2.71051e-020 0.000741173 -0.0672466 0.997736 0.0109961 -0.997676 -0.0672507 13.0885 4.98109 22.638</i>
                        <i>0.999823 0.0188034 0 0.00481409 -0.255977 0.966671 0.0181767 -0.9665 -0.256022 13.0508 5.67313 22.5688</i>
                        <i>0.999672 0.0256109 0 0.0112185 -0.437892 0.898958 0.0230231 -0.898663 -0.438035 13.0126 6.2143 22.5056</i>
                        <i>0.999519 0.0310264 -2.1684e-019 0.0188449 -0.607091 0.794409 0.0246477 -0.794026 -0.607384 12.9795 6.558 22.4596</i>
                        <i>0.9994 0.0346332 -2.1684e-019 0.0262217 -0.75667 0.653271 0.0226249 -0.652879 -0.757124 12.9585 6.64952 22.4439</i>
                        <i>0.99934 0.0363338 0 0.0319295 -0.878203 0.477221 0.0173392 -0.476906 -0.878784 12.9538 6.46817 22.4671</i>
                        <i>0.999334 0.0364837 2.1684e-019 0.0351027 -0.961506 0.272531 0.00994294 -0.27235 -0.962147 12.9633 6.05188 22.5214</i>
                        <i>0.999375 0.0353458 0 0.0353024 -0.998146 0.0495814 0.0017525 -0.0495504 -0.99877 12.9835 5.44576 22.5933</i>
                        <i>0.999449 0.033183 -1.0842e-019 0.0326489 -0.983361 -0.178702 -0.00592989 0.178604 -0.983903 13.0082 4.76095 22.6665</i>
                        <i>0.999542 0.030258 0 0.0277541 -0.916828 -0.398316 -0.0120522 0.398134 -0.917248 13.0338 4.04185 22.7326</i>
                        <i>0.99964 0.0268335 0 0.0215497 -0.802802 -0.595856 -0.0159889 0.595641 -0.803091 13.0566 3.3672 22.7856</i>
                        <i>0.999731 0.0231725 -5.42101e-020 0.0150568 -0.649595 -0.760131 -0.0176141 0.759927 -0.64977 13.0754 2.76589 22.8229</i>
                        <i>0.999809 0.0195379 5.42101e-020 0.00915484 -0.468479 -0.883427 -0.0172603 0.883258 -0.468569 13.0885 2.33001 22.8446</i>
                        <i>0.999873 0.0159394 0 0.00435543 -0.273215 -0.961943 -0.0153328 0.961821 -0.27325 13.0969 2.27295 22.8476</i>
                        <i>0.999925 0.0122687 0 0.000903813 -0.0736628 -0.997283 -0.0122353 0.997208 -0.0736683 13.103 2.39198 22.8347</i>
                        <i>0.999963 0.00861208 0 -0.00107634 0.124976 -0.992159 -0.00854456 0.992122 0.124981 13.1091 2.59726 22.8117</i>
                        <i>0.999987 0.00505589 -3.38813e-021 -0.00161071 0.318577 -0.947896 -0.00479245 0.947883 0.318581 13.1165 2.80756 22.786</i>
                        <i>0.999999 0.00168636 0 -0.000848014 0.502865 -0.864364 -0.00145763 0.864363 0.502866 13.125 2.93501 22.7681</i>
                        <i>0.999999 -0.00141019 0 0.000944353 0.669662 -0.742665 0.0010473 0.742665 0.669663 13.1335 2.93415 22.7609</i>
                        <i>0.999991 -0.00414751 1.05879e-022 0.00335469 0.808836 -0.588025 0.00243884 0.58802 0.808843 13.1411 2.87039 22.7581</i>
                        <i>0.999979 -0.00643934 0 0.00588174 0.913387 -0.407049 0.00262113 0.407041 0.913406 13.1473 2.81114 22.758</i>
                        <i>0.999966 -0.00819946 0 0.00802021 0.978107 -0.207948 0.00170506 0.207941 0.97814 13.1522 2.77828 22.7588</i>
                        <i>0.999956 -0.00934162 0 0.00934162 0.999956 -1.0533e-007 9.83954e-010 1.05326e-007 1 13.1552 2.76616 22.7589</i>
                        <i>0.999961 -0.00880713 0 0.00861479 0.978123 0.207851 -0.00183057 -0.207843 0.978161 13.1536 2.76459 22.7588</i>
                        <i>0.999981 -0.00620289 0 0.00566611 0.913446 0.406921 -0.00252408 -0.406913 0.913464 13.1465 2.76876 22.7595</i>
                        <i>0.999997 -0.00244106 -1.05879e-022 0.00197404 0.808682 0.588242 -0.00143593 -0.588241 0.808685 13.1363 2.78302 22.7605</i>
                        <i>0.999999 0.0015661 1.05879e-022 -0.00104699 0.668532 0.743682 0.00116468 -0.743681 0.668533 13.1253 2.76889 22.7612</i>
                        <i>0.999988 0.00490629 0 -0.00245021 0.499396 0.866371 0.00425067 -0.86636 0.499402 13.1159 2.69879 22.7609</i>
                        <i>0.999978 0.00666723 0 -0.00206029 0.30901 0.951057 0.00634091 -0.951035 0.309017 13.1109 2.6041 22.7589</i>
                        <i>0.999976 0.00695238 1.69407e-021 -0.000742215 0.106754 0.994285 0.00691265 -0.994261 0.106757 13.1096 2.55013 22.7527</i>
                        <i>0.999978 0.0065845 0 0.000650274 -0.0987561 0.995111 0.00655231 -0.99509 -0.0987583 13.1101 2.80582 22.7424</i>
                        <i>0.999984 0.00573029 0 0.00172112 -0.300349 0.953828 0.00546571 -0.953812 -0.300354 13.1122 3.0492 22.7326</i>
                        <i>0.99999 0.0045565 3.38813e-021 0.00223651 -0.490835 0.87125 0.00396985 -0.871241 -0.49084 13.1156 3.1803 22.7282</i>
                        <i>0.999995 0.00322984 1.69407e-021 0.00213914 -0.662303 0.749233 0.0024199 -0.749229 -0.662307 13.1199 3.11115 22.7326</i>
                        <i>0.999998 0.00191705 8.47033e-022 0.00154421 -0.805514 0.592574 0.00113599 -0.592573 -0.805516 13.124 2.95968 22.7422</i>
                        <i>1 0.000784852 -1.05879e-022 0.000716234 -0.912571 0.408918 0.00032094 -0.408918 -0.912571 13.1274 2.78828 22.7523</i>
                        <i>1 0 0 0 -0.978148 0.207912 -0 -0.207912 -0.978148 13.1296 2.69273 22.7589</i>
                        <i>1 -0.000312529 0 -0.000312529 -1 -0.000741478 2.31733e-007 0.000741478 -1 13.1305 2.68593 22.761</i>
                        <i>1 -0.000277803 1.32349e-023 -0.000271694 -0.97801 -0.208557 5.79377e-005 0.208557 -0.97801 13.1304 2.73398 22.7608</i>
                        <i>1 -0.000104176 -1.65436e-024 -9.51591e-005 -0.913445 -0.406963 4.23958e-005 0.406963 -0.913445 13.1299 2.7699 22.7596</i>
                        <i>1 0 0 -0 -0.809017 -0.587785 0 0.587785 -0.809017 13.1296 2.77976 22.7589</i>
                        <i>1 0 0 -0 -0.669131 -0.743145 0 0.743145 -0.669131 13.1296 2.76342 22.7589</i>
                        <i>1 0 0 -0 -0.5 -0.866026 0 0.866026 -0.5 13.1296 2.75904 22.7589</i>
                        <i>1 0 0 -0 -0.309017 -0.951057 0 0.951057 -0.309017 13.1296 2.77459 22.7589</i>
                        <i>1 0 0 -0 -0.104528 -0.994522 0 0.994522 -0.104528 13.1296 2.78564 22.7589</i>
                        <i>1 0 0 0 0.104528 -0.994522 0 0.994522 0.104528 13.1296 2.79722 22.7589</i>
                        <i>1 0 0 0 0.309017 -0.951056 0 0.951056 0.309017 13.1296 2.81277 22.7589</i>
                        <i>1 0 0 0 0.5 -0.866025 0 0.866025 0.5 13.1296 2.82769 22.7589</i>
                        <i>1 0 0 0 0.669131 -0.743145 0 0.743145 0.669131 13.1296 2.82028 22.7589</i>
                        <i>1 0 0 0 0.809017 -0.587785 0 0.587785 0.809017 13.1296 2.80307 22.7589</i>
                        <i>1 0 0 0 0.913546 -0.406736 0 0.406736 0.913546 13.1296 2.7973 22.7589</i>
                        <i>1 0 0 0 0.978148 -0.207911 0 0.207911 0.978148 13.1296 2.79029 22.7589</i>
                        <i>1 0 0 0 1 0 0 0 1 13.1296 2.77834 22.7589</i>
                    </KeyFrames>
                </p>
            </i>
            <i>
                <p>
                    <Name><![CDATA[l_wheel2]]></Name>
                    <Exclude>0</Exclude>
                    <Additive>0</Additive>
                    <IKPriority>0</IKPriority>
                    <IKRotLimits>-1e+010 -1e+010 -1e+010 1e+010 1e+010 1e+010</IKRotLimits>
                    <IKRotLimitOrder>0</IKRotLimitOrder>
                    <KeyFrames count="61">
                        <i>1 0 0 0 1 0 0 0 1 13.1296 2.7503 15.1022</i>
                        <i>0.999986 -0.00537577 3.38813e-021 0.00524864 0.976337 0.216193 -0.0011622 -0.21619 0.976351 13.1434 2.39857 15.1247</i>
                        <i>0.999942 -0.0107514 0 0.00973897 0.905782 0.423632 -0.00455463 -0.423608 0.905834 13.1551 2.0412 15.1501</i>
                        <i>0.99987 -0.0161267 0 0.0128016 0.793712 0.608159 -0.00980759 -0.60808 0.793815 13.166 1.80071 15.167</i>
                        <i>0.999769 -0.0215015 5.42101e-020 0.0139974 0.650844 0.759082 -0.0163214 -0.758907 0.650995 13.1783 2.13054 15.1647</i>
                        <i>0.999902 -0.0139978 -1.35525e-020 0.00682724 0.48769 0.87299 -0.0122199 -0.872905 0.487737 13.1645 2.74722 15.1401</i>
                        <i>0.999983 -0.00579752 -4.23516e-022 0.00179594 0.309772 0.950809 -0.00551234 -0.950793 0.309777 13.1459 3.42414 15.0999</i>
                        <i>0.999996 0.00268143 0 -0.000329888 0.123026 0.992403 0.00266106 -0.9924 0.123027 13.1212 4.08936 15.0469</i>
                        <i>0.999939 0.011021 -2.71051e-020 0.000741173 -0.0672466 0.997736 0.0109961 -0.997676 -0.0672507 13.0916 4.70455 14.9862</i>
                        <i>0.999823 0.0188034 0 0.00481409 -0.255977 0.966671 0.0181767 -0.9665 -0.256022 13.0591 5.23525 14.9246</i>
                        <i>0.999672 0.0256109 0 0.0112185 -0.437892 0.898958 0.0230231 -0.898663 -0.438035 13.0267 5.66369 14.8687</i>
                        <i>0.999519 0.0310264 -2.1684e-019 0.0188449 -0.607091 0.794409 0.0246477 -0.794026 -0.607384 12.9986 5.94422 14.8276</i>
                        <i>0.9994 0.0346332 -2.1684e-019 0.0262217 -0.75667 0.653271 0.0226249 -0.652879 -0.757124 12.9807 6.00888 14.814</i>
                        <i>0.99934 0.0363338 0 0.0319295 -0.878203 0.477221 0.0173392 -0.476906 -0.878784 12.976 5.85757 14.8347</i>
                        <i>0.999334 0.0364837 2.1684e-019 0.0351027 -0.961506 0.272531 0.00994294 -0.27235 -0.962147 12.9827 5.52068 14.8831</i>
                        <i>0.999375 0.0353458 0 0.0353024 -0.998146 0.0495814 0.0017525 -0.0495504 -0.99877 12.9961 5.09022 14.9448</i>
                        <i>0.999449 0.033183 -1.0842e-019 0.0326489 -0.983361 -0.178702 -0.00592989 0.178604 -0.983903 13.0137 4.59423 15.0114</i>
                        <i>0.999542 0.030258 0 0.0277541 -0.916828 -0.398316 -0.0120522 0.398134 -0.917248 13.0335 4.05021 15.0755</i>
                        <i>0.99964 0.0268335 0 0.0215497 -0.802802 -0.595856 -0.0159889 0.595641 -0.803091 13.053 3.49904 15.1298</i>
                        <i>0.999731 0.0231725 -5.42101e-020 0.0150568 -0.649595 -0.760131 -0.0176141 0.759927 -0.64977 13.0699 3.00313 15.1697</i>
                        <i>0.999809 0.0195379 5.42101e-020 0.00915484 -0.468479 -0.883427 -0.0172603 0.883258 -0.468569 13.0826 2.6323 15.1938</i>
                        <i>0.999873 0.0159394 0 0.00435543 -0.273215 -0.961943 -0.0153328 0.961821 -0.27325 13.092 2.58421 15.1972</i>
                        <i>0.999925 0.0122687 0 0.000903813 -0.0736628 -0.997283 -0.0122353 0.997208 -0.0736683 13.1 2.63215 15.1817</i>
                        <i>0.999963 0.00861208 0 -0.00107634 0.124976 -0.992159 -0.00854456 0.992122 0.124981 13.108 2.7289 15.156</i>
                        <i>0.999987 0.00505589 -3.38813e-021 -0.00161071 0.318577 -0.947896 -0.00479245 0.947883 0.318581 13.1163 2.84699 15.1292</i>
                        <i>0.999999 0.00168636 0 -0.000848014 0.502865 -0.864364 -0.00145763 0.864363 0.502866 13.125 2.9127 15.1113</i>
                        <i>0.999999 -0.00141019 0 0.000944353 0.669662 -0.742665 0.0010473 0.742665 0.669663 13.1335 2.90287 15.1042</i>
                        <i>0.999991 -0.00414751 1.05879e-022 0.00335469 0.808836 -0.588025 0.00243884 0.58802 0.808843 13.1411 2.87857 15.1014</i>
                        <i>0.999979 -0.00643934 0 0.00588174 0.913387 -0.407049 0.00262113 0.407041 0.913406 13.1474 2.82528 15.1012</i>
                        <i>0.999966 -0.00819946 0 0.00802021 0.978107 -0.207948 0.00170506 0.207941 0.97814 13.152 2.76149 15.1021</i>
                        <i>0.999956 -0.00934162 0 0.00934162 0.999956 -1.0533e-007 9.83954e-010 1.05326e-007 1 13.1549 2.72497 15.1022</i>
                        <i>0.999961 -0.00880713 0 0.00861479 0.978123 0.207851 -0.00183057 -0.207843 0.978161 13.1533 2.72646 15.102</i>
                        <i>0.999981 -0.00620289 0 0.00566611 0.913446 0.406921 -0.00252408 -0.406913 0.913464 13.1465 2.77362 15.1027</i>
                        <i>0.999997 -0.00244106 -1.05879e-022 0.00197404 0.808682 0.588242 -0.00143593 -0.588241 0.808685 13.1363 2.79382 15.1038</i>
                        <i>0.999999 0.0015661 1.05879e-022 -0.00104699 0.668532 0.743682 0.00116468 -0.743681 0.668533 13.1253 2.76702 15.1044</i>
                        <i>0.999988 0.00490629 0 -0.00245021 0.499396 0.866371 0.00425067 -0.86636 0.499402 13.1159 2.70319 15.1041</i>
                        <i>0.999978 0.00666723 0 -0.00206029 0.30901 0.951057 0.00634091 -0.951035 0.309017 13.1108 2.61639 15.1022</i>
                        <i>0.999976 0.00695238 1.69407e-021 -0.000742215 0.106754 0.994285 0.00691265 -0.994261 0.106757 13.1097 2.53953 15.0959</i>
                        <i>0.999978 0.0065845 0 0.000650274 -0.0987561 0.995111 0.00655231 -0.99509 -0.0987583 13.1104 2.76927 15.0858</i>
                        <i>0.999984 0.00573029 0 0.00172112 -0.300349 0.953828 0.00546571 -0.953812 -0.300354 13.1126 2.98564 15.0762</i>
                        <i>0.99999 0.0045565 3.38813e-021 0.00223651 -0.490835 0.87125 0.00396985 -0.871241 -0.49084 13.1162 3.06651 15.0722</i>
                        <i>0.999995 0.00322984 1.69407e-021 0.00213914 -0.662303 0.749233 0.0024199 -0.749229 -0.662307 13.1202 3.02545 15.0763</i>
                        <i>0.999998 0.00191705 8.47033e-022 0.00154421 -0.805514 0.592574 0.00113599 -0.592573 -0.805516 13.1241 2.91995 15.0855</i>
                        <i>1 0.000784852 -1.05879e-022 0.000716234 -0.912571 0.408918 0.00032094 -0.408918 -0.912571 13.1274 2.79667 15.0955</i>
                        <i>1 0 0 0 -0.978148 0.207912 -0 -0.207912 -0.978148 13.1296 2.69514 15.1022</i>
                        <i>1 -0.000312529 0 -0.000312529 -1 -0.000741478 2.31733e-007 0.000741478 -1 13.1305 2.65818 15.1042</i>
                        <i>1 -0.000277803 1.32349e-023 -0.000271694 -0.97801 -0.208557 5.79377e-005 0.208557 -0.97801 13.1304 2.69813 15.104</i>
                        <i>1 -0.000104176 -1.65436e-024 -9.51591e-005 -0.913445 -0.406963 4.23958e-005 0.406963 -0.913445 13.1299 2.76499 15.1029</i>
                        <i>1 0 0 -0 -0.809017 -0.587785 0 0.587785 -0.809017 13.1296 2.80851 15.1022</i>
                        <i>1 0 0 -0 -0.669131 -0.743145 0 0.743145 -0.669131 13.1296 2.80877 15.1022</i>
                        <i>1 0 0 -0 -0.5 -0.866026 0 0.866026 -0.5 13.1296 2.81154 15.1022</i>
                        <i>1 0 0 -0 -0.309017 -0.951057 0 0.951057 -0.309017 13.1296 2.80923 15.1022</i>
                        <i>1 0 0 -0 -0.104528 -0.994522 0 0.994522 -0.104528 13.1296 2.78134 15.1022</i>
                        <i>1 0 0 0 0.104528 -0.994522 0 0.994522 0.104528 13.1296 2.7428 15.1022</i>
                        <i>1 0 0 0 0.309017 -0.951056 0 0.951056 0.309017 13.1296 2.72446 15.1022</i>
                        <i>1 0 0 0 0.5 -0.866025 0 0.866025 0.5 13.1296 2.73893 15.1022</i>
                        <i>1 0 0 0 0.669131 -0.743145 0 0.743145 0.669131 13.1296 2.76149 15.1022</i>
                        <i>1 0 0 0 0.809017 -0.587785 0 0.587785 0.809017 13.1296 2.78009 15.1022</i>
                        <i>1 0 0 0 0.913546 -0.406736 0 0.406736 0.913546 13.1296 2.80441 15.1022</i>
                        <i>1 0 0 0 0.978148 -0.207911 0 0.207911 0.978148 13.1296 2.81488 15.1022</i>
                        <i>1 0 0 0 1 0 0 0 1 13.1296 2.81939 15.1022</i>
                    </KeyFrames>
                </p>
            </i>
            <i>
                <p>
                    <Name><![CDATA[l_wheel3]]></Name>
                    <Exclude>0</Exclude>
                    <Additive>0</Additive>
                    <IKPriority>0</IKPriority>
                    <IKRotLimits>-1e+010 -1e+010 -1e+010 1e+010 1e+010 1e+010</IKRotLimits>
                    <IKRotLimitOrder>0</IKRotLimitOrder>
                    <KeyFrames count="61">
                        <i>1 0 0 0 1 0 0 0 1 13.1296 2.79422 10.1868</i>
                        <i>0.999986 -0.00537577 3.38813e-021 0.00524864 0.976337 0.216193 -0.0011622 -0.21619 0.976351 13.1437 2.46164 10.2097</i>
                        <i>0.999942 -0.0107514 0 0.00973897 0.905782 0.423632 -0.00455463 -0.423608 0.905834 13.1564 2.16658 10.2362</i>
                        <i>0.99987 -0.0161267 0 0.0128016 0.793712 0.608159 -0.00980759 -0.60808 0.793815 13.1682 1.94195 10.2537</i>
                        <i>0.999769 -0.0215015 5.42101e-020 0.0139974 0.650844 0.759082 -0.0163214 -0.758907 0.650995 13.1809 2.25023 10.2508</i>
                        <i>0.999902 -0.0139978 -1.35525e-020 0.00682724 0.48769 0.87299 -0.0122199 -0.872905 0.487737 13.1653 2.80498 10.2251</i>
                        <i>0.999983 -0.00579752 -4.23516e-022 0.00179594 0.309772 0.950809 -0.00551234 -0.950793 0.309777 13.1456 3.38483 10.1846</i>
                        <i>0.999996 0.00268143 0 -0.000329888 0.123026 0.992403 0.00266106 -0.9924 0.123027 13.1216 3.95847 10.1331</i>
                        <i>0.999939 0.011021 -2.71051e-020 0.000741173 -0.0672466 0.997736 0.0109961 -0.997676 -0.0672507 13.094 4.4873 10.0756</i>
                        <i>0.999823 0.0188034 0 0.00481409 -0.255977 0.966671 0.0181767 -0.9665 -0.256022 13.0648 4.9298 10.0186</i>
                        <i>0.999672 0.0256109 0 0.0112185 -0.437892 0.898958 0.0230231 -0.898663 -0.438035 13.0366 5.27736 9.9684</i>
                        <i>0.999519 0.0310264 -2.1684e-019 0.0188449 -0.607091 0.794409 0.0246477 -0.794026 -0.607384 13.0127 5.48741 9.93309</i>
                        <i>0.9994 0.0346332 -2.1684e-019 0.0262217 -0.75667 0.653271 0.0226249 -0.652879 -0.757124 12.9961 5.56499 9.91867</i>
                        <i>0.99934 0.0363338 0 0.0319295 -0.878203 0.477221 0.0173392 -0.476906 -0.878784 12.9897 5.48003 9.93391</i>
                        <i>0.999334 0.0364837 2.1684e-019 0.0351027 -0.961506 0.272531 0.00994294 -0.27235 -0.962147 12.9934 5.22788 9.97638</i>
                        <i>0.999375 0.0353458 0 0.0353024 -0.998146 0.0495814 0.0017525 -0.0495504 -0.99877 13.0046 4.84912 10.0353</i>
                        <i>0.999449 0.033183 -1.0842e-019 0.0326489 -0.983361 -0.178702 -0.00592989 0.178604 -0.983903 13.0206 4.38801 10.1</i>
                        <i>0.999542 0.030258 0 0.0277541 -0.916828 -0.398316 -0.0120522 0.398134 -0.917248 13.037 3.93698 10.1609</i>
                        <i>0.99964 0.0268335 0 0.0215497 -0.802802 -0.595856 -0.0159889 0.595641 -0.803091 13.0533 3.49039 10.2141</i>
                        <i>0.999731 0.0231725 -5.42101e-020 0.0150568 -0.649595 -0.760131 -0.0176141 0.759927 -0.64977 13.0683 3.06918 10.2544</i>
                        <i>0.999809 0.0195379 5.42101e-020 0.00915484 -0.468479 -0.883427 -0.0172603 0.883258 -0.468569 13.0808 2.72732 10.2787</i>
                        <i>0.999873 0.0159394 0 0.00435543 -0.273215 -0.961943 -0.0153328 0.961821 -0.27325 13.0904 2.6813 10.282</i>
                        <i>0.999925 0.0122687 0 0.000903813 -0.0736628 -0.997283 -0.0122353 0.997208 -0.0736683 13.0989 2.71989 10.2667</i>
                        <i>0.999963 0.00861208 0 -0.00107634 0.124976 -0.992159 -0.00854456 0.992122 0.124981 13.1072 2.81272 10.2413</i>
                        <i>0.999987 0.00505589 -3.38813e-021 -0.00161071 0.318577 -0.947896 -0.00479245 0.947883 0.318581 13.1159 2.92007 10.2144</i>
