<?xml version="1.0" encoding="ISO-8859-1" ?>
<Animl Version="1">
    <ModellingPackage><![CDATA[Maya.2010]]></ModellingPackage>
    <SrcFile><![CDATA[anims\bosses\blue\~src\supertank\supertank_right_tread.mb]]></SrcFile>
    <FramesPerSecond>30</FramesPerSecond>
    <TotalFrames>61</TotalFrames>
    <Skeleton>
        <RefFrame>
            <Name><![CDATA[supertank_ref_frame]]></Name>
            <Exclude>1</Exclude>
            <Additive>0</Additive>
            <IKPriority>0</IKPriority>
            <IKRotLimits>-1e+010 -1e+010 -1e+010 1e+010 1e+010 1e+010</IKRotLimits>
            <IKRotLimitOrder>0</IKRotLimitOrder>
            <KeyFrames count="61">
                <i>1 0 0 0 1 0 0 0 1 0 0 0</i>
                <i>1 0 0 0 1 0 0 0 1 0 0 0</i>
                <i>1 0 0 0 1 0 0 0 1 0 0 0</i>
                <i>1 0 0 0 1 0 0 0 1 0 0 0</i>
                <i>1 0 0 0 1 0 0 0 1 0 0 0</i>
                <i>1 0 0 0 1 0 0 0 1 0 0 0</i>
                <i>1 0 0 0 1 0 0 0 1 0 0 0</i>
                <i>1 0 0 0 1 0 0 0 1 0 0 0</i>
                <i>1 0 0 0 1 0 0 0 1 0 0 0</i>
                <i>1 0 0 0 1 0 0 0 1 0 0 0</i>
                <i>1 0 0 0 1 0 0 0 1 0 0 0</i>
                <i>1 0 0 0 1 0 0 0 1 0 0 0</i>
                <i>1 0 0 0 1 0 0 0 1 0 0 0</i>
                <i>1 0 0 0 1 0 0 0 1 0 0 0</i>
                <i>1 0 0 0 1 0 0 0 1 0 0 0</i>
                <i>1 0 0 0 1 0 0 0 1 0 0 0</i>
                <i>1 0 0 0 1 0 0 0 1 0 0 0</i>
                <i>1 0 0 0 1 0 0 0 1 0 0 0</i>
                <i>1 0 0 0 1 0 0 0 1 0 0 0</i>
                <i>1 0 0 0 1 0 0 0 1 0 0 0</i>
                <i>1 0 0 0 1 0 0 0 1 0 0 0</i>
                <i>1 0 0 0 1 0 0 0 1 0 0 0</i>
                <i>1 0 0 0 1 0 0 0 1 0 0 0</i>
                <i>1 0 0 0 1 0 0 0 1 0 0 0</i>
                <i>1 0 0 0 1 0 0 0 1 0 0 0</i>
                <i>1 0 0 0 1 0 0 0 1 0 0 0</i>
                <i>1 0 0 0 1 0 0 0 1 0 0 0</i>
                <i>1 0 0 0 1 0 0 0 1 0 0 0</i>
                <i>1 0 0 0 1 0 0 0 1 0 0 0</i>
                <i>1 0 0 0 1 0 0 0 1 0 0 0</i>
                <i>1 0 0 0 1 0 0 0 1 0 0 0</i>
                <i>1 0 0 0 1 0 0 0 1 0 0 0</i>
                <i>1 0 0 0 1 0 0 0 1 0 0 0</i>
                <i>1 0 0 0 1 0 0 0 1 0 0 0</i>
                <i>1 0 0 0 1 0 0 0 1 0 0 0</i>
                <i>1 0 0 0 1 0 0 0 1 0 0 0</i>
                <i>1 0 0 0 1 0 0 0 1 0 0 0</i>
                <i>1 0 0 0 1 0 0 0 1 0 0 0</i>
                <i>1 0 0 0 1 0 0 0 1 0 0 0</i>
                <i>1 0 0 0 1 0 0 0 1 0 0 0</i>
                <i>1 0 0 0 1 0 0 0 1 0 0 0</i>
                <i>1 0 0 0 1 0 0 0 1 0 0 0</i>
                <i>1 0 0 0 1 0 0 0 1 0 0 0</i>
                <i>1 0 0 0 1 0 0 0 1 0 0 0</i>
                <i>1 0 0 0 1 0 0 0 1 0 0 0</i>
                <i>1 0 0 0 1 0 0 0 1 0 0 0</i>
                <i>1 0 0 0 1 0 0 0 1 0 0 0</i>
                <i>1 0 0 0 1 0 0 0 1 0 0 0</i>
                <i>1 0 0 0 1 0 0 0 1 0 0 0</i>
                <i>1 0 0 0 1 0 0 0 1 0 0 0</i>
                <i>1 0 0 0 1 0 0 0 1 0 0 0</i>
                <i>1 0 0 0 1 0 0 0 1 0 0 0</i>
                <i>1 0 0 0 1 0 0 0 1 0 0 0</i>
                <i>1 0 0 0 1 0 0 0 1 0 0 0</i>
                <i>1 0 0 0 1 0 0 0 1 0 0 0</i>
                <i>1 0 0 0 1 0 0 0 1 0 0 0</i>
                <i>1 0 0 0 1 0 0 0 1 0 0 0</i>
                <i>1 0 0 0 1 0 0 0 1 0 0 0</i>
                <i>1 0 0 0 1 0 0 0 1 0 0 0</i>
                <i>1 0 0 0 1 0 0 0 1 0 0 0</i>
                <i>1 0 0 0 1 0 0 0 1 0 0 0</i>
            </KeyFrames>
        </RefFrame>
        <Bones count="31">
            <i>
                <p>
                    <Name><![CDATA[supertank_root]]></Name>
                    <Exclude>1</Exclude>
                    <Additive>0</Additive>
                    <IKPriority>0</IKPriority>
                    <IKRotLimits>-1e+010 -1e+010 -1e+010 1e+010 1e+010 1e+010</IKRotLimits>
                    <IKRotLimitOrder>0</IKRotLimitOrder>
                    <KeyFrames count="61">
                        <i>1 0 0 0 1 0 0 0 1 0 0 0</i>
                        <i>1 0 0 0 1 0 0 0 1 0 0 0</i>
                        <i>1 0 0 0 1 0 0 0 1 0 0 0</i>
                        <i>1 0 0 0 1 0 0 0 1 0 0 0</i>
                        <i>1 0 0 0 1 0 0 0 1 0 0 0</i>
                        <i>1 0 0 0 1 0 0 0 1 0 0 0</i>
                        <i>1 0 0 0 1 0 0 0 1 0 0 0</i>
                        <i>1 0 0 0 1 0 0 0 1 0 0 0</i>
                        <i>1 0 0 0 1 0 0 0 1 0 0 0</i>
                        <i>1 0 0 0 1 0 0 0 1 0 0 0</i>
                        <i>1 0 0 0 1 0 0 0 1 0 0 0</i>
                        <i>1 0 0 0 1 0 0 0 1 0 0 0</i>
                        <i>1 0 0 0 1 0 0 0 1 0 0 0</i>
                        <i>1 0 0 0 1 0 0 0 1 0 0 0</i>
                        <i>1 0 0 0 1 0 0 0 1 0 0 0</i>
                        <i>1 0 0 0 1 0 0 0 1 0 0 0</i>
                        <i>1 0 0 0 1 0 0 0 1 0 0 0</i>
                        <i>1 0 0 0 1 0 0 0 1 0 0 0</i>
                        <i>1 0 0 0 1 0 0 0 1 0 0 0</i>
                        <i>1 0 0 0 1 0 0 0 1 0 0 0</i>
                        <i>1 0 0 0 1 0 0 0 1 0 0 0</i>
                        <i>1 0 0 0 1 0 0 0 1 0 0 0</i>
                        <i>1 0 0 0 1 0 0 0 1 0 0 0</i>
                        <i>1 0 0 0 1 0 0 0 1 0 0 0</i>
                        <i>1 0 0 0 1 0 0 0 1 0 0 0</i>
                        <i>1 0 0 0 1 0 0 0 1 0 0 0</i>
                        <i>1 0 0 0 1 0 0 0 1 0 0 0</i>
                        <i>1 0 0 0 1 0 0 0 1 0 0 0</i>
                        <i>1 0 0 0 1 0 0 0 1 0 0 0</i>
                        <i>1 0 0 0 1 0 0 0 1 0 0 0</i>
                        <i>1 0 0 0 1 0 0 0 1 0 0 0</i>
                        <i>1 0 0 0 1 0 0 0 1 0 0 0</i>
                        <i>1 0 0 0 1 0 0 0 1 0 0 0</i>
                        <i>1 0 0 0 1 0 0 0 1 0 0 0</i>
                        <i>1 0 0 0 1 0 0 0 1 0 0 0</i>
                        <i>1 0 0 0 1 0 0 0 1 0 0 0</i>
                        <i>1 0 0 0 1 0 0 0 1 0 0 0</i>
                        <i>1 0 0 0 1 0 0 0 1 0 0 0</i>
                        <i>1 0 0 0 1 0 0 0 1 0 0 0</i>
                        <i>1 0 0 0 1 0 0 0 1 0 0 0</i>
                        <i>1 0 0 0 1 0 0 0 1 0 0 0</i>
                        <i>1 0 0 0 1 0 0 0 1 0 0 0</i>
                        <i>1 0 0 0 1 0 0 0 1 0 0 0</i>
                        <i>1 0 0 0 1 0 0 0 1 0 0 0</i>
                        <i>1 0 0 0 1 0 0 0 1 0 0 0</i>
                        <i>1 0 0 0 1 0 0 0 1 0 0 0</i>
                        <i>1 0 0 0 1 0 0 0 1 0 0 0</i>
                        <i>1 0 0 0 1 0 0 0 1 0 0 0</i>
                        <i>1 0 0 0 1 0 0 0 1 0 0 0</i>
                        <i>1 0 0 0 1 0 0 0 1 0 0 0</i>
                        <i>1 0 0 0 1 0 0 0 1 0 0 0</i>
                        <i>1 0 0 0 1 0 0 0 1 0 0 0</i>
                        <i>1 0 0 0 1 0 0 0 1 0 0 0</i>
                        <i>1 0 0 0 1 0 0 0 1 0 0 0</i>
                        <i>1 0 0 0 1 0 0 0 1 0 0 0</i>
                        <i>1 0 0 0 1 0 0 0 1 0 0 0</i>
                        <i>1 0 0 0 1 0 0 0 1 0 0 0</i>
                        <i>1 0 0 0 1 0 0 0 1 0 0 0</i>
                        <i>1 0 0 0 1 0 0 0 1 0 0 0</i>
                        <i>1 0 0 0 1 0 0 0 1 0 0 0</i>
                        <i>1 0 0 0 1 0 0 0 1 0 0 0</i>
                    </KeyFrames>
                </p>
            </i>
            <i>
                <p>
                    <Name><![CDATA[l_wheel0]]></Name>
                    <Exclude>1</Exclude>
                    <Additive>0</Additive>
                    <IKPriority>0</IKPriority>
                    <IKRotLimits>-1e+010 -1e+010 -1e+010 1e+010 1e+010 1e+010</IKRotLimits>
                    <IKRotLimitOrder>0</IKRotLimitOrder>
                    <KeyFrames count="61">
                        <i>1 0 0 0 1 0 0 0 1 13.1296 6.44709 25.3017</i>
                        <i>1 0 0 0 1 0 0 0 1 13.1296 6.44709 25.3017</i>
                        <i>1 0 0 0 1 0 0 0 1 13.1296 6.44709 25.3017</i>
                        <i>1 0 0 0 1 0 0 0 1 13.1296 6.44709 25.3017</i>
                        <i>1 0 0 0 1 0 0 0 1 13.1296 6.44709 25.3017</i>
                        <i>1 0 0 0 1 0 0 0 1 13.1296 6.44709 25.3017</i>
                        <i>1 0 0 0 1 0 0 0 1 13.1296 6.44709 25.3017</i>
                        <i>1 0 0 0 1 0 0 0 1 13.1296 6.44709 25.3017</i>
                        <i>1 0 0 0 1 0 0 0 1 13.1296 6.44709 25.3017</i>
                        <i>1 0 0 0 1 0 0 0 1 13.1296 6.44709 25.3017</i>
                        <i>1 0 0 0 1 0 0 0 1 13.1296 6.44709 25.3017</i>
                        <i>1 0 0 0 1 0 0 0 1 13.1296 6.44709 25.3017</i>
                        <i>1 0 0 0 1 0 0 0 1 13.1296 6.44709 25.3017</i>
                        <i>1 0 0 0 1 0 0 0 1 13.1296 6.44709 25.3017</i>
                        <i>1 0 0 0 1 0 0 0 1 13.1296 6.44709 25.3017</i>
                        <i>1 0 0 0 1 0 0 0 1 13.1296 6.44709 25.3017</i>
                        <i>1 0 0 0 1 0 0 0 1 13.1296 6.44709 25.3017</i>
                        <i>1 0 0 0 1 0 0 0 1 13.1296 6.44709 25.3017</i>
                        <i>1 0 0 0 1 0 0 0 1 13.1296 6.44709 25.3017</i>
                        <i>1 0 0 0 1 0 0 0 1 13.1296 6.44709 25.3017</i>
                        <i>1 0 0 0 1 0 0 0 1 13.1296 6.44709 25.3017</i>
                        <i>1 0 0 0 1 0 0 0 1 13.1296 6.44709 25.3017</i>
                        <i>1 0 0 0 1 0 0 0 1 13.1296 6.44709 25.3017</i>
                        <i>1 0 0 0 1 0 0 0 1 13.1296 6.44709 25.3017</i>
                        <i>1 0 0 0 1 0 0 0 1 13.1296 6.44709 25.3017</i>
                        <i>1 0 0 0 1 0 0 0 1 13.1296 6.44709 25.3017</i>
                        <i>1 0 0 0 1 0 0 0 1 13.1296 6.44709 25.3017</i>
                        <i>1 0 0 0 1 0 0 0 1 13.1296 6.44709 25.3017</i>
                        <i>1 0 0 0 1 0 0 0 1 13.1296 6.44709 25.3017</i>
                        <i>1 0 0 0 1 0 0 0 1 13.1296 6.44709 25.3017</i>
                        <i>1 0 0 0 1 0 0 0 1 13.1296 6.44709 25.3017</i>
                        <i>1 0 0 0 1 0 0 0 1 13.1296 6.44709 25.3017</i>
                        <i>1 0 0 0 1 0 0 0 1 13.1296 6.44709 25.3017</i>
                        <i>1 0 0 0 1 0 0 0 1 13.1296 6.44709 25.3017</i>
                        <i>1 0 0 0 1 0 0 0 1 13.1296 6.44709 25.3017</i>
                        <i>1 0 0 0 1 0 0 0 1 13.1296 6.44709 25.3017</i>
                        <i>1 0 0 0 1 0 0 0 1 13.1296 6.44709 25.3017</i>
                        <i>1 0 0 0 1 0 0 0 1 13.1296 6.44709 25.3017</i>
                        <i>1 0 0 0 1 0 0 0 1 13.1296 6.44709 25.3017</i>
                        <i>1 0 0 0 1 0 0 0 1 13.1296 6.44709 25.3017</i>
                        <i>1 0 0 0 1 0 0 0 1 13.1296 6.44709 25.3017</i>
                        <i>1 0 0 0 1 0 0 0 1 13.1296 6.44709 25.3017</i>
                        <i>1 0 0 0 1 0 0 0 1 13.1296 6.44709 25.3017</i>
                        <i>1 0 0 0 1 0 0 0 1 13.1296 6.44709 25.3017</i>
                        <i>1 0 0 0 1 0 0 0 1 13.1296 6.44709 25.3017</i>
                        <i>1 0 0 0 1 0 0 0 1 13.1296 6.44709 25.3017</i>
                        <i>1 0 0 0 1 0 0 0 1 13.1296 6.44709 25.3017</i>
                        <i>1 0 0 0 1 0 0 0 1 13.1296 6.44709 25.3017</i>
                        <i>1 0 0 0 1 0 0 0 1 13.1296 6.44709 25.3017</i>
                        <i>1 0 0 0 1 0 0 0 1 13.1296 6.44709 25.3017</i>
                        <i>1 0 0 0 1 0 0 0 1 13.1296 6.44709 25.3017</i>
                        <i>1 0 0 0 1 0 0 0 1 13.1296 6.44709 25.3017</i>
                        <i>1 0 0 0 1 0 0 0 1 13.1296 6.44709 25.3017</i>
                        <i>1 0 0 0 1 0 0 0 1 13.1296 6.44709 25.3017</i>
                        <i>1 0 0 0 1 0 0 0 1 13.1296 6.44709 25.3017</i>
                        <i>1 0 0 0 1 0 0 0 1 13.1296 6.44709 25.3017</i>
                        <i>1 0 0 0 1 0 0 0 1 13.1296 6.44709 25.3017</i>
                        <i>1 0 0 0 1 0 0 0 1 13.1296 6.44709 25.3017</i>
                        <i>1 0 0 0 1 0 0 0 1 13.1296 6.44709 25.3017</i>
                        <i>1 0 0 0 1 0 0 0 1 13.1296 6.44709 25.3017</i>
                        <i>1 0 0 0 1 0 0 0 1 13.1296 6.44709 25.3017</i>
                    </KeyFrames>
                </p>
            </i>
            <i>
                <p>
                    <Name><![CDATA[l_wheel1]]></Name>
                    <Exclude>1</Exclude>
                    <Additive>0</Additive>
                    <IKPriority>0</IKPriority>
                    <IKRotLimits>-1e+010 -1e+010 -1e+010 1e+010 1e+010 1e+010</IKRotLimits>
                    <IKRotLimitOrder>0</IKRotLimitOrder>
                    <KeyFrames count="61">
                        <i>1 0 0 0 1 0 0 0 1 13.1296 2.82558 22.7589</i>
                        <i>1 0 0 0 0.978148 0.207912 0 -0.207912 0.978148 13.1296 2.81677 22.7589</i>
                        <i>1 0 0 0 0.913545 0.406737 0 -0.406737 0.913545 13.1296 2.8028 22.7589</i>
                        <i>1 0 0 0 0.809017 0.587785 0 -0.587785 0.809017 13.1296 2.78694 22.7589</i>
                        <i>1 0 0 0 0.669131 0.743145 0 -0.743145 0.669131 13.1296 2.76738 22.7589</i>
                        <i>1 0 0 0 0.5 0.866025 0 -0.866025 0.5 13.1296 2.76294 22.7589</i>
                        <i>1 0 0 0 0.309017 0.951057 0 -0.951057 0.309017 13.1296 2.78703 22.7589</i>
                        <i>1 0 0 0 0.104528 0.994522 0 -0.994522 0.104528 13.1296 2.80334 22.7589</i>
                        <i>1 0 0 0 -0.104529 0.994522 0 -0.994522 -0.104529 13.1296 2.80746 22.7589</i>
                        <i>1 0 0 0 -0.309017 0.951056 0 -0.951056 -0.309017 13.1296 2.81327 22.7589</i>
                        <i>1 0 0 0 -0.5 0.866025 0 -0.866025 -0.5 13.1296 2.81292 22.7589</i>
                        <i>1 0 0 0 -0.669131 0.743145 0 -0.743145 -0.669131 13.1296 2.81847 22.7589</i>
                        <i>1 0 0 0 -0.809017 0.587785 0 -0.587785 -0.809017 13.1296 2.82216 22.7589</i>
                        <i>1 0 0 0 -0.913545 0.406737 0 -0.406737 -0.913545 13.1296 2.82171 22.7589</i>
                        <i>1 0 0 0 -0.978148 0.207912 0 -0.207912 -0.978148 13.1296 2.81196 22.7589</i>
                        <i>1 0 0 0 -1 -1.78502e-007 0 1.78502e-007 -1 13.1296 2.77654 22.7589</i>
                        <i>1 0 0 0 -0.978148 -0.207912 0 0.207912 -0.978148 13.1296 2.76487 22.7589</i>
                        <i>1 0 0 0 -0.913545 -0.406737 0 0.406737 -0.913545 13.1296 2.75888 22.7589</i>
                        <i>1 0 0 0 -0.809017 -0.587785 0 0.587785 -0.809017 13.1296 2.7742 22.7589</i>
                        <i>1 0 0 0 -0.669131 -0.743145 0 0.743145 -0.669131 13.1296 2.77622 22.7589</i>
                        <i>1 0 0 0 -0.5 -0.866025 0 0.866025 -0.5 13.1296 2.7933 22.7589</i>
                        <i>1 0 0 0 -0.309017 -0.951057 0 0.951057 -0.309017 13.1296 2.79863 22.7589</i>
                        <i>1 0 0 0 -0.104529 -0.994522 0 0.994522 -0.104529 13.1296 2.79859 22.7589</i>
                        <i>1 0 0 0 0.104529 -0.994522 0 0.994522 0.104529 13.1296 2.79504 22.7589</i>
                        <i>1 0 0 0 0.309017 -0.951057 0 0.951057 0.309017 13.1296 2.79835 22.7589</i>
                        <i>1 0 0 0 0.5 -0.866025 0 0.866025 0.5 13.1296 2.81189 22.7589</i>
                        <i>1 0 0 0 0.669131 -0.743145 0 0.743145 0.669131 13.1296 2.80432 22.7589</i>
                        <i>1 0 0 0 0.809017 -0.587785 0 0.587785 0.809017 13.1296 2.77885 22.7589</i>
                        <i>1 0 0 0 0.913545 -0.406737 0 0.406737 0.913545 13.1296 2.77952 22.7589</i>
                        <i>1 0 0 0 0.978148 -0.207912 0 0.207912 0.978148 13.1296 2.80483 22.7589</i>
                        <i>1 0 0 0 1 -1.0533e-007 0 1.0533e-007 1 13.1296 2.80468 22.7589</i>
                        <i>1 0 0 0 0.978148 0.207912 0 -0.207912 0.978148 13.1296 2.78437 22.7589</i>
                        <i>1 0 0 0 0.913545 0.406737 0 -0.406737 0.913545 13.1296 2.76272 22.7589</i>
                        <i>1 0 0 0 0.809017 0.587785 0 -0.587785 0.809017 13.1296 2.77001 22.7589</i>
                        <i>1 0 0 0 0.669131 0.743145 0 -0.743145 0.669131 13.1296 2.78733 22.7589</i>
                        <i>1 0 0 0 0.5 0.866026 0 -0.866026 0.5 13.1296 2.78124 22.7589</i>
                        <i>1 0 0 0 0.309017 0.951057 0 -0.951057 0.309017 13.1296 2.77084 22.7589</i>
                        <i>1 0 0 0 0.104528 0.994522 0 -0.994522 0.104528 13.1296 2.77889 22.7589</i>
                        <i>1 0 0 0 -0.104528 0.994522 -0 -0.994522 -0.104528 13.1296 2.78321 22.7589</i>
                        <i>1 0 0 0 -0.309017 0.951056 -0 -0.951056 -0.309017 13.1296 2.78761 22.7589</i>
                        <i>1 0 0 0 -0.5 0.866025 -0 -0.866025 -0.5 13.1296 2.79868 22.7589</i>
                        <i>1 0 0 0 -0.669131 0.743145 -0 -0.743145 -0.669131 13.1296 2.77371 22.7589</i>
                        <i>1 0 0 0 -0.809017 0.587785 -0 -0.587785 -0.809017 13.1296 2.75929 22.7589</i>
                        <i>1 0 0 0 -0.913546 0.406736 -0 -0.406736 -0.913546 13.1296 2.74927 22.7589</i>
                        <i>1 0 0 0 -0.978148 0.207912 -0 -0.207912 -0.978148 13.1296 2.77084 22.7589</i>
                        <i>1 0 0 0 -1 1.46556e-008 -0 -1.46556e-008 -1 13.1296 2.79264 22.7589</i>
                        <i>1 0 0 -0 -0.978148 -0.207912 0 0.207912 -0.978148 13.1296 2.80971 22.7589</i>
                        <i>1 0 0 -0 -0.913545 -0.406737 0 0.406737 -0.913545 13.1296 2.79631 22.7589</i>
                        <i>1 0 0 -0 -0.809017 -0.587785 0 0.587785 -0.809017 13.1296 2.77976 22.7589</i>
                        <i>1 0 0 -0 -0.669131 -0.743145 0 0.743145 -0.669131 13.1296 2.76224 22.7589</i>
                        <i>1 0 0 -0 -0.5 -0.866026 0 0.866026 -0.5 13.1296 2.75676 22.7589</i>
                        <i>1 0 0 -0 -0.309017 -0.951057 0 0.951057 -0.309017 13.1296 2.77128 22.7589</i>
                        <i>1 0 0 -0 -0.104528 -0.994522 0 0.994522 -0.104528 13.1296 2.78138 22.7589</i>
                        <i>1 0 0 0 0.104528 -0.994522 0 0.994522 0.104528 13.1296 2.7921 22.7589</i>
                        <i>1 0 0 0 0.309017 -0.951056 0 0.951056 0.309017 13.1296 2.80684 22.7589</i>
                        <i>1 0 0 0 0.5 -0.866025 0 0.866025 0.5 13.1296 2.82102 22.7589</i>
                        <i>1 0 0 0 0.669131 -0.743145 0 0.743145 0.669131 13.1296 2.81295 22.7589</i>
                        <i>1 0 0 0 0.809017 -0.587785 0 0.587785 0.809017 13.1296 2.79514 22.7589</i>
                        <i>1 0 0 0 0.913546 -0.406736 0 0.406736 0.913546 13.1296 2.78882 22.7589</i>
                        <i>1 0 0 0 0.978148 -0.207911 0 0.207911 0.978148 13.1296 2.78133 22.7589</i>
                        <i>1 0 0 0 1 0 0 0 1 13.1296 2.76896 22.7589</i>
                    </KeyFrames>
                </p>
            </i>
            <i>
                <p>
                    <Name><![CDATA[l_wheel2]]></Name>
                    <Exclude>1</Exclude>
                    <Additive>0</Additive>
                    <IKPriority>0</IKPriority>
                    <IKRotLimits>-1e+010 -1e+010 -1e+010 1e+010 1e+010 1e+010</IKRotLimits>
                    <IKRotLimitOrder>0</IKRotLimitOrder>
                    <KeyFrames count="61">
                        <i>1 0 0 0 1 0 0 0 1 13.1296 2.7503 15.1022</i>
                        <i>1 0 0 0 0.978148 0.207912 0 -0.207912 0.978148 13.1296 2.72517 15.1022</i>
                        <i>1 0 0 0 0.913545 0.406737 0 -0.406737 0.913545 13.1296 2.71926 15.1022</i>
                        <i>1 0 0 0 0.809017 0.587785 0 -0.587785 0.809017 13.1296 2.74342 15.1022</i>
                        <i>1 0 0 0 0.669131 0.743145 0 -0.743145 0.669131 13.1296 2.77112 15.1022</i>
                        <i>1 0 0 0 0.5 0.866025 0 -0.866025 0.5 13.1296 2.79726 15.1022</i>
                        <i>1 0 0 0 0.309017 0.951057 0 -0.951057 0.309017 13.1296 2.82566 15.1022</i>
                        <i>1 0 0 0 0.104528 0.994522 0 -0.994522 0.104528 13.1296 2.83001 15.1022</i>
                        <i>1 0 0 0 -0.104529 0.994522 0 -0.994522 -0.104529 13.1296 2.81734 15.1022</i>
                        <i>1 0 0 0 -0.309017 0.951056 0 -0.951056 -0.309017 13.1296 2.79814 15.1022</i>
                        <i>1 0 0 0 -0.5 0.866025 0 -0.866025 -0.5 13.1296 2.79906 15.1022</i>
                        <i>1 0 0 0 -0.669131 0.743145 0 -0.743145 -0.669131 13.1296 2.81838 15.1022</i>
                        <i>1 0 0 0 -0.809017 0.587785 0 -0.587785 -0.809017 13.1296 2.82032 15.1022</i>
                        <i>1 0 0 0 -0.913545 0.406737 0 -0.406737 -0.913545 13.1296 2.81195 15.1022</i>
                        <i>1 0 0 0 -0.978148 0.207912 0 -0.207912 -0.978148 13.1296 2.78979 15.1022</i>
                        <i>1 0 0 0 -1 -1.78502e-007 0 1.78502e-007 -1 13.1296 2.80044 15.1022</i>
                        <i>1 0 0 0 -0.978148 -0.207912 0 0.207912 -0.978148 13.1296 2.82601 15.1022</i>
                        <i>1 0 0 0 -0.913545 -0.406737 0 0.406737 -0.913545 13.1296 2.83767 15.1022</i>
                        <i>1 0 0 0 -0.809017 -0.587785 0 0.587785 -0.809017 13.1296 2.82943 15.1022</i>
                        <i>1 0 0 0 -0.669131 -0.743145 0 0.743145 -0.669131 13.1296 2.81634 15.1022</i>
                        <i>1 0 0 0 -0.5 -0.866025 0 0.866025 -0.5 13.1296 2.82063 15.1022</i>
                        <i>1 0 0 0 -0.309017 -0.951057 0 0.951057 -0.309017 13.1296 2.82373 15.1022</i>
                        <i>1 0 0 0 -0.104529 -0.994522 0 0.994522 -0.104529 13.1296 2.80158 15.1022</i>
                        <i>1 0 0 0 0.104529 -0.994522 0 0.994522 0.104529 13.1296 2.76905 15.1022</i>
                        <i>1 0 0 0 0.309017 -0.951057 0 0.951057 0.309017 13.1296 2.76065 15.1022</i>
                        <i>1 0 0 0 0.5 -0.866025 0 0.866025 0.5 13.1296 2.76421 15.1022</i>
                        <i>1 0 0 0 0.669131 -0.743145 0 0.743145 0.669131 13.1296 2.76755 15.1022</i>
                        <i>1 0 0 0 0.809017 -0.587785 0 0.587785 0.809017 13.1296 2.7893 15.1022</i>
                        <i>1 0 0 0 0.913545 -0.406737 0 0.406737 0.913545 13.1296 2.79628 15.1022</i>
                        <i>1 0 0 0 0.978148 -0.207912 0 0.207912 0.978148 13.1296 2.78833 15.1022</i>
                        <i>1 0 0 0 1 -1.0533e-007 0 1.0533e-007 1 13.1296 2.76348 15.1022</i>
                        <i>1 0 0 0 0.978148 0.207912 0 -0.207912 0.978148 13.1296 2.74671 15.1022</i>
                        <i>1 0 0 0 0.913545 0.406737 0 -0.406737 0.913545 13.1296 2.76604 15.1022</i>
                        <i>1 0 0 0 0.809017 0.587785 0 -0.587785 0.809017 13.1296 2.77648 15.1022</i>
                        <i>1 0 0 0 0.669131 0.743145 0 -0.743145 0.669131 13.1296 2.77931 15.1022</i>
                        <i>1 0 0 0 0.5 0.866026 0 -0.866026 0.5 13.1296 2.78034 15.1022</i>
                        <i>1 0 0 0 0.309017 0.951057 0 -0.951057 0.309017 13.1296 2.78313 15.1022</i>
                        <i>1 0 0 0 0.104528 0.994522 0 -0.994522 0.104528 13.1296 2.78545 15.1022</i>
                        <i>1 0 0 0 -0.104528 0.994522 -0 -0.994522 -0.104528 13.1296 2.79107 15.1022</i>
                        <i>1 0 0 0 -0.309017 0.951056 -0 -0.951056 -0.309017 13.1296 2.7937 15.1022</i>
                        <i>1 0 0 0 -0.5 0.866025 -0 -0.866025 -0.5 13.1296 2.76563 15.1022</i>
                        <i>1 0 0 0 -0.669131 0.743145 -0 -0.743145 -0.669131 13.1296 2.75804 15.1022</i>
                        <i>1 0 0 0 -0.809017 0.587785 -0 -0.587785 -0.809017 13.1296 2.76498 15.1022</i>
                        <i>1 0 0 0 -0.913546 0.406736 -0 -0.406736 -0.913546 13.1296 2.77596 15.1022</i>
                        <i>1 0 0 0 -0.978148 0.207912 -0 -0.207912 -0.978148 13.1296 2.77325 15.1022</i>
                        <i>1 0 0 0 -1 1.46556e-008 -0 -1.46556e-008 -1 13.1296 2.75921 15.1022</i>
                        <i>1 0 0 -0 -0.978148 -0.207912 0 0.207912 -0.978148 13.1296 2.76882 15.1022</i>
                        <i>1 0 0 -0 -0.913545 -0.406737 0 0.406737 -0.913545 13.1296 2.78951 15.1022</i>
                        <i>1 0 0 -0 -0.809017 -0.587785 0 0.587785 -0.809017 13.1296 2.80851 15.1022</i>
                        <i>1 0 0 -0 -0.669131 -0.743145 0 0.743145 -0.669131 13.1296 2.80759 15.1022</i>
                        <i>1 0 0 -0 -0.5 -0.866026 0 0.866026 -0.5 13.1296 2.80926 15.1022</i>
                        <i>1 0 0 -0 -0.309017 -0.951057 0 0.951057 -0.309017 13.1296 2.80592 15.1022</i>
                        <i>1 0 0 -0 -0.104528 -0.994522 0 0.994522 -0.104528 13.1296 2.77709 15.1022</i>
                        <i>1 0 0 0 0.104528 -0.994522 0 0.994522 0.104528 13.1296 2.73768 15.1022</i>
                        <i>1 0 0 0 0.309017 -0.951056 0 0.951056 0.309017 13.1296 2.71853 15.1022</i>
                        <i>1 0 0 0 0.5 -0.866025 0 0.866025 0.5 13.1296 2.73226 15.1022</i>
                        <i>1 0 0 0 0.669131 -0.743145 0 0.743145 0.669131 13.1296 2.75415 15.1022</i>
                        <i>1 0 0 0 0.809017 -0.587785 0 0.587785 0.809017 13.1296 2.77216 15.1022</i>
                        <i>1 0 0 0 0.913546 -0.406736 0 0.406736 0.913546 13.1296 2.79594 15.1022</i>
                        <i>1 0 0 0 0.978148 -0.207911 0 0.207911 0.978148 13.1296 2.80593 15.1022</i>
                        <i>1 0 0 0 1 0 0 0 1 13.1296 2.81002 15.1022</i>
                    </KeyFrames>
                </p>
            </i>
            <i>
                <p>
                    <Name><![CDATA[l_wheel3]]></Name>
                    <Exclude>1</Exclude>
                    <Additive>0</Additive>
                    <IKPriority>0</IKPriority>
                    <IKRotLimits>-1e+010 -1e+010 -1e+010 1e+010 1e+010 1e+010</IKRotLimits>
                    <IKRotLimitOrder>0</IKRotLimitOrder>
                    <KeyFrames count="61">
                        <i>1 0 0 0 1 0 0 0 1 13.1296 2.79422 10.1868</i>
                        <i>1 0 0 0 0.978148 0.207912 0 -0.207912 0.978148 13.1296 2.74659 10.1868</i>
                        <i>1 0 0 0 0.913545 0.406737 0 -0.406737 0.913545 13.1296 2.75336 10.1868</i>
                        <i>1 0 0 0 0.809017 0.587785 0 -0.587785 0.809017 13.1296 2.75974 10.1868</i>
                        <i>1 0 0 0 0.669131 0.743145 0 -0.743145 0.669131 13.1296 2.77217 10.1868</i>
                        <i>1 0 0 0 0.5 0.866025 0 -0.866025 0.5 13.1296 2.7857 10.1868</i>
                        <i>1 0 0 0 0.309017 0.951057 0 -0.951057 0.309017 13.1296 2.79027 10.1868</i>
                        <i>1 0 0 0 0.104528 0.994522 0 -0.994522 0.104528 13.1296 2.79062 10.1868</i>
                        <i>1 0 0 0 -0.104529 0.994522 0 -0.994522 -0.104529 13.1296 2.78394 10.1868</i>
                        <i>1 0 0 0 -0.309017 0.951056 0 -0.951056 -0.309017 13.1296 2.76404 10.1868</i>
                        <i>1 0 0 0 -0.5 0.866025 0 -0.866025 -0.5 13.1296 2.75721 10.1868</i>
                        <i>1 0 0 0 -0.669131 0.743145 0 -0.743145 -0.669131 13.1296 2.7553 10.1868</i>
                        <i>1 0 0 0 -0.809017 0.587785 0 -0.587785 -0.809017 13.1296 2.78638 10.1868</i>
                        <i>1 0 0 0 -0.913545 0.406737 0 -0.406737 -0.913545 13.1296 2.82018 10.1868</i>
                        <i>1 0 0 0 -0.978148 0.207912 0 -0.207912 -0.978148 13.1296 2.82392 10.1868</i>
                        <i>1 0 0 0 -1 -1.78502e-007 0 1.78502e-007 -1 13.1296 2.8029 10.1868</i>
                        <i>1 0 0 0 -0.978148 -0.207912 0 0.207912 -0.978148 13.1296 2.76597 10.1868</i>
                        <i>1 0 0 0 -0.913545 -0.406737 0 0.406737 -0.913545 13.1296 2.7696 10.1868</i>
                        <i>1 0 0 0 -0.809017 -0.587785 0 0.587785 -0.809017 13.1296 2.77156 10.1868</i>
                        <i>1 0 0 0 -0.669131 -0.743145 0 0.743145 -0.669131 13.1296 2.7558 10.1868</i>
                        <i>1 0 0 0 -0.5 -0.866025 0 0.866025 -0.5 13.1296 2.73905 10.1868</i>
                        <i>1 0 0 0 -0.309017 -0.951057 0 0.951057 -0.309017 13.1296 2.73704 10.1868</i>
                        <i>1 0 0 0 -0.104529 -0.994522 0 0.994522 -0.104529 13.1296 2.73702 10.1868</i>
                        <i>1 0 0 0 0.104529 -0.994522 0 0.994522 0.104529 13.1296 2.75167 10.1868</i>
                        <i>1 0 0 0 0.309017 -0.951057 0 0.951057 0.309017 13.1296 2.78422 10.1868</i>
                        <i>1 0 0 0 0.5 -0.866025 0 0.866025 0.5 13.1296 2.79888 10.1868</i>
                        <i>1 0 0 0 0.669131 -0.743145 0 0.743145 0.669131 13.1296 2.79733 10.1868</i>
                        <i>1 0 0 0 0.809017 -0.587785 0 0.587785 0.809017 13.1296 2.78301 10.1868</i>
                        <i>1 0 0 0 0.913545 -0.406737 0 0.406737 0.913545 13.1296 2.7881 10.1868</i>
                        <i>1 0 0 0 0.978148 -0.207912 0 0.207912 0.978148 13.1296 2.76015 10.1868</i>
                        <i>1 0 0 0 1 -1.0533e-007 0 1.0533e-007 1 13.1296 2.73334 10.1868</i>
                        <i>1 0 0 0 0.978148 0.207912 0 -0.207912 0.978148 13.1296 2.72771 10.1868</i>
                        <i>1 0 0 0 0.913545 0.406737 0 -0.406737 0.913545 13.1296 2.74163 10.1868</i>
                        <i>1 0 0 0 0.809017 0.587785 0 -0.587785 0.809017 13.1296 2.76807 10.1868</i>
                        <i>1 0 0 0 0.669131 0.743145 0 -0.743145 0.669131 13.1296 2.78866 10.1868</i>
                        <i>1 0 0 0 0.5 0.866026 0 -0.866026 0.5 13.1296 2.7753 10.1868</i>
                        <i>1 0 0 0 0.309017 0.951057 0 -0.951057 0.309017 13.1296 2.77262 10.1868</i>
                        <i>1 0 0 0 0.104528 0.994522 0 -0.994522 0.104528 13.1296 2.77635 10.1868</i>
                        <i>1 0 0 0 -0.104528 0.994522 -0 -0.994522 -0.104528 13.1296 2.77935 10.1868</i>
                        <i>1 0 0 0 -0.309017 0.951056 -0 -0.951056 -0.309017 13.1296 2.77067 10.1868</i>
                        <i>1 0 0 0 -0.5 0.866025 -0 -0.866025 -0.5 13.1296 2.74748 10.1868</i>
                        <i>1 0 0 0 -0.669131 0.743145 -0 -0.743145 -0.669131 13.1296 2.74689 10.1868</i>
                        <i>1 0 0 0 -0.809017 0.587785 -0 -0.587785 -0.809017 13.1296 2.76297 10.1868</i>
                        <i>1 0 0 0 -0.913546 0.406736 -0 -0.406736 -0.913546 13.1296 2.7832 10.1868</i>
                        <i>1 0 0 0 -0.978148 0.207912 -0 -0.207912 -0.978148 13.1296 2.7928 10.1868</i>
                        <i>1 0 0 0 -1 1.46556e-008 -0 -1.46556e-008 -1 13.1296 2.797 10.1868</i>
                        <i>1 0 0 -0 -0.978148 -0.207912 0 0.207912 -0.978148 13.1296 2.79835 10.1868</i>
                        <i>1 0 0 -0 -0.913545 -0.406737 0 0.406737 -0.913545 13.1296 2.8129 10.1868</i>
                        <i>1 0 0 -0 -0.809017 -0.587785 0 0.587785 -0.809017 13.1296 2.83077 10.1868</i>
                        <i>1 0 0 -0 -0.669131 -0.743145 0 0.743145 -0.669131 13.1296 2.8427 10.1868</i>
                        <i>1 0 0 -0 -0.5 -0.866026 0 0.866026 -0.5 13.1296 2.84776 10.1868</i>
                        <i>1 0 0 -0 -0.309017 -0.951057 0 0.951057 -0.309017 13.1296 2.84082 10.1868</i>
                        <i>1 0 0 -0 -0.104528 -0.994522 0 0.994522 -0.104528 13.1296 2.81509 10.1868</i>
                        <i>1 0 0 0 0.104528 -0.994522 0 0.994522 0.104528 13.1296 2.76728 10.1868</i>
                        <i>1 0 0 0 0.309017 -0.951056 0 0.951056 0.309017 13.1296 2.77133 10.1868</i>
                        <i>1 0 0 0 0.5 -0.866025 0 0.866025 0.5 13.1296 2.77996 10.1868</i>
                        <i>1 0 0 0 0.669131 -0.743145 0 0.743145 0.669131 13.1296 2.78169 10.1868</i>
                        <i>1 0 0 0 0.809017 -0.587785 0 0.587785 0.809017 13.1296 2.78066 10.1868</i>
                        <i>1 0 0 0 0.913546 -0.406736 0 0.406736 0.913546 13.1296 2.76175 10.1868</i>
                        <i>1 0 0 0 0.978148 -0.207911 0 0.207911 0.978148 13.1296 2.74872 10.1868</i>
                        <i>1 0 0 0 1 0 0 0 1 13.1296 2.74128 10.1868</i>
                    </KeyFrames>
                </p>
            </i>
            <i>
                <p>
                    <Name><![CDATA[l_wheel4]]></Name>
                    <Exclude>1</Exclude>
                    <Additive>0</Additive>
                    <IKPriority>0</IKPriority>
                    <IKRotLimits>-1e+010 -1e+010 -1e+010 1e+010 1e+010 1e+010</IKRotLimits>
                    <IKRotLimitOrder>0</IKRotLimitOrder>
                    <KeyFrames count="61">
                        <i>1 0 0 0 1 0 0 0 1 13.1296 2.74652 2.36032</i>
                        <i>1 0 0 0 0.978148 0.207912 0 -0.207912 0.978148 13.1296 2.729 2.36032</i>
                        <i>1 0 0 0 0.913545 0.406737 0 -0.406737 0.913545 13.1296 2.73709 2.36032</i>
                        <i>1 0 0 0 0.809017 0.587785 0 -0.587785 0.809017 13.1296 2.76599 2.36032</i>
                        <i>1 0 0 0 0.669131 0.743145 0 -0.743145 0.669131 13.1296 2.7821 2.36032</i>
                        <i>1 0 0 0 0.5 0.866025 0 -0.866025 0.5 13.1296 2.78092 2.36032</i>
                        <i>1 0 0 0 0.309017 0.951057 0 -0.951057 0.309017 13.1296 2.78602 2.36032</i>
                        <i>1 0 0 0 0.104528 0.994522 0 -0.994522 0.104528 13.1296 2.76427 2.36032</i>
                        <i>1 0 0 0 -0.104529 0.994522 0 -0.994522 -0.104529 13.1296 2.74514 2.36032</i>
                        <i>1 0 0 0 -0.309017 0.951056 0 -0.951056 -0.309017 13.1296 2.73769 2.36032</i>
                        <i>1 0 0 0 -0.5 0.866025 0 -0.866025 -0.5 13.1296 2.73984 2.36032</i>
                        <i>1 0 0 0 -0.669131 0.743145 0 -0.743145 -0.669131 13.1296 2.73495 2.36032</i>
                        <i>1 0 0 0 -0.809017 0.587785 0 -0.587785 -0.809017 13.1296 2.74447 2.36032</i>
                        <i>1 0 0 0 -0.913545 0.406737 0 -0.406737 -0.913545 13.1296 2.74461 2.36032</i>
                        <i>1 0 0 0 -0.978148 0.207912 0 -0.207912 -0.978148 13.1296 2.76871 2.36032</i>
                        <i>1 0 0 0 -1 -1.78502e-007 0 1.78502e-007 -1 13.1296 2.79079 2.36032</i>
                        <i>1 0 0 0 -0.978148 -0.207912 0 0.207912 -0.978148 13.1296 2.81943 2.36032</i>
                        <i>1 0 0 0 -0.913545 -0.406737 0 0.406737 -0.913545 13.1296 2.81117 2.36032</i>
                        <i>1 0 0 0 -0.809017 -0.587785 0 0.587785 -0.809017 13.1296 2.7915 2.36032</i>
                        <i>1 0 0 0 -0.669131 -0.743145 0 0.743145 -0.669131 13.1296 2.76553 2.36032</i>
                        <i>1 0 0 0 -0.5 -0.866025 0 0.866025 -0.5 13.1296 2.76676 2.36032</i>
                        <i>1 0 0 0 -0.309017 -0.951057 0 0.951057 -0.309017 13.1296 2.77476 2.36032</i>
                        <i>1 0 0 0 -0.104529 -0.994522 0 0.994522 -0.104529 13.1296 2.79557 2.36032</i>
                        <i>1 0 0 0 0.104529 -0.994522 0 0.994522 0.104529 13.1296 2.78288 2.36032</i>
                        <i>1 0 0 0 0.309017 -0.951057 0 0.951057 0.309017 13.1296 2.7781 2.36032</i>
                        <i>1 0 0 0 0.5 -0.866025 0 0.866025 0.5 13.1296 2.78778 2.36032</i>
                        <i>1 0 0 0 0.669131 -0.743145 0 0.743145 0.669131 13.1296 2.80206 2.36032</i>
                        <i>1 0 0 0 0.809017 -0.587785 0 0.587785 0.809017 13.1296 2.77962 2.36032</i>
                        <i>1 0 0 0 0.913545 -0.406737 0 0.406737 0.913545 13.1296 2.76929 2.36032</i>
                        <i>1 0 0 0 0.978148 -0.207912 0 0.207912 0.978148 13.1296 2.78156 2.36032</i>
                        <i>1 0 0 0 1 -1.0533e-007 0 1.0533e-007 1 13.1296 2.79479 2.36032</i>
                        <i>1 0 0 0 0.978148 0.207912 0 -0.207912 0.978148 13.1296 2.80463 2.36032</i>
                        <i>1 0 0 0 0.913545 0.406737 0 -0.406737 0.913545 13.1296 2.82909 2.36032</i>
                        <i>1 0 0 0 0.809017 0.587785 0 -0.587785 0.809017 13.1296 2.82045 2.36032</i>
                        <i>1 0 0 0 0.669131 0.743145 0 -0.743145 0.669131 13.1296 2.80387 2.36032</i>
                        <i>1 0 0 0 0.5 0.866026 0 -0.866026 0.5 13.1296 2.79092 2.36032</i>
                        <i>1 0 0 0 0.309017 0.951057 0 -0.951057 0.309017 13.1296 2.79054 2.36032</i>
                        <i>1 0 0 0 0.104528 0.994522 0 -0.994522 0.104528 13.1296 2.78538 2.36032</i>
                        <i>1 0 0 0 -0.104528 0.994522 -0 -0.994522 -0.104528 13.1296 2.77335 2.36032</i>
                        <i>1 0 0 0 -0.309017 0.951056 -0 -0.951056 -0.309017 13.1296 2.74391 2.36032</i>
                        <i>1 0 0 0 -0.5 0.866025 -0 -0.866025 -0.5 13.1296 2.74721 2.36032</i>
                        <i>1 0 0 0 -0.669131 0.743145 -0 -0.743145 -0.669131 13.1296 2.7533 2.36032</i>
                        <i>1 0 0 0 -0.809017 0.587785 -0 -0.587785 -0.809017 13.1296 2.77018 2.36032</i>
                        <i>1 0 0 0 -0.913546 0.406736 -0 -0.406736 -0.913546 13.1296 2.76072 2.36032</i>
                        <i>1 0 0 0 -0.978148 0.207912 -0 -0.207912 -0.978148 13.1296 2.7445 2.36032</i>
                        <i>1 0 0 0 -1 1.46556e-008 -0 -1.46556e-008 -1 13.1296 2.72482 2.36032</i>
                        <i>1 0 0 -0 -0.978148 -0.207912 0 0.207912 -0.978148 13.1296 2.73209 2.36032</i>
                        <i>1 0 0 -0 -0.913545 -0.406737 0 0.406737 -0.913545 13.1296 2.7451 2.36032</i>
                        <i>1 0 0 -0 -0.809017 -0.587785 0 0.587785 -0.809017 13.1296 2.76447 2.36032</i>
                        <i>1 0 0 -0 -0.669131 -0.743145 0 0.743145 -0.669131 13.1296 2.75644 2.36032</i>
                        <i>1 0 0 -0 -0.5 -0.866026 0 0.866026 -0.5 13.1296 2.76 2.36032</i>
                        <i>1 0 0 -0 -0.309017 -0.951057 0 0.951057 -0.309017 13.1296 2.76118 2.36032</i>
                        <i>1 0 0 -0 -0.104528 -0.994522 0 0.994522 -0.104528 13.1296 2.7694 2.36032</i>
                        <i>1 0 0 0 0.104528 -0.994522 0 0.994522 0.104528 13.1296 2.75952 2.36032</i>
                        <i>1 0 0 0 0.309017 -0.951056 0 0.951056 0.309017 13.1296 2.75747 2.36032</i>
                        <i>1 0 0 0 0.5 -0.866025 0 0.866025 0.5 13.1296 2.76911 2.36032</i>
                        <i>1 0 0 0 0.669131 -0.743145 0 0.743145 0.669131 13.1296 2.77227 2.36032</i>
                        <i>1 0 0 0 0.809017 -0.587785 0 0.587785 0.809017 13.1296 2.76713 2.36032</i>
                        <i>1 0 0 0 0.913546 -0.406736 0 0.406736 0.913546 13.1296 2.77336 2.36032</i>
                        <i>1 0 0 0 0.978148 -0.207911 0 0.207911 0.978148 13.1296 2.75867 2.36032</i>
                        <i>1 0 0 0 1 0 0 0 1 13.1296 2.74845 2.36032</i>
                    </KeyFrames>
                </p>
            </i>
            <i>
                <p>
                    <Name><![CDATA[l_wheel5]]></Name>
                    <Exclude>1</Exclude>
                    <Additive>0</Additive>
                    <IKPriority>0</IKPriority>
                    <IKRotLimits>-1e+010 -1e+010 -1e+010 1e+010 1e+010 1e+010</IKRotLimits>
                    <IKRotLimitOrder>0</IKRotLimitOrder>
                    <KeyFrames count="61">
                        <i>1 0 0 0 1 0 0 0 1 13.1296 2.76723 -2.39363</i>
                        <i>1 0 0 0 0.978148 0.207912 0 -0.207912 0.978148 13.1296 2.79038 -2.39363</i>
                        <i>1 0 0 0 0.913545 0.406737 0 -0.406737 0.913545 13.1296 2.8153 -2.39363</i>
                        <i>1 0 0 0 0.809017 0.587785 0 -0.587785 0.809017 13.1296 2.80194 -2.39363</i>
                        <i>1 0 0 0 0.669131 0.743145 0 -0.743145 0.669131 13.1296 2.80149 -2.39363</i>
                        <i>1 0 0 0 0.5 0.866025 0 -0.866025 0.5 13.1296 2.79722 -2.39363</i>
                        <i>1 0 0 0 0.309017 0.951057 0 -0.951057 0.309017 13.1296 2.80053 -2.39363</i>
