<?xml version="1.0" encoding="ISO-8859-1" ?>
<Animl Version="1">
    <ModellingPackage>
        <![CDATA[Maya.2010]]>
</ModellingPackage>
    <SrcFile>
        <![CDATA[anims\bosses\red\mi12_homer\~src\mi12_homer_damaged_engines.mb]]>
</SrcFile>
    <FramesPerSecond>30</FramesPerSecond>
    <TotalFrames>31</TotalFrames>
    <Skeleton>
        <RefFrame>
            <Name>
                <![CDATA[mi12_homer_engine_l_ref_frame]]>
</Name>
            <Exclude>0</Exclude>
            <Additive>0</Additive>
            <IKPriority>0</IKPriority>
            <IKRotLimits>-1e+010 -1e+010 -1e+010 1e+010 1e+010 1e+010</IKRotLimits>
            <IKRotLimitOrder>0</IKRotLimitOrder>
            <KeyFrames count="31">
                <i>1 0 0 0 1 0 0 0 1 31.4768 21.7945 3.59133</i>
                <i>1 0 0 0 1 0 0 0 1 31.4768 21.5886 3.56659</i>
                <i>1 0 0 0 1 0 0 0 1 31.4768 21.3827 3.54185</i>
                <i>1 0 0 0 1 0 0 0 1 31.4768 21.2891 3.5306</i>
                <i>1 0 0 0 1 0 0 0 1 31.4768 21.3827 3.54185</i>
                <i>1 0 0 0 1 0 0 0 1 31.4768 21.5886 3.56659</i>
                <i>1 0 0 0 1 0 0 0 1 31.4768 21.7945 3.59133</i>
                <i>1 0 0 0 1 0 0 0 1 31.4768 21.5886 3.56659</i>
                <i>1 0 0 0 1 0 0 0 1 31.4768 21.3827 3.54185</i>
                <i>1 0 0 0 1 0 0 0 1 31.4768 21.2891 3.5306</i>
                <i>1 0 0 0 1 0 0 0 1 31.4768 21.3827 3.54185</i>
                <i>1 0 0 0 1 0 0 0 1 31.4768 21.5886 3.56659</i>
                <i>1 0 0 0 1 0 0 0 1 31.4768 21.7945 3.59133</i>
                <i>1 0 0 0 1 0 0 0 1 31.4768 21.5886 3.56659</i>
                <i>1 0 0 0 1 0 0 0 1 31.4768 21.3827 3.54185</i>
                <i>1 0 0 0 1 0 0 0 1 31.4768 21.2891 3.5306</i>
                <i>1 0 0 0 1 0 0 0 1 31.4768 21.3827 3.54185</i>
                <i>1 0 0 0 1 0 0 0 1 31.4768 21.5886 3.56659</i>
                <i>1 0 0 0 1 0 0 0 1 31.4768 21.7945 3.59133</i>
                <i>1 0 0 0 1 0 0 0 1 31.4768 21.5886 3.56659</i>
                <i>1 0 0 0 1 0 0 0 1 31.4768 21.3827 3.54185</i>
                <i>1 0 0 0 1 0 0 0 1 31.4768 21.2891 3.5306</i>
                <i>1 0 0 0 1 0 0 0 1 31.4768 21.3827 3.54185</i>
                <i>1 0 0 0 1 0 0 0 1 31.4768 21.5886 3.56659</i>
                <i>1 0 0 0 1 0 0 0 1 31.4768 21.7945 3.59133</i>
                <i>1 0 0 0 1 0 0 0 1 31.4768 21.5886 3.56659</i>
                <i>1 0 0 0 1 0 0 0 1 31.4768 21.3827 3.54185</i>
                <i>1 0 0 0 1 0 0 0 1 31.4768 21.2891 3.5306</i>
                <i>1 0 0 0 1 0 0 0 1 31.4768 21.3827 3.54185</i>
                <i>1 0 0 0 1 0 0 0 1 31.4768 21.5886 3.56659</i>
                <i>1 0 0 0 1 0 0 0 1 31.4768 21.7945 3.59133</i>
            </KeyFrames>
        </RefFrame>
        <Bones count="4">
            <i>
                <p>
                    <Name>
                        <![CDATA[mi12_homer_engine_l_root]]>
</Name>
                    <Exclude>0</Exclude>
                    <Additive>0</Additive>
                    <IKPriority>0</IKPriority>
                    <IKRotLimits>-1e+010 -1e+010 -1e+010 1e+010 1e+010 1e+010</IKRotLimits>
                    <IKRotLimitOrder>0</IKRotLimitOrder>
                    <KeyFrames count="31">
                        <i>1 0 0 0 1 0 0 0 1 31.4768 22.2251 3.60111</i>
                        <i>1 0 0 0 1 0 0 0 1 31.4768 22.2251 3.60111</i>
                        <i>1 0 0 0 1 0 0 0 1 31.4768 22.2251 3.60111</i>
                        <i>1 0 0 0 1 0 0 0 1 31.4768 22.2251 3.60111</i>
                        <i>1 0 0 0 1 0 0 0 1 31.4768 22.2251 3.60111</i>
                        <i>1 0 0 0 1 0 0 0 1 31.4768 22.2251 3.60111</i>
                        <i>1 0 0 0 1 0 0 0 1 31.4768 22.2251 3.60111</i>
                        <i>1 0 0 0 1 0 0 0 1 31.4768 22.2251 3.60111</i>
                        <i>1 0 0 0 1 0 0 0 1 31.4768 22.2251 3.60111</i>
                        <i>1 0 0 0 1 0 0 0 1 31.4768 22.2251 3.60111</i>
                        <i>1 0 0 0 1 0 0 0 1 31.4768 22.2251 3.60111</i>
                        <i>1 0 0 0 1 0 0 0 1 31.4768 22.2251 3.60111</i>
                        <i>1 0 0 0 1 0 0 0 1 31.4768 22.2251 3.60111</i>
                        <i>1 0 0 0 1 0 0 0 1 31.4768 22.2251 3.60111</i>
                        <i>1 0 0 0 1 0 0 0 1 31.4768 22.2251 3.60111</i>
                        <i>1 0 0 0 1 0 0 0 1 31.4768 22.2251 3.60111</i>
                        <i>1 0 0 0 1 0 0 0 1 31.4768 22.2251 3.60111</i>
                        <i>1 0 0 0 1 0 0 0 1 31.4768 22.2251 3.60111</i>
                        <i>1 0 0 0 1 0 0 0 1 31.4768 22.2251 3.60111</i>
                        <i>1 0 0 0 1 0 0 0 1 31.4768 22.2251 3.60111</i>
                        <i>1 0 0 0 1 0 0 0 1 31.4768 22.2251 3.60111</i>
                        <i>1 0 0 0 1 0 0 0 1 31.4768 22.2251 3.60111</i>
                        <i>1 0 0 0 1 0 0 0 1 31.4768 22.2251 3.60111</i>
                        <i>1 0 0 0 1 0 0 0 1 31.4768 22.2251 3.60111</i>
                        <i>1 0 0 0 1 0 0 0 1 31.4768 22.2251 3.60111</i>
                        <i>1 0 0 0 1 0 0 0 1 31.4768 22.2251 3.60111</i>
                        <i>1 0 0 0 1 0 0 0 1 31.4768 22.2251 3.60111</i>
                        <i>1 0 0 0 1 0 0 0 1 31.4768 22.2251 3.60111</i>
                        <i>1 0 0 0 1 0 0 0 1 31.4768 22.2251 3.60111</i>
                        <i>1 0 0 0 1 0 0 0 1 31.4768 22.2251 3.60111</i>
                        <i>1 0 0 0 1 0 0 0 1 31.4768 22.2251 3.60111</i>
                    </KeyFrames>
                </p>
            </i>
            <i>
                <p>
                    <Name>
                        <![CDATA[engine_body]]>
</Name>
                    <Exclude>0</Exclude>
                    <Additive>0</Additive>
                    <IKPriority>0</IKPriority>
                    <IKRotLimits>-1e+010 -1e+010 -1e+010 1e+010 1e+010 1e+010</IKRotLimits>
                    <IKRotLimitOrder>0</IKRotLimitOrder>
                    <KeyFrames count="31">
                        <i>1 0 0 0 0.992856 0.119319 0 -0.119319 0.992856 31.4768 21.7945 3.59133</i>
                        <i>0.999115 0.0417655 0.00501926 -0.042061 0.990025 0.134465 0.000646787 -0.134557 0.990906 31.4768 21.5886 3.56659</i>
                        <i>0.999815 0.0190899 0.00229417 -0.019227 0.992071 0.124197 9.49269e-005 -0.124218 0.992255 31.4768 21.3827 3.54185</i>
                        <i>0.999755 -0.0219807 -0.00264157 0.0221367 0.994171 0.10552 0.000306784 -0.105552 0.994414 31.4768 21.2891 3.5306</i>
                        <i>0.999149 -0.0409514 -0.00492142 0.0412359 0.994418 0.0971232 0.00091662 -0.0972435 0.99526 31.4768 21.3827 3.54185</i>
                        <i>0.999596 -0.0282043 -0.00338951 0.0284039 0.994157 0.104141 0.000432479 -0.104195 0.994557 31.4768 21.5886 3.56659</i>
                        <i>1 0 0 0 0.992856 0.119319 0 -0.119319 0.992856 31.4768 21.7945 3.59133</i>
                        <i>0.999115 0.0417655 0.00501926 -0.042061 0.990025 0.134465 0.000646787 -0.134557 0.990906 31.4768 21.5886 3.56659</i>
                        <i>0.999815 0.0190899 0.00229417 -0.019227 0.992071 0.124197 9.49269e-005 -0.124218 0.992255 31.4768 21.3827 3.54185</i>
                        <i>0.999755 -0.0219807 -0.00264157 0.0221367 0.994171 0.10552 0.000306784 -0.105552 0.994414 31.4768 21.2891 3.5306</i>
                        <i>0.999149 -0.0409514 -0.00492142 0.0412359 0.994418 0.0971232 0.00091662 -0.0972435 0.99526 31.4768 21.3827 3.54185</i>
                        <i>0.999596 -0.0282043 -0.00338951 0.0284039 0.994157 0.104141 0.000432479 -0.104195 0.994557 31.4768 21.5886 3.56659</i>
                        <i>1 0 0 0 0.992856 0.119319 0 -0.119319 0.992856 31.4768 21.7945 3.59133</i>
                        <i>0.999115 0.0417655 0.00501926 -0.042061 0.990025 0.134465 0.000646787 -0.134557 0.990906 31.4768 21.5886 3.56659</i>
                        <i>0.999815 0.0190899 0.00229417 -0.019227 0.992071 0.124197 9.49269e-005 -0.124218 0.992255 31.4768 21.3827 3.54185</i>
                        <i>0.999755 -0.0219807 -0.00264157 0.0221367 0.994171 0.10552 0.000306784 -0.105552 0.994414 31.4768 21.2891 3.5306</i>
                        <i>0.999149 -0.0409514 -0.00492142 0.0412359 0.994418 0.0971232 0.00091662 -0.0972435 0.99526 31.4768 21.3827 3.54185</i>
                        <i>0.999596 -0.0282043 -0.00338951 0.0284039 0.994157 0.104141 0.000432479 -0.104195 0.994557 31.4768 21.5886 3.56659</i>
                        <i>1 0 0 0 0.992856 0.119319 0 -0.119319 0.992856 31.4768 21.7945 3.59133</i>
                        <i>0.999115 0.0417655 0.00501926 -0.042061 0.990025 0.134465 0.000646787 -0.134557 0.990906 31.4768 21.5886 3.56659</i>
                        <i>0.999815 0.0190899 0.00229417 -0.019227 0.992071 0.124197 9.49269e-005 -0.124218 0.992255 31.4768 21.3827 3.54185</i>
                        <i>0.999755 -0.0219807 -0.00264157 0.0221367 0.994171 0.10552 0.000306784 -0.105552 0.994414 31.4768 21.2891 3.5306</i>
                        <i>0.999149 -0.0409514 -0.00492142 0.0412359 0.994418 0.0971232 0.00091662 -0.0972435 0.99526 31.4768 21.3827 3.54185</i>
                        <i>0.999596 -0.0282043 -0.00338951 0.0284039 0.994157 0.104141 0.000432479 -0.104195 0.994557 31.4768 21.5886 3.56659</i>
                        <i>1 0 0 0 0.992856 0.119319 0 -0.119319 0.992856 31.4768 21.7945 3.59133</i>
                        <i>0.999115 0.0417655 0.00501926 -0.042061 0.990025 0.134465 0.000646787 -0.134557 0.990906 31.4768 21.5886 3.56659</i>
                        <i>0.999815 0.0190899 0.00229417 -0.019227 0.992071 0.124197 9.49269e-005 -0.124218 0.992255 31.4768 21.3827 3.54185</i>
                        <i>0.999755 -0.0219807 -0.00264157 0.0221367 0.994171 0.10552 0.000306784 -0.105552 0.994414 31.4768 21.2891 3.5306</i>
                        <i>0.999149 -0.0409514 -0.00492142 0.0412359 0.994418 0.0971232 0.00091662 -0.0972435 0.99526 31.4768 21.3827 3.54185</i>
                        <i>0.999596 -0.0282043 -0.00338951 0.0284039 0.994157 0.104141 0.000432479 -0.104195 0.994557 31.4768 21.5886 3.56659</i>
                        <i>1 0 0 0 0.992856 0.119319 0 -0.119319 0.992856 31.4768 21.7945 3.59133</i>
                    </KeyFrames>
                </p>
            </i>
            <i>
                <p>
                    <Name>
                        <![CDATA[propeller_spin_l]]>
</Name>
                    <Exclude>0</Exclude>
                    <Additive>0</Additive>
                    <IKPriority>0</IKPriority>
                    <IKRotLimits>-1e+010 -1e+010 -1e+010 1e+010 1e+010 1e+010</IKRotLimits>
                    <IKRotLimitOrder>0</IKRotLimitOrder>
                    <KeyFrames count="31">
                        <i>1 0 0 0 0.992856 0.119319 0 -0.119319 0.992856 35.0724 26.8447 4.60649</i>
                        <i>0.912474 0.0928838 -0.398452 -0.042061 0.990025 0.134465 0.406967 -0.105936 0.907279 34.8535 26.7682 4.67678</i>
                        <i>0.668936 0.105086 -0.735854 -0.019227 0.992071 0.124197 0.743071 -0.0689315 0.665653 34.973 26.4955 4.59005</i>
                        <i>0.308649 0.0935938 -0.94656 0.0221367 0.994171 0.10552 0.950918 -0.0535223 0.304778 35.1853 26.2726 4.46602</i>
                        <i>-0.105351 0.100991 -0.989294 0.0412359 0.994418 0.0971232 0.99358 -0.0305623 -0.108928 35.2815 26.3026 4.4263</i>
                        <i>-0.500173 0.104338 -0.859617 0.0284039 0.994157 0.104141 0.86546 0.0276721 -0.500214 35.217 26.5502 4.4923</i>
                        <i>-0.809017 0.0701337 -0.583586 0 0.992856 0.119319 0.587785 0.0965308 -0.803237 35.0724 26.8447 4.60649</i>
                        <i>-0.977416 -0.0128769 -0.21093 -0.042061 0.990025 0.134465 0.207095 0.1403 -0.968208 34.8535 26.7682 4.67678</i>
                        <i>-0.977947 -0.0444992 0.204058 -0.019227 0.992071 0.124197 -0.207966 0.117535 -0.971049 34.973 26.4955 4.59005</i>
                        <i>-0.808638 -0.0442593 0.586639 0.0221367 0.994171 0.10552 -0.58789 0.0983135 -0.802945 35.1853 26.2726 4.46602</i>
                        <i>-0.498781 -0.0637396 0.864381 0.0412359 0.994418 0.0971232 -0.865747 0.0840867 -0.493368 35.2815 26.3026 4.4263</i>
                        <i>-0.104056 -0.100676 0.989463 0.0284039 0.994157 0.104141 -0.994166 0.0389412 -0.100588 35.217 26.5502 4.4923</i>
                        <i>0.309017 -0.113479 0.944262 0 0.992856 0.119319 -0.951056 -0.0368715 0.306809 35.0724 26.8447 4.60649</i>
                        <i>0.669019 -0.0720485 0.739745 -0.042061 0.990025 0.134465 -0.742054 -0.121074 0.659315 34.8535 26.7682 4.67678</i>
                        <i>0.913415 -0.0330845 0.405682 -0.019227 0.992071 0.124197 -0.406575 -0.121243 0.905537 34.973 26.4955 4.59005</i>
                        <i>0.999755 -0.0219807 -0.00264157 0.0221367 0.994171 0.10552 0.000306784 -0.105552 0.994414 35.1853 26.2726 4.46602</i>
                        <i>0.912395 0.00214155 -0.409305 0.0412359 0.994418 0.0971232 0.407228 -0.105493 0.907214 35.2815 26.3026 4.4263</i>
                        <i>0.668539 0.0585599 -0.741368 0.0284039 0.994157 0.104141 0.743134 -0.0906802 0.66297 35.217 26.5502 4.4923</i>
                        <i>0.309017 0.113479 -0.944262 0 0.992856 0.119319 0.951057 -0.0368715 0.306809 35.0724 26.8447 4.60649</i>
                        <i>-0.105079 0.129454 -0.986002 -0.042061 0.990025 0.134465 0.993574 0.0556017 -0.0985859 34.8535 26.7682 4.67678</i>
                        <i>-0.49999 0.098031 -0.860465 -0.019227 0.992071 0.124197 0.865818 0.0786414 -0.494141 34.973 26.4955 4.59005</i>
                        <i>-0.808999 0.0798248 -0.582365 0.0221367 0.994171 0.10552 0.587393 0.0724736 -0.80605 35.1853 26.2726 4.46602</i>
                        <i>-0.977506 0.0602746 -0.202112 0.0412359 0.994418 0.0971232 0.206838 0.0866042 -0.974535 35.2815 26.3026 4.4263</i>
                        <i>-0.977663 0.00592456 0.210095 0.0284039 0.994157 0.104141 -0.208251 0.107782 -0.972119 35.217 26.5502 4.4923</i>
                        <i>-0.809017 -0.0701337 0.583586 0 0.992856 0.119319 -0.587785 0.0965308 -0.803237 35.0724 26.8447 4.60649</i>
                        <i>-0.498998 -0.137412 0.85564 -0.042061 0.990025 0.134465 -0.865582 0.0311084 -0.4998 34.8535 26.7682 4.67678</i>
                        <i>-0.104415 -0.125533 0.986579 -0.019227 0.992071 0.124197 -0.994348 -0.00600102 -0.106 34.973 26.4955 4.59005</i>
                        <i>0.309233 -0.107179 0.944927 0.0221367 0.994171 0.10552 -0.950729 -0.0117125 0.309803 35.1853 26.2726 4.46602</i>
                        <i>0.669242 -0.0996678 0.736329 0.0412359 0.994418 0.0971232 -0.741899 -0.0346358 0.669616 35.2815 26.3026 4.4263</i>
                        <i>0.913353 -0.068146 0.401427 0.0284039 0.994157 0.104141 -0.406178 -0.0837155 0.909951 35.217 26.5502 4.4923</i>
                        <i>1 0 0 0 0.992856 0.119319 0 -0.119319 0.992856 35.0724 26.8447 4.60649</i>
                    </KeyFrames>
                </p>
            </i>
            <i>
                <p>
                    <Name>
                        <![CDATA[propeller_lift_l]]>
</Name>
                    <Exclude>0</Exclude>
                    <Additive>0</Additive>
                    <IKPriority>0</IKPriority>
                    <IKRotLimits>-1e+010 -1e+010 -1e+010 1e+010 1e+010 1e+010</IKRotLimits>
                    <IKRotLimitOrder>0</IKRotLimitOrder>
                    <KeyFrames count="31">
                        <i>1 0 0 0 0.992856 0.119319 0 -0.119319 0.992856 35.0724 28.2857 4.77965</i>
                        <i>0.912474 0.0928838 -0.398452 -0.042061 0.990025 0.134465 0.406967 -0.105936 0.907279 34.7924 28.2051 4.87194</i>
                        <i>0.668936 0.105086 -0.735854 -0.019227 0.992071 0.124197 0.743071 -0.0689315 0.665653 34.9451 27.9354 4.77033</i>
                        <i>0.308649 0.0935938 -0.94656 0.0221367 0.994171 0.10552 0.950918 -0.0535223 0.304778 35.2174 27.7155 4.6192</i>
                        <i>-0.105351 0.100991 -0.989294 0.0412359 0.994418 0.0971232 0.99358 -0.0305623 -0.108928 35.3413 27.7459 4.5673</i>
                        <i>-0.500173 0.104338 -0.859617 0.0284039 0.994157 0.104141 0.86546 0.0276721 -0.500214 35.2582 27.9931 4.64349</i>
                        <i>-0.809017 0.0701337 -0.583586 0 0.992856 0.119319 0.587785 0.0965308 -0.803237 35.0724 28.2857 4.77969</i>
                        <i>-0.977416 -0.0128769 -0.21093 -0.042061 0.990025 0.134465 0.207095 0.1403 -0.968208 34.7925 28.2052 4.87195</i>
                        <i>-0.977947 -0.0444992 0.204058 -0.019227 0.992071 0.124197 -0.207966 0.117535 -0.971049 34.9452 27.9354 4.77031</i>
                        <i>-0.808638 -0.0442593 0.586639 0.0221367 0.994171 0.10552 -0.58789 0.0983135 -0.802945 35.2175 27.7155 4.61916</i>
                        <i>-0.498781 -0.0637396 0.864381 0.0412359 0.994418 0.0971232 -0.865747 0.0840867 -0.493368 35.3413 27.7459 4.56723</i>
                        <i>-0.104056 -0.100676 0.989463 0.0284039 0.994157 0.104141 -0.994166 0.0389412 -0.100588 35.2582 27.9931 4.64342</i>
                        <i>0.309017 -0.113479 0.944262 0 0.992856 0.119319 -0.951056 -0.0368715 0.306809 35.0724 28.2857 4.77963</i>
                        <i>0.669019 -0.0720485 0.739745 -0.042061 0.990025 0.134465 -0.742054 -0.121074 0.659315 34.7924 28.2052 4.8719</i>
                        <i>0.913415 -0.0330845 0.405682 -0.019227 0.992071 0.124197 -0.406575 -0.121243 0.905537 34.9451 27.9354 4.77029</i>
                        <i>0.999755 -0.0219807 -0.00264157 0.0221367 0.994171 0.10552 0.000306784 -0.105552 0.994414 35.2174 27.7155 4.61916</i>
                        <i>0.912395 0.00214155 -0.409305 0.0412359 0.994418 0.0971232 0.407228 -0.105493 0.907214 35.3413 27.7459 4.56727</i>
                        <i>0.668539 0.0585599 -0.741368 0.0284039 0.994157 0.104141 0.743134 -0.0906802 0.66297 35.2582 27.9931 4.64347</i>
                        <i>0.309017 0.113479 -0.944262 0 0.992856 0.119319 0.951057 -0.0368715 0.306809 35.0724 28.2857 4.7797</i>
                        <i>-0.105079 0.129454 -0.986002 -0.042061 0.990025 0.134465 0.993574 0.0556017 -0.0985859 34.7924 28.2051 4.87197</i>
                        <i>-0.49999 0.098031 -0.860465 -0.019227 0.992071 0.124197 0.865818 0.0786414 -0.494141 34.9451 27.9354 4.77035</i>
                        <i>-0.808999 0.0798248 -0.582365 0.0221367 0.994171 0.10552 0.587393 0.0724736 -0.80605 35.2175 27.7155 4.6192</i>
                        <i>-0.977506 0.0602746 -0.202112 0.0412359 0.994418 0.0971232 0.206838 0.0866042 -0.974535 35.3414 27.7459 4.56728</i>
                        <i>-0.977663 0.00592456 0.210095 0.0284039 0.994157 0.104141 -0.208251 0.107782 -0.972119 35.2583 27.9931 4.64345</i>
                        <i>-0.809017 -0.0701337 0.583586 0 0.992856 0.119319 -0.587785 0.0965308 -0.803237 35.0724 28.2857 4.77965</i>
                        <i>-0.498998 -0.137412 0.85564 -0.042061 0.990025 0.134465 -0.865582 0.0311084 -0.4998 34.7925 28.2052 4.87191</i>
                        <i>-0.104415 -0.125533 0.986579 -0.019227 0.992071 0.124197 -0.994348 -0.00600102 -0.106 34.9451 27.9354 4.77028</i>
                        <i>0.309233 -0.107179 0.944927 0.0221367 0.994171 0.10552 -0.950729 -0.0117125 0.309803 35.2174 27.7155 4.61913</i>
                        <i>0.669242 -0.0996678 0.736329 0.0412359 0.994418 0.0971232 -0.741899 -0.0346358 0.669616 35.3413 27.7459 4.56723</i>
                        <i>0.913353 -0.068146 0.401427 0.0284039 0.994157 0.104141 -0.406178 -0.0837155 0.909951 35.2582 27.9931 4.64343</i>
                        <i>1 0 0 0 0.992856 0.119319 0 -0.119319 0.992856 35.0724 28.2857 4.77965</i>
                    </KeyFrames>
                </p>
            </i>
        </Bones>
    </Skeleton>
</Animl>
