<?xml version="1.0" encoding="ISO-8859-1" ?>
<Animl Version="1">
    <ModellingPackage><![CDATA[Maya.2010]]></ModellingPackage>
    <SrcFile><![CDATA[anims\vehicles\blue\~src\air\bomber_b52d\bomber_b52d_maxspeed_turn_right.mb]]></SrcFile>
    <FramesPerSecond>30</FramesPerSecond>
    <TotalFrames>61</TotalFrames>
    <Skeleton>
        <RefFrame>
            <Name><![CDATA[b52d_ref_frame]]></Name>
            <Exclude>0</Exclude>
            <Additive>0</Additive>
            <IKPriority>0</IKPriority>
            <IKRotLimits>-1e+010 -1e+010 -1e+010 1e+010 1e+010 1e+010</IKRotLimits>
            <IKRotLimitOrder>0</IKRotLimitOrder>
            <KeyFrames count="61">
                <i>1 0 0 0 1 0 0 0 1 0 0 0</i>
                <i>1 0 0 0 1 0 0 0 1 0 0 0</i>
                <i>1 0 0 0 1 0 0 0 1 0 0 0</i>
                <i>1 0 0 0 1 0 0 0 1 0 0 0</i>
                <i>1 0 0 0 1 0 0 0 1 0 0 0</i>
                <i>1 0 0 0 1 0 0 0 1 0 0 0</i>
                <i>1 0 0 0 1 0 0 0 1 0 0 0</i>
                <i>1 0 0 0 1 0 0 0 1 0 0 0</i>
                <i>1 0 0 0 1 0 0 0 1 0 0 0</i>
                <i>1 0 0 0 1 0 0 0 1 0 0 0</i>
                <i>1 0 0 0 1 0 0 0 1 0 0 0</i>
                <i>1 0 0 0 1 0 0 0 1 0 0 0</i>
                <i>1 0 0 0 1 0 0 0 1 0 0 0</i>
                <i>1 0 0 0 1 0 0 0 1 0 0 0</i>
                <i>1 0 0 0 1 0 0 0 1 0 0 0</i>
                <i>1 0 0 0 1 0 0 0 1 0 0 0</i>
                <i>1 0 0 0 1 0 0 0 1 0 0 0</i>
                <i>1 0 0 0 1 0 0 0 1 0 0 0</i>
                <i>1 0 0 0 1 0 0 0 1 0 0 0</i>
                <i>1 0 0 0 1 0 0 0 1 0 0 0</i>
                <i>1 0 0 0 1 0 0 0 1 0 0 0</i>
                <i>1 0 0 0 1 0 0 0 1 0 0 0</i>
                <i>1 0 0 0 1 0 0 0 1 0 0 0</i>
                <i>1 0 0 0 1 0 0 0 1 0 0 0</i>
                <i>1 0 0 0 1 0 0 0 1 0 0 0</i>
                <i>1 0 0 0 1 0 0 0 1 0 0 0</i>
                <i>1 0 0 0 1 0 0 0 1 0 0 0</i>
                <i>1 0 0 0 1 0 0 0 1 0 0 0</i>
                <i>1 0 0 0 1 0 0 0 1 0 0 0</i>
                <i>1 0 0 0 1 0 0 0 1 0 0 0</i>
                <i>1 0 0 0 1 0 0 0 1 0 0 0</i>
                <i>1 0 0 0 1 0 0 0 1 0 0 0</i>
                <i>1 0 0 0 1 0 0 0 1 0 0 0</i>
                <i>1 0 0 0 1 0 0 0 1 0 0 0</i>
                <i>1 0 0 0 1 0 0 0 1 0 0 0</i>
                <i>1 0 0 0 1 0 0 0 1 0 0 0</i>
                <i>1 0 0 0 1 0 0 0 1 0 0 0</i>
                <i>1 0 0 0 1 0 0 0 1 0 0 0</i>
                <i>1 0 0 0 1 0 0 0 1 0 0 0</i>
                <i>1 0 0 0 1 0 0 0 1 0 0 0</i>
                <i>1 0 0 0 1 0 0 0 1 0 0 0</i>
                <i>1 0 0 0 1 0 0 0 1 0 0 0</i>
                <i>1 0 0 0 1 0 0 0 1 0 0 0</i>
                <i>1 0 0 0 1 0 0 0 1 0 0 0</i>
                <i>1 0 0 0 1 0 0 0 1 0 0 0</i>
                <i>1 0 0 0 1 0 0 0 1 0 0 0</i>
                <i>1 0 0 0 1 0 0 0 1 0 0 0</i>
                <i>1 0 0 0 1 0 0 0 1 0 0 0</i>
                <i>1 0 0 0 1 0 0 0 1 0 0 0</i>
                <i>1 0 0 0 1 0 0 0 1 0 0 0</i>
                <i>1 0 0 0 1 0 0 0 1 0 0 0</i>
                <i>1 0 0 0 1 0 0 0 1 0 0 0</i>
                <i>1 0 0 0 1 0 0 0 1 0 0 0</i>
                <i>1 0 0 0 1 0 0 0 1 0 0 0</i>
                <i>1 0 0 0 1 0 0 0 1 0 0 0</i>
                <i>1 0 0 0 1 0 0 0 1 0 0 0</i>
                <i>1 0 0 0 1 0 0 0 1 0 0 0</i>
                <i>1 0 0 0 1 0 0 0 1 0 0 0</i>
                <i>1 0 0 0 1 0 0 0 1 0 0 0</i>
                <i>1 0 0 0 1 0 0 0 1 0 0 0</i>
                <i>1 0 0 0 1 0 0 0 1 0 0 0</i>
            </KeyFrames>
        </RefFrame>
        <Bones count="8">
            <i>
                <p>
                    <Name><![CDATA[b52d_root]]></Name>
                    <Exclude>0</Exclude>
                    <Additive>0</Additive>
                    <IKPriority>0</IKPriority>
                    <IKRotLimits>-1e+010 -1e+010 -1e+010 1e+010 1e+010 1e+010</IKRotLimits>
                    <IKRotLimitOrder>0</IKRotLimitOrder>
                    <KeyFrames count="61">
                        <i>1 0 0 0 1 1.0114e-005 0 -1.0114e-005 1 0 0.00107828 0</i>
                        <i>1 -0.000416384 -2.0194e-005 0.000416397 1 0.00067038 1.99149e-005 -0.000670388 1 0.000445528 -0.0105422 0.00167777</i>
                        <i>1 -0.000832768 -4.0388e-005 0.000832821 0.999999 0.00133238 3.92784e-005 -0.00133242 0.999999 0.000891055 -0.0217065 0.00335554</i>
                        <i>0.999999 -0.00131953 -6.21017e-005 0.00131965 0.999997 0.00199525 5.94687e-005 -0.00199533 0.999998 0.000930235 -0.0328707 0.00491723</i>
                        <i>0.999998 -0.001912 -8.55931e-005 0.00191222 0.999995 0.00265812 8.05104e-005 -0.00265828 0.999996 2.63355e-005 -0.0444912 0.00647321</i>
                        <i>0.999997 -0.00257484 -0.00010985 0.00257519 0.999991 0.00332012 0.0001013 -0.0033204 0.999994 -0.00128391 -0.0570239 0.00791311</i>
                        <i>0.999995 -0.00327248 -0.000134487 0.00327299 0.999987 0.00398039 0.00012146 -0.0039808 0.999992 -0.00179666 -0.0709251 0.00878962</i>
                        <i>0.999992 -0.00400792 -0.000159118 0.00400862 0.999981 0.00463804 0.000140527 -0.00463864 0.999989 6.06708e-005 -0.0894704 0.00865669</i>
                        <i>0.999989 -0.00477816 -0.000183358 0.00477906 0.999975 0.00529221 0.000158066 -0.00529303 0.999986 0.0027155 -0.111665 0.00796037</i>
                        <i>0.999985 -0.00553864 -0.000206821 0.00553977 0.999967 0.00594204 0.000173903 -0.0059431 0.999982 0.00265399 -0.131559 0.00759155</i>
                        <i>0.99998 -0.00628003 -0.000229237 0.0062814 0.999959 0.00657898 0.000187911 -0.00658029 0.999978 -0.00352937 -0.148267 0.00791289</i>
                        <i>0.999975 -0.00701165 -0.000250087 0.00701327 0.99995 0.00719245 0.000199643 -0.00719403 0.999974 -0.0124291 -0.162675 0.00856174</i>
                        <i>0.99997 -0.00771698 -0.000268611 0.00771884 0.99994 0.00777857 0.000208568 -0.00778041 0.99997 -0.0173425 -0.171488 0.00934096</i>
                        <i>0.999965 -0.00839899 -0.000285161 0.00840109 0.999929 0.00841425 0.00021447 -0.00841635 0.999965 -0.0140103 -0.172798 0.0105855</i>
                        <i>0.999959 -0.00905471 -0.000299386 0.00905704 0.999918 0.00902258 0.000217665 -0.00902492 0.999959 -0.00669182 -0.168514 0.0119604</i>
                        <i>0.999953 -0.00965865 -0.00030947 0.00966113 0.999909 0.00936885 0.000218952 -0.0093714 0.999956 -0.00146206 -0.161062 0.0122638</i>
                        <i>0.999948 -0.0102108 -0.000314655 0.0102133 0.999904 0.00932358 0.000219424 -0.00932631 0.999956 -0.000905715 -0.149676 0.0103609</i>
                        <i>0.999943 -0.0107112 -0.0003157 0.0107136 0.999902 0.00901626 0.000219094 -0.00901912 0.999959 -0.0024381 -0.135123 0.0073866</i>
                        <i>0.999938 -0.0111344 -0.000313069 0.0111367 0.999901 0.0086007 0.000217274 -0.00860365 0.999963 -0.00438024 -0.122133 0.00554341</i>
                        <i>0.999934 -0.0114792 -0.000306445 0.0114813 0.999901 0.00809938 0.00021344 -0.00810237 0.999967 -0.00665182 -0.11293 0.00613484</i>
                        <i>0.999931 -0.0117467 -0.000296144 0.0117486 0.999903 0.00748982 0.000208135 -0.00749279 0.999972 -0.00933315 -0.10529 0.0078574</i>
                        <i>0.999929 -0.0119149 -0.000283581 0.0119165 0.999905 0.00685839 0.000201838 -0.00686128 0.999976 -0.0109863 -0.0972669 0.00900332</i>
                        <i>0.999928 -0.0119664 -0.000269017 0.0119678 0.999909 0.00623215 0.000194416 -0.00623493 0.999981 -0.011335 -0.0896521 0.00878515</i>
                        <i>0.999929 -0.0119186 -0.00025219 0.0119198 0.999913 0.00558404 0.000185614 -0.00558665 0.999984 -0.0106555 -0.0816544 0.00799032</i>
                        <i>0.99993 -0.0118014 -0.00023373 0.0118024 0.999918 0.00491922 0.000175657 -0.00492163 0.999988 -0.00833846 -0.0689539 0.00727339</i>
                        <i>0.999932 -0.011617 -0.000213635 0.0116178 0.999924 0.00424441 0.000164312 -0.0042466 0.999991 -0.00272666 -0.0480367 0.00674913</i>
                        <i>0.999935 -0.0113632 -0.000191908 0.0113638 0.999929 0.00356411 0.000151394 -0.00356607 0.999994 0.00452265 -0.0224167 0.00630276</i>
                        <i>0.999939 -0.0110632 -0.000169175 0.0110637 0.999935 0.00288015 0.000137301 -0.00288185 0.999996 0.0090471 0.00168437 0.00624442</i>
                        <i>0.999943 -0.0107207 -0.000145424 0.010721 0.99994 0.00219433 0.00012189 -0.00219576 0.999998 0.00838707 0.0225007 0.00702273</i>
                        <i>0.999947 -0.010332 -0.000120668 0.0103321 0.999945 0.00150846 0.000105076 -0.00150963 0.999999 0.00500217 0.0417982 0.00818907</i>
                        <i>0.999951 -0.00990953 -9.55798e-005 0.00990961 0.999951 0.000824359 8.74061e-005 -0.000825266 1 0.00190888 0.0586524 0.00870774</i>
                        <i>0.999955 -0.00945336 -7.03341e-005 0.00945337 0.999955 0.000143829 6.89712e-005 -0.000144488 1 0.000251675 0.0711294 0.00785183</i>
                        <i>0.99996 -0.00896347 -4.47958e-005 0.00896344 0.99996 -0.000531312 4.95564e-005 0.000530889 1 -0.00111392 0.0811633 0.00634825</i>
                        <i>0.999964 -0.0084523 -1.91746e-005 0.00845228 0.999964 -0.00119925 2.93103e-005 0.00119905 0.999999 -0.00260491 0.0936312 0.005342</i>
                        <i>0.999969 -0.00792004 6.3199e-006 0.00792004 0.999967 -0.00184518 8.29423e-006 0.00184518 0.999998 -0.00517875 0.111277 0.00542814</i>
                        <i>0.999973 -0.0073665 3.1478e-005 0.00736655 0.99997 -0.00245893 -1.33634e-005 0.0024591 0.999997 -0.007878 0.131356 0.00601161</i>
                        <i>0.999977 -0.00680362 5.609e-005 0.00680376 0.999972 -0.00304565 -3.5367e-005 0.00304596 0.999995 -0.00824722 0.150517 0.00645217</i>
                        <i>0.999981 -0.00623543 7.97414e-005 0.00623568 0.999974 -0.00361031 -5.72275e-005 0.00361074 0.999994 -0.00385099 0.167449 0.00650074</i>
                        <i>0.999984 -0.00566075 0.000102047 0.00566113 0.999975 -0.00414795 -7.85641e-005 0.00414846 0.999991 0.00287526 0.183462 0.00640642</i>
                        <i>0.999987 -0.00508374 0.000122841 0.00508425 0.999976 -0.00464878 -9.92053e-005 0.00464935 0.999989 0.00708061 0.199131 0.00627627</i>
                        <i>0.99999 -0.00450854 0.000142278 0.0045092 0.999977 -0.00511281 -0.000119224 0.0051134 0.999987 0.00559904 0.216315 0.00618599</i>
                        <i>0.999992 -0.0039393 0.000160204 0.00394013 0.999977 -0.00554002 -0.000138376 0.00554061 0.999985 0.00159654 0.233156 0.00605988</i>
                        <i>0.999994 -0.00338019 0.000175989 0.00338117 0.999977 -0.00592065 -0.000155972 0.00592121 0.999982 -0.000279853 0.244649 0.00577798</i>
                        <i>0.999996 -0.00283789 0.00018997 0.00283903 0.999976 -0.00626278 -0.000172192 0.0062633 0.99998 0.003492 0.251396 0.004792</i>
                        <i>0.999997 -0.00231947 0.000201811 0.00232074 0.999976 -0.00655833 -0.000186594 0.00655878 0.999978 0.00938995 0.257121 0.00365024</i>
                        <i>0.999998 -0.00182959 0.000209871 0.00183097 0.999975 -0.00677323 -0.000197473 0.00677361 0.999977 0.0114947 0.261508 0.00387753</i>
                        <i>0.999999 -0.00136565 0.000213653 0.00136709 0.999975 -0.0069019 -0.000204223 0.00690218 0.999976 0.00527676 0.264245 0.00693067</i>
                        <i>1 -0.000930247 0.000213656 0.000931709 0.999975 -0.00694992 -0.000207185 0.00695012 0.999976 -0.00473434 0.265015 0.0113528</i>
                        <i>1 -0.00053584 0.000209728 0.000537275 0.999976 -0.00690008 -0.000206025 0.00690019 0.999976 -0.0108699 0.263506 0.0142985</i>
                        <i>1 -0.000182333 0.000201284 0.000183685 0.999977 -0.00674147 -0.00020005 0.00674151 0.999977 -0.00900787 0.255459 0.0144453</i>
                        <i>1 0.000130184 0.00018891 -0.000128956 0.999979 -0.00648499 -0.000189751 0.00648497 0.999979 -0.00327029 0.239548 0.0131156</i>
                        <i>1 0.000388972 0.000174213 -0.000387894 0.999981 -0.0061461 -0.0001766 0.00614603 0.999981 0.00164505 0.219855 0.0114312</i>
                        <i>1 0.000592716 0.000157191 -0.000591806 0.999983 -0.00572479 -0.000160582 0.00572469 0.999984 0.00444056 0.196304 0.00944023</i>
                        <i>1 0.000742733 0.000137845 -0.000742004 0.999986 -0.00522106 -0.000141721 0.00522096 0.999986 0.00641384 0.16897 0.00709455</i>
                        <i>1 0.000830246 0.000117782 -0.000829689 0.999989 -0.00465036 -0.000121642 0.00465026 0.999989 0.00675999 0.142158 0.00537108</i>
                        <i>1 0.000853257 9.7001e-005 -0.000852861 0.999992 -0.0040127 -0.000100424 0.00401262 0.999992 0.00421282 0.117294 0.00496775</i>
                        <i>1 0.000813764 7.55023e-005 -0.000813509 0.999994 -0.00330808 -7.81939e-005 0.00330802 0.999995 3.85222e-005 0.0929531 0.00518664</i>
                        <i>1 0.000708971 5.48923e-005 -0.000708828 0.999996 -0.00255194 -5.67013e-005 0.0025519 0.999997 -0.00276927 0.0691583 0.00491099</i>
                        <i>1 0.000516179 3.60024e-005 -0.000516116 0.999998 -0.00173226 -3.68965e-005 0.00173224 0.999999 -0.00275718 0.0461005 0.00360369</i>
                        <i>1 0.00025809 1.80012e-005 -0.000258074 1 -0.000861074 -1.82234e-005 0.000861069 1 -0.00137859 0.0235894 0.00180184</i>
                        <i>1 0 0 0 1 1.0114e-005 0 -1.0114e-005 1 0 0.00107828 0</i>
                    </KeyFrames>
                </p>
            </i>
            <i>
                <p>
                    <Name><![CDATA[rudder]]></Name>
                    <Exclude>0</Exclude>
                    <Additive>0</Additive>
                    <IKPriority>0</IKPriority>
                    <IKRotLimits>-1e+010 -1e+010 -1e+010 1e+010 1e+010 1e+010</IKRotLimits>
                    <IKRotLimitOrder>0</IKRotLimitOrder>
                    <KeyFrames count="61">
                        <i>1 0 0 0 -0.969649 0.2445 0 -0.2445 -0.969649 0 9.13829 -36.7824</i>
                        <i>1 -0.000416384 -2.0194e-005 -0.000398889 -0.96981 0.24386 -0.000121124 -0.24386 -0.96981 0.00351756 9.15095 -36.7747</i>
                        <i>1 -0.000832768 -4.0388e-005 -0.000797938 -0.969971 0.243218 -0.000241719 -0.243218 -0.969972 0.00705565 9.16413 -36.7669</i>
                        <i>0.999999 -0.00131953 -6.21017e-005 -0.00126506 -0.970132 0.242575 -0.000380332 -0.242575 -0.970133 0.0108003 9.17733 -36.7593</i>
                        <i>0.999998 -0.001912 -8.55931e-005 -0.00183449 -0.970291 0.241932 -0.000545623 -0.241931 -0.970293 0.0145366 9.19007 -36.7516</i>
                        <i>0.999997 -0.00257484 -0.00010985 -0.00247225 -0.97045 0.24129 -0.000727886 -0.241288 -0.970453 0.0185191 9.20186 -36.744</i>
                        <i>0.999995 -0.00327248 -0.000134487 -0.00314395 -0.970607 0.240649 -0.000918053 -0.240647 -0.970612 0.0236406 9.21221 -36.737</i>
                        <i>0.999992 -0.00400792 -0.000159118 -0.00385258 -0.970763 0.24001 -0.00111641 -0.240008 -0.97077 0.0315178 9.21781 -36.7311</i>
                        <i>0.999989 -0.00477816 -0.000183358 -0.00459536 -0.970916 0.239375 -0.0013218 -0.239372 -0.970927 0.0405669 9.21963 -36.7257</i>
                        <i>0.999985 -0.00553864 -0.000206821 -0.0053291 -0.971068 0.238744 -0.00152316 -0.238739 -0.971082 0.0468734 9.22358 -36.72</i>
                        <i>0.99998 -0.00628003 -0.000229237 -0.00604479 -0.971216 0.238126 -0.00171807 -0.23812 -0.971234 0.0469509 9.23023 -36.7137</i>
                        <i>0.999975 -0.00701165 -0.000250087 -0.00675158 -0.971357 0.23753 -0.0019084 -0.237522 -0.97138 0.0443066 9.23831 -36.7073</i>
                        <i>0.99997 -0.00771698 -0.000268611 -0.00743355 -0.971491 0.23696 -0.00208957 -0.236951 -0.971519 0.0455116 9.25098 -36.701</i>
                        <i>0.999965 -0.00839899 -0.000285161 -0.00809365 -0.971636 0.236343 -0.00226211 -0.236332 -0.97167 0.0548604 9.27297 -36.6937</i>
                        <i>0.999959 -0.00905471 -0.000299386 -0.00872891 -0.971774 0.235752 -0.0024256 -0.235739 -0.971813 0.0680546 9.29953 -36.6866</i>
                        <i>0.999953 -0.00965865 -0.00030947 -0.00931434 -0.97185 0.235415 -0.00257455 -0.235401 -0.971895 0.0787565 9.31965 -36.683</i>
                        <i>0.999948 -0.0102108 -0.000314655 -0.00984966 -0.971834 0.235459 -0.00271002 -0.235444 -0.971884 0.0843407 9.32933 -36.6853</i>
                        <i>0.999943 -0.0107112 -0.0003157 -0.0103349 -0.971757 0.235758 -0.00283204 -0.235741 -0.971812 0.0873919 9.33256 -36.6912</i>
                        <i>0.999938 -0.0111344 -0.000313069 -0.0107455 -0.971654 0.236162 -0.00293371 -0.236144 -0.971714 0.0893817 9.33026 -36.697</i>
                        <i>0.999934 -0.0114792 -0.000306445 -0.0110806 -0.971532 0.236649 -0.00301425 -0.23663 -0.971595 0.0903997 9.32103 -36.7012</i>
                        <i>0.999931 -0.0117467 -0.000296144 -0.0113411 -0.971385 0.237241 -0.00307446 -0.237221 -0.971451 0.0903558 9.30626 -36.7052</i>
                        <i>0.999929 -0.0119149 -0.000283581 -0.0115055 -0.971233 0.237854 -0.00310942 -0.237834 -0.971301 0.090469 9.29108 -36.71</i>
                        <i>0.999928 -0.0119664 -0.000269017 -0.011557 -0.971083 0.238463 -0.00311477 -0.238442 -0.971152 0.090862 9.27569 -36.7161</i>
                        <i>0.999929 -0.0119186 -0.00025219 -0.0115126 -0.970929 0.239092 -0.0030945 -0.239072 -0.970997 0.0914265 9.25988 -36.7229</i>
                        <i>0.99993 -0.0118014 -0.00023373 -0.0114012 -0.970771 0.239737 -0.00305613 -0.239718 -0.970838 0.0930368 9.24816 -36.7298</i>
                        <i>0.999932 -0.011617 -0.000213635 -0.011225 -0.970611 0.240392 -0.00299999 -0.240374 -0.970676 0.0973794 9.2443 -36.7366</i>
                        <i>0.999935 -0.0113632 -0.000191908 -0.0109819 -0.97045 0.241053 -0.00292537 -0.241035 -0.970512 0.102783 9.24494 -36.7434</i>
                        <i>0.999939 -0.0110632 -0.000169175 -0.0106943 -0.970288 0.241717 -0.00283832 -0.2417 -0.970347 0.105084 9.24392 -36.7498</i>
                        <i>0.999943 -0.0107207 -0.000145424 -0.0103658 -0.970125 0.242382 -0.00273958 -0.242366 -0.970181 0.10186 9.23955 -36.7553</i>
                        <i>0.999947 -0.010332 -0.000120668 -0.00999284 -0.969963 0.243047 -0.0026282 -0.243033 -0.970014 0.0955403 9.23366 -36.7605</i>
                        <i>0.999951 -0.00990953 -9.55798e-005 -0.00958744 -0.969801 0.243711 -0.00250775 -0.243698 -0.969848 0.0892363 9.22539 -36.7662</i>
                        <i>0.999955 -0.00945336 -7.03341e-005 -0.00914957 -0.969639 0.244371 -0.00237832 -0.244359 -0.969682 0.0840886 9.21287 -36.7733</i>
                        <i>0.99996 -0.00896347 -4.47958e-005 -0.00867926 -0.969478 0.245025 -0.00223971 -0.245015 -0.969517 0.0789608 9.1981 -36.781</i>
                        <i>0.999964 -0.0084523 -1.91746e-005 -0.00818856 -0.969318 0.245673 -0.00209509 -0.245664 -0.969353 0.073544 9.18603 -36.7881</i>
                        <i>0.999969 -0.00792004 6.3199e-006 -0.00767761 -0.969163 0.246299 -0.00194457 -0.246291 -0.969194 0.0668802 9.17994 -36.7939</i>
                        <i>0.999973 -0.0073665 3.1478e-005 -0.00714622 -0.969016 0.246894 -0.00178824 -0.246887 -0.969043 0.0599205 9.17746 -36.7988</i>
                        <i>0.999977 -0.00680362 5.609e-005 -0.00660589 -0.968875 0.247462 -0.0016293 -0.247457 -0.968898 0.0552185 9.17506 -36.8037</i>
                        <i>0.999981 -0.00623543 7.97414e-005 -0.0060604 -0.968739 0.248009 -0.0014692 -0.248005 -0.968758 0.0552284 9.17124 -36.8087</i>
                        <i>0.999984 -0.00566075 0.000102047 -0.0055085 -0.968608 0.24853 -0.00130802 -0.248527 -0.968624 0.0574898 9.16748 -36.8137</i>
                        <i>0.999987 -0.00508374 0.000122841 -0.00495418 -0.968487 0.249015 -0.00114696 -0.249013 -0.9685 0.0571836 9.16473 -36.8183</i>
                        <i>0.99999 -0.00450854 0.000142278 -0.00440149 -0.968374 0.249465 -0.000986942 -0.249463 -0.968384 0.0511842 9.16486 -36.8225</i>
                        <i>0.999992 -0.0039393 0.000160204 -0.00385437 -0.96827 0.249878 -0.000829226 -0.249877 -0.968277 0.0426867 9.16598 -36.8265</i>
                        <i>0.999994 -0.00338019 0.000175989 -0.00331668 -0.968176 0.250247 -0.000675493 -0.250246 -0.968182 0.0363504 9.16348 -36.8302</i>
                        <i>0.999996 -0.00283789 0.00018997 -0.00279495 -0.968092 0.250578 -0.000527205 -0.250578 -0.968096 0.0357654 9.15764 -36.8342</i>
                        <i>0.999997 -0.00231947 0.000201811 -0.00229592 -0.96802 0.250864 -0.000386515 -0.250864 -0.968022 0.0374576 9.15249 -36.838</i>
                        <i>0.999998 -0.00182959 0.000209871 -0.00182367 -0.967967 0.251072 -0.000256211 -0.251072 -0.967968 0.0354874 9.14897 -36.8397</i>
                        <i>0.999999 -0.00136565 0.000213653 -0.00137553 -0.967935 0.251197 -0.000136243 -0.251197 -0.967936 0.0252794 9.14697 -36.8377</i>
                        <i>1 -0.000930247 0.000213656 -0.000954088 -0.967924 0.251243 -2.69159e-005 -0.251243 -0.967924 0.0113993 9.14598 -36.8338</i>
                        <i>1 -0.00053584 0.000209728 -0.000571342 -0.967936 0.251195 6.84027e-005 -0.251195 -0.967936 0.00161718 9.14632 -36.8304</i>
                        <i>1 -0.000182333 0.000201284 -0.000227024 -0.967976 0.251042 0.000149065 -0.251042 -0.967976 2.87821e-005 9.14412 -36.8288</i>
                        <i>1 0.000130184 0.00018891 7.86456e-005 -0.968041 0.250793 0.000215522 -0.250793 -0.968041 0.00253097 9.13766 -36.8279</i>
                        <i>1 0.000388972 0.000174213 0.00033294 -0.968126 0.250465 0.000266084 -0.250465 -0.968126 0.00459672 9.13045 -36.8265</i>
                        <i>1 0.000592716 0.000157191 0.000534579 -0.968231 0.250057 0.00030041 -0.250057 -0.968231 0.00493991 9.12242 -36.8248</i>
                        <i>1 0.000742733 0.000137845 0.000684829 -0.968357 0.249569 0.000318847 -0.249569 -0.968357 0.00484714 9.11364 -36.8226</i>
                        <i>1 0.000830246 0.000117782 0.000774763 -0.968499 0.249017 0.000320817 -0.249017 -0.968499 0.00365354 9.10784 -36.8192</i>
                        <i>1 0.000853257 9.7001e-005 0.000802419 -0.968657 0.248399 0.000305909 -0.248399 -0.968658 0.000114218 9.10646 -36.8139</i>
                        <i>1 0.000813764 7.55023e-005 0.000769698 -0.968832 0.247717 0.000274732 -0.247716 -0.968832 -0.00451821 9.10806 -36.8073</i>
                        <i>1 0.000708971 5.48923e-005 0.000673449 -0.969019 0.246984 0.000228296 -0.246984 -0.96902 -0.0071601 9.1121 -36.8008</i>
                        <i>1 0.000516179 3.60024e-005 0.000491429 -0.969222 0.24619 0.000161972 -0.24619 -0.969222 -0.00611571 9.1192 -36.7947</i>
                        <i>1 0.00025809 1.80012e-005 0.000245785 -0.969436 0.245345 8.0772e-005 -0.245345 -0.969436 -0.00306627 9.12875 -36.7886</i>
                        <i>1 0 0 0 -0.969649 0.2445 0 -0.2445 -0.969649 0 9.13829 -36.7824</i>
                    </KeyFrames>
                </p>
            </i>
            <i>
                <p>
                    <Name><![CDATA[l_taileron]]></Name>
                    <Exclude>0</Exclude>
                    <Additive>0</Additive>
                    <IKPriority>0</IKPriority>
                    <IKRotLimits>-1e+010 -1e+010 -1e+010 1e+010 1e+010 1e+010</IKRotLimits>
                    <IKRotLimitOrder>0</IKRotLimitOrder>
                    <KeyFrames count="61">
                        <i>0.857968 -0.0756645 -0.5081 0.0554666 0.996955 -0.0548033 0.510699 0.018837 0.859553 2.44725 1.82581 -32.696</i>
                        <i>0.857927 -0.0756862 -0.508167 0.0558806 0.996968 -0.0541462 0.510724 0.0180568 0.859555 2.4478 1.83475 -32.6931</i>
                        <i>0.857885 -0.075707 -0.508234 0.0562947 0.99698 -0.0534873 0.510749 0.0172751 0.859556 2.44837 1.84421 -32.6903</i>
                        <i>0.857837 -0.0757877 -0.508302 0.0567789 0.996988 -0.0528276 0.510775 0.0164566 0.859557 2.44864 1.85353 -32.6875</i>
                        <i>0.857781 -0.075959 -0.508372 0.0573685 0.996989 -0.052168 0.510804 0.0155842 0.859556 2.44812 1.86213 -32.6848</i>
                        <i>0.857719 -0.076191 -0.508442 0.0580282 0.996985 -0.0515092 0.510833 0.0146765 0.859554 2.44734 1.86962 -32.6821</i>
                        <i>0.857654 -0.0764537 -0.508511 0.0587227 0.996978 -0.0508522 0.510863 0.0137525 0.859552 2.44744 1.8756 -32.68</i>
                        <i>0.857587 -0.07675 -0.508581 0.0594548 0.996968 -0.0501978 0.510892 0.0128113 0.85955 2.45001 1.87675 -32.6789</i>
                        <i>0.857517 -0.0770779 -0.50865 0.0602218 0.996955 -0.0495467 0.51092 0.0118554 0.859547 2.45348 1.87405 -32.6784</i>
                        <i>0.857448 -0.0773994 -0.508717 0.0609791 0.99694 -0.0489 0.510945 0.0109081 0.859544 2.45428 1.87354 -32.6775</i>
                        <i>0.857381 -0.0777111 -0.508782 0.0617175 0.996926 -0.048266 0.510969 0.00998158 0.859541 2.44898 1.87583 -32.6759</i>
                        <i>0.857315 -0.0780263 -0.508845 0.0624462 0.99691 -0.0476553 0.510991 0.00908023 0.859538 2.44102 1.87969 -32.6741</i>
                        <i>0.857253 -0.0783328 -0.508903 0.0631488 0.996893 -0.0470718 0.511009 0.00821581 0.859536 2.43709 1.8883 -32.6721</i>
                        <i>0.857193 -0.078594 -0.508962 0.0638284 0.99688 -0.0464387 0.511024 0.00732068 0.859535 2.44146 1.9061 -32.6696</i>
                        <i>0.857137 -0.0788466 -0.509018 0.0644818 0.996866 -0.0458327 0.511036 0.00646251 0.859535 2.44986 1.92865 -32.667</i>
                        <i>0.857086 -0.079188 -0.509051 0.0650837 0.996843 -0.0454879 0.511046 0.00585608 0.859533 2.45614 1.94594 -32.666</i>
                        <i>0.857039 -0.0796843 -0.509052 0.0656339 0.996804 -0.0455333 0.511054 0.00561276 0.85953 2.45767 1.95449 -32.668</i>
                        <i>0.856997 -0.0802695 -0.509031 0.0661324 0.996757 -0.0458399 0.51106 0.00562119 0.859526 2.45705 1.95777 -32.6716</i>
                        <i>0.856962 -0.0808436 -0.509 0.066554 0.99671 -0.0462543 0.511064 0.00576219 0.859523 2.45593 1.95614 -32.6743</i>
                        <i>0.856934 -0.0813941 -0.508958 0.0668975 0.996664 -0.0467539 0.511066 0.006017 0.859521 2.4544 1.94811 -32.6748</i>
                        <i>0.856914 -0.0819335 -0.508906 0.0671641 0.996617 -0.0473613 0.511065 0.00640438 0.859519 2.45237 1.93517 -32.6743</i>
                        <i>0.856903 -0.0823989 -0.508849 0.0673318 0.996576 -0.0479904 0.511061 0.00686134 0.859517 2.45123 1.92214 -32.6744</i>
                        <i>0.856902 -0.0827616 -0.508792 0.0673833 0.996542 -0.0486141 0.511056 0.00737348 0.859516 2.45121 1.90915 -32.6759</i>
                        <i>0.856911 -0.0830503 -0.50873 0.067336 0.996514 -0.0492595 0.511047 0.0079552 0.859516 2.45209 1.89608 -32.6779</i>
                        <i>0.856926 -0.083288 -0.508666 0.0672195 0.996489 -0.0499215 0.511037 0.00858677 0.859516 2.45453 1.88733 -32.6799</i>
                        <i>0.856948 -0.0834732 -0.508599 0.0670362 0.996467 -0.0505933 0.511025 0.00926126 0.859516 2.46018 1.88664 -32.6817</i>
                        <i>0.856976 -0.0836016 -0.50853 0.0667839 0.996449 -0.0512705 0.511011 0.00997594 0.859516 2.46739 1.89064 -32.6835</i>
                        <i>0.857009 -0.0836923 -0.50846 0.0664857 0.996434 -0.0519512 0.510995 0.0107174 0.859517 2.47184 1.89311 -32.6848</i>
                        <i>0.857046 -0.0837475 -0.508389 0.0661451 0.996421 -0.0526337 0.510977 0.0114821 0.859518 2.47107 1.89234 -32.6853</i>
                        <i>0.857087 -0.083763 -0.508316 0.0657585 0.99641 -0.0533162 0.510957 0.0122705 0.859519 2.46753 1.89017 -32.6853</i>
                        <i>0.857132 -0.0837487 -0.508243 0.0653385 0.996401 -0.0539969 0.510936 0.0130746 0.859519 2.46426 1.88569 -32.686</i>
                        <i>0.85718 -0.0837035 -0.50817 0.0648849 0.996394 -0.0546739 0.510914 0.0138928 0.85952 2.46238 1.87703 -32.6881</i>
                        <i>0.85723 -0.0836267 -0.508097 0.0643978 0.996388 -0.0553456 0.51089 0.0147236 0.85952 2.46077 1.86619 -32.6907</i>
                        <i>0.857283 -0.0835279 -0.508024 0.0638895 0.996384 -0.0560101 0.510866 0.015559 0.85952 2.45902 1.85807 -32.6929</i>
                        <i>0.857338 -0.0833998 -0.507953 0.0633603 0.996381 -0.0566526 0.51084 0.0163863 0.85952 2.45617 1.8559 -32.6939</i>
                        <i>0.857394 -0.0832371 -0.507884 0.0628099 0.996381 -0.057263 0.510813 0.0171968 0.85952 2.45318 1.85727 -32.6943</i>
                        <i>0.857452 -0.0830525 -0.507818 0.0622503 0.996383 -0.0578464 0.510785 0.0179887 0.85952 2.45251 1.85862 -32.6948</i>
                        <i>0.857509 -0.0828521 -0.507754 0.0616853 0.996385 -0.058408 0.510758 0.0187644 0.85952 2.45659 1.85848 -32.6957</i>
                        <i>0.857566 -0.0826324 -0.507693 0.0611139 0.996389 -0.0589426 0.51073 0.0195201 0.859519 2.46298 1.85832 -32.6966</i>
                        <i>0.857623 -0.0823919 -0.507636 0.0605401 0.996394 -0.0594407 0.510703 0.0202453 0.859519 2.46681 1.85903 -32.6976</i>
                        <i>0.857679 -0.0821342 -0.507583 0.059968 0.996401 -0.0599021 0.510677 0.020938 0.859518 2.46494 1.86245 -32.6984</i>
                        <i>0.857734 -0.0818629 -0.507535 0.0594019 0.99641 -0.0603269 0.510651 0.0215959 0.859517 2.46054 1.86671 -32.6992</i>
                        <i>0.857787 -0.0815765 -0.507491 0.0588457 0.99642 -0.0607053 0.510626 0.0222086 0.859516 2.45822 1.86713 -32.7</i>
                        <i>0.857837 -0.0812851 -0.507452 0.0583062 0.996431 -0.0610455 0.510603 0.0227796 0.859515 2.46154 1.86402 -32.7015</i>
                        <i>0.857885 -0.0809904 -0.507419 0.0577903 0.996443 -0.0613394 0.510581 0.0232983 0.859514 2.46696 1.86135 -32.7031</i>
                        <i>0.857929 -0.0806792 -0.507395 0.0573027 0.996458 -0.0615531 0.510563 0.0237331 0.859513 2.46853 1.85991 -32.7032</i>
                        <i>0.857968 -0.0803465 -0.507381 0.0568406 0.996476 -0.0616812 0.510549 0.0240806 0.859511 2.46169 1.85958 -32.7004</i>
                        <i>0.858003 -0.0799973 -0.507377 0.0564068 0.996498 -0.061729 0.510539 0.0243441 0.85951 2.45098 1.85985 -32.696</i>
                        <i>0.858032 -0.0796335 -0.507385 0.0560135 0.996523 -0.0616796 0.510532 0.0245026 0.859509 2.44409 1.86094 -32.693</i>
                        <i>0.858056 -0.0792497 -0.507405 0.0556607 0.996553 -0.061522 0.510531 0.0245468 0.859509 2.44511 1.85895 -32.6926</i>
                        <i>0.858074 -0.0788514 -0.507436 0.0553484 0.996586 -0.061267 0.510534 0.0244859 0.859509 2.44994 1.85219 -32.6936</i>
                        <i>0.858087 -0.0784573 -0.507475 0.0550895 0.996621 -0.0609301 0.51054 0.0243268 0.85951 2.45396 1.84422 -32.6947</i>
                        <i>0.858095 -0.0780686 -0.507523 0.0548854 0.996657 -0.0605112 0.51055 0.0240687 0.859511 2.45586 1.83495 -32.6961</i>
                        <i>0.858096 -0.0776841 -0.507579 0.0547346 0.996696 -0.0600102 0.510563 0.0237124 0.859513 2.45694 1.82445 -32.6977</i>
                        <i>0.858093 -0.0773193 -0.50764 0.0546461 0.996735 -0.0594425 0.510579 0.0232666 0.859516 2.45647 1.81652 -32.6985</i>
                        <i>0.858084 -0.0769757 -0.507708 0.0546218 0.996774 -0.0588081 0.510597 0.0227303 0.85952 2.45318 1.81257 -32.6979</i>
                        <i>0.858069 -0.0766518 -0.507781 0.0546598 0.996813 -0.0581069 0.510617 0.0221046 0.859524 2.44836 1.81117 -32.6965</i>
                        <i>0.858051 -0.0763577 -0.507857 0.054763 0.996851 -0.0573544 0.510637 0.0214012 0.85953 2.44504 1.81185 -32.6955</i>
                        <i>0.858026 -0.0761068 -0.507936 0.0549541 0.996887 -0.0565383 0.510658 0.0205982 0.859537 2.44475 1.81512 -32.6954</i>
                        <i>0.857997 -0.0758857 -0.508018 0.0552103 0.996922 -0.0556709 0.510679 0.0197176 0.859545 2.44599 1.82046 -32.6957</i>
                        <i>0.857968 -0.0756645 -0.5081 0.0554666 0.996955 -0.0548033 0.510699 0.018837 0.859553 2.44725 1.82581 -32.696</i>
                    </KeyFrames>
                </p>
            </i>
            <i>
                <p>
                    <Name><![CDATA[r_flap]]></Name>
                    <Exclude>0</Exclude>
                    <Additive>0</Additive>
                    <IKPriority>0</IKPriority>
                    <IKRotLimits>-1e+010 -1e+010 -1e+010 1e+010 1e+010 1e+010</IKRotLimits>
                    <IKRotLimitOrder>0</IKRotLimitOrder>
                    <KeyFrames count="61">
                        <i>0.859131 0.0439896 0.509862 0.0391989 -0.999028 0.0201424 0.510253 0.00268107 -0.86002 -6.22572 2.52356 -2.04614</i>
                        <i>0.859159 0.0432952 0.509874 0.0387833 -0.999058 0.019482 0.510237 0.00303646 -0.860029 -6.22427 2.51588 -2.04267</i>
                        <i>0.859187 0.0425999 0.509885 0.0383677 -0.999086 0.0188198 0.510221 0.00339335 -0.860037 -6.22281 2.50866 -2.0392</i>
                        <i>0.859218 0.0418436 0.509895 0.0378817 -0.999117 0.0181567 0.510205 0.0037151 -0.860045 -6.22158 2.50188 -2.03582</i>
                        <i>0.859254 0.0409965 0.509903 0.0372901 -0.999151 0.0174935 0.510188 0.00398294 -0.860054 -6.22103 2.4953 -2.03245</i>
                        <i>0.859293 0.0400893 0.509911 0.0366281 -0.999187 0.0168312 0.510171 0.00421414 -0.860063 -6.2207 2.48824 -2.02918</i>
                        <i>0.859332 0.039153 0.509917 0.0359313 -0.999223 0.0161706 0.510154 0.00442612 -0.860071 -6.21948 2.48002 -2.02648</i>
                        <i>0.859372 0.0381855 0.509924 0.0351967 -0.99926 0.0155125 0.510139 0.00461659 -0.86008 -6.21579 2.46739 -2.0248</i>
                        <i>0.859412 0.0371898 0.50993 0.0344272 -0.999297 0.014858 0.510124 0.00478635 -0.860088 -6.21121 2.45131 -2.02369</i>
                        <i>0.85945 0.0362047 0.509936 0.0336674 -0.999332 0.0142078 0.51011 0.00495736 -0.860095 -6.20936 2.43746 -2.02226</i>
                        <i>0.859486 0.0352425 0.509943 0.0329266 -0.999366 0.0135705 0.510098 0.00512705 -0.860101 -6.21367 2.42665 -2.02019</i>
                        <i>0.85952 0.0343006 0.50995 0.0321955 -0.999398 0.0129567 0.510087 0.00528154 -0.860106 -6.22072 2.41803 -2.01785</i>
                        <i>0.859551 0.0333952 0.509958 0.0314906 -0.999428 0.0123704 0.510079 0.00542591 -0.860111 -6.22384 2.41479 -2.01547</i>
                        <i>0.859579 0.0324846 0.509969 0.0308089 -0.999456 0.0117345 0.510073 0.00562481 -0.860113 -6.21876 2.419 -2.01251</i>
                        <i>0.859605 0.0316105 0.509981 0.0301534 -0.999483 0.0111261 0.510069 0.00581358 -0.860114 -6.20976 2.42858 -2.0095</i>
                        <i>0.859627 0.0309146 0.509986 0.0295497 -0.999505 0.0107797 0.510066 0.00580337 -0.860115 -6.20297 2.44048 -2.00825</i>
                        <i>0.859647 0.0304629 0.509979 0.0289979 -0.999521 0.0108248 0.510065 0.00548283 -0.860119 -6.20099 2.4552 -2.01024</i>
                        <i>0.859664 0.0301895 0.509966 0.0284978 -0.999532 0.0111318 0.510064 0.00496331 -0.860122 -6.20123 2.47223 -2.01399</i>
                        <i>0.859678 0.0300378 0.509952 0.028075 -0.999539 0.0115471 0.510064 0.00439008 -0.860125 -6.20207 2.487 -2.0169</i>
                        <i>0.859688 0.0299972 0.509938 0.0277305 -0.999543 0.0120483 0.510066 0.00378304 -0.860127 -6.20344 2.49733 -2.01763</i>
                        <i>0.859694 0.0300782 0.509922 0.0274632 -0.999543 0.0126578 0.51007 0.00312229 -0.860127 -6.20542 2.50539 -2.01751</i>
                        <i>0.859697 0.0302558 0.509908 0.0272952 -0.999539 0.0132892 0.510075 0.00249337 -0.860126 -6.20662 2.51317 -2.01805</i>
                        <i>0.859695 0.0305311 0.509895 0.0272438 -0.999532 0.0139155 0.510081 0.00192841 -0.860124 -6.20682 2.51984 -2.01995</i>
                        <i>0.859689 0.0309029 0.509883 0.0272916 -0.999521 0.0145637 0.510089 0.00139529 -0.860121 -6.20625 2.52622 -2.02249</i>
                        <i>0.85968 0.0313428 0.509871 0.0274088 -0.999508 0.0152287 0.510098 0.000883177 -0.860116 -6.20422 2.53684 -2.025</i>
                        <i>0.859668 0.0318457 0.50986 0.0275931 -0.999493 0.0159037 0.510108 0.000396732 -0.86011 -6.19906 2.55524 -2.02736</i>
                        <i>0.859652 0.0324109 0.50985 0.0278466 -0.999475 0.0165842 0.51012 -5.90316e-005 -0.860103 -6.19244 2.57791 -2.02966</i>
                        <i>0.859635 0.0330177 0.509841 0.0281463 -0.999455 0.0172684 0.510133 -0.000494401 -0.860095 -6.18867 2.59875 -2.03159</i>
                        <i>0.859615 0.0336621 0.509832 0.0284885 -0.999433 0.0179546 0.510147 -0.000909648 -0.860087 -6.19019 2.61605 -2.0327</i>
                        <i>0.859593 0.0343461 0.509824 0.0288768 -0.999409 0.0186408 0.510163 -0.00130138 -0.860077 -6.19454 2.63153 -2.03342</i>
                        <i>0.859569 0.0350582 0.509816 0.0292988 -0.999384 0.0193252 0.510179 -0.00167438 -0.860067 -6.19869 2.64437 -2.03478</i>
                        <i>0.859543 0.0357974 0.509808 0.0297543 -0.999357 0.0200061 0.510196 -0.00202709 -0.860056 -6.20149 2.65263 -2.03751</i>
                        <i>0.859516 0.0365628 0.5098 0.0302436 -0.999329 0.0206815 0.510214 -0.00235794 -0.860045 -6.20408 2.65824 -2.04088</i>
                        <i>0.859487 0.0373428 0.509792 0.030754 -0.999299 0.0213498 0.510232 -0.00267174 -0.860033 -6.20685 2.66617 -2.04373</i>
                        <i>0.859456 0.0381297 0.509785 0.0312855 -0.999268 0.0219961 0.510251 -0.00295583 -0.860021 -6.21075 2.67919 -2.04543</i>
                        <i>0.859425 0.0389184 0.509779 0.0318382 -0.999237 0.0226102 0.51027 -0.00320136 -0.860008 -6.21482 2.69457 -2.04655</i>
                        <i>0.859392 0.0397013 0.509773 0.0324001 -0.999206 0.0231973 0.51029 -0.00341885 -0.859996 -6.21659 2.70903 -2.04774</i>
                        <i>0.859359 0.0404775 0.509768 0.0329674 -0.999174 0.0237623 0.510309 -0.00361465 -0.859984 -6.21361 2.72128 -2.04925</i>
                        <i>0.859326 0.0412454 0.509762 0.0335411 -0.999142 0.0243003 0.510327 -0.00378387 -0.859972 -6.20831 2.73261 -2.05084</i>
                        <i>0.859293 0.0419966 0.509757 0.0341171 -0.99911 0.0248014 0.510345 -0.00392021 -0.859961 -6.20553 2.74367 -2.05236</i>
                        <i>0.85926 0.0427274 0.509752 0.0346913 -0.999079 0.0252657 0.510362 -0.00402581 -0.85995 -6.20844 2.75632 -2.05374</i>
                        <i>0.859227 0.0434343 0.509748 0.0352595 -0.999048 0.0256931 0.510378 -0.00410277 -0.85994 -6.21386 2.76875 -2.05505</i>
                        <i>0.859195 0.0441087 0.509743 0.0358176 -0.999018 0.0260739 0.510393 -0.0041448 -0.859931 -6.21712 2.77598 -2.05638</i>
                        <i>0.859164 0.044749 0.509739 0.036359 -0.99899 0.0264163 0.510406 -0.00416229 -0.859923 -6.21469 2.77865 -2.05831</i>
                        <i>0.859135 0.045345 0.509736 0.0368765 -0.998963 0.0267119 0.510418 -0.00415189 -0.859916 -6.21008 2.78054 -2.06027</i>
                        <i>0.859109 0.0458754 0.509732 0.0373657 -0.998939 0.0269269 0.510427 -0.00408668 -0.859912 -6.2092 2.78144 -2.06063</i>
                        <i>0.859086 0.0463395 0.509729 0.037829 -0.998918 0.0270556 0.510432 -0.00396053 -0.859909 -6.21657 2.78102 -2.05793</i>
                        <i>0.859066 0.046738 0.509727 0.0382639 -0.9989 0.0271036 0.510433 -0.00377959 -0.859909 -6.22768 2.77898 -2.05362</i>
                        <i>0.859049 0.0470514 0.509726 0.038658 -0.998886 0.0270536 0.510431 -0.00353541 -0.859911 -6.23482 2.77512 -2.05053</i>
