<?xml version="1.0" encoding="ISO-8859-1" ?>
<Animl Version="1">
    <ModellingPackage><![CDATA[Maya.2010]]></ModellingPackage>
    <SrcFile><![CDATA[anims\vehicles\blue\~src\air\bomber_b52d\bomber_b52d_minspeed_turn_left.mb]]></SrcFile>
    <FramesPerSecond>30</FramesPerSecond>
    <TotalFrames>61</TotalFrames>
    <Skeleton>
        <RefFrame>
            <Name><![CDATA[b52d_ref_frame]]></Name>
            <Exclude>0</Exclude>
            <Additive>0</Additive>
            <IKPriority>0</IKPriority>
            <IKRotLimits>-1e+010 -1e+010 -1e+010 1e+010 1e+010 1e+010</IKRotLimits>
            <IKRotLimitOrder>0</IKRotLimitOrder>
            <KeyFrames count="61">
                <i>1 0 0 0 1 0 0 0 1 0 0 0</i>
                <i>1 0 0 0 1 0 0 0 1 0 0 0</i>
                <i>1 0 0 0 1 0 0 0 1 0 0 0</i>
                <i>1 0 0 0 1 0 0 0 1 0 0 0</i>
                <i>1 0 0 0 1 0 0 0 1 0 0 0</i>
                <i>1 0 0 0 1 0 0 0 1 0 0 0</i>
                <i>1 0 0 0 1 0 0 0 1 0 0 0</i>
                <i>1 0 0 0 1 0 0 0 1 0 0 0</i>
                <i>1 0 0 0 1 0 0 0 1 0 0 0</i>
                <i>1 0 0 0 1 0 0 0 1 0 0 0</i>
                <i>1 0 0 0 1 0 0 0 1 0 0 0</i>
                <i>1 0 0 0 1 0 0 0 1 0 0 0</i>
                <i>1 0 0 0 1 0 0 0 1 0 0 0</i>
                <i>1 0 0 0 1 0 0 0 1 0 0 0</i>
                <i>1 0 0 0 1 0 0 0 1 0 0 0</i>
                <i>1 0 0 0 1 0 0 0 1 0 0 0</i>
                <i>1 0 0 0 1 0 0 0 1 0 0 0</i>
                <i>1 0 0 0 1 0 0 0 1 0 0 0</i>
                <i>1 0 0 0 1 0 0 0 1 0 0 0</i>
                <i>1 0 0 0 1 0 0 0 1 0 0 0</i>
                <i>1 0 0 0 1 0 0 0 1 0 0 0</i>
                <i>1 0 0 0 1 0 0 0 1 0 0 0</i>
                <i>1 0 0 0 1 0 0 0 1 0 0 0</i>
                <i>1 0 0 0 1 0 0 0 1 0 0 0</i>
                <i>1 0 0 0 1 0 0 0 1 0 0 0</i>
                <i>1 0 0 0 1 0 0 0 1 0 0 0</i>
                <i>1 0 0 0 1 0 0 0 1 0 0 0</i>
                <i>1 0 0 0 1 0 0 0 1 0 0 0</i>
                <i>1 0 0 0 1 0 0 0 1 0 0 0</i>
                <i>1 0 0 0 1 0 0 0 1 0 0 0</i>
                <i>1 0 0 0 1 0 0 0 1 0 0 0</i>
                <i>1 0 0 0 1 0 0 0 1 0 0 0</i>
                <i>1 0 0 0 1 0 0 0 1 0 0 0</i>
                <i>1 0 0 0 1 0 0 0 1 0 0 0</i>
                <i>1 0 0 0 1 0 0 0 1 0 0 0</i>
                <i>1 0 0 0 1 0 0 0 1 0 0 0</i>
                <i>1 0 0 0 1 0 0 0 1 0 0 0</i>
                <i>1 0 0 0 1 0 0 0 1 0 0 0</i>
                <i>1 0 0 0 1 0 0 0 1 0 0 0</i>
                <i>1 0 0 0 1 0 0 0 1 0 0 0</i>
                <i>1 0 0 0 1 0 0 0 1 0 0 0</i>
                <i>1 0 0 0 1 0 0 0 1 0 0 0</i>
                <i>1 0 0 0 1 0 0 0 1 0 0 0</i>
                <i>1 0 0 0 1 0 0 0 1 0 0 0</i>
                <i>1 0 0 0 1 0 0 0 1 0 0 0</i>
                <i>1 0 0 0 1 0 0 0 1 0 0 0</i>
                <i>1 0 0 0 1 0 0 0 1 0 0 0</i>
                <i>1 0 0 0 1 0 0 0 1 0 0 0</i>
                <i>1 0 0 0 1 0 0 0 1 0 0 0</i>
                <i>1 0 0 0 1 0 0 0 1 0 0 0</i>
                <i>1 0 0 0 1 0 0 0 1 0 0 0</i>
                <i>1 0 0 0 1 0 0 0 1 0 0 0</i>
                <i>1 0 0 0 1 0 0 0 1 0 0 0</i>
                <i>1 0 0 0 1 0 0 0 1 0 0 0</i>
                <i>1 0 0 0 1 0 0 0 1 0 0 0</i>
                <i>1 0 0 0 1 0 0 0 1 0 0 0</i>
                <i>1 0 0 0 1 0 0 0 1 0 0 0</i>
                <i>1 0 0 0 1 0 0 0 1 0 0 0</i>
                <i>1 0 0 0 1 0 0 0 1 0 0 0</i>
                <i>1 0 0 0 1 0 0 0 1 0 0 0</i>
                <i>1 0 0 0 1 0 0 0 1 0 0 0</i>
            </KeyFrames>
        </RefFrame>
        <Bones count="8">
            <i>
                <p>
                    <Name><![CDATA[b52d_root]]></Name>
                    <Exclude>0</Exclude>
                    <Additive>0</Additive>
                    <IKPriority>0</IKPriority>
                    <IKRotLimits>-1e+010 -1e+010 -1e+010 1e+010 1e+010 1e+010</IKRotLimits>
                    <IKRotLimitOrder>0</IKRotLimitOrder>
                    <KeyFrames count="61">
                        <i>1 0 0 0 1 1.0114e-005 0 -1.0114e-005 1 0 0.00107828 0</i>
                        <i>1 -0.000416384 -2.0194e-005 0.000416397 1 0.00067038 1.99149e-005 -0.000670388 1 0.000445528 -0.0105422 0.00167777</i>
                        <i>1 -0.000832768 -4.0388e-005 0.000832821 0.999999 0.00133238 3.92784e-005 -0.00133242 0.999999 0.000891055 -0.0217065 0.00335554</i>
                        <i>0.999999 -0.00131953 -6.21017e-005 0.00131965 0.999997 0.00199525 5.94687e-005 -0.00199533 0.999998 0.000930235 -0.0328707 0.00491723</i>
                        <i>0.999998 -0.001912 -8.55931e-005 0.00191222 0.999995 0.00265812 8.05104e-005 -0.00265828 0.999996 2.63355e-005 -0.0444912 0.00647321</i>
                        <i>0.999997 -0.00257484 -0.00010985 0.00257519 0.999991 0.00332012 0.0001013 -0.0033204 0.999994 -0.00128391 -0.0570239 0.00791311</i>
                        <i>0.999995 -0.00327248 -0.000134487 0.00327299 0.999987 0.00398039 0.00012146 -0.0039808 0.999992 -0.00179666 -0.0709251 0.00878962</i>
                        <i>0.999992 -0.00400792 -0.000159118 0.00400862 0.999981 0.00463804 0.000140527 -0.00463864 0.999989 6.06708e-005 -0.0894704 0.00865669</i>
                        <i>0.999989 -0.00477816 -0.000183358 0.00477906 0.999975 0.00529221 0.000158066 -0.00529303 0.999986 0.0027155 -0.111665 0.00796037</i>
                        <i>0.999985 -0.00553864 -0.000206821 0.00553977 0.999967 0.00594204 0.000173903 -0.0059431 0.999982 0.00265399 -0.131559 0.00759155</i>
                        <i>0.99998 -0.00628003 -0.000229237 0.0062814 0.999959 0.00657898 0.000187911 -0.00658029 0.999978 -0.00352937 -0.148267 0.00791289</i>
                        <i>0.999975 -0.00701165 -0.000250087 0.00701327 0.99995 0.00719245 0.000199643 -0.00719403 0.999974 -0.0124291 -0.162675 0.00856174</i>
                        <i>0.99997 -0.00771698 -0.000268611 0.00771884 0.99994 0.00777857 0.000208568 -0.00778041 0.99997 -0.0173425 -0.171488 0.00934096</i>
                        <i>0.999965 -0.00839899 -0.000285161 0.00840109 0.999929 0.00841425 0.00021447 -0.00841635 0.999965 -0.0140103 -0.172798 0.0105855</i>
                        <i>0.999959 -0.00905471 -0.000299386 0.00905704 0.999918 0.00902258 0.000217665 -0.00902492 0.999959 -0.00669182 -0.168514 0.0119604</i>
                        <i>0.999953 -0.00965865 -0.00030947 0.00966113 0.999909 0.00936885 0.000218952 -0.0093714 0.999956 -0.00146206 -0.161062 0.0122638</i>
                        <i>0.999948 -0.0102108 -0.000314655 0.0102133 0.999904 0.00932358 0.000219424 -0.00932631 0.999956 -0.000905715 -0.149676 0.0103609</i>
                        <i>0.999943 -0.0107112 -0.0003157 0.0107136 0.999902 0.00901626 0.000219094 -0.00901912 0.999959 -0.0024381 -0.135123 0.0073866</i>
                        <i>0.999938 -0.0111344 -0.000313069 0.0111367 0.999901 0.0086007 0.000217274 -0.00860365 0.999963 -0.00438024 -0.122133 0.00554341</i>
                        <i>0.999934 -0.0114792 -0.000306445 0.0114813 0.999901 0.00809938 0.00021344 -0.00810237 0.999967 -0.00665182 -0.11293 0.00613484</i>
                        <i>0.999931 -0.0117467 -0.000296144 0.0117486 0.999903 0.00748982 0.000208135 -0.00749279 0.999972 -0.00933315 -0.10529 0.0078574</i>
                        <i>0.999929 -0.0119149 -0.000283581 0.0119165 0.999905 0.00685839 0.000201838 -0.00686128 0.999976 -0.0109863 -0.0972669 0.00900332</i>
                        <i>0.999928 -0.0119664 -0.000269017 0.0119678 0.999909 0.00623215 0.000194416 -0.00623493 0.999981 -0.011335 -0.0896521 0.00878515</i>
                        <i>0.999929 -0.0119186 -0.00025219 0.0119198 0.999913 0.00558404 0.000185614 -0.00558665 0.999984 -0.0106555 -0.0816544 0.00799032</i>
                        <i>0.99993 -0.0118014 -0.00023373 0.0118024 0.999918 0.00491922 0.000175657 -0.00492163 0.999988 -0.00833846 -0.0689539 0.00727339</i>
                        <i>0.999932 -0.011617 -0.000213635 0.0116178 0.999924 0.00424441 0.000164312 -0.0042466 0.999991 -0.00272666 -0.0480367 0.00674913</i>
                        <i>0.999935 -0.0113632 -0.000191908 0.0113638 0.999929 0.00356411 0.000151394 -0.00356607 0.999994 0.00452265 -0.0224167 0.00630276</i>
                        <i>0.999939 -0.0110632 -0.000169175 0.0110637 0.999935 0.00288015 0.000137301 -0.00288185 0.999996 0.0090471 0.00168437 0.00624442</i>
                        <i>0.999943 -0.0107207 -0.000145424 0.010721 0.99994 0.00219433 0.00012189 -0.00219576 0.999998 0.00838707 0.0225007 0.00702273</i>
                        <i>0.999947 -0.010332 -0.000120668 0.0103321 0.999945 0.00150846 0.000105076 -0.00150963 0.999999 0.00500217 0.0417982 0.00818907</i>
                        <i>0.999951 -0.00990953 -9.55798e-005 0.00990961 0.999951 0.000824359 8.74061e-005 -0.000825266 1 0.00190888 0.0586524 0.00870774</i>
                        <i>0.999955 -0.00945336 -7.03341e-005 0.00945337 0.999955 0.000143829 6.89712e-005 -0.000144488 1 0.000251675 0.0711294 0.00785183</i>
                        <i>0.99996 -0.00896347 -4.47958e-005 0.00896344 0.99996 -0.000531312 4.95564e-005 0.000530889 1 -0.00111392 0.0811633 0.00634825</i>
                        <i>0.999964 -0.0084523 -1.91746e-005 0.00845228 0.999964 -0.00119925 2.93103e-005 0.00119905 0.999999 -0.00260491 0.0936312 0.005342</i>
                        <i>0.999969 -0.00792004 6.3199e-006 0.00792004 0.999967 -0.00184518 8.29423e-006 0.00184518 0.999998 -0.00517875 0.111277 0.00542814</i>
                        <i>0.999973 -0.0073665 3.1478e-005 0.00736655 0.99997 -0.00245893 -1.33634e-005 0.0024591 0.999997 -0.007878 0.131356 0.00601161</i>
                        <i>0.999977 -0.00680362 5.609e-005 0.00680376 0.999972 -0.00304565 -3.5367e-005 0.00304596 0.999995 -0.00824722 0.150517 0.00645217</i>
                        <i>0.999981 -0.00623543 7.97414e-005 0.00623568 0.999974 -0.00361031 -5.72275e-005 0.00361074 0.999994 -0.00385099 0.167449 0.00650074</i>
                        <i>0.999984 -0.00566075 0.000102047 0.00566113 0.999975 -0.00414795 -7.85641e-005 0.00414846 0.999991 0.00287526 0.183462 0.00640642</i>
                        <i>0.999987 -0.00508374 0.000122841 0.00508425 0.999976 -0.00464878 -9.92053e-005 0.00464935 0.999989 0.00708061 0.199131 0.00627627</i>
                        <i>0.99999 -0.00450854 0.000142278 0.0045092 0.999977 -0.00511281 -0.000119224 0.0051134 0.999987 0.00559904 0.216315 0.00618599</i>
                        <i>0.999992 -0.0039393 0.000160204 0.00394013 0.999977 -0.00554002 -0.000138376 0.00554061 0.999985 0.00159654 0.233156 0.00605988</i>
                        <i>0.999994 -0.00338019 0.000175989 0.00338117 0.999977 -0.00592065 -0.000155972 0.00592121 0.999982 -0.000279853 0.244649 0.00577798</i>
                        <i>0.999996 -0.00283789 0.00018997 0.00283903 0.999976 -0.00626278 -0.000172192 0.0062633 0.99998 0.003492 0.251396 0.004792</i>
                        <i>0.999997 -0.00231947 0.000201811 0.00232074 0.999976 -0.00655833 -0.000186594 0.00655878 0.999978 0.00938995 0.257121 0.00365024</i>
                        <i>0.999998 -0.00182959 0.000209871 0.00183097 0.999975 -0.00677323 -0.000197473 0.00677361 0.999977 0.0114947 0.261508 0.00387753</i>
                        <i>0.999999 -0.00136565 0.000213653 0.00136709 0.999975 -0.0069019 -0.000204223 0.00690218 0.999976 0.00527676 0.264245 0.00693067</i>
                        <i>1 -0.000930247 0.000213656 0.000931709 0.999975 -0.00694992 -0.000207185 0.00695012 0.999976 -0.00473434 0.265015 0.0113528</i>
                        <i>1 -0.00053584 0.000209728 0.000537275 0.999976 -0.00690008 -0.000206025 0.00690019 0.999976 -0.0108699 0.263506 0.0142985</i>
                        <i>1 -0.000182333 0.000201284 0.000183685 0.999977 -0.00674147 -0.00020005 0.00674151 0.999977 -0.00900787 0.255459 0.0144453</i>
                        <i>1 0.000130184 0.00018891 -0.000128956 0.999979 -0.00648499 -0.000189751 0.00648497 0.999979 -0.00327029 0.239548 0.0131156</i>
                        <i>1 0.000388972 0.000174213 -0.000387894 0.999981 -0.0061461 -0.0001766 0.00614603 0.999981 0.00164505 0.219855 0.0114312</i>
                        <i>1 0.000592716 0.000157191 -0.000591806 0.999983 -0.00572479 -0.000160582 0.00572469 0.999984 0.00444056 0.196304 0.00944023</i>
                        <i>1 0.000742733 0.000137845 -0.000742004 0.999986 -0.00522106 -0.000141721 0.00522096 0.999986 0.00641384 0.16897 0.00709455</i>
                        <i>1 0.000830246 0.000117782 -0.000829689 0.999989 -0.00465036 -0.000121642 0.00465026 0.999989 0.00675999 0.142158 0.00537108</i>
                        <i>1 0.000853257 9.7001e-005 -0.000852861 0.999992 -0.0040127 -0.000100424 0.00401262 0.999992 0.00421282 0.117294 0.00496775</i>
                        <i>1 0.000813764 7.55023e-005 -0.000813509 0.999994 -0.00330808 -7.81939e-005 0.00330802 0.999995 3.85222e-005 0.0929531 0.00518664</i>
                        <i>1 0.000708971 5.48923e-005 -0.000708828 0.999996 -0.00255194 -5.67013e-005 0.0025519 0.999997 -0.00276927 0.0691583 0.00491099</i>
                        <i>1 0.000516179 3.60024e-005 -0.000516116 0.999998 -0.00173226 -3.68965e-005 0.00173224 0.999999 -0.00275718 0.0461005 0.00360369</i>
                        <i>1 0.00025809 1.80012e-005 -0.000258074 1 -0.000861074 -1.82234e-005 0.000861069 1 -0.00137859 0.0235894 0.00180184</i>
                        <i>1 0 0 0 1 1.0114e-005 0 -1.0114e-005 1 0 0.00107828 0</i>
                    </KeyFrames>
                </p>
            </i>
            <i>
                <p>
                    <Name><![CDATA[rudder]]></Name>
                    <Exclude>0</Exclude>
                    <Additive>0</Additive>
                    <IKPriority>0</IKPriority>
                    <IKRotLimits>-1e+010 -1e+010 -1e+010 1e+010 1e+010 1e+010</IKRotLimits>
                    <IKRotLimitOrder>0</IKRotLimitOrder>
                    <KeyFrames count="61">
                        <i>1 0 0 0 -0.969649 0.2445 0 -0.2445 -0.969649 0 9.13829 -36.7824</i>
                        <i>1 -0.000416384 -2.0194e-005 -0.000398889 -0.96981 0.24386 -0.000121124 -0.24386 -0.96981 0.00351756 9.15095 -36.7747</i>
                        <i>1 -0.000832768 -4.0388e-005 -0.000797938 -0.969971 0.243218 -0.000241719 -0.243218 -0.969972 0.00705565 9.16413 -36.7669</i>
                        <i>0.999999 -0.00131953 -6.21017e-005 -0.00126506 -0.970132 0.242575 -0.000380332 -0.242575 -0.970133 0.0108003 9.17733 -36.7593</i>
                        <i>0.999998 -0.001912 -8.55931e-005 -0.00183449 -0.970291 0.241932 -0.000545623 -0.241931 -0.970293 0.0145366 9.19007 -36.7516</i>
                        <i>0.999997 -0.00257484 -0.00010985 -0.00247225 -0.97045 0.24129 -0.000727886 -0.241288 -0.970453 0.0185191 9.20186 -36.744</i>
                        <i>0.999995 -0.00327248 -0.000134487 -0.00314395 -0.970607 0.240649 -0.000918053 -0.240647 -0.970612 0.0236406 9.21221 -36.737</i>
                        <i>0.999992 -0.00400792 -0.000159118 -0.00385258 -0.970763 0.24001 -0.00111641 -0.240008 -0.97077 0.0315178 9.21781 -36.7311</i>
                        <i>0.999989 -0.00477816 -0.000183358 -0.00459536 -0.970916 0.239375 -0.0013218 -0.239372 -0.970927 0.0405669 9.21963 -36.7257</i>
                        <i>0.999985 -0.00553864 -0.000206821 -0.0053291 -0.971068 0.238744 -0.00152316 -0.238739 -0.971082 0.0468734 9.22358 -36.72</i>
                        <i>0.99998 -0.00628003 -0.000229237 -0.00604479 -0.971216 0.238126 -0.00171807 -0.23812 -0.971234 0.0469509 9.23023 -36.7137</i>
                        <i>0.999975 -0.00701165 -0.000250087 -0.00675158 -0.971357 0.23753 -0.0019084 -0.237522 -0.97138 0.0443066 9.23831 -36.7073</i>
                        <i>0.99997 -0.00771698 -0.000268611 -0.00743355 -0.971491 0.23696 -0.00208957 -0.236951 -0.971519 0.0455116 9.25098 -36.701</i>
                        <i>0.999965 -0.00839899 -0.000285161 -0.00809365 -0.971636 0.236343 -0.00226211 -0.236332 -0.97167 0.0548604 9.27297 -36.6937</i>
                        <i>0.999959 -0.00905471 -0.000299386 -0.00872891 -0.971774 0.235752 -0.0024256 -0.235739 -0.971813 0.0680546 9.29953 -36.6866</i>
                        <i>0.999953 -0.00965865 -0.00030947 -0.00931434 -0.97185 0.235415 -0.00257455 -0.235401 -0.971895 0.0787565 9.31965 -36.683</i>
                        <i>0.999948 -0.0102108 -0.000314655 -0.00984966 -0.971834 0.235459 -0.00271002 -0.235444 -0.971884 0.0843407 9.32933 -36.6853</i>
                        <i>0.999943 -0.0107112 -0.0003157 -0.0103349 -0.971757 0.235758 -0.00283204 -0.235741 -0.971812 0.0873919 9.33256 -36.6912</i>
                        <i>0.999938 -0.0111344 -0.000313069 -0.0107455 -0.971654 0.236162 -0.00293371 -0.236144 -0.971714 0.0893817 9.33026 -36.697</i>
                        <i>0.999934 -0.0114792 -0.000306445 -0.0110806 -0.971532 0.236649 -0.00301425 -0.23663 -0.971595 0.0903997 9.32103 -36.7012</i>
                        <i>0.999931 -0.0117467 -0.000296144 -0.0113411 -0.971385 0.237241 -0.00307446 -0.237221 -0.971451 0.0903558 9.30626 -36.7052</i>
                        <i>0.999929 -0.0119149 -0.000283581 -0.0115055 -0.971233 0.237854 -0.00310942 -0.237834 -0.971301 0.090469 9.29108 -36.71</i>
                        <i>0.999928 -0.0119664 -0.000269017 -0.011557 -0.971083 0.238463 -0.00311477 -0.238442 -0.971152 0.090862 9.27569 -36.7161</i>
                        <i>0.999929 -0.0119186 -0.00025219 -0.0115126 -0.970929 0.239092 -0.0030945 -0.239072 -0.970997 0.0914265 9.25988 -36.7229</i>
                        <i>0.99993 -0.0118014 -0.00023373 -0.0114012 -0.970771 0.239737 -0.00305613 -0.239718 -0.970838 0.0930368 9.24816 -36.7298</i>
                        <i>0.999932 -0.011617 -0.000213635 -0.011225 -0.970611 0.240392 -0.00299999 -0.240374 -0.970676 0.0973794 9.2443 -36.7366</i>
                        <i>0.999935 -0.0113632 -0.000191908 -0.0109819 -0.97045 0.241053 -0.00292537 -0.241035 -0.970512 0.102783 9.24494 -36.7434</i>
                        <i>0.999939 -0.0110632 -0.000169175 -0.0106943 -0.970288 0.241717 -0.00283832 -0.2417 -0.970347 0.105084 9.24392 -36.7498</i>
                        <i>0.999943 -0.0107207 -0.000145424 -0.0103658 -0.970125 0.242382 -0.00273958 -0.242366 -0.970181 0.10186 9.23955 -36.7553</i>
                        <i>0.999947 -0.010332 -0.000120668 -0.00999284 -0.969963 0.243047 -0.0026282 -0.243033 -0.970014 0.0955403 9.23366 -36.7605</i>
                        <i>0.999951 -0.00990953 -9.55798e-005 -0.00958744 -0.969801 0.243711 -0.00250775 -0.243698 -0.969848 0.0892363 9.22539 -36.7662</i>
                        <i>0.999955 -0.00945336 -7.03341e-005 -0.00914957 -0.969639 0.244371 -0.00237832 -0.244359 -0.969682 0.0840886 9.21287 -36.7733</i>
                        <i>0.99996 -0.00896347 -4.47958e-005 -0.00867926 -0.969478 0.245025 -0.00223971 -0.245015 -0.969517 0.0789608 9.1981 -36.781</i>
                        <i>0.999964 -0.0084523 -1.91746e-005 -0.00818856 -0.969318 0.245673 -0.00209509 -0.245664 -0.969353 0.073544 9.18603 -36.7881</i>
                        <i>0.999969 -0.00792004 6.3199e-006 -0.00767761 -0.969163 0.246299 -0.00194457 -0.246291 -0.969194 0.0668802 9.17994 -36.7939</i>
                        <i>0.999973 -0.0073665 3.1478e-005 -0.00714622 -0.969016 0.246894 -0.00178824 -0.246887 -0.969043 0.0599205 9.17746 -36.7988</i>
                        <i>0.999977 -0.00680362 5.609e-005 -0.00660589 -0.968875 0.247462 -0.0016293 -0.247457 -0.968898 0.0552185 9.17506 -36.8037</i>
                        <i>0.999981 -0.00623543 7.97414e-005 -0.0060604 -0.968739 0.248009 -0.0014692 -0.248005 -0.968758 0.0552284 9.17124 -36.8087</i>
                        <i>0.999984 -0.00566075 0.000102047 -0.0055085 -0.968608 0.24853 -0.00130802 -0.248527 -0.968624 0.0574898 9.16748 -36.8137</i>
                        <i>0.999987 -0.00508374 0.000122841 -0.00495418 -0.968487 0.249015 -0.00114696 -0.249013 -0.9685 0.0571836 9.16473 -36.8183</i>
                        <i>0.99999 -0.00450854 0.000142278 -0.00440149 -0.968374 0.249465 -0.000986942 -0.249463 -0.968384 0.0511842 9.16486 -36.8225</i>
                        <i>0.999992 -0.0039393 0.000160204 -0.00385437 -0.96827 0.249878 -0.000829226 -0.249877 -0.968277 0.0426867 9.16598 -36.8265</i>
                        <i>0.999994 -0.00338019 0.000175989 -0.00331668 -0.968176 0.250247 -0.000675493 -0.250246 -0.968182 0.0363504 9.16348 -36.8302</i>
                        <i>0.999996 -0.00283789 0.00018997 -0.00279495 -0.968092 0.250578 -0.000527205 -0.250578 -0.968096 0.0357654 9.15764 -36.8342</i>
                        <i>0.999997 -0.00231947 0.000201811 -0.00229592 -0.96802 0.250864 -0.000386515 -0.250864 -0.968022 0.0374576 9.15249 -36.838</i>
                        <i>0.999998 -0.00182959 0.000209871 -0.00182367 -0.967967 0.251072 -0.000256211 -0.251072 -0.967968 0.0354874 9.14897 -36.8397</i>
                        <i>0.999999 -0.00136565 0.000213653 -0.00137553 -0.967935 0.251197 -0.000136243 -0.251197 -0.967936 0.0252794 9.14697 -36.8377</i>
                        <i>1 -0.000930247 0.000213656 -0.000954088 -0.967924 0.251243 -2.69159e-005 -0.251243 -0.967924 0.0113993 9.14598 -36.8338</i>
                        <i>1 -0.00053584 0.000209728 -0.000571342 -0.967936 0.251195 6.84027e-005 -0.251195 -0.967936 0.00161718 9.14632 -36.8304</i>
                        <i>1 -0.000182333 0.000201284 -0.000227024 -0.967976 0.251042 0.000149065 -0.251042 -0.967976 2.87821e-005 9.14412 -36.8288</i>
                        <i>1 0.000130184 0.00018891 7.86456e-005 -0.968041 0.250793 0.000215522 -0.250793 -0.968041 0.00253097 9.13766 -36.8279</i>
                        <i>1 0.000388972 0.000174213 0.00033294 -0.968126 0.250465 0.000266084 -0.250465 -0.968126 0.00459672 9.13045 -36.8265</i>
                        <i>1 0.000592716 0.000157191 0.000534579 -0.968231 0.250057 0.00030041 -0.250057 -0.968231 0.00493991 9.12242 -36.8248</i>
                        <i>1 0.000742733 0.000137845 0.000684829 -0.968357 0.249569 0.000318847 -0.249569 -0.968357 0.00484714 9.11364 -36.8226</i>
                        <i>1 0.000830246 0.000117782 0.000774763 -0.968499 0.249017 0.000320817 -0.249017 -0.968499 0.00365354 9.10784 -36.8192</i>
                        <i>1 0.000853257 9.7001e-005 0.000802419 -0.968657 0.248399 0.000305909 -0.248399 -0.968658 0.000114218 9.10646 -36.8139</i>
                        <i>1 0.000813764 7.55023e-005 0.000769698 -0.968832 0.247717 0.000274732 -0.247716 -0.968832 -0.00451821 9.10806 -36.8073</i>
                        <i>1 0.000708971 5.48923e-005 0.000673449 -0.969019 0.246984 0.000228296 -0.246984 -0.96902 -0.0071601 9.1121 -36.8008</i>
                        <i>1 0.000516179 3.60024e-005 0.000491429 -0.969222 0.24619 0.000161972 -0.24619 -0.969222 -0.00611571 9.1192 -36.7947</i>
                        <i>1 0.00025809 1.80012e-005 0.000245785 -0.969436 0.245345 8.0772e-005 -0.245345 -0.969436 -0.00306627 9.12875 -36.7886</i>
                        <i>1 0 0 0 -0.969649 0.2445 0 -0.2445 -0.969649 0 9.13829 -36.7824</i>
                    </KeyFrames>
                </p>
            </i>
            <i>
                <p>
                    <Name><![CDATA[l_taileron]]></Name>
                    <Exclude>0</Exclude>
                    <Additive>0</Additive>
                    <IKPriority>0</IKPriority>
                    <IKRotLimits>-1e+010 -1e+010 -1e+010 1e+010 1e+010 1e+010</IKRotLimits>
                    <IKRotLimitOrder>0</IKRotLimitOrder>
                    <KeyFrames count="61">
                        <i>0.857968 -0.0198457 -0.513319 0.0554666 0.99699 0.0541623 0.510699 -0.0749416 0.856487 2.44725 1.82581 -32.696</i>
                        <i>0.85795 -0.019864 -0.51335 0.0558828 0.996931 0.0548195 0.510685 -0.0757198 0.856427 2.4478 1.83475 -32.6931</i>
                        <i>0.857931 -0.0198814 -0.51338 0.056299 0.996871 0.0554783 0.51067 -0.0764994 0.856366 2.44837 1.84421 -32.6903</i>
                        <i>0.857911 -0.0199587 -0.513411 0.0567854 0.996807 0.0561379 0.510651 -0.0773156 0.856305 2.44864 1.85353 -32.6875</i>
                        <i>0.857887 -0.0201267 -0.513443 0.0573773 0.996736 0.0567974 0.510624 -0.0781858 0.856242 2.44812 1.86213 -32.6848</i>
                        <i>0.857862 -0.0203555 -0.513476 0.0580393 0.99666 0.057456 0.510592 -0.0790911 0.856178 2.44734 1.86962 -32.6821</i>
                        <i>0.857836 -0.0206149 -0.513509 0.058736 0.996581 0.0581128 0.510556 -0.0800127 0.856114 2.44744 1.8756 -32.68</i>
                        <i>0.85781 -0.0209081 -0.513542 0.0594703 0.996499 0.0587669 0.510515 -0.0809513 0.85605 2.45001 1.87675 -32.6789</i>
                        <i>0.857782 -0.0212329 -0.513574 0.0602392 0.996414 0.0594176 0.510471 -0.0819047 0.855985 2.45348 1.87405 -32.6784</i>
                        <i>0.857756 -0.0215515 -0.513605 0.0609982 0.996329 0.060064 0.510425 -0.0828493 0.855922 2.45428 1.87354 -32.6775</i>
                        <i>0.85773 -0.0218604 -0.513635 0.0617382 0.996245 0.0606975 0.51038 -0.083773 0.855859 2.44898 1.87583 -32.6759</i>
                        <i>0.857705 -0.0221729 -0.513663 0.0624682 0.996162 0.0613078 0.510332 -0.0846716 0.855799 2.44102 1.87969 -32.6741</i>
                        <i>0.857682 -0.0224768 -0.513688 0.0631718 0.996082 0.0618909 0.510284 -0.0855334 0.855742 2.43709 1.8883 -32.6721</i>
                        <i>0.857661 -0.0227353 -0.513713 0.0638521 0.995999 0.0625234 0.510236 -0.0864255 0.855681 2.44146 1.9061 -32.6696</i>
                        <i>0.857642 -0.0229853 -0.513734 0.0645059 0.995919 0.0631289 0.510186 -0.0872808 0.855624 2.44986 1.92865 -32.667</i>
                        <i>0.857624 -0.0233254 -0.513748 0.0651079 0.995857 0.0634734 0.510139 -0.0878853 0.85559 2.45614 1.94594 -32.666</i>
                        <i>0.857608 -0.0238222 -0.513752 0.0656582 0.995824 0.063428 0.510095 -0.0881283 0.855591 2.45767 1.95449 -32.668</i>
                        <i>0.857594 -0.0244092 -0.513748 0.0661567 0.995811 0.0631217 0.510055 -0.0881206 0.855616 2.45705 1.95777 -32.6716</i>
                        <i>0.857582 -0.0249855 -0.513739 0.0665781 0.995809 0.0627077 0.510019 -0.0879808 0.855652 2.45593 1.95614 -32.6743</i>
                        <i>0.857574 -0.0255386 -0.513726 0.0669212 0.995817 0.0622085 0.509988 -0.0877275 0.855696 2.4544 1.94811 -32.6748</i>
                        <i>0.857569 -0.0260811 -0.513707 0.0671872 0.995837 0.0616016 0.509962 -0.0873422 0.855751 2.45237 1.93517 -32.6743</i>
                        <i>0.857567 -0.0265496 -0.513686 0.0673542 0.995864 0.060973 0.509943 -0.0868874 0.855809 2.45123 1.92214 -32.6744</i>
                        <i>0.857569 -0.0269154 -0.513664 0.067405 0.995899 0.0603497 0.509933 -0.0863775 0.855867 2.45121 1.90915 -32.6759</i>
                        <i>0.857575 -0.0272072 -0.513638 0.0673566 0.995941 0.0597047 0.509929 -0.0857982 0.855927 2.45209 1.89608 -32.6779</i>
                        <i>0.857584 -0.0274481 -0.513611 0.0672391 0.995988 0.059043 0.50993 -0.0851691 0.855989 2.45453 1.88733 -32.6799</i>
                        <i>0.857595 -0.0276366 -0.513582 0.0670546 0.99604 0.0583715 0.509935 -0.0844972 0.856053 2.46018 1.88664 -32.6817</i>
                        <i>0.85761 -0.0277683 -0.513551 0.0668008 0.996097 0.0576947 0.509945 -0.0837851 0.856117 2.46739 1.89064 -32.6835</i>
                        <i>0.857626 -0.0278622 -0.513519 0.066501 0.996156 0.0570141 0.509957 -0.0830463 0.856182 2.47184 1.89311 -32.6848</i>
                        <i>0.857644 -0.0279206 -0.513486 0.0661587 0.996218 0.0563318 0.509971 -0.0822842 0.856247 2.47107 1.89234 -32.6853</i>
                        <i>0.857663 -0.0279394 -0.513452 0.0657704 0.996282 0.0556494 0.509988 -0.0814984 0.856312 2.46753 1.89017 -32.6853</i>
                        <i>0.857685 -0.0279284 -0.513417 0.0653484 0.996347 0.0549688 0.510007 -0.0806969 0.856377 2.46426 1.88569 -32.686</i>
                        <i>0.857707 -0.0278866 -0.513382 0.0648928 0.996414 0.0542917 0.510027 -0.0798812 0.856441 2.46238 1.87703 -32.6881</i>
                        <i>0.85773 -0.027813 -0.513347 0.0644035 0.996482 0.05362 0.51005 -0.0790529 0.856504 2.46077 1.86619 -32.6907</i>
                        <i>0.857755 -0.0277175 -0.513311 0.063893 0.996551 0.0529555 0.510073 -0.0782199 0.856567 2.45902 1.85807 -32.6929</i>
                        <i>0.85778 -0.0275926 -0.513276 0.0633615 0.996619 0.0523129 0.510097 -0.0773949 0.856628 2.45617 1.8559 -32.6939</i>
                        <i>0.857806 -0.0274328 -0.513242 0.0628087 0.996686 0.0517023 0.510122 -0.0765866 0.856685 2.45318 1.85727 -32.6943</i>
                        <i>0.857832 -0.0272512 -0.513208 0.0622467 0.996751 0.0511186 0.510148 -0.0757967 0.856741 2.45251 1.85862 -32.6948</i>
                        <i>0.857857 -0.0270537 -0.513176 0.0616793 0.996815 0.0505569 0.510173 -0.0750229 0.856793 2.45659 1.85848 -32.6957</i>
                        <i>0.857882 -0.0268367 -0.513145 0.0611055 0.996877 0.050022 0.5102 -0.074269 0.856843 2.46298 1.85832 -32.6966</i>
                        <i>0.857907 -0.0265987 -0.513116 0.0605294 0.996937 0.0495237 0.510227 -0.0735453 0.85689 2.46681 1.85903 -32.6976</i>
                        <i>0.857931 -0.0263434 -0.513089 0.0599552 0.996995 0.049062 0.510254 -0.0728542 0.856932 2.46494 1.86245 -32.6984</i>
                        <i>0.857954 -0.0260744 -0.513064 0.0593869 0.997049 0.048637 0.510282 -0.0721976 0.856971 2.46054 1.86671 -32.6992</i>
                        <i>0.857976 -0.02579 -0.513041 0.0588288 0.997101 0.0482582 0.51031 -0.071586 0.857006 2.45822 1.86713 -32.7</i>
                        <i>0.857997 -0.0255003 -0.513022 0.0582875 0.997149 0.0479178 0.510337 -0.0710161 0.857037 2.46154 1.86402 -32.7015</i>
                        <i>0.858016 -0.0252072 -0.513005 0.0577701 0.997193 0.0476237 0.510364 -0.0704982 0.857064 2.46696 1.86135 -32.7031</i>
                        <i>0.858032 -0.0248972 -0.512993 0.0572813 0.997232 0.0474098 0.510392 -0.070064 0.857083 2.46853 1.85991 -32.7032</i>
                        <i>0.858045 -0.0245651 -0.512986 0.0568184 0.997264 0.0472817 0.510422 -0.0697169 0.857094 2.46169 1.85958 -32.7004</i>
                        <i>0.858056 -0.0242162 -0.512985 0.0563842 0.997291 0.0472338 0.510452 -0.0694535 0.857097 2.45098 1.85985 -32.696</i>
                        <i>0.858063 -0.0238522 -0.51299 0.0559911 0.997311 0.0472833 0.510483 -0.0692949 0.857091 2.44409 1.86094 -32.693</i>
                        <i>0.858067 -0.0234674 -0.513001 0.0556389 0.997323 0.047441 0.510514 -0.0692504 0.857076 2.44511 1.85895 -32.6926</i>
                        <i>0.858068 -0.0230677 -0.513017 0.0553277 0.997328 0.0476961 0.510547 -0.0693106 0.857052 2.44994 1.85219 -32.6936</i>
                        <i>0.858066 -0.0226717 -0.513038 0.0550703 0.997326 0.0480333 0.510577 -0.0694689 0.857021 2.45396 1.84422 -32.6947</i>
                        <i>0.858062 -0.0222807 -0.513062 0.0548678 0.997317 0.0484525 0.510606 -0.0697259 0.856983 2.45586 1.83495 -32.6961</i>
                        <i>0.858055 -0.0218934 -0.51309 0.0547191 0.997301 0.0489538 0.510634 -0.0700809 0.856938 2.45694 1.82445 -32.6977</i>
                        <i>0.858047 -0.0215254 -0.51312 0.0546328 0.997278 0.0495218 0.510657 -0.0705252 0.856887 2.45647 1.81652 -32.6985</i>
                        <i>0.858036 -0.0211784 -0.513152 0.0546108 0.997247 0.0501566 0.510677 -0.0710598 0.856831 2.45318 1.81257 -32.6979</i>
                        <i>0.858024 -0.0208507 -0.513186 0.0546513 0.997209 0.050858 0.510693 -0.0716837 0.856769 2.44836 1.81117 -32.6965</i>
                        <i>0.858011 -0.0205525 -0.51322 0.0547568 0.997165 0.0516109 0.510704 -0.072385 0.856704 2.44504 1.81185 -32.6955</i>
                        <i>0.857997 -0.0202972 -0.513253 0.05495 0.997112 0.0524271 0.510706 -0.0731856 0.856635 2.44475 1.81512 -32.6954</i>
                        <i>0.857983 -0.0200715 -0.513286 0.0552083 0.997051 0.0532947 0.510703 -0.0740636 0.856561 2.44599 1.82046 -32.6957</i>
                        <i>0.857968 -0.0198457 -0.513319 0.0554666 0.99699 0.0541623 0.510699 -0.0749416 0.856487 2.44725 1.82581 -32.696</i>
                    </KeyFrames>
                </p>
            </i>
            <i>
                <p>
                    <Name><![CDATA[r_flap]]></Name>
                    <Exclude>0</Exclude>
                    <Additive>0</Additive>
                    <IKPriority>0</IKPriority>
                    <IKRotLimits>-1e+010 -1e+010 -1e+010 1e+010 1e+010 1e+010</IKRotLimits>
                    <IKRotLimitOrder>0</IKRotLimitOrder>
                    <KeyFrames count="61">
                        <i>0.859131 0.0439896 0.509862 -0.367196 -0.64097 0.674036 0.356457 -0.766304 -0.534524 -6.22572 2.52356 -2.04614</i>
                        <i>0.859159 0.0432952 0.509874 -0.36745 -0.641262 0.67362 0.356127 -0.7661 -0.535037 -6.22427 2.51588 -2.04267</i>
                        <i>0.859187 0.0425999 0.509885 -0.367703 -0.641555 0.673203 0.355797 -0.765894 -0.535551 -6.22281 2.50866 -2.0392</i>
                        <i>0.859218 0.0418436 0.509895 -0.368002 -0.641822 0.672785 0.355413 -0.765712 -0.536066 -6.22158 2.50188 -2.03582</i>
                        <i>0.859254 0.0409965 0.509903 -0.368367 -0.642049 0.672368 0.354948 -0.765566 -0.536582 -6.22103 2.4953 -2.03245</i>
                        <i>0.859293 0.0400893 0.509911 -0.368777 -0.64225 0.671951 0.354428 -0.765446 -0.537097 -6.2207 2.48824 -2.02918</i>
                        <i>0.859332 0.039153 0.509917 -0.36921 -0.642436 0.671535 0.353882 -0.765338 -0.53761 -6.21948 2.48002 -2.02648</i>
                        <i>0.859372 0.0381855 0.509924 -0.369668 -0.642606 0.671121 0.353307 -0.765245 -0.538121 -6.21579 2.46739 -2.0248</i>
                        <i>0.859412 0.0371898 0.50993 -0.370149 -0.64276 0.670708 0.352706 -0.765164 -0.53863 -6.21121 2.45131 -2.02369</i>
                        <i>0.85945 0.0362047 0.509936 -0.370624 -0.642914 0.670298 0.352113 -0.765082 -0.539134 -6.20936 2.43746 -2.02226</i>
                        <i>0.859486 0.0352425 0.509943 -0.371088 -0.643066 0.669895 0.351536 -0.765 -0.539628 -6.21367 2.42665 -2.02019</i>
                        <i>0.85952 0.0343006 0.50995 -0.371548 -0.643205 0.669507 0.350967 -0.764925 -0.540103 -6.22072 2.41803 -2.01785</i>
                        <i>0.859551 0.0333952 0.509958 -0.371992 -0.643335 0.669135 0.35042 -0.764856 -0.540557 -6.22384 2.41479 -2.01547</i>
                        <i>0.859579 0.0324846 0.509969 -0.372423 -0.643507 0.66873 0.349892 -0.764751 -0.541047 -6.21876 2.419 -2.01251</i>
                        <i>0.859605 0.0316105 0.509981 -0.37284 -0.643669 0.668342 0.349385 -0.764651 -0.541515 -6.20976 2.42858 -2.0095</i>
                        <i>0.859627 0.0309146 0.509986 -0.373224 -0.643675 0.668122 0.34892 -0.764674 -0.541783 -6.20297 2.44048 -2.00825</i>
                        <i>0.859647 0.0304629 0.509979 -0.373575 -0.643439 0.668153 0.348494 -0.764891 -0.54175 -6.20099 2.4552 -2.01024</i>
                        <i>0.859664 0.0301895 0.509966 -0.373894 -0.643046 0.668352 0.348109 -0.765232 -0.541516 -6.20123 2.47223 -2.01399</i>
                        <i>0.859678 0.0300378 0.509952 -0.374165 -0.64261 0.66862 0.347784 -0.765604 -0.541199 -6.20207 2.487 -2.0169</i>
                        <i>0.859688 0.0299972 0.509938 -0.374387 -0.642146 0.668942 0.347521 -0.765995 -0.540815 -6.20344 2.49733 -2.01763</i>
                        <i>0.859694 0.0300782 0.509922 -0.374561 -0.641638 0.669332 0.347318 -0.766418 -0.540346 -6.20542 2.50539 -2.01751</i>
                        <i>0.859697 0.0302558 0.509908 -0.374672 -0.641152 0.669735 0.347192 -0.766817 -0.53986 -6.20662 2.51317 -2.01805</i>
                        <i>0.859695 0.0305311 0.509895 -0.37471 -0.640713 0.670134 0.347156 -0.767173 -0.539378 -6.20682 2.51984 -2.01995</i>
                        <i>0.859689 0.0309029 0.509883 -0.374685 -0.640297 0.670546 0.347198 -0.767506 -0.538877 -6.20625 2.52622 -2.02249</i>
                        <i>0.85968 0.0313428 0.509871 -0.374617 -0.639895 0.670967 0.347294 -0.767823 -0.538363 -6.20422 2.53684 -2.025</i>
                        <i>0.859668 0.0318457 0.50986 -0.374507 -0.639511 0.671394 0.347442 -0.768122 -0.53784 -6.19906 2.55524 -2.02736</i>
                        <i>0.859652 0.0324109 0.50985 -0.374354 -0.639149 0.671824 0.347645 -0.7684 -0.537313 -6.19244 2.57791 -2.02966</i>
                        <i>0.859635 0.0330177 0.509841 -0.374173 -0.638801 0.672256 0.347883 -0.768663 -0.536781 -6.18867 2.59875 -2.03159</i>
                        <i>0.859615 0.0336621 0.509832 -0.373965 -0.638468 0.672688 0.348156 -0.768912 -0.536248 -6.19019 2.61605 -2.0327</i>
                        <i>0.859593 0.0343461 0.509824 -0.373728 -0.638152 0.673119 0.348464 -0.769144 -0.535715 -6.19454 2.63153 -2.03342</i>
                        <i>0.859569 0.0350582 0.509816 -0.373471 -0.637849 0.673549 0.348799 -0.769363 -0.535182 -6.19869 2.64437 -2.03478</i>
                        <i>0.859543 0.0357974 0.509808 -0.373192 -0.637561 0.673976 0.34916 -0.769568 -0.534652 -6.20149 2.65263 -2.03751</i>
                        <i>0.859516 0.0365628 0.5098 -0.372893 -0.637288 0.674399 0.349547 -0.769758 -0.534125 -6.20408 2.65824 -2.04088</i>
                        <i>0.859487 0.0373428 0.509792 -0.372581 -0.637028 0.674818 0.349951 -0.769936 -0.533604 -6.20685 2.66617 -2.04373</i>
                        <i>0.859456 0.0381297 0.509785 -0.372256 -0.63679 0.675222 0.350372 -0.770094 -0.533099 -6.21075 2.67919 -2.04543</i>
                        <i>0.859425 0.0389184 0.509779 -0.371917 -0.636581 0.675605 0.350809 -0.770227 -0.532619 -6.21482 2.69457 -2.04655</i>
                        <i>0.859392 0.0397013 0.509773 -0.371572 -0.636394 0.675971 0.351254 -0.770342 -0.53216 -6.21659 2.70903 -2.04774</i>
                        <i>0.859359 0.0404775 0.509768 -0.371224 -0.636223 0.676323 0.351702 -0.770443 -0.531718 -6.21361 2.72128 -2.04925</i>
                        <i>0.859326 0.0412454 0.509762 -0.370872 -0.636072 0.676658 0.352155 -0.770526 -0.531297 -6.20831 2.73261 -2.05084</i>
                        <i>0.859293 0.0419966 0.509757 -0.370517 -0.635947 0.67697 0.352609 -0.770589 -0.530904 -6.20553 2.74367 -2.05236</i>
                        <i>0.85926 0.0427274 0.509752 -0.370163 -0.635846 0.677259 0.353061 -0.770632 -0.530541 -6.20844 2.75632 -2.05374</i>
                        <i>0.859227 0.0434343 0.509748 -0.369812 -0.635767 0.677524 0.353509 -0.770658 -0.530206 -6.21386 2.76875 -2.05505</i>
                        <i>0.859195 0.0441087 0.509743 -0.369466 -0.635716 0.677761 0.353947 -0.770662 -0.529907 -6.21712 2.77598 -2.05638</i>
                        <i>0.859164 0.044749 0.509739 -0.36913 -0.635684 0.677974 0.354372 -0.770651 -0.529639 -6.21469 2.77865 -2.05831</i>
                        <i>0.859135 0.045345 0.509736 -0.368808 -0.635675 0.678158 0.354777 -0.770624 -0.529407 -6.21008 2.78054 -2.06027</i>
                        <i>0.859109 0.0458754 0.509732 -0.368502 -0.63571 0.678291 0.355159 -0.770564 -0.529239 -6.2092 2.78144 -2.06063</i>
                        <i>0.859086 0.0463395 0.509729 -0.36821 -0.635793 0.678372 0.355518 -0.770467 -0.529138 -6.21657 2.78102 -2.05793</i>
                        <i>0.859066 0.046738 0.509727 -0.367933 -0.635921 0.678402 0.355853 -0.770338 -0.529101 -6.22768 2.77898 -2.05362</i>
                        <i>0.859049 0.0470514 0.509726 -0.367679 -0.6361 0.678372 0.356155 -0.770171 -0.529141 -6.23482 2.77512 -2.05053</i>
                        <i>0.859037 0.0472743 0.509726 -0.367449 -0.636337 0.678274 0.356423 -0.769961 -0.529266 -6.23386 2.7652 -2.04993</i>
