<?xml version="1.0" encoding="ISO-8859-1" ?>
<Animl Version="1">
    <ModellingPackage>
        <![CDATA[Maya.2010]]>
</ModellingPackage>
    <SrcFile>
        <![CDATA[anims\characters\red\~src\paratrooper\paratrooper_chute_idle.mb]]>
</SrcFile>
    <FramesPerSecond>30</FramesPerSecond>
    <TotalFrames>60</TotalFrames>
    <Skeleton>
        <RefFrame>
            <Name>
                <![CDATA[parachute_ref_frame]]>
</Name>
            <Exclude>0</Exclude>
            <Additive>0</Additive>
            <IKPriority>0</IKPriority>
            <IKRotLimits>-1e+010 -1e+010 -1e+010 1e+010 1e+010 1e+010</IKRotLimits>
            <IKRotLimitOrder>0</IKRotLimitOrder>
            <KeyFrames count="60">
                <i>1 0 0 0 1 0 0 0 1 0 0 0</i>
                <i>1 0 0 0 1 0 0 0 1 0 0 0</i>
                <i>1 0 0 0 1 0 0 0 1 0 0 0</i>
                <i>1 0 0 0 1 0 0 0 1 0 0 0</i>
                <i>1 0 0 0 1 0 0 0 1 0 0 0</i>
                <i>1 0 0 0 1 0 0 0 1 0 0 0</i>
                <i>1 0 0 0 1 0 0 0 1 0 0 0</i>
                <i>1 0 0 0 1 0 0 0 1 0 0 0</i>
                <i>1 0 0 0 1 0 0 0 1 0 0 0</i>
                <i>1 0 0 0 1 0 0 0 1 0 0 0</i>
                <i>1 0 0 0 1 0 0 0 1 0 0 0</i>
                <i>1 0 0 0 1 0 0 0 1 0 0 0</i>
                <i>1 0 0 0 1 0 0 0 1 0 0 0</i>
                <i>1 0 0 0 1 0 0 0 1 0 0 0</i>
                <i>1 0 0 0 1 0 0 0 1 0 0 0</i>
                <i>1 0 0 0 1 0 0 0 1 0 0 0</i>
                <i>1 0 0 0 1 0 0 0 1 0 0 0</i>
                <i>1 0 0 0 1 0 0 0 1 0 0 0</i>
                <i>1 0 0 0 1 0 0 0 1 0 0 0</i>
                <i>1 0 0 0 1 0 0 0 1 0 0 0</i>
                <i>1 0 0 0 1 0 0 0 1 0 0 0</i>
                <i>1 0 0 0 1 0 0 0 1 0 0 0</i>
                <i>1 0 0 0 1 0 0 0 1 0 0 0</i>
                <i>1 0 0 0 1 0 0 0 1 0 0 0</i>
                <i>1 0 0 0 1 0 0 0 1 0 0 0</i>
                <i>1 0 0 0 1 0 0 0 1 0 0 0</i>
                <i>1 0 0 0 1 0 0 0 1 0 0 0</i>
                <i>1 0 0 0 1 0 0 0 1 0 0 0</i>
                <i>1 0 0 0 1 0 0 0 1 0 0 0</i>
                <i>1 0 0 0 1 0 0 0 1 0 0 0</i>
                <i>1 0 0 0 1 0 0 0 1 0 0 0</i>
                <i>1 0 0 0 1 0 0 0 1 0 0 0</i>
                <i>1 0 0 0 1 0 0 0 1 0 0 0</i>
                <i>1 0 0 0 1 0 0 0 1 0 0 0</i>
                <i>1 0 0 0 1 0 0 0 1 0 0 0</i>
                <i>1 0 0 0 1 0 0 0 1 0 0 0</i>
                <i>1 0 0 0 1 0 0 0 1 0 0 0</i>
                <i>1 0 0 0 1 0 0 0 1 0 0 0</i>
                <i>1 0 0 0 1 0 0 0 1 0 0 0</i>
                <i>1 0 0 0 1 0 0 0 1 0 0 0</i>
                <i>1 0 0 0 1 0 0 0 1 0 0 0</i>
                <i>1 0 0 0 1 0 0 0 1 0 0 0</i>
                <i>1 0 0 0 1 0 0 0 1 0 0 0</i>
                <i>1 0 0 0 1 0 0 0 1 0 0 0</i>
                <i>1 0 0 0 1 0 0 0 1 0 0 0</i>
                <i>1 0 0 0 1 0 0 0 1 0 0 0</i>
                <i>1 0 0 0 1 0 0 0 1 0 0 0</i>
                <i>1 0 0 0 1 0 0 0 1 0 0 0</i>
                <i>1 0 0 0 1 0 0 0 1 0 0 0</i>
                <i>1 0 0 0 1 0 0 0 1 0 0 0</i>
                <i>1 0 0 0 1 0 0 0 1 0 0 0</i>
                <i>1 0 0 0 1 0 0 0 1 0 0 0</i>
                <i>1 0 0 0 1 0 0 0 1 0 0 0</i>
                <i>1 0 0 0 1 0 0 0 1 0 0 0</i>
                <i>1 0 0 0 1 0 0 0 1 0 0 0</i>
                <i>1 0 0 0 1 0 0 0 1 0 0 0</i>
                <i>1 0 0 0 1 0 0 0 1 0 0 0</i>
                <i>1 0 0 0 1 0 0 0 1 0 0 0</i>
                <i>1 0 0 0 1 0 0 0 1 0 0 0</i>
                <i>1 0 0 0 1 0 0 0 1 0 0 0</i>
            </KeyFrames>
        </RefFrame>
        <Bones count="8">
            <i>
                <p>
                    <Name>
                        <![CDATA[parachute_root]]>
</Name>
                    <Exclude>0</Exclude>
                    <Additive>0</Additive>
                    <IKPriority>0</IKPriority>
                    <IKRotLimits>-1e+010 -1e+010 -1e+010 1e+010 1e+010 1e+010</IKRotLimits>
                    <IKRotLimitOrder>0</IKRotLimitOrder>
                    <KeyFrames count="60">
                        <i>1 0 0 0 1 0 0 0 1 0 1.38178 0</i>
                        <i>0.999987 -4.68889e-005 -0.0051336 5.77854e-005 0.999998 0.00212247 0.00513349 -0.00212274 0.999985 1.04655e-005 1.38178 -0.00165873</i>
                        <i>0.999953 -2.8016e-006 -0.00968373 4.69729e-005 0.99999 0.00456117 0.00968362 -0.00456141 0.999943 8.50728e-006 1.38178 -0.00350312</i>
                        <i>0.999907 0.000120722 -0.0136714 -2.17234e-005 0.999974 0.0072412 0.0136719 -0.00724023 0.99988 -3.93434e-006 1.38177 -0.00548305</i>
                        <i>0.999853 0.000312139 -0.0171176 -0.000139466 0.999949 0.0100877 0.0171198 -0.0100839 0.999803 -2.52587e-005 1.38177 -0.00754842</i>
                        <i>0.999799 0.00055991 -0.0200433 -0.000298838 0.999915 0.013026 0.0200489 -0.0130174 0.999714 -5.41227e-005 1.38176 -0.00964912</i>
                        <i>0.999747 0.000852501 -0.0224698 -0.000493423 0.999872 0.0159812 0.0224805 -0.0159661 0.99962 -8.9364e-005 1.38175 -0.011735</i>
                        <i>0.999701 0.00117839 -0.024418 -0.000717408 0.999822 0.0188788 0.0244358 -0.0188556 0.999524 -0.00012993 1.38175 -0.0137559</i>
                        <i>0.999663 0.00152604 -0.0259089 -0.000965232 0.999765 0.0216441 0.0259359 -0.0216118 0.99943 -0.000174814 1.38174 -0.0156618</i>
                        <i>0.999635 0.00188395 -0.0269638 -0.00123126 0.999706 0.0242025 0.0270015 -0.0241604 0.999343 -0.000222993 1.38172 -0.0174024</i>
                        <i>0.999616 0.0022406 -0.0276035 -0.00150946 0.999648 0.0264794 0.0276531 -0.0264276 0.999268 -0.000273379 1.38171 -0.0189275</i>
                        <i>0.999609 0.00258447 -0.0278492 -0.0017932 0.999595 0.0284004 0.0279113 -0.0283393 0.999209 -0.000324766 1.3817 -0.0201871</i>
                        <i>0.999611 0.00290405 -0.0277218 -0.00207493 0.999551 0.0298907 0.0277962 -0.0298216 0.999169 -0.000375791 1.3817 -0.021131</i>
                        <i>0.999624 0.00318782 -0.0272424 -0.00234604 0.99952 0.0308759 0.0273278 -0.0308004 0.999152 -0.000424893 1.38169 -0.021709</i>
                        <i>0.999645 0.00342426 -0.0264319 -0.00259668 0.999507 0.0312812 0.026526 -0.0312014 0.999161 -0.000470285 1.38169 -0.0218709</i>
                        <i>0.999673 0.00360185 -0.0253114 -0.00281556 0.999514 0.0310318 0.0254109 -0.0309504 0.999198 -0.000509927 1.38169 -0.0215667</i>
                        <i>0.999708 0.0037487 -0.0238755 -0.00302436 0.999536 0.0303025 0.023978 -0.0302215 0.999256 -0.000547743 1.38169 -0.020913</i>
                        <i>0.999748 0.00390009 -0.0221214 -0.00325041 0.999565 0.0293293 0.0222261 -0.0292499 0.999325 -0.000588683 1.3817 -0.0200689</i>
                        <i>0.99979 0.00405515 -0.0200733 -0.00348961 0.999598 0.0281291 0.0201793 -0.0280531 0.999403 -0.000632005 1.38171 -0.0190482</i>
                        <i>0.999833 0.00421302 -0.0177556 -0.00373769 0.999636 0.0267191 0.0178618 -0.0266482 0.999485 -0.000676935 1.38171 -0.0178648</i>
                        <i>0.999875 0.00437282 -0.0151929 -0.00399032 0.999677 0.0251164 0.0152978 -0.0250526 0.999569 -0.000722688 1.38172 -0.0165323</i>
                        <i>0.999913 0.0045337 -0.0124094 -0.00424319 0.999719 0.0233382 0.0125117 -0.0232835 0.999651 -0.000768485 1.38173 -0.0150647</i>
                        <i>0.999945 0.00469479 -0.00942956 -0.00449211 0.999761 0.0214017 0.00952778 -0.0213581 0.999726 -0.000813568 1.38173 -0.0134757</i>
                        <i>0.999969 0.00485522 -0.00627784 -0.0047331 0.999802 0.019324 0.00637042 -0.0192937 0.999794 -0.000857214 1.38174 -0.011779</i>
                        <i>0.999983 0.00501413 -0.00297867 -0.00496241 0.999841 0.0171224 0.00306406 -0.0171074 0.999849 -0.000898745 1.38175 -0.00998845</i>
                        <i>0.999987 0.00517064 0.000443505 -0.00517664 0.999877 0.0148142 -0.000366852 -0.0148163 0.99989 -0.000937543 1.38176 -0.00811782</i>
                        <i>0.999978 0.00532388 0.00396423 -0.00537274 0.999908 0.0124167 -0.00389776 -0.0124377 0.999915 -0.000973058 1.38176 -0.00618086</i>
                        <i>0.999956 0.005473 0.00755904 -0.00554808 0.999935 0.0099471 -0.0075041 -0.00998861 0.999922 -0.00100481 1.38177 -0.00419133</i>
                        <i>0.999921 0.00561713 0.0112034 -0.00570049 0.999956 0.00742287 -0.0111613 -0.00748615 0.99991 -0.00103242 1.38177 -0.00216297</i>
                        <i>0.999873 0.0057554 0.014873 -0.00582828 0.999971 0.00486132 -0.0148446 -0.00494738 0.999878 -0.00105556 1.38177 -0.000109536</i>
                        <i>0.999811 0.00588696 0.0185432 -0.00593024 0.99998 0.00227982 -0.0185294 -0.00238935 0.999825 -0.00107403 1.38177 0.00195522</i>
                        <i>0.999736 0.00601096 0.0221897 -0.00600568 0.999982 -0.000304275 -0.0221911 0.000170931 0.999754 -0.00108769 1.38177 0.00401755</i>
                        <i>0.999649 0.00612653 0.0257879 -0.00605441 0.999978 -0.0028736 -0.0258049 0.00271646 0.999663 -0.00109652 1.38177 0.00606369</i>
                        <i>0.999551 0.00623282 0.0293134 -0.00607674 0.999967 -0.00541083 -0.0293461 0.00523027 0.999556 -0.00110056 1.38177 0.0080799</i>
                        <i>0.999444 0.006329 0.0327417 -0.00607345 0.99995 -0.00789867 -0.0327901 0.00769542 0.999433 -0.00109997 1.38177 0.0100524</i>
                        <i>0.999329 0.00641422 0.0360486 -0.0060458 0.999928 -0.0103198 -0.0361122 0.010095 0.999297 -0.00109496 1.38177 0.0119675</i>
                        <i>0.99921 0.00648764 0.0392095 -0.00599547 0.999902 -0.0126571 -0.0392878 0.012412 0.999151 -0.00108584 1.38176 0.0138113</i>
                        <i>0.999088 0.00654843 0.0422001 -0.0059245 0.999872 -0.0148932 -0.0422922 0.0146296 0.998998 -0.00107299 1.38175 0.0155701</i>
                        <i>0.998965 0.00659575 0.044996 -0.00583529 0.999838 -0.0170111 -0.0451009 0.0167309 0.998842 -0.00105683 1.38175 0.0172301</i>
                        <i>0.998846 0.00662877 0.0475729 -0.00573049 0.999803 -0.0189936 -0.0476895 0.018699 0.998687 -0.00103785 1.38174 0.0187776</i>
                        <i>0.998732 0.00664665 0.0499065 -0.00561299 0.999767 -0.0208236 -0.0500333 0.020517 0.998537 -0.00101657 1.38174 0.0201986</i>
                        <i>0.998626 0.00664858 0.0519724 -0.00548579 0.999732 -0.0224841 -0.052108 0.0221681 0.998395 -0.000993533 1.38173 0.0214794</i>
                        <i>0.998533 0.00663372 0.0537464 -0.00535192 0.999699 -0.023958 -0.0538891 0.0236352 0.998267 -0.000969289 1.38172 0.0226063</i>
                        <i>0.998453 0.00660125 0.055204 -0.00521442 0.999668 -0.0252283 -0.0553522 0.0249015 0.998156 -0.000944385 1.38172 0.0235653</i>
                        <i>0.998391 0.00655032 0.0563211 -0.00507613 0.999642 -0.0262781 -0.0564731 0.0259499 0.998067 -0.000919339 1.38171 0.0243426</i>
                        <i>0.998349 0.0064801 0.0570733 -0.00493967 0.999621 -0.0270903 -0.0572272 0.0267636 0.998002 -0.000894625 1.38171 0.0249246</i>
                        <i>0.998344 0.00633385 0.0571736 -0.00476899 0.999611 -0.0274653 -0.0573254 0.0271471 0.997986 -0.000863714 1.38171 0.0251211</i>
                        <i>0.99839 0.00606757 0.0564 -0.00453527 0.999618 -0.0272569 -0.0565439 0.0269572 0.998036 -0.000821384 1.38171 0.0247916</i>
                        <i>0.99848 0.00569953 0.0548255 -0.00424952 0.999639 -0.026528 -0.0549569 0.0262547 0.998143 -0.000769633 1.38171 0.0239962</i>
                        <i>0.998606 0.00524796 0.052523 -0.00392071 0.999671 -0.025341 -0.0526387 0.0250998 0.998298 -0.000710082 1.38172 0.022795</i>
                        <i>0.99876 0.00473109 0.0495651 -0.00355653 0.999711 -0.0237587 -0.0496632 0.0235529 0.998488 -0.000644125 1.38173 0.0212482</i>
                        <i>0.998932 0.00416717 0.0460249 -0.0031642 0.999756 -0.0218433 -0.0461047 0.0216744 0.998701 -0.000573069 1.38173 0.019416</i>
                        <i>0.999112 0.00357447 0.0419752 -0.00275108 0.999803 -0.0196577 -0.0420372 0.0195248 0.998925 -0.000498248 1.38174 0.0173585</i>
                        <i>0.999293 0.00297131 0.0374888 -0.00232527 0.999848 -0.0172646 -0.0375344 0.0171652 0.999148 -0.000421131 1.38175 0.0151359</i>
                        <i>0.999464 0.00237601 0.0326387 -0.0018961 0.99989 -0.0147267 -0.0326701 0.0146569 0.999359 -0.000343404 1.38176 0.0128083</i>
                        <i>0.99962 0.00180696 0.0274982 -0.00147446 0.999926 -0.0121072 -0.027518 0.012062 0.999549 -0.00026704 1.38176 0.0104357</i>
                        <i>0.999754 0.00128256 0.0221402 -0.00107311 0.999955 -0.00946921 -0.0221514 0.00944312 0.99971 -0.000194352 1.38177 0.00807826</i>
                        <i>0.999861 0.000821235 0.0166381 -0.000706908 0.999976 -0.0068761 -0.0166434 0.00686339 0.999838 -0.000128028 1.38177 0.00579595</i>
                        <i>0.999939 0.000441415 0.0110651 -0.000392845 0.99999 -0.00439124 -0.011067 0.00438662 0.999929 -7.11484e-005 1.38178 0.00364879</i>
                        <i>0.999985 0.000161532 0.00549466 -0.000150115 0.999998 -0.00207807 -0.00549498 0.00207721 0.999983 -2.71874e-005 1.38178 0.0016968</i>
                    </KeyFrames>
                </p>
            </i>
            <i>
                <p>
                    <Name>
                        <![CDATA[rope_1]]>
</Name>
                    <Exclude>0</Exclude>
                    <Additive>0</Additive>
                    <IKPriority>0</IKPriority>
                    <IKRotLimits>-1e+010 -1e+010 -1e+010 1e+010 1e+010 1e+010</IKRotLimits>
                    <IKRotLimitOrder>0</IKRotLimitOrder>
                    <KeyFrames count="60">
                        <i>0.999211 0 0.0397259 0 1 0 -0.0397259 0 0.999211 0 6.31392 0</i>
                        <i>0.999366 -0.000133302 0.0355969 5.77854e-005 0.999998 0.00212247 -0.0355972 -0.00211907 0.999364 0.000615837 6.31391 0.00880808</i>
                        <i>0.999496 -0.000191738 0.0317433 4.69729e-005 0.99999 0.00456117 -0.0317439 -0.00455738 0.999486 0.00148094 6.31388 0.0189817</i>
                        <i>0.999606 -0.000181415 0.0280513 -2.17234e-005 0.999974 0.0072412 -0.0280519 -0.00723896 0.99958 0.00258899 6.3138 0.0301959</i>
                        <i>0.999702 -0.000106795 0.0244072 -0.000139466 0.999949 0.0100877 -0.0244071 -0.0100881 0.999651 0.00392407 6.31369 0.0421283</i>
                        <i>0.999786 2.91741e-005 0.0206973 -0.000298838 0.999915 0.013026 -0.0206952 -0.0130294 0.999701 0.00546305 6.31353 0.0544596</i>
                        <i>0.999859 0.00022477 0.016808 -0.000493423 0.999872 0.0159812 -0.0168022 -0.0159873 0.999731 0.0071777 6.31332 0.0668725</i>
                        <i>0.99992 0.000479082 0.0126255 -0.000717408 0.999822 0.0188788 -0.0126142 -0.0188863 0.999742 0.00903674 6.31308 0.0790515</i>
                        <i>0.999968 0.000793986 0.00791915 -0.000965232 0.999765 0.0216441 -0.0079001 -0.021651 0.999734 0.0110077 6.31281 0.0906824</i>
                        <i>0.999996 0.00116622 0.00270103 -0.00123126 0.999706 0.0242025 -0.00267201 -0.0242057 0.999703 0.0130585 6.31252 0.101452</i>
                        <i>0.999995 0.00158357 -0.0027779 -0.00150946 0.999648 0.0264794 0.00281886 -0.0264751 0.999645 0.015159 6.31224 0.111048</i>
                        <i>0.999964 0.00202873 -0.0082668 -0.0017932 0.999595 0.0284004 0.00832107 -0.0283845 0.999563 0.0172823 6.31199 0.119157</i>
                        <i>0.999906 0.00247982 -0.013515 -0.00207493 0.999551 0.0298907 0.013583 -0.0298599 0.999462 0.0194062 6.31177 0.125468</i>
                        <i>0.999829 0.0029112 -0.0182719 -0.00234604 0.99952 0.0308759 0.018353 -0.0308277 0.999356 0.0215138 6.31162 0.129667</i>
                        <i>0.999746 0.00329482 -0.0222874 -0.00259668 0.999507 0.0312812 0.0223795 -0.0312154 0.999262 0.0235945 6.31155 0.13144</i>
                        <i>0.999673 0.00360185 -0.0253114 -0.00281556 0.999514 0.0310318 0.0254109 -0.0309504 0.999198 0.0256451 6.31158 0.130473</i>
                        <i>0.999609 0.00386377 -0.0276809 -0.00302436 0.999536 0.0303025 0.0277851 -0.030207 0.999157 0.0274938 6.31166 0.127513</i>
                        <i>0.999547 0.0041247 -0.0297982 -0.00325041 0.999565 0.0293293 0.0299062 -0.0292191 0.999126 0.0289398 6.31175 0.123567</i>
                        <i>0.999494 0.00437598 -0.0315111 -0.00348961 0.999598 0.0281291 0.0316215 -0.0280049 0.999108 0.0299431 6.31185 0.118708</i>
                        <i>0.999456 0.00461018 -0.0326674 -0.00373769 0.999636 0.0267191 0.0327787 -0.0265824 0.999109 0.0304644 6.31195 0.113006</i>
                        <i>0.99944 0.00482137 -0.0331149 -0.00399032 0.999677 0.0251164 0.0332253 -0.0249702 0.999136 0.0304647 6.31206 0.106531</i>
                        <i>0.999453 0.00500546 -0.0327012 -0.00424319 0.999719 0.0233382 0.0328089 -0.0231867 0.999193 0.0299046 6.31218 0.0993519</i>
                        <i>0.999498 0.00516041 -0.031274 -0.00449211 0.999761 0.0214017 0.031377 -0.0212505 0.999282 0.0287446 6.31231 0.0915346</i>
                        <i>0.999575 0.00528636 -0.0286807 -0.0047331 0.999802 0.019324 0.0287772 -0.01918 0.999402 0.0269437 6.31245 0.0831447</i>
                        <i>0.999665 0.00539518 -0.0253218 -0.00496241 0.999841 0.0171224 0.0254102 -0.016991 0.999533 0.0244599 6.3126 0.0742463</i>
                        <i>0.999749 0.00549777 -0.021719 -0.00517664 0.999877 0.0148142 0.0217977 -0.0146981 0.999654 0.0212495 6.31276 0.0649022</i>
                        <i>0.999824 0.00559457 -0.0179009 -0.00537274 0.999908 0.0124167 0.0179688 -0.0123183 0.999763 0.0170484 6.31291 0.0551587</i>
                        <i>0.999887 0.00568605 -0.0138966 -0.00554808 0.999935 0.0099471 0.0139523 -0.00986888 0.999854 0.0117133 6.31304 0.0450613</i>
                        <i>0.999936 0.00577264 -0.00973483 -0.00570049 0.999956 0.00742287 0.00977726 -0.0073669 0.999925 0.0053787 6.31314 0.034672</i>
                        <i>0.999968 0.00585473 -0.00544449 -0.00582828 0.999971 0.00486132 0.00547279 -0.00482943 0.999973 -0.00182329 6.3132 0.0240546</i>
                        <i>0.999982 0.00593266 -0.0010545 -0.00593024 0.99998 0.00227982 0.00106801 -0.00227352 0.999997 -0.00976309 6.31323 0.0132754</i>
                        <i>0.999976 0.00600668 0.00340619 -0.00600568 0.999982 -0.000304275 -0.00340795 0.000283811 0.999994 -0.0183138 6.31322 0.00240303</i>
                        <i>0.99995 0.00607697 0.0079086 -0.00605441 0.999978 -0.0028736 -0.00792588 0.00282558 0.999965 -0.027351 6.31318 -0.00849111</i>
                        <i>0.999904 0.00614358 0.0124238 -0.00607674 0.999967 -0.00541083 -0.0124566 0.00533482 0.999908 -0.0367532 6.3131 -0.0193331</i>
                        <i>0.999838 0.00620644 0.0169228 -0.00607345 0.99995 -0.00789867 -0.0169709 0.0077946 0.999826 -0.0464011 6.31299 -0.0300462</i>
                        <i>0.999752 0.00626535 0.0213766 -0.0060458 0.999928 -0.0103198 -0.0214397 0.010188 0.999718 -0.0561783 6.31285 -0.040551</i>
                        <i>0.999648 0.00631998 0.0257562 -0.00599547 0.999902 -0.0126571 -0.0258337 0.0124982 0.999588 -0.0659705 6.31269 -0.0507656</i>
                        <i>0.999529 0.00636981 0.0300329 -0.0059245 0.999872 -0.0148932 -0.0301239 0.0147083 0.999438 -0.0756656 6.31252 -0.0606053</i>
                        <i>0.999395 0.00641419 0.0341775 -0.00583529 0.999838 -0.0170111 -0.0342811 0.0168014 0.999271 -0.0851535 6.31233 -0.0699834</i>
                        <i>0.999251 0.00645229 0.0381613 -0.00573049 0.999803 -0.0189936 -0.0382763 0.0187607 0.999091 -0.0943256 6.31213 -0.0788111</i>
                        <i>0.999098 0.0064831 0.0419554 -0.00561299 0.999767 -0.0208236 -0.0420806 0.0205693 0.998902 -0.103075 6.31194 -0.0869976</i>
                        <i>0.998942 0.00650544 0.045531 -0.00548579 0.999732 -0.0224841 -0.045665 0.0222105 0.99871 -0.111294 6.31175 -0.094451</i>
                        <i>0.998784 0.00651795 0.0488593 -0.00535192 0.999699 -0.023958 -0.0490007 0.0236674 0.998518 -0.118878 6.31159 -0.101078</i>
                        <i>0.99863 0.00651908 0.0519116 -0.00521442 0.999668 -0.0252283 -0.0520588 0.0249231 0.998333 -0.125719 6.31144 -0.106785</i>
                        <i>0.998484 0.0065071 0.0546591 -0.00507613 0.999642 -0.0262781 -0.0548105 0.0259608 0.998159 -0.131712 6.31133 -0.111477</i>
                        <i>0.998349 0.0064801 0.0570733 -0.00493967 0.999621 -0.0270903 -0.0572272 0.0267636 0.998002 -0.136747 6.31126 -0.115062</i>
                        <i>0.998233 0.0063854 0.0590692 -0.00476899 0.999611 -0.0274653 -0.0592216 0.0271351 0.997876 -0.140603 6.31141 -0.115257</i>
                        <i>0.998144 0.00618058 0.0605855 -0.00453527 0.999618 -0.0272569 -0.0607309 0.0269316 0.997791 -0.142991 6.31177 -0.111725</i>
                        <i>0.998082 0.0058784 0.0616294 -0.00424952 0.999639 -0.026528 -0.0617631 0.0262152 0.997747 -0.143692 6.31207 -0.107296</i>
                        <i>0.998048 0.00549127 0.0622075 -0.00392071 0.999671 -0.025341 -0.0623262 0.0250477 0.997741 -0.140755 6.31228 -0.102418</i>
                        <i>0.998043 0.00503182 0.0623267 -0.00355653 0.999711 -0.0237587 -0.0624282 0.0234905 0.997773 -0.133006 6.31253 -0.0958488</i>
                        <i>0.998066 0.00451333 0.0619937 -0.0031642 0.999756 -0.0218433 -0.0620772 0.021605 0.997838 -0.121383 6.3128 -0.0878965</i>
                        <i>0.998117 0.00395002 0.0612152 -0.00275108 0.999803 -0.0196577 -0.0612808 0.0194523 0.997931 -0.106828 6.31306 -0.0788673</i>
                        <i>0.998193 0.00335741 0.0599977 -0.00232527 0.999848 -0.0172646 -0.0600465 0.0170939 0.998049 -0.0902863 6.31331 -0.0690601</i>
                        <i>0.998293 0.00275243 0.0583477 -0.0018961 0.99989 -0.0147267 -0.0583818 0.0145909 0.998188 -0.0727101 6.31352 -0.0587606</i>
                        <i>0.998413 0.00215357 0.0562717 -0.00147446 0.999926 -0.0121072 -0.0562936 0.012005 0.998342 -0.0550598 6.31368 -0.0482361</i>
                        <i>0.998552 0.00158085 0.0537761 -0.00107311 0.999955 -0.00946921 -0.0537886 0.00939779 0.998508 -0.0383052 6.3138 -0.0377323</i>
                        <i>0.998705 0.00105579 0.0508672 -0.000706908 0.999976 -0.0068761 -0.0508733 0.00683124 0.998682 -0.0234266 6.31387 -0.0274714</i>
                        <i>0.998869 0.000601217 0.0475516 -0.000392845 0.99999 -0.00439124 -0.0475538 0.00436759 0.998859 -0.0114143 6.31391 -0.0176506</i>
                        <i>0.999039 0.000241065 0.0438357 -0.000150115 0.999998 -0.00207807 -0.0438361 0.00206949 0.999037 -0.00326892 6.31392 -0.00844328</i>
                    </KeyFrames>
                </p>
            </i>
            <i>
                <p>
                    <Name>
                        <![CDATA[rope_2]]>
</Name>
                    <Exclude>0</Exclude>
                    <Additive>0</Additive>
                    <IKPriority>0</IKPriority>
                    <IKRotLimits>-1e+010 -1e+010 -1e+010 1e+010 1e+010 1e+010</IKRotLimits>
                    <IKRotLimitOrder>0</IKRotLimitOrder>
                    <KeyFrames count="60">
                        <i>0.999211 0 0.0397259 0 1 0 -0.0397259 0 0.999211 0 8.96491 0</i>
                        <i>0.999499 0.000812692 0.0316377 -0.000890662 0.999997 0.00245044 -0.0316356 -0.00247739 0.999496 0.000769025 8.9649 0.0144347</i>
                        <i>0.999717 0.00151925 0.0237266 -0.00164508 0.999985 0.00528437 -0.0237182 -0.00532191 0.999704 0.00160546 8.96484 0.0310733</i>
                        <i>0.999871 0.00212791 0.0159025 -0.00226199 0.999962 0.00841844 -0.015884 -0.00845332 0.999838 0.0025314 8.96472 0.0493922</i>
                        <i>0.999964 0.00264717 0.00807468 -0.00274211 0.999927 0.0117699 -0.00804293 -0.0117917 0.999898 0.00355435 8.96454 0.0688708</i>
                        <i>0.999995 0.00308563 0.000152452 -0.00308759 0.999879 0.0152567 -0.000105357 -0.0152571 0.999884 0.00467083 8.96429 0.0889914</i>
                        <i>0.999962 0.00345158 -0.00795493 -0.00330155 0.999818 0.0187966 0.00801836 -0.0187696 0.999792 0.00586964 8.96397 0.109239</i>
                        <i>0.999859 0.0037526 -0.016338 -0.00338766 0.999745 0.0223079 0.0164176 -0.0222494 0.999618 0.0071349 8.96359 0.129099</i>
                        <i>0.999674 0.00399753 -0.0252043 -0.0033493 0.999664 0.0257089 0.0252986 -0.0256161 0.999352 0.00844887 8.96317 0.148061</i>
                        <i>0.999395 0.00418857 -0.0345178 -0.00319058 0.999577 0.028917 0.0346243 -0.0287894 0.998986 0.00979443 8.96274 0.165612</i>
                        <i>0.999022 0.00431757 -0.0440036 -0.00291674 0.999488 0.0318491 0.0441186 -0.0316896 0.998524 0.0111574 8.9623 0.181244</i>
                        <i>0.998564 0.00437005 -0.053387 -0.00253336 0.999404 0.0344227 0.0535056 -0.034238 0.99798 0.0125286 8.9619 0.194446</i>
                        <i>0.998042 0.00432582 -0.0623933 -0.00204607 0.99933 0.0365561 0.0625096 -0.0363569 0.997382 0.0139056 8.96157 0.204708</i>
                        <i>0.997486 0.00416008 -0.0707483 -0.00146034 0.99927 0.0381688 0.0708555 -0.0379695 0.996764 0.0152944 8.96134 0.211519</i>
                        <i>0.996932 0.00384492 -0.0781784 -0.000781217 0.999232 0.0391815 0.078269 -0.0390002 0.996169 0.0167107 8.96124 0.214366</i>
                        <i>0.996426 0.00335125 -0.0844099 -1.31171e-005 0.999219 0.0395163 0.0844764 -0.0393739 0.995647 0.0181811 8.96129 0.212738</i>
                        <i>0.99596 0.00272537 -0.0897547 0.000811307 0.999225 0.0393438 0.0897924 -0.0392577 0.995187 0.0194762 8.96142 0.207844</i>
                        <i>0.995514 0.00203288 -0.0945894 0.00165511 0.999242 0.0388947 0.0945967 -0.0388768 0.994756 0.020323 8.96159 0.201318</i>
                        <i>0.995113 0.00127528 -0.0987381 0.00250798 0.999268 0.0381826 0.0987145 -0.0382436 0.994381 0.0206922 8.96177 0.193277</i>
                        <i>0.994782 0.000455954 -0.102025 0.00335948 0.999301 0.0372219 0.101971 -0.0373705 0.994085 0.0205558 8.96197 0.183838</i>
                        <i>0.994548 -0.000419535 -0.104276 0.00419899 0.999342 0.036028 0.104192 -0.0362694 0.993896 0.0198864 8.96219 0.173115</i>
                        <i>0.994438 -0.00134314 -0.105314 0.00501583 0.999388 0.0346166 0.105203 -0.0349523 0.993836 0.018656 8.96242 0.161221</i>
                        <i>0.994473 -0.00230413 -0.104964 0.00579917 0.999438 0.0330045 0.104829 -0.0334308 0.993928 0.016836 8.96267 0.14827</i>
                        <i>0.994671 -0.00328899 -0.103051 0.00653821 0.999492 0.0312084 0.102895 -0.0317159 0.994186 0.0143963 8.96291 0.134372</i>
                        <i>0.994984 -0.00427218 -0.0999468 0.00722885 0.999546 0.029239 0.0997765 -0.0298148 0.994563 0.0113046 8.96317 0.119638</i>
                        <i>0.995353 -0.00522865 -0.0961476 0.00786902 0.999602 0.027103 0.0959676 -0.0277337 0.994998 0.00752627 8.96342 0.104175</i>
                        <i>0.995772 -0.00614309 -0.0916571 0.00845092 0.999656 0.0248122 0.0914732 -0.0254819 0.995481 0.00280531 8.96366 0.0880752</i>
                        <i>0.996229 -0.00699973 -0.0864798 0.00896675 0.999709 0.0223779 0.086298 -0.023069 0.996002 -0.00299463 8.96386 0.071431</i>
                        <i>0.996754 -0.00792525 -0.0801178 0.00953808 0.999759 0.0197681 0.0799418 -0.0204681 0.996589 -0.00973325 8.96401 0.0543499</i>
                        <i>0.99735 -0.00903044 -0.0721898 0.0102808 0.999803 0.0169672 0.0720224 -0.0176644 0.997247 -0.017274 8.96411 0.0369419</i>
                        <i>0.997968 -0.0102766 -0.0628759 0.0111785 0.999839 0.0140098 0.0627219 -0.0146842 0.997923 -0.0254841 8.96416 0.0193192</i>
                        <i>0.998561 -0.0116267 -0.0523572 0.0122151 0.999866 0.0109305 0.0522231 -0.0115544 0.998569 -0.0342348 8.96416 0.0015964</i>
                        <i>0.999082 -0.0130458 -0.0408161 0.0133734 0.99988 0.00776353 0.0407099 -0.00830225 0.999137 -0.0434012 8.96411 -0.016109</i>
                        <i>0.99949 -0.0145006 -0.0284363 0.0146355 0.999883 0.00454255 0.0283671 -0.00495641 0.999585 -0.0528625 8.964 -0.0336771</i>
                        <i>0.999754 -0.0159603 -0.015403 0.0159823 0.999871 0.00130099 0.0153802 -0.00154684 0.99988 -0.0625018 8.96385 -0.0509855</i>
                        <i>0.999847 -0.0173965 -0.00190245 0.0173929 0.999847 -0.00192815 0.0019357 0.00189476 0.999996 -0.0722057 8.96365 -0.0679088</i>
                        <i>0.999753 -0.018783 0.0118778 0.0188448 0.999809 -0.00511228 -0.0117796 0.00533485 0.999916 -0.0818644 8.96342 -0.0843194</i>
                        <i>0.999466 -0.0200959 0.02575 0.0203135 0.99976 -0.00821936 -0.0255787 0.00873805 0.999635 -0.0913714 8.96317 -0.100087</i>
                        <i>0.998991 -0.021314 0.0395259 0.0217729 0.9997 -0.0112179 -0.0392749 0.0120672 0.999156 -0.100623 8.96289 -0.11508</i>
                        <i>0.998342 -0.0224182 0.0530175 0.0231947 0.999632 -0.0140769 -0.0526824 0.0152833 0.998494 -0.109517 8.9626 -0.129163</i>
                        <i>0.997543 -0.0233916 0.0660373 0.0245488 0.999558 -0.0167662 -0.065616 0.0183461 0.997676 -0.117955 8.96231 -0.142201</i>
                        <i>0.996628 -0.0242195 0.0783988 0.0258036 0.999481 -0.0192559 -0.0778918 0.021214 0.996736 -0.125837 8.96203 -0.154056</i>
                        <i>0.995638 -0.0248886 0.0899164 0.026926 0.999406 -0.0215171 -0.0893274 0.0238443 0.995717 -0.133065 8.96178 -0.16459</i>
                        <i>0.994623 -0.0253871 0.100406 0.0278818 0.999334 -0.0235211 -0.099742 0.0261941 0.994668 -0.139542 8.96155 -0.173665</i>
                        <i>0.993634 -0.0257039 0.109684 0.0286358 0.999271 -0.0252396 -0.108956 0.0282199 0.993646 -0.145168 8.96137 -0.18114</i>
                        <i>0.992729 -0.0258284 0.11757 0.0291528 0.99922 -0.0266447 -0.11679 0.0298785 0.992707 -0.149842 8.96124 -0.186878</i>
                        <i>0.991969 -0.0258117 0.12382 0.0294357 0.999188 -0.0275279 -0.123009 0.0309515 0.991923 -0.153245 8.96137 -0.188067</i>
                        <i>0.991413 -0.0256922 0.128218 0.0294801 0.999181 -0.0277328 -0.127401 0.0312746 0.991358 -0.155014 8.96175 -0.183983</i>
                        <i>0.991165 -0.0251751 0.130223 0.0289695 0.999207 -0.0273259 -0.129432 0.030857 0.991108 -0.154957 8.9621 -0.177621</i>
                        <i>0.991274 -0.0240555 0.129602 0.0276994 0.999268 -0.0263873 -0.128872 0.0297469 0.991215 -0.151149 8.96239 -0.169596</i>
                        <i>0.991691 -0.0224317 0.126673 0.0257965 0.999355 -0.0249854 -0.126031 0.0280455 0.99163 -0.142434 8.96275 -0.158833</i>
                        <i>0.992351 -0.0203988 0.121753 0.0233897 0.999457 -0.0231864 -0.121214 0.0258568 0.99229 -0.129771 8.96314 -0.145803</i>
                        <i>0.993183 -0.0180512 0.115158 0.0206085 0.999566 -0.0210553 -0.114728 0.023285 0.993124 -0.114121 8.96353 -0.13098</i>
                        <i>0.994117 -0.015484 0.107203 0.0175824 0.999671 -0.0186566 -0.106879 0.0204318 0.994062 -0.0964506 8.96389 -0.114828</i>
                        <i>0.995084 -0.0127948 0.0982009 0.0144394 0.999767 -0.0160552 -0.0979726 0.0173942 0.995037 -0.0777367 8.96421 -0.0978009</i>
                        <i>0.996028 -0.0100844 0.0884664 0.0113058 0.999847 -0.0133167 -0.0883186 0.014264 0.99599 -0.0589686 8.96447 -0.0803321</i>
                        <i>0.996901 -0.0074572 0.078312 0.0083052 0.99991 -0.0105084 -0.0782266 0.0111262 0.996874 -0.0411501 8.96467 -0.0628351</i>
                        <i>0.997669 -0.00502162 0.06805 0.00555829 0.999955 -0.00769944 -0.0680082 0.00805974 0.997652 -0.0253006 8.9648 -0.0456998</i>
                        <i>0.998313 -0.00288963 0.0579915 0.00318267 0.999983 -0.00496152 -0.0579762 0.00513771 0.998305 -0.0124558 8.96487 -0.0292917</i>
                        <i>0.998825 -0.00117648 0.0484471 0.00129278 0.999996 -0.00236913 -0.0484441 0.00242897 0.998823 -0.00366688 8.9649 -0.0139522</i>
                    </KeyFrames>
                </p>
            </i>
            <i>
                <p>
                    <Name>
                        <![CDATA[r_chute]]>
</Name>
                    <Exclude>0</Exclude>
                    <Additive>0</Additive>
                    <IKPriority>0</IKPriority>
                    <IKRotLimits>-1e+010 -1e+010 -1e+010 1e+010 1e+010 1e+010</IKRotLimits>
                    <IKRotLimitOrder>0</IKRotLimitOrder>
                    <KeyFrames count="60">
                        <i>1 0 0 0 1 0 0 0 1 -3 11 0</i>
                        <i>0.999857 0.0161353 -0.00509858 -0.016145 0.999868 -0.00185563 0.00506796 0.00193768 0.999985 -2.99939 11.0001 0.0341564</i>
                        <i>0.999374 0.0340597 -0.00952274 -0.0340954 0.999412 -0.00361505 0.00939402 0.00393747 0.999948 -2.9994 10.9999 0.0694184</i>
                        <i>0.998491 0.0532888 -0.013267 -0.0533629 0.998561 -0.00529314 0.0129659 0.00599312 0.999898 -2.99993 10.9994 0.105179</i>
                        <i>0.997173 0.0733369 -0.0163352 -0.0734576 0.997274 -0.00691628 0.0157834 0.00809667 0.999843 -3.00093 10.9986 0.14083</i>
                        <i>0.995422 0.093718 -0.0187425 -0.09389 0.995546 -0.0085188 0.0178607 0.0102395 0.999788 -3.00233 10.9975 0.175768</i>
                        <i>0.993275 0.113948 -0.0205178 -0.114173 0.993409 -0.0101395 0.0192272 0.0124139 0.999738 -3.00408 10.9962 0.209385</i>
                        <i>0.990805 0.133548 -0.0217034 -0.133824 0.990935 -0.0118182 0.0199283 0.014614 0.999695 -3.00613 10.9947 0.241078</i>
                        <i>0.988121 0.152043 -0.0223546 -0.152367 0.98823 -0.013593 0.0200248 0.0168376 0.999658 -3.00845 10.9931 0.270242</i>
                        <i>0.985364 0.168967 -0.0225388 -0.169334 0.985437 -0.0154971 0.019592 0.0190868 0.999626 -3.01097 10.9915 0.296274</i>
                        <i>0.982699 0.18386 -0.0223321 -0.184263 0.98272 -0.0175576 0.0187181 0.0213688 0.999596 -3.01364 10.9898 0.318568</i>
                        <i>0.980307 0.19627 -0.0218168 -0.196702 0.980264 -0.0197937 0.0175013 0.0236953 0.999566 -3.0164 10.9883 0.336522</i>
                        <i>0.978378 0.205748 -0.0210769 -0.206201 0.978257 -0.0222167 0.0160476 0.0260824 0.999531 -3.01917 10.9869 0.34953</i>
                        <i>0.977094 0.211848 -0.0201939 -0.212315 0.976886 -0.0248299 0.014467 0.0285486 0.999488 -3.02186 10.9857 0.356989</i>
                        <i>0.976618 0.214118 -0.0192412 -0.214595 0.976312 -0.0276298 0.0128693 0.0311128 0.999433 -3.02438 10.9849 0.358294</i>
                        <i>0.977078 0.212096 -0.0182786 -0.212579 0.976664 -0.0306075 0.0113603 0.0337915 0.999364 -3.02661 10.9844 0.352838</i>
                        <i>0.9784 0.205999 -0.0172473 -0.20648 0.977877 -0.0334993 0.00996495 0.0363369 0.99929 -3.02876 10.9842 0.34217</i>
                        <i>0.980398 0.196371 -0.0160574 -0.196836 0.979776 -0.0359723 0.00866878 0.0384278 0.999224 -3.0311 10.984 0.32839</i>
                        <i>0.982869 0.183717 -0.0146885 -0.184152 0.982167 -0.0378998 0.00746372 0.0399555 0.999174 -3.03357 10.9839 0.311723</i>
                        <i>0.985606 0.168547 -0.0131199 -0.16894 0.984837 -0.0394273 0.00627565 0.0410763 0.999136 -3.03613 10.9838 0.292392</i>
                        <i>0.988412 0.151372 -0.0113331 -0.151713 0.987584 -0.0407676 0.00502133 0.0420145 0.999104 -3.03873 10.9837 0.270621</i>
                        <i>0.991111 0.132714 -0.00931368 -0.13299 0.990231 -0.0418954 0.00366258 0.0427616 0.999079 -3.04132 10.9836 0.246636</i>
                        <i>0.993559 0.1131 -0.00705273 -0.113299 0.992639 -0.0427888 0.00216138 0.0433122 0.999059 -3.04385 10.9836 0.220659</i>
                        <i>0.99565 0.0930661 -0.00454806 -0.0931759 0.994702 -0.0434303 0.000482072 0.0436651 0.999046 -3.04629 10.9835 0.192917</i>
                        <i>0.997319 0.0731527 -0.00180466 -0.0731614 0.996357 -0.0438086 -0.00140662 0.0438232 0.999038 -3.04858 10.9834 0.163635</i>
                        <i>0.998545 0.0539049 0.00116512 -0.0538018 0.997585 -0.0439196 -0.00352979 0.043793 0.999034 -3.05069 10.9833 0.133038</i>
                        <i>0.999347 0.0358693 0.00434171 -0.0356454 0.998406 -0.0437682 -0.00590473 0.0435848 0.999032 -3.05258 10.9831 0.101353</i>
                        <i>0.999778 0.019592 0.00769874 -0.0192404 0.998874 -0.0433687 -0.00853975 0.043211 0.99903 -3.05424 10.9829 0.068805</i>
                        <i>0.999921 0.00561713 0.0112034 -0.00513342 0.999073 -0.0427461 -0.0114332 0.0426853 0.999023 -3.05563 10.9827 0.0356215</i>
                        <i>0.999863 -0.00740161 0.0148078 0.00801653 0.999089 -0.041908 -0.0144841 0.042021 0.999012 -3.05673 10.9825 0.00202864</i>
                        <i>0.999608 -0.0210586 0.0184751 0.0217991 0.998928 -0.0408403 -0.0175952 0.041227 0.998995 -3.05754 10.9821 -0.0317467</i>
                        <i>0.999135 -0.0351837 0.0221834 0.0360418 0.998568 -0.039546 -0.0207602 0.0403113 0.998971 -3.05806 10.9818 -0.0654781</i>
                        <i>0.998433 -0.0496066 0.0259079 0.0505717 0.997996 -0.0380319 -0.0239694 0.0392825 0.998941 -3.05828 10.9814 -0.0989388</i>
                        <i>0.9975 -0.0641565 0.0296215 0.0652161 0.99721 -0.036309 -0.0272094 0.03815 0.998901 -3.0582 10.981 -0.131903</i>
                        <i>0.996345 -0.0786635 0.0332945 0.0798027 0.996217 -0.0343919 -0.0304632 0.0369232 0.998854 -3.05785 10.9805 -0.164144</i>
                        <i>0.994986 -0.092958 0.0368955 0.0941601 0.995033 -0.0322999 -0.0337097 0.035612 0.998797 -3.05723 10.9801 -0.195437</i>
                        <i>0.993452 -0.106872 0.0403913 0.108118 0.993684 -0.0300557 -0.0369241 0.0342259 0.998732 -3.05638 10.9796 -0.225556</i>
                        <i>0.991781 -0.120237 0.0437474 0.12151 0.992204 -0.0276861 -0.0400775 0.0327743 0.998659 -3.05532 10.9791 -0.254277</i>
                        <i>0.990019 -0.132889 0.0469285 0.134168 0.990638 -0.0252212 -0.0431375 0.0312658 0.99858 -3.05408 10.9786 -0.281374</i>
                        <i>0.988222 -0.144664 0.0498984 0.145929 0.989035 -0.0226941 -0.0460682 0.0297085 0.998496 -3.05269 10.9782 -0.306626</i>
                        <i>0.986449 -0.155399 0.0526206 0.156632 0.987452 -0.0201403 -0.0488306 0.0281094 0.998411 -3.0512 10.9778 -0.329807</i>
                        <i>0.984767 -0.164935 0.0550588 0.166116 0.985949 -0.0175967 -0.0513829 0.0264749 0.998328 -3.04964 10.9774 -0.350695</i>
                        <i>0.983241 -0.17311 0.0571765 0.174226 0.98459 -0.0151016 -0.0536812 0.0248101 0.99825 -3.04804 10.9771 -0.369066</i>
                        <i>0.981942 -0.179767 0.0589378 0.180803 0.983437 -0.0126926 -0.0556799 0.0231195 0.998181 -3.04646 10.9769 -0.384699</i>
                        <i>0.980934 -0.184748 0.0603071 0.185693 0.982553 -0.0104068 -0.0573323 0.0214069 0.998126 -3.04492 10.9768 -0.397369</i>
                        <i>0.980278 -0.187892 0.0612496 0.188738 0.981993 -0.00827856 -0.0585912 0.0196754 0.998088 -3.04345 10.9768 -0.406856</i>
                        <i>0.980035 -0.189097 0.061438 0.189827 0.981798 -0.00621127 -0.0591452 0.0177498 0.998092 -3.04177 10.9772 -0.410567</i>
                        <i>0.980576 -0.186545 0.0605933 0.18714 0.982324 -0.00424638 -0.0587301 0.0155033 0.998154 -3.03961 10.9781 -0.406572</i>
                        <i>0.982087 -0.179022 0.0587818 0.179477 0.983759 -0.00250845 -0.0573781 0.0130135 0.998268 -3.03708 10.9794 -0.395632</i>
                        <i>0.984302 -0.167336 0.0561079 0.167669 0.985843 -0.00124748 -0.0551049 0.0106355 0.998424 -3.03424 10.981 -0.37851</i>
