<?xml version="1.0" encoding="ISO-8859-1" ?>
<Animl Version="1">
    <ModellingPackage>
        <![CDATA[Maya.2010]]>
</ModellingPackage>
    <SrcFile>
        <![CDATA[anims\characters\red\~src\paratrooper\paratrooper_deploy.mb]]>
</SrcFile>
    <FramesPerSecond>30</FramesPerSecond>
    <TotalFrames>31</TotalFrames>
    <Skeleton>
        <RefFrame>
            <Name>
                <![CDATA[parachute_ref_frame]]>
</Name>
            <Exclude>0</Exclude>
            <Additive>0</Additive>
            <IKPriority>0</IKPriority>
            <IKRotLimits>-1e+010 -1e+010 -1e+010 1e+010 1e+010 1e+010</IKRotLimits>
            <IKRotLimitOrder>0</IKRotLimitOrder>
            <KeyFrames count="31">
                <i>1 0 0 0 1 0 0 0 1 0 0 0</i>
                <i>1 0 0 0 1 0 0 0 1 0 0 0</i>
                <i>1 0 0 0 1 0 0 0 1 0 0 0</i>
                <i>1 0 0 0 1 0 0 0 1 0 0 0</i>
                <i>1 0 0 0 1 0 0 0 1 0 0 0</i>
                <i>1 0 0 0 1 0 0 0 1 0 0 0</i>
                <i>1 0 0 0 1 0 0 0 1 0 0 0</i>
                <i>1 0 0 0 1 0 0 0 1 0 0 0</i>
                <i>1 0 0 0 1 0 0 0 1 0 0 0</i>
                <i>1 0 0 0 1 0 0 0 1 0 0 0</i>
                <i>1 0 0 0 1 0 0 0 1 0 0 0</i>
                <i>1 0 0 0 1 0 0 0 1 0 0 0</i>
                <i>1 0 0 0 1 0 0 0 1 0 0 0</i>
                <i>1 0 0 0 1 0 0 0 1 0 0 0</i>
                <i>1 0 0 0 1 0 0 0 1 0 0 0</i>
                <i>1 0 0 0 1 0 0 0 1 0 0 0</i>
                <i>1 0 0 0 1 0 0 0 1 0 0 0</i>
                <i>1 0 0 0 1 0 0 0 1 0 0 0</i>
                <i>1 0 0 0 1 0 0 0 1 0 0 0</i>
                <i>1 0 0 0 1 0 0 0 1 0 0 0</i>
                <i>1 0 0 0 1 0 0 0 1 0 0 0</i>
                <i>1 0 0 0 1 0 0 0 1 0 0 0</i>
                <i>1 0 0 0 1 0 0 0 1 0 0 0</i>
                <i>1 0 0 0 1 0 0 0 1 0 0 0</i>
                <i>1 0 0 0 1 0 0 0 1 0 0 0</i>
                <i>1 0 0 0 1 0 0 0 1 0 0 0</i>
                <i>1 0 0 0 1 0 0 0 1 0 0 0</i>
                <i>1 0 0 0 1 0 0 0 1 0 0 0</i>
                <i>1 0 0 0 1 0 0 0 1 0 0 0</i>
                <i>1 0 0 0 1 0 0 0 1 0 0 0</i>
                <i>1 0 0 0 1 0 0 0 1 0 0 0</i>
            </KeyFrames>
        </RefFrame>
        <Bones count="8">
            <i>
                <p>
                    <Name>
                        <![CDATA[parachute_root]]>
</Name>
                    <Exclude>0</Exclude>
                    <Additive>0</Additive>
                    <IKPriority>0</IKPriority>
                    <IKRotLimits>-1e+010 -1e+010 -1e+010 1e+010 1e+010 1e+010</IKRotLimits>
                    <IKRotLimitOrder>0</IKRotLimitOrder>
                    <KeyFrames count="31">
                        <i>1 0 0 0 1 0 0 0 1 0 1.38178 0</i>
                        <i>0.999987 -4.68889e-005 -0.0051336 5.77854e-005 0.999998 0.00212247 0.00513349 -0.00212274 0.999985 1.04655e-005 1.38178 -0.00165873</i>
                        <i>0.999953 -2.8016e-006 -0.00968373 4.69729e-005 0.99999 0.00456117 0.00968362 -0.00456141 0.999943 8.50728e-006 1.38178 -0.00350312</i>
                        <i>0.999907 0.000120722 -0.0136714 -2.17234e-005 0.999974 0.0072412 0.0136719 -0.00724023 0.99988 -3.93434e-006 1.38177 -0.00548305</i>
                        <i>0.999853 0.000312139 -0.0171176 -0.000139466 0.999949 0.0100877 0.0171198 -0.0100839 0.999803 -2.52587e-005 1.38177 -0.00754842</i>
                        <i>0.999799 0.00055991 -0.0200433 -0.000298838 0.999915 0.013026 0.0200489 -0.0130174 0.999714 -5.41227e-005 1.38176 -0.00964912</i>
                        <i>0.999747 0.000852501 -0.0224698 -0.000493423 0.999872 0.0159812 0.0224805 -0.0159661 0.99962 -8.9364e-005 1.38175 -0.011735</i>
                        <i>0.999701 0.00117839 -0.024418 -0.000717408 0.999822 0.0188788 0.0244358 -0.0188556 0.999524 -0.00012993 1.38175 -0.0137559</i>
                        <i>0.999663 0.00152604 -0.0259089 -0.000965232 0.999765 0.0216441 0.0259359 -0.0216118 0.99943 -0.000174814 1.38174 -0.0156618</i>
                        <i>0.999635 0.00188395 -0.0269638 -0.00123126 0.999706 0.0242025 0.0270015 -0.0241604 0.999343 -0.000222993 1.38172 -0.0174024</i>
                        <i>0.999616 0.0022406 -0.0276035 -0.00150946 0.999648 0.0264794 0.0276531 -0.0264276 0.999268 -0.000273379 1.38171 -0.0189275</i>
                        <i>0.999609 0.00258447 -0.0278492 -0.0017932 0.999595 0.0284004 0.0279113 -0.0283393 0.999209 -0.000324766 1.3817 -0.0201871</i>
                        <i>0.999611 0.00290405 -0.0277218 -0.00207493 0.999551 0.0298907 0.0277962 -0.0298216 0.999169 -0.000375791 1.3817 -0.021131</i>
                        <i>0.999624 0.00318782 -0.0272424 -0.00234604 0.99952 0.0308759 0.0273278 -0.0308004 0.999152 -0.000424893 1.38169 -0.021709</i>
                        <i>0.999645 0.00342426 -0.0264319 -0.00259668 0.999507 0.0312812 0.026526 -0.0312014 0.999161 -0.000470285 1.38169 -0.0218709</i>
                        <i>0.999673 0.00360185 -0.0253114 -0.00281556 0.999514 0.0310318 0.0254109 -0.0309504 0.999198 -0.000509927 1.38169 -0.0215667</i>
                        <i>0.999708 0.0037487 -0.0238755 -0.00302436 0.999536 0.0303025 0.023978 -0.0302215 0.999256 -0.000547743 1.38169 -0.020913</i>
                        <i>0.999748 0.00390009 -0.0221214 -0.00325041 0.999565 0.0293293 0.0222261 -0.0292499 0.999325 -0.000588683 1.3817 -0.0200689</i>
                        <i>0.99979 0.00405515 -0.0200733 -0.00348961 0.999598 0.0281291 0.0201793 -0.0280531 0.999403 -0.000632005 1.38171 -0.0190482</i>
                        <i>0.999833 0.00421302 -0.0177556 -0.00373769 0.999636 0.0267191 0.0178618 -0.0266482 0.999485 -0.000676935 1.38171 -0.0178648</i>
                        <i>0.999875 0.00437282 -0.0151929 -0.00399032 0.999677 0.0251164 0.0152978 -0.0250526 0.999569 -0.000722688 1.38172 -0.0165323</i>
                        <i>0.999913 0.0045337 -0.0124094 -0.00424319 0.999719 0.0233382 0.0125117 -0.0232835 0.999651 -0.000768485 1.38173 -0.0150647</i>
                        <i>0.999945 0.00469479 -0.00942956 -0.00449211 0.999761 0.0214017 0.00952778 -0.0213581 0.999726 -0.000813568 1.38173 -0.0134757</i>
                        <i>0.999969 0.00485522 -0.00627784 -0.0047331 0.999802 0.019324 0.00637042 -0.0192937 0.999794 -0.000857214 1.38174 -0.011779</i>
                        <i>0.999983 0.00501413 -0.00297867 -0.00496241 0.999841 0.0171224 0.00306406 -0.0171074 0.999849 -0.000898745 1.38175 -0.00998845</i>
                        <i>0.999987 0.00517064 0.000443505 -0.00517664 0.999877 0.0148142 -0.000366852 -0.0148163 0.99989 -0.000937543 1.38176 -0.00811782</i>
                        <i>0.999978 0.00532388 0.00396423 -0.00537274 0.999908 0.0124167 -0.00389776 -0.0124377 0.999915 -0.000973058 1.38176 -0.00618086</i>
                        <i>0.999956 0.005473 0.00755904 -0.00554808 0.999935 0.0099471 -0.0075041 -0.00998861 0.999922 -0.00100481 1.38177 -0.00419133</i>
                        <i>0.999921 0.00561713 0.0112034 -0.00570049 0.999956 0.00742287 -0.0111613 -0.00748615 0.99991 -0.00103242 1.38177 -0.00216297</i>
                        <i>0.999873 0.0057554 0.014873 -0.00582828 0.999971 0.00486132 -0.0148446 -0.00494738 0.999878 -0.00105556 1.38177 -0.000109536</i>
                        <i>0.999811 0.00588696 0.0185432 -0.00593024 0.99998 0.00227982 -0.0185294 -0.00238935 0.999825 -0.00107403 1.38177 0.00195522</i>
                    </KeyFrames>
                </p>
            </i>
            <i>
                <p>
                    <Name>
                        <![CDATA[rope_1]]>
</Name>
                    <Exclude>0</Exclude>
                    <Additive>0</Additive>
                    <IKPriority>0</IKPriority>
                    <IKRotLimits>-1e+010 -1e+010 -1e+010 1e+010 1e+010 1e+010</IKRotLimits>
                    <IKRotLimitOrder>0</IKRotLimitOrder>
                    <KeyFrames count="31">
                        <i>0.0139278 0 0 0 0.032853 0 0 0 0.032853 0 2.14251 0</i>
                        <i>0.0242364 -1.54382e-006 6.75179e-005 2.22525e-006 0.0397876 0.000110973 -0.000105059 -0.000105171 0.0377097 0.00150614 2.1966 0.00106769</i>
                        <i>0.0528405 -5.66329e-006 0.000697444 1.02402e-006 0.0595598 0.000406046 -0.000680968 -0.000351696 0.0515893 0.00545483 2.34572 0.00424104</i>
                        <i>0.0962548 -1.2825e-005 0.00205983 -1.00228e-005 0.0906212 0.00103259 -0.00157207 -0.000837185 0.073457 0.0112214 2.57009 0.00922712</i>
                        <i>0.151029 -7.39729e-006 0.00282128 -3.24303e-005 0.131423 0.00208064 -0.0019111 -0.00162007 0.102301 0.0181455 2.84996 0.0156034</i>
                        <i>0.213697 4.31176e-005 0.00159274 -6.25419e-005 0.180417 0.00350708 -0.00102127 -0.0026653 0.137094 0.0255516 3.16559 0.0227251</i>
                        <i>0.280737 0.00017054 -0.0020021 -0.000107166 0.236062 0.00508086 0.00126304 -0.00380438 0.176782 0.0327655 3.49723 0.0296623</i>
                        <i>0.348629 0.000384891 -0.00713568 -0.000197712 0.296822 0.00635062 0.00451458 -0.00471074 0.220316 0.0391269 3.82518 0.0351663</i>
                        <i>0.413948 0.000642777 -0.0112303 -0.000532455 0.361222 0.00104862 0.00723805 -0.000763702 0.266749 0.0433962 4.13023 0.0143768</i>
                        <i>0.473301 0.000880575 -0.0122947 -0.00155705 0.426559 -0.0293899 0.00812291 0.0216819 0.314256 0.0435075 4.39412 -0.0860033</i>
                        <i>0.523029 0.00124273 -0.0171002 -0.00250584 0.492695 -0.0408381 0.0117874 0.0301249 0.362721 0.0442902 4.59449 -0.0886656</i>
                        <i>0.56421 0.00177062 -0.0266956 -0.00381405 0.55842 -0.0435719 0.0200387 0.0333553 0.42573 0.0466686 4.73601 -0.0114181</i>
                        <i>0.601186 0.00214879 -0.0301234 -0.00443939 0.621658 -0.0442541 0.0254016 0.0364549 0.509551 0.0444543 4.8411 0.0663705</i>
                        <i>0.634382 0.00245203 -0.0311755 -0.00473368 0.680834 -0.0427752 0.0294577 0.0380534 0.60242 0.0327199 4.93211 0.0896158</i>
                        <i>0.664259 0.00271112 -0.0314858 -0.0048567 0.734359 -0.0392296 0.0326744 0.0372117 0.692541 0.0179186 5.02852 0.0981245</i>
                        <i>0.691358 0.00291199 -0.0310655 -0.00481211 0.780638 -0.0339178 0.0343738 0.0335862 0.76813 0.0018286 5.15057 0.103431</i>
                        <i>0.716217 0.0030742 -0.0299209 -0.00464426 0.818085 -0.0271159 0.0340302 0.0272859 0.817385 -0.0153869 5.32471 0.107074</i>
                        <i>0.740986 0.00323488 -0.0281274 -0.0044361 0.84876 -0.0192501 0.0320964 0.0193956 0.847776 -0.0336204 5.57681 0.110703</i>
                        <i>0.767116 0.00340212 -0.0257319 -0.00425007 0.875891 -0.0108973 0.0292936 0.0110253 0.874754 -0.052403 5.85604 0.112968</i>
                        <i>0.794091 0.00357596 -0.0227026 -0.00412386 0.899666 -0.00253477 0.0256751 0.00264912 0.898482 -0.0711836 6.10229 0.112477</i>
                        <i>0.821396 0.00375658 -0.0190207 -0.00408521 0.920289 0.00533927 0.0213081 -0.00523802 0.91914 -0.0893495 6.25541 0.108212</i>
                        <i>0.848513 0.0039442 -0.0146837 -0.00414863 0.937975 0.0122172 0.01627 -0.0121315 0.936922 -0.106442 6.30578 0.100824</i>
                        <i>0.874925 0.00413901 -0.00970733 -0.00431295 0.952953 0.0175915 0.0106457 -0.0175263 0.95203 -0.122243 6.2986 0.0923199</i>
                        <i>0.900115 0.00433675 -0.00390998 -0.00456072 0.965454 0.0209095 0.00429098 -0.0208724 0.964675 -0.136462 6.25584 0.0866546</i>
                        <i>0.923559 0.00451884 0.00379399 -0.00486318 0.9757 0.0217194 -0.00389921 -0.0217243 0.975048 -0.148876 6.19952 0.0870115</i>
                        <i>0.944707 0.00469711 0.013087 -0.00517482 0.983881 0.020424 -0.0135197 -0.0204828 0.983288 -0.143308 6.15205 0.0777656</i>
                        <i>0.963027 0.00488496 0.0233215 -0.00544807 0.990173 0.0175664 -0.0238737 -0.0176865 0.989534 -0.122144 6.13535 0.0657829</i>
                        <i>0.97801 0.00509053 0.0337662 -0.00565146 0.994748 0.0137234 -0.034244 -0.0139069 0.993946 -0.0966336 6.16658 0.0527933</i>
                        <i>0.989176 0.0053152 0.0436254 -0.00578004 0.997782 0.00949152 -0.0439058 -0.00973576 0.99672 -0.066162 6.22755 0.0388671</i>
                        <i>0.996078 0.00555248 0.0520655 -0.00585754 0.999461 0.00547556 -0.0521383 -0.0057736 0.998086 -0.0407243 6.28704 0.025211</i>
                        <i>0.998285 0.0057874 0.0582476 -0.00593024 0.99998 0.00227982 -0.0582332 -0.00262133 0.9983 -0.0303228 6.31382 0.0131996</i>
                    </KeyFrames>
                </p>
            </i>
            <i>
                <p>
                    <Name>
                        <![CDATA[rope_2]]>
</Name>
                    <Exclude>0</Exclude>
                    <Additive>0</Additive>
                    <IKPriority>0</IKPriority>
                    <IKRotLimits>-1e+010 -1e+010 -1e+010 1e+010 1e+010 1e+010</IKRotLimits>
                    <IKRotLimitOrder>0</IKRotLimitOrder>
                    <KeyFrames count="31">
                        <i>0.0139278 0 0 0 0.032853 0 0 0 0.032853 0 2.2296 0</i>
                        <i>0.0242365 2.78648e-005 -3.12051e-005 -1.54222e-005 0.0397877 2.12127e-005 -4.15928e-005 -1.04454e-005 0.0377101 0.00151513 2.30193 0.00124521</i>
                        <i>0.0528428 4.88126e-005 0.000538846 -4.13577e-005 0.0595613 -9.09843e-005 -0.000518555 0.000221518 0.0515915 0.0054839 2.50275 0.004736</i>
                        <i>0.0962893 4.0407e-005 0.00191408 -3.59465e-005 0.090625 -0.000503174 -0.00138001 0.00105541 0.0734375 0.011285 2.8076 0.0102827</i>
                        <i>0.151091 -3.03707e-005 0.0028226 6.15071e-005 0.131419 -0.00153471 -0.0019098 0.00302239 0.102252 0.0182183 3.19186 0.0174062</i>
                        <i>0.213711 -0.000189995 0.00190638 0.000285068 0.18036 -0.00364002 -0.00150346 0.00673728 0.137038 0.0254995 3.63107 0.0252122</i>
                        <i>0.280761 -0.000460736 -0.00125106 0.000619194 0.235829 -0.00737991 9.29698e-005 0.0128125 0.17663 0.0322708 4.10103 0.0323342</i>
                        <i>0.348866 -0.000869481 -0.0059753 0.00100562 0.296166 -0.013379 0.00272895 0.0217868 0.219815 0.0376419 4.57798 0.0369291</i>
                        <i>0.414404 -0.00145174 -0.00992901 0.0012902 0.359192 -0.0278249 0.00535875 0.0382037 0.265072 0.0398221 5.03904 -0.000643951</i>
                        <i>0.473714 -0.00225517 -0.011357 0.00108194 0.422126 -0.0689941 0.00718522 0.0747291 0.306613 0.0355955 5.45932 -0.178357</i>
                        <i>0.523543 -0.00341043 -0.0187206 0.00016599 0.486269 -0.0923709 0.0147019 0.0987706 0.350771 0.0306737 5.82056 -0.203736</i>
                        <i>0.564368 -0.00509734 -0.0381141 -0.00337345 0.548959 -0.109407 0.0354064 0.118349 0.410504 0.0222657 6.12837 -0.10435</i>
                        <i>0.599498 -0.00726169 -0.0572578 -0.00681427 0.608797 -0.127485 0.0574632 0.137089 0.491339 0.00965719 6.39883 0.0208401</i>
                        <i>0.630812 -0.00911735 -0.0736354 -0.00918322 0.665372 -0.144003 0.0741683 0.151941 0.581978 -0.00949723 6.64684 0.099292</i>
                        <i>0.660265 -0.0100699 -0.0789344 -0.00898509 0.71783 -0.155548 0.0783153 0.160156 0.672001 -0.0262103 6.8838 0.141905</i>
                        <i>0.687796 -0.0112432 -0.0762993 -0.00634906 0.764998 -0.157807 0.0755735 0.158978 0.749521 -0.0424537 7.12831 0.173919</i>
                        <i>0.713565 -0.0128824 -0.0670094 -0.00182434 0.804911 -0.148734 0.0674817 0.148299 0.802281 -0.0591778 7.40344 0.199051</i>
                        <i>0.739386 -0.0150338 -0.0528076 0.00382691 0.8388 -0.130887 0.0550328 0.130334 0.836923 -0.0764977 7.74033 0.219713</i>
                        <i>0.766406 -0.0176985 -0.0355581 0.00981488 0.869149 -0.108212 0.0394914 0.107701 0.867981 -0.0940122 8.09642 0.23655</i>
                        <i>0.793929 -0.0207051 -0.0162881 0.0154907 0.895689 -0.0823707 0.0215311 0.0821064 0.895002 -0.11121 8.41197 0.24744</i>
                        <i>0.821337 -0.0237883 0.00385721 0.0203007 0.918336 -0.0552625 0.00206288 0.0554376 0.917781 -0.127512 8.62721 0.250656</i>
                        <i>0.848109 -0.0266009 0.0236521 0.0238459 0.937219 -0.0289517 -0.0177693 0.0296889 0.936421 -0.142489 8.73288 0.246165</i>
                        <i>0.87383 -0.0287357 0.0418212 0.0259153 0.952669 -0.00558585 -0.0366193 0.00689736 0.951325 -0.155952 8.77446 0.235315</i>
                        <i>0.898167 -0.029758 0.0572813 0.026484 0.965173 0.0126269 -0.0532212 -0.0108473 0.963126 -0.167656 8.7742 0.221287</i>
                        <i>0.920819 -0.0289683 0.0692901 0.0253733 0.975285 0.0236626 -0.0666378 -0.021638 0.972546 -0.177485 8.7543 0.206736</i>
                        <i>0.941728 -0.024827 0.074334 0.0214795 0.983458 0.0275413 -0.0730663 -0.0257292 0.980402 -0.169218 8.73724 0.177783</i>
                        <i>0.960375 -0.0182419 0.0737487 0.0156049 0.989872 0.0258694 -0.0734615 -0.0245789 0.986905 -0.145253 8.74495 0.143421</i>
                        <i>0.976053 -0.0105617 0.0696553 0.00880814 0.994606 0.02048 -0.0698276 -0.0197931 0.991998 -0.116987 8.79474 0.107595</i>
                        <i>0.988036 -0.00314061 0.0642266 0.00217689 0.997752 0.0133487 -0.0644425 -0.0131773 0.99559 -0.0840897 8.86859 0.0726265</i>
                        <i>0.995652 0.00271884 0.0596765 -0.00313409 0.999467 0.00656436 -0.0597479 -0.00673985 0.997664 -0.0569549 8.93555 0.0419764</i>
                        <i>0.998285 0.0057874 0.0582476 -0.00593024 0.99998 0.00227982 -0.0582332 -0.00262133 0.9983 -0.0460438 8.96475 0.0192434</i>
                    </KeyFrames>
                </p>
            </i>
            <i>
                <p>
                    <Name>
                        <![CDATA[r_chute]]>
</Name>
                    <Exclude>0</Exclude>
                    <Additive>0</Additive>
                    <IKPriority>0</IKPriority>
                    <IKRotLimits>-1e+010 -1e+010 -1e+010 1e+010 1e+010 1e+010</IKRotLimits>
                    <IKRotLimitOrder>0</IKRotLimitOrder>
                    <KeyFrames count="31">
                        <i>0.0591208 0.079326 0 -0.157675 0.117514 0 0 0 0.0142964 0.112897 1.7043 -0.302051</i>
                        <i>0.112557 0.121429 -0.00032005 -0.187794 0.174069 -0.00084395 -9.61874e-005 0.000318975 0.0871938 -0.00832616 2.27813 -0.34986</i>
                        <i>0.178946 0.153959 -0.00103064 -0.207993 0.241732 -0.00269674 -0.000362407 0.00152109 0.1643 -0.116401 2.84037 -0.403148</i>
                        <i>0.255967 0.173718 -0.00224207 -0.215791 0.317887 -0.00572434 -0.000579361 0.00400867 0.244452 -0.217641 3.39653 -0.457576</i>
                        <i>0.34004 0.179226 -0.00401493 -0.210404 0.398971 -0.00992433 -0.000333036 0.00794557 0.326483 -0.318261 3.95212 -0.508786</i>
                        <i>0.427061 0.171216 -0.00633514 -0.193129 0.48116 -0.015083 0.00079899 0.0131489 0.409228 -0.4244 4.51255 -0.552426</i>
                        <i>0.513206 0.152787 -0.00910119 -0.167414 0.561101 -0.020743 0.00303731 0.0190776 0.491538 -0.542153 5.08318 -0.584171</i>
                        <i>0.595561 0.129215 -0.0121224 -0.138616 0.636435 -0.0261897 0.00624408 0.0249099 0.572286 -0.67759 5.6693 -0.599762</i>
                        <i>0.672178 0.108717 -0.0150926 -0.114828 0.705737 -0.0304366 0.0098083 0.0296449 0.650375 -0.836778 6.27614 -0.595041</i>
                        <i>0.742824 0.0952772 -0.0177671 -0.0994421 0.769248 -0.0324308 0.0131963 0.0322593 0.724717 -1.0258 6.90888 -0.565996</i>
                        <i>0.807657 0.0872778 -0.0200424 -0.0902095 0.827404 -0.0321455 0.0161828 0.0326187 0.79417 -1.27594 7.60705 -0.492926</i>
                        <i>0.866458 0.0807501 -0.0219129 -0.0827908 0.880128 -0.0303165 0.0187701 0.0313043 0.857547 -1.69872 8.5139 -0.304165</i>
                        <i>0.918773 0.0697359 -0.0234783 -0.0710623 0.927087 -0.0272088 0.0211894 0.0284393 0.913674 -2.20846 9.49565 -0.0511807</i>
                        <i>0.963781 0.0467555 -0.024919 -0.0475393 0.96756 -0.0232257 0.0236808 0.0242407 0.961373 -2.68914 10.3774 0.193881</i>
                        <i>0.999645 0.00342426 -0.0264319 -0.00392406 0.999814 -0.0188803 0.0263624 0.0189773 0.999472 -3.02438 10.9849 0.358294</i>
                        <i>1.0229 -0.0797959 -0.0284852 0.0791775 1.02036 -0.0150942 0.029645 0.0129123 1.02837 -3.19006 11.2703 0.427824</i>
                        <i>1.02647 -0.198803 -0.0306436 0.197582 1.02201 -0.0119743 0.032505 0.00601565 1.04979 -3.26234 11.3535 0.44854</i>
                        <i>1.00825 -0.323902 -0.0319052 0.321815 1.00262 -0.00871005 0.0332311 -0.00141825 1.06455 -3.27487 11.3114 0.438406</i>
                        <i>0.978518 -0.425705 -0.0317071 0.422843 0.972274 -0.00452651 0.0310772 -0.00851799 1.07344 -3.26109 11.2212 0.41334</i>
                        <i>0.957483 -0.478891 -0.0298793 0.475665 0.950955 0.00124859 0.0263233 -0.0145812 1.07723 -3.25458 11.16 0.388781</i>
                        <i>0.965856 -0.460626 -0.0263267 0.45766 0.959131 0.00886087 0.0200421 -0.0195098 1.07664 -3.25548 11.123 0.364841</i>
                        <i>0.994385 -0.384984 -0.0214127 0.382726 0.987609 0.0169483 0.0138847 -0.0237845 1.07242 -3.24378 11.0606 0.333134</i>
                        <i>1.02071 -0.28575 -0.0158325 0.284296 1.01419 0.0238307 0.00882425 -0.0275056 1.06532 -3.22294 10.9833 0.295775</i>
                        <i>1.03241 -0.200445 -0.0104464 0.19959 1.02652 0.0285537 0.00480154 -0.0303117 1.05616 -3.19648 10.9014 0.254779</i>
                        <i>1.03351 -0.134509 -0.00546864 0.134021 1.02849 0.0311567 0.00138684 -0.0318593 1.04572 -3.16794 10.8253 0.212035</i>
                        <i>1.02953 -0.0750488 -0.000734341 0.0747831 1.02559 0.0305761 -0.00150287 -0.0307423 1.03484 -3.14088 10.7656 0.16929</i>
                        <i>1.02198 -0.0333758 0.0035686 0.0331925 1.0192 0.0265177 -0.0044423 -0.0265055 1.02429 -3.1189 10.7325 0.128128</i>
                        <i>1.01364 -0.0109114 0.00749806 0.0107423 1.01198 0.0204267 -0.00772612 -0.0204013 1.01478 -3.09895 10.7625 0.0872195</i>
                        <i>1.00651 0.00068156 0.01124 -0.000832825 1.00577 0.0135903 -0.0112367 -0.0136167 1.00703 -3.07879 10.8494 0.0454516</i>
                        <i>1.00164 0.00509847 0.0148959 -0.00520471 1.00153 0.00718007 -0.0148613 -0.00725915 1.00179 -3.06335 10.9403 0.00493727</i>
                        <i>0.999811 0.00588696 0.0185432 -0.00593024 0.99998 0.00227982 -0.0185294 -0.00238935 0.999825 -3.05754 10.9821 -0.0317467</i>
                    </KeyFrames>
                </p>
            </i>
            <i>
                <p>
                    <Name>
                        <![CDATA[l_chute]]>
</Name>
                    <Exclude>0</Exclude>
                    <Additive>0</Additive>
                    <IKPriority>0</IKPriority>
                    <IKRotLimits>-1e+010 -1e+010 -1e+010 1e+010 1e+010 1e+010</IKRotLimits>
                    <IKRotLimitOrder>0</IKRotLimitOrder>
                    <KeyFrames count="31">
                        <i>0.0644642 -0.0449584 0 0.121687 0.174483 0 0 0 0.0403959 -0.109285 1.58796 -0.30274</i>
                        <i>0.0890356 -0.0544373 -0.000572628 0.122447 0.200275 -0.000537259 0.000395 -6.11484e-005 0.0672301 -0.076689 1.75377 -0.293073</i>
                        <i>0.159763 -0.0697635 -0.00186541 0.117861 0.269924 -0.000562272 0.00148095 -0.000354798 0.140104 0.0157142 2.2047 -0.264981</i>
                        <i>0.26962 -0.0657483 -0.00416275 0.0906788 0.371824 0.000497639 0.00353156 -0.00119261 0.247575 0.154849 2.87285 -0.221355</i>
                        <i>0.401889 -0.0292165 -0.0071763 0.0355775 0.488615 0.00315193 0.00654127 -0.00291595 0.378197 0.327477 3.69033 -0.165249</i>
                        <i>0.53905 0.025216 -0.0104821 -0.0282089 0.606043 0.00724762 0.0103905 -0.00574129 0.520526 0.520278 4.58932 -0.10024</i>
                        <i>0.674139 0.0577186 -0.0142389 -0.0614887 0.721097 0.0118528 0.0148311 -0.00963518 0.663119 0.719909 5.50204 -0.030671</i>
                        <i>0.800643 0.0596391 -0.0184486 -0.0613958 0.829308 0.016429 0.0193738 -0.014306 0.794544 0.913055 6.36079 0.0382026</i>
                        <i>0.906638 0.0378345 -0.0227097 -0.037883 0.920137 0.0205537 0.0234299 -0.0192147 0.903378 1.08647 7.09791 0.100181</i>
                        <i>0.979288 0.0100285 -0.0262171 -0.00941797 0.982309 0.0239595 0.0264299 -0.023606 0.978207 1.22699 7.6458 0.148188</i>
                        <i>1.01188 -0.000420208 -0.0280133 0.00115544 1.01013 0.0265838 0.0280065 -0.026666 1.01204 1.34463 7.99738 0.176511</i>
                        <i>1.02516 0.00236295 -0.0285691 -0.00156678 1.02144 0.0282623 0.0286531 -0.0283396 1.02582 1.55454 8.45031 0.193464</i>
                        <i>1.02683 0.00916265 -0.0282922 -0.00832564 1.02284 0.0290877 0.0285717 -0.0289899 1.02758 1.84131 9.00396 0.20308</i>
                        <i>1.02102 0.0120811 -0.0275536 -0.0112546 1.01786 0.0292386 0.0279117 -0.0290364 1.02156 2.16551 9.59743 0.207151</i>
                        <i>1.01191 0.00346627 -0.0267562 -0.00269478 1.01006 0.0289384 0.0268578 -0.0289224 1.01201 2.48782 10.1697 0.206896</i>
                        <i>0.999395 -0.089026 -0.0281735 0.0897272 0.998826 0.0266735 0.0256875 -0.0290966 1.00315 2.76899 10.6598 0.203139</i>
                        <i>0.999696 -0.00498867 -0.0241395 0.00571449 0.999531 0.0300927 0.023978 -0.0302215 0.999256 2.96949 11.0067 0.198917</i>
                        <i>0.994029 0.107454 -0.0189632 -0.106544 0.993343 0.0438014 0.0235436 -0.0415194 0.99886 3.0828 11.1839 0.195407</i>
                        <i>0.975885 0.217864 -0.013589 -0.216527 0.974029 0.0662067 0.0276601 -0.0616677 0.997713 3.13951 11.2341 0.190664</i>
                        <i>0.954883 0.29684 -0.00915033 -0.295105 0.951857 0.0829547 0.0333341 -0.0765117 0.996511 3.15553 11.1995 0.184958</i>
                        <i>0.942251 0.334853 -0.00602803 -0.333215 0.939146 0.0834983 0.0336208 -0.0766677 0.99649 3.14671 11.1227 0.178515</i>
                        <i>0.940968 0.338472 -0.00389365 -0.337142 0.938174 0.0785223 0.0302305 -0.0725743 0.996905 3.12891 11.0458 0.171471</i>
                        <i>0.952691 0.303931 -0.00258634 -0.302983 0.950326 0.0712822 0.0241227 -0.0671262 0.997453 3.11792 11.0114 0.16383</i>
                        <i>0.980205 0.197969 -0.00242527 -0.197436 0.978328 0.0623948 0.0147249 -0.0606809 0.998049 3.10867 11.0123 0.155501</i>
                        <i>0.998777 0.0493978 -0.00221558 -0.049213 0.9974 0.0526382 0.00481003 -0.0524648 0.998611 3.0881 11.0132 0.146437</i>
                        <i>0.99891 -0.0466775 -0.000325172 0.0466485 0.997991 0.0428658 -0.00167635 -0.0428342 0.999081 3.06004 11.0141 0.136626</i>
                        <i>0.997773 -0.0666253 0.00306067 0.0664869 0.997231 0.0333117 -0.0052716 -0.033034 0.99944 3.02833 11.0149 0.126103</i>
                        <i>0.998231 -0.0590564 0.00690148 0.0588749 0.997975 0.0240714 -0.00830907 -0.0236225 0.999686 2.99679 11.0157 0.114955</i>
                        <i>0.999283 -0.0362499 0.0108829 0.0360796 0.999229 0.0154565 -0.0114348 -0.0150528 0.999821 2.96923 11.0164 0.103328</i>
                        <i>0.999835 -0.0104925 0.0147921 0.0103755 0.999914 0.00796235 -0.0148743 -0.00780756 0.999859 2.94947 11.017 0.091426</i>
                        <i>0.999811 0.00588696 0.0185432 -0.00593024 0.99998 0.00227982 -0.0185294 -0.00238935 0.999825 2.94132 11.0175 0.0795127</i>
                    </KeyFrames>
                </p>
            </i>
            <i>
                <p>
                    <Name>
                        <![CDATA[chute]]>
</Name>
                    <Exclude>0</Exclude>
                    <Additive>0</Additive>
                    <IKPriority>0</IKPriority>
                    <IKRotLimits>-1e+010 -1e+010 -1e+010 1e+010 1e+010 1e+010</IKRotLimits>
                    <IKRotLimitOrder>0</IKRotLimitOrder>
                    <KeyFrames count="31">
                        <i>0.0390375 0 0 0 0.0626353 0 0 0 0.0169712 -0.00258032 1.79604 -0.30274</i>
                        <i>0.106313 0.000374023 -0.000544971 -0.000318953 0.0903069 -0.000242062 0.000364603 0.000192293 0.0712588 -0.00297021 2.62067 -0.352882</i>
                        <i>0.176022 0.00136947 -0.00169838 -0.0012826 0.163133 -0.00138922 0.00118639 0.00106374 0.123817 -0.00364859 3.45131 -0.40884</i>
                        <i>0.247519 0.00308744 -0.00336211 -0.00346495 0.273123 -0.00427983 0.00234824 0.00277877 0.17543 -0.00479995 4.2854 -0.465443</i>
                        <i>0.320162 0.00553428 -0.00542638 -0.00728255 0.412281 -0.00919889 0.00375682 0.0051287 0.226886 -0.00649142 5.12031 -0.517791</i>
                        <i>0.39331 0.00861521 -0.00777551 -0.0128446 0.572639 -0.0152406 0.00535024 0.0075453 0.278992 -0.00870232 5.95336 -0.561263</i>
                        <i>0.466329 0.012132 -0.0102935 -0.0198563 0.746297 -0.0199632 0.00710469 0.00908522 0.332572 -0.0113503 6.78178 -0.591518</i>
                        <i>0.538591 0.0157846 -0.0128694 -0.0275827 0.925397 -0.0193327 0.00903624 0.00838464 0.388454 -0.0143136 7.60275 -0.604497</i>
                        <i>0.609474 0.0191769 -0.0154016 -0.0348746 1.10199 -0.0079544 0.0111936 0.00358383 0.447419 -0.0174505 8.4134 -0.596414</i>
                        <i>0.678363 0.0218263 -0.0178011 -0.0367109 1.25963 0.145481 0.015168 -0.05809 0.506794 -0.0206154 9.21082 -0.563753</i>
                        <i>0.744649 0.0228936 -0.0200015 -0.0339982 1.38025 0.314087 0.0191804 -0.128542 0.566952 -0.0233242 9.98995 -0.474462</i>
                        <i>0.807742 0.020396 -0.0219845 -0.0285665 1.49836 0.340526 0.0217921 -0.149937 0.66157 -0.0240138 10.7249 -0.21277</i>
                        <i>0.866953 0.0145034 -0.0236852 -0.0168746 1.58441 0.352536 0.02386 -0.170799 0.768766 -0.0240933 11.3858 0.0996153</i>
                        <i>0.92157 0.00614526 -0.0250164 -0.0011346 1.31321 0.280791 0.024881 -0.186184 0.870848 -0.0254568 11.9448 0.305334</i>
                        <i>0.970908 -0.00334675 -0.0258805 0.00859679 0.974105 0.196543 0.0246592 -0.191878 0.949906 -0.0281165 12.3961 0.377806</i>
                        <i>1.01269 -0.0122865 -0.0261344 0.0158168 0.932851 0.174329 0.0233583 -0.185871 0.992496 -0.0306614 12.7144 0.401483</i>
                        <i>1.03808 -0.0185431 -0.0254704 0.0205643 0.93338 0.158601 0.0218522 -0.173247 1.01674 -0.0329227 12.8428 0.388566</i>
                        <i>1.04906 -0.0206078 -0.0239355 0.0221962 0.960668 0.145726 0.0204067 -0.156597 1.02922 -0.0349709 12.7792 0.354316</i>
                        <i>1.04935 -0.0208221 -0.0217722 0.0225843 0.999496 0.13261 0.0187007 -0.137445 1.03276 -0.0368415 12.6031 0.31431</i>
                        <i>1.04265 -0.0199059 -0.0191639 0.0219063 1.0345 0.117298 0.0166984 -0.117166 1.03021 -0.0386787 12.3798 0.283547</i>
                        <i>1.0327 -0.0181252 -0.0162591 0.0199923 1.05021 0.0990703 0.0144296 -0.0969246 1.02455 -0.0410461 12.1752 0.261675</i>
                        <i>1.0232 -0.0157397 -0.0131731 0.016969 1.03713 0.0788469 0.0119218 -0.0776472 1.01879 -0.0441867 12.0552 0.239839</i>
                        <i>1.0179 -0.0129749 -0.00997822 0.013431 1.00798 0.0594269 0.00919463 -0.0600231 1.01602 -0.0477749 12.0446 0.218793</i>
                        <i>1.01843 -0.00998468 -0.00668187 0.00989451 0.980603 0.0427863 0.00623996 -0.0444598 1.01751 -0.05119 12.0995 0.197676</i>
                        <i>1.01657 -0.00682647 -0.00323209 0.00662799 0.972934 0.0297316 0.003022 -0.0310717 1.01611 -0.0538397 12.1829 0.175205</i>
                        <i>1.01368 -0.00369089 0.000317221 0.00377363 1.03826 0.0216128 -0.000393964 -0.0210953 1.01347 -0.0558863 12.2576 0.15094</i>
                        <i>1.01014 -0.000749624 0.00392829 0.000755689 1.10178 0.0159278 -0.00393872 -0.0145988 1.01003 -0.0578373 12.2867 0.125892</i>
                        <i>1.00646 0.00183281 0.00757146 -0.00206625 1.0877 0.0113639 -0.00755189 -0.0105288 1.0064 -0.0598019 12.2384 0.100808</i>
                        <i>1.00316 0.00389996 0.0112267 -0.00417825 1.05125 0.00816131 -0.011196 -0.0078323 1.00314 -0.0615118 12.1401 0.0758687</i>
                        <i>1.00077 0.00530106 0.0148841 -0.00545559 1.01461 0.00545953 -0.0148551 -0.00546491 1.00077 -0.0629299 12.0434 0.0511405</i>
                        <i>0.999811 0.00588696 0.0185432 -0.00593024 0.99998 0.00227982 -0.0185294 -0.00238935 0.999825 -0.0640427 11.9998 0.0261628</i>
                    </KeyFrames>
                </p>
            </i>
            <i>
                <p>
                    <Name>
                        <![CDATA[spine1]]>
</Name>
                    <Exclude>0</Exclude>
                    <Additive>0</Additive>
                    <IKPriority>0</IKPriority>
                    <IKRotLimits>-1e+010 -1e+010 -1e+010 1e+010 1e+010 1e+010</IKRotLimits>
                    <IKRotLimitOrder>0</IKRotLimitOrder>
                    <KeyFrames count="31">
                        <i>1.11022e-016 0.998838 0.0481858 -1 1.11022e-016 -3.46945e-018 -1.04083e-017 -0.0481858 0.998838 5.05427e-021 1.50779 -0.0518418</i>
                        <i>0.00030508 0.998734 0.0503051 -0.999987 4.68889e-005 0.0051336 0.00512474 -0.050306 0.998721 -0.000248382 1.5079 -0.0532323</i>
                        <i>0.000513531 0.998608 0.0527389 -0.999953 2.8016e-006 0.00968373 0.0096701 -0.0527414 0.998561 -0.00048759 1.50802 -0.0547672</i>
                        <i>0.000637093 0.998463 0.0554129 -0.999907 -0.000120722 0.0136714 0.0136571 -0.0554164 0.99837 -0.000715448 1.50816 -0.0564062</i>
                        <i>0.00068563 0.998302 0.0582523 -0.999853 -0.000312139 0.0171176 0.0171067 -0.0582555 0.998155 -0.000930357 1.5083 -0.0581089</i>
                        <i>0.000667583 0.998126 0.0611829 -0.999799 -0.00055991 0.0200433 0.02004 -0.061184 0.997925 -0.00113115 1.50844 -0.0598347</i>
                        <i>0.000590394 0.997941 0.0641302 -0.999747 -0.000852501 0.0224698 0.0224782 -0.0641272 0.997689 -0.00131697 1.50858 -0.0615433</i>
                        <i>0.000460887 0.997752 0.0670197 -0.999701 -0.00117839 0.024418 0.024442 -0.067011 0.997453 -0.00148713 1.50871 -0.0631942</i>
                        <i>0.000285631 0.997563 0.0697773 -0.999663 -0.00152604 0.0259089 0.0259523 -0.0697612 0.997226 -0.00164101 1.50884 -0.0647467</i>
                        <i>7.12627e-005 0.997381 0.0723285 -0.999635 -0.00188395 0.0269638 0.0270294 -0.072304 0.997016 -0.00177795 1.50895 -0.0661604</i>
                        <i>-0.000175218 0.997214 0.0745992 -0.999616 -0.0022406 0.0276035 0.0276938 -0.0745658 0.996831 -0.00189718 1.50905 -0.0673947</i>
                        <i>-0.000446182 0.997068 0.0765151 -0.999609 -0.00258447 0.0278492 0.0279653 -0.0764727 0.996679 -0.0019977 1.50913 -0.0684092</i>
                        <i>-0.000733134 0.996953 0.0780018 -0.999611 -0.00290405 0.0277218 0.0278639 -0.0779512 0.996568 -0.00207826 1.5092 -0.0691632</i>
                        <i>-0.00102651 0.996875 0.078985 -0.999624 -0.00318782 0.0272424 0.0274091 -0.0789273 0.996503 -0.00213724 1.50924 -0.0696162</i>
                        <i>-0.00131548 0.996843 0.0793902 -0.999645 -0.00342426 0.0264319 0.0266203 -0.0793273 0.996493 -0.00217265 1.50925 -0.0697275</i>
                        <i>-0.00158784 0.996862 0.079143 -0.999673 -0.00360185 0.0253114 0.025517 -0.0790769 0.996542 -0.00218206 1.50924 -0.0694567</i>
                        <i>-0.00186544 0.996919 0.0784173 -0.999708 -0.0037487 0.0238755 0.0240959 -0.0783499 0.996635 -0.00217191 1.50921 -0.0688978</i>
                        <i>-0.00217565 0.996994 0.0774485 -0.999748 -0.00390009 0.0221214 0.0223569 -0.0773808 0.996751 -0.00215051 1.50917 -0.06818</i>
                        <i>-0.0025132 0.997085 0.0762534 -0.99979 -0.00405515 0.0200733 0.020324 -0.076187 0.996886 -0.00211786 1.50912 -0.0673146</i>
                        <i>-0.00287267 0.997191 0.0748491 -0.999833 -0.00421302 0.0177556 0.0180211 -0.0747856 0.997037 -0.00207391 1.50906 -0.0663131</i>
                        <i>-0.00324854 0.997308 0.0732523 -0.999875 -0.00437282 0.0151929 0.0154723 -0.0731938 0.997198 -0.00201857 1.50899 -0.0651869</i>
                        <i>-0.00363537 0.997435 0.0714801 -0.999913 -0.0045337 0.0124094 0.0127016 -0.0714288 0.997365 -0.0019518 1.50891 -0.0639476</i>
                        <i>-0.00402779 0.99757 0.0695495 -0.999945 -0.00469479 0.00942956 0.00973317 -0.0695076 0.997534 -0.00187356 1.50882 -0.0626065</i>
                        <i>-0.00442064 0.997711 0.0674775 -0.999969 -0.00485522 0.00627784 0.00659109 -0.0674476 0.997701 -0.00178389 1.50873 -0.0611751</i>
                        <i>-0.00480901 0.997855 0.0652811 -0.999983 -0.00501413 0.00297867 0.00329961 -0.0652657 0.997862 -0.00168291 1.50863 -0.0596649</i>
                        <i>-0.0051883 0.998001 0.0629776 -0.999987 -0.00517064 -0.000443505 -0.000116985 -0.062979 0.998015 -0.00157083 1.50852 -0.0580872</i>
                        <i>-0.00555431 0.998148 0.060584 -0.999978 -0.00532388 -0.00396423 -0.00363434 -0.0606047 0.998155 -0.00144801 1.5084 -0.0564537</i>
                        <i>-0.00590323 0.998292 0.0581176 -0.999956 -0.005473 -0.00755904 -0.00722805 -0.0581597 0.998281 -0.0013149 1.50829 -0.0547757</i>
                        <i>-0.00623169 0.998434 0.0555957 -0.999921 -0.00561713 -0.0112034 -0.0108736 -0.0556612 0.99839 -0.00117212 1.50816 -0.0530648</i>
                        <i>-0.00653681 0.998571 0.0530356 -0.999873 -0.0057554 -0.014873 -0.0145465 -0.0531261 0.998482 -0.00102041 1.50804 -0.0513325</i>
                        <i>-0.00681621 0.998703 0.0504546 -0.999811 -0.00588696 -0.0185432 -0.0182222 -0.0505714 0.998554 -0.000860699 1.50791 -0.0495903</i>
                    </KeyFrames>
                </p>
            </i>
            <i>
                <p>
                    <Name>
                        <![CDATA[spine2]]>
</Name>
                    <Exclude>0</Exclude>
                    <Additive>0</Additive>
                    <IKPriority>0</IKPriority>
                    <IKRotLimits>-1e+010 -1e+010 -1e+010 1e+010 1e+010 1e+010</IKRotLimits>
                    <IKRotLimitOrder>0</IKRotLimitOrder>
                    <KeyFrames count="31">
                        <i>1.02888e-016 0.939194 0.343386 -1 1.11022e-016 -3.46945e-018 -4.29912e-017 -0.343386 0.939194 -4.29777e-017 1.73885 -0.01744</i>
                        <i>0.00181704 0.938463 0.345375 -0.999987 4.68889e-005 0.0051336 0.0048015 -0.345379 0.938451 -5.84288e-005 1.73889 -0.0183406</i>
                        <i>0.00336934 0.937618 0.347651 -0.999953 2.8016e-006 0.00968373 0.00907866 -0.347667 0.937574 -0.000143602 1.73892 -0.0193134</i>
                        <i>0.00467434 0.936683 0.350146 -0.999907 -0.000120722 0.0136714 0.012848 -0.350177 0.936595 -0.000250129 1.73896 -0.0203353</i>
                        <i>0.00574773 0.935684 0.352793 -0.999853 -0.000312139 0.0171176 0.0161267 -0.35284 0.935545 -0.000373628 1.739 -0.0213829</i>
                        <i>0.00660386 0.934644 0.355522 -0.999799 -0.00055991 0.0200433 0.0189325 -0.355583 0.934453 -0.000510483 1.73903 -0.0224329</i>
                        <i>0.00725609 0.933592 0.358265 -0.999747 -0.000852501 0.0224698 0.021283 -0.358338 0.933349 -0.000657612 1.73906 -0.0234619</i>
                        <i>0.00771715 0.932552 0.360954 -0.999701 -0.00117839 0.024418 0.0231964 -0.361034 0.932264 -0.000812257 1.73908 -0.0244465</i>
