<?xml version="1.0" encoding="ISO-8859-1" ?>
<Animl Version="1">
    <ModellingPackage>
        <![CDATA[Maya.2010]]>
</ModellingPackage>
    <SrcFile>
        <![CDATA[anims\characters\red\~src\paratrooper\paratrooper_land.mb]]>
</SrcFile>
    <FramesPerSecond>30</FramesPerSecond>
    <TotalFrames>61</TotalFrames>
    <Skeleton>
        <RefFrame>
            <Name>
                <![CDATA[parachute_ref_frame]]>
</Name>
            <Exclude>0</Exclude>
            <Additive>0</Additive>
            <IKPriority>0</IKPriority>
            <IKRotLimits>-1e+010 -1e+010 -1e+010 1e+010 1e+010 1e+010</IKRotLimits>
            <IKRotLimitOrder>0</IKRotLimitOrder>
            <KeyFrames count="61">
                <i>1 0 0 0 1 0 0 0 1 0 0 0</i>
                <i>1 0 0 0 1 0 0 0 1 0 0 0</i>
                <i>1 0 0 0 1 0 0 0 1 0 0 0</i>
                <i>1 0 0 0 1 0 0 0 1 0 0 0</i>
                <i>1 0 0 0 1 0 0 0 1 0 0 0</i>
                <i>1 0 0 0 1 0 0 0 1 0 0 0</i>
                <i>1 0 0 0 1 0 0 0 1 0 0 0</i>
                <i>1 0 0 0 1 0 0 0 1 0 0 0</i>
                <i>1 0 0 0 1 0 0 0 1 0 0 0</i>
                <i>1 0 0 0 1 0 0 0 1 0 0 0</i>
                <i>1 0 0 0 1 0 0 0 1 0 0 0</i>
                <i>1 0 0 0 1 0 0 0 1 0 0 0</i>
                <i>1 0 0 0 1 0 0 0 1 0 0 0</i>
                <i>1 0 0 0 1 0 0 0 1 0 0 0</i>
                <i>1 0 0 0 1 0 0 0 1 0 0 0</i>
                <i>1 0 0 0 1 0 0 0 1 0 0 0</i>
                <i>1 0 0 0 1 0 0 0 1 0 0 0</i>
                <i>1 0 0 0 1 0 0 0 1 0 0 0</i>
                <i>1 0 0 0 1 0 0 0 1 0 0 0</i>
                <i>1 0 0 0 1 0 0 0 1 0 0 0</i>
                <i>1 0 0 0 1 0 0 0 1 0 0 0</i>
                <i>1 0 0 0 1 0 0 0 1 0 0 0</i>
                <i>1 0 0 0 1 0 0 0 1 0 0 0</i>
                <i>1 0 0 0 1 0 0 0 1 0 0 0</i>
                <i>1 0 0 0 1 0 0 0 1 0 0 0</i>
                <i>1 0 0 0 1 0 0 0 1 0 0 0</i>
                <i>1 0 0 0 1 0 0 0 1 0 0 0</i>
                <i>1 0 0 0 1 0 0 0 1 0 0 0</i>
                <i>1 0 0 0 1 0 0 0 1 0 0 0</i>
                <i>1 0 0 0 1 0 0 0 1 0 0 0</i>
                <i>1 0 0 0 1 0 0 0 1 0 0 0</i>
                <i>1 0 0 0 1 0 0 0 1 0 0 0</i>
                <i>1 0 0 0 1 0 0 0 1 0 0 0</i>
                <i>1 0 0 0 1 0 0 0 1 0 0 0</i>
                <i>1 0 0 0 1 0 0 0 1 0 0 0</i>
                <i>1 0 0 0 1 0 0 0 1 0 0 0</i>
                <i>1 0 0 0 1 0 0 0 1 0 0 0</i>
                <i>1 0 0 0 1 0 0 0 1 0 0 0</i>
                <i>1 0 0 0 1 0 0 0 1 0 0 0</i>
                <i>1 0 0 0 1 0 0 0 1 0 0 0</i>
                <i>1 0 0 0 1 0 0 0 1 0 0 0</i>
                <i>1 0 0 0 1 0 0 0 1 0 0 0</i>
                <i>1 0 0 0 1 0 0 0 1 0 0 0</i>
                <i>1 0 0 0 1 0 0 0 1 0 0 0</i>
                <i>1 0 0 0 1 0 0 0 1 0 0 0</i>
                <i>1 0 0 0 1 0 0 0 1 0 0 0</i>
                <i>1 0 0 0 1 0 0 0 1 0 0 0</i>
                <i>1 0 0 0 1 0 0 0 1 0 0 0</i>
                <i>1 0 0 0 1 0 0 0 1 0 0 0</i>
                <i>1 0 0 0 1 0 0 0 1 0 0 0</i>
                <i>1 0 0 0 1 0 0 0 1 0 0 0</i>
                <i>1 0 0 0 1 0 0 0 1 0 0 0</i>
                <i>1 0 0 0 1 0 0 0 1 0 0 0</i>
                <i>1 0 0 0 1 0 0 0 1 0 0 0</i>
                <i>1 0 0 0 1 0 0 0 1 0 0 0</i>
                <i>1 0 0 0 1 0 0 0 1 0 0 0</i>
                <i>1 0 0 0 1 0 0 0 1 0 0 0</i>
                <i>1 0 0 0 1 0 0 0 1 0 0 0</i>
                <i>1 0 0 0 1 0 0 0 1 0 0 0</i>
                <i>1 0 0 0 1 0 0 0 1 0 0 0</i>
                <i>1 0 0 0 1 0 0 0 1 0 0 0</i>
            </KeyFrames>
        </RefFrame>
        <Bones count="8">
            <i>
                <p>
                    <Name>
                        <![CDATA[parachute_root]]>
</Name>
                    <Exclude>0</Exclude>
                    <Additive>0</Additive>
                    <IKPriority>0</IKPriority>
                    <IKRotLimits>-1e+010 -1e+010 -1e+010 1e+010 1e+010 1e+010</IKRotLimits>
                    <IKRotLimitOrder>0</IKRotLimitOrder>
                    <KeyFrames count="61">
                        <i>1 0 0 0 1 0 0 0 1 0 1.38178 0</i>
                        <i>0.999983 0 -0.00590902 -0.000162888 0.99962 -0.0275654 0.00590678 0.0275659 0.999603 0.00166065 1.3581 -0.0164042</i>
                        <i>0.99993 0 -0.0118178 -0.000651291 0.99848 -0.055107 0.0117999 0.0551108 0.998411 0.0033213 1.33441 -0.0328085</i>
                        <i>0.999843 0 -0.0177262 -0.00146443 0.996582 -0.0826009 0.0176656 0.0826139 0.996425 0.00498195 1.31073 -0.0492127</i>
                        <i>0.999721 0 -0.023634 -0.00260102 0.993926 -0.110023 0.0234905 0.110054 0.993648 0.0066426 1.28705 -0.0656169</i>
                        <i>0.999564 0 -0.029541 -0.00405925 0.990514 -0.137351 0.0292608 0.137411 0.990082 0.00830325 1.26337 -0.0820211</i>
                        <i>0.999372 -4.33681e-019 -0.0354469 -0.0058368 0.98635 -0.16456 0.0349631 0.164663 0.98573 0.00996389 1.23968 -0.0984254</i>
                        <i>0.999145 8.67362e-019 -0.0413516 -0.00793083 0.981436 -0.191626 0.040584 0.19179 0.980596 0.0116245 1.216 -0.11483</i>
                        <i>0.998883 8.67362e-019 -0.0472549 -0.010338 0.975776 -0.218527 0.0461102 0.218771 0.974686 0.0132852 1.19232 -0.131234</i>
                        <i>0.998586 0 -0.0531565 -0.0130545 0.969375 -0.245239 0.0515285 0.245586 0.968004 0.0149458 1.16864 -0.147638</i>
                        <i>0.998255 0 -0.0590562 -0.016076 0.962237 -0.27174 0.056826 0.272215 0.960557 0.0166065 1.14495 -0.164042</i>
                        <i>0.997888 -1.73472e-018 -0.0649539 -0.0193976 0.954367 -0.298006 0.0619898 0.298636 0.952352 0.0182671 1.12127 -0.180447</i>
                        <i>0.997487 0 -0.0708493 -0.023014 0.945772 -0.324014 0.0670073 0.324831 0.943395 0.0199278 1.09759 -0.196851</i>
                        <i>0.997051 1.73472e-018 -0.0767422 -0.0269195 0.936459 -0.349744 0.0718659 0.350778 0.933697 0.0215884 1.07391 -0.213255</i>
                        <i>0.99658 0 -0.0826325 -0.0311078 0.926433 -0.375172 0.0765535 0.376459 0.923265 0.0232491 1.05023 -0.229659</i>
                        <i>0.996074 0 -0.0885198 -0.0355721 0.915704 -0.400277 0.0810579 0.401854 0.912109 0.0249097 1.02654 -0.246063</i>
                        <i>0.995534 3.46945e-018 -0.0944041 -0.0403052 0.904278 -0.425037 0.0853676 0.426944 0.90024 0.0265704 1.00286 -0.262468</i>
                        <i>0.994959 -3.46945e-018 -0.100285 -0.0452997 0.892165 -0.449432 0.0894709 0.451709 0.887668 0.028231 0.979178 -0.278872</i>
                        <i>0.994349 0 -0.106163 -0.0505472 0.879375 -0.47344 0.0933567 0.47613 0.874405 0.0298917 0.955496 -0.295276</i>
                        <i>0.993704 0 -0.112036 -0.0560395 0.865916 -0.497041 0.097014 0.50019 0.860464 0.0315523 0.931814 -0.31168</i>
                        <i>0.993025 -3.46945e-018 -0.117906 -0.0617675 0.851798 -0.520216 0.100432 0.52387 0.845857 0.033213 0.908131 -0.328085</i>
                        <i>0.992311 6.93889e-018 -0.123772 -0.067722 0.837034 -0.542944 0.103601 0.547151 0.830597 0.0348736 0.884449 -0.344489</i>
                        <i>0.991562 0 -0.129633 -0.0738932 0.821633 -0.565207 0.106511 0.570017 0.8147 0.0365343 0.860767 -0.360893</i>
                        <i>0.990779 0 -0.13549 -0.0802712 0.805608 -0.586986 0.109152 0.592449 0.798179 0.0381949 0.837084 -0.377297</i>
                        <i>0.989961 0 -0.141342 -0.0868453 0.78897 -0.608263 0.111515 0.614432 0.781049 0.0398556 0.813402 -0.393701</i>
                        <i>0.989108 0 -0.14719 -0.0936048 0.771733 -0.62902 0.113591 0.635947 0.763327 0.0415162 0.78972 -0.410106</i>
                        <i>0.988221 -6.93889e-018 -0.153032 -0.100539 0.753909 -0.64924 0.115372 0.656979 0.745029 0.0431769 0.766037 -0.42651</i>
                        <i>0.9873 0 -0.158869 -0.107635 0.735512 -0.668907 0.11685 0.677511 0.726171 0.0448375 0.742355 -0.442914</i>
                        <i>0.986344 0 -0.1647 -0.114883 0.716557 -0.688003 0.118017 0.697529 0.706771 0.0464982 0.718673 -0.459318</i>
                        <i>0.985353 -6.93889e-018 -0.170525 -0.122269 0.697056 -0.706514 0.118866 0.717016 0.686847 0.0481588 0.69499 -0.475723</i>
                        <i>0.984328 0 -0.176345 -0.129782 0.677026 -0.724425 0.11939 0.735959 0.666416 0.0498195 0.671308 -0.492127</i>
                        <i>0.983269 0 -0.182158 -0.137409 0.656482 -0.741721 0.119583 0.754342 0.645498 0.0514801 0.647626 -0.508531</i>
                        <i>0.982176 0 -0.187965 -0.145138 0.635438 -0.758389 0.11944 0.772152 0.624112 0.0531408 0.623943 -0.524935</i>
                        <i>0.981048 0 -0.193765 -0.152954 0.613912 -0.774414 0.118955 0.789375 0.602277 0.0548014 0.600261 -0.54134</i>
                        <i>0.979886 -1.38778e-017 -0.199559 -0.160844 0.591919 -0.789786 0.118123 0.805998 0.580013 0.0564621 0.576579 -0.557744</i>
                        <i>0.978689 0 -0.205346 -0.168796 0.569475 -0.804491 0.116939 0.822008 0.55734 0.0581227 0.552896 -0.574148</i>
                        <i>0.977459 0 -0.211125 -0.176795 0.5466 -0.818518 0.115401 0.837394 0.534279 0.0597834 0.529214 -0.590552</i>
                        <i>0.976194 0 -0.216897 -0.184828 0.523309 -0.831858 0.113504 0.852143 0.510851 0.061444 0.505532 -0.606956</i>
                        <i>0.974896 0 -0.222662 -0.19288 0.49962 -0.844498 0.111246 0.866245 0.487077 0.0631047 0.481849 -0.623361</i>
                        <i>0.973563 0 -0.228419 -0.200937 0.475551 -0.856432 0.108625 0.879688 0.462979 0.0647653 0.458167 -0.639765</i>
                        <i>0.972196 0 -0.234168 -0.208986 0.451121 -0.867649 0.105638 0.892463 0.438578 0.066426 0.434484 -0.656169</i>
                        <i>0.970796 0 -0.239908 -0.217011 0.426348 -0.878142 0.102284 0.904559 0.413897 0.0680866 0.410802 -0.672573</i>
                        <i>0.969361 -1.38778e-017 -0.245641 -0.224999 0.401251 -0.887904 0.0985634 0.915968 0.388957 0.0697473 0.38712 -0.688978</i>
                        <i>0.967893 2.77556e-017 -0.251364 -0.232934 0.375849 -0.896928 0.0944749 0.926681 0.363781 0.0714079 0.363437 -0.705382</i>
                        <i>0.96639 1.38778e-017 -0.257079 -0.240803 0.350161 -0.905208 0.0900191 0.936689 0.338392 0.0730686 0.339755 -0.721786</i>
                        <i>0.964854 1.38778e-017 -0.262785 -0.248591 0.324207 -0.912739 0.0851969 0.945986 0.312813 0.0747292 0.316073 -0.73819</i>
                        <i>0.963285 0 -0.268482 -0.256283 0.298007 -0.919517 0.0800095 0.954564 0.287066 0.0763899 0.29239 -0.754595</i>
                        <i>0.961681 2.77556e-017 -0.274169 -0.263865 0.271581 -0.925537 0.074459 0.962416 0.261174 0.0780505 0.268708 -0.770999</i>
                        <i>0.960045 0 -0.279847 -0.271322 0.244948 -0.930798 0.0685478 0.969536 0.235161 0.0797112 0.245026 -0.787403</i>
                        <i>0.958374 0 -0.285515 -0.27864 0.218128 -0.935297 0.0622789 0.97592 0.209049 0.0813718 0.221343 -0.803807</i>
                        <i>0.95667 0 -0.291173 -0.285805 0.191143 -0.939031 0.0556558 0.981562 0.182861 0.0830325 0.197661 -0.820212</i>
                        <i>0.954933 0 -0.296821 -0.292802 0.164013 -0.942002 0.0486825 0.986458 0.156621 0.0846931 0.173979 -0.836616</i>
                        <i>0.953163 0 -0.302459 -0.299617 0.136758 -0.944207 0.0413637 0.990604 0.130353 0.0863538 0.150296 -0.85302</i>
                        <i>0.951359 -2.77556e-017 -0.308086 -0.306236 0.109399 -0.945648 0.0337043 0.993998 0.104078 0.0880144 0.126614 -0.869424</i>
                        <i>0.949522 2.77556e-017 -0.313702 -0.312646 0.0819572 -0.946327 0.0257101 0.996636 0.0778201 0.0896751 0.102932 -0.885828</i>
                        <i>0.947651 0 -0.319307 -0.318833 0.0544529 -0.946245 0.0173872 0.998516 0.0516024 0.0913357 0.0792494 -0.902233</i>
                        <i>0.945748 2.77556e-017 -0.324901 -0.324784 0.0269072 -0.945406 0.00874219 0.999638 0.0254475 0.0929964 0.0555671 -0.918637</i>
                        <i>0.943812 0 -0.330484 -0.330484 -0.000658874 -0.943811 -0.000217747 1 -0.000621853 0.094657 0.0318848 -0.935041</i>
                        <i>0.941842 0 -0.336055 -0.335921 -0.0282246 -0.941467 -0.00948502 0.999602 -0.0265831 0.0963176 0.00820236 -0.951445</i>
                        <i>0.93984 -2.77556e-017 -0.341615 -0.341083 -0.0557688 -0.938377 -0.0190514 0.998444 -0.0524137 0.0979783 -0.01548 -0.96785</i>
                        <i>0.937805 -5.55112e-017 -0.347162 -0.345957 -0.0832705 -0.934548 -0.0289084 0.996527 -0.0780915 0.0996389 -0.0391623 -0.984254</i>
                    </KeyFrames>
                </p>
            </i>
            <i>
                <p>
                    <Name>
                        <![CDATA[rope_1]]>
</Name>
                    <Exclude>0</Exclude>
                    <Additive>0</Additive>
                    <IKPriority>0</IKPriority>
                    <IKRotLimits>-1e+010 -1e+010 -1e+010 1e+010 1e+010 1e+010</IKRotLimits>
                    <IKRotLimitOrder>0</IKRotLimitOrder>
                    <KeyFrames count="61">
                        <i>0.999211 0 0.0397259 0 1 0 -0.0397259 0 0.999211 0 6.31392 0</i>
                        <i>0.999938 0.00112329 0.0348256 -0.000174491 0.999629 -0.0272325 -0.0348421 0.0272239 0.999535 0.00104924 6.28837 -0.152362</i>
                        <i>1.00158 0.00228737 0.0296074 -0.000687959 0.998548 -0.0538718 -0.0296841 0.0539303 1.00001 0.000857638 6.25907 -0.304613</i>
                        <i>1.00391 0.0034608 0.0239562 -0.00152627 0.996791 -0.0800397 -0.0241503 0.0802966 1.00045 -0.000600009 6.22603 -0.456642</i>
                        <i>1.00669 0.00460056 0.0177617 -0.00267655 0.994377 -0.10586 -0.0181416 0.106477 1.00064 -0.00334641 6.18926 -0.608336</i>
                        <i>1.00966 0.005652 0.0109204 -0.00412749 0.991314 -0.131455 -0.011562 0.132604 1.00034 -0.0074018 6.14876 -0.759585</i>
                        <i>1.01259 0.00654877 0.00333687 -0.00586989 0.987589 -0.156949 -0.00432011 0.158788 0.999326 -0.0127839 6.10455 -0.910275</i>
                        <i>1.01522 0.00721317 -0.00507394 -0.00789742 0.983181 -0.182461 0.00366923 0.185115 0.997322 -0.019508 6.05664 -1.06029</i>
                        <i>1.01731 0.00753069 -0.0145003 -0.0102064 0.978052 -0.208111 0.0126021 0.211648 0.994055 -0.0275868 6.00505 -1.20953</i>
                        <i>1.01859 0.00742503 -0.0248719 -0.0128006 0.972149 -0.234013 0.0224171 0.238421 0.989235 -0.0370307 5.9498 -1.35787</i>
                        <i>1.01881 0.00689214 -0.0358672 -0.0156938 0.965407 -0.260276 0.0327956 0.265436 0.98257 -0.0478475 5.89091 -1.50519</i>
                        <i>1.01773 0.0059613 -0.0471545 -0.0189076 0.957743 -0.287003 0.0434037 0.292665 0.973779 -0.0600425 5.82841 -1.6514</i>
                        <i>1.01513 0.00469542 -0.0583969 -0.0224697 0.949062 -0.314288 0.053894 0.320044 0.962588 -0.0736187 5.76233 -1.79637</i>
                        <i>1.01078 0.00319038 -0.0692569 -0.0264125 0.93925 -0.342216 0.0639088 0.34747 0.948738 -0.0885767 5.6927 -1.94</i>
                        <i>1.0045 0.00157339 -0.0794036 -0.0307696 0.928179 -0.370859 0.0730846 0.374803 0.931985 -0.104915 5.61955 -2.08216</i>
                        <i>0.996074 0 -0.0885198 -0.0355721 0.915704 -0.400277 0.0810579 0.401854 0.912109 -0.122628 5.54292 -2.22277</i>
                        <i>0.986095 -0.00165054 -0.0970206 -0.0408418 0.901692 -0.430447 0.0882411 0.428656 0.889569 -0.141489 5.4652 -2.35934</i>
                        <i>0.975301 -0.00354595 -0.105343 -0.0465892 0.88609 -0.461166 0.0950869 0.455203 0.865026 -0.161337 5.38795 -2.49072</i>
                        <i>0.963765 -0.00556539 -0.113235 -0.0528135 0.868871 -0.492212 0.101307 0.48122 0.838597 -0.182293 5.30985 -2.61859</i>
                        <i>0.951566 -0.00756785 -0.12047 -0.0594985 0.850029 -0.523365 0.10663 0.50645 0.810434 -0.204499 5.22943 -2.74448</i>
                        <i>0.938789 -0.00939531 -0.12685 -0.06661 0.829575 -0.554408 0.110802 0.530652 0.780717 -0.228109 5.14501 -2.86971</i>
                        <i>0.925522 -0.0108762 -0.132209 -0.0740953 0.807544 -0.585134 0.113592 0.553609 0.749652 -0.253289 5.05481 -2.99545</i>
                        <i>0.911852 -0.0118287 -0.136408 -0.0818822 0.783992 -0.615348 0.11479 0.575124 0.717469 -0.280205 4.95686 -3.12263</i>
                        <i>0.897865 -0.012064 -0.139341 -0.0898799 0.758993 -0.644866 0.114211 0.595027 0.684415 -0.309016 4.84911 -3.25199</i>
                        <i>0.883544 -0.0118223 -0.141483 -0.0980472 0.732646 -0.673511 0.112392 0.613162 0.650636 -0.33987 4.72937 -3.38405</i>
                        <i>0.868851 -0.0114733 -0.14337 -0.106382 0.705068 -0.701115 0.110001 0.629399 0.616257 -0.372893 4.59538 -3.5191</i>
                        <i>0.853827 -0.011021 -0.145018 -0.114836 0.676398 -0.727529 0.107074 0.643644 0.581507 -0.408184 4.44517 -3.6563</i>
                        <i>0.838517 -0.0104706 -0.146441 -0.123364 0.646787 -0.752627 0.103652 0.655836 0.546617 -0.445523 4.27963 -3.7934</i>
                        <i>0.822962 -0.00982792 -0.147654 -0.131921 0.616405 -0.7763 0.0997825 0.665941 0.511821 -0.484533 4.10081 -3.92853</i>
                        <i>0.807204 -0.00909985 -0.148673 -0.140462 0.585436 -0.798458 0.0955166 0.673956 0.477347 -0.524833 3.91087 -4.06008</i>
                        <i>0.791286 -0.00829383 -0.149512 -0.148948 0.554072 -0.819035 0.0909095 0.679905 0.443419 -0.566047 3.71213 -4.18668</i>
                        <i>0.775251 -0.00741787 -0.150186 -0.15734 0.522517 -0.837986 0.0860194 0.68384 0.41025 -0.607815 3.507 -4.30721</i>
                        <i>0.759138 -0.0064804 -0.150711 -0.165607 0.490981 -0.855285 0.0809068 0.685835 0.378042 -0.649794 3.29798 -4.42081</i>
                        <i>0.742992 -0.00549013 -0.1511 -0.173721 0.459679 -0.870928 0.0756331 0.685988 0.346981 -0.691678 3.08764 -4.52691</i>
                        <i>0.726852 -0.0044559 -0.151367 -0.181658 0.428827 -0.884933 0.0702602 0.684416 0.317236 -0.733196 2.87863 -4.62518</i>
                        <i>0.710761 -0.00338658 -0.151527 -0.189403 0.398644 -0.897335 0.0648493 0.68125 0.28896 -0.774127 2.6736 -4.71557</i>
                        <i>0.69476 -0.00229096 -0.151594 -0.196944 0.369345 -0.908184 0.0594606 0.676637 0.262284 -0.814306 2.47525 -4.79831</i>
                        <i>0.678891 -0.00117758 -0.151581 -0.204276 0.341144 -0.917547 0.0541522 0.670731 0.237322 -0.853633 2.28625 -4.87388</i>
                        <i>0.663195 -5.47049e-005 -0.151503 -0.2114 0.314249 -0.925504 0.0489798 0.663695 0.214166 -0.892081 2.10927 -4.94304</i>
                        <i>0.647714 0.00106986 -0.151374 -0.218305 0.289132 -0.932065 0.0440378 0.655636 0.193068 -0.930088 1.94028 -5.00748</i>
                        <i>0.632489 0.00218877 -0.151206 -0.225006 0.266026 -0.937338 0.0393821 0.646732 0.174095 -0.968034 1.77335 -5.0683</i>
                        <i>0.617561 0.0032953 -0.151015 -0.231543 0.244768 -0.941529 0.0350037 0.637218 0.157049 -1.00586 1.60824 -5.12558</i>
                        <i>0.602972 0.00438333 -0.150815 -0.237953 0.225181 -0.944813 0.0308885 0.627299 0.141727 -1.04349 1.44471 -5.17938</i>
                        <i>0.588762 0.00544748 -0.15062 -0.24427 0.207073 -0.94734 0.0270183 0.617151 0.127933 -1.08086 1.28257 -5.22971</i>
                        <i>0.574974 0.00648306 -0.150447 -0.25052 0.190245 -0.949235 0.0233709 0.606928 0.115472 -1.11788 1.12158 -5.27658</i>
                        <i>0.561647 0.00748619 -0.150309 -0.256728 0.174491 -0.950602 0.0199215 0.596762 0.10416 -1.15447 0.961566 -5.31997</i>
                        <i>0.548822 0.00845373 -0.150225 -0.262913 0.159597 -0.951528 0.0166421 0.586768 0.0938186 -1.19052 0.802332 -5.3598</i>
                        <i>0.53654 0.00938333 -0.150211 -0.269089 0.145347 -0.952085 0.0135026 0.577048 0.0842772 -1.22593 0.643714 -5.39602</i>
                        <i>0.524841 0.0102734 -0.150284 -0.275267 0.131522 -0.952329 0.0104707 0.567691 0.0753745 -1.2606 0.485559 -5.42852</i>
                        <i>0.513765 0.0111232 -0.150465 -0.281451 0.117897 -0.952305 0.0075119 0.558774 0.0669571 -1.29438 0.327736 -5.45717</i>
                        <i>0.503352 0.0119324 -0.150772 -0.287643 0.10425 -0.952047 0.00458938 0.550366 0.0588788 -1.32716 0.170133 -5.48185</i>
                        <i>0.49364 0.0127016 -0.151226 -0.293839 0.0903534 -0.951575 0.00166422 0.542527 0.0509998 -1.35879 0.0126629 -5.50239</i>
                        <i>0.484668 0.013432 -0.15185 -0.300029 0.0759813 -0.950899 -0.0013051 0.53531 0.0431855 -1.38911 -0.14474 -5.51863</i>
                        <i>0.476476 0.014125 -0.152667 -0.306199 0.0609058 -0.950017 -0.00436287 0.528758 0.0353049 -1.41796 -0.302115 -5.53037</i>
                        <i>0.469099 0.0147827 -0.1537 -0.312326 0.0448991 -0.948913 -0.00755663 0.522907 0.0272292 -1.44518 -0.459475 -5.53744</i>
                        <i>0.462577 0.0154074 -0.154977 -0.318383 0.0277343 -0.947556 -0.0109375 0.517784 0.0188302 -1.47058 -0.616804 -5.53961</i>
                        <i>0.456945 0.0160017 -0.156523 -0.324332 0.00918511 -0.945899 -0.014561 0.513405 0.0099781 -1.49397 -0.774058 -5.53667</i>
                        <i>0.45224 0.0165683 -0.158367 -0.330127 -0.0109724 -0.943873 -0.0184872 0.509777 0.000539939 -1.51516 -0.931165 -5.52841</i>
                        <i>0.448496 0.0171098 -0.160539 -0.335712 -0.0329588 -0.941388 -0.0227819 0.50689 -0.00962235 -1.53394 -1.08802 -5.51462</i>
                        <i>0.44575 0.0176289 -0.16307 -0.341017 -0.0569891 -0.938328 -0.0275169 0.504721 -0.0206536 -1.55009 -1.24448 -5.49505</i>
                        <i>0.444034 0.0181277 -0.16599 -0.345957 -0.0832705 -0.934548 -0.0327708 0.503224 -0.0327072 -1.5634 -1.40039 -5.4695</i>
                    </KeyFrames>
                </p>
            </i>
            <i>
                <p>
                    <Name>
                        <![CDATA[rope_2]]>
</Name>
                    <Exclude>0</Exclude>
                    <Additive>0</Additive>
                    <IKPriority>0</IKPriority>
                    <IKRotLimits>-1e+010 -1e+010 -1e+010 1e+010 1e+010 1e+010</IKRotLimits>
                    <IKRotLimitOrder>0</IKRotLimitOrder>
                    <KeyFrames count="61">
                        <i>0.999211 0 0.0397259 0 1 0 -0.0397259 0 0.999211 0 8.96491 0</i>
                        <i>1.00006 0.00201086 0.0310918 -0.00122416 0.999678 -0.0253139 -0.0311315 0.0252786 0.99971 0.000586669 8.93837 -0.224555</i>
                        <i>1.00177 0.00378016 0.0224738 -0.00272422 0.998884 -0.0469209 -0.0226223 0.0469645 1.00056 -0.000966135 8.90621 -0.447426</i>
                        <i>1.0041 0.00531163 0.0137541 -0.00440822 0.997816 -0.0651519 -0.0140632 0.0654664 1.00177 -0.00464614 8.86851 -0.668826</i>
                        <i>1.00682 0.00659388 0.00482091 -0.00618782 0.996609 -0.0803393 -0.00532437 0.0811758 1.0033 -0.0104419 8.82534 -0.888969</i>
                        <i>1.0097 0.007601 -0.00442967 -0.00797602 0.995351 -0.0928217 0.00371798 0.0944646 1.00503 -0.0183437 8.77672 -1.10807</i>
                        <i>1.01248 0.0082933 -0.0140929 -0.00968591 0.994096 -0.10295 0.013179 0.105682 1.0068 -0.0283449 8.72264 -1.32634</i>
                        <i>1.01494 0.0086182 -0.0242532 -0.0112307 0.992876 -0.111092 0.0231631 0.115155 1.00842 -0.040444 8.66304 -1.544</i>
                        <i>1.0168 0.00848524 -0.0350987 -0.0125128 0.991711 -0.11764 0.0338801 0.123182 1.00964 -0.0546439 8.59785 -1.76123</i>
                        <i>1.01783 0.00784149 -0.04656 -0.0134582 0.990614 -0.123011 0.045277 0.130035 1.01019 -0.070965 8.52696 -1.97823</i>
                        <i>1.01779 0.00670591 -0.0583176 -0.0140449 0.9896 -0.127652 0.0570396 0.135956 1.00976 -0.0894517 8.45019 -2.19518</i>
                        <i>1.01644 0.00513058 -0.0700446 -0.0142957 0.988691 -0.132036 0.068836 0.141158 1.00805 -0.110166 8.36738 -2.41224</i>
                        <i>1.01357 0.00320099 -0.0814111 -0.0142809 0.987928 -0.136659 0.0803189 0.145822 1.00473 -0.133186 8.27828 -2.62954</i>
                        <i>1.00899 0.00103551 -0.0920899 -0.0141201 0.987382 -0.142042 0.0911302 0.150096 0.999453 -0.158596 8.18264 -2.84721</i>
                        <i>1.0025 -0.00121644 -0.101763 -0.0139805 0.987166 -0.148726 0.100906 0.15409 0.99182 -0.186485 8.08014 -3.06531</i>
                        <i>0.993911 -0.00337754 -0.110131 -0.0140719 0.987454 -0.15728 0.109281 0.157872 0.981394 -0.216929 7.97045 -3.2839</i>
                        <i>0.983795 -0.00555275 -0.117642 -0.0144216 0.988317 -0.168013 0.116683 0.161746 0.968553 -0.24976 7.85557 -3.50045</i>
                        <i>0.97288 -0.00789406 -0.124769 -0.0149938 0.989764 -0.180945 0.123584 0.165979 0.953937 -0.284845 7.73696 -3.71327</i>
                        <i>0.961237 -0.0102612 -0.131288 -0.0159482 0.991944 -0.19624 0.129703 0.170545 0.937458 -0.322301 7.61322 -3.92344</i>
                        <i>0.948943 -0.0124964 -0.136999 -0.0174602 0.99501 -0.214075 0.134782 0.175419 0.919041 -0.362228 7.48284 -4.13191</i>
                        <i>0.936075 -0.0144285 -0.141733 -0.019719 0.99911 -0.234644 0.138589 0.180573 0.89863 -0.404691 7.34421 -4.33944</i>
                        <i>0.922712 -0.0158761 -0.145349 -0.0229259 1.00438 -0.258168 0.140925 0.185977 0.876196 -0.449715 7.1956 -4.54663</i>
                        <i>0.908931 -0.0166517 -0.147739 -0.0272928 1.01091 -0.2849 0.141632 0.191596 0.851747 -0.497274 7.03521 -4.75391</i>
                        <i>0.894805 -0.0165653 -0.148824 -0.0330425 1.01878 -0.31513 0.14059 0.197384 0.825331 -0.547287 6.86119 -4.96153</i>
                        <i>0.880297 -0.0158587 -0.149101 -0.0401327 1.02798 -0.349234 0.138321 0.203276 0.796946 -0.599792 6.67161 -5.16952</i>
                        <i>0.865343 -0.0149068 -0.149128 -0.0484537 1.03843 -0.387648 0.135424 0.209196 0.766627 -0.65491 6.46451 -5.37775</i>
                        <i>0.849979 -0.0137227 -0.148942 -0.0581452 1.04998 -0.430807 0.131942 0.215076 0.734552 -0.712613 6.23829 -5.58497</i>
                        <i>0.834238 -0.0123238 -0.148575 -0.0693606 1.06236 -0.479182 0.127924 0.220842 0.700941 -0.77256 5.99426 -5.78861</i>
                        <i>0.81816 -0.0107311 -0.148061 -0.0822659 1.07522 -0.533265 0.123421 0.226416 0.666048 -0.834253 5.73489 -5.98649</i>
                        <i>0.801785 -0.00896862 -0.147427 -0.0970375 1.08808 -0.593561 0.118487 0.231722 0.630146 -0.897196 5.46285 -6.17678</i>
                        <i>0.785155 -0.00706284 -0.1467 -0.114989 1.09797 -0.666501 0.112819 0.240099 0.591446 -0.960906 5.18097 -6.35793</i>
                        <i>0.768316 -0.0050418 -0.145903 -0.137193 1.10144 -0.75691 0.106105 0.252915 0.548517 -1.02492 4.89218 -6.5287</i>
                        <i>0.751317 -0.00293459 -0.145055 -0.163378 1.09716 -0.862534 0.0984274 0.26744 0.502271 -1.08882 4.59956 -6.68816</i>
                        <i>0.734208 -0.000770531 -0.144175 -0.193144 1.084 -0.980656 0.0899378 0.28142 0.45381 -1.15221 4.30625 -6.83573</i>
                        <i>0.71704 0.00142138 -0.143276 -0.225972 1.06139 -1.10818 0.0808615 0.293132 0.404428 -1.21477 4.01545 -6.97113</i>
                        <i>0.699866 0.00361306 -0.14237 -0.261251 1.02955 -1.24178 0.0714884 0.301409 0.35556 -1.27623 3.7304 -7.0944</i>
                        <i>0.682739 0.00577782 -0.141469 -0.298335 0.98969 -1.37816 0.0621528 0.305612 0.308691 -1.3364 3.45438 -7.20589</i>
                        <i>0.665713 0.00789077 -0.140579 -0.336609 0.944088 -1.51427 0.0532094 0.305577 0.265254 -1.39517 3.19062 -7.30628</i>
                        <i>0.64884 0.00992911 -0.139709 -0.375553 0.896061 -1.64754 0.0450084 0.301516 0.226539 -1.4525 2.94234 -7.39655</i>
                        <i>0.632176 0.01187 -0.138861 -0.4147 0.850287 -1.77562 0.0378973 0.293879 0.193725 -1.50881 2.70677 -7.47838</i>
                        <i>0.615771 0.0136949 -0.138041 -0.453812 0.811938 -1.89702 0.0321647 0.283298 0.167646 -1.56452 2.47858 -7.55317</i>
                        <i>0.599669 0.0153914 -0.137256 -0.493649 0.778486 -2.01514 0.0274417 0.271366 0.146377 -1.61967 2.25711 -7.62156</i>
                        <i>0.583913 0.0169497 -0.136517 -0.535013 0.744195 -2.1338 0.0231877 0.259382 0.127484 -1.6743 2.04167 -7.68407</i>
                        <i>0.568545 0.0183627 -0.135834 -0.57795 0.709104 -2.25294 0.019368 0.24755 0.110723 -1.72841 1.83151 -7.7411</i>
                        <i>0.553603 0.0196252 -0.135222 -0.622486 0.673174 -2.37238 0.0159471 0.236033 0.0958687 -1.78201 1.62592 -7.79299</i>
                        <i>0.539129 0.020734 -0.134693 -0.668619 0.636274 -2.49188 0.0128894 0.224954 0.08271 -1.83505 1.42414 -7.84</i>
                        <i>0.52516 0.0216874 -0.134265 -0.716308 0.598186 -2.61105 0.01016 0.214409 0.0710556 -1.8875 1.22542 -7.88229</i>
                        <i>0.511733 0.022485 -0.133952 -0.765467 0.558602 -2.72939 0.00772504 0.204468 0.0607305 -1.93929 1.02903 -7.91999</i>
                        <i>0.498885 0.0231274 -0.133773 -0.815949 0.517125 -2.84621 0.00555227 0.195183 0.0515761 -1.99033 0.834221 -7.95313</i>
                        <i>0.486651 0.0236157 -0.133747 -0.867536 0.473278 -2.9607 0.00361096 0.18659 0.0434484 -2.04051 0.64028 -7.98172</i>
                        <i>0.475068 0.0239515 -0.133894 -0.919929 0.42651 -3.07183 0.00187207 0.178716 0.0362169 -2.0897 0.446498 -8.00571</i>
                        <i>0.46417 0.024136 -0.134233 -0.972734 0.376214 -3.1784 0.000308219 0.171576 0.0297631 -2.13775 0.252189 -8.02501</i>
                        <i>0.453992 0.0241701 -0.134785 -1.02545 0.321741 -3.279 -0.00110647 0.165182 0.0239787 -2.18448 0.0566857 -8.03945</i>
                        <i>0.444569 0.0240539 -0.135572 -1.07748 0.262435 -3.37203 -0.00239656 0.159543 0.0187644 -2.22969 -0.140654 -8.04886</i>
                        <i>0.435936 0.0237859 -0.136614 -1.12806 0.197664 -3.4557 -0.00358558 0.154667 0.0140275 -2.27315 -0.340447 -8.05299</i>
                        <i>0.428131 0.023363 -0.137934 -1.17636 0.126865 -3.52801 -0.00469634 0.150565 0.00968098 -2.31461 -0.54328 -8.05157</i>
                        <i>0.42119 0.0227802 -0.139554 -1.22137 0.0496005 -3.58684 -0.00575144 0.147251 0.00564105 -2.35377 -0.749709 -8.04424</i>
                        <i>0.415155 0.0220298 -0.141493 -1.262 -0.0343841 -3.62991 -0.00677378 0.144746 0.00182517 -2.39032 -0.960252 -8.03061</i>
                        <i>0.410068 0.021101 -0.143774 -1.29703 -0.125089 -3.65488 -0.00778723 0.14308 -0.00185034 -2.42391 -1.17539 -8.01022</i>
                        <i>0.405976 0.0199801 -0.146416 -1.32517 -0.222187 -3.65939 -0.00881751 0.142293 -0.00547318 -2.45412 -1.39556 -7.98255</i>
                        <i>0.402934 0.01865 -0.149437 -1.34507 -0.324954 -3.64119 -0.00989333 0.142441 -0.00913869 -2.48053 -1.62114 -7.94698</i>
                    </KeyFrames>
                </p>
            </i>
            <i>
                <p>
                    <Name>
                        <![CDATA[r_chute]]>
</Name>
                    <Exclude>0</Exclude>
                    <Additive>0</Additive>
                    <IKPriority>0</IKPriority>
                    <IKRotLimits>-1e+010 -1e+010 -1e+010 1e+010 1e+010 1e+010</IKRotLimits>
                    <IKRotLimitOrder>0</IKRotLimitOrder>
                    <KeyFrames count="61">
                        <i>1 0 0 0 1 0 0 0 1 -3 11 0</i>
                        <i>0.997906 0.0161478 -0.00634206 -0.0163736 0.999359 -0.031823 0.00576694 0.0315474 0.987737 -3.04049 10.9696 -0.223425</i>
                        <i>0.995383 0.0338884 -0.0136347 -0.034835 0.997324 -0.0642795 0.0111917 0.0631697 0.974039 -3.08629 10.9346 -0.445328</i>
                        <i>0.992351 0.0526934 -0.0219622 -0.054917 0.993759 -0.0970923 0.0161998 0.0945821 0.958905 -3.13701 10.895 -0.665659</i>
                        <i>0.98876 0.0720343 -0.0313533 -0.0761437 0.988587 -0.129988 0.0207385 0.125508 0.942365 -3.19227 10.8509 -0.884372</i>
                        <i>0.984595 0.0913885 -0.0417822 -0.0980329 0.981793 -0.162705 0.024781 0.155681 0.924477 -3.25167 10.8021 -1.10143</i>
                        <i>0.97988 0.110244 -0.0531715 -0.120099 0.973423 -0.194999 0.0283287 0.184853 0.905329 -3.31485 10.7486 -1.31678</i>
                        <i>0.974681 0.128107 -0.0653949 -0.141856 0.96359 -0.226652 0.0314109 0.212797 0.885028 -3.38141 10.6905 -1.5304</i>
                        <i>0.969099 0.144504 -0.0782802 -0.162822 0.952467 -0.257479 0.0340829 0.239311 0.863706 -3.45097 10.6276 -1.74225</i>
                        <i>0.963276 0.158987 -0.0916126 -0.182519 0.94028 -0.287333 0.0364226 0.264219 0.841507 -3.52314 10.56 -1.9523</i>
                        <i>0.957381 0.171141 -0.105138 -0.200478 0.9273 -0.316107 0.0385248 0.287377 0.818588 -3.59755 10.4875 -2.16051</i>
                        <i>0.951607 0.180577 -0.118566 -0.216237 0.91383 -0.343738 0.0404956 0.308666 0.795116 -3.67378 10.4101 -2.36685</i>
                        <i>0.94616 0.186941 -0.131571 -0.22934 0.900194 -0.370208 0.0424447 0.327996 0.771258 -3.75148 10.3278 -2.57129</i>
                        <i>0.941249 0.189911 -0.143795 -0.239335 0.886718 -0.395537 0.0444778 0.345301 0.747187 -3.83023 10.2404 -2.77379</i>
                        <i>0.937075 0.189196 -0.154843 -0.245769 0.873718 -0.41978 0.0466887 0.360535 0.723073 -3.90965 10.1478 -2.97432</i>
                        <i>0.93335 0.186222 -0.164991 -0.250062 0.861103 -0.442685 0.0490337 0.373645 0.699108 -3.98935 10.0501 -3.17285</i>
                        <i>0.92967 0.18263 -0.174772 -0.253935 0.848723 -0.463882 0.0514367 0.384588 0.67549 -4.06892 9.9471 -3.36933</i>
                        <i>0.926041 0.178469 -0.184157 -0.257373 0.836783 -0.483274 0.0539265 0.393367 0.652391 -4.14799 9.83871 -3.56373</i>
                        <i>0.922467 0.173791 -0.19312 -0.260359 0.825491 -0.500776 0.0565279 0.399996 0.629974 -4.22614 9.72488 -3.756</i>
                        <i>0.918951 0.168644 -0.201642 -0.262599 0.8169 -0.513534 0.0599059 0.402506 0.60965 -4.30297 9.6055 -3.94611</i>
                        <i>0.915497 0.163081 -0.209703 -0.263816 0.81247 -0.519898 0.0644311 0.399939 0.592309 -4.37809 9.48051 -4.13399</i>
                        <i>0.912108 0.15715 -0.21729 -0.264031 0.811369 -0.521505 0.0696844 0.393699 0.577245 -4.45108 9.34982 -4.31961</i>
                        <i>0.908787 0.150903 -0.224393 -0.263308 0.812634 -0.519899 0.0752566 0.385038 0.563723 -4.52152 9.21334 -4.50292</i>
                        <i>0.905537 0.144388 -0.231005 -0.261772 0.815242 -0.516581 0.0807617 0.375098 0.551036 -4.58902 9.07101 -4.68386</i>
                        <i>0.902361 0.137654 -0.237124 -0.259625 0.818164 -0.513032 0.0858478 0.364932 0.538537 -4.65315 8.92275 -4.86237</i>
                        <i>0.899259 0.130748 -0.242749 -0.257148 0.820383 -0.510732 0.0902048 0.35552 0.525651 -4.71349 8.7685 -5.0384</i>
                        <i>0.896236 0.123718 -0.247884 -0.254692 0.820889 -0.511149 0.0935682 0.347757 0.511865 -4.76961 8.60819 -5.21188</i>
                        <i>0.893291 0.116608 -0.252536 -0.252661 0.818653 -0.515723 0.0957174 0.342448 0.496705 -4.81344 8.44581 -5.38003</i>
                        <i>0.890427 0.109463 -0.256715 -0.25149 0.812562 -0.525829 0.0964683 0.340284 0.479701 -4.83891 8.28455 -5.54143</i>
                        <i>0.887644 0.102324 -0.260434 -0.251608 0.801342 -0.542719 0.0956614 0.341808 0.460341 -4.84861 8.12298 -5.69796</i>
                        <i>0.884943 0.0952309 -0.263708 -0.252601 0.786424 -0.563675 0.0938431 0.345215 0.43958 -4.84512 7.95948 -5.85122</i>
                        <i>0.882325 0.0882231 -0.266557 -0.253788 0.770192 -0.585146 0.0916845 0.348382 0.418788 -4.83103 7.79224 -6.00256</i>
                        <i>0.879791 0.0813365 -0.269001 -0.255171 0.752627 -0.606993 0.0892216 0.351246 0.398012 -4.80892 7.61929 -6.15303</i>
                        <i>0.877339 0.074605 -0.271063 -0.256752 0.733719 -0.629075 0.0864891 0.353754 0.3773 -4.78134 7.43851 -6.30341</i>
                        <i>0.87497 0.0680602 -0.27277 -0.258525 0.713465 -0.651255 0.08352 0.355862 0.356701 -4.75081 7.24764 -6.45418</i>
                        <i>0.872682 0.0617312 -0.27415 -0.260485 0.691874 -0.673393 0.0803459 0.357535 0.336267 -4.71981 7.0443 -6.60551</i>
                        <i>0.870475 0.0556445 -0.275231 -0.262623 0.668963 -0.695354 0.0769972 0.358744 0.316048 -4.69077 6.826 -6.75727</i>
                        <i>0.868346 0.0498242 -0.276046 -0.26493 0.644761 -0.717005 0.0735021 0.359473 0.296095 -4.66605 6.59019 -6.90898</i>
                        <i>0.866295 0.0442911 -0.276628 -0.267393 0.619304 -0.738216 0.0698878 0.359713 0.276456 -4.64795 6.33424 -7.05988</i>
                        <i>0.864318 0.0390635 -0.277011 -0.269998 0.592642 -0.758865 0.0661792 0.359465 0.257181 -4.63867 6.05546 -7.20886</i>
                        <i>0.862413 0.0341568 -0.27723 -0.272734 0.564832 -0.778833 0.0624 0.358736 0.238314 -4.64035 5.75116 -7.35448</i>
                        <i>0.860576 0.0295832 -0.277323 -0.275585 0.535941 -0.79801 0.0585717 0.357543 0.219897 -4.655 5.41861 -7.49498</i>
                        <i>0.858804 0.0253521 -0.277328 -0.278538 0.506047 -0.816292 0.0547144 0.35591 0.201971 -4.67994 5.03375 -7.63407</i>
                        <i>0.857093 0.0214699 -0.277281 -0.28158 0.475234 -0.833586 0.050846 0.35387 0.184568 -4.70987 4.58238 -7.7711</i>
                        <i>0.855439 0.0179396 -0.277222 -0.284699 0.443597 -0.849805 0.0469825 0.351457 0.16772 -4.74289 4.07708 -7.89854</i>
                        <i>0.853835 0.0147615 -0.277189 -0.287883 0.411236 -0.864875 0.0431382 0.348717 0.151451 -4.77729 3.53095 -8.0103</i>
                        <i>0.852278 0.0119327 -0.277222 -0.291122 0.378257 -0.878732 0.0393251 0.345697 0.13578 -4.8116 2.95753 -8.1017</i>
                        <i>0.85076 0.00944713 -0.277358 -0.29441 0.344774 -0.891321 0.0355534 0.342448 0.120719 -4.84464 2.37068 -8.16947</i>
                        <i>0.849276 0.00729572 -0.277638 -0.297742 0.310902 -0.902602 0.031831 0.339026 0.106278 -4.87558 1.78452 -8.21184</i>
                        <i>0.847818 0.00546639 -0.278098 -0.301113 0.276762 -0.912542 0.028164 0.335489 0.0924562 -4.90396 1.21327 -8.22843</i>
                        <i>0.84638 0.00394403 -0.278776 -0.304525 0.242476 -0.921124 0.0245563 0.331896 0.0792498 -4.92976 0.671205 -8.22034</i>
                        <i>0.844953 0.00271058 -0.279708 -0.30798 0.208168 -0.92834 0.0210097 0.328306 0.0666484 -4.95341 0.172521 -8.19008</i>
                        <i>0.84353 0.001745 -0.280931 -0.311485 0.173961 -0.934192 0.0175243 0.324782 0.0546363 -4.97588 -0.268764 -8.14156</i>
                        <i>0.8421 0.00102339 -0.282477 -0.31505 0.139978 -0.938696 0.0140981 0.321381 0.0431926 -4.99865 -0.638905 -8.08009</i>
                        <i>0.840656 0.000519008 -0.284382 -0.318689 0.106341 -0.941875 0.0107275 0.318163 0.0322919 -5.03911 -0.860925 -8.00926</i>
                        <i>0.839187 0.00020231 -0.286675 -0.322418 0.0731668 -0.943765 0.00740695 0.315187 0.0219049 -5.10899 -0.910122 -7.93919</i>
                        <i>0.837683 4.10115e-005 -0.289388 -0.326259 0.0405721 -0.944409 0.00412978 0.312506 0.0119987 -5.20038 -0.851768 -7.8811</i>
                        <i>0.836133 1.44244e-007 -0.292547 -0.330238 0.00866765 -0.943858 0.000887861 0.310175 0.00253776 -5.30326 -0.751195 -7.83964</i>
