<?xml version="1.0" encoding="ISO-8859-1" ?>
<Animl Version="1">
    <ModellingPackage><![CDATA[Maya.2010]]></ModellingPackage>
    <SrcFile><![CDATA[anims\turrets\antitank\blue\~src\antitank_m72_law\antitank_m72law_fire.mb]]></SrcFile>
    <FramesPerSecond>30</FramesPerSecond>
    <TotalFrames>30</TotalFrames>
    <Skeleton>
        <RefFrame>
            <Name><![CDATA[m72law_ref_frame]]></Name>
            <Exclude>1</Exclude>
            <Additive>0</Additive>
            <IKPriority>0</IKPriority>
            <IKRotLimits>-1e+010 -1e+010 -1e+010 1e+010 1e+010 1e+010</IKRotLimits>
            <IKRotLimitOrder>0</IKRotLimitOrder>
            <KeyFrames count="30">
                <i>1 0 0 0 1 0 0 0 1 0 2.65 0</i>
                <i>1 0 0 0 1 0 0 0 1 0 2.65 0</i>
                <i>1 0 0 0 1 0 0 0 1 0 2.65 0</i>
                <i>1 0 0 0 1 0 0 0 1 0 2.65 0</i>
                <i>1 0 0 0 1 0 0 0 1 0 2.65 0</i>
                <i>1 0 0 0 1 0 0 0 1 0 2.65 0</i>
                <i>1 0 0 0 1 0 0 0 1 0 2.65 0</i>
                <i>1 0 0 0 1 0 0 0 1 0 2.65 0</i>
                <i>1 0 0 0 1 0 0 0 1 0 2.65 0</i>
                <i>1 0 0 0 1 0 0 0 1 0 2.65 0</i>
                <i>1 0 0 0 1 0 0 0 1 0 2.65 0</i>
                <i>1 0 0 0 1 0 0 0 1 0 2.65 0</i>
                <i>1 0 0 0 1 0 0 0 1 0 2.65 0</i>
                <i>1 0 0 0 1 0 0 0 1 0 2.65 0</i>
                <i>1 0 0 0 1 0 0 0 1 0 2.65 0</i>
                <i>1 0 0 0 1 0 0 0 1 0 2.65 0</i>
                <i>1 0 0 0 1 0 0 0 1 0 2.65 0</i>
                <i>1 0 0 0 1 0 0 0 1 0 2.65 0</i>
                <i>1 0 0 0 1 0 0 0 1 0 2.65 0</i>
                <i>1 0 0 0 1 0 0 0 1 0 2.65 0</i>
                <i>1 0 0 0 1 0 0 0 1 0 2.65 0</i>
                <i>1 0 0 0 1 0 0 0 1 0 2.65 0</i>
                <i>1 0 0 0 1 0 0 0 1 0 2.65 0</i>
                <i>1 0 0 0 1 0 0 0 1 0 2.65 0</i>
                <i>1 0 0 0 1 0 0 0 1 0 2.65 0</i>
                <i>1 0 0 0 1 0 0 0 1 0 2.65 0</i>
                <i>1 0 0 0 1 0 0 0 1 0 2.65 0</i>
                <i>1 0 0 0 1 0 0 0 1 0 2.65 0</i>
                <i>1 0 0 0 1 0 0 0 1 0 2.65 0</i>
                <i>1 0 0 0 1 0 0 0 1 0 2.65 0</i>
            </KeyFrames>
        </RefFrame>
        <Bones count="8">
            <i>
                <p>
                    <Name><![CDATA[m72_law_root]]></Name>
                    <Exclude>0</Exclude>
                    <Additive>1</Additive>
                    <IKPriority>0</IKPriority>
                    <IKRotLimits>-1e+010 -1e+010 -1e+010 1e+010 1e+010 1e+010</IKRotLimits>
                    <IKRotLimitOrder>0</IKRotLimitOrder>
                    <KeyFrames count="30">
                        <i>1 0 0 0 1 0 0 0 1 0 0 0</i>
                        <i>1 0 0 0 1 0 0 0 1 0 0 0</i>
                        <i>1 0 0 0 1 0 0 0 1 0 0 0</i>
                        <i>1 0 0 0 1 0 0 0 1 0 0 0</i>
                        <i>1 0 0 0 1 0 0 0 1 0 0 0</i>
                        <i>1 0 0 0 1 0 0 0 1 0 0 0</i>
                        <i>1 0 0 0 1 0 0 0 1 0 0 0</i>
                        <i>1 0 0 0 1 0 0 0 1 0 0 0</i>
                        <i>1 0 0 0 1 0 0 0 1 0 0 0</i>
                        <i>1 0 0 0 1 0 0 0 1 0 0 0</i>
                        <i>1 0 0 0 1 0 0 0 1 0 0 0</i>
                        <i>1 0 0 0 1 0 0 0 1 0 0 0</i>
                        <i>1 0 0 0 1 0 0 0 1 0 0 0</i>
                        <i>1 0 0 0 1 0 0 0 1 0 0 0</i>
                        <i>1 0 0 0 1 0 0 0 1 0 0 0</i>
                        <i>1 0 0 0 1 0 0 0 1 0 0 0</i>
                        <i>1 0 0 0 1 0 0 0 1 0 0 0</i>
                        <i>1 0 0 0 1 0 0 0 1 0 0 0</i>
                        <i>1 0 0 0 1 0 0 0 1 0 0 0</i>
                        <i>1 0 0 0 1 0 0 0 1 0 0 0</i>
                        <i>1 0 0 0 1 0 0 0 1 0 0 0</i>
                        <i>1 0 0 0 1 0 0 0 1 0 0 0</i>
                        <i>1 0 0 0 1 0 0 0 1 0 0 0</i>
                        <i>1 0 0 0 1 0 0 0 1 0 0 0</i>
                        <i>1 0 0 0 1 0 0 0 1 0 0 0</i>
                        <i>1 0 0 0 1 0 0 0 1 0 0 0</i>
                        <i>1 0 0 0 1 0 0 0 1 0 0 0</i>
                        <i>1 0 0 0 1 0 0 0 1 0 0 0</i>
                        <i>1 0 0 0 1 0 0 0 1 0 0 0</i>
                        <i>1 0 0 0 1 0 0 0 1 0 0 0</i>
                    </KeyFrames>
                </p>
            </i>
            <i>
                <p>
                    <Name><![CDATA[crosshair_stay]]></Name>
                    <Exclude>1</Exclude>
                    <Additive>0</Additive>
                    <IKPriority>0</IKPriority>
                    <IKRotLimits>-1e+010 -1e+010 -1e+010 1e+010 1e+010 1e+010</IKRotLimits>
                    <IKRotLimitOrder>0</IKRotLimitOrder>
                    <KeyFrames count="30">
                        <i>0.999986 0.00157932 -0.00506002 -0.00157463 0.999998 0.000931607 0.00506148 -0.000923627 0.999987 0.0992107 2.64355 -0.35423</i>
                        <i>0.999963 0.00420959 -0.00745539 -0.00403851 0.999732 0.0228165 0.00754944 -0.0227855 0.999712 0.0994383 2.55742 -0.357934</i>
                        <i>0.999973 0.00415892 -0.00607205 -0.00405472 0.999846 0.0170726 0.00614212 -0.0170475 0.999836 0.099618 2.49429 -0.355103</i>
                        <i>0.999991 0.00311354 -0.00303736 -0.00309811 0.999982 0.00506974 0.00305309 -0.00506028 0.999983 0.0986284 2.48005 -0.487202</i>
                        <i>0.999998 0.000984258 0.00144778 -0.000968645 0.999942 -0.0107458 -0.00145827 0.0107444 0.999941 0.0984953 2.52428 -0.670644</i>
                        <i>0.999972 -0.00231293 0.00716779 0.00255866 0.999403 -0.0344646 -0.0070838 0.034482 0.99938 0.100404 2.57996 -0.832874</i>
                        <i>0.99988 -0.00674052 0.0139602 0.00770388 0.997507 -0.0701448 -0.0134526 0.0702439 0.997439 0.10367 2.63319 -0.891926</i>
                        <i>0.99969 -0.0120881 0.0217576 0.01465 0.992455 -0.121731 -0.020122 0.122012 0.992325 0.105873 2.68027 -0.810332</i>
                        <i>0.998804 -0.020842 0.044227 0.0312115 0.968089 -0.248654 -0.0376333 0.249737 0.967582 0.108413 2.73989 -0.630263</i>
                        <i>0.996618 -0.0272982 0.0775017 0.0565774 0.911976 -0.406324 -0.0595878 0.409335 0.910436 0.104815 2.85232 -0.41103</i>
                        <i>0.995453 -0.0276957 0.091134 0.0667966 0.885068 -0.460645 -0.0679019 0.464638 0.882894 0.0955794 2.95899 -0.217541</i>
                        <i>0.996255 -0.0242548 0.0829954 0.0559778 0.912478 -0.405278 -0.0659015 0.408406 0.910418 0.0900485 2.96712 -0.0784169</i>
                        <i>0.997176 -0.017354 0.0730676 0.0396443 0.947967 -0.31589 -0.0637837 0.317895 0.945978 0.0907855 2.89165 -0.020233</i>
                        <i>0.998009 -0.00661101 0.0627258 0.0191126 0.979432 -0.200867 -0.0601077 0.201666 0.977608 0.095484 2.78346 -0.0284221</i>
                        <i>0.998545 0.00775126 0.0533563 -0.00394682 0.997465 -0.071042 -0.0537717 0.0707281 0.996045 0.101287 2.65856 -0.0687378</i>
                        <i>0.998635 0.0246481 0.0460569 -0.0274253 0.997781 0.0606736 -0.0444592 -0.0618539 0.997095 0.10533 2.54105 -0.107667</i>
                        <i>0.998255 0.0421787 0.041334 -0.048994 0.982281 0.180897 -0.0329716 -0.182606 0.982633 0.105978 2.47681 -0.127335</i>
                        <i>0.997562 0.0579004 0.038961 -0.0664676 0.958414 0.277534 -0.0212714 -0.279447 0.959925 0.104732 2.4814 -0.152748</i>
                        <i>0.996875 0.0691869 0.0381145 -0.0780511 0.936967 0.340589 -0.0121477 -0.3425 0.939439 0.10349 2.53316 -0.198682</i>
                        <i>0.996575 0.07354 0.0378139 -0.0822496 0.928783 0.361382 -0.00854494 -0.363254 0.931651 0.102984 2.59219 -0.236282</i>
                        <i>0.996684 0.0727235 0.0364873 -0.0809696 0.93061 0.356944 -0.00799722 -0.358715 0.933413 0.102919 2.63141 -0.255074</i>
                        <i>0.996937 0.0705717 0.0337099 -0.0779239 0.933093 0.351092 -0.00667727 -0.352643 0.935734 0.102604 2.64924 -0.266244</i>
                        <i>0.997223 0.0679485 0.0304872 -0.0743014 0.935625 0.345088 -0.00507636 -0.346395 0.938075 0.102182 2.64025 -0.273006</i>
                        <i>0.99745 0.0657324 0.0278112 -0.0712771 0.937642 0.340216 -0.0037138 -0.34133 0.939936 0.101811 2.61798 -0.278606</i>
                        <i>0.997541 0.0648111 0.0266649 -0.0700118 0.938619 0.337775 -0.00313665 -0.338811 0.940849 0.101653 2.59833 -0.286308</i>
                        <i>0.998075 0.0577479 0.0226175 -0.0618926 0.950724 0.303799 -0.0039592 -0.304614 0.952468 0.101702 2.59443 -0.300605</i>
                        <i>0.999053 0.0412878 0.0137425 -0.0433097 0.97408 0.222018 -0.00421966 -0.222403 0.974946 0.101511 2.61563 -0.319655</i>
                        <i>0.999737 0.0225038 0.00440284 -0.0228729 0.992272 0.121953 -0.0016244 -0.122022 0.992526 0.100759 2.64052 -0.337475</i>
                        <i>0.999968 0.00758943 -0.00244002 -0.00749448 0.999294 0.0368158 0.00271771 -0.0367963 0.999319 0.0997353 2.64557 -0.349751</i>
                        <i>0.999986 0.00157932 -0.00506002 -0.00157463 0.999998 0.000931607 0.00506148 -0.000923627 0.999987 0.0992107 2.64355 -0.35423</i>
                    </KeyFrames>
                </p>
            </i>
            <i>
                <p>
                    <Name><![CDATA[body]]></Name>
                    <Exclude>0</Exclude>
                    <Additive>1</Additive>
                    <IKPriority>0</IKPriority>
                    <IKRotLimits>-1e+010 -1e+010 -1e+010 1e+010 1e+010 1e+010</IKRotLimits>
                    <IKRotLimitOrder>0</IKRotLimitOrder>
                    <KeyFrames count="30">
                        <i>0.999986 0.00157932 -0.00506002 -0.00157463 0.999998 0.000931607 0.00506148 -0.000923627 0.999987 0.0992107 2.64355 -0.35423</i>
                        <i>0.999963 0.00420959 -0.00745539 -0.00403851 0.999732 0.0228165 0.00754944 -0.0227855 0.999712 0.0994383 2.55742 -0.357934</i>
                        <i>0.999973 0.00415892 -0.00607205 -0.00405472 0.999846 0.0170726 0.00614212 -0.0170475 0.999836 0.099618 2.49429 -0.355103</i>
                        <i>0.999991 0.00311354 -0.00303736 -0.00309811 0.999982 0.00506974 0.00305309 -0.00506028 0.999983 0.0986284 2.48005 -0.487202</i>
                        <i>0.999998 0.000984258 0.00144778 -0.000968645 0.999942 -0.0107458 -0.00145827 0.0107444 0.999941 0.0984953 2.52428 -0.670644</i>
                        <i>0.999972 -0.00231293 0.00716779 0.00255866 0.999403 -0.0344646 -0.0070838 0.034482 0.99938 0.100404 2.57996 -0.832874</i>
                        <i>0.99988 -0.00674052 0.0139602 0.00770388 0.997507 -0.0701448 -0.0134526 0.0702439 0.997439 0.10367 2.63319 -0.891926</i>
                        <i>0.99969 -0.0120881 0.0217576 0.01465 0.992455 -0.121731 -0.020122 0.122012 0.992325 0.105873 2.68027 -0.810332</i>
                        <i>0.998804 -0.020842 0.044227 0.0312115 0.968089 -0.248654 -0.0376333 0.249737 0.967582 0.108413 2.73989 -0.630263</i>
                        <i>0.996618 -0.0272982 0.0775017 0.0565774 0.911976 -0.406324 -0.0595878 0.409335 0.910436 0.104815 2.85232 -0.41103</i>
                        <i>0.995453 -0.0276957 0.091134 0.0667966 0.885068 -0.460645 -0.0679019 0.464638 0.882894 0.0955794 2.95899 -0.217541</i>
                        <i>0.996255 -0.0242548 0.0829954 0.0559778 0.912478 -0.405278 -0.0659015 0.408406 0.910418 0.0900485 2.96712 -0.0784169</i>
                        <i>0.997176 -0.017354 0.0730676 0.0396443 0.947967 -0.31589 -0.0637837 0.317895 0.945978 0.0907855 2.89165 -0.020233</i>
                        <i>0.998009 -0.00661101 0.0627258 0.0191126 0.979432 -0.200867 -0.0601077 0.201666 0.977608 0.095484 2.78346 -0.0284221</i>
                        <i>0.998545 0.00775126 0.0533563 -0.00394682 0.997465 -0.071042 -0.0537717 0.0707281 0.996045 0.101287 2.65856 -0.0687378</i>
                        <i>0.998635 0.0246481 0.0460569 -0.0274253 0.997781 0.0606736 -0.0444592 -0.0618539 0.997095 0.10533 2.54105 -0.107667</i>
                        <i>0.998255 0.0421787 0.041334 -0.048994 0.982281 0.180897 -0.0329716 -0.182606 0.982633 0.105978 2.47681 -0.127335</i>
                        <i>0.997562 0.0579004 0.038961 -0.0664676 0.958414 0.277534 -0.0212714 -0.279447 0.959925 0.104732 2.4814 -0.152748</i>
                        <i>0.996875 0.0691869 0.0381145 -0.0780511 0.936967 0.340589 -0.0121477 -0.3425 0.939439 0.10349 2.53316 -0.198682</i>
                        <i>0.996575 0.07354 0.0378139 -0.0822496 0.928783 0.361382 -0.00854494 -0.363254 0.931651 0.102984 2.59219 -0.236282</i>
                        <i>0.996684 0.0727235 0.0364873 -0.0809696 0.93061 0.356944 -0.00799722 -0.358715 0.933413 0.102919 2.63141 -0.255074</i>
                        <i>0.996937 0.0705717 0.0337099 -0.0779239 0.933093 0.351092 -0.00667727 -0.352643 0.935734 0.102604 2.64924 -0.266244</i>
                        <i>0.997223 0.0679485 0.0304872 -0.0743014 0.935625 0.345088 -0.00507636 -0.346395 0.938075 0.102182 2.64025 -0.273006</i>
                        <i>0.99745 0.0657324 0.0278112 -0.0712771 0.937642 0.340216 -0.0037138 -0.34133 0.939936 0.101811 2.61798 -0.278606</i>
                        <i>0.997541 0.0648111 0.0266649 -0.0700118 0.938619 0.337775 -0.00313665 -0.338811 0.940849 0.101653 2.59833 -0.286308</i>
                        <i>0.998075 0.0577479 0.0226175 -0.0618926 0.950724 0.303799 -0.0039592 -0.304614 0.952468 0.101702 2.59443 -0.300605</i>
                        <i>0.999053 0.0412878 0.0137425 -0.0433097 0.97408 0.222018 -0.00421966 -0.222403 0.974946 0.101511 2.61563 -0.319655</i>
                        <i>0.999737 0.0225038 0.00440284 -0.0228729 0.992272 0.121953 -0.0016244 -0.122022 0.992526 0.100759 2.64052 -0.337475</i>
                        <i>0.999968 0.00758943 -0.00244002 -0.00749448 0.999294 0.0368158 0.00271771 -0.0367963 0.999319 0.0997353 2.64557 -0.349751</i>
                        <i>0.999986 0.00157932 -0.00506002 -0.00157463 0.999998 0.000931607 0.00506148 -0.000923627 0.999987 0.0992107 2.64355 -0.35423</i>
                    </KeyFrames>
                </p>
            </i>
            <i>
                <p>
                    <Name><![CDATA[pitch]]></Name>
                    <Exclude>0</Exclude>
                    <Additive>1</Additive>
                    <IKPriority>0</IKPriority>
                    <IKRotLimits>-1e+010 -1e+010 -1e+010 1e+010 1e+010 1e+010</IKRotLimits>
                    <IKRotLimitOrder>0</IKRotLimitOrder>
                    <KeyFrames count="30">
                        <i>0.999986 0.00157932 -0.00506002 -0.00157463 0.999998 0.000931607 0.00506148 -0.000923627 0.999987 0.0992107 2.64355 -0.35423</i>
                        <i>0.999963 0.00420959 -0.00745539 -0.00403851 0.999732 0.0228165 0.00754944 -0.0227855 0.999712 0.0994383 2.55742 -0.357934</i>
                        <i>0.999973 0.00415892 -0.00607205 -0.00405472 0.999846 0.0170726 0.00614212 -0.0170475 0.999836 0.099618 2.49429 -0.355103</i>
                        <i>0.999991 0.00311354 -0.00303736 -0.00309811 0.999982 0.00506974 0.00305309 -0.00506028 0.999983 0.0986284 2.48005 -0.487202</i>
                        <i>0.999998 0.000984258 0.00144778 -0.000968645 0.999942 -0.0107458 -0.00145827 0.0107444 0.999941 0.0984953 2.52428 -0.670644</i>
                        <i>0.999972 -0.00231293 0.00716779 0.00255866 0.999403 -0.0344646 -0.0070838 0.034482 0.99938 0.100404 2.57996 -0.832874</i>
                        <i>0.99988 -0.00674052 0.0139602 0.00770388 0.997507 -0.0701448 -0.0134526 0.0702439 0.997439 0.10367 2.63319 -0.891926</i>
                        <i>0.99969 -0.0120881 0.0217576 0.01465 0.992455 -0.121731 -0.020122 0.122012 0.992325 0.105873 2.68027 -0.810332</i>
                        <i>0.998804 -0.020842 0.044227 0.0312115 0.968089 -0.248654 -0.0376333 0.249737 0.967582 0.108413 2.73989 -0.630263</i>
                        <i>0.996618 -0.0272982 0.0775017 0.0565774 0.911976 -0.406324 -0.0595878 0.409335 0.910436 0.104815 2.85232 -0.41103</i>
                        <i>0.995453 -0.0276957 0.091134 0.0667966 0.885068 -0.460645 -0.0679019 0.464638 0.882894 0.0955794 2.95899 -0.217541</i>
                        <i>0.996255 -0.0242548 0.0829954 0.0559778 0.912478 -0.405278 -0.0659015 0.408406 0.910418 0.0900485 2.96712 -0.0784169</i>
                        <i>0.997176 -0.017354 0.0730676 0.0396443 0.947967 -0.31589 -0.0637837 0.317895 0.945978 0.0907855 2.89165 -0.020233</i>
                        <i>0.998009 -0.00661101 0.0627258 0.0191126 0.979432 -0.200867 -0.0601077 0.201666 0.977608 0.095484 2.78346 -0.0284221</i>
                        <i>0.998545 0.00775126 0.0533563 -0.00394682 0.997465 -0.071042 -0.0537717 0.0707281 0.996045 0.101287 2.65856 -0.0687378</i>
                        <i>0.998635 0.0246481 0.0460569 -0.0274253 0.997781 0.0606736 -0.0444592 -0.0618539 0.997095 0.10533 2.54105 -0.107667</i>
                        <i>0.998255 0.0421787 0.041334 -0.048994 0.982281 0.180897 -0.0329716 -0.182606 0.982633 0.105978 2.47681 -0.127335</i>
                        <i>0.997562 0.0579004 0.038961 -0.0664676 0.958414 0.277534 -0.0212714 -0.279447 0.959925 0.104732 2.4814 -0.152748</i>
                        <i>0.996875 0.0691869 0.0381145 -0.0780511 0.936967 0.340589 -0.0121477 -0.3425 0.939439 0.10349 2.53316 -0.198682</i>
                        <i>0.996575 0.07354 0.0378139 -0.0822496 0.928783 0.361382 -0.00854494 -0.363254 0.931651 0.102984 2.59219 -0.236282</i>
                        <i>0.996684 0.0727235 0.0364873 -0.0809696 0.93061 0.356944 -0.00799722 -0.358715 0.933413 0.102919 2.63141 -0.255074</i>
                        <i>0.996937 0.0705717 0.0337099 -0.0779239 0.933093 0.351092 -0.00667727 -0.352643 0.935734 0.102604 2.64924 -0.266244</i>
                        <i>0.997223 0.0679485 0.0304872 -0.0743014 0.935625 0.345088 -0.00507636 -0.346395 0.938075 0.102182 2.64025 -0.273006</i>
                        <i>0.99745 0.0657324 0.0278112 -0.0712771 0.937642 0.340216 -0.0037138 -0.34133 0.939936 0.101811 2.61798 -0.278606</i>
                        <i>0.997541 0.0648111 0.0266649 -0.0700118 0.938619 0.337775 -0.00313665 -0.338811 0.940849 0.101653 2.59833 -0.286308</i>
                        <i>0.998075 0.0577479 0.0226175 -0.0618926 0.950724 0.303799 -0.0039592 -0.304614 0.952468 0.101702 2.59443 -0.300605</i>
                        <i>0.999053 0.0412878 0.0137425 -0.0433097 0.97408 0.222018 -0.00421966 -0.222403 0.974946 0.101511 2.61563 -0.319655</i>
                        <i>0.999737 0.0225038 0.00440284 -0.0228729 0.992272 0.121953 -0.0016244 -0.122022 0.992526 0.100759 2.64052 -0.337475</i>
                        <i>0.999968 0.00758943 -0.00244002 -0.00749448 0.999294 0.0368158 0.00271771 -0.0367963 0.999319 0.0997353 2.64557 -0.349751</i>
                        <i>0.999986 0.00157932 -0.00506002 -0.00157463 0.999998 0.000931607 0.00506148 -0.000923627 0.999987 0.0992107 2.64355 -0.35423</i>
                    </KeyFrames>
                </p>
            </i>
            <i>
                <p>
                    <Name><![CDATA[slide]]></Name>
                    <Exclude>0</Exclude>
                    <Additive>0</Additive>
                    <IKPriority>0</IKPriority>
                    <IKRotLimits>-1e+010 -1e+010 -1e+010 1e+010 1e+010 1e+010</IKRotLimits>
                    <IKRotLimitOrder>0</IKRotLimitOrder>
                    <KeyFrames count="30">
                        <i>0.999986 0.00157932 -0.00506002 -0.00157463 0.999998 0.000931607 0.00506148 -0.000923627 0.999987 0.0846396 2.83518 -2.03174</i>
                        <i>0.999963 0.00420959 -0.00745539 -0.00403851 0.999732 0.0228165 0.00754944 -0.0227855 0.999712 0.078992 2.78939 -2.19406</i>
                        <i>0.999973 0.00415892 -0.00607205 -0.00405472 0.999846 0.0170726 0.00614212 -0.0170475 0.999836 0.0813182 2.71694 -2.26439</i>
                        <i>0.999991 0.00311354 -0.00303736 -0.00309811 0.999982 0.00506974 0.00305309 -0.00506028 0.999983 0.0866965 2.67935 -2.30828</i>
                        <i>0.999998 0.000984258 0.00144778 -0.000968645 0.999942 -0.0107458 -0.00145827 0.0107444 0.999941 0.0949991 2.69617 -2.36498</i>
                        <i>0.999972 -0.00231293 0.00716779 0.00255866 0.999403 -0.0344646 -0.0070838 0.034482 0.99938 0.106032 2.71679 -2.38026</i>
                        <i>0.99988 -0.00674052 0.0139602 0.00770388 0.997507 -0.0701448 -0.0134526 0.0702439 0.997439 0.11803 2.72534 -2.28996</i>
                        <i>0.99969 -0.0120881 0.0217576 0.01465 0.992455 -0.121731 -0.020122 0.122012 0.992325 0.128025 2.71653 -2.07366</i>
                        <i>0.998804 -0.020842 0.044227 0.0312115 0.968089 -0.248654 -0.0376333 0.249737 0.967582 0.151632 2.6383 -1.78486</i>
                        <i>0.996618 -0.0272982 0.0775017 0.0565774 0.911976 -0.406324 -0.0595878 0.409335 0.910436 0.174744 2.57978 -1.48083</i>
                        <i>0.995453 -0.0276957 0.091134 0.0667966 0.885068 -0.460645 -0.0679019 0.464638 0.882894 0.176693 2.61987 -1.27002</i>
                        <i>0.996255 -0.0242548 0.0829954 0.0559778 0.912478 -0.405278 -0.0659015 0.408406 0.910418 0.169881 2.67623 -1.19136</i>
                        <i>0.997176 -0.017354 0.0730676 0.0396443 0.947967 -0.31589 -0.0637837 0.317895 0.945978 0.169844 2.68677 -1.22694</i>
                        <i>0.998009 -0.00661101 0.0627258 0.0191126 0.979432 -0.200867 -0.0601077 0.201666 0.977608 0.171635 2.70703 -1.34024</i>
                        <i>0.998545 0.00775126 0.0533563 -0.00394682 0.997465 -0.071042 -0.0537717 0.0707281 0.996045 0.169859 2.74936 -1.47356</i>
                        <i>0.998635 0.0246481 0.0460569 -0.0274253 0.997781 0.0606736 -0.0444592 -0.0618539 0.997095 0.160186 2.82218 -1.57304</i>
                        <i>0.998255 0.0421787 0.041334 -0.048994 0.982281 0.180897 -0.0329716 -0.182606 0.982633 0.141758 2.945 -1.60905</i>
                        <i>0.997562 0.0579004 0.038961 -0.0664676 0.958414 0.277534 -0.0212714 -0.279447 0.959925 0.119698 3.10161 -1.60601</i>
                        <i>0.996875 0.0691869 0.0381145 -0.0780511 0.936967 0.340589 -0.0121477 -0.3425 0.939439 0.101579 3.23781 -1.57948</i>
                        <i>0.996575 0.07354 0.0378139 -0.0822496 0.928783 0.361382 -0.00854494 -0.363254 0.931651 0.094043 3.2978 -1.52578</i>
                        <i>0.996684 0.0727235 0.0364873 -0.0809696 0.93061 0.356944 -0.00799722 -0.358715 0.933413 0.0925762 3.2928 -1.44921</i>
                        <i>0.996937 0.0705717 0.0337099 -0.0779239 0.933093 0.351092 -0.00667727 -0.352643 0.935734 0.0903539 3.26591 -1.36643</i>
                        <i>0.997223 0.0679485 0.0304872 -0.0743014 0.935625 0.345088 -0.00507636 -0.346395 0.938075 0.0882257 3.22252 -1.30384</i>
                        <i>0.99745 0.0657324 0.0278112 -0.0712771 0.937642 0.340216 -0.0037138 -0.34133 0.939936 0.0867404 3.18594 -1.28832</i>
                        <i>0.997541 0.0648111 0.0266649 -0.0700118 0.938619 0.337775 -0.00313665 -0.338811 0.940849 0.0863075 3.17916 -1.34073</i>
                        <i>0.998075 0.0577479 0.0226175 -0.0618926 0.950724 0.303799 -0.0039592 -0.304614 0.952468 0.0892732 3.16766 -1.47131</i>
                        <i>0.999053 0.0412878 0.0137425 -0.0433097 0.97408 0.222018 -0.00421966 -0.222403 0.974946 0.0934829 3.11573 -1.65915</i>
                        <i>0.999737 0.0225038 0.00440284 -0.0228729 0.992272 0.121953 -0.0016244 -0.122022 0.992526 0.0931389 3.01732 -1.8459</i>
                        <i>0.999968 0.00758943 -0.00244002 -0.00749448 0.999294 0.0368158 0.00271771 -0.0367963 0.999319 0.0880754 2.89581 -1.98101</i>
                        <i>0.999986 0.00157932 -0.00506002 -0.00157463 0.999998 0.000931607 0.00506148 -0.000923627 0.999987 0.0846396 2.83518 -2.03174</i>
                    </KeyFrames>
                </p>
            </i>
            <i>
                <p>
                    <Name><![CDATA[front_sight]]></Name>
                    <Exclude>0</Exclude>
                    <Additive>0</Additive>
                    <IKPriority>0</IKPriority>
                    <IKRotLimits>-1e+010 -1e+010 -1e+010 1e+010 1e+010 1e+010</IKRotLimits>
                    <IKRotLimitOrder>0</IKRotLimitOrder>
                    <KeyFrames count="30">
                        <i>0.999986 0.00157932 -0.00506002 -0.00157463 0.999998 0.000931607 0.00506148 -0.000923627 0.999987 0.101715 3.18104 1.29223</i>
                        <i>0.999963 0.00420959 -0.00745539 0.000742269 0.824876 0.565314 0.00852951 -0.565298 0.824842 0.10471 3.05877 1.29988</i>
                        <i>0.999973 0.00415892 -0.00607205 0.00207231 0.632542 0.774524 0.007062 -0.774515 0.632516 0.102564 3.00515 1.29981</i>
                        <i>0.999991 0.00311354 -0.00303736 -0.000737671 0.809575 0.587016 0.00428667 -0.587008 0.80957 0.0970057 3.01072 1.16147</i>
                        <i>0.999998 0.000984258 0.00144778 -0.00126592 0.977774 0.209658 -0.00120924 -0.209659 0.977774 0.0905949 3.08095 0.969415</i>
                        <i>0.999972 -0.00231293 0.00716779 0.00418271 0.961973 -0.273113 -0.00626353 0.273135 0.961955 0.0851456 3.17543 0.793448</i>
                        <i>0.99988 -0.00674052 0.0139602 0.0144502 0.731341 -0.681859 -0.00561356 0.681979 0.73135 0.080703 3.28652 0.711935</i>
                        <i>0.99969 -0.0120881 0.0217576 0.0248443 0.431597 -0.901724 0.00150961 0.901985 0.431764 0.0756732 3.41611 0.757266</i>
                        <i>0.998804 -0.020842 0.044227 0.0474928 0.19874 -0.978901 0.0116126 0.979831 0.199492 0.0583219 3.67288 0.828083</i>
                        <i>0.996618 -0.0272982 0.0775017 0.0814088 0.200056 -0.976397 0.0111492 0.979404 0.201601 0.032272 4.01778 0.868104</i>
                        <i>0.995453 -0.0276957 0.091134 0.0923334 0.515523 -0.851887 -0.0233881 0.856428 0.515736 0.0148655 4.20097 0.986911</i>
                        <i>0.996255 -0.0242548 0.0829954 0.057775 0.900861 -0.430246 -0.0643317 0.43343 0.898888 0.00679146 4.1313 1.20122</i>
                        <i>0.997176 -0.017354 0.0730676 0.00486423 0.985817 0.167754 -0.0749424 -0.166924 0.983117 0.00220564 3.92596 1.36617</i>
                        <i>0.998009 -0.00661101 0.0627258 -0.0349988 0.769295 0.637934 -0.052472 -0.63886 0.767532 0.00188345 3.64337 1.47209</i>
                        <i>0.998545 0.00775126 0.0533563 -0.0491025 0.53948 0.840565 -0.0222692 -0.841962 0.539076 0.00568334 3.3126 1.53215</i>
                        <i>0.998635 0.0246481 0.0460569 -0.0518457 0.575457 0.816187 -0.00638631 -0.81746 0.575949 0.0123977 2.97694 1.56598</i>
                        <i>0.998255 0.0421787 0.041334 -0.0583548 0.812012 0.580716 -0.00906988 -0.582114 0.813056 0.0203299 2.70551 1.58734</i>
                        <i>0.997562 0.0579004 0.038961 -0.0632951 0.985786 0.155625 -0.0293964 -0.157712 0.987047 0.0289264 2.53776 1.57665</i>
                        <i>0.996875 0.0691869 0.0381145 -0.0565237 0.961859 -0.267641 -0.0551781 0.264651 0.962764 0.0364611 2.47412 1.53099</i>
                        <i>0.996575 0.07354 0.0378139 -0.0466233 0.877368 -0.477548 -0.0682956 0.474149 0.877792 0.0396235 2.49456 1.49178</i>
                        <i>0.996684 0.0727235 0.0364873 -0.0558044 0.937348 -0.343895 -0.0592106 0.340719 0.938299 0.0411495 2.54224 1.4735</i>
                        <i>0.996937 0.0705717 0.0337099 -0.0729073 0.994591 0.0739841 -0.0283063 -0.0762152 0.99669 0.0446476 2.57141 1.46301</i>
                        <i>0.997223 0.0679485 0.0304872 -0.0739611 0.855578 0.512363 0.00873008 -0.513195 0.858228 0.0488119 2.57409 1.45688</i>
                        <i>0.99745 0.0657324 0.0278112 -0.0656847 0.692944 0.717993 0.0279238 -0.717989 0.695494 0.0523128 2.56125 1.45173</i>
                        <i>0.997541 0.0648111 0.0266649 -0.0635281 0.675585 0.73454 0.0295919 -0.734428 0.678042 0.0537869 2.54628 1.44422</i>
                        <i>0.998075 0.0577479 0.0226175 -0.0582672 0.748199 0.66091 0.0212438 -0.660956 0.750124 0.0568551 2.60523 1.43076</i>
                        <i>0.999053 0.0412878 0.0137425 -0.04269 0.868758 0.493393 0.00843222 -0.493513 0.869698 0.0662471 2.77441 1.40467</i>
                        <i>0.999737 0.0225038 0.00440284 -0.0228469 0.961182 0.274969 0.00195592 -0.274997 0.961443 0.0807794 2.97443 1.36189</i>
                        <i>0.999968 0.00758943 -0.00244002 -0.00736253 0.99657 0.0824216 0.00305719 -0.082401 0.996595 0.0951909 3.12361 1.31494</i>
                        <i>0.999986 0.00157932 -0.00506002 -0.00157463 0.999998 0.000931607 0.00506148 -0.000923627 0.999987 0.101715 3.18104 1.29223</i>
                    </KeyFrames>
                </p>
            </i>
            <i>
                <p>
                    <Name><![CDATA[rear_sight]]></Name>
                    <Exclude>0</Exclude>
                    <Additive>0</Additive>
                    <IKPriority>0</IKPriority>
                    <IKRotLimits>-1e+010 -1e+010 -1e+010 1e+010 1e+010 1e+010</IKRotLimits>
                    <IKRotLimitOrder>0</IKRotLimitOrder>
                    <KeyFrames count="30">
                        <i>0.999986 0.00157932 -0.00506002 -0.00157463 0.999998 0.000931607 0.00506148 -0.000923627 0.999987 0.0930149 3.17576 -0.428772</i>
                        <i>0.999963 0.00420959 -0.00745539 -0.000185193 0.88121 0.472725 0.00855975 -0.472706 0.881178 0.0917447 3.09112 -0.420797</i>
                        <i>0.999973 0.00415892 -0.00607205 0.000989047 0.74161 0.67083 0.00729302 -0.670818 0.741586 0.0920213 3.02762 -0.421039</i>
                        <i>0.999991 0.00311354 -0.00303736 -0.00101717 0.846325 0.532666 0.00422907 -0.532658 0.84632 0.0917726 3.01256 -0.559551</i>
                        <i>0.999998 0.000984258 0.00144778 -0.00133472 0.963782 0.266689 -0.00113285 -0.266691 0.963782 0.0931112 3.05559 -0.751429</i>
                        <i>0.999972 -0.00231293 0.00716779 0.00287028 0.99689 -0.0787497 -0.00696336 0.078768 0.996869 0.0973193 3.10922 -0.926267</i>
                        <i>0.99988 -0.00674052 0.0139602 0.0118816 0.911632 -0.410836 -0.00995729 0.410953 0.911602 0.103802 3.15878 -1.00419</i>
                        <i>0.99969 -0.0120881 0.0217576 0.0232862 0.762945 -0.646044 -0.00879043 0.64635 0.76299 0.110203 3.19931 -0.949708</i>
                        <i>0.998804 -0.020842 0.044227 0.0477412 0.610855 -0.790302 -0.0105449 0.791468 0.61112 0.122875 3.23643 -0.835436</i>
                        <i>0.996618 -0.0272982 0.0775017 0.0790145 0.577213 -0.812762 -0.0225481 0.816137 0.577418 0.134435 3.30704 -0.695984</i>
                        <i>0.995453 -0.0276957 0.091134 0.0808929 0.750962 -0.655372 -0.0502872 0.659765 0.749788 0.131267 3.39524 -0.529402</i>
                        <i>0.996255 -0.0242548 0.0829954 0.0462325 0.960546 -0.27425 -0.073069 0.27706 0.95807 0.119825 3.42216 -0.36284</i>
                        <i>0.997176 -0.017354 0.0730676 0.00329039 0.982097 0.188349 -0.075028 -0.187576 0.97938 0.111706 3.37234 -0.259708</i>
                        <i>0.998009 -0.00661101 0.0627258 -0.0293946 0.83114 0.555286 -0.0558049 -0.556024 0.82929 0.105199 3.28957 -0.209009</i>
                        <i>0.998545 0.00775126 0.0533563 -0.0444065 0.679487 0.732342 -0.0305783 -0.733646 0.678843 0.0982526 3.18402 -0.181575</i>
                        <i>0.998635 0.0246481 0.0460569 -0.0508711 0.659223 0.750225 -0.0118702 -0.751543 0.659577 0.0891012 3.07654 -0.150454</i>
                        <i>0.998255 0.0421787 0.041334 -0.0589794 0.747565 0.661565 -0.00299588 -0.662849 0.748748 0.0774112 3.01304 -0.105036</i>
                        <i>0.997562 0.0579004 0.038961 -0.0694301 0.87988 0.470097 -0.00706215 -0.471656 0.881754 0.0659914 3.01211 -0.0773062</i>
                        <i>0.996875 0.0691869 0.0381145 -0.0752317 0.978676 0.191136 -0.0240777 -0.193406 0.980823 0.0579036 3.05713 -0.0881429</i>
                        <i>0.996575 0.07354 0.0378139 -0.0683663 0.989983 -0.12353 -0.0465196 0.120522 0.99162 0.0548944 3.11334 -0.114092</i>
                        <i>0.996684 0.0727235 0.0364873 -0.053675 0.924709 -0.376871 -0.0611475 0.373663 0.925547 0.055469 3.1532 -0.135371</i>
                        <i>0.996937 0.0705717 0.0337099 -0.0449061 0.869407 -0.492051 -0.0640325 0.48903 0.869913 0.0566746 3.17191 -0.149816</i>
                        <i>0.997223 0.0679485 0.0304872 -0.0536552 0.939389 -0.33863 -0.0516487 0.336053 0.940426 0.0580588 3.16381 -0.159933</i>
                        <i>0.99745 0.0657324 0.0278112 -0.068031 0.99344 0.0919135 -0.0215871 -0.0935711 0.995379 0.0591939 3.14225 -0.168252</i>
                        <i>0.997541 0.0648111 0.0266649 -0.0689618 0.840011 0.538169 0.0124805 -0.538685 0.842415 0.059666 3.12293 -0.177315</i>
                        <i>0.998075 0.0577479 0.0226175 -0.0560111 0.682724 0.728526 0.0266294 -0.728391 0.684644 0.0640941 3.12294 -0.210545</i>
                        <i>0.999053 0.0412878 0.0137425 -0.040203 0.754932 0.654569 0.0166511 -0.654502 0.755877 0.0738067 3.15048 -0.274758</i>
                        <i>0.999737 0.0225038 0.00440284 -0.0222866 0.908399 0.417509 0.00539601 -0.417497 0.908662 0.0837321 3.17761 -0.347102</i>
                        <i>0.999968 0.00758943 -0.00244002 -0.0071864 0.990655 0.136202 0.00345092 -0.13618 0.990678 0.0905652 3.18007 -0.40516</i>
                        <i>0.999986 0.00157932 -0.00506002 -0.00157463 0.999998 0.000931607 0.00506148 -0.000923627 0.999987 0.0930149 3.17576 -0.428772</i>
                    </KeyFrames>
                </p>
            </i>
            <i>
                <p>
                    <Name><![CDATA[missle]]></Name>
                    <Exclude>0</Exclude>
                    <Additive>0</Additive>
                    <IKPriority>0</IKPriority>
                    <IKRotLimits>-1e+010 -1e+010 -1e+010 1e+010 1e+010 1e+010</IKRotLimits>
                    <IKRotLimitOrder>0</IKRotLimitOrder>
                    <KeyFrames count="30">
                        <i>-0.0017707 -0.0277246 -0.999614 -0.33068 0.943396 -0.0255796 0.943741 0.330507 -0.0108384 -1.01243 1.295 -0.779447</i>
                        <i>-0.0017707 -0.0277246 -0.999614 -0.33068 0.943396 -0.0255796 0.943741 0.330507 -0.0108384 -1.01243 1.295 -0.779447</i>
                        <i>-0.0017707 -0.0277246 -0.999614 -0.33068 0.943396 -0.0255796 0.943741 0.330507 -0.0108384 -1.01243 1.295 -0.779447</i>
                        <i>-0.0017707 -0.0277246 -0.999614 -0.33068 0.943396 -0.0255796 0.943741 0.330507 -0.0108384 -1.01243 1.295 -0.779447</i>
                        <i>-0.0017707 -0.0277246 -0.999614 -0.33068 0.943396 -0.0255796 0.943741 0.330507 -0.0108384 -1.01243 1.295 -0.779447</i>
                        <i>-0.0017707 -0.0277246 -0.999614 -0.33068 0.943396 -0.0255796 0.943741 0.330507 -0.0108384 -1.01243 1.295 -0.779447</i>
                        <i>-0.0017707 -0.0277246 -0.999614 -0.33068 0.943396 -0.0255796 0.943741 0.330507 -0.0108384 -1.01243 1.295 -0.779447</i>
                        <i>-0.0017707 -0.0277246 -0.999614 -0.33068 0.943396 -0.0255796 0.943741 0.330507 -0.0108384 -1.01243 1.295 -0.779447</i>
                        <i>-0.0017707 -0.0277246 -0.999614 -0.33068 0.943396 -0.0255796 0.943741 0.330507 -0.0108384 -1.01243 1.295 -0.779447</i>
                        <i>-0.0017707 -0.0277246 -0.999614 -0.33068 0.943396 -0.0255796 0.943741 0.330507 -0.0108384 -1.01243 1.295 -0.779447</i>
                        <i>-0.0017707 -0.0277246 -0.999614 -0.33068 0.943396 -0.0255796 0.943741 0.330507 -0.0108384 -1.01243 1.295 -0.779447</i>
                        <i>-0.0017707 -0.0277246 -0.999614 -0.33068 0.943396 -0.0255796 0.943741 0.330507 -0.0108384 -1.01243 1.295 -0.779447</i>
                        <i>-0.0017707 -0.0277246 -0.999614 -0.33068 0.943396 -0.0255796 0.943741 0.330507 -0.0108384 -1.01243 1.295 -0.779447</i>
                        <i>-0.0017707 -0.0277246 -0.999614 -0.33068 0.943396 -0.0255796 0.943741 0.330507 -0.0108384 -1.01243 1.295 -0.779447</i>
                        <i>-0.0017707 -0.0277246 -0.999614 -0.33068 0.943396 -0.0255796 0.943741 0.330507 -0.0108384 -1.01243 1.295 -0.779447</i>
                        <i>-0.0017707 -0.0277246 -0.999614 -0.33068 0.943396 -0.0255796 0.943741 0.330507 -0.0108384 -1.01243 1.295 -0.779447</i>
                        <i>-0.0017707 -0.0277246 -0.999614 -0.33068 0.943396 -0.0255796 0.943741 0.330507 -0.0108384 -1.01243 1.295 -0.779447</i>
                        <i>-0.0017707 -0.0277246 -0.999614 -0.33068 0.943396 -0.0255796 0.943741 0.330507 -0.0108384 -1.01243 1.295 -0.779447</i>
                        <i>-0.0017707 -0.0277246 -0.999614 -0.33068 0.943396 -0.0255796 0.943741 0.330507 -0.0108384 -1.01243 1.295 -0.779447</i>
                        <i>-0.0017707 -0.0277246 -0.999614 -0.33068 0.943396 -0.0255796 0.943741 0.330507 -0.0108384 -1.01243 1.295 -0.779447</i>
                        <i>-0.0017707 -0.0277246 -0.999614 -0.33068 0.943396 -0.0255796 0.943741 0.330507 -0.0108384 -1.01243 1.295 -0.779447</i>
                        <i>-0.0017707 -0.0277246 -0.999614 -0.33068 0.943396 -0.0255796 0.943741 0.330507 -0.0108384 -1.01243 1.295 -0.779447</i>
                        <i>-0.0017707 -0.0277246 -0.999614 -0.33068 0.943396 -0.0255796 0.943741 0.330507 -0.0108384 -1.01243 1.295 -0.779447</i>
                        <i>-0.0017707 -0.0277246 -0.999614 -0.33068 0.943396 -0.0255796 0.943741 0.330507 -0.0108384 -1.01243 1.295 -0.779447</i>
                        <i>-0.0017707 -0.0277246 -0.999614 -0.33068 0.943396 -0.0255796 0.943741 0.330507 -0.0108384 -1.01243 1.295 -0.779447</i>
                        <i>-0.0017707 -0.0277246 -0.999614 -0.33068 0.943396 -0.0255796 0.943741 0.330507 -0.0108384 -1.01243 1.295 -0.779447</i>
                        <i>-0.0017707 -0.0277246 -0.999614 -0.33068 0.943396 -0.0255796 0.943741 0.330507 -0.0108384 -1.01243 1.295 -0.779447</i>
                        <i>-0.0017707 -0.0277246 -0.999614 -0.33068 0.943396 -0.0255796 0.943741 0.330507 -0.0108384 -1.01243 1.295 -0.779447</i>
                        <i>-0.0017707 -0.0277246 -0.999614 -0.33068 0.943396 -0.0255796 0.943741 0.330507 -0.0108384 -1.01243 1.295 -0.779447</i>
                        <i>-0.0017707 -0.0277246 -0.999614 -0.33068 0.943396 -0.0255796 0.943741 0.330507 -0.0108384 -1.01243 1.295 -0.779447</i>
                    </KeyFrames>
                </p>
            </i>
        </Bones>
    </Skeleton>
</Animl>
