<?xml version="1.0" encoding="ISO-8859-1" ?>
<Animl Version="1">
    <ModellingPackage><![CDATA[Maya.2010]]></ModellingPackage>
    <SrcFile><![CDATA[anims\turrets\antitank\blue\~src\antitank_m72_law\antitank_m72law_idle.mb]]></SrcFile>
    <FramesPerSecond>30</FramesPerSecond>
    <TotalFrames>120</TotalFrames>
    <Skeleton>
        <RefFrame>
            <Name><![CDATA[m72law_ref_frame]]></Name>
            <Exclude>0</Exclude>
            <Additive>0</Additive>
            <IKPriority>0</IKPriority>
            <IKRotLimits>-1e+010 -1e+010 -1e+010 1e+010 1e+010 1e+010</IKRotLimits>
            <IKRotLimitOrder>0</IKRotLimitOrder>
            <KeyFrames count="120">
                <i>1 0 0 0 1 0 0 0 1 0 2.65 0</i>
                <i>1 0 0 0 1 0 0 0 1 0 2.65 0</i>
                <i>1 0 0 0 1 0 0 0 1 0 2.65 0</i>
                <i>1 0 0 0 1 0 0 0 1 0 2.65 0</i>
                <i>1 0 0 0 1 0 0 0 1 0 2.65 0</i>
                <i>1 0 0 0 1 0 0 0 1 0 2.65 0</i>
                <i>1 0 0 0 1 0 0 0 1 0 2.65 0</i>
                <i>1 0 0 0 1 0 0 0 1 0 2.65 0</i>
                <i>1 0 0 0 1 0 0 0 1 0 2.65 0</i>
                <i>1 0 0 0 1 0 0 0 1 0 2.65 0</i>
                <i>1 0 0 0 1 0 0 0 1 0 2.65 0</i>
                <i>1 0 0 0 1 0 0 0 1 0 2.65 0</i>
                <i>1 0 0 0 1 0 0 0 1 0 2.65 0</i>
                <i>1 0 0 0 1 0 0 0 1 0 2.65 0</i>
                <i>1 0 0 0 1 0 0 0 1 0 2.65 0</i>
                <i>1 0 0 0 1 0 0 0 1 0 2.65 0</i>
                <i>1 0 0 0 1 0 0 0 1 0 2.65 0</i>
                <i>1 0 0 0 1 0 0 0 1 0 2.65 0</i>
                <i>1 0 0 0 1 0 0 0 1 0 2.65 0</i>
                <i>1 0 0 0 1 0 0 0 1 0 2.65 0</i>
                <i>1 0 0 0 1 0 0 0 1 0 2.65 0</i>
                <i>1 0 0 0 1 0 0 0 1 0 2.65 0</i>
                <i>1 0 0 0 1 0 0 0 1 0 2.65 0</i>
                <i>1 0 0 0 1 0 0 0 1 0 2.65 0</i>
                <i>1 0 0 0 1 0 0 0 1 0 2.65 0</i>
                <i>1 0 0 0 1 0 0 0 1 0 2.65 0</i>
                <i>1 0 0 0 1 0 0 0 1 0 2.65 0</i>
                <i>1 0 0 0 1 0 0 0 1 0 2.65 0</i>
                <i>1 0 0 0 1 0 0 0 1 0 2.65 0</i>
                <i>1 0 0 0 1 0 0 0 1 0 2.65 0</i>
                <i>1 0 0 0 1 0 0 0 1 0 2.65 0</i>
                <i>1 0 0 0 1 0 0 0 1 0 2.65 0</i>
                <i>1 0 0 0 1 0 0 0 1 0 2.65 0</i>
                <i>1 0 0 0 1 0 0 0 1 0 2.65 0</i>
                <i>1 0 0 0 1 0 0 0 1 0 2.65 0</i>
                <i>1 0 0 0 1 0 0 0 1 0 2.65 0</i>
                <i>1 0 0 0 1 0 0 0 1 0 2.65 0</i>
                <i>1 0 0 0 1 0 0 0 1 0 2.65 0</i>
                <i>1 0 0 0 1 0 0 0 1 0 2.65 0</i>
                <i>1 0 0 0 1 0 0 0 1 0 2.65 0</i>
                <i>1 0 0 0 1 0 0 0 1 0 2.65 0</i>
                <i>1 0 0 0 1 0 0 0 1 0 2.65 0</i>
                <i>1 0 0 0 1 0 0 0 1 0 2.65 0</i>
                <i>1 0 0 0 1 0 0 0 1 0 2.65 0</i>
                <i>1 0 0 0 1 0 0 0 1 0 2.65 0</i>
                <i>1 0 0 0 1 0 0 0 1 0 2.65 0</i>
                <i>1 0 0 0 1 0 0 0 1 0 2.65 0</i>
                <i>1 0 0 0 1 0 0 0 1 0 2.65 0</i>
                <i>1 0 0 0 1 0 0 0 1 0 2.65 0</i>
                <i>1 0 0 0 1 0 0 0 1 0 2.65 0</i>
                <i>1 0 0 0 1 0 0 0 1 0 2.65 0</i>
                <i>1 0 0 0 1 0 0 0 1 0 2.65 0</i>
                <i>1 0 0 0 1 0 0 0 1 0 2.65 0</i>
                <i>1 0 0 0 1 0 0 0 1 0 2.65 0</i>
                <i>1 0 0 0 1 0 0 0 1 0 2.65 0</i>
                <i>1 0 0 0 1 0 0 0 1 0 2.65 0</i>
                <i>1 0 0 0 1 0 0 0 1 0 2.65 0</i>
                <i>1 0 0 0 1 0 0 0 1 0 2.65 0</i>
                <i>1 0 0 0 1 0 0 0 1 0 2.65 0</i>
                <i>1 0 0 0 1 0 0 0 1 0 2.65 0</i>
                <i>1 0 0 0 1 0 0 0 1 0 2.65 0</i>
                <i>1 0 0 0 1 0 0 0 1 0 2.65 0</i>
                <i>1 0 0 0 1 0 0 0 1 0 2.65 0</i>
                <i>1 0 0 0 1 0 0 0 1 0 2.65 0</i>
                <i>1 0 0 0 1 0 0 0 1 0 2.65 0</i>
                <i>1 0 0 0 1 0 0 0 1 0 2.65 0</i>
                <i>1 0 0 0 1 0 0 0 1 0 2.65 0</i>
                <i>1 0 0 0 1 0 0 0 1 0 2.65 0</i>
                <i>1 0 0 0 1 0 0 0 1 0 2.65 0</i>
                <i>1 0 0 0 1 0 0 0 1 0 2.65 0</i>
                <i>1 0 0 0 1 0 0 0 1 0 2.65 0</i>
                <i>1 0 0 0 1 0 0 0 1 0 2.65 0</i>
                <i>1 0 0 0 1 0 0 0 1 0 2.65 0</i>
                <i>1 0 0 0 1 0 0 0 1 0 2.65 0</i>
                <i>1 0 0 0 1 0 0 0 1 0 2.65 0</i>
                <i>1 0 0 0 1 0 0 0 1 0 2.65 0</i>
                <i>1 0 0 0 1 0 0 0 1 0 2.65 0</i>
                <i>1 0 0 0 1 0 0 0 1 0 2.65 0</i>
                <i>1 0 0 0 1 0 0 0 1 0 2.65 0</i>
                <i>1 0 0 0 1 0 0 0 1 0 2.65 0</i>
                <i>1 0 0 0 1 0 0 0 1 0 2.65 0</i>
                <i>1 0 0 0 1 0 0 0 1 0 2.65 0</i>
                <i>1 0 0 0 1 0 0 0 1 0 2.65 0</i>
                <i>1 0 0 0 1 0 0 0 1 0 2.65 0</i>
                <i>1 0 0 0 1 0 0 0 1 0 2.65 0</i>
                <i>1 0 0 0 1 0 0 0 1 0 2.65 0</i>
                <i>1 0 0 0 1 0 0 0 1 0 2.65 0</i>
                <i>1 0 0 0 1 0 0 0 1 0 2.65 0</i>
                <i>1 0 0 0 1 0 0 0 1 0 2.65 0</i>
                <i>1 0 0 0 1 0 0 0 1 0 2.65 0</i>
                <i>1 0 0 0 1 0 0 0 1 0 2.65 0</i>
                <i>1 0 0 0 1 0 0 0 1 0 2.65 0</i>
                <i>1 0 0 0 1 0 0 0 1 0 2.65 0</i>
                <i>1 0 0 0 1 0 0 0 1 0 2.65 0</i>
                <i>1 0 0 0 1 0 0 0 1 0 2.65 0</i>
                <i>1 0 0 0 1 0 0 0 1 0 2.65 0</i>
                <i>1 0 0 0 1 0 0 0 1 0 2.65 0</i>
                <i>1 0 0 0 1 0 0 0 1 0 2.65 0</i>
                <i>1 0 0 0 1 0 0 0 1 0 2.65 0</i>
                <i>1 0 0 0 1 0 0 0 1 0 2.65 0</i>
                <i>1 0 0 0 1 0 0 0 1 0 2.65 0</i>
                <i>1 0 0 0 1 0 0 0 1 0 2.65 0</i>
                <i>1 0 0 0 1 0 0 0 1 0 2.65 0</i>
                <i>1 0 0 0 1 0 0 0 1 0 2.65 0</i>
                <i>1 0 0 0 1 0 0 0 1 0 2.65 0</i>
                <i>1 0 0 0 1 0 0 0 1 0 2.65 0</i>
                <i>1 0 0 0 1 0 0 0 1 0 2.65 0</i>
                <i>1 0 0 0 1 0 0 0 1 0 2.65 0</i>
                <i>1 0 0 0 1 0 0 0 1 0 2.65 0</i>
                <i>1 0 0 0 1 0 0 0 1 0 2.65 0</i>
                <i>1 0 0 0 1 0 0 0 1 0 2.65 0</i>
                <i>1 0 0 0 1 0 0 0 1 0 2.65 0</i>
                <i>1 0 0 0 1 0 0 0 1 0 2.65 0</i>
                <i>1 0 0 0 1 0 0 0 1 0 2.65 0</i>
                <i>1 0 0 0 1 0 0 0 1 0 2.65 0</i>
                <i>1 0 0 0 1 0 0 0 1 0 2.65 0</i>
                <i>1 0 0 0 1 0 0 0 1 0 2.65 0</i>
                <i>1 0 0 0 1 0 0 0 1 0 2.65 0</i>
                <i>1 0 0 0 1 0 0 0 1 0 2.65 0</i>
                <i>1 0 0 0 1 0 0 0 1 0 2.65 0</i>
            </KeyFrames>
        </RefFrame>
        <Bones count="8">
            <i>
                <p>
                    <Name><![CDATA[m72_law_root]]></Name>
                    <Exclude>0</Exclude>
                    <Additive>0</Additive>
                    <IKPriority>0</IKPriority>
                    <IKRotLimits>-1e+010 -1e+010 -1e+010 1e+010 1e+010 1e+010</IKRotLimits>
                    <IKRotLimitOrder>0</IKRotLimitOrder>
                    <KeyFrames count="120">
                        <i>1 0 0 0 1 0 0 0 1 0 0 0</i>
                        <i>1 0 0 0 1 0 0 0 1 0 0 0</i>
                        <i>1 0 0 0 1 0 0 0 1 0 0 0</i>
                        <i>1 0 0 0 1 0 0 0 1 0 0 0</i>
                        <i>1 0 0 0 1 0 0 0 1 0 0 0</i>
                        <i>1 0 0 0 1 0 0 0 1 0 0 0</i>
                        <i>1 0 0 0 1 0 0 0 1 0 0 0</i>
                        <i>1 0 0 0 1 0 0 0 1 0 0 0</i>
                        <i>1 0 0 0 1 0 0 0 1 0 0 0</i>
                        <i>1 0 0 0 1 0 0 0 1 0 0 0</i>
                        <i>1 0 0 0 1 0 0 0 1 0 0 0</i>
                        <i>1 0 0 0 1 0 0 0 1 0 0 0</i>
                        <i>1 0 0 0 1 0 0 0 1 0 0 0</i>
                        <i>1 0 0 0 1 0 0 0 1 0 0 0</i>
                        <i>1 0 0 0 1 0 0 0 1 0 0 0</i>
                        <i>1 0 0 0 1 0 0 0 1 0 0 0</i>
                        <i>1 0 0 0 1 0 0 0 1 0 0 0</i>
                        <i>1 0 0 0 1 0 0 0 1 0 0 0</i>
                        <i>1 0 0 0 1 0 0 0 1 0 0 0</i>
                        <i>1 0 0 0 1 0 0 0 1 0 0 0</i>
                        <i>1 0 0 0 1 0 0 0 1 0 0 0</i>
                        <i>1 0 0 0 1 0 0 0 1 0 0 0</i>
                        <i>1 0 0 0 1 0 0 0 1 0 0 0</i>
                        <i>1 0 0 0 1 0 0 0 1 0 0 0</i>
                        <i>1 0 0 0 1 0 0 0 1 0 0 0</i>
                        <i>1 0 0 0 1 0 0 0 1 0 0 0</i>
                        <i>1 0 0 0 1 0 0 0 1 0 0 0</i>
                        <i>1 0 0 0 1 0 0 0 1 0 0 0</i>
                        <i>1 0 0 0 1 0 0 0 1 0 0 0</i>
                        <i>1 0 0 0 1 0 0 0 1 0 0 0</i>
                        <i>1 0 0 0 1 0 0 0 1 0 0 0</i>
                        <i>1 0 0 0 1 0 0 0 1 0 0 0</i>
                        <i>1 0 0 0 1 0 0 0 1 0 0 0</i>
                        <i>1 0 0 0 1 0 0 0 1 0 0 0</i>
                        <i>1 0 0 0 1 0 0 0 1 0 0 0</i>
                        <i>1 0 0 0 1 0 0 0 1 0 0 0</i>
                        <i>1 0 0 0 1 0 0 0 1 0 0 0</i>
                        <i>1 0 0 0 1 0 0 0 1 0 0 0</i>
                        <i>1 0 0 0 1 0 0 0 1 0 0 0</i>
                        <i>1 0 0 0 1 0 0 0 1 0 0 0</i>
                        <i>1 0 0 0 1 0 0 0 1 0 0 0</i>
                        <i>1 0 0 0 1 0 0 0 1 0 0 0</i>
                        <i>1 0 0 0 1 0 0 0 1 0 0 0</i>
                        <i>1 0 0 0 1 0 0 0 1 0 0 0</i>
                        <i>1 0 0 0 1 0 0 0 1 0 0 0</i>
                        <i>1 0 0 0 1 0 0 0 1 0 0 0</i>
                        <i>1 0 0 0 1 0 0 0 1 0 0 0</i>
                        <i>1 0 0 0 1 0 0 0 1 0 0 0</i>
                        <i>1 0 0 0 1 0 0 0 1 0 0 0</i>
                        <i>1 0 0 0 1 0 0 0 1 0 0 0</i>
                        <i>1 0 0 0 1 0 0 0 1 0 0 0</i>
                        <i>1 0 0 0 1 0 0 0 1 0 0 0</i>
                        <i>1 0 0 0 1 0 0 0 1 0 0 0</i>
                        <i>1 0 0 0 1 0 0 0 1 0 0 0</i>
                        <i>1 0 0 0 1 0 0 0 1 0 0 0</i>
                        <i>1 0 0 0 1 0 0 0 1 0 0 0</i>
                        <i>1 0 0 0 1 0 0 0 1 0 0 0</i>
                        <i>1 0 0 0 1 0 0 0 1 0 0 0</i>
                        <i>1 0 0 0 1 0 0 0 1 0 0 0</i>
                        <i>1 0 0 0 1 0 0 0 1 0 0 0</i>
                        <i>1 0 0 0 1 0 0 0 1 0 0 0</i>
                        <i>1 0 0 0 1 0 0 0 1 0 0 0</i>
                        <i>1 0 0 0 1 0 0 0 1 0 0 0</i>
                        <i>1 0 0 0 1 0 0 0 1 0 0 0</i>
                        <i>1 0 0 0 1 0 0 0 1 0 0 0</i>
                        <i>1 0 0 0 1 0 0 0 1 0 0 0</i>
                        <i>1 0 0 0 1 0 0 0 1 0 0 0</i>
                        <i>1 0 0 0 1 0 0 0 1 0 0 0</i>
                        <i>1 0 0 0 1 0 0 0 1 0 0 0</i>
                        <i>1 0 0 0 1 0 0 0 1 0 0 0</i>
                        <i>1 0 0 0 1 0 0 0 1 0 0 0</i>
                        <i>1 0 0 0 1 0 0 0 1 0 0 0</i>
                        <i>1 0 0 0 1 0 0 0 1 0 0 0</i>
                        <i>1 0 0 0 1 0 0 0 1 0 0 0</i>
                        <i>1 0 0 0 1 0 0 0 1 0 0 0</i>
                        <i>1 0 0 0 1 0 0 0 1 0 0 0</i>
                        <i>1 0 0 0 1 0 0 0 1 0 0 0</i>
                        <i>1 0 0 0 1 0 0 0 1 0 0 0</i>
                        <i>1 0 0 0 1 0 0 0 1 0 0 0</i>
                        <i>1 0 0 0 1 0 0 0 1 0 0 0</i>
                        <i>1 0 0 0 1 0 0 0 1 0 0 0</i>
                        <i>1 0 0 0 1 0 0 0 1 0 0 0</i>
                        <i>1 0 0 0 1 0 0 0 1 0 0 0</i>
                        <i>1 0 0 0 1 0 0 0 1 0 0 0</i>
                        <i>1 0 0 0 1 0 0 0 1 0 0 0</i>
                        <i>1 0 0 0 1 0 0 0 1 0 0 0</i>
                        <i>1 0 0 0 1 0 0 0 1 0 0 0</i>
                        <i>1 0 0 0 1 0 0 0 1 0 0 0</i>
                        <i>1 0 0 0 1 0 0 0 1 0 0 0</i>
                        <i>1 0 0 0 1 0 0 0 1 0 0 0</i>
                        <i>1 0 0 0 1 0 0 0 1 0 0 0</i>
                        <i>1 0 0 0 1 0 0 0 1 0 0 0</i>
                        <i>1 0 0 0 1 0 0 0 1 0 0 0</i>
                        <i>1 0 0 0 1 0 0 0 1 0 0 0</i>
                        <i>1 0 0 0 1 0 0 0 1 0 0 0</i>
                        <i>1 0 0 0 1 0 0 0 1 0 0 0</i>
                        <i>1 0 0 0 1 0 0 0 1 0 0 0</i>
                        <i>1 0 0 0 1 0 0 0 1 0 0 0</i>
                        <i>1 0 0 0 1 0 0 0 1 0 0 0</i>
                        <i>1 0 0 0 1 0 0 0 1 0 0 0</i>
                        <i>1 0 0 0 1 0 0 0 1 0 0 0</i>
                        <i>1 0 0 0 1 0 0 0 1 0 0 0</i>
                        <i>1 0 0 0 1 0 0 0 1 0 0 0</i>
                        <i>1 0 0 0 1 0 0 0 1 0 0 0</i>
                        <i>1 0 0 0 1 0 0 0 1 0 0 0</i>
                        <i>1 0 0 0 1 0 0 0 1 0 0 0</i>
                        <i>1 0 0 0 1 0 0 0 1 0 0 0</i>
                        <i>1 0 0 0 1 0 0 0 1 0 0 0</i>
                        <i>1 0 0 0 1 0 0 0 1 0 0 0</i>
                        <i>1 0 0 0 1 0 0 0 1 0 0 0</i>
                        <i>1 0 0 0 1 0 0 0 1 0 0 0</i>
                        <i>1 0 0 0 1 0 0 0 1 0 0 0</i>
                        <i>1 0 0 0 1 0 0 0 1 0 0 0</i>
                        <i>1 0 0 0 1 0 0 0 1 0 0 0</i>
                        <i>1 0 0 0 1 0 0 0 1 0 0 0</i>
                        <i>1 0 0 0 1 0 0 0 1 0 0 0</i>
                        <i>1 0 0 0 1 0 0 0 1 0 0 0</i>
                        <i>1 0 0 0 1 0 0 0 1 0 0 0</i>
                        <i>1 0 0 0 1 0 0 0 1 0 0 0</i>
                        <i>1 0 0 0 1 0 0 0 1 0 0 0</i>
                    </KeyFrames>
                </p>
            </i>
            <i>
                <p>
                    <Name><![CDATA[crosshair_stay]]></Name>
                    <Exclude>0</Exclude>
                    <Additive>0</Additive>
                    <IKPriority>0</IKPriority>
                    <IKRotLimits>-1e+010 -1e+010 -1e+010 1e+010 1e+010 1e+010</IKRotLimits>
                    <IKRotLimitOrder>0</IKRotLimitOrder>
                    <KeyFrames count="120">
                        <i>-0.991551 0.0785066 -0.10326 0.0461318 0.957434 0.284941 0.121234 0.27777 -0.952967 1.16065 2.1985 0.538811</i>
                        <i>-0.991816 0.0735241 -0.104379 0.0412471 0.958222 0.283035 0.120828 0.276413 -0.953413 1.16219 2.2054 0.540586</i>
                        <i>-0.991969 0.0698678 -0.105428 0.0376415 0.958884 0.28129 0.120746 0.275063 -0.953814 1.16334 2.21135 0.542236</i>
                        <i>-0.992048 0.0672424 -0.106388 0.0350475 0.959471 0.279621 0.120878 0.273669 -0.954198 1.16416 2.21655 0.543758</i>
                        <i>-0.992083 0.0653521 -0.107236 0.0331968 0.960024 0.277942 0.121114 0.272182 -0.954593 1.16471 2.22117 0.545146</i>
                        <i>-0.992101 0.0639001 -0.107951 0.03182 0.960582 0.276169 0.121343 0.270553 -0.955027 1.16505 2.22544 0.546393</i>
                        <i>-0.992123 0.0625897 -0.108507 0.0306467 0.961179 0.274217 0.121458 0.268732 -0.955527 1.16523 2.22953 0.547489</i>
                        <i>-0.992174 0.0611235 -0.108882 0.0294056 0.961848 0.272 0.121354 0.26667 -0.956117 1.16528 2.23367 0.548421</i>
                        <i>-0.992271 0.0592044 -0.109051 0.0278241 0.962617 0.269433 0.120926 0.264316 -0.956825 1.16525 2.23804 0.549178</i>
                        <i>-0.992434 0.0565349 -0.108989 0.0256284 0.963514 0.266428 0.120075 0.261619 -0.957673 1.16517 2.24286 0.549745</i>
                        <i>-0.992528 0.0564066 -0.108197 0.0260001 0.964137 0.264128 0.119215 0.259341 -0.9584 1.16431 2.24552 0.549489</i>
                        <i>-0.992424 0.0615103 -0.106355 0.0315312 0.964171 0.263401 0.118747 0.258052 -0.958806 1.16217 2.24398 0.548011</i>
                        <i>-0.992098 0.0706433 -0.10369 0.0410569 0.963718 0.263745 0.11856 0.257403 -0.959003 1.15908 2.23926 0.545626</i>
                        <i>-0.99151 0.0825999 -0.100424 0.0534077 0.962862 0.264657 0.118555 0.257047 -0.959099 1.15531 2.23241 0.542641</i>
                        <i>-0.990647 0.0961764 -0.0967931 0.0674117 0.961711 0.265646 0.118636 0.256636 -0.959199 1.15119 2.22444 0.539366</i>
                        <i>-0.989546 0.110176 -0.0930558 0.0818967 0.960423 0.266233 0.118705 0.255829 -0.959406 1.14704 2.21638 0.536119</i>
                        <i>-0.988312 0.12341 -0.0894982 0.0956928 0.959222 0.265961 0.118671 0.254288 -0.95982 1.14322 2.20922 0.533226</i>
                        <i>-0.987109 0.134704 -0.0864309 0.107635 0.958391 0.264389 0.118449 0.251678 -0.960535 1.14014 2.20394 0.531025</i>
                        <i>-0.986152 0.142893 -0.0841821 0.116563 0.958252 0.261086 0.117975 0.247658 -0.961638 1.13821 2.2015 0.529855</i>
                        <i>-0.985668 0.146819 -0.0830853 0.121319 0.959134 0.255625 0.117221 0.241882 -0.963199 1.13782 2.20287 0.530048</i>
                        <i>-0.984481 0.146994 -0.095861 0.120213 0.962838 0.241849 0.127849 0.226572 -0.965567 1.13065 2.20952 0.536857</i>
                        <i>-0.980728 0.144598 -0.131393 0.114081 0.969768 0.215722 0.158613 0.196575 -0.967574 1.11007 2.22328 0.552543</i>
                        <i>-0.972986 0.139208 -0.184173 0.10587 0.977973 0.179892 0.205159 0.155534 -0.966291 1.07884 2.24576 0.572442</i>
                        <i>-0.959823 0.130416 -0.248459 0.0983816 0.985632 0.1373 0.262795 0.10734 -0.958862 1.03987 2.27839 0.592119</i>
                        <i>-0.940603 0.118213 -0.318265 0.0936678 0.991399 0.0914068 0.326333 0.0561663 -0.943585 0.996279 2.32222 0.608204</i>
                        <i>-0.91604 0.103228 -0.387576 0.0926002 0.994638 0.0460529 0.390251 0.00629676 -0.920687 0.951455 2.37209 0.618742</i>
                        <i>-0.888448 0.0868097 -0.450693 0.0946953 0.995493 0.00507347 0.449102 -0.038171 -0.892665 0.909164 2.41912 0.623498</i>
                        <i>-0.861634 0.0709139 -0.502551 0.0982644 0.994763 -0.0281075 0.497926 -0.0736013 -0.864091 0.873179 2.4585 0.624002</i>
                        <i>-0.840448 0.0578506 -0.538796 0.100857 0.993611 -0.0506395 0.532424 -0.0969014 -0.840913 0.847104 2.48558 0.622914</i>
                        <i>-0.830014 0.0499398 -0.555503 0.0999152 0.993185 -0.0600026 0.54872 -0.105306 -0.829347 0.834384 2.4959 0.623146</i>
                        <i>-0.827508 0.0459292 -0.559572 0.0968744 0.993381 -0.0617242 0.553033 -0.105286 -0.82648 0.830868 2.49608 0.624458</i>
                        <i>-0.826723 0.043065 -0.560958 0.0945637 0.993518 -0.0630924 0.554605 -0.105206 -0.825437 0.829779 2.49572 0.625114</i>
                        <i>-0.827307 0.0411925 -0.560237 0.0929037 0.993607 -0.0641349 0.554014 -0.105107 -0.825846 0.830608 2.4949 0.625264</i>
                        <i>-0.828887 0.040158 -0.557973 0.0918223 0.993659 -0.0648902 0.551829 -0.105021 -0.827318 0.832839 2.49375 0.625047</i>
                        <i>-0.831081 0.0398085 -0.554725 0.0912504 0.993678 -0.0654012 0.548614 -0.104973 -0.829459 0.835956 2.49234 0.624596</i>
                        <i>-0.833511 0.0399918 -0.551054 0.0911181 0.99367 -0.0657092 0.544938 -0.10498 -0.831878 0.839446 2.49077 0.624051</i>
                        <i>-0.835805 0.0405559 -0.547526 0.091353 0.993639 -0.0658513 0.541373 -0.105057 -0.834193 0.842797 2.48914 0.623559</i>
                        <i>-0.837601 0.0413495 -0.544715 0.0918799 0.99359 -0.0658588 0.5385 -0.105212 -0.836031 0.845502 2.48752 0.623274</i>
                        <i>-0.838544 0.0422218 -0.543196 0.0926222 0.993528 -0.0657576 0.536904 -0.105453 -0.837027 0.847056 2.486 0.62336</i>
                        <i>-0.838276 0.0430228 -0.543547 0.0935041 0.993457 -0.0655709 0.537169 -0.10579 -0.836814 0.846956 2.48468 0.623978</i>
                        <i>-0.836804 0.0448417 -0.545663 0.0953486 0.993346 -0.0645908 0.539136 -0.106078 -0.835512 0.845147 2.4828 0.625007</i>
                        <i>-0.834527 0.048566 -0.548823 0.0987619 0.99316 -0.0622891 0.542043 -0.106185 -0.833615 0.842149 2.47977 0.626171</i>
                        <i>-0.831668 0.0537443 -0.552667 0.103344 0.992897 -0.0589598 0.545572 -0.10615 -0.831314 0.838319 2.47587 0.627392</i>
                        <i>-0.828454 0.0599243 -0.556842 0.108697 0.992558 -0.0549034 0.549408 -0.106012 -0.828802 0.834015 2.47139 0.628601</i>
                        <i>-0.825125 0.0666533 -0.561004 0.114435 0.99215 -0.0504326 0.553239 -0.105812 -0.826275 0.829601 2.4666 0.629739</i>
                        <i>-0.821935 0.0734786 -0.564822 0.120179 0.991692 -0.0458746 0.556758 -0.105586 -0.823937 0.825447 2.46179 0.630761</i>
                        <i>-0.819152 0.0799482 -0.567977 0.125565 0.991214 -0.0415709 0.559663 -0.105371 -0.821994 0.821932 2.45724 0.631637</i>
                        <i>-0.817059 0.0856108 -0.570163 0.13024 0.990759 -0.0378739 0.561651 -0.105203 -0.820658 0.819437 2.45321 0.632346</i>
                        <i>-0.815944 0.0900162 -0.57108 0.133856 0.990378 -0.0351416 0.562421 -0.105116 -0.820142 0.818353 2.44999 0.632877</i>
                        <i>-0.816097 0.0927145 -0.57043 0.136061 0.990126 -0.0337293 0.56167 -0.10514 -0.820654 0.819068 2.44783 0.633213</i>
                        <i>-0.817174 0.0938891 -0.568693 0.137027 0.990002 -0.0334523 0.559867 -0.105262 -0.821869 0.821106 2.44657 0.633448</i>
                        <i>-0.818629 0.0941074 -0.56656 0.137213 0.989964 -0.0338244 0.557691 -0.105429 -0.823326 0.823707 2.44581 0.633674</i>
                        <i>-0.820439 0.0934961 -0.564037 0.136702 0.990003 -0.0347391 0.55515 -0.105606 -0.825019 0.826836 2.44545 0.63387</i>
                        <i>-0.82258 0.0921819 -0.561128 0.135574 0.99011 -0.0360883 0.552252 -0.10576 -0.826942 0.830458 2.44542 0.634015</i>
                        <i>-0.825024 0.0902912 -0.557837 0.13391 0.990274 -0.0377632 0.549002 -0.105855 -0.829091 0.834534 2.44564 0.634084</i>
                        <i>-0.827748 0.0879303 -0.554167 0.131683 0.990504 -0.0395272 0.545429 -0.105693 -0.831466 0.839022 2.4461 0.63407</i>
                        <i>-0.830725 0.0852128 -0.550123 0.128908 0.990801 -0.0411881 0.541552 -0.105131 -0.834068 0.84388 2.44678 0.633964</i>
                        <i>-0.833927 0.0822766 -0.545707 0.125734 0.991144 -0.0427054 0.537361 -0.104227 -0.836887 0.849074 2.44765 0.633739</i>
                        <i>-0.837327 0.07926 -0.540926 0.122306 0.991515 -0.0440408 0.532846 -0.103035 -0.839916 0.85457 2.44867 0.633371</i>
                        <i>-0.840899 0.0763013 -0.535787 0.118776 0.991894 -0.0451596 0.527998 -0.101613 -0.843145 0.860334 2.44977 0.632834</i>
                        <i>-0.844617 0.0735393 -0.530297 0.115295 0.992264 -0.0460305 0.52281 -0.100019 -0.846561 0.866331 2.45093 0.632106</i>
                        <i>-0.848456 0.0711128 -0.524467 0.112017 0.992612 -0.0466271 0.517276 -0.0983105 -0.850153 0.872526 2.45209 0.631166</i>
                        <i>-0.852393 0.0691608 -0.518308 0.109098 0.992923 -0.0469277 0.511394 -0.0965472 -0.853906 0.878884 2.45322 0.629996</i>
                        <i>-0.856404 0.0678226 -0.511832 0.106694 0.993184 -0.0469162 0.505161 -0.0947888 -0.857804 0.88537 2.45425 0.628578</i>
                        <i>-0.860466 0.0672373 -0.505051 0.104965 0.993384 -0.0465821 0.498578 -0.093095 -0.861831 0.891947 2.45516 0.626898</i>
                        <i>-0.864555 0.0675439 -0.497979 0.104069 0.993509 -0.0459211 0.491645 -0.0915254 -0.865972 0.898579 2.45589 0.624945</i>
                        <i>-0.868643 0.0688813 -0.490627 0.104166 0.993544 -0.044935 0.484365 -0.0901391 -0.87021 0.90523 2.45639 0.622709</i>
                        <i>-0.872701 0.0713881 -0.483007 0.105416 0.993471 -0.0436319 0.476739 -0.0889942 -0.874529 0.911863 2.45664 0.620181</i>
                        <i>-0.876697 0.0752023 -0.475128 0.107977 0.993265 -0.0420261 0.468768 -0.0881473 -0.878912 0.918442 2.45657 0.617356</i>
                        <i>-0.88059 0.0804611 -0.466997 0.112009 0.992896 -0.0401378 0.46045 -0.0876527 -0.883347 0.924928 2.45614 0.614227</i>
                        <i>-0.886888 0.0869461 -0.453729 0.11503 0.992759 -0.0346078 0.447435 -0.0828859 -0.890467 0.934545 2.4499 0.610973</i>
                        <i>-0.897289 0.0941541 -0.431287 0.115076 0.993099 -0.0226123 0.426181 -0.0699206 -0.901932 0.949818 2.4337 0.607438</i>
                        <i>-0.910444 0.101744 -0.400924 0.113193 0.993561 -0.00490629 0.397844 -0.0498486 -0.916098 0.969714 2.40956 0.602986</i>
                        <i>-0.924985 0.109342 -0.363934 0.110484 0.993719 0.0177479 0.363589 -0.0237924 -0.931256 0.993232 2.37951 0.596935</i>
                        <i>-0.939639 0.116588 -0.321693 0.108 0.993155 0.0444827 0.324677 0.00705492 -0.945799 1.01938 2.34562 0.588682</i>
                        <i>-0.953322 0.123171 -0.275692 0.106627 0.991521 0.0742771 0.282503 0.0414139 -0.958372 1.04717 2.30997 0.57781</i>
                        <i>-0.965209 0.12886 -0.227525 0.107005 0.988596 0.105958 0.238584 0.0779248 -0.96799 1.07563 2.27468 0.56416</i>
                        <i>-0.974771 0.133525 -0.178864 0.109468 0.98433 0.138241 0.194519 0.115174 -0.974114 1.10376 2.24297 0.548019</i>
                        <i>-0.981794 0.137151 -0.131417 0.114012 0.97886 0.169805 0.151928 0.151731 -0.976676 1.1306 2.2166 0.529943</i>
                        <i>-0.986356 0.139831 -0.0868898 0.120306 0.972513 0.199363 0.112379 0.18619 -0.976066 1.15522 2.19538 0.510698</i>
                        <i>-0.988788 0.141754 -0.0469421 0.127739 0.965779 0.225728 0.0773336 0.217201 -0.973059 1.17676 2.17902 0.491406</i>
                        <i>-0.989609 0.143182 -0.0131717 0.135495 0.959277 0.247849 0.0481229 0.243489 -0.968709 1.19446 2.16713 0.473479</i>
                        <i>-0.989434 0.144413 0.0128892 0.142646 0.953692 0.264807 0.0259492 0.263848 -0.964215 1.20765 2.15926 0.458503</i>
                        <i>-0.988874 0.145747 0.0297567 0.148274 0.949719 0.275769 0.011932 0.277113 -0.960763 1.21574 2.1549 0.448096</i>
                        <i>-0.988417 0.14744 0.0359615 0.151592 0.947981 0.279913 0.00717964 0.282123 -0.959351 1.21812 2.15361 0.443735</i>
                        <i>-0.988141 0.149124 0.036606 0.153377 0.947207 0.281557 0.0073135 0.283833 -0.958846 1.2176 2.15225 0.442631</i>
                        <i>-0.987919 0.150352 0.0375409 0.154796 0.945995 0.284837 0.00731243 0.287208 -0.957841 1.21735 2.14879 0.441358</i>
                        <i>-0.987756 0.151203 0.0384062 0.155831 0.944679 0.288613 0.00735777 0.291065 -0.956675 1.21718 2.14442 0.440213</i>
                        <i>-0.987655 0.151754 0.0388434 0.156461 0.943612 0.291749 0.00762097 0.294225 -0.955706 1.21692 2.14035 0.439509</i>
                        <i>-0.987618 0.15208 0.0384961 0.156659 0.943157 0.29311 0.00826843 0.295511 -0.955303 1.21642 2.13779 0.439574</i>
                        <i>-0.987621 0.152292 0.0375682 0.156597 0.943476 0.292112 0.00904181 0.29438 -0.955646 1.21591 2.13733 0.440535</i>
                        <i>-0.987641 0.152424 0.0364978 0.156437 0.94439 0.289231 0.00961751 0.291366 -0.956563 1.2157 2.13853 0.442193</i>
                        <i>-0.987684 0.152435 0.0352796 0.15614 0.945749 0.28492 0.0100663 0.28692 -0.957902 1.21571 2.14104 0.444383</i>
                        <i>-0.987754 0.152288 0.0339082 0.155666 0.947403 0.279634 0.0104602 0.281488 -0.959508 1.21588 2.1445 0.44694</i>
                        <i>-0.987859 0.151942 0.0323791 0.154973 0.949211 0.273829 0.0108716 0.275522 -0.961233 1.21613 2.14856 0.449706</i>
                        <i>-0.988002 0.151359 0.0306891 0.154019 0.951038 0.267963 0.0113721 0.269475 -0.96294 1.21639 2.15286 0.452532</i>
                        <i>-0.98819 0.150497 0.0288362 0.152761 0.952764 0.262498 0.0120311 0.263803 -0.964501 1.21658 2.15704 0.455278</i>
                        <i>-0.988426 0.149315 0.0268196 0.151154 0.954275 0.257898 0.0129149 0.258967 -0.9658 1.21663 2.16074 0.457814</i>
                        <i>-0.988714 0.147773 0.0246396 0.14915 0.955468 0.254628 0.014085 0.255429 -0.966725 1.21649 2.16358 0.460017</i>
                        <i>-0.989058 0.145829 0.0222963 0.146697 0.956239 0.253153 0.0155966 0.253654 -0.967169 1.21608 2.1652 0.461763</i>
                        <i>-0.989442 0.143566 0.0198312 0.143889 0.956735 0.252891 0.0173333 0.253074 -0.967292 1.21551 2.16607 0.463218</i>
                        <i>-0.989843 0.141106 0.0172978 0.140869 0.957176 0.252923 0.0191318 0.252791 -0.967332 1.21493 2.16691 0.464627</i>
                        <i>-0.990258 0.138467 0.0147146 0.137658 0.957566 0.253213 0.0209714 0.252772 -0.967299 1.21436 2.16775 0.465995</i>
                        <i>-0.99068 0.135668 0.0121003 0.134279 0.95791 0.253725 0.0228314 0.252986 -0.967201 1.2138 2.1686 0.467321</i>
                        <i>-0.991107 0.132728 0.00947333 0.130755 0.958213 0.254422 0.0246915 0.253399 -0.967047 1.21327 2.16949 0.468608</i>
                        <i>-0.991554 0.129568 0.00579096 0.126733 0.958438 0.255608 0.0275682 0.254183 -0.966763 1.21213 2.1704 0.47057</i>
                        <i>-0.992014 0.12613 0.0002034 0.121929 0.958554 0.257504 0.032284 0.255472 -0.966277 1.20988 2.17128 0.473782</i>
                        <i>-0.992448 0.12247 -0.00698048 0.116461 0.958572 0.259956 0.038528 0.25718 -0.965595 1.20667 2.17218 0.478037</i>
                        <i>-0.992817 0.11864 -0.0154504 0.11045 0.958504 0.262814 0.0459896 0.25922 -0.964723 1.20268 2.17313 0.483128</i>
                        <i>-0.993089 0.114696 -0.024894 0.104019 0.958363 0.265932 0.0543588 0.261505 -0.96367 1.19808 2.17417 0.488847</i>
                        <i>-0.993239 0.110688 -0.0349975 0.0972951 0.958165 0.26917 0.0633274 0.263945 -0.962456 1.19306 2.17532 0.494992</i>
                        <i>-0.993256 0.106666 -0.0454451 0.0904084 0.957928 0.272399 0.0725887 0.266453 -0.961111 1.18778 2.17663 0.501366</i>
                        <i>-0.993142 0.102673 -0.0559199 0.0834934 0.95767 0.275494 0.0818385 0.268936 -0.959675 1.18244 2.17814 0.507777</i>
                        <i>-0.992914 0.0987498 -0.0661039 0.0766883 0.957415 0.278344 0.0907753 0.271302 -0.958204 1.17724 2.17989 0.514041</i>
                        <i>-0.992603 0.0949334 -0.0756787 0.070134 0.957188 0.280844 0.0991002 0.273459 -0.956765 1.17237 2.18194 0.519979</i>
                        <i>-0.992251 0.091256 -0.0843255 0.0639736 0.957014 0.282897 0.106517 0.275311 -0.955436 1.16806 2.18434 0.52542</i>
                        <i>-0.991911 0.0877471 -0.0917259 0.0583509 0.956924 0.284416 0.112731 0.276763 -0.954303 1.16451 2.18714 0.530193</i>
                        <i>-0.991641 0.0844341 -0.097561 0.0534095 0.956944 0.285316 0.117451 0.27772 -0.953455 1.16194 2.19039 0.53413</i>
                        <i>-0.991503 0.0813444 -0.101512 0.0492905 0.957105 0.285517 0.120383 0.278088 -0.952982 1.16058 2.19416 0.537062</i>
                        <i>-0.991551 0.0785066 -0.10326 0.0461318 0.957434 0.284941 0.121234 0.27777 -0.952967 1.16065 2.1985 0.538811</i>
                    </KeyFrames>
                </p>
            </i>
            <i>
                <p>
                    <Name><![CDATA[body]]></Name>
                    <Exclude>0</Exclude>
                    <Additive>0</Additive>
                    <IKPriority>0</IKPriority>
                    <IKRotLimits>-1e+010 -1e+010 -1e+010 1e+010 1e+010 1e+010</IKRotLimits>
                    <IKRotLimitOrder>0</IKRotLimitOrder>
                    <KeyFrames count="120">
                        <i>-0.991551 0.0785066 -0.10326 0.0461318 0.957434 0.284941 0.121234 0.27777 -0.952967 1.16065 2.1985 0.538811</i>
                        <i>-0.991816 0.0735241 -0.104379 0.0412471 0.958222 0.283035 0.120828 0.276413 -0.953413 1.16219 2.2054 0.540586</i>
                        <i>-0.991969 0.0698678 -0.105428 0.0376415 0.958884 0.28129 0.120746 0.275063 -0.953814 1.16334 2.21135 0.542236</i>
                        <i>-0.992048 0.0672424 -0.106388 0.0350475 0.959471 0.279621 0.120878 0.273669 -0.954198 1.16416 2.21655 0.543758</i>
                        <i>-0.992083 0.0653521 -0.107236 0.0331968 0.960024 0.277942 0.121114 0.272182 -0.954593 1.16471 2.22117 0.545146</i>
                        <i>-0.992101 0.0639001 -0.107951 0.03182 0.960582 0.276169 0.121343 0.270553 -0.955027 1.16505 2.22544 0.546393</i>
                        <i>-0.992123 0.0625897 -0.108507 0.0306467 0.961179 0.274217 0.121458 0.268732 -0.955527 1.16523 2.22953 0.547489</i>
                        <i>-0.992174 0.0611235 -0.108882 0.0294056 0.961848 0.272 0.121354 0.26667 -0.956117 1.16528 2.23367 0.548421</i>
                        <i>-0.992271 0.0592044 -0.109051 0.0278241 0.962617 0.269433 0.120926 0.264316 -0.956825 1.16525 2.23804 0.549178</i>
                        <i>-0.992434 0.0565349 -0.108989 0.0256284 0.963514 0.266428 0.120075 0.261619 -0.957673 1.16517 2.24286 0.549745</i>
                        <i>-0.992528 0.0564066 -0.108197 0.0260001 0.964137 0.264128 0.119215 0.259341 -0.9584 1.16431 2.24552 0.549489</i>
                        <i>-0.992424 0.0615103 -0.106355 0.0315312 0.964171 0.263401 0.118747 0.258052 -0.958806 1.16217 2.24398 0.548011</i>
                        <i>-0.992098 0.0706433 -0.10369 0.0410569 0.963718 0.263745 0.11856 0.257403 -0.959003 1.15908 2.23926 0.545626</i>
                        <i>-0.99151 0.0825999 -0.100424 0.0534077 0.962862 0.264657 0.118555 0.257047 -0.959099 1.15531 2.23241 0.542641</i>
                        <i>-0.990647 0.0961764 -0.0967931 0.0674117 0.961711 0.265646 0.118636 0.256636 -0.959199 1.15119 2.22444 0.539366</i>
                        <i>-0.989546 0.110176 -0.0930558 0.0818967 0.960423 0.266233 0.118705 0.255829 -0.959406 1.14704 2.21638 0.536119</i>
                        <i>-0.988312 0.12341 -0.0894982 0.0956928 0.959222 0.265961 0.118671 0.254288 -0.95982 1.14322 2.20922 0.533226</i>
                        <i>-0.987109 0.134704 -0.0864309 0.107635 0.958391 0.264389 0.118449 0.251678 -0.960535 1.14014 2.20394 0.531025</i>
                        <i>-0.986152 0.142893 -0.0841821 0.116563 0.958252 0.261086 0.117975 0.247658 -0.961638 1.13821 2.2015 0.529855</i>
                        <i>-0.985668 0.146819 -0.0830853 0.121319 0.959134 0.255625 0.117221 0.241882 -0.963199 1.13782 2.20287 0.530048</i>
                        <i>-0.984481 0.146994 -0.095861 0.120213 0.962838 0.241849 0.127849 0.226572 -0.965567 1.13065 2.20952 0.536857</i>
                        <i>-0.980728 0.144598 -0.131393 0.114081 0.969768 0.215722 0.158613 0.196575 -0.967574 1.11007 2.22328 0.552543</i>
                        <i>-0.972986 0.139208 -0.184173 0.10587 0.977973 0.179892 0.205159 0.155534 -0.966291 1.07884 2.24576 0.572442</i>
                        <i>-0.959823 0.130416 -0.248459 0.0983816 0.985632 0.1373 0.262795 0.10734 -0.958862 1.03987 2.27839 0.592119</i>
                        <i>-0.940603 0.118213 -0.318265 0.0936678 0.991399 0.0914068 0.326333 0.0561663 -0.943585 0.996279 2.32222 0.608204</i>
                        <i>-0.91604 0.103228 -0.387576 0.0926002 0.994638 0.0460529 0.390251 0.00629676 -0.920687 0.951455 2.37209 0.618742</i>
                        <i>-0.888448 0.0868097 -0.450693 0.0946953 0.995493 0.00507347 0.449102 -0.038171 -0.892665 0.909164 2.41912 0.623498</i>
                        <i>-0.861634 0.0709139 -0.502551 0.0982644 0.994763 -0.0281075 0.497926 -0.0736013 -0.864091 0.873179 2.4585 0.624002</i>
                        <i>-0.840448 0.0578506 -0.538796 0.100857 0.993611 -0.0506395 0.532424 -0.0969014 -0.840913 0.847104 2.48558 0.622914</i>
                        <i>-0.830014 0.0499398 -0.555503 0.0999152 0.993185 -0.0600026 0.54872 -0.105306 -0.829347 0.834384 2.4959 0.623146</i>
                        <i>-0.827508 0.0459292 -0.559572 0.0968744 0.993381 -0.0617242 0.553033 -0.105286 -0.82648 0.830868 2.49608 0.624458</i>
                        <i>-0.826723 0.043065 -0.560958 0.0945637 0.993518 -0.0630924 0.554605 -0.105206 -0.825437 0.829779 2.49572 0.625114</i>
                        <i>-0.827307 0.0411925 -0.560237 0.0929037 0.993607 -0.0641349 0.554014 -0.105107 -0.825846 0.830608 2.4949 0.625264</i>
                        <i>-0.828887 0.040158 -0.557973 0.0918223 0.993659 -0.0648902 0.551829 -0.105021 -0.827318 0.832839 2.49375 0.625047</i>
                        <i>-0.831081 0.0398085 -0.554725 0.0912504 0.993678 -0.0654012 0.548614 -0.104973 -0.829459 0.835956 2.49234 0.624596</i>
                        <i>-0.833511 0.0399918 -0.551054 0.0911181 0.99367 -0.0657092 0.544938 -0.10498 -0.831878 0.839446 2.49077 0.624051</i>
                        <i>-0.835805 0.0405559 -0.547526 0.091353 0.993639 -0.0658513 0.541373 -0.105057 -0.834193 0.842797 2.48914 0.623559</i>
                        <i>-0.837601 0.0413495 -0.544715 0.0918799 0.99359 -0.0658588 0.5385 -0.105212 -0.836031 0.845502 2.48752 0.623274</i>
                        <i>-0.838544 0.0422218 -0.543196 0.0926222 0.993528 -0.0657576 0.536904 -0.105453 -0.837027 0.847056 2.486 0.62336</i>
                        <i>-0.838276 0.0430228 -0.543547 0.0935041 0.993457 -0.0655709 0.537169 -0.10579 -0.836814 0.846956 2.48468 0.623978</i>
                        <i>-0.836804 0.0448417 -0.545663 0.0953486 0.993346 -0.0645908 0.539136 -0.106078 -0.835512 0.845147 2.4828 0.625007</i>
                        <i>-0.834527 0.048566 -0.548823 0.0987619 0.99316 -0.0622891 0.542043 -0.106185 -0.833615 0.842149 2.47977 0.626171</i>
                        <i>-0.831668 0.0537443 -0.552667 0.103344 0.992897 -0.0589598 0.545572 -0.10615 -0.831314 0.838319 2.47587 0.627392</i>
                        <i>-0.828454 0.0599243 -0.556842 0.108697 0.992558 -0.0549034 0.549408 -0.106012 -0.828802 0.834015 2.47139 0.628601</i>
                        <i>-0.825125 0.0666533 -0.561004 0.114435 0.99215 -0.0504326 0.553239 -0.105812 -0.826275 0.829601 2.4666 0.629739</i>
                        <i>-0.821935 0.0734786 -0.564822 0.120179 0.991692 -0.0458746 0.556758 -0.105586 -0.823937 0.825447 2.46179 0.630761</i>
                        <i>-0.819152 0.0799482 -0.567977 0.125565 0.991214 -0.0415709 0.559663 -0.105371 -0.821994 0.821932 2.45724 0.631637</i>
                        <i>-0.817059 0.0856108 -0.570163 0.13024 0.990759 -0.0378739 0.561651 -0.105203 -0.820658 0.819437 2.45321 0.632346</i>
                        <i>-0.815944 0.0900162 -0.57108 0.133856 0.990378 -0.0351416 0.562421 -0.105116 -0.820142 0.818353 2.44999 0.632877</i>
                        <i>-0.816097 0.0927145 -0.57043 0.136061 0.990126 -0.0337293 0.56167 -0.10514 -0.820654 0.819068 2.44783 0.633213</i>
                        <i>-0.817174 0.0938891 -0.568693 0.137027 0.990002 -0.0334523 0.559867 -0.105262 -0.821869 0.821106 2.44657 0.633448</i>
                        <i>-0.818629 0.0941074 -0.56656 0.137213 0.989964 -0.0338244 0.557691 -0.105429 -0.823326 0.823707 2.44581 0.633674</i>
                        <i>-0.820439 0.0934961 -0.564037 0.136702 0.990003 -0.0347391 0.55515 -0.105606 -0.825019 0.826836 2.44545 0.63387</i>
                        <i>-0.82258 0.0921819 -0.561128 0.135574 0.99011 -0.0360883 0.552252 -0.10576 -0.826942 0.830458 2.44542 0.634015</i>
                        <i>-0.825024 0.0902912 -0.557837 0.13391 0.990274 -0.0377632 0.549002 -0.105855 -0.829091 0.834534 2.44564 0.634084</i>
                        <i>-0.827748 0.0879303 -0.554167 0.131683 0.990504 -0.0395272 0.545429 -0.105693 -0.831466 0.839022 2.4461 0.63407</i>
                        <i>-0.830725 0.0852128 -0.550123 0.128908 0.990801 -0.0411881 0.541552 -0.105131 -0.834068 0.84388 2.44678 0.633964</i>
