<?xml version="1.0" encoding="ISO-8859-1" ?>
<Animl Version="1">
    <ModellingPackage><![CDATA[Maya.2010]]></ModellingPackage>
    <SrcFile><![CDATA[anims\turrets\antitank\blue\~src\antitank_m72_law\antitank_m72law_reload_high.mb]]></SrcFile>
    <FramesPerSecond>30</FramesPerSecond>
    <TotalFrames>60</TotalFrames>
    <Skeleton>
        <RefFrame>
            <Name><![CDATA[m72law_ref_frame]]></Name>
            <Exclude>0</Exclude>
            <Additive>0</Additive>
            <IKPriority>0</IKPriority>
            <IKRotLimits>-1e+010 -1e+010 -1e+010 1e+010 1e+010 1e+010</IKRotLimits>
            <IKRotLimitOrder>0</IKRotLimitOrder>
            <KeyFrames count="60">
                <i>1 0 0 0 1 0 0 0 1 0 2.65 0</i>
                <i>1 0 0 0 1 0 0 0 1 0 2.65 0</i>
                <i>1 0 0 0 1 0 0 0 1 0 2.65 0</i>
                <i>1 0 0 0 1 0 0 0 1 0 2.65 0</i>
                <i>1 0 0 0 1 0 0 0 1 0 2.65 0</i>
                <i>1 0 0 0 1 0 0 0 1 0 2.65 0</i>
                <i>1 0 0 0 1 0 0 0 1 0 2.65 0</i>
                <i>1 0 0 0 1 0 0 0 1 0 2.65 0</i>
                <i>1 0 0 0 1 0 0 0 1 0 2.65 0</i>
                <i>1 0 0 0 1 0 0 0 1 0 2.65 0</i>
                <i>1 0 0 0 1 0 0 0 1 0 2.65 0</i>
                <i>1 0 0 0 1 0 0 0 1 0 2.65 0</i>
                <i>1 0 0 0 1 0 0 0 1 0 2.65 0</i>
                <i>1 0 0 0 1 0 0 0 1 0 2.65 0</i>
                <i>1 0 0 0 1 0 0 0 1 0 2.65 0</i>
                <i>1 0 0 0 1 0 0 0 1 0 2.65 0</i>
                <i>1 0 0 0 1 0 0 0 1 0 2.65 0</i>
                <i>1 0 0 0 1 0 0 0 1 0 2.65 0</i>
                <i>1 0 0 0 1 0 0 0 1 0 2.65 0</i>
                <i>1 0 0 0 1 0 0 0 1 0 2.65 0</i>
                <i>1 0 0 0 1 0 0 0 1 0 2.65 0</i>
                <i>1 0 0 0 1 0 0 0 1 0 2.65 0</i>
                <i>1 0 0 0 1 0 0 0 1 0 2.65 0</i>
                <i>1 0 0 0 1 0 0 0 1 0 2.65 0</i>
                <i>1 0 0 0 1 0 0 0 1 0 2.65 0</i>
                <i>1 0 0 0 1 0 0 0 1 0 2.65 0</i>
                <i>1 0 0 0 1 0 0 0 1 0 2.65 0</i>
                <i>1 0 0 0 1 0 0 0 1 0 2.65 0</i>
                <i>1 0 0 0 1 0 0 0 1 0 2.65 0</i>
                <i>1 0 0 0 1 0 0 0 1 0 2.65 0</i>
                <i>1 0 0 0 1 0 0 0 1 0 2.65 0</i>
                <i>1 0 0 0 1 0 0 0 1 0 2.65 0</i>
                <i>1 0 0 0 1 0 0 0 1 0 2.65 0</i>
                <i>1 0 0 0 1 0 0 0 1 0 2.65 0</i>
                <i>1 0 0 0 1 0 0 0 1 0 2.65 0</i>
                <i>1 0 0 0 1 0 0 0 1 0 2.65 0</i>
                <i>1 0 0 0 1 0 0 0 1 0 2.65 0</i>
                <i>1 0 0 0 1 0 0 0 1 0 2.65 0</i>
                <i>1 0 0 0 1 0 0 0 1 0 2.65 0</i>
                <i>1 0 0 0 1 0 0 0 1 0 2.65 0</i>
                <i>1 0 0 0 1 0 0 0 1 0 2.65 0</i>
                <i>1 0 0 0 1 0 0 0 1 0 2.65 0</i>
                <i>1 0 0 0 1 0 0 0 1 0 2.65 0</i>
                <i>1 0 0 0 1 0 0 0 1 0 2.65 0</i>
                <i>1 0 0 0 1 0 0 0 1 0 2.65 0</i>
                <i>1 0 0 0 1 0 0 0 1 0 2.65 0</i>
                <i>1 0 0 0 1 0 0 0 1 0 2.65 0</i>
                <i>1 0 0 0 1 0 0 0 1 0 2.65 0</i>
                <i>1 0 0 0 1 0 0 0 1 0 2.65 0</i>
                <i>1 0 0 0 1 0 0 0 1 0 2.65 0</i>
                <i>1 0 0 0 1 0 0 0 1 0 2.65 0</i>
                <i>1 0 0 0 1 0 0 0 1 0 2.65 0</i>
                <i>1 0 0 0 1 0 0 0 1 0 2.65 0</i>
                <i>1 0 0 0 1 0 0 0 1 0 2.65 0</i>
                <i>1 0 0 0 1 0 0 0 1 0 2.65 0</i>
                <i>1 0 0 0 1 0 0 0 1 0 2.65 0</i>
                <i>1 0 0 0 1 0 0 0 1 0 2.65 0</i>
                <i>1 0 0 0 1 0 0 0 1 0 2.65 0</i>
                <i>1 0 0 0 1 0 0 0 1 0 2.65 0</i>
                <i>1 0 0 0 1 0 0 0 1 0 2.65 0</i>
            </KeyFrames>
        </RefFrame>
        <Bones count="8">
            <i>
                <p>
                    <Name><![CDATA[m72_law_root]]></Name>
                    <Exclude>0</Exclude>
                    <Additive>0</Additive>
                    <IKPriority>0</IKPriority>
                    <IKRotLimits>-1e+010 -1e+010 -1e+010 1e+010 1e+010 1e+010</IKRotLimits>
                    <IKRotLimitOrder>0</IKRotLimitOrder>
                    <KeyFrames count="60">
                        <i>1 0 0 0 1 0 0 0 1 0 0 0</i>
                        <i>1 0 0 0 1 0 0 0 1 0 0 0</i>
                        <i>1 0 0 0 1 0 0 0 1 0 0 0</i>
                        <i>1 0 0 0 1 0 0 0 1 0 0 0</i>
                        <i>1 0 0 0 1 0 0 0 1 0 0 0</i>
                        <i>1 0 0 0 1 0 0 0 1 0 0 0</i>
                        <i>1 0 0 0 1 0 0 0 1 0 0 0</i>
                        <i>1 0 0 0 1 0 0 0 1 0 0 0</i>
                        <i>1 0 0 0 1 0 0 0 1 0 0 0</i>
                        <i>1 0 0 0 1 0 0 0 1 0 0 0</i>
                        <i>1 0 0 0 1 0 0 0 1 0 0 0</i>
                        <i>1 0 0 0 1 0 0 0 1 0 0 0</i>
                        <i>1 0 0 0 1 0 0 0 1 0 0 0</i>
                        <i>1 0 0 0 1 0 0 0 1 0 0 0</i>
                        <i>1 0 0 0 1 0 0 0 1 0 0 0</i>
                        <i>1 0 0 0 1 0 0 0 1 0 0 0</i>
                        <i>1 0 0 0 1 0 0 0 1 0 0 0</i>
                        <i>1 0 0 0 1 0 0 0 1 0 0 0</i>
                        <i>1 0 0 0 1 0 0 0 1 0 0 0</i>
                        <i>1 0 0 0 1 0 0 0 1 0 0 0</i>
                        <i>1 0 0 0 1 0 0 0 1 0 0 0</i>
                        <i>1 0 0 0 1 0 0 0 1 0 0 0</i>
                        <i>1 0 0 0 1 0 0 0 1 0 0 0</i>
                        <i>1 0 0 0 1 0 0 0 1 0 0 0</i>
                        <i>1 0 0 0 1 0 0 0 1 0 0 0</i>
                        <i>1 0 0 0 1 0 0 0 1 0 0 0</i>
                        <i>1 0 0 0 1 0 0 0 1 0 0 0</i>
                        <i>1 0 0 0 1 0 0 0 1 0 0 0</i>
                        <i>1 0 0 0 1 0 0 0 1 0 0 0</i>
                        <i>1 0 0 0 1 0 0 0 1 0 0 0</i>
                        <i>1 0 0 0 1 0 0 0 1 0 0 0</i>
                        <i>1 0 0 0 1 0 0 0 1 0 0 0</i>
                        <i>1 0 0 0 1 0 0 0 1 0 0 0</i>
                        <i>1 0 0 0 1 0 0 0 1 0 0 0</i>
                        <i>1 0 0 0 1 0 0 0 1 0 0 0</i>
                        <i>1 0 0 0 1 0 0 0 1 0 0 0</i>
                        <i>1 0 0 0 1 0 0 0 1 0 0 0</i>
                        <i>1 0 0 0 1 0 0 0 1 0 0 0</i>
                        <i>1 0 0 0 1 0 0 0 1 0 0 0</i>
                        <i>1 0 0 0 1 0 0 0 1 0 0 0</i>
                        <i>1 0 0 0 1 0 0 0 1 0 0 0</i>
                        <i>1 0 0 0 1 0 0 0 1 0 0 0</i>
                        <i>1 0 0 0 1 0 0 0 1 0 0 0</i>
                        <i>1 0 0 0 1 0 0 0 1 0 0 0</i>
                        <i>1 0 0 0 1 0 0 0 1 0 0 0</i>
                        <i>1 0 0 0 1 0 0 0 1 0 0 0</i>
                        <i>1 0 0 0 1 0 0 0 1 0 0 0</i>
                        <i>1 0 0 0 1 0 0 0 1 0 0 0</i>
                        <i>1 0 0 0 1 0 0 0 1 0 0 0</i>
                        <i>1 0 0 0 1 0 0 0 1 0 0 0</i>
                        <i>1 0 0 0 1 0 0 0 1 0 0 0</i>
                        <i>1 0 0 0 1 0 0 0 1 0 0 0</i>
                        <i>1 0 0 0 1 0 0 0 1 0 0 0</i>
                        <i>1 0 0 0 1 0 0 0 1 0 0 0</i>
                        <i>1 0 0 0 1 0 0 0 1 0 0 0</i>
                        <i>1 0 0 0 1 0 0 0 1 0 0 0</i>
                        <i>1 0 0 0 1 0 0 0 1 0 0 0</i>
                        <i>1 0 0 0 1 0 0 0 1 0 0 0</i>
                        <i>1 0 0 0 1 0 0 0 1 0 0 0</i>
                        <i>1 0 0 0 1 0 0 0 1 0 0 0</i>
                    </KeyFrames>
                </p>
            </i>
            <i>
                <p>
                    <Name><![CDATA[crosshair_stay]]></Name>
                    <Exclude>0</Exclude>
                    <Additive>0</Additive>
                    <IKPriority>0</IKPriority>
                    <IKRotLimits>-1e+010 -1e+010 -1e+010 1e+010 1e+010 1e+010</IKRotLimits>
                    <IKRotLimitOrder>0</IKRotLimitOrder>
                    <KeyFrames count="60">
                        <i>1 0 0 0 0.992546 -0.121869 0 0.121869 0.992546 0.102674 2.61958 -0.358864</i>
                        <i>1 0 0 0 0.992546 -0.121869 0 0.121869 0.992546 0.102674 2.61958 -0.358864</i>
                        <i>1 0 0 0 0.992546 -0.121869 0 0.121869 0.992546 0.102674 2.61958 -0.358864</i>
                        <i>1 0 0 0 0.992546 -0.121869 0 0.121869 0.992546 0.102674 2.61958 -0.358864</i>
                        <i>1 0 0 0 0.992546 -0.121869 0 0.121869 0.992546 0.102674 2.61958 -0.358864</i>
                        <i>1 0 0 0 0.992546 -0.121869 0 0.121869 0.992546 0.102674 2.61958 -0.358864</i>
                        <i>1 0 0 0 0.992546 -0.121869 0 0.121869 0.992546 0.102674 2.61958 -0.358864</i>
                        <i>1 0 0 0 0.992546 -0.121869 0 0.121869 0.992546 0.102674 2.61958 -0.358864</i>
                        <i>1 0 0 0 0.992546 -0.121869 0 0.121869 0.992546 0.102674 2.61958 -0.358864</i>
                        <i>1 0 0 0 0.992546 -0.121869 0 0.121869 0.992546 0.102674 2.61958 -0.358864</i>
                        <i>1 0 0 0 0.992546 -0.121869 0 0.121869 0.992546 0.102674 2.61958 -0.358864</i>
                        <i>1 0 0 0 0.992546 -0.121869 0 0.121869 0.992546 0.102674 2.61958 -0.358864</i>
                        <i>1 0 0 0 0.992546 -0.121869 0 0.121869 0.992546 0.102674 2.61958 -0.358864</i>
                        <i>1 0 0 0 0.992546 -0.121869 0 0.121869 0.992546 0.102674 2.61958 -0.358864</i>
                        <i>1 0 0 0 0.992546 -0.121869 0 0.121869 0.992546 0.102674 2.61958 -0.358864</i>
                        <i>1 0 0 0 0.992546 -0.121869 0 0.121869 0.992546 0.102674 2.61958 -0.358864</i>
                        <i>1 0 0 0 0.992546 -0.121869 0 0.121869 0.992546 0.102674 2.61958 -0.358864</i>
                        <i>1 0 0 0 0.992546 -0.121869 0 0.121869 0.992546 0.102674 2.61958 -0.358864</i>
                        <i>1 0 0 0 0.992546 -0.121869 0 0.121869 0.992546 0.102674 2.61958 -0.358864</i>
                        <i>1 0 0 0 0.992546 -0.121869 0 0.121869 0.992546 0.102674 2.61958 -0.358864</i>
                        <i>1 0 0 0 0.992546 -0.121869 0 0.121869 0.992546 0.102674 2.61958 -0.358864</i>
                        <i>1 0 0 0 0.992546 -0.121869 0 0.121869 0.992546 0.102674 2.61958 -0.358864</i>
                        <i>1 0 0 0 0.992546 -0.121869 0 0.121869 0.992546 0.102674 2.61958 -0.358864</i>
                        <i>1 0 0 0 0.992546 -0.121869 0 0.121869 0.992546 0.102674 2.61958 -0.358864</i>
                        <i>1 0 0 0 0.992546 -0.121869 0 0.121869 0.992546 0.102674 2.61958 -0.358864</i>
                        <i>1 0 0 0 0.992546 -0.121869 0 0.121869 0.992546 0.102674 2.61958 -0.358864</i>
                        <i>1 0 0 0 0.992546 -0.121869 0 0.121869 0.992546 0.102674 2.61958 -0.358864</i>
                        <i>1 0 0 0 0.992546 -0.121869 0 0.121869 0.992546 0.102674 2.61958 -0.358864</i>
                        <i>1 0 0 0 0.992546 -0.121869 0 0.121869 0.992546 0.102674 2.61958 -0.358864</i>
                        <i>1 0 0 0 0.992546 -0.121869 0 0.121869 0.992546 0.102674 2.61958 -0.358864</i>
                        <i>1 0 0 0 0.992546 -0.121869 0 0.121869 0.992546 0.102674 2.61958 -0.358864</i>
                        <i>1 0 0 0 0.992546 -0.121869 0 0.121869 0.992546 0.102674 2.61958 -0.358864</i>
                        <i>1 0 0 0 0.992546 -0.121869 0 0.121869 0.992546 0.102674 2.61958 -0.358864</i>
                        <i>1 0 0 0 0.992546 -0.121869 0 0.121869 0.992546 0.102674 2.61958 -0.358864</i>
                        <i>1 0 0 0 0.992546 -0.121869 0 0.121869 0.992546 0.102674 2.61958 -0.358864</i>
                        <i>1 0 0 0 0.992546 -0.121869 0 0.121869 0.992546 0.102674 2.61958 -0.358864</i>
                        <i>1 0 0 0 0.992546 -0.121869 0 0.121869 0.992546 0.102674 2.61958 -0.358864</i>
                        <i>1 0 0 0 0.992546 -0.121869 0 0.121869 0.992546 0.102674 2.61958 -0.358864</i>
                        <i>1 0 0 0 0.992546 -0.121869 0 0.121869 0.992546 0.102674 2.61958 -0.358864</i>
                        <i>1 0 0 0 0.992546 -0.121869 0 0.121869 0.992546 0.102674 2.61958 -0.358864</i>
                        <i>1 0 0 0 0.992546 -0.121869 0 0.121869 0.992546 0.102674 2.61958 -0.358864</i>
                        <i>1 0 0 0 0.992546 -0.121869 0 0.121869 0.992546 0.102674 2.61958 -0.358864</i>
                        <i>1 0 0 0 0.992546 -0.121869 0 0.121869 0.992546 0.102674 2.61958 -0.358864</i>
                        <i>1 0 0 0 0.992546 -0.121869 0 0.121869 0.992546 0.102674 2.61958 -0.358864</i>
                        <i>1 0 0 0 0.992546 -0.121869 0 0.121869 0.992546 0.102674 2.61958 -0.358864</i>
                        <i>1 0 0 0 0.992546 -0.121869 0 0.121869 0.992546 0.102674 2.61958 -0.358864</i>
                        <i>1 0 0 0 0.992546 -0.121869 0 0.121869 0.992546 0.102674 2.61958 -0.358864</i>
                        <i>1 0 0 0 0.992546 -0.121869 0 0.121869 0.992546 0.102674 2.61958 -0.358864</i>
                        <i>1 0 0 0 0.992546 -0.121869 0 0.121869 0.992546 0.102674 2.61958 -0.358864</i>
                        <i>1 0 0 0 0.992546 -0.121869 0 0.121869 0.992546 0.102674 2.61958 -0.358864</i>
                        <i>1 0 0 0 0.992546 -0.121869 0 0.121869 0.992546 0.102674 2.61958 -0.358864</i>
                        <i>1 0 0 0 0.992546 -0.121869 0 0.121869 0.992546 0.102674 2.61958 -0.358864</i>
                        <i>1 0 0 0 0.992546 -0.121869 0 0.121869 0.992546 0.102674 2.61958 -0.358864</i>
                        <i>1 0 0 0 0.992546 -0.121869 0 0.121869 0.992546 0.102674 2.61958 -0.358864</i>
                        <i>1 0 0 0 0.992546 -0.121869 0 0.121869 0.992546 0.102674 2.61958 -0.358864</i>
                        <i>1 0 0 0 0.992546 -0.121869 0 0.121869 0.992546 0.102674 2.61958 -0.358864</i>
                        <i>1 0 0 0 0.992546 -0.121869 0 0.121869 0.992546 0.102674 2.61958 -0.358864</i>
                        <i>1 0 0 0 0.992546 -0.121869 0 0.121869 0.992546 0.102674 2.61958 -0.358864</i>
                        <i>1 0 0 0 0.992546 -0.121869 0 0.121869 0.992546 0.102674 2.61958 -0.358864</i>
                        <i>1 0 0 0 0.992546 -0.121869 0 0.121869 0.992546 0.102674 2.61958 -0.358864</i>
                    </KeyFrames>
                </p>
            </i>
            <i>
                <p>
                    <Name><![CDATA[body]]></Name>
                    <Exclude>0</Exclude>
                    <Additive>0</Additive>
                    <IKPriority>0</IKPriority>
                    <IKRotLimits>-1e+010 -1e+010 -1e+010 1e+010 1e+010 1e+010</IKRotLimits>
                    <IKRotLimitOrder>0</IKRotLimitOrder>
                    <KeyFrames count="60">
                        <i>0.999889 -0.0105816 0.0105139 0.011761 0.992787 -0.11931 -0.00917555 0.119421 0.992801 0.102674 2.61958 -0.358864</i>
                        <i>0.999922 -0.00918273 0.00851283 0.0100226 0.994471 -0.104531 -0.00750588 0.104608 0.994485 0.102259 2.62257 -0.358452</i>
                        <i>0.999952 -0.00755931 0.00626744 0.00808013 0.996112 -0.0877268 -0.00557992 0.0877732 0.996125 0.101784 2.62595 -0.357929</i>
                        <i>0.999976 -0.00579826 0.00391889 0.00605803 0.997536 -0.0698925 -0.00350398 0.0699145 0.997547 0.101275 2.62953 -0.357311</i>
                        <i>0.999991 -0.00399541 0.00160222 0.00407337 0.998637 -0.0520312 -0.00139215 0.0520372 0.998644 0.100761 2.63309 -0.356629</i>
                        <i>0.999997 -0.00225583 -0.000554634 0.00223494 0.999379 -0.0351519 0.000633586 0.0351505 0.999382 0.100271 2.63644 -0.355925</i>
                        <i>0.999997 -0.000692903 -0.00243062 0.000643503 0.999794 -0.0202663 0.00244417 0.0202647 0.999792 0.0998357 2.63938 -0.355257</i>
                        <i>0.999992 0.000573851 -0.00391038 -0.000606627 0.999965 -0.00838579 0.00390543 0.0083881 0.999957 0.0994862 2.64172 -0.354692</i>
                        <i>0.999987 0.00142204 -0.0048816 -0.00142459 0.999999 -0.000519477 0.00488086 0.000526424 0.999988 0.0992537 2.64326 -0.354303</i>
                        <i>0.999985 0.0017307 -0.00523125 -0.00171855 0.999996 0.00232601 0.00523525 -0.00231699 0.999984 0.0991694 2.64382 -0.354159</i>
                        <i>0.999985 0.00172828 -0.00522851 -0.00171625 0.999996 0.0023037 0.00523247 -0.0022947 0.999984 0.0991701 2.64382 -0.35416</i>
                        <i>0.999985 0.00172222 -0.00522166 -0.0017105 0.999996 0.00224793 0.00522551 -0.00223896 0.999984 0.0991717 2.6438 -0.354163</i>
                        <i>0.999985 0.00171434 -0.00521276 -0.00170302 0.999996 0.00217542 0.00521647 -0.00216651 0.999984 0.0991739 2.64379 -0.354167</i>
                        <i>0.999985 0.00170647 -0.00520387 -0.00169554 0.999996 0.00210291 0.00520743 -0.00209405 0.999984 0.099176 2.64378 -0.354171</i>
                        <i>0.999985 0.00170041 -0.00519702 -0.00168979 0.999996 0.00204713 0.00520048 -0.00203832 0.999984 0.0991777 2.64376 -0.354173</i>
                        <i>0.999985 0.00176074 -0.00517335 -0.00168749 0.999899 0.0141295 0.0051977 -0.0141205 0.999887 0.0991784 2.64618 -0.350644</i>
                        <i>0.999953 0.00502619 -0.0082783 -0.00443441 0.997536 0.0700148 0.00860981 -0.0699748 0.997512 0.0983709 2.6569 -0.337873</i>
                        <i>0.999842 0.011509 -0.0135256 -0.00928644 0.987994 0.154213 0.0151381 -0.154063 0.987945 0.0968464 2.67171 -0.312462</i>
                        <i>0.999755 0.0154228 -0.0158771 -0.0117612 0.977795 0.209235 0.0187516 -0.208997 0.977736 0.0960131 2.67853 -0.276333</i>
                        <i>0.999796 0.0170739 -0.0107558 -0.0140106 0.970936 0.238928 0.0145227 -0.238728 0.970978 0.0969816 2.68282 -0.178526</i>
                        <i>0.999885 0.0123571 0.00880699 -0.0139778 0.975936 0.217609 -0.00590606 -0.217707 0.975996 0.101762 2.65451 -0.224897</i>
                        <i>0.999213 0.00422133 0.0394313 -0.0106538 0.986339 0.164381 -0.0381987 -0.164672 0.985609 0.10963 2.62837 -0.292911</i>
                        <i>0.997019 -0.00358944 0.0770701 -0.00413537 0.994995 0.099838 -0.0770427 -0.0998591 0.992014 0.119613 2.63042 -0.336237</i>
                        <i>0.993095 -0.00816709 0.117031 0.00289397 0.998976 0.0451568 -0.11728 -0.0445063 0.992101 0.130555 2.64325 -0.372929</i>
                        <i>0.988021 -0.00780081 0.154122 0.0045897 0.999765 0.0211797 -0.154251 -0.0202186 0.987825 0.141115 2.65061 -0.399578</i>
                        <i>0.979659 -0.0100582 0.200418 -0.00168504 0.998295 0.0583373 -0.200663 -0.0574884 0.977972 0.155049 2.66087 -0.42099</i>
                        <i>0.965984 -0.0189303 0.257909 -0.0190034 0.989424 0.143799 -0.257904 -0.143809 0.955408 0.173401 2.6846 -0.438905</i>
                        <i>0.937341 -0.0313552 0.346999 -0.0527624 0.971682 0.230328 -0.344395 -0.234204 0.909143 0.204892 2.71014 -0.457712</i>
                        <i>0.84642 -0.0625842 0.528825 -0.0960287 0.958851 0.267176 -0.523786 -0.276926 0.805581 0.24989 2.72598 -0.477236</i>
                        <i>0.682543 -0.101996 0.723693 -0.102024 0.96722 0.232542 -0.723689 -0.232554 0.649763 0.27694 2.72001 -0.484653</i>
                        <i>0.500456 -0.105241 0.859342 -0.0703819 0.984353 0.16154 -0.862896 -0.141326 0.485218 0.28276 2.69757 -0.484136</i>
                        <i>0.344209 -0.088899 0.934675 -0.030114 0.99395 0.105627 -0.93841 -0.0645044 0.339449 0.291344 2.67821 -0.485885</i>
                        <i>0.263658 -0.0708394 0.962011 0.0190118 0.997488 0.0682412 -0.964429 0.0002972 0.264343 0.299513 2.66745 -0.488758</i>
                        <i>0.227322 -0.0540864 0.972316 0.063358 0.997162 0.0406557 -0.971756 0.0523621 0.230104 0.304801 2.66158 -0.490371</i>
                        <i>0.216407 -0.0608462 0.974405 0.0793254 0.995852 0.0445679 -0.973075 0.0676503 0.220336 0.309551 2.66499 -0.491604</i>
                        <i>0.213441 -0.0814233 0.973557 0.0728379 0.995074 0.0672539 -0.974237 0.0565571 0.21832 0.315303 2.67248 -0.493567</i>
                        <i>0.291391 -0.103743 0.950962 0.0191882 0.994536 0.102617 -0.956412 -0.0116544 0.291789 0.324259 2.67685 -0.497835</i>
                        <i>0.312972 -0.103803 0.944073 0.0300441 0.994594 0.0993984 -0.949287 -0.00274506 0.314398 0.337057 2.67726 -0.504946</i>
                        <i>0.296071 -0.0991375 0.950007 0.029684 0.995074 0.0945894 -0.954705 0.000194812 0.297555 0.470733 2.66378 -0.544721</i>
                        <i>0.312675 -0.0945347 0.945144 0.0292407 0.995521 0.0899 -0.94941 -0.000472734 0.314039 0.39401 2.65582 -0.514988</i>
                        <i>0.2892 -0.108441 0.951106 0.0178771 0.994001 0.107896 -0.957102 -0.0142006 0.289404 0.364767 2.69553 -0.504814</i>
                        <i>0.265663 -0.122212 0.956288 0.00573651 0.992115 0.125197 -0.964049 -0.0277746 0.264269 0.332137 2.73163 -0.491643</i>
                        <i>0.272168 -0.116574 0.955162 0.0122696 0.992974 0.117693 -0.962172 -0.0203127 0.271686 0.352238 2.72101 -0.488611</i>
                        <i>0.320334 -0.101672 0.941833 0.0209853 0.994741 0.100246 -0.947072 -0.0123475 0.320783 0.388318 2.69593 -0.488988</i>
                        <i>0.417419 -0.086055 0.90463 0.0183933 0.996102 0.0862693 -0.908528 -0.0193713 0.417374 0.405599 2.67883 -0.489854</i>
                        <i>0.586935 -0.0667382 0.806879 0.00657083 0.996957 0.0776802 -0.809607 -0.0402914 0.585587 0.367754 2.67295 -0.486528</i>
                        <i>0.797661 -0.039468 0.601813 -0.00520715 0.997369 0.0723109 -0.603083 -0.0608133 0.795357 0.284539 2.66734 -0.467192</i>
                        <i>0.944768 -0.0135812 0.327459 -0.0119671 0.997045 0.0758787 -0.327522 -0.0756065 0.941814 0.192307 2.66318 -0.424697</i>
                        <i>0.99632 0.00456245 0.0855949 -0.0117254 0.99645 0.0833692 -0.0849106 -0.084066 0.992836 0.122999 2.6609 -0.374088</i>
                        <i>0.999819 0.0113697 -0.015231 -0.0100023 0.996156 0.0870281 0.0161619 -0.0868601 0.996089 0.0966096 2.66021 -0.349138</i>
                        <i>0.999837 0.0106847 -0.0145743 -0.00946622 0.996649 0.0812529 0.0153936 -0.0811017 0.996587 0.0967872 2.65911 -0.349526</i>
                        <i>0.999879 0.00884466 -0.0127721 -0.0079889 0.997816 0.0655661 0.0133241 -0.0654561 0.997766 0.0972675 2.6561 -0.350546</i>
                        <i>0.99993 0.00618509 -0.0100638 -0.00575287 0.999083 0.0424252 0.010317 -0.0423644 0.999049 0.0979697 2.65163 -0.35196</i>
                        <i>0.999973 0.00304088 -0.00669338 -0.00294489 0.999893 0.0143046 0.00673617 -0.0142845 0.999875 0.0988133 2.64616 -0.353536</i>
                        <i>0.999996 -0.000271722 -0.00292658 0.000223989 0.999867 -0.0162983 0.00293062 0.0162975 0.999863 0.0997192 2.64016 -0.355072</i>
                        <i>0.999994 -0.00346755 0.000939823 0.00350779 0.998895 -0.0468735 -0.000776248 0.0468765 0.9989 0.100611 2.63411 -0.35642</i>
                        <i>0.99997 -0.00629868 0.00457739 0.00662398 0.997168 -0.0749201 -0.00409252 0.0749482 0.997179 0.101419 2.62852 -0.357492</i>
                        <i>0.999934 -0.00855259 0.00763175 0.00925934 0.995147 -0.0979652 -0.00675686 0.0980294 0.995161 0.102074 2.62389 -0.358254</i>
                        <i>0.999902 -0.0100414 0.00973365 0.0110824 0.993468 -0.113569 -0.00852968 0.113666 0.993482 0.102513 2.62074 -0.358709</i>
                        <i>0.999889 -0.0105816 0.0105139 0.011761 0.992787 -0.11931 -0.00917555 0.119421 0.992801 0.102674 2.61958 -0.358864</i>
                    </KeyFrames>
                </p>
            </i>
            <i>
                <p>
                    <Name><![CDATA[pitch]]></Name>
                    <Exclude>0</Exclude>
                    <Additive>0</Additive>
                    <IKPriority>0</IKPriority>
                    <IKRotLimits>-1e+010 -1e+010 -1e+010 1e+010 1e+010 1e+010</IKRotLimits>
                    <IKRotLimitOrder>0</IKRotLimitOrder>
                    <KeyFrames count="60">
                        <i>0.999889 -0.0105816 0.0105139 0.011761 0.992787 -0.11931 -0.00917555 0.119421 0.992801 0.102674 2.61958 -0.358864</i>
                        <i>0.999922 -0.00918273 0.00851283 0.0100226 0.994471 -0.104531 -0.00750588 0.104608 0.994485 0.102259 2.62257 -0.358452</i>
                        <i>0.999952 -0.00755931 0.00626744 0.00808013 0.996112 -0.0877268 -0.00557992 0.0877732 0.996125 0.101784 2.62595 -0.357929</i>
                        <i>0.999976 -0.00579826 0.00391889 0.00605803 0.997536 -0.0698925 -0.00350398 0.0699145 0.997547 0.101275 2.62953 -0.357311</i>
                        <i>0.999991 -0.00399541 0.00160222 0.00407337 0.998637 -0.0520312 -0.00139215 0.0520372 0.998644 0.100761 2.63309 -0.356629</i>
                        <i>0.999997 -0.00225583 -0.000554634 0.00223494 0.999379 -0.0351519 0.000633586 0.0351505 0.999382 0.100271 2.63644 -0.355925</i>
                        <i>0.999997 -0.000692903 -0.00243062 0.000643503 0.999794 -0.0202663 0.00244417 0.0202647 0.999792 0.0998357 2.63938 -0.355257</i>
                        <i>0.999992 0.000573851 -0.00391038 -0.000606627 0.999965 -0.00838579 0.00390543 0.0083881 0.999957 0.0994862 2.64172 -0.354692</i>
                        <i>0.999987 0.00142204 -0.0048816 -0.00142459 0.999999 -0.000519477 0.00488086 0.000526424 0.999988 0.0992537 2.64326 -0.354303</i>
                        <i>0.999985 0.0017307 -0.00523125 -0.00171855 0.999996 0.00232601 0.00523525 -0.00231699 0.999984 0.0991694 2.64382 -0.354159</i>
                        <i>0.999985 0.00172828 -0.00522851 -0.00171625 0.999996 0.0023037 0.00523247 -0.0022947 0.999984 0.0991701 2.64382 -0.35416</i>
                        <i>0.999985 0.00172222 -0.00522166 -0.0017105 0.999996 0.00224793 0.00522551 -0.00223896 0.999984 0.0991717 2.6438 -0.354163</i>
                        <i>0.999985 0.00171434 -0.00521276 -0.00170302 0.999996 0.00217542 0.00521647 -0.00216651 0.999984 0.0991739 2.64379 -0.354167</i>
                        <i>0.999985 0.00170647 -0.00520387 -0.00169554 0.999996 0.00210291 0.00520743 -0.00209405 0.999984 0.099176 2.64378 -0.354171</i>
                        <i>0.999985 0.00170041 -0.00519702 -0.00168979 0.999996 0.00204713 0.00520048 -0.00203832 0.999984 0.0991777 2.64376 -0.354173</i>
                        <i>0.999985 0.00176074 -0.00517335 -0.00168749 0.999899 0.0141295 0.0051977 -0.0141205 0.999887 0.0991784 2.64618 -0.350644</i>
                        <i>0.999953 0.00502619 -0.0082783 -0.00443441 0.997536 0.0700148 0.00860981 -0.0699748 0.997512 0.0983709 2.6569 -0.337873</i>
                        <i>0.999842 0.011509 -0.0135256 -0.00928644 0.987994 0.154213 0.0151381 -0.154063 0.987945 0.0968464 2.67171 -0.312462</i>
                        <i>0.999755 0.0154228 -0.0158771 -0.0117612 0.977795 0.209235 0.0187516 -0.208997 0.977736 0.0960131 2.67853 -0.276333</i>
                        <i>0.999796 0.0170739 -0.0107558 -0.0140106 0.970936 0.238928 0.0145227 -0.238728 0.970978 0.0969816 2.68282 -0.178526</i>
                        <i>0.999885 0.0123571 0.00880699 -0.0139778 0.975936 0.217609 -0.00590606 -0.217707 0.975996 0.101762 2.65451 -0.224897</i>
                        <i>0.999213 0.00422133 0.0394313 -0.0106538 0.986339 0.164381 -0.0381987 -0.164672 0.985609 0.10963 2.62837 -0.292911</i>
                        <i>0.997019 -0.00358944 0.0770701 -0.00413537 0.994995 0.099838 -0.0770427 -0.0998591 0.992014 0.119613 2.63042 -0.336237</i>
                        <i>0.993095 -0.00816709 0.117031 0.00289397 0.998976 0.0451568 -0.11728 -0.0445063 0.992101 0.130555 2.64325 -0.372929</i>
                        <i>0.988021 -0.00780081 0.154122 0.0045897 0.999765 0.0211797 -0.154251 -0.0202186 0.987825 0.141115 2.65061 -0.399578</i>
                        <i>0.979659 -0.0100582 0.200418 -0.00168504 0.998295 0.0583373 -0.200663 -0.0574884 0.977972 0.155049 2.66087 -0.42099</i>
                        <i>0.965984 -0.0189303 0.257909 -0.0190034 0.989424 0.143799 -0.257904 -0.143809 0.955408 0.173401 2.6846 -0.438905</i>
                        <i>0.937341 -0.0313552 0.346999 -0.0527624 0.971682 0.230328 -0.344395 -0.234204 0.909143 0.204892 2.71014 -0.457712</i>
                        <i>0.84642 -0.0625842 0.528825 -0.0960287 0.958851 0.267176 -0.523786 -0.276926 0.805581 0.24989 2.72598 -0.477236</i>
                        <i>0.682543 -0.101996 0.723693 -0.102024 0.96722 0.232542 -0.723689 -0.232554 0.649763 0.27694 2.72001 -0.484653</i>
                        <i>0.500456 -0.105241 0.859342 -0.0703819 0.984353 0.16154 -0.862896 -0.141326 0.485218 0.28276 2.69757 -0.484136</i>
                        <i>0.344209 -0.088899 0.934675 -0.030114 0.99395 0.105627 -0.93841 -0.0645044 0.339449 0.291344 2.67821 -0.485885</i>
                        <i>0.263658 -0.0708394 0.962011 0.0190118 0.997488 0.0682412 -0.964429 0.0002972 0.264343 0.299513 2.66745 -0.488758</i>
                        <i>0.227322 -0.0540864 0.972316 0.063358 0.997162 0.0406557 -0.971756 0.0523621 0.230104 0.304801 2.66158 -0.490371</i>
                        <i>0.216407 -0.0608462 0.974405 0.0793254 0.995852 0.0445679 -0.973075 0.0676503 0.220336 0.309551 2.66499 -0.491604</i>
                        <i>0.213441 -0.0814233 0.973557 0.0728379 0.995074 0.0672539 -0.974237 0.0565571 0.21832 0.315303 2.67248 -0.493567</i>
                        <i>0.291391 -0.103743 0.950962 0.0191882 0.994536 0.102617 -0.956412 -0.0116544 0.291789 0.324259 2.67685 -0.497835</i>
                        <i>0.312972 -0.103803 0.944073 0.0300441 0.994594 0.0993984 -0.949287 -0.00274506 0.314398 0.337057 2.67726 -0.504946</i>
                        <i>0.296071 -0.0991375 0.950007 0.029684 0.995074 0.0945894 -0.954705 0.000194812 0.297555 0.470733 2.66378 -0.544721</i>
                        <i>0.312675 -0.0945347 0.945144 0.0292407 0.995521 0.0899 -0.94941 -0.000472734 0.314039 0.39401 2.65582 -0.514988</i>
                        <i>0.2892 -0.108441 0.951106 0.0178771 0.994001 0.107896 -0.957102 -0.0142006 0.289404 0.364767 2.69553 -0.504814</i>
                        <i>0.265663 -0.122212 0.956288 0.00573651 0.992115 0.125197 -0.964049 -0.0277746 0.264269 0.332137 2.73163 -0.491643</i>
                        <i>0.272168 -0.116574 0.955162 0.0122696 0.992974 0.117693 -0.962172 -0.0203127 0.271686 0.352238 2.72101 -0.488611</i>
                        <i>0.320334 -0.101672 0.941833 0.0209853 0.994741 0.100246 -0.947072 -0.0123475 0.320783 0.388318 2.69593 -0.488988</i>
                        <i>0.417419 -0.086055 0.90463 0.0183933 0.996102 0.0862693 -0.908528 -0.0193713 0.417374 0.405599 2.67883 -0.489854</i>
                        <i>0.586935 -0.0667382 0.806879 0.00657083 0.996957 0.0776802 -0.809607 -0.0402914 0.585587 0.367754 2.67295 -0.486528</i>
                        <i>0.797661 -0.039468 0.601813 -0.00520715 0.997369 0.0723109 -0.603083 -0.0608133 0.795357 0.284539 2.66734 -0.467192</i>
                        <i>0.944768 -0.0135812 0.327459 -0.0119671 0.997045 0.0758787 -0.327522 -0.0756065 0.941814 0.192307 2.66318 -0.424697</i>
                        <i>0.99632 0.00456245 0.0855949 -0.0117254 0.99645 0.0833692 -0.0849106 -0.084066 0.992836 0.122999 2.6609 -0.374088</i>
                        <i>0.999819 0.0113697 -0.015231 -0.0100023 0.996156 0.0870281 0.0161619 -0.0868601 0.996089 0.0966096 2.66021 -0.349138</i>
                        <i>0.999837 0.0106847 -0.0145743 -0.00946622 0.996649 0.0812529 0.0153936 -0.0811017 0.996587 0.0967872 2.65911 -0.349526</i>
                        <i>0.999879 0.00884466 -0.0127721 -0.0079889 0.997816 0.0655661 0.0133241 -0.0654561 0.997766 0.0972675 2.6561 -0.350546</i>
                        <i>0.99993 0.00618509 -0.0100638 -0.00575287 0.999083 0.0424252 0.010317 -0.0423644 0.999049 0.0979697 2.65163 -0.35196</i>
                        <i>0.999973 0.00304088 -0.00669338 -0.00294489 0.999893 0.0143046 0.00673617 -0.0142845 0.999875 0.0988133 2.64616 -0.353536</i>
                        <i>0.999996 -0.000271722 -0.00292658 0.000223989 0.999867 -0.0162983 0.00293062 0.0162975 0.999863 0.0997192 2.64016 -0.355072</i>
                        <i>0.999994 -0.00346755 0.000939823 0.00350779 0.998895 -0.0468735 -0.000776248 0.0468765 0.9989 0.100611 2.63411 -0.35642</i>
                        <i>0.99997 -0.00629868 0.00457739 0.00662398 0.997168 -0.0749201 -0.00409252 0.0749482 0.997179 0.101419 2.62852 -0.357492</i>
                        <i>0.999934 -0.00855259 0.00763175 0.00925934 0.995147 -0.0979652 -0.00675686 0.0980294 0.995161 0.102074 2.62389 -0.358254</i>
                        <i>0.999902 -0.0100414 0.00973365 0.0110824 0.993468 -0.113569 -0.00852968 0.113666 0.993482 0.102513 2.62074 -0.358709</i>
                        <i>0.999889 -0.0105816 0.0105139 0.011761 0.992787 -0.11931 -0.00917555 0.119421 0.992801 0.102674 2.61958 -0.358864</i>
                    </KeyFrames>
                </p>
            </i>
            <i>
                <p>
                    <Name><![CDATA[slide]]></Name>
                    <Exclude>0</Exclude>
                    <Additive>0</Additive>
                    <IKPriority>0</IKPriority>
                    <IKRotLimits>-1e+010 -1e+010 -1e+010 1e+010 1e+010 1e+010</IKRotLimits>
                    <IKRotLimitOrder>0</IKRotLimitOrder>
                    <KeyFrames count="60">
                        <i>0.999889 -0.0105816 0.0105139 0.011761 0.992787 -0.11931 -0.00917555 0.119421 0.992801 0.114525 2.60801 -2.04727</i>
                        <i>0.999922 -0.00918273 0.00851283 0.0100226 0.994471 -0.104531 -0.00750588 0.104608 0.994485 0.111264 2.63408 -2.06648</i>
                        <i>0.999952 -0.00755931 0.00626744 0.00808013 0.996112 -0.0877268 -0.00557992 0.0877732 0.996125 0.10745 2.66458 -2.0851</i>
                        <i>0.999976 -0.00579826 0.00391889 0.00605803 0.997536 -0.0698925 -0.00350398 0.0699145 0.997547 0.103278 2.69766 -2.10309</i>
                        <i>0.999991 -0.00399541 0.00160222 0.00407337 0.998637 -0.0520312 -0.00139215 0.0520372 0.998644 0.0989629 2.73138 -2.12049</i>
                        <i>0.999997 -0.00225583 -0.000554634 0.00223494 0.999379 -0.0351519 0.000633586 0.0351505 0.999382 0.0947443 2.76376 -2.1375</i>
                        <i>0.999997 -0.000692903 -0.00243062 0.000643503 0.999794 -0.0202663 0.00244417 0.0202647 0.999792 0.0908816 2.79274 -2.15445</i>
                        <i>0.999992 0.000573851 -0.00391038 -0.000606627 0.999965 -0.00838579 0.00390543 0.0083881 0.999957 0.0876531 2.81621 -2.17176</i>
                        <i>0.999987 0.00142204 -0.0048816 -0.00142459 0.999999 -0.000519477 0.00488086 0.000526424 0.999988 0.0853518 2.83199 -2.18992</i>
                        <i>0.999985 0.0017307 -0.00523125 -0.00171855 0.999996 0.00232601 0.00523525 -0.00231699 0.999984 0.0842794 2.83779 -2.20941</i>
                        <i>0.999985 0.00172828 -0.00522851 -0.00171625 0.999996 0.0023037 0.00523247 -0.0022947 0.999984 0.0840638 2.83773 -2.10368</i>
                        <i>0.999985 0.00172222 -0.00522166 -0.0017105 0.999996 0.00224793 0.00522551 -0.00223896 0.999984 0.0840658 2.8375 -1.81039</i>
                        <i>0.999985 0.00171434 -0.00521276 -0.00170302 0.999996 0.00217542 0.00521647 -0.00216651 0.999984 0.0841884 2.83721 -1.42627</i>
                        <i>0.999985 0.00170647 -0.00520387 -0.00169554 0.999996 0.00210291 0.00520743 -0.00209405 0.999984 0.0843391 2.83692 -1.04803</i>
                        <i>0.999985 0.00170041 -0.00519702 -0.00168979 0.999996 0.00204713 0.00520048 -0.00203832 0.999984 0.0844313 2.83664 -0.772405</i>
                        <i>0.999985 0.00176074 -0.00517335 -0.00168749 0.999899 0.0141295 0.0051977 -0.0141205 0.999887 0.0845141 2.84342 -0.764696</i>
                        <i>0.999953 0.00502619 -0.0082783 -0.00443441 0.997536 0.0700148 0.00860981 -0.0699748 0.997512 0.0815046 2.88281 -0.83424</i>
                        <i>0.999842 0.011509 -0.0135256 -0.00928644 0.987994 0.154213 0.0151381 -0.154063 0.987945 0.0759173 2.93536 -0.764102</i>
                        <i>0.999755 0.0154228 -0.0158771 -0.0117612 0.977795 0.209235 0.0187516 -0.208997 0.977736 0.0733783 2.95829 -0.668826</i>
                        <i>0.999796 0.0170739 -0.0107558 -0.0140106 0.970936 0.238928 0.0145227 -0.238728 0.970978 0.0759683 2.96903 -0.539052</i>
                        <i>0.999885 0.0123571 0.00880699 -0.0139778 0.975936 0.217609 -0.00590606 -0.217707 0.975996 0.0893068 2.93294 -0.591859</i>
                        <i>0.999213 0.00422133 0.0394313 -0.0106538 0.986339 0.164381 -0.0381987 -0.164672 0.985609 0.111343 2.88669 -0.674495</i>
                        <i>0.997019 -0.00358944 0.0770701 -0.00413537 0.994995 0.099838 -0.0770427 -0.0998591 0.992014 0.138868 2.86336 -0.733359</i>
                        <i>0.993095 -0.00816709 0.117031 0.00289397 0.998976 0.0451568 -0.11728 -0.0445063 0.992101 0.168055 2.85383 -0.781078</i>
                        <i>0.988021 -0.00780081 0.154122 0.0045897 0.999765 0.0211797 -0.154251 -0.0202186 0.987825 0.194483 2.85117 -0.810995</i>
                        <i>0.979659 -0.0100582 0.200418 -0.00168504 0.998295 0.0583373 -0.200663 -0.0574884 0.977972 0.226747 2.87679 -0.821713</i>
                        <i>0.965984 -0.0189303 0.257909 -0.0190034 0.989424 0.143799 -0.257904 -0.143809 0.955408 0.265906 2.93505 -0.814472</i>
                        <i>0.937341 -0.0313552 0.346999 -0.0527624 0.971682 0.230328 -0.344395 -0.234204 0.909143 0.327479 2.99519 -0.798381</i>
                        <i>0.84642 -0.0625842 0.528825 -0.0960287 0.958851 0.267176 -0.523786 -0.276926 0.805581 0.440391 3.02684 -0.769694</i>
                        <i>0.682543 -0.101996 0.723693 -0.102024 0.96722 0.232542 -0.723689 -0.232554 0.649763 0.551995 3.00438 -0.720908</i>
                        <i>0.500456 -0.105241 0.859342 -0.0703819 0.984353 0.16154 -0.862896 -0.141326 0.485218 0.624406 2.94708 -0.666793</i>
                        <i>0.344209 -0.088899 0.934675 -0.030114 0.99395 0.105627 -0.93841 -0.0645044 0.339449 0.674254 2.89719 -0.61917</i>
                        <i>0.263658 -0.0708394 0.962011 0.0190118 0.997488 0.0682412 -0.964429 0.0002972 0.264343 0.703737 2.85976 -0.598111</i>
                        <i>0.227322 -0.0540864 0.972316 0.063358 0.997162 0.0406557 -0.971756 0.0523621 0.230104 0.721055 2.83182 -0.590813</i>
                        <i>0.216407 -0.0608462 0.974405 0.0793254 0.995852 0.0445679 -0.973075 0.0676503 0.220336 0.729558 2.82866 -0.58723</i>
                        <i>0.213441 -0.0814233 0.973557 0.0728379 0.995074 0.0672539 -0.974237 0.0565571 0.21832 0.734586 2.84089 -0.583981</i>
                        <i>0.291391 -0.103743 0.950962 0.0191882 0.994536 0.102617 -0.956412 -0.0116544 0.291789 0.77631 2.87462 -0.627651</i>
                        <i>0.312972 -0.103803 0.944073 0.0300441 0.994594 0.0993984 -0.949287 -0.00274506 0.314398 0.882473 2.87111 -0.677413</i>
                        <i>0.296071 -0.0991375 0.950007 0.029684 0.995074 0.0945894 -0.954705 0.000194812 0.297555 1.07079 2.85597 -0.724562</i>
                        <i>0.312675 -0.0945347 0.945144 0.0292407 0.995521 0.0899 -0.94941 -0.000472734 0.314039 0.939346 2.84843 -0.689087</i>
                        <i>0.2892 -0.108441 0.951106 0.0178771 0.994001 0.107896 -0.957102 -0.0142006 0.289404 0.816919 2.89446 -0.632491</i>
                        <i>0.265663 -0.122212 0.956288 0.00573651 0.992115 0.125197 -0.964049 -0.0277746 0.264269 0.733629 2.93528 -0.589957</i>
                        <i>0.272168 -0.116574 0.955162 0.0122696 0.992974 0.117693 -0.962172 -0.0203127 0.271686 0.754118 2.92164 -0.591458</i>
                        <i>0.320334 -0.101672 0.941833 0.0209853 0.994741 0.100246 -0.947072 -0.0123475 0.320783 0.784961 2.89338 -0.615579</i>
