<?xml version="1.0" encoding="ISO-8859-1" ?>
<Animl Version="1">
    <ModellingPackage><![CDATA[Maya.2010]]></ModellingPackage>
    <SrcFile><![CDATA[anims\turrets\artillery\blue\~src\artillery_m198\artillery_m198_fire.mb]]></SrcFile>
    <FramesPerSecond>30</FramesPerSecond>
    <TotalFrames>31</TotalFrames>
    <Skeleton>
        <RefFrame>
            <Name><![CDATA[artillery_m198_ref_frame]]></Name>
            <Exclude>1</Exclude>
            <Additive>0</Additive>
            <IKPriority>0</IKPriority>
            <IKRotLimits>-1e+010 -1e+010 -1e+010 1e+010 1e+010 1e+010</IKRotLimits>
            <IKRotLimitOrder>0</IKRotLimitOrder>
            <KeyFrames count="31">
                <i>1 0 0 0 1 0 0 0 1 0 1.24 0.53</i>
                <i>1 0 0 0 1 0 0 0 1 0 1.24 0.53</i>
                <i>1 0 0 0 1 0 0 0 1 0 1.24 0.53</i>
                <i>1 0 0 0 1 0 0 0 1 0 1.24 0.53</i>
                <i>1 0 0 0 1 0 0 0 1 0 1.24 0.53</i>
                <i>1 0 0 0 1 0 0 0 1 0 1.24 0.53</i>
                <i>1 0 0 0 1 0 0 0 1 0 1.24 0.53</i>
                <i>1 0 0 0 1 0 0 0 1 0 1.24 0.53</i>
                <i>1 0 0 0 1 0 0 0 1 0 1.24 0.53</i>
                <i>1 0 0 0 1 0 0 0 1 0 1.24 0.53</i>
                <i>1 0 0 0 1 0 0 0 1 0 1.24 0.53</i>
                <i>1 0 0 0 1 0 0 0 1 0 1.24 0.53</i>
                <i>1 0 0 0 1 0 0 0 1 0 1.24 0.53</i>
                <i>1 0 0 0 1 0 0 0 1 0 1.24 0.53</i>
                <i>1 0 0 0 1 0 0 0 1 0 1.24 0.53</i>
                <i>1 0 0 0 1 0 0 0 1 0 1.24 0.53</i>
                <i>1 0 0 0 1 0 0 0 1 0 1.24 0.53</i>
                <i>1 0 0 0 1 0 0 0 1 0 1.24 0.53</i>
                <i>1 0 0 0 1 0 0 0 1 0 1.24 0.53</i>
                <i>1 0 0 0 1 0 0 0 1 0 1.24 0.53</i>
                <i>1 0 0 0 1 0 0 0 1 0 1.24 0.53</i>
                <i>1 0 0 0 1 0 0 0 1 0 1.24 0.53</i>
                <i>1 0 0 0 1 0 0 0 1 0 1.24 0.53</i>
                <i>1 0 0 0 1 0 0 0 1 0 1.24 0.53</i>
                <i>1 0 0 0 1 0 0 0 1 0 1.24 0.53</i>
                <i>1 0 0 0 1 0 0 0 1 0 1.24 0.53</i>
                <i>1 0 0 0 1 0 0 0 1 0 1.24 0.53</i>
                <i>1 0 0 0 1 0 0 0 1 0 1.24 0.53</i>
                <i>1 0 0 0 1 0 0 0 1 0 1.24 0.53</i>
                <i>1 0 0 0 1 0 0 0 1 0 1.24 0.53</i>
                <i>1 0 0 0 1 0 0 0 1 0 1.24 0.53</i>
            </KeyFrames>
        </RefFrame>
        <Bones count="13">
            <i>
                <p>
                    <Name><![CDATA[artillery_m198_root]]></Name>
                    <Exclude>0</Exclude>
                    <Additive>1</Additive>
                    <IKPriority>0</IKPriority>
                    <IKRotLimits>-1e+010 -1e+010 -1e+010 1e+010 1e+010 1e+010</IKRotLimits>
                    <IKRotLimitOrder>0</IKRotLimitOrder>
                    <KeyFrames count="31">
                        <i>1 0 0 0 1 0 0 0 1 0 1.24202 0.534851</i>
                        <i>1 0 0 0 1 0 0 0 1 0 1.24202 0.534851</i>
                        <i>1 0 0 0 1 0 0 0 1 0 1.24202 0.534851</i>
                        <i>1 0 0 0 1 0 0 0 1 0 1.24202 0.534851</i>
                        <i>1 0 0 0 1 0 0 0 1 0 1.24202 0.534851</i>
                        <i>1 0 0 0 1 0 0 0 1 0 1.24202 0.534851</i>
                        <i>1 0 0 0 1 0 0 0 1 0 1.24202 0.534851</i>
                        <i>1 0 0 0 1 0 0 0 1 0 1.24202 0.534851</i>
                        <i>1 0 0 0 1 0 0 0 1 0 1.24202 0.534851</i>
                        <i>1 0 0 0 1 0 0 0 1 0 1.24202 0.534851</i>
                        <i>1 0 0 0 1 0 0 0 1 0 1.24202 0.534851</i>
                        <i>1 0 0 0 1 0 0 0 1 0 1.24202 0.534851</i>
                        <i>1 0 0 0 1 0 0 0 1 0 1.24202 0.534851</i>
                        <i>1 0 0 0 1 0 0 0 1 0 1.24202 0.534851</i>
                        <i>1 0 0 0 1 0 0 0 1 0 1.24202 0.534851</i>
                        <i>1 0 0 0 1 0 0 0 1 0 1.24202 0.534851</i>
                        <i>1 0 0 0 1 0 0 0 1 0 1.24202 0.534851</i>
                        <i>1 0 0 0 1 0 0 0 1 0 1.24202 0.534851</i>
                        <i>1 0 0 0 1 0 0 0 1 0 1.24202 0.534851</i>
                        <i>1 0 0 0 1 0 0 0 1 0 1.24202 0.534851</i>
                        <i>1 0 0 0 1 0 0 0 1 0 1.24202 0.534851</i>
                        <i>1 0 0 0 1 0 0 0 1 0 1.24202 0.534851</i>
                        <i>1 0 0 0 1 0 0 0 1 0 1.24202 0.534851</i>
                        <i>1 0 0 0 1 0 0 0 1 0 1.24202 0.534851</i>
                        <i>1 0 0 0 1 0 0 0 1 0 1.24202 0.534851</i>
                        <i>1 0 0 0 1 0 0 0 1 0 1.24202 0.534851</i>
                        <i>1 0 0 0 1 0 0 0 1 0 1.24202 0.534851</i>
                        <i>1 0 0 0 1 0 0 0 1 0 1.24202 0.534851</i>
                        <i>1 0 0 0 1 0 0 0 1 0 1.24202 0.534851</i>
                        <i>1 0 0 0 1 0 0 0 1 0 1.24202 0.534851</i>
                        <i>1 0 0 0 1 0 0 0 1 0 1.24202 0.534851</i>
                    </KeyFrames>
                </p>
            </i>
            <i>
                <p>
                    <Name><![CDATA[base]]></Name>
                    <Exclude>0</Exclude>
                    <Additive>1</Additive>
                    <IKPriority>0</IKPriority>
                    <IKRotLimits>-1e+010 -1e+010 -1e+010 1e+010 1e+010 1e+010</IKRotLimits>
                    <IKRotLimitOrder>0</IKRotLimitOrder>
                    <KeyFrames count="31">
                        <i>1 0 0 0 1 0 0 0 1 0 1.26759 2.91603</i>
                        <i>1 0 0 0 0.999979 -0.00653166 0 0.00653166 0.999979 0 1.2533 2.91603</i>
                        <i>1 0 0 0 0.999826 -0.0186609 0 0.0186609 0.999826 0 1.22486 2.91603</i>
                        <i>1 0 0 0 0.999683 -0.0251911 0 0.0251911 0.999683 0 1.16828 2.91603</i>
                        <i>1 0 0 0 0.999898 -0.0142732 0 0.0142732 0.999898 0 1.28078 2.91603</i>
                        <i>1 0 0 0 0.999982 0.00600645 0 -0.00600645 0.999982 0 1.40729 2.91603</i>
                        <i>1 0 0 0 0.999857 0.0169258 0 -0.0169258 0.999857 0 1.46738 2.91603</i>
                        <i>1 0 0 0 0.999898 0.0142813 0 -0.0142813 0.999898 0 1.43417 2.91603</i>
                        <i>1 0 0 0 0.999964 0.00846318 0 -0.00846318 0.999964 0 1.361 2.91603</i>
                        <i>1 0 0 0 0.999996 0.00264477 0 -0.00264477 0.999996 0 1.28782 2.91603</i>
                        <i>1 0 0 0 1 0 0 0 1 0 1.25456 2.91603</i>
                        <i>1 0 0 0 1 0 0 0 1 0 1.2725 2.91603</i>
                        <i>1 0 0 0 1 0 0 0 1 0 1.30622 2.91603</i>
                        <i>1 0 0 0 1 0 0 0 1 0 1.32561 2.91603</i>
                        <i>1 0 0 0 1 0 0 0 1 0 1.31153 2.91603</i>
                        <i>1 0 0 0 1 0 0 0 1 0 1.28311 2.91603</i>
                        <i>1 0 0 0 1 0 0 0 1 0 1.26759 2.91603</i>
                        <i>1 0 0 0 1 0 0 0 1 0 1.26759 2.91603</i>
                        <i>1 0 0 0 1 0 0 0 1 0 1.26759 2.91603</i>
                        <i>1 0 0 0 1 0 0 0 1 0 1.26759 2.91603</i>
                        <i>1 0 0 0 1 0 0 0 1 0 1.26759 2.91603</i>
                        <i>1 0 0 0 1 0 0 0 1 0 1.26759 2.91603</i>
                        <i>1 0 0 0 1 0 0 0 1 0 1.26759 2.91603</i>
                        <i>1 0 0 0 1 0 0 0 1 0 1.26759 2.91603</i>
                        <i>1 0 0 0 1 0 0 0 1 0 1.26759 2.91603</i>
                        <i>1 0 0 0 1 0 0 0 1 0 1.26759 2.91603</i>
                        <i>1 0 0 0 1 0 0 0 1 0 1.26759 2.91603</i>
                        <i>1 0 0 0 1 0 0 0 1 0 1.26759 2.91603</i>
                        <i>1 0 0 0 1 0 0 0 1 0 1.26759 2.91603</i>
                        <i>1 0 0 0 1 0 0 0 1 0 1.26759 2.91603</i>
                        <i>1 0 0 0 1 0 0 0 1 0 1.26759 2.91603</i>
                    </KeyFrames>
                </p>
            </i>
            <i>
                <p>
                    <Name><![CDATA[pitch]]></Name>
                    <Exclude>0</Exclude>
                    <Additive>1</Additive>
                    <IKPriority>0</IKPriority>
                    <IKRotLimits>-1e+010 -1e+010 -1e+010 1e+010 1e+010 1e+010</IKRotLimits>
                    <IKRotLimitOrder>0</IKRotLimitOrder>
                    <KeyFrames count="31">
                        <i>1 0 0 0 1 0 0 0 1 0 3.32667 0.352534</i>
                        <i>1 0 0 0 0.999992 0.00393007 0 -0.00393007 0.999992 0 3.29661 0.27077</i>
                        <i>1 0 0 0 0.999937 0.0112286 0 -0.0112286 0.999937 0 3.23614 0.177802</i>
                        <i>1 0 0 0 0.999885 0.0151583 0 -0.0151583 0.999885 0 3.16213 0.135632</i>
                        <i>1 0 0 0 1 0.000546119 0 -0.000546119 1 0 3.30664 0.204812</i>
                        <i>1 0 0 0 0.999634 -0.0270604 0 0.0270604 0.999634 0 3.48804 0.333008</i>
                        <i>1 0 0 0 0.999061 -0.0433144 0 0.0433144 0.999061 0 3.57545 0.409901</i>
                        <i>1 0 0 0 0.999387 -0.0350033 0 0.0350033 0.999387 0 3.53497 0.414487</i>
                        <i>1 0 0 0 0.999914 -0.0131418 0 0.0131418 0.999914 0 3.44646 0.406073</i>
                        <i>1 0 0 0 0.999948 0.0102178 0 -0.0102178 0.999948 0 3.35776 0.392751</i>
                        <i>1 0 0 0 0.999735 0.0230093 0 -0.0230093 0.999735 0 3.31686 0.382443</i>
                        <i>1 0 0 0 0.999803 0.0198513 0 -0.0198513 0.999803 0 3.33385 0.375373</i>
                        <i>1 0 0 0 0.999974 0.00727243 0 -0.00727243 0.999974 0 3.3667 0.36746</i>
                        <i>1 0 0 0 0.99996 -0.00891329 0 0.00891329 0.99996 0 3.38536 0.360092</i>
                        <i>1 0 0 0 0.999738 -0.0228877 0 0.0228877 0.999738 0 3.37079 0.354655</i>
                        <i>1 0 0 0 0.999584 -0.0288367 0 0.0288367 0.999584 0 3.3422 0.352534</i>
                        <i>1 0 0 0 0.999666 -0.0258384 0 0.0258384 0.999666 0 3.32667 0.352534</i>
                        <i>1 0 0 0 0.999825 -0.0186877 0 0.0186877 0.999825 0 3.32667 0.352534</i>
                        <i>1 0 0 0 0.999948 -0.0101518 0 0.0101518 0.999948 0 3.32667 0.352534</i>
                        <i>1 0 0 0 0.999996 -0.00299944 0 0.00299944 0.999996 0 3.32667 0.352534</i>
                        <i>1 0 0 0 1 0 0 0 1 0 3.32667 0.352534</i>
                        <i>1 0 0 0 1 0 0 0 1 0 3.32667 0.352534</i>
                        <i>1 0 0 0 1 0 0 0 1 0 3.32667 0.352534</i>
                        <i>1 0 0 0 1 0 0 0 1 0 3.32667 0.352534</i>
                        <i>1 0 0 0 1 0 0 0 1 0 3.32667 0.352534</i>
                        <i>1 0 0 0 1 0 0 0 1 0 3.32667 0.352534</i>
                        <i>1 0 0 0 1 0 0 0 1 0 3.32667 0.352534</i>
                        <i>1 0 0 0 1 0 0 0 1 0 3.32667 0.352534</i>
                        <i>1 0 0 0 1 0 0 0 1 0 3.32667 0.352534</i>
                        <i>1 0 0 0 1 0 0 0 1 0 3.32667 0.352534</i>
                        <i>1 0 0 0 1 0 0 0 1 0 3.32667 0.352534</i>
                    </KeyFrames>
                </p>
            </i>
            <i>
                <p>
                    <Name><![CDATA[pitch_tube_lookat]]></Name>
                    <Exclude>0</Exclude>
                    <Additive>1</Additive>
                    <IKPriority>0</IKPriority>
                    <IKRotLimits>-1e+010 -1e+010 -1e+010 1e+010 1e+010 1e+010</IKRotLimits>
                    <IKRotLimitOrder>0</IKRotLimitOrder>
                    <KeyFrames count="31">
                        <i>1 0 0 0 1 0 0 0 1 0 3.65732 2.87473</i>
                        <i>1 0 0 0 0.999992 0.00393007 0 -0.00393007 0.999992 0 3.61735 2.79424</i>
                        <i>1 0 0 0 0.999937 0.0112286 0 -0.0112286 0.999937 0 3.53844 2.70355</i>
                        <i>1 0 0 0 0.999885 0.0151583 0 -0.0151583 0.999885 0 3.4545 2.66255</i>
                        <i>1 0 0 0 1 0.000546119 0 -0.000546119 1 0 3.63591 2.72719</i>
                        <i>1 0 0 0 0.999634 -0.0270604 0 0.0270604 0.999634 0 3.88682 2.84533</i>
                        <i>1 0 0 0 0.999061 -0.0433144 0 0.0433144 0.999061 0 4.01503 2.91541</i>
                        <i>1 0 0 0 0.999387 -0.0350033 0 0.0350033 0.999387 0 3.9537 2.92356</i>
                        <i>1 0 0 0 0.999914 -0.0131418 0 0.0131418 0.999914 0 3.81022 2.9237</i>
                        <i>1 0 0 0 0.999948 0.0102178 0 -0.0102178 0.999948 0 3.66262 2.91819</i>
                        <i>1 0 0 0 0.999735 0.0230093 0 -0.0230093 0.999735 0 3.58939 2.91158</i>
                        <i>1 0 0 0 0.999803 0.0198513 0 -0.0198513 0.999803 0 3.61436 2.90363</i>
                        <i>1 0 0 0 0.999974 0.00727243 0 -0.00727243 0.999974 0 3.67899 2.89199</i>
                        <i>1 0 0 0 0.99996 -0.00891329 0 0.00891329 0.99996 0 3.73847 2.87924</i>
                        <i>1 0 0 0 0.999738 -0.0228877 0 0.0228877 0.999738 0 3.75908 2.86862</i>
                        <i>1 0 0 0 0.999584 -0.0288367 0 0.0288367 0.999584 0 3.74544 2.86415</i>
                        <i>1 0 0 0 0.999666 -0.0258384 0 0.0258384 0.999666 0 3.72238 2.86534</i>
                        <i>1 0 0 0 0.999825 -0.0186877 0 0.0186877 0.999825 0 3.70439 2.86811</i>
                        <i>1 0 0 0 0.999948 -0.0101518 0 0.0101518 0.999948 0 3.6829 2.87124</i>
                        <i>1 0 0 0 0.999996 -0.00299944 0 0.00299944 0.999996 0 3.66488 2.87373</i>
                        <i>1 0 0 0 1 0 0 0 1 0 3.65732 2.87473</i>
                        <i>1 0 0 0 1 0 0 0 1 0 3.65732 2.87473</i>
                        <i>1 0 0 0 1 0 0 0 1 0 3.65732 2.87473</i>
                        <i>1 0 0 0 1 0 0 0 1 0 3.65732 2.87473</i>
                        <i>1 0 0 0 1 0 0 0 1 0 3.65732 2.87473</i>
                        <i>1 0 0 0 1 0 0 0 1 0 3.65732 2.87473</i>
                        <i>1 0 0 0 1 0 0 0 1 0 3.65732 2.87473</i>
                        <i>1 0 0 0 1 0 0 0 1 0 3.65732 2.87473</i>
                        <i>1 0 0 0 1 0 0 0 1 0 3.65732 2.87473</i>
                        <i>1 0 0 0 1 0 0 0 1 0 3.65732 2.87473</i>
                        <i>1 0 0 0 1 0 0 0 1 0 3.65732 2.87473</i>
                    </KeyFrames>
                </p>
            </i>
            <i>
                <p>
                    <Name><![CDATA[barrel]]></Name>
                    <Exclude>0</Exclude>
                    <Additive>1</Additive>
                    <IKPriority>0</IKPriority>
                    <IKRotLimits>-1e+010 -1e+010 -1e+010 1e+010 1e+010 1e+010</IKRotLimits>
                    <IKRotLimitOrder>0</IKRotLimitOrder>
                    <KeyFrames count="31">
                        <i>1 0 0 0 1 0 0 0 1 0 3.33572 4.88859</i>
                        <i>1 0 0 0 0.999992 0.00393007 0 -0.00393007 0.999992 0 3.29089 4.02035</i>
                        <i>1 0 0 0 0.999937 0.0112286 0 -0.0112286 0.999937 0 3.21476 2.88052</i>
                        <i>1 0 0 0 0.999885 0.0151583 0 -0.0151583 0.999885 0 3.11968 3.3176</i>
                        <i>1 0 0 0 1 0.000546119 0 -0.000546119 1 0 3.30278 3.96097</i>
                        <i>1 0 0 0 0.999634 -0.0270604 0 0.0270604 0.999634 0 3.59416 4.655</i>
                        <i>1 0 0 0 0.999061 -0.0433144 0 0.0433144 0.999061 0 3.76415 5.18857</i>
                        <i>1 0 0 0 0.999387 -0.0350033 0 0.0350033 0.999387 0 3.68947 5.44433</i>
                        <i>1 0 0 0 0.999914 -0.0131418 0 0.0131418 0.999914 0 3.49167 5.47267</i>
                        <i>1 0 0 0 0.999948 0.0102178 0 -0.0102178 0.999948 0 3.28634 5.36707</i>
                        <i>1 0 0 0 0.999735 0.0230093 0 -0.0230093 0.999735 0 3.18713 5.17766</i>
                        <i>1 0 0 0 0.999803 0.0198513 0 -0.0198513 0.999803 0 3.22529 4.94796</i>
                        <i>1 0 0 0 0.999974 0.00727243 0 -0.00727243 0.999974 0 3.31924 4.71342</i>
                        <i>1 0 0 0 0.99996 -0.00891329 0 0.00891329 0.99996 0 3.40871 4.51468</i>
                        <i>1 0 0 0 0.999738 -0.0228877 0 0.0228877 0.999738 0 3.45194 4.39368</i>
                        <i>1 0 0 0 0.999584 -0.0288367 0 0.0288367 0.999584 0 3.44879 4.354</i>
                        <i>1 0 0 0 0.999666 -0.0258384 0 0.0258384 0.999666 0 3.42397 4.36065</i>
                        <i>1 0 0 0 0.999825 -0.0186877 0 0.0186877 0.999825 0 3.39854 4.39828</i>
                        <i>1 0 0 0 0.999948 -0.0101518 0 0.0101518 0.999948 0 3.36705 4.45381</i>
                        <i>1 0 0 0 0.999996 -0.00299944 0 0.00299944 0.999996 0 3.34025 4.51439</i>
                        <i>1 0 0 0 1 0 0 0 1 0 3.32993 4.56744</i>
                        <i>1 0 0 0 1 0 0 0 1 0 3.33185 4.62972</i>
                        <i>1 0 0 0 1 0 0 0 1 0 3.33345 4.71297</i>
                        <i>1 0 0 0 1 0 0 0 1 0 3.33467 4.7972</i>
                        <i>1 0 0 0 1 0 0 0 1 0 3.33545 4.86241</i>
                        <i>1 0 0 0 1 0 0 0 1 0 3.33572 4.88859</i>
                        <i>1 0 0 0 1 0 0 0 1 0 3.33572 4.88859</i>
                        <i>1 0 0 0 1 0 0 0 1 0 3.33572 4.88859</i>
                        <i>1 0 0 0 1 0 0 0 1 0 3.33572 4.88859</i>
                        <i>1 0 0 0 1 0 0 0 1 0 3.33572 4.88859</i>
                        <i>1 0 0 0 1 0 0 0 1 0 3.33572 4.88859</i>
                    </KeyFrames>
                </p>
            </i>
            <i>
                <p>
                    <Name><![CDATA[base_tube_lookat]]></Name>
                    <Exclude>0</Exclude>
                    <Additive>1</Additive>
                    <IKPriority>0</IKPriority>
                    <IKRotLimits>-1e+010 -1e+010 -1e+010 1e+010 1e+010 1e+010</IKRotLimits>
                    <IKRotLimitOrder>0</IKRotLimitOrder>
                    <KeyFrames count="31">
                        <i>-1 -1.22465e-016 -3.08149e-033 -1.19008e-016 0.971777 0.235902 -2.88896e-017 0.235902 -0.971777 0 3.34495 3.11143</i>
                        <i>-1 -1.22464e-016 -4.81294e-019 -1.19008e-016 0.970842 0.239719 -2.88896e-017 0.239719 -0.970842 0 3.30405 3.02972</i>
                        <i>-1 -1.22457e-016 -1.3751e-018 -1.19008e-016 0.969067 0.246798 -2.88896e-017 0.246798 -0.969067 0 3.22343 2.93673</i>
                        <i>-1 -1.22451e-016 -1.85635e-018 -1.19008e-016 0.968089 0.250605 -2.88896e-017 0.250605 -0.968089 0 3.13858 2.89449</i>
                        <i>-1 -1.22465e-016 -6.68803e-020 -1.19008e-016 0.971648 0.236432 -2.88896e-017 0.236432 -0.971648 0 3.32341 2.96372</i>
                        <i>-1 -1.2242e-016 3.31394e-018 -1.19008e-016 0.977805 0.209518 -2.88896e-017 0.209518 -0.977805 0 3.58097 3.0904</i>
                        <i>-1 -1.2235e-016 5.30449e-018 -1.19008e-016 0.981083 0.193588 -2.88896e-017 0.193588 -0.981083 0 3.71321 3.16542</i>
                        <i>-1 -1.2239e-016 4.28667e-018 -1.19008e-016 0.979439 0.201742 -2.88896e-017 0.201742 -0.979439 0 3.6498 3.17106</i>
                        <i>-1 -1.22454e-016 1.60941e-018 -1.19008e-016 0.974793 0.22311 -2.88896e-017 0.22311 -0.974793 0 3.50099 3.16449</i>
                        <i>-1 -1.22458e-016 -1.25132e-018 -1.19008e-016 0.969316 0.245819 -2.88896e-017 0.245819 -0.969316 0 3.34785 3.15169</i>
                        <i>-1 -1.22432e-016 -2.81783e-018 -1.19008e-016 0.966092 0.258199 -2.88896e-017 0.258199 -0.966092 0 3.27165 3.14103</i>
                        <i>-1 -1.22441e-016 -2.43108e-018 -1.19008e-016 0.966903 0.255146 -2.88896e-017 0.255146 -0.966903 0 3.29736 3.13409</i>
                        <i>-1 -1.22461e-016 -8.90616e-019 -1.19008e-016 0.970036 0.242962 -2.88896e-017 0.242962 -0.970036 0 3.36491 3.12642</i>
                        <i>-1 -1.2246e-016 1.09156e-018 -1.19008e-016 0.973841 0.22723 -2.88896e-017 0.22723 -0.973841 0 3.42823 3.11872</i>
                        <i>-1 -1.22433e-016 2.80293e-018 -1.19008e-016 0.976922 0.213598 -2.88896e-017 0.213598 -0.976922 0 3.45221 3.11241</i>
                        <i>-1 -1.22414e-016 3.53148e-018 -1.19008e-016 0.978175 0.207781 -2.88896e-017 0.207781 -0.978175 0 3.44002 3.10976</i>
                        <i>-1 -1.22424e-016 3.16429e-018 -1.19008e-016 0.977548 0.210714 -2.88896e-017 0.210714 -0.977548 0 3.41623 3.11004</i>
                        <i>-1 -1.22443e-016 2.28859e-018 -1.19008e-016 0.976016 0.2177 -2.88896e-017 0.2177 -0.976016 0 3.3965 3.11061</i>
                        <i>-1 -1.22458e-016 1.24323e-018 -1.19008e-016 0.974122 0.226024 -2.88896e-017 0.226024 -0.974122 0 3.37295 3.11111</i>
                        <i>-1 -1.22464e-016 3.67325e-019 -1.19008e-016 0.97248 0.232986 -2.88896e-017 0.232986 -0.97248 0 3.35322 3.11137</i>
                        <i>-1 -1.22465e-016 -3.08149e-033 -1.19008e-016 0.971777 0.235902 -2.88896e-017 0.235902 -0.971777 0 3.34495 3.11143</i>
                        <i>-1 -1.22465e-016 -3.08149e-033 -1.19008e-016 0.971777 0.235902 -2.88896e-017 0.235902 -0.971777 0 3.34495 3.11143</i>
                        <i>-1 -1.22465e-016 -3.08149e-033 -1.19008e-016 0.971777 0.235902 -2.88896e-017 0.235902 -0.971777 0 3.34495 3.11143</i>
                        <i>-1 -1.22465e-016 -3.08149e-033 -1.19008e-016 0.971777 0.235902 -2.88896e-017 0.235902 -0.971777 0 3.34495 3.11143</i>
                        <i>-1 -1.22465e-016 -3.08149e-033 -1.19008e-016 0.971777 0.235902 -2.88896e-017 0.235902 -0.971777 0 3.34495 3.11143</i>
                        <i>-1 -1.22465e-016 -3.08149e-033 -1.19008e-016 0.971777 0.235902 -2.88896e-017 0.235902 -0.971777 0 3.34495 3.11143</i>
                        <i>-1 -1.22465e-016 -3.08149e-033 -1.19008e-016 0.971777 0.235902 -2.88896e-017 0.235902 -0.971777 0 3.34495 3.11143</i>
                        <i>-1 -1.22465e-016 -3.08149e-033 -1.19008e-016 0.971777 0.235902 -2.88896e-017 0.235902 -0.971777 0 3.34495 3.11143</i>
                        <i>-1 -1.22465e-016 -3.08149e-033 -1.19008e-016 0.971777 0.235902 -2.88896e-017 0.235902 -0.971777 0 3.34495 3.11143</i>
                        <i>-1 -1.22465e-016 -3.08149e-033 -1.19008e-016 0.971777 0.235902 -2.88896e-017 0.235902 -0.971777 0 3.34495 3.11143</i>
                        <i>-1 -1.22465e-016 -3.08149e-033 -1.19008e-016 0.971777 0.235902 -2.88896e-017 0.235902 -0.971777 0 3.34495 3.11143</i>
                    </KeyFrames>
                </p>
            </i>
            <i>
                <p>
                    <Name><![CDATA[ammo_cap]]></Name>
                    <Exclude>0</Exclude>
                    <Additive>1</Additive>
                    <IKPriority>0</IKPriority>
                    <IKRotLimits>-1e+010 -1e+010 -1e+010 1e+010 1e+010 1e+010</IKRotLimits>
                    <IKRotLimitOrder>0</IKRotLimitOrder>
                    <KeyFrames count="31">
                        <i>1 0 0 0 1 0 0 0 1 -0.0856623 3.57209 0.424302</i>
                        <i>1 0 0 0 0.999992 0.00393007 0 -0.00393007 0.999992 -0.0856623 3.54175 0.343501</i>
                        <i>1 0 0 0 0.999937 0.0112286 0 -0.0112286 0.999937 -0.0856623 3.48074 0.252321</i>
                        <i>0.997188 0.00982617 -0.0742919 0.00869892 0.969487 0.24499 0.0744324 -0.244948 0.966675 -0.0856623 3.40643 0.211111</i>
                        <i>0.977719 0.0690364 -0.198239 0.0689281 0.786427 0.613826 0.198277 -0.613813 0.764146 -0.0856623 3.55202 0.276713</i>
                        <i>0.960218 0.116243 -0.253908 0.123071 0.640021 0.758437 0.250669 -0.759514 0.600253 -0.0856623 3.73531 0.398108</i>
                        <i>0.968949 0.0861 -0.231784 0.0960587 0.7327 0.673738 0.227837 -0.675083 0.701679 -0.0856623 3.82375 0.470971</i>
                        <i>0.985927 0.0378589 -0.162831 0.0435353 0.882266 0.468734 0.161406 -0.469227 0.868202 -0.0856623 3.78275 0.477619</i>
                        <i>0.99699 0.00829857 -0.0770807 0.00931085 0.974241 0.225317 0.076965 -0.225357 0.971231 -0.0856623 3.6928 0.474608</i>
                        <i>0.999689 0.00121569 -0.0248969 0.000961242 0.996187 0.0872395 0.024908 -0.0872364 0.995876 -0.0856623 3.60244 0.467022</i>
                        <i>0.99943 0.00254028 -0.0336765 0.00176475 0.991876 0.127192 0.0337261 -0.127179 0.991306 -0.0856623 3.56057 0.459838</i>
                        <i>0.997051 0.0106348 -0.0760047 0.00912391 0.966903 0.254982 0.0762008 -0.254923 0.963954 -0.0856623 3.5778 0.451998</i>
                        <i>0.992345 0.0245621 -0.121028 0.0236813 0.923987 0.381689 0.121204 -0.381633 0.916333 -0.0856623 3.61159 0.441011</i>
                        <i>0.989463 0.0313401 -0.141356 0.0325988 0.903005 0.428391 0.141071 -0.428484 0.892469 -0.0856623 3.63141 0.429669</i>
                        <i>0.991138 0.0244335 -0.130569 0.0274155 0.92415 0.381045 0.129976 -0.381248 0.91529 -0.0856623 3.61779 0.420786</i>
                        <i>0.99451 0.0139992 -0.1037 0.0169838 0.956276 0.291973 0.103253 -0.292132 0.950788 -0.0856623 3.58958 0.417195</i>
                        <i>0.997583 0.00569059 -0.0692554 0.00747815 0.982062 0.188412 0.0690853 -0.188475 0.979645 -0.0856623 3.57386 0.417936</i>
                        <i>0.999311 0.00143895 -0.0370899 0.00213183 0.995374 0.0960546 0.0370565 -0.0960675 0.994685 -0.0856623 3.57339 0.419703</i>
                        <i>0.999847 0.000296347 -0.0175025 0.000474023 0.999032 0.0439944 0.0174985 -0.0439959 0.998878 -0.0856623 3.57281 0.421806</i>
                        <i>0.999894 0.000284672 -0.0145669 0.000328374 0.999115 0.0420652 0.014566 -0.0420655 0.999009 -0.0856623 3.57231 0.423565</i>
                        <i>0.999763 0.000734631 -0.0217793 0.000734642 0.997727 0.0673772 0.0217793 -0.0673772 0.99749 -0.0856623 3.57209 0.424302</i>
                        <i>0.99944 0.00173158 -0.0334087 0.0017316 0.994643 0.103354 0.0334087 -0.103354 0.994083 -0.0856623 3.57209 0.424302</i>
                        <i>0.999038 0.00297482 -0.0437427 0.00297484 0.990797 0.135324 0.0437427 -0.135324 0.989835 -0.0856623 3.57209 0.424302</i>
                        <i>0.998882 0.00345912 -0.0471494 0.00345913 0.989299 0.145863 0.0471494 -0.145863 0.988181 -0.0856623 3.57209 0.424302</i>
                        <i>0.999247 0.002331 -0.0387424 0.00233101 0.992789 0.119855 0.0387424 -0.119855 0.992035 -0.0856623 3.57209 0.424302</i>
                        <i>0.999743 0.000796367 -0.0226748 0.000796378 0.997536 0.0701474 0.0226748 -0.0701474 0.997279 -0.0856623 3.57209 0.424302</i>
                        <i>0.999975 7.6469e-005 -0.00703089 7.64797e-005 0.999763 0.021751 0.00703089 -0.021751 0.999739 -0.0856623 3.57209 0.424302</i>
                        <i>1 0 0 0 1 0 0 0 1 -0.0856623 3.57209 0.424302</i>
                        <i>1 0 0 0 1 0 0 0 1 -0.0856623 3.57209 0.424302</i>
                        <i>1 0 0 0 1 0 0 0 1 -0.0856623 3.57209 0.424302</i>
                        <i>1 0 0 0 1 0 0 0 1 -0.0856623 3.57209 0.424302</i>
                    </KeyFrames>
                </p>
            </i>
            <i>
                <p>
                    <Name><![CDATA[wheel_l]]></Name>
                    <Exclude>0</Exclude>
                    <Additive>1</Additive>
                    <IKPriority>0</IKPriority>
                    <IKRotLimits>-1e+010 -1e+010 -1e+010 1e+010 1e+010 1e+010</IKRotLimits>
                    <IKRotLimitOrder>0</IKRotLimitOrder>
                    <KeyFrames count="31">
                        <i>1 0 0 0 1 0 0 0 1 1.79243 2.24096 2.84169</i>
                        <i>0.999867 -0.012172 -0.0108459 0.00843146 0.955461 -0.294998 0.0139535 0.294867 0.955436 1.79243 2.29965 2.83617</i>
                        <i>0.998915 -0.0351295 -0.03056 0.00135529 0.677991 -0.735069 0.046542 0.73423 0.677303 1.79243 2.34366 2.82343</i>
                        <i>0.998024 -0.0476668 -0.0409403 -0.0105304 0.515457 -0.856851 0.0619463 0.855589 0.513936 1.79243 2.29587 2.8172</i>
                        <i>0.999425 -0.0321161 -0.0108913 0.0150311 0.707399 -0.706655 0.0303995 0.706085 0.707474 1.79243 2.28047 2.83302</i>
                        <i>0.998939 -0.00490926 0.0457911 0.0217267 0.926935 -0.374594 -0.0406064 0.375191 0.926058 1.79243 2.21541 2.8538</i>
                        <i>0.997015 0.008748 0.0767117 -0.0153863 0.996144 0.0863763 -0.0756603 -0.0872988 0.993305 1.79243 2.17768 2.86159</i>
                        <i>0.997587 0.00141187 0.0694131 -0.0380053 0.847797 0.528958 -0.0581013 -0.53032 0.845805 1.79243 2.20982 2.86034</i>
                        <i>0.998458 -0.0148883 0.0534826 -0.0359853 0.560018 0.827699 -0.0422743 -0.828347 0.558618 1.79243 2.27983 2.85658</i>
                        <i>0.998795 -0.0313941 0.0377313 -0.0270917 0.288412 0.957123 -0.0409302 -0.956991 0.287214 1.79243 2.3534 2.85104</i>
                        <i>0.998771 -0.0389596 0.0306325 -0.023676 0.167915 0.985517 -0.043539 -0.985031 0.166786 1.79243 2.3963 2.84754</i>
                        <i>0.999128 -0.0368283 0.0196947 -0.0104171 0.236908 0.971476 -0.0404436 -0.970834 0.236318 1.79243 2.37776 2.8468</i>
                        <i>0.999474 -0.0321212 -0.00437489 0.0179647 0.43647 0.89954 -0.0269847 -0.899145 0.436817 1.79243 2.30924 2.84602</i>
                        <i>0.99922 -0.0273957 -0.0284419 0.0394901 0.692952 0.719902 -1.33046e-005 -0.720463 0.693493 1.79243 2.21995 2.84523</i>
                        <i>0.998905 -0.0252439 -0.0393769 0.0393601 0.908483 0.416063 0.0252702 -0.417158 0.908483 1.79243 2.15006 2.84446</i>
                        <i>0.999062 -0.023377 -0.0364614 0.0246946 0.999042 0.0361163 0.0355822 -0.0369828 0.998682 1.79243 2.12913 2.84373</i>
                        <i>0.999399 -0.0187067 -0.0291715 0.00809801 0.944548 -0.328273 0.0336947 0.327839 0.944132 1.79243 2.14748 2.84307</i>
                        <i>0.999726 -0.0126303 -0.0196923 -0.00166359 0.80123 -0.598354 0.0233354 0.598222 0.80099 1.79243 2.19607 2.84251</i>
                        <i>0.999926 -0.00655011 -0.0102113 -0.00327233 0.664888 -0.746936 0.0116819 0.746914 0.664818 1.79243 2.24769 2.84207</i>
                        <i>0.999994 -0.00187156 -0.00291756 -0.00111906 0.622318 -0.782764 0.00328064 0.782763 0.622312 1.79243 2.29065 2.84179</i>
                        <i>1 0 0 0 0.719902 -0.694076 0 0.694076 0.719902 1.79243 2.31329 2.84169</i>
                        <i>1 0 0 0 0.851619 -0.524162 0 0.524162 0.851619 1.79243 2.30049 2.84169</i>
                        <i>1 0 0 0 0.92828 -0.371883 0 0.371883 0.92828 1.79243 2.26047 2.84169</i>
                        <i>1 0 0 0 0.96895 -0.247255 0 0.247255 0.96895 1.79243 2.2165 2.84169</i>
                        <i>1 0 0 0 0.988326 -0.152354 0 0.152354 0.988326 1.79243 2.19184 2.84169</i>
                        <i>1 0 0 0 0.996378 -0.0850338 0 0.0850338 0.996378 1.79243 2.18932 2.84169</i>
                        <i>1 0 0 0 0.999151 -0.0411864 0 0.0411864 0.999151 1.79243 2.19451 2.84169</i>
                        <i>1 0 0 0 0.999873 -0.015924 0 0.015924 0.999873 1.79243 2.20484 2.84169</i>
                        <i>1 0 0 0 0.999992 -0.00410678 0 0.00410678 0.999992 1.79243 2.21773 2.84169</i>
                        <i>1 0 0 0 1 -0.000535069 0 0.000535069 1 1.79243 2.23063 2.84169</i>
                        <i>1 0 0 0 1 0 0 0 1 1.79243 2.24096 2.84169</i>
                    </KeyFrames>
                </p>
            </i>
            <i>
                <p>
                    <Name><![CDATA[wheel_r]]></Name>
                    <Exclude>0</Exclude>
                    <Additive>1</Additive>
                    <IKPriority>0</IKPriority>
                    <IKRotLimits>-1e+010 -1e+010 -1e+010 1e+010 1e+010 1e+010</IKRotLimits>
                    <IKRotLimitOrder>0</IKRotLimitOrder>
                    <KeyFrames count="31">
                        <i>1 0 0 0 1 0 0 0 1 -1.78644 2.24096 2.84169</i>
                        <i>0.999604 0.0275221 0.00585805 -0.024331 0.949977 -0.311369 -0.0141346 0.311104 0.950271 -1.78644 2.34971 2.83711</i>
                        <i>0.998341 0.0552509 0.0162216 -0.0226472 0.635747 -0.771565 -0.0529425 0.769917 0.635944 -1.78644 2.4438 2.82408</i>
                        <i>0.997529 0.0668547 0.021609 -0.00974777 0.436269 -0.899763 -0.0695807 0.897329 0.435843 -1.78644 2.41877 2.8172</i>
                        <i>0.998921 0.0452103 0.0106267 -0.019749 0.620604 -0.783876 -0.0420342 0.78282 0.620827 -1.78644 2.37288 2.83403</i>
                        <i>0.999909 0.00774832 -0.011 -0.0122546 0.861995 -0.506768 0.00555533 0.506857 0.862012 -1.78644 2.25001 2.8549</i>
                        <i>0.999659 -0.0118452 -0.0232655 0.00966663 0.995747 -0.0916178 0.0242518 0.0913617 0.995522 -1.78644 2.17768 2.86159</i>
                        <i>0.999792 -0.00448107 -0.0198923 0.0110673 0.938607 0.344811 0.0171259 -0.34496 0.938461 -1.78644 2.21879 2.86031</i>
                        <i>0.999851 0.0117858 -0.0126082 -5.174e-005 0.732575 0.680687 0.0172589 -0.680585 0.732466 -1.78644 2.31654 2.85662</i>
                        <i>0.999589 0.0281359 -0.00551374 -0.00950093 0.506502 0.862187 0.0270512 -0.86178 0.506561 -1.78644 2.41941 2.85087</i>
                        <i>0.999364 0.035593 -0.00235194 -0.0118587 0.3937 0.919163 0.0336417 -0.91855 0.393871 -1.78644 2.47591 2.84717</i>
                        <i>0.99963 0.0271051 -0.00228609 -0.00919947 0.415969 0.909332 0.0255985 -0.908975 0.416065 -1.78644 2.44583 2.84642</i>
                        <i>0.999962 0.00842559 -0.00210734 -0.00251907 0.513574 0.858042 0.00831178 -0.858004 0.513575 -1.78644 2.35145 2.84566</i>
                        <i>0.999946 -0.0102569 -0.00184392 0.00813584 0.657763 0.753181 -0.00651241 -0.753155 0.657811 -1.78644 2.23509 2.84491</i>
                        <i>0.999823 -0.0187481 -0.00152406 0.016109 0.811606 0.583983 -0.00971163 -0.583904 0.811765 -1.78644 2.15006 2.84419</i>
                        <i>0.999849 -0.0173595 -0.00117597 0.0166544 0.935289 0.353493 -0.0050366 -0.353459 0.935436 -1.78644 2.12813 2.84352</i>
                        <i>0.999903 -0.0138879 -0.000827884 0.0139085 0.996415 0.0834483 -0.000334002 -0.0834517 0.996512 -1.78644 2.15139 2.84292</i>
                        <i>0.999956 -0.00937448 -0.00050802 0.00910525 0.98158 -0.190835 0.00228764 0.190822 0.981622 -1.78644 2.20824 2.84242</i>
                        <i>0.999988 -0.00486089 -0.000244602 0.00427584 0.901417 -0.432931 0.00232492 0.432925 0.901427 -1.78644 2.26892 2.84203</i>
                        <i>0.999999 -0.00138883 -6.58546e-005 0.00105134 0.786293 -0.617852 0.000909875 0.617852 0.786294 -1.78644 2.3192 2.84178</i>
                        <i>1 0 0 0 0.67548 -0.737379 0 0.737379 0.67548 -1.78644 2.34483 2.84169</i>
                        <i>1 0 0 0 0.606115 -0.795377 0 0.795377 0.606115 -1.78644 2.3277 2.84169</i>
                        <i>1 0 0 0 0.606044 -0.795431 0 0.795431 0.606044 -1.78644 2.27782 2.84169</i>
                        <i>1 0 0 0 0.688179 -0.725541 0 0.725541 0.688179 -1.78644 2.2232 2.84169</i>
                        <i>1 0 0 0 0.837393 -0.546601 0 0.546601 0.837393 -1.78644 2.19184 2.84169</i>
                        <i>1 0 0 0 0.947502 -0.31975 0 0.31975 0.947502 -1.78644 2.18713 2.84169</i>
                        <i>1 0 0 0 0.987335 -0.158648 0 0.158648 0.987335 -1.78644 2.19171 2.84169</i>
                        <i>1 0 0 0 0.998092 -0.0617448 0 0.0617448 0.998092 -1.78644 2.20247 2.84169</i>
                        <i>1 0 0 0 0.999891 -0.0147726 0 0.0147726 0.999891 -1.78644 2.21633 2.84169</i>
                        <i>1 0 0 0 1 -0.000205882 0 0.000205882 1 -1.78644 2.23019 2.84169</i>
                        <i>1 0 0 0 1 0 0 0 1 -1.78644 2.24096 2.84169</i>
                    </KeyFrames>
                </p>
            </i>
            <i>
                <p>
                    <Name><![CDATA[base_tube_rotate]]></Name>
                    <Exclude>0</Exclude>
                    <Additive>1</Additive>
                    <IKPriority>0</IKPriority>
                    <IKRotLimits>-1e+010 -1e+010 -1e+010 1e+010 1e+010 1e+010</IKRotLimits>
                    <IKRotLimitOrder>0</IKRotLimitOrder>
                    <KeyFrames count="31">
                        <i>1 0 0 0 1 0 0 0 1 0 2.17334 2.19175</i>
                        <i>1 0 0 0 0.999477 -0.0323508 0 0.0323508 0.999477 0 2.15429 2.18585</i>
                        <i>1 0 0 0 0.998042 -0.0625437 0 0.0625437 0.998042 0 2.11693 2.17497</i>
                        <i>1 0 0 0 0.997157 -0.0753509 0 0.0753509 0.997157 0 2.05549 2.16916</i>
                        <i>1 0 0 0 0.997852 -0.0655163 0 0.0655163 0.997852 0 2.1761 2.17889</i>
                        <i>1 0 0 0 0.998741 -0.0501657 0 0.0501657 0.998741 0 2.31737 2.1972</i>
                        <i>1 0 0 0 0.999182 -0.0404311 0 0.0404311 0.999182 0 2.38526 2.20718</i>
                        <i>1 0 0 0 0.999658 -0.026171 0 0.026171 0.999658 0 2.35017 2.20476</i>
                        <i>1 0 0 0 1 0.000500874 0 -0.000500874 1 0 2.27285 2.19944</i>
                        <i>1 0 0 0 0.999613 0.0278085 0 -0.0278085 0.999613 0 2.19548 2.19415</i>
                        <i>1 0 0 0 0.999143 0.0413879 0 -0.0413879 0.999143 0 2.16031 2.19175</i>
                        <i>1 0 0 0 0.99941 0.0343404 0 -0.0343404 0.99941 0 2.17825 2.19175</i>
                        <i>1 0 0 0 0.999877 0.0157102 0 -0.0157102 0.999877 0 2.21197 2.19175</i>
                        <i>1 0 0 0 0.999979 -0.00651754 0 0.00651754 0.999979 0 2.23136 2.19175</i>
                        <i>1 0 0 0 0.99969 -0.0248823 0 0.0248823 0.99969 0 2.21728 2.19175</i>
                        <i>1 0 0 0 0.999472 -0.0325013 0 0.0325013 0.999472 0 2.18886 2.19175</i>
                        <i>1 0 0 0 0.999574 -0.0291902 0 0.0291902 0.999574 0 2.17334 2.19175</i>
                        <i>1 0 0 0 0.999775 -0.0212311 0 0.0212311 0.999775 0 2.17334 2.19175</i>
                        <i>1 0 0 0 0.999933 -0.0116124 0 0.0116124 0.999933 0 2.17334 2.19175</i>
                        <i>1 0 0 0 0.999994 -0.00345096 0 0.00345096 0.999994 0 2.17334 2.19175</i>
                        <i>1 0 0 0 1 0 0 0 1 0 2.17334 2.19175</i>
                        <i>1 0 0 0 1 0 0 0 1 0 2.17334 2.19175</i>
                        <i>1 0 0 0 1 0 0 0 1 0 2.17334 2.19175</i>
                        <i>1 0 0 0 1 0 0 0 1 0 2.17334 2.19175</i>
                        <i>1 0 0 0 1 0 0 0 1 0 2.17334 2.19175</i>
                        <i>1 0 0 0 1 0 0 0 1 0 2.17334 2.19175</i>
                        <i>1 0 0 0 1 0 0 0 1 0 2.17334 2.19175</i>
                        <i>1 0 0 0 1 0 0 0 1 0 2.17334 2.19175</i>
                        <i>1 0 0 0 1 0 0 0 1 0 2.17334 2.19175</i>
                        <i>1 0 0 0 1 0 0 0 1 0 2.17334 2.19175</i>
                        <i>1 0 0 0 1 0 0 0 1 0 2.17334 2.19175</i>
                    </KeyFrames>
                </p>
            </i>
            <i>
                <p>
                    <Name><![CDATA[pitch_tube_rotate]]></Name>
                    <Exclude>0</Exclude>
                    <Additive>1</Additive>
                    <IKPriority>0</IKPriority>
                    <IKRotLimits>-1e+010 -1e+010 -1e+010 1e+010 1e+010 1e+010</IKRotLimits>
                    <IKRotLimitOrder>0</IKRotLimitOrder>
                    <KeyFrames count="31">
                        <i>1 1.65389e-015 -2.34291e-015 -1.65389e-015 1 -1.22465e-016 2.34291e-015 1.22465e-016 1 -6.31089e-032 4.00035 0.411549</i>
                        <i>1 7.50394e-016 -2.34786e-015 -7.33129e-016 0.999973 0.00734516 2.35331e-015 -0.00734516 0.999973 -6.31089e-032 3.96964 0.393753</i>
                        <i>1 -1.48991e-015 -1.87134e-015 1.52538e-015 0.999818 0.0190977 1.84255e-015 -0.0190977 0.999818 -6.31089e-032 3.91041 0.360989</i>
                        <i>1 1.60553e-015 -1.93988e-015 -1.55629e-015 0.999684 0.0251217 1.9796e-015 -0.0251217 0.999684 -6.31089e-032 3.83708 0.343502</i>
                        <i>1 7.38534e-016 -1.90956e-015 -7.27603e-016 0.999984 0.00571759 1.91375e-015 -0.00571759 0.999984 -6.31089e-032 3.97752 0.372799</i>
