<?xml version="1.0" encoding="ISO-8859-1" ?>
<Animl Version="1">
    <ModellingPackage>
        <![CDATA[Maya.2008]]>
</ModellingPackage>
    <SrcFile>
        <![CDATA[units\mortars\british\anims\~src\lvl2\britmor_lvl2_fire.mb]]>
</SrcFile>
    <FramesPerSecond>30</FramesPerSecond>
    <TotalFrames>21</TotalFrames>
    <Skeleton>
        <RefFrame>
            <Name>
                <![CDATA[britrmor2_ref_frame]]>
</Name>
            <Exclude>1</Exclude>
            <Additive>0</Additive>
            <KeyFrames count="21">
                <i>1 0 0 0 1 0 0 0 1 0 0 0</i>
                <i>1 0 0 0 1 0 0 0 1 0 0 0</i>
                <i>1 0 0 0 1 0 0 0 1 0 0 0</i>
                <i>1 0 0 0 1 0 0 0 1 0 0 0</i>
                <i>1 0 0 0 1 0 0 0 1 0 0 0</i>
                <i>1 0 0 0 1 0 0 0 1 0 0 0</i>
                <i>1 0 0 0 1 0 0 0 1 0 0 0</i>
                <i>1 0 0 0 1 0 0 0 1 0 0 0</i>
                <i>1 0 0 0 1 0 0 0 1 0 0 0</i>
                <i>1 0 0 0 1 0 0 0 1 0 0 0</i>
                <i>1 0 0 0 1 0 0 0 1 0 0 0</i>
                <i>1 0 0 0 1 0 0 0 1 0 0 0</i>
                <i>1 0 0 0 1 0 0 0 1 0 0 0</i>
                <i>1 0 0 0 1 0 0 0 1 0 0 0</i>
                <i>1 0 0 0 1 0 0 0 1 0 0 0</i>
                <i>1 0 0 0 1 0 0 0 1 0 0 0</i>
                <i>1 0 0 0 1 0 0 0 1 0 0 0</i>
                <i>1 0 0 0 1 0 0 0 1 0 0 0</i>
                <i>1 0 0 0 1 0 0 0 1 0 0 0</i>
                <i>1 0 0 0 1 0 0 0 1 0 0 0</i>
                <i>1 0 0 0 1 0 0 0 1 0 0 0</i>
            </KeyFrames>
        </RefFrame>
        <Bones count="6">
            <i>
                <p>
                    <Name>
                        <![CDATA[root]]>
</Name>
                    <Exclude>0</Exclude>
                    <Additive>1</Additive>
                    <KeyFrames count="21">
                        <i>1 0 0 0 1 0 0 0 1 0 0 0</i>
                        <i>1 0 0 0 0.999998 0.00190473 0 -0.00190473 0.999998 0 0 0</i>
                        <i>1 0 0 0 0.999993 0.00380944 0 -0.00380944 0.999993 0 0 -0.0209769</i>
                        <i>1 0 0 0 1 0.000635921 0 -0.000635921 1 0 0.00667319 -0.0419538</i>
                        <i>1 0 0 0 0.999997 -0.00253761 0 0.00253761 0.999997 0 0.0133464 -0.0279692</i>
                        <i>1 0 0 0 0.999993 0.00380944 0 -0.00380944 0.999993 0 0.0200196 -0.0139846</i>
                        <i>1 0 0 0 0.999991 -0.00426862 0 0.00426862 0.999991 0 0.00561698 0</i>
                        <i>1 0 0 0 1 -0.000229587 0 0.000229587 1 0 -0.0087856 0</i>
                        <i>1 0 0 0 0.999993 0.00380944 0 -0.00380944 0.999993 0 -0.00202193 0</i>
                        <i>1 0 0 0 0.999994 0.0034285 0 -0.0034285 0.999994 0 0.00474173 0</i>
                        <i>1 0 0 0 0.999995 0.00304756 0 -0.00304756 0.999995 0 0 0</i>
                        <i>1 0 0 0 0.999996 0.00266661 0 -0.00266661 0.999996 0 0 0</i>
                        <i>1 0 0 0 0.999997 0.00228567 0 -0.00228567 0.999997 0 0 0</i>
                        <i>1 0 0 0 0.999998 0.00190473 0 -0.00190473 0.999998 0 0 0</i>
                        <i>1 0 0 0 0.999999 0.00152378 0 -0.00152378 0.999999 0 0 0</i>
                        <i>1 0 0 0 0.999999 0.00114284 0 -0.00114284 0.999999 0 0 0</i>
                        <i>1 0 0 0 1 0.000761891 0 -0.000761891 1 0 0 0</i>
                        <i>1 0 0 0 1 0.000380945 0 -0.000380945 1 0 0 0</i>
                        <i>1 0 0 0 1 0 0 0 1 0 0 0</i>
                        <i>1 0 0 0 1 0 0 0 1 0 0 0</i>
                        <i>1 0 0 0 1 0 0 0 1 0 0 0</i>
                    </KeyFrames>
                </p>
            </i>
            <i>
                <p>
                    <Name>
                        <![CDATA[angle_pivot]]>
</Name>
                    <Exclude>0</Exclude>
                    <Additive>1</Additive>
                    <KeyFrames count="21">
                        <i>-1 2.46519e-032 -3.67394e-016 3.46664e-016 0.331155 -0.943576 1.21664e-016 -0.943576 -0.331155 -9.86076e-034 0.00242184 -0.051118</i>
                        <i>-1 6.99785e-019 -3.67393e-016 3.46664e-016 0.332952 -0.942944 1.21664e-016 -0.942944 -0.332952 -9.86076e-034 -0.113656 -0.0673486</i>
                        <i>-1 1.39957e-018 -3.67391e-016 3.46664e-016 0.334747 -0.942308 1.21664e-016 -0.942308 -0.334747 -9.86076e-034 -0.0553637 -0.104334</i>
                        <i>-1 2.33633e-019 -3.67394e-016 3.46664e-016 0.331755 -0.943366 1.21664e-016 -0.943366 -0.331755 -9.86076e-034 0.0091428 -0.117091</i>
                        <i>-1 -9.32302e-019 -3.67393e-016 3.46664e-016 0.32876 -0.944414 1.21664e-016 -0.944414 -0.32876 -9.86076e-034 0.0155978 -0.0951071</i>
                        <i>-1 1.39957e-018 -3.67391e-016 3.46664e-016 0.334747 -0.942308 1.21664e-016 -0.942308 -0.334747 -9.86076e-034 0.0226666 -0.0730999</i>
                        <i>-1 -1.56826e-018 -3.67391e-016 3.46664e-016 0.327124 -0.944981 1.21664e-016 -0.944981 -0.327124 -9.86076e-034 0.00782059 -0.0511279</i>
                        <i>-1 -8.43488e-020 -3.67394e-016 3.46664e-016 0.330938 -0.943652 1.21664e-016 -0.943652 -0.330938 -9.86076e-034 -0.0063755 -0.0511185</i>
                        <i>-1 1.39957e-018 -3.67391e-016 3.46664e-016 0.334747 -0.942308 1.21664e-016 -0.942308 -0.334747 -9.86076e-034 0.000594615 -0.0511084</i>
                        <i>-1 1.25961e-018 -3.67392e-016 3.46664e-016 0.334388 -0.942435 1.21664e-016 -0.942435 -0.334388 -9.86076e-034 0.00733881 -0.0511094</i>
                        <i>-1 1.11965e-018 -3.67392e-016 3.46664e-016 0.334029 -0.942563 1.21664e-016 -0.942563 -0.334029 -9.86076e-034 0.00257761 -0.0511104</i>
                        <i>-1 9.79698e-019 -3.67393e-016 3.46664e-016 0.33367 -0.94269 1.21664e-016 -0.94269 -0.33367 -9.86076e-034 0.00255814 -0.0511113</i>
                        <i>-1 8.39742e-019 -3.67393e-016 3.46664e-016 0.333311 -0.942817 1.21664e-016 -0.942817 -0.333311 -9.86076e-034 0.00253867 -0.0511123</i>
                        <i>-1 6.99785e-019 -3.67393e-016 3.46664e-016 0.332952 -0.942944 1.21664e-016 -0.942944 -0.332952 -9.86076e-034 0.0025192 -0.0511133</i>
                        <i>-1 5.59828e-019 -3.67394e-016 3.46664e-016 0.332592 -0.943071 1.21664e-016 -0.943071 -0.332592 -9.86076e-034 0.00249973 -0.0511142</i>
                        <i>-1 4.19871e-019 -3.67394e-016 3.46664e-016 0.332233 -0.943197 1.21664e-016 -0.943197 -0.332233 -9.86076e-034 0.00248025 -0.0511152</i>
                        <i>-1 2.79914e-019 -3.67394e-016 3.46664e-016 0.331874 -0.943324 1.21664e-016 -0.943324 -0.331874 -9.86076e-034 0.00246078 -0.0511161</i>
                        <i>-1 1.39957e-019 -3.67394e-016 3.46664e-016 0.331514 -0.94345 1.21664e-016 -0.94345 -0.331514 -9.86076e-034 0.00244131 -0.0511171</i>
                        <i>-1 2.46519e-032 -3.67394e-016 3.46664e-016 0.331155 -0.943576 1.21664e-016 -0.943576 -0.331155 -9.86076e-034 0.00242184 -0.051118</i>
                        <i>-1 2.46519e-032 -3.67394e-016 3.46664e-016 0.331155 -0.943576 1.21664e-016 -0.943576 -0.331155 -9.86076e-034 0.00242184 -0.051118</i>
                        <i>-1 2.46519e-032 -3.67394e-016 3.46664e-016 0.331155 -0.943576 1.21664e-016 -0.943576 -0.331155 -9.86076e-034 0.00242184 -0.051118</i>
                    </KeyFrames>
                </p>
            </i>
            <i>
                <p>
                    <Name>
                        <![CDATA[barrel]]>
</Name>
                    <Exclude>0</Exclude>
                    <Additive>1</Additive>
                    <KeyFrames count="21">
                        <i>1 1.15555e-016 4.07949e-016 3.37767e-016 0.364486 -0.931209 -2.56297e-016 0.931209 0.364486 -2.37946e-016 1.90068 0.596541</i>
                        <i>1 1.14778e-016 4.08168e-016 3.37767e-016 0.366259 -0.930513 -2.56297e-016 0.930513 0.366259 -2.37946e-016 1.78337 0.583925</i>
                        <i>1 1.14e-016 4.08386e-016 3.37767e-016 0.368031 -0.929814 -2.56297e-016 0.929814 0.368031 -2.37946e-016 1.84042 0.550551</i>
                        <i>1 1.15295e-016 4.08022e-016 3.37767e-016 0.365078 -0.930977 -2.56297e-016 0.930977 0.365078 -2.37946e-016 1.90699 0.531775</i>
                        <i>1 1.1659e-016 4.07654e-016 3.37767e-016 0.362122 -0.932131 -2.56297e-016 0.932131 0.362122 -2.37946e-016 1.9155 0.547733</i>
                        <i>1 1.14e-016 4.08386e-016 3.37767e-016 0.368031 -0.929814 -2.56297e-016 0.929814 0.368031 -2.37946e-016 1.91845 0.581786</i>
                        <i>1 1.17295e-016 4.07452e-016 3.37767e-016 0.360508 -0.932756 -2.56297e-016 0.932756 0.360508 -2.37946e-016 1.90883 0.588422</i>
                        <i>1 1.15648e-016 4.07922e-016 3.37767e-016 0.364272 -0.931292 -2.56297e-016 0.931292 0.364272 -2.37946e-016 1.89203 0.596105</i>
                        <i>1 1.14e-016 4.08386e-016 3.37767e-016 0.368031 -0.929814 -2.56297e-016 0.929814 0.368031 -2.37946e-016 1.89637 0.603777</i>
                        <i>1 1.14155e-016 4.08343e-016 3.37767e-016 0.367677 -0.929954 -2.56297e-016 0.929954 0.367677 -2.37946e-016 1.90337 0.603054</i>
                        <i>1 1.14311e-016 4.08299e-016 3.37767e-016 0.367323 -0.930094 -2.56297e-016 0.930094 0.367323 -2.37946e-016 1.89885 0.602331</i>
                        <i>1 1.14467e-016 4.08255e-016 3.37767e-016 0.366968 -0.930233 -2.56297e-016 0.930233 0.366968 -2.37946e-016 1.89908 0.601607</i>
                        <i>1 1.14622e-016 4.08212e-016 3.37767e-016 0.366614 -0.930373 -2.56297e-016 0.930373 0.366614 -2.37946e-016 1.89931 0.600884</i>
                        <i>1 1.14778e-016 4.08168e-016 3.37767e-016 0.366259 -0.930513 -2.56297e-016 0.930513 0.366259 -2.37946e-016 1.89954 0.60016</i>
                        <i>1 1.14933e-016 4.08124e-016 3.37767e-016 0.365905 -0.930652 -2.56297e-016 0.930652 0.365905 -2.37946e-016 1.89977 0.599437</i>
                        <i>1 1.15088e-016 4.08081e-016 3.37767e-016 0.36555 -0.930792 -2.56297e-016 0.930792 0.36555 -2.37946e-016 1.9 0.598713</i>
                        <i>1 1.15244e-016 4.08037e-016 3.37767e-016 0.365196 -0.930931 -2.56297e-016 0.930931 0.365196 -2.37946e-016 1.90023 0.597989</i>
                        <i>1 1.15399e-016 4.07993e-016 3.37767e-016 0.364841 -0.93107 -2.56297e-016 0.93107 0.364841 -2.37946e-016 1.90045 0.597265</i>
                        <i>1 1.15555e-016 4.07949e-016 3.37767e-016 0.364486 -0.931209 -2.56297e-016 0.931209 0.364486 -2.37946e-016 1.90068 0.596541</i>
                        <i>1 1.15555e-016 4.07949e-016 3.37767e-016 0.364486 -0.931209 -2.56297e-016 0.931209 0.364486 -2.37946e-016 1.90068 0.596541</i>
                        <i>1 1.15555e-016 4.07949e-016 3.37767e-016 0.364486 -0.931209 -2.56297e-016 0.931209 0.364486 -2.37946e-016 1.90068 0.596541</i>
                    </KeyFrames>
                </p>
            </i>
            <i>
                <p>
                    <Name>
                        <![CDATA[l_chain]]>
</Name>
                    <Exclude>0</Exclude>
                    <Additive>1</Additive>
                    <KeyFrames count="21">
                        <i>-0.729642 -7.76208e-009 -0.683829 0.652351 0.299909 -0.696055 0.205086 -0.953968 -0.218826 0.396124 1.4195 0.788142</i>
                        <i>-0.729642 0.0013025 -0.683828 0.652351 0.301234 -0.695483 0.205086 -0.953549 -0.220643 0.395966 1.29802 0.780816</i>
                        <i>-0.729642 0.00260501 -0.683824 0.652351 0.302558 -0.694907 0.205086 -0.953127 -0.222458 0.396566 1.35693 0.752332</i>
                        <i>-0.729642 0.000434863 -0.683829 0.652351 0.300351 -0.695864 0.205086 -0.953829 -0.219432 0.400609 1.45085 0.740649</i>
                        <i>-0.729642 -0.00173529 -0.683827 0.652351 0.298141 -0.696814 0.205086 -0.95452 -0.216404 0.403072 1.48012 0.761224</i>
                        <i>-0.729642 0.00260501 -0.683824 0.652351 0.302558 -0.694907 0.205086 -0.953127 -0.222458 0.397105 1.45623 0.791364</i>
                        <i>-0.729642 -0.00291902 -0.683823 0.652351 0.296935 -0.697329 0.205086 -0.954893 -0.214752 0.390879 1.41937 0.796345</i>
                        <i>-0.729642 -0.000157012 -0.683829 0.652351 0.299749 -0.696124 0.205086 -0.954018 -0.218607 0.392283 1.40865 0.787393</i>
                        <i>-0.729642 0.00260501 -0.683824 0.652351 0.302558 -0.694907 0.205086 -0.953127 -0.222458 0.395312 1.42472 0.780908</i>
                        <i>-0.729642 0.0023445 -0.683825 0.652351 0.302293 -0.695023 0.205086 -0.953212 -0.222095 0.395944 1.42852 0.784217</i>
                        <i>-0.729642 0.00208401 -0.683826 0.652351 0.302028 -0.695138 0.205086 -0.953297 -0.221732 0.396124 1.41709 0.792465</i>
                        <i>-0.729642 0.0018235 -0.683827 0.652351 0.301764 -0.695253 0.205086 -0.953381 -0.221369 0.396124 1.41739 0.791925</i>
                        <i>-0.729642 0.00156299 -0.683828 0.652351 0.301499 -0.695368 0.205086 -0.953465 -0.221006 0.396124 1.4177 0.791385</i>
                        <i>-0.729642 0.0013025 -0.683828 0.652351 0.301234 -0.695483 0.205086 -0.953549 -0.220643 0.396124 1.418 0.790845</i>
                        <i>-0.729642 0.00104199 -0.683829 0.652351 0.300969 -0.695597 0.205086 -0.953633 -0.220279 0.396124 1.4183 0.790304</i>
                        <i>-0.729642 0.000781496 -0.683829 0.652351 0.300704 -0.695712 0.205086 -0.953717 -0.219916 0.396124 1.4186 0.789764</i>
                        <i>-0.729642 0.00052099 -0.683829 0.652351 0.300439 -0.695826 0.205086 -0.953801 -0.219553 0.396124 1.4189 0.789224</i>
                        <i>-0.729642 0.0002605 -0.683829 0.652351 0.300174 -0.695941 0.205086 -0.953885 -0.219189 0.396124 1.4192 0.788683</i>
                        <i>-0.729642 -7.76208e-009 -0.683829 0.652351 0.299909 -0.696055 0.205086 -0.953968 -0.218826 0.396124 1.4195 0.788142</i>
                        <i>-0.729642 -7.76208e-009 -0.683829 0.652351 0.299909 -0.696055 0.205086 -0.953968 -0.218826 0.396124 1.4195 0.788142</i>
                        <i>-0.729642 -7.76208e-009 -0.683829 0.652351 0.299909 -0.696055 0.205086 -0.953968 -0.218826 0.396124 1.4195 0.788142</i>
                    </KeyFrames>
                </p>
            </i>
            <i>
                <p>
                    <Name>
                        <![CDATA[rear_chain]]>
</Name>
                    <Exclude>0</Exclude>
                    <Additive>1</Additive>
                    <KeyFrames count="21">
                        <i>1 8.73667e-016 2.5114e-017 -8.73277e-016 0.999919 -0.0127041 -3.62111e-017 0.0127041 0.999919 -1.86998e-016 1.68004 -0.0100556</i>
                        <i>1 8.73617e-016 2.6778e-017 -8.73277e-016 0.999942 -0.0107995 -3.62111e-017 0.0107995 0.999942 -0.000158165 1.56008 -0.0168846</i>
                        <i>1 8.73565e-016 2.8442e-017 -8.73277e-016 0.99996 -0.0088948 -3.62111e-017 0.0088948 0.99996 0.000441794 1.62051 -0.0448675</i>
                        <i>1 8.7365e-016 2.56696e-017 -8.73277e-016 0.999927 -0.0120682 -3.62111e-017 0.0120682 0.999927 0.00448487 1.71189 -0.0573832</i>
                        <i>1 8.73727e-016 2.28969e-017 -8.73277e-016 0.999884 -0.0152414 -3.62111e-017 0.0152414 0.999884 0.00694859 1.73863 -0.0376328</i>
                        <i>1 8.73565e-016 2.8442e-017 -8.73277e-016 0.99996 -0.0088948 -3.62111e-017 0.0088948 0.99996 0.000786159 1.71891 -0.00696987</i>
                        <i>1 8.73766e-016 2.13844e-017 -8.73277e-016 0.999856 -0.0169722 -3.62111e-017 0.0169722 0.999856 -0.00524453 1.67649 -0.00295778</i>
                        <i>1 8.73672e-016 2.49134e-017 -8.73277e-016 0.999916 -0.0129336 -3.62111e-017 0.0129336 0.999916 -0.00532233 1.67709 -0.000687541</i>
                        <i>1 8.73565e-016 2.8442e-017 -8.73277e-016 0.99996 -0.0088948 -3.62111e-017 0.0088948 0.99996 -0.00385688 1.70258 0.00185961</i>
                        <i>1 8.73575e-016 2.81092e-017 -8.73277e-016 0.999957 -0.00927576 -3.62111e-017 0.00927576 0.999957 -0.00177411 1.70072 -0.00174183</i>
                        <i>1 8.73586e-016 2.77764e-017 -8.73277e-016 0.999953 -0.00965666 -3.62111e-017 0.00965666 0.999953 -1.86998e-016 1.68006 -0.00493548</i>
                        <i>1 8.73596e-016 2.74436e-017 -8.73277e-016 0.99995 -0.0100376 -3.62111e-017 0.0100376 0.99995 -1.86998e-016 1.68006 -0.00557554</i>
                        <i>1 8.73607e-016 2.71108e-017 -8.73277e-016 0.999946 -0.0104185 -3.62111e-017 0.0104185 0.999946 -1.86998e-016 1.68006 -0.00621551</i>
                        <i>1 8.73617e-016 2.6778e-017 -8.73277e-016 0.999942 -0.0107995 -3.62111e-017 0.0107995 0.999942 -1.86998e-016 1.68006 -0.00685555</i>
                        <i>1 8.73627e-016 2.64452e-017 -8.73277e-016 0.999938 -0.0111804 -3.62111e-017 0.0111804 0.999938 -1.86998e-016 1.68005 -0.00749556</i>
                        <i>1 8.73637e-016 2.61124e-017 -8.73277e-016 0.999933 -0.0115613 -3.62111e-017 0.0115613 0.999933 -1.86998e-016 1.68005 -0.00813558</i>
                        <i>1 8.73647e-016 2.57796e-017 -8.73277e-016 0.999929 -0.0119422 -3.62111e-017 0.0119422 0.999929 -1.86998e-016 1.68005 -0.00877558</i>
                        <i>1 8.73657e-016 2.54468e-017 -8.73277e-016 0.999924 -0.0123231 -3.62111e-017 0.0123231 0.999924 -1.86998e-016 1.68004 -0.00941554</i>
                        <i>1 8.73667e-016 2.5114e-017 -8.73277e-016 0.999919 -0.0127041 -3.62111e-017 0.0127041 0.999919 -1.86998e-016 1.68004 -0.0100556</i>
                        <i>1 8.73667e-016 2.5114e-017 -8.73277e-016 0.999919 -0.0127041 -3.62111e-017 0.0127041 0.999919 -1.86998e-016 1.68004 -0.0100556</i>
                        <i>1 8.73667e-016 2.5114e-017 -8.73277e-016 0.999919 -0.0127041 -3.62111e-017 0.0127041 0.999919 -1.86998e-016 1.68004 -0.0100556</i>
                    </KeyFrames>
                </p>
            </i>
            <i>
                <p>
                    <Name>
                        <![CDATA[r_chain]]>
</Name>
                    <Exclude>0</Exclude>
                    <Additive>1</Additive>
                    <KeyFrames count="21">
                        <i>-0.729642 1.56111e-008 0.683829 0.652351 -0.299909 0.696055 0.205086 0.953968 0.218826 -0.396124 1.4195 0.788142</i>
                        <i>-0.729642 -0.00130249 0.683828 0.652351 -0.301234 0.695483 0.205086 0.953549 0.220642 -0.396282 1.29802 0.780815</i>
                        <i>-0.729642 -0.00260501 0.683824 0.652351 -0.302558 0.694908 0.205086 0.953127 0.222458 -0.395682 1.35692 0.752332</i>
                        <i>-0.729642 -0.000434855 0.683829 0.652351 -0.300351 0.695864 0.205086 0.953829 0.219432 -0.391639 1.45084 0.740649</i>
                        <i>-0.729642 0.0017353 0.683827 0.652351 -0.298141 0.696814 0.205086 0.95452 0.216404 -0.389175 1.48011 0.761223</i>
                        <i>-0.729642 -0.00260501 0.683824 0.652351 -0.302558 0.694908 0.205086 0.953127 0.222458 -0.395142 1.45445 0.790951</i>
                        <i>-0.729642 0.00291902 0.683823 0.652351 -0.296935 0.697329 0.205086 0.954893 0.214752 -0.401368 1.41936 0.796345</i>
                        <i>-0.729642 0.00015702 0.683829 0.652351 -0.299749 0.696124 0.205086 0.954018 0.218607 -0.399965 1.42459 0.791044</i>
                        <i>-0.729642 -0.00260501 0.683824 0.652351 -0.302558 0.694908 0.205086 0.953127 0.222458 -0.396936 1.45302 0.787514</i>
                        <i>-0.729642 -0.00234449 0.683825 0.652351 -0.302293 0.695023 0.205086 0.953212 0.222095 -0.396303 1.4462 0.788339</i>
                        <i>-0.729642 -0.002084 0.683826 0.652351 -0.302028 0.695138 0.205086 0.953297 0.221732 -0.396124 1.41709 0.792464</i>
                        <i>-0.729642 -0.00182349 0.683827 0.652351 -0.301764 0.695253 0.205086 0.953381 0.221369 -0.396124 1.41739 0.791924</i>
                        <i>-0.729642 -0.00156299 0.683828 0.652351 -0.301499 0.695368 0.205086 0.953465 0.221006 -0.396124 1.41769 0.791385</i>
                        <i>-0.729642 -0.00130249 0.683828 0.652351 -0.301234 0.695483 0.205086 0.953549 0.220642 -0.396124 1.41799 0.790844</i>
                        <i>-0.729642 -0.00104199 0.683829 0.652351 -0.300969 0.695597 0.205086 0.953633 0.220279 -0.396124 1.41829 0.790304</i>
                        <i>-0.729642 -0.000781488 0.683829 0.652351 -0.300704 0.695712 0.205086 0.953717 0.219916 -0.396124 1.4186 0.789764</i>
                        <i>-0.729642 -0.000520982 0.683829 0.652351 -0.300439 0.695826 0.205086 0.953801 0.219553 -0.396124 1.4189 0.789223</i>
                        <i>-0.729642 -0.000260492 0.683829 0.652351 -0.300174 0.695941 0.205086 0.953885 0.219189 -0.396124 1.4192 0.788683</i>
                        <i>-0.729642 1.56111e-008 0.683829 0.652351 -0.299909 0.696055 0.205086 0.953968 0.218826 -0.396124 1.4195 0.788142</i>
                        <i>-0.729642 1.56111e-008 0.683829 0.652351 -0.299909 0.696055 0.205086 0.953968 0.218826 -0.396124 1.4195 0.788142</i>
                        <i>-0.729642 1.56111e-008 0.683829 0.652351 -0.299909 0.696055 0.205086 0.953968 0.218826 -0.396124 1.4195 0.788142</i>
                    </KeyFrames>
                </p>
            </i>
        </Bones>
    </Skeleton>
</Animl>
