<?xml version="1.0" encoding="ISO-8859-1" ?>
<Animl Version="1">
    <ModellingPackage><![CDATA[Maya.2010]]></ModellingPackage>
    <SrcFile><![CDATA[anims\turrets\artillery\red\~src\artillery_2a36\artillery_2a36_fire.mb]]></SrcFile>
    <FramesPerSecond>30</FramesPerSecond>
    <TotalFrames>65</TotalFrames>
    <Skeleton>
        <RefFrame>
            <Name><![CDATA[artillery_2a36_ref_frame]]></Name>
            <Exclude>1</Exclude>
            <Additive>0</Additive>
            <IKPriority>0</IKPriority>
            <IKRotLimits>-1e+010 -1e+010 -1e+010 1e+010 1e+010 1e+010</IKRotLimits>
            <IKRotLimitOrder>0</IKRotLimitOrder>
            <KeyFrames count="65">
                <i>1 0 0 0 1 0 0 0 1 0 1.3 3.22</i>
                <i>1 0 0 0 1 0 0 0 1 0 1.3 3.22</i>
                <i>1 0 0 0 1 0 0 0 1 0 1.3 3.22</i>
                <i>1 0 0 0 1 0 0 0 1 0 1.3 3.22</i>
                <i>1 0 0 0 1 0 0 0 1 0 1.3 3.22</i>
                <i>1 0 0 0 1 0 0 0 1 0 1.3 3.22</i>
                <i>1 0 0 0 1 0 0 0 1 0 1.3 3.22</i>
                <i>1 0 0 0 1 0 0 0 1 0 1.3 3.22</i>
                <i>1 0 0 0 1 0 0 0 1 0 1.3 3.22</i>
                <i>1 0 0 0 1 0 0 0 1 0 1.3 3.22</i>
                <i>1 0 0 0 1 0 0 0 1 0 1.3 3.22</i>
                <i>1 0 0 0 1 0 0 0 1 0 1.3 3.22</i>
                <i>1 0 0 0 1 0 0 0 1 0 1.3 3.22</i>
                <i>1 0 0 0 1 0 0 0 1 0 1.3 3.22</i>
                <i>1 0 0 0 1 0 0 0 1 0 1.3 3.22</i>
                <i>1 0 0 0 1 0 0 0 1 0 1.3 3.22</i>
                <i>1 0 0 0 1 0 0 0 1 0 1.3 3.22</i>
                <i>1 0 0 0 1 0 0 0 1 0 1.3 3.22</i>
                <i>1 0 0 0 1 0 0 0 1 0 1.3 3.22</i>
                <i>1 0 0 0 1 0 0 0 1 0 1.3 3.22</i>
                <i>1 0 0 0 1 0 0 0 1 0 1.3 3.22</i>
                <i>1 0 0 0 1 0 0 0 1 0 1.3 3.22</i>
                <i>1 0 0 0 1 0 0 0 1 0 1.3 3.22</i>
                <i>1 0 0 0 1 0 0 0 1 0 1.3 3.22</i>
                <i>1 0 0 0 1 0 0 0 1 0 1.3 3.22</i>
                <i>1 0 0 0 1 0 0 0 1 0 1.3 3.22</i>
                <i>1 0 0 0 1 0 0 0 1 0 1.3 3.22</i>
                <i>1 0 0 0 1 0 0 0 1 0 1.3 3.22</i>
                <i>1 0 0 0 1 0 0 0 1 0 1.3 3.22</i>
                <i>1 0 0 0 1 0 0 0 1 0 1.3 3.22</i>
                <i>1 0 0 0 1 0 0 0 1 0 1.3 3.22</i>
                <i>1 0 0 0 1 0 0 0 1 0 1.3 3.22</i>
                <i>1 0 0 0 1 0 0 0 1 0 1.3 3.22</i>
                <i>1 0 0 0 1 0 0 0 1 0 1.3 3.22</i>
                <i>1 0 0 0 1 0 0 0 1 0 1.3 3.22</i>
                <i>1 0 0 0 1 0 0 0 1 0 1.3 3.22</i>
                <i>1 0 0 0 1 0 0 0 1 0 1.3 3.22</i>
                <i>1 0 0 0 1 0 0 0 1 0 1.3 3.22</i>
                <i>1 0 0 0 1 0 0 0 1 0 1.3 3.22</i>
                <i>1 0 0 0 1 0 0 0 1 0 1.3 3.22</i>
                <i>1 0 0 0 1 0 0 0 1 0 1.3 3.22</i>
                <i>1 0 0 0 1 0 0 0 1 0 1.3 3.22</i>
                <i>1 0 0 0 1 0 0 0 1 0 1.3 3.22</i>
                <i>1 0 0 0 1 0 0 0 1 0 1.3 3.22</i>
                <i>1 0 0 0 1 0 0 0 1 0 1.3 3.22</i>
                <i>1 0 0 0 1 0 0 0 1 0 1.3 3.22</i>
                <i>1 0 0 0 1 0 0 0 1 0 1.3 3.22</i>
                <i>1 0 0 0 1 0 0 0 1 0 1.3 3.22</i>
                <i>1 0 0 0 1 0 0 0 1 0 1.3 3.22</i>
                <i>1 0 0 0 1 0 0 0 1 0 1.3 3.22</i>
                <i>1 0 0 0 1 0 0 0 1 0 1.3 3.22</i>
                <i>1 0 0 0 1 0 0 0 1 0 1.3 3.22</i>
                <i>1 0 0 0 1 0 0 0 1 0 1.3 3.22</i>
                <i>1 0 0 0 1 0 0 0 1 0 1.3 3.22</i>
                <i>1 0 0 0 1 0 0 0 1 0 1.3 3.22</i>
                <i>1 0 0 0 1 0 0 0 1 0 1.3 3.22</i>
                <i>1 0 0 0 1 0 0 0 1 0 1.3 3.22</i>
                <i>1 0 0 0 1 0 0 0 1 0 1.3 3.22</i>
                <i>1 0 0 0 1 0 0 0 1 0 1.3 3.22</i>
                <i>1 0 0 0 1 0 0 0 1 0 1.3 3.22</i>
                <i>1 0 0 0 1 0 0 0 1 0 1.3 3.22</i>
                <i>1 0 0 0 1 0 0 0 1 0 1.3 3.22</i>
                <i>1 0 0 0 1 0 0 0 1 0 1.3 3.22</i>
                <i>1 0 0 0 1 0 0 0 1 0 1.3 3.22</i>
                <i>1 0 0 0 1 0 0 0 1 0 1.3 3.22</i>
            </KeyFrames>
        </RefFrame>
        <Bones count="10">
            <i>
                <p>
                    <Name><![CDATA[artillery_2a36_root]]></Name>
                    <Exclude>0</Exclude>
                    <Additive>0</Additive>
                    <IKPriority>0</IKPriority>
                    <IKRotLimits>-1e+010 -1e+010 -1e+010 1e+010 1e+010 1e+010</IKRotLimits>
                    <IKRotLimitOrder>0</IKRotLimitOrder>
                    <KeyFrames count="65">
                        <i>1 0 0 0 1 0 0 0 1 0 1.30614 3.22015</i>
                        <i>1 0 0 0 1 0 0 0 1 0 1.30614 3.22015</i>
                        <i>1 0 0 0 1 0 0 0 1 0 1.30614 3.22015</i>
                        <i>1 0 0 0 1 0 0 0 1 0 1.30614 3.22015</i>
                        <i>1 0 0 0 1 0 0 0 1 0 1.30614 3.22015</i>
                        <i>1 0 0 0 1 0 0 0 1 0 1.30614 3.22015</i>
                        <i>1 0 0 0 1 0 0 0 1 0 1.30614 3.22015</i>
                        <i>1 0 0 0 1 0 0 0 1 0 1.30614 3.22015</i>
                        <i>1 0 0 0 1 0 0 0 1 0 1.30614 3.22015</i>
                        <i>1 0 0 0 1 0 0 0 1 0 1.30614 3.22015</i>
                        <i>1 0 0 0 1 0 0 0 1 0 1.30614 3.22015</i>
                        <i>1 0 0 0 1 0 0 0 1 0 1.30614 3.22015</i>
                        <i>1 0 0 0 1 0 0 0 1 0 1.30614 3.22015</i>
                        <i>1 0 0 0 1 0 0 0 1 0 1.30614 3.22015</i>
                        <i>1 0 0 0 1 0 0 0 1 0 1.30614 3.22015</i>
                        <i>1 0 0 0 1 0 0 0 1 0 1.30614 3.22015</i>
                        <i>1 0 0 0 1 0 0 0 1 0 1.30614 3.22015</i>
                        <i>1 0 0 0 1 0 0 0 1 0 1.30614 3.22015</i>
                        <i>1 0 0 0 1 0 0 0 1 0 1.30614 3.22015</i>
                        <i>1 0 0 0 1 0 0 0 1 0 1.30614 3.22015</i>
                        <i>1 0 0 0 1 0 0 0 1 0 1.30614 3.22015</i>
                        <i>1 0 0 0 1 0 0 0 1 0 1.30614 3.22015</i>
                        <i>1 0 0 0 1 0 0 0 1 0 1.30614 3.22015</i>
                        <i>1 0 0 0 1 0 0 0 1 0 1.30614 3.22015</i>
                        <i>1 0 0 0 1 0 0 0 1 0 1.30614 3.22015</i>
                        <i>1 0 0 0 1 0 0 0 1 0 1.30614 3.22015</i>
                        <i>1 0 0 0 1 0 0 0 1 0 1.30614 3.22015</i>
                        <i>1 0 0 0 1 0 0 0 1 0 1.30614 3.22015</i>
                        <i>1 0 0 0 1 0 0 0 1 0 1.30614 3.22015</i>
                        <i>1 0 0 0 1 0 0 0 1 0 1.30614 3.22015</i>
                        <i>1 0 0 0 1 0 0 0 1 0 1.30614 3.22015</i>
                        <i>1 0 0 0 1 0 0 0 1 0 1.30614 3.22015</i>
                        <i>1 0 0 0 1 0 0 0 1 0 1.30614 3.22015</i>
                        <i>1 0 0 0 1 0 0 0 1 0 1.30614 3.22015</i>
                        <i>1 0 0 0 1 0 0 0 1 0 1.30614 3.22015</i>
                        <i>1 0 0 0 1 0 0 0 1 0 1.30614 3.22015</i>
                        <i>1 0 0 0 1 0 0 0 1 0 1.30614 3.22015</i>
                        <i>1 0 0 0 1 0 0 0 1 0 1.30614 3.22015</i>
                        <i>1 0 0 0 1 0 0 0 1 0 1.30614 3.22015</i>
                        <i>1 0 0 0 1 0 0 0 1 0 1.30614 3.22015</i>
                        <i>1 0 0 0 1 0 0 0 1 0 1.30614 3.22015</i>
                        <i>1 0 0 0 1 0 0 0 1 0 1.30614 3.22015</i>
                        <i>1 0 0 0 1 0 0 0 1 0 1.30614 3.22015</i>
                        <i>1 0 0 0 1 0 0 0 1 0 1.30614 3.22015</i>
                        <i>1 0 0 0 1 0 0 0 1 0 1.30614 3.22015</i>
                        <i>1 0 0 0 1 0 0 0 1 0 1.30614 3.22015</i>
                        <i>1 0 0 0 1 0 0 0 1 0 1.30614 3.22015</i>
                        <i>1 0 0 0 1 0 0 0 1 0 1.30614 3.22015</i>
                        <i>1 0 0 0 1 0 0 0 1 0 1.30614 3.22015</i>
                        <i>1 0 0 0 1 0 0 0 1 0 1.30614 3.22015</i>
                        <i>1 0 0 0 1 0 0 0 1 0 1.30614 3.22015</i>
                        <i>1 0 0 0 1 0 0 0 1 0 1.30614 3.22015</i>
                        <i>1 0 0 0 1 0 0 0 1 0 1.30614 3.22015</i>
                        <i>1 0 0 0 1 0 0 0 1 0 1.30614 3.22015</i>
                        <i>1 0 0 0 1 0 0 0 1 0 1.30614 3.22015</i>
                        <i>1 0 0 0 1 0 0 0 1 0 1.30614 3.22015</i>
                        <i>1 0 0 0 1 0 0 0 1 0 1.30614 3.22015</i>
                        <i>1 0 0 0 1 0 0 0 1 0 1.30614 3.22015</i>
                        <i>1 0 0 0 1 0 0 0 1 0 1.30614 3.22015</i>
                        <i>1 0 0 0 1 0 0 0 1 0 1.30614 3.22015</i>
                        <i>1 0 0 0 1 0 0 0 1 0 1.30614 3.22015</i>
                        <i>1 0 0 0 1 0 0 0 1 0 1.30614 3.22015</i>
                        <i>1 0 0 0 1 0 0 0 1 0 1.30614 3.22015</i>
                        <i>1 0 0 0 1 0 0 0 1 0 1.30614 3.22015</i>
                        <i>1 0 0 0 1 0 0 0 1 0 1.30614 3.22015</i>
                    </KeyFrames>
                </p>
            </i>
            <i>
                <p>
                    <Name><![CDATA[body]]></Name>
                    <Exclude>0</Exclude>
                    <Additive>1</Additive>
                    <IKPriority>0</IKPriority>
                    <IKRotLimits>-1e+010 -1e+010 -1e+010 1e+010 1e+010 1e+010</IKRotLimits>
                    <IKRotLimitOrder>0</IKRotLimitOrder>
                    <KeyFrames count="65">
                        <i>1 0 0 0 1 0 0 0 1 0 2.41297 3.49249</i>
                        <i>1 0 0 0 0.999985 -0.0053999 0 0.0053999 0.999985 0 1.9827 3.35446</i>
                        <i>1 0 0 0 0.999428 -0.0338287 0 0.0338287 0.999428 0 3.40184 3.18777</i>
                        <i>1 0 0 0 0.999314 -0.0370436 0 0.0370436 0.999314 0 3.54918 3.10698</i>
                        <i>1 0 0 0 0.999247 -0.0387905 0 0.0387905 0.999247 0 3.63479 3.02715</i>
                        <i>1 0 0 0 0.999223 -0.0394251 0 0.0394251 0.999223 0 3.66707 2.9502</i>
                        <i>1 0 0 0 0.999227 -0.039303 0 0.039303 0.999227 0 3.65441 2.87804</i>
                        <i>1 0 0 0 0.999248 -0.0387793 0 0.0387793 0.999248 0 3.60519 2.81258</i>
                        <i>1 0 0 0 0.99927 -0.0382095 0 0.0382095 0.99927 0 3.5278 2.75574</i>
                        <i>1 0 0 0 0.99928 -0.037949 0 0.037949 0.99928 0 3.43062 2.70945</i>
                        <i>1 0 0 0 0.999271 -0.0381754 0 0.0381754 0.999271 0 3.24044 2.67333</i>
                        <i>1 0 0 0 0.99926 -0.0384543 0 0.0384543 0.99926 0 2.93399 2.6493</i>
                        <i>1 0 0 0 0.999269 -0.0382231 0 0.0382231 0.999269 0 2.59463 2.6427</i>
                        <i>1 0 0 0 0.999318 -0.0369191 0 0.0369191 0.999318 0 2.30571 2.65885</i>
                        <i>1 0 0 0 0.999423 -0.0339795 0 0.0339795 0.999423 0 2.15058 2.70308</i>
                        <i>1 0 0 0 0.999576 -0.0291039 0 0.0291039 0.999576 0 2.1171 2.77587</i>
                        <i>1 0 0 0 0.999742 -0.0227351 0 0.0227351 0.999742 0 2.13011 2.86967</i>
                        <i>1 0 0 0 0.999881 -0.0154242 0 0.0154242 0.999881 0 2.17845 2.97777</i>
                        <i>1 0 0 0 0.99997 -0.00772328 0 0.00772328 0.99997 0 2.25093 3.09344</i>
                        <i>1 0 0 0 1 -0.000184555 0 0.000184555 1 0 2.33638 3.20996</i>
                        <i>1 0 0 0 0.999978 0.00663965 0 -0.00663965 0.999978 0 2.42361 3.3206</i>
                        <i>1 0 0 0 0.999926 0.0121972 0 -0.0121972 0.999926 0 2.50144 3.41865</i>
                        <i>1 0 0 0 0.999873 0.0159362 0 -0.0159362 0.999873 0 2.55871 3.49738</i>
                        <i>1 0 0 0 0.99985 0.0173051 0 -0.0173051 0.99985 0 2.58422 3.55007</i>
                        <i>1 0 0 0 0.999862 0.0166063 0 -0.0166063 0.999862 0 2.58176 3.57872</i>
                        <i>1 0 0 0 0.999892 0.0146903 0 -0.0146903 0.999892 0 2.56465 3.59162</i>
                        <i>1 0 0 0 0.99993 0.0118274 0 -0.0118274 0.99993 0 2.53602 3.59152</i>
                        <i>1 0 0 0 0.999966 0.00828803 0 -0.00828803 0.999966 0 2.49901 3.58116</i>
                        <i>1 0 0 0 0.999991 0.00434279 0 -0.00434279 0.999991 0 2.45676 3.56328</i>
                        <i>1 0 0 0 1 0.000262223 0 -0.000262223 1 0 2.4124 3.54063</i>
                        <i>1 0 0 0 0.999993 -0.00368309 0 0.00368309 0.999993 0 2.36907 3.51594</i>
                        <i>1 0 0 0 0.999974 -0.00722255 0 0.00722255 0.999974 0 2.32992 3.49197</i>
                        <i>1 0 0 0 0.999949 -0.0100856 0 0.0100856 0.999949 0 2.29806 3.47145</i>
                        <i>1 0 0 0 0.999928 -0.0120018 0 0.0120018 0.999928 0 2.27665 3.45713</i>
                        <i>1 0 0 0 0.999919 -0.0127006 0 0.0127006 0.999919 0 2.26882 3.45174</i>
                        <i>1 0 0 0 0.999922 -0.0124973 0 0.0124973 0.999922 0 2.27078 3.4525</i>
                        <i>1 0 0 0 0.999929 -0.0119249 0 0.0119249 0.999929 0 2.27633 3.45463</i>
                        <i>1 0 0 0 0.999939 -0.01104 0 0.01104 0.999939 0 2.28491 3.45793</i>
                        <i>1 0 0 0 0.999951 -0.00989894 0 0.00989894 0.999951 0 2.29599 3.46217</i>
                        <i>1 0 0 0 0.999963 -0.00855824 0 0.00855824 0.999963 0 2.30903 3.46716</i>
                        <i>1 0 0 0 0.999975 -0.00707434 0 0.00707434 0.999975 0 2.32349 3.47266</i>
                        <i>1 0 0 0 0.999985 -0.00550372 0 0.00550372 0.999985 0 2.33884 3.47847</i>
                        <i>1 0 0 0 0.999992 -0.00390285 0 0.00390285 0.999992 0 2.35452 3.48438</i>
                        <i>1 0 0 0 0.999997 -0.0023282 0 0.0023282 0.999997 0 2.37002 3.49018</i>
                        <i>1 0 0 0 1 -0.000836239 0 0.000836239 1 0 2.38477 3.49565</i>
                        <i>1 0 0 0 1 0.000516555 0 -0.000516555 1 0 2.39826 3.50057</i>
                        <i>1 0 0 0 0.999999 0.00167371 0 -0.00167371 0.999999 0 2.40993 3.50474</i>
                        <i>1 0 0 0 0.999997 0.00257876 0 -0.00257876 0.999997 0 2.41925 3.50794</i>
                        <i>1 0 0 0 0.999995 0.00317524 0 -0.00317524 0.999995 0 2.42568 3.50996</i>
                        <i>1 0 0 0 0.999994 0.0035233 0 -0.0035233 0.999994 0 2.42976 3.51096</i>
                        <i>1 0 0 0 0.999993 0.00373049 0 -0.00373049 0.999993 0 2.43249 3.51129</i>
                        <i>1 0 0 0 0.999993 0.00381137 0 -0.00381137 0.999993 0 2.43402 3.51104</i>
                        <i>1 0 0 0 0.999993 0.00378051 0 -0.00378051 0.999993 0 2.4345 3.51029</i>
                        <i>1 0 0 0 0.999993 0.0036525 0 -0.0036525 0.999993 0 2.43409 3.50912</i>
                        <i>1 0 0 0 0.999994 0.00344191 0 -0.00344191 0.999994 0 2.43292 3.50762</i>
                        <i>1 0 0 0 0.999995 0.0031633 0 -0.0031633 0.999995 0 2.43115 3.50586</i>
                        <i>1 0 0 0 0.999996 0.00283125 0 -0.00283125 0.999996 0 2.42894 3.50394</i>
                        <i>1 0 0 0 0.999997 0.00246035 0 -0.00246035 0.999997 0 2.42642 3.50194</i>
                        <i>1 0 0 0 0.999998 0.00206515 0 -0.00206515 0.999998 0 2.42375 3.49993</i>
                        <i>1 0 0 0 0.999999 0.00166023 0 -0.00166023 0.999999 0 2.42108 3.498</i>
                        <i>1 0 0 0 0.999999 0.00126017 0 -0.00126017 0.999999 0 2.41856 3.49624</i>
                        <i>1 0 0 0 1 0.000879549 0 -0.000879549 1 0 2.41634 3.49473</i>
                        <i>1 0 0 0 1 0.000532929 0 -0.000532929 1 0 2.41457 3.49354</i>
                        <i>1 0 0 0 1 0.000234889 0 -0.000234889 1 0 2.4134 3.49277</i>
                        <i>1 0 0 0 1 0 0 0 1 0 2.41297 3.49249</i>
                    </KeyFrames>
                </p>
            </i>
            <i>
                <p>
                    <Name><![CDATA[pitch]]></Name>
                    <Exclude>0</Exclude>
                    <Additive>1</Additive>
                    <IKPriority>0</IKPriority>
                    <IKRotLimits>-1e+010 -1e+010 -1e+010 1e+010 1e+010 1e+010</IKRotLimits>
                    <IKRotLimitOrder>0</IKRotLimitOrder>
                    <KeyFrames count="65">
                        <i>1 0 0 0 0.999048 -0.0436194 0 0.0436194 0.999048 0 2.57408 1.83438</i>
                        <i>1 0 0 0 0.974899 0.222648 0 -0.222648 0.974899 0 2.13504 1.73149</i>
                        <i>1 0 0 0 0.997001 -0.0773909 0 0.0773909 0.997001 0 3.49879 1.2897</i>
                        <i>1 0 0 0 0.961415 -0.275103 0 0.275103 0.961415 0 3.63723 1.13332</i>
                        <i>1 0 0 0 0.895712 -0.444635 0 0.444635 0.895712 0 3.71671 0.984094</i>
                        <i>1 0 0 0 0.833519 -0.55249 0 0.55249 0.833519 0 3.74539 0.848661</i>
                        <i>1 0 0 0 0.808272 -0.588809 0 0.588809 0.808272 0 3.7313 0.733666</i>
                        <i>1 0 0 0 0.815593 -0.578626 0 0.578626 0.815593 0 3.68233 0.64577</i>
                        <i>1 0 0 0 0.836988 -0.547221 0 0.547221 0.836988 0 3.60627 0.591634</i>
                        <i>1 0 0 0 0.861127 -0.50839 0 0.50839 0.861127 0 3.51097 0.579761</i>
                        <i>1 0 0 0 0.887459 -0.460886 0 0.460886 0.887459 0 3.3227 0.606426</i>
                        <i>1 0 0 0 0.913518 -0.406799 0 0.406799 0.913518 0 3.01879 0.663411</i>
                        <i>1 0 0 0 0.937327 -0.348451 0 0.348451 0.937327 0 2.6833 0.745928</i>
                        <i>1 0 0 0 0.957483 -0.288489 0 0.288489 0.957483 0 2.40007 0.849196</i>
                        <i>1 0 0 0 0.973236 -0.229809 0 0.229809 0.973236 0 2.2528 0.96845</i>
                        <i>1 0 0 0 0.984443 -0.175704 0 0.175704 0.984443 0 2.2293 1.09407</i>
                        <i>1 0 0 0 0.991482 -0.130246 0 0.130246 0.991482 0 2.25348 1.20833</i>
                        <i>1 0 0 0 0.995608 -0.0936152 0 0.0936152 0.995608 0 2.31396 1.31737</i>
                        <i>1 0 0 0 0.998007 -0.0631019 0 0.0631019 0.998007 0 2.39923 1.43413</i>
                        <i>1 0 0 0 0.999259 -0.0384909 0 0.0384909 0.999259 0 2.49718 1.55181</i>
                        <i>1 0 0 0 0.999809 -0.0195294 0 0.0195294 0.999809 0 2.59572 1.66359</i>
                        <i>1 0 0 0 0.999982 -0.00594368 0 0.00594368 0.999982 0 2.68276 1.76262</i>
                        <i>1 0 0 0 0.999997 0.00255177 0 -0.00255177 0.999997 0 2.74621 1.84204</i>
                        <i>1 0 0 0 0.999981 0.00624687 0 -0.00624687 0.999981 0 2.77399 1.89499</i>
                        <i>1 0 0 0 0.99998 0.00628706 0 -0.00628706 0.99998 0 2.77038 1.92351</i>
                        <i>1 0 0 0 0.999995 0.0030855 0 -0.0030855 0.999995 0 2.75009 1.93605</i>
                        <i>1 0 0 0 0.999993 -0.00377168 0 0.00377168 0.999993 0 2.71672 1.93543</i>
                        <i>1 0 0 0 0.999908 -0.0135408 0 0.0135408 0.999908 0 2.67385 1.92444</i>
                        <i>1 0 0 0 0.999675 -0.0254772 0 0.0254772 0.999675 0 2.62506 1.90588</i>
                        <i>1 0 0 0 0.999246 -0.0388348 0 0.0388348 0.999246 0 2.57394 1.88255</i>
                        <i>1 0 0 0 0.998602 -0.0528673 0 0.0528673 0.998602 0 2.52407 1.85725</i>
                        <i>1 0 0 0 0.997764 -0.066829 0 0.066829 0.997764 0 2.47904 1.83273</i>
                        <i>1 0 0 0 0.996797 -0.0799765 0 0.0799765 0.996797 0 2.44244 1.81179</i>
                        <i>1 0 0 0 0.995799 -0.0915697 0 0.0915697 0.995799 0 2.41784 1.7972</i>
                        <i>1 0 0 0 0.994899 -0.100872 0 0.100872 0.994899 0 2.40885 1.79171</i>
                        <i>1 0 0 0 0.99418 -0.107733 0 0.107733 0.99418 0 2.41115 1.7925</i>
                        <i>1 0 0 0 0.993684 -0.112217 0 0.112217 0.993684 0 2.41765 1.79472</i>
                        <i>1 0 0 0 0.993491 -0.113914 0 0.113914 0.993491 0 2.4277 1.79814</i>
                        <i>1 0 0 0 0.993561 -0.113302 0 0.113302 0.993561 0 2.44067 1.80255</i>
                        <i>1 0 0 0 0.993791 -0.111262 0 0.111262 0.993791 0 2.45594 1.80772</i>
                        <i>1 0 0 0 0.994152 -0.107986 0 0.107986 0.994152 0 2.47286 1.81345</i>
                        <i>1 0 0 0 0.994612 -0.103665 0 0.103665 0.994612 0 2.49081 1.8195</i>
                        <i>1 0 0 0 0.995138 -0.0984917 0 0.0984917 0.995138 0 2.50916 1.82565</i>
                        <i>1 0 0 0 0.995698 -0.0926572 0 0.0926572 0.995698 0 2.52726 1.83169</i>
                        <i>1 0 0 0 0.996265 -0.0863541 0 0.0863541 0.996265 0 2.54449 1.8374</i>
                        <i>1 0 0 0 0.996813 -0.0797751 0 0.0797751 0.996813 0 2.56022 1.84254</i>
                        <i>1 0 0 0 0.997324 -0.0731135 0 0.0731135 0.997324 0 2.57381 1.8469</i>
                        <i>1 0 0 0 0.997782 -0.066563 0 0.066563 0.997782 0 2.58463 1.85024</i>
                        <i>1 0 0 0 0.998179 -0.0603176 0 0.0603176 0.998179 0 2.59205 1.85236</i>
                        <i>1 0 0 0 0.998516 -0.0544553 0 0.0544553 0.998516 0 2.5967 1.85342</i>
                        <i>1 0 0 0 0.998798 -0.0490063 0 0.0490063 0.998798 0 2.59978 1.85379</i>
                        <i>1 0 0 0 0.999027 -0.0440942 0 0.0440942 0.999027 0 2.60145 1.85355</i>
                        <i>1 0 0 0 0.999206 -0.0398422 0 0.0398422 0.999206 0 2.60188 1.85279</i>
                        <i>1 0 0 0 0.999201 -0.0399701 0 0.0399701 0.999201 0 2.60125 1.8516</i>
                        <i>1 0 0 0 0.999192 -0.0401805 0 0.0401805 0.999192 0 2.59973 1.85007</i>
                        <i>1 0 0 0 0.999181 -0.0404589 0 0.0404589 0.999181 0 2.5975 1.84827</i>
                        <i>1 0 0 0 0.999168 -0.0407907 0 0.0407907 0.999168 0 2.59473 1.84629</i>
                        <i>1 0 0 0 0.999153 -0.0411613 0 0.0411613 0.999153 0 2.5916 1.84422</i>
                        <i>1 0 0 0 0.999136 -0.0415561 0 0.0415561 0.999136 0 2.58828 1.84215</i>
                        <i>1 0 0 0 0.999119 -0.0419607 0 0.0419607 0.999119 0 2.58494 1.84016</i>
                        <i>1 0 0 0 0.999102 -0.0423604 0 0.0423604 0.999102 0 2.58176 1.83833</i>
                        <i>1 0 0 0 0.999086 -0.0427407 0 0.0427407 0.999086 0 2.5789 1.83675</i>
                        <i>1 0 0 0 0.999071 -0.043087 0 0.043087 0.999071 0 2.57656 1.83551</i>
                        <i>1 0 0 0 0.999058 -0.0433847 0 0.0433847 0.999058 0 2.57489 1.83469</i>
                        <i>1 0 0 0 0.999048 -0.0436194 0 0.0436194 0.999048 0 2.57408 1.83438</i>
                    </KeyFrames>
                </p>
            </i>
            <i>
                <p>
                    <Name><![CDATA[barrel]]></Name>
                    <Exclude>0</Exclude>
                    <Additive>1</Additive>
                    <IKPriority>0</IKPriority>
                    <IKRotLimits>-1e+010 -1e+010 -1e+010 1e+010 1e+010 1e+010</IKRotLimits>
                    <IKRotLimitOrder>0</IKRotLimitOrder>
                    <KeyFrames count="65">
                        <i>1 0 0 0 0.999048 -0.0436194 0 0.0436194 0.999048 0 3.71354 1.8835</i>
                        <i>1 0 0 0 0.778382 0.177767 0 -0.155986 0.68301 0 3.14341 1.12679</i>
                        <i>1 0 0 0 0.675445 -0.0524305 0 0.040317 0.51939 0 4.03085 -0.210296</i>
                        <i>1 0 0 0 0.647657 -0.185323 0 0.141752 0.495387 0 3.77188 -0.574149</i>
                        <i>1 0 0 0 0.599468 -0.297578 0 0.22621 0.455697 0 3.53619 -0.723451</i>
                        <i>1 0 0 0 0.56259 -0.372907 0 0.285753 0.431104 0 3.44663 -0.74838</i>
                        <i>1 0 0 0 0.566896 -0.412971 0 0.327635 0.449753 0 3.5359 -0.720419</i>
                        <i>1 0 0 0 0.628582 -0.445951 0 0.381562 0.537824 0 3.83893 -0.557816</i>
                        <i>1 0 0 0 0.728884 -0.476542 0 0.442241 0.67642 0 4.27147 -0.225872</i>
                        <i>1 0 0 0 0.827455 -0.488511 0 0.478864 0.811113 0 4.6272 0.165863</i>
                        <i>1 0 0 0 0.887459 -0.460886 0 0.460886 0.887459 0 4.66778 0.462174</i>
                        <i>1 0 0 0 0.913518 -0.406799 0 0.406799 0.913518 0 4.412 0.647486</i>
                        <i>1 0 0 0 0.937327 -0.348451 0 0.348451 0.937327 0 4.08474 0.830626</i>
                        <i>1 0 0 0 0.957483 -0.288489 0 0.288489 0.957483 0 3.78071 1.00378</i>
                        <i>1 0 0 0 0.973236 -0.229809 0 0.229809 0.973236 0 3.59442 1.16114</i>
                        <i>1 0 0 0 0.984443 -0.175704 0 0.175704 0.984443 0 3.52339 1.29399</i>
                        <i>1 0 0 0 0.991482 -0.130246 0 0.130246 0.991482 0 3.49937 1.38675</i>
                        <i>1 0 0 0 0.995608 -0.0936152 0 0.0936152 0.995608 0 3.51555 1.45419</i>
                        <i>1 0 0 0 0.998007 -0.0631019 0 0.0631019 0.998007 0 3.56279 1.5215</i>
                        <i>1 0 0 0 0.999259 -0.0384909 0 0.0384909 0.999259 0 3.63071 1.59098</i>
                        <i>1 0 0 0 0.999809 -0.0195294 0 0.0195294 0.999809 0 3.70831 1.6649</i>
                        <i>1 0 0 0 0.999982 -0.00594368 0 0.00594368 0.999982 0 3.78438 1.74535</i>
                        <i>1 0 0 0 0.999997 0.00255177 0 -0.00255177 0.999997 0 3.84548 1.82626</i>
                        <i>1 0 0 0 0.999981 0.00624687 0 -0.00624687 0.999981 0 3.87626 1.89281</i>
                        <i>1 0 0 0 0.99998 0.00628706 0 -0.00628706 0.99998 0 3.87949 1.94357</i>
                        <i>1 0 0 0 0.999995 0.0030855 0 -0.0030855 0.999995 0 3.86864 1.98263</i>
                        <i>1 0 0 0 0.999993 -0.00377168 0 0.00377168 0.999993 0 3.84614 2.00746</i>
                        <i>1 0 0 0 0.999908 -0.0135408 0 0.0135408 0.999908 0 3.81429 2.01682</i>
                        <i>1 0 0 0 0.999675 -0.0254772 0 0.0254772 0.999675 0 3.77509 2.00958</i>
                        <i>1 0 0 0 0.999246 -0.0388348 0 0.0388348 0.999246 0 3.73021 1.9847</i>
                        <i>1 0 0 0 0.998602 -0.0528673 0 0.0528673 0.998602 0 3.68307 1.94689</i>
                        <i>1 0 0 0 0.997764 -0.066829 0 0.066829 0.997764 0 3.63864 1.90479</i>
                        <i>1 0 0 0 0.996797 -0.0799765 0 0.0799765 0.996797 0 3.60075 1.8633</i>
                        <i>1 0 0 0 0.995799 -0.0915697 0 0.0915697 0.995799 0 3.57334 1.82725</i>
                        <i>1 0 0 0 0.994899 -0.100872 0 0.100872 0.994899 0 3.56049 1.80149</i>
                        <i>1 0 0 0 0.99418 -0.107733 0 0.107733 0.99418 0 3.55852 1.78449</i>
                        <i>1 0 0 0 0.993684 -0.112217 0 0.112217 0.993684 0 3.56095 1.77248</i>
                        <i>1 0 0 0 0.993491 -0.113914 0 0.113914 0.993491 0 3.56779 1.76684</i>
                        <i>1 0 0 0 0.993561 -0.113302 0 0.113302 0.993561 0 3.58078 1.77195</i>
                        <i>1 0 0 0 0.993791 -0.111262 0 0.111262 0.993791 0 3.59611 1.77947</i>
                        <i>1 0 0 0 0.994152 -0.107986 0 0.107986 0.994152 0 3.61312 1.78895</i>
                        <i>1 0 0 0 0.994612 -0.103665 0 0.103665 0.994612 0 3.63117 1.79995</i>
                        <i>1 0 0 0 0.995138 -0.0984917 0 0.0984917 0.995138 0 3.64959 1.81204</i>
                        <i>1 0 0 0 0.995698 -0.0926572 0 0.0926572 0.995698 0 3.66776 1.82476</i>
                        <i>1 0 0 0 0.996265 -0.0863541 0 0.0863541 0.996265 0 3.68501 1.83768</i>
                        <i>1 0 0 0 0.996813 -0.0797751 0 0.0797751 0.996813 0 3.70071 1.85036</i>
                        <i>1 0 0 0 0.997324 -0.0731135 0 0.0731135 0.997324 0 3.71422 1.86233</i>
                        <i>1 0 0 0 0.997782 -0.066563 0 0.066563 0.997782 0 3.72492 1.87317</i>
                        <i>1 0 0 0 0.998179 -0.0603176 0 0.0603176 0.998179 0 3.73217 1.88242</i>
                        <i>1 0 0 0 0.998516 -0.0544553 0 0.0544553 0.998516 0 3.73663 1.89017</i>
                        <i>1 0 0 0 0.998798 -0.0490063 0 0.0490063 0.998798 0 3.73949 1.89676</i>
                        <i>1 0 0 0 0.999027 -0.0440942 0 0.0440942 0.999027 0 3.74093 1.90213</i>
                        <i>1 0 0 0 0.999206 -0.0398422 0 0.0398422 0.999206 0 3.74114 1.90622</i>
                        <i>1 0 0 0 0.999201 -0.0399701 0 0.0399701 0.999201 0 3.74052 1.90488</i>
                        <i>1 0 0 0 0.999192 -0.0401805 0 0.0401805 0.999192 0 3.73902 1.90311</i>
                        <i>1 0 0 0 0.999181 -0.0404589 0 0.0404589 0.999181 0 3.7368 1.90099</i>
                        <i>1 0 0 0 0.999168 -0.0407907 0 0.0407907 0.999168 0 3.73405 1.89864</i>
                        <i>1 0 0 0 0.999153 -0.0411613 0 0.0411613 0.999153 0 3.73094 1.89615</i>
                        <i>1 0 0 0 0.999136 -0.0415561 0 0.0415561 0.999136 0 3.72764 1.89362</i>
                        <i>1 0 0 0 0.999119 -0.0419607 0 0.0419607 0.999119 0 3.72432 1.89117</i>
                        <i>1 0 0 0 0.999102 -0.0423604 0 0.0423604 0.999102 0 3.72115 1.88889</i>
                        <i>1 0 0 0 0.999086 -0.0427407 0 0.0427407 0.999086 0 3.71832 1.88688</i>
                        <i>1 0 0 0 0.999071 -0.043087 0 0.043087 0.999071 0 3.71599 1.88524</i>
                        <i>1 0 0 0 0.999058 -0.0433847 0 0.0433847 0.999058 0 3.71434 1.88408</i>
                        <i>1 0 0 0 0.999048 -0.0436194 0 0.0436194 0.999048 0 3.71354 1.8835</i>
                    </KeyFrames>
                </p>
            </i>
            <i>
                <p>
                    <Name><![CDATA[hatch]]></Name>
                    <Exclude>0</Exclude>
                    <Additive>1</Additive>
                    <IKPriority>0</IKPriority>
                    <IKRotLimits>-1e+010 -1e+010 -1e+010 1e+010 1e+010 1e+010</IKRotLimits>
                    <IKRotLimitOrder>0</IKRotLimitOrder>
                    <KeyFrames count="65">
                        <i>1 0 0 0 0.0550524 0.998483 0 -0.998483 0.0550524 0 2.72976 0.766592</i>
                        <i>1 0 0 0 0.810109 0.58628 0 -0.58628 0.810109 0 2.56808 0.743115</i>
                        <i>1 0 0 0 0.904233 -0.427041 0 0.427041 0.904233 0 3.61827 0.217254</i>
                        <i>1 0 0 0 0.745728 -0.666251 0 0.666251 0.745728 0 3.53994 0.0586349</i>
                        <i>1 0 0 0 0.657325 -0.753608 0 0.753608 0.657325 0 3.42644 -0.0552096</i>
                        <i>1 0 0 0 0.672396 -0.740192 0 0.740192 0.672396 0 3.32823 -0.146519</i>
                        <i>1 0 0 0 0.762807 -0.646627 0 0.646627 0.762807 0 3.27053 -0.242093</i>
                        <i>1 0 0 0 0.85571 -0.517455 0 0.517455 0.85571 0 3.23384 -0.335691</i>
                        <i>1 0 0 0 0.902951 -0.429743 0 0.429743 0.902951 0 3.1954 -0.406158</i>
                        <i>1 0 0 0 0.913852 -0.406047 0 0.406047 0.913852 0 3.14613 -0.435769</i>
                        <i>1 0 0 0 0.91473 -0.404065 0 0.404065 0.91473 0 3.01354 -0.427415</i>
                        <i>1 0 0 0 0.908793 -0.417248 0 0.417248 0.908793 0 2.77223 -0.387119</i>
                        <i>1 0 0 0 0.898662 -0.438642 0 0.438642 0.898662 0 2.5034 -0.318047</i>
                        <i>1 0 0 0 0.887201 -0.461383 0 0.461383 0.887201 0 2.2878 -0.224025</i>
                        <i>1 0 0 0 0.87787 -0.478899 0 0.478899 0.87787 0 2.20591 -0.109608</i>
                        <i>1 0 0 0 0.87446 -0.485097 0 0.485097 0.87446 0 2.24203 0.0150689</i>
                        <i>1 0 0 0 0.88027 -0.474474 0 0.474474 0.88027 0 2.31581 0.13105</i>
                        <i>1 0 0 0 0.896164 -0.443724 0 0.443724 0.896164 0 2.41596 0.243124</i>
                        <i>1 0 0 0 0.9179 -0.396812 0 0.396812 0.9179 0 2.53405 0.36351</i>
                        <i>1 0 0 0 0.940719 -0.339188 0 0.339188 0.940719 0 2.65834 0.484839</i>
                        <i>1 0 0 0 0.96089 -0.276931 0 0.276931 0.96089 0 2.77709 0.599867</i>
                        <i>1 0 0 0 0.976225 -0.216757 0 0.216757 0.976225 0 2.87857 0.70146</i>
                        <i>1 0 0 0 0.986164 -0.165774 0 0.165774 0.986164 0 2.95103 0.782583</i>
                        <i>1 0 0 0 0.991358 -0.131188 0 0.131188 0.991358 0 2.98273 0.836298</i>
                        <i>1 0 0 0 0.992866 -0.119236 0 0.119236 0.992866 0 2.97915 0.864821</i>
                        <i>1 0 0 0 0.9913 -0.131619 0 0.131619 0.9913 0 2.95548 0.876701</i>
                        <i>1 0 0 0 0.98666 -0.162793 0 0.162793 0.98666 0 2.91484 0.874692</i>
                        <i>1 0 0 0 0.978329 -0.207057 0 0.207057 0.978329 0 2.86159 0.861816</i>
                        <i>1 0 0 0 0.965971 -0.258651 0 0.258651 0.965971 0 2.8001 0.841095</i>
                        <i>1 0 0 0 0.950115 -0.311899 0 0.311899 0.950115 0 2.73474 0.815525</i>
                        <i>1 0 0 0 0.932417 -0.361383 0 0.361383 0.932417 0 2.66986 0.788062</i>
                        <i>1 0 0 0 0.915602 -0.402086 0 0.402086 0.915602 0 2.60987 0.761616</i>
                        <i>1 0 0 0 0.903122 -0.429384 0 0.429384 0.903122 0 2.55913 0.739045</i>
                        <i>1 0 0 0 0.896039 -0.443975 0 0.443975 0.896039 0 2.52205 0.723163</i>
                        <i>1 0 0 0 0.892965 -0.450127 0 0.450127 0.892965 0 2.50301 0.716754</i>
                        <i>1 0 0 0 0.893435 -0.449192 0 0.449192 0.893435 0 2.4979 0.716917</i>
                        <i>1 0 0 0 0.896706 -0.442626 0 0.442626 0.896706 0 2.49954 0.718751</i>
                        <i>1 0 0 0 0.902155 -0.431412 0 0.431412 0.902155 0 2.50775 0.722034</i>
                        <i>1 0 0 0 0.908752 -0.417337 0 0.417337 0.908752 0 2.52139 0.726492</i>
                        <i>1 0 0 0 0.915378 -0.402596 0 0.402596 0.915378 0 2.53886 0.731836</i>
                        <i>1 0 0 0 0.921318 -0.38881 0 0.38881 0.921318 0 2.55933 0.737839</i>
                        <i>1 0 0 0 0.925952 -0.377642 0 0.377642 0.925952 0 2.58196 0.744276</i>
                        <i>1 0 0 0 0.928722 -0.370776 0 0.370776 0.928722 0 2.60589 0.75092</i>
                        <i>1 0 0 0 0.929761 -0.368163 0 0.368163 0.929761 0 2.63029 0.757546</i>
                        <i>1 0 0 0 0.929702 -0.368313 0 0.368313 0.929702 0 2.65432 0.763922</i>
                        <i>1 0 0 0 0.928735 -0.370745 0 0.370745 0.928735 0 2.67713 0.769812</i>
                        <i>1 0 0 0 0.927035 -0.374974 0 0.374974 0.927035 0 2.69788 0.774975</i>
                        <i>1 0 0 0 0.924776 -0.380511 0 0.380511 0.924776 0 2.71574 0.779163</i>
                        <i>1 0 0 0 0.922134 -0.38687 0 0.38687 0.922134 0 2.72986 0.782123</i>
                        <i>1 0 0 0 0.919341 -0.393461 0 0.393461 0.919341 0 2.7408 0.784006</i>
                        <i>1 0 0 0 0.916664 -0.399658 0 0.399658 0.916664 0 2.74971 0.785175</i>
                        <i>1 0 0 0 0.91435 -0.404925 0 0.404925 0.91435 0 2.75662 0.785688</i>
                        <i>1 0 0 0 0.912654 -0.408734 0 0.408734 0.912654 0 2.7616 0.785602</i>
                        <i>1 0 0 0 0.910352 -0.413834 0 0.413834 0.910352 0 2.76083 0.784392</i>
                        <i>1 0 0 0 0.909127 -0.416518 0 0.416518 0.909127 0 2.75909 0.782821</i>
                        <i>1 0 0 0 0.908633 -0.417595 0 0.417595 0.908633 0 2.75657 0.780978</i>
                        <i>1 0 0 0 0.908761 -0.417318 0 0.417318 0.908761 0 2.75344 0.778949</i>
                        <i>1 0 0 0 0.909394 -0.415935 0 0.415935 0.909394 0 2.74992 0.776823</i>
                        <i>1 0 0 0 0.910415 -0.413695 0 0.413695 0.910415 0 2.74617 0.774688</i>
                        <i>1 0 0 0 0.911705 -0.410846 0 0.410846 0.911705 0 2.7424 0.772632</i>
                        <i>1 0 0 0 0.913144 -0.407636 0 0.407636 0.913144 0 2.73879 0.770741</i>
                        <i>1 0 0 0 0.91462 -0.404316 0 0.404316 0.91462 0 2.73553 0.769104</i>
                        <i>1 0 0 0 0.916019 -0.401135 0 0.401135 0.916019 0 2.73281 0.767809</i>
                        <i>1 0 0 0 0.917235 -0.398347 0 0.398347 0.917235 0 2.73083 0.766942</i>
                        <i>1 0 0 0 0.918161 -0.396207 0 0.396207 0.918161 0 2.72976 0.766592</i>
                    </KeyFrames>
                </p>
            </i>
            <i>
                <p>
                    <Name><![CDATA[braces]]></Name>
                    <Exclude>0</Exclude>
                    <Additive>1</Additive>
                    <IKPriority>0</IKPriority>
                    <IKRotLimits>-1e+010 -1e+010 -1e+010 1e+010 1e+010 1e+010</IKRotLimits>
                    <IKRotLimitOrder>0</IKRotLimitOrder>
                    <KeyFrames count="65">
                        <i>1 0 0 0 1 0 0 0 1 0 2.29212 0.659661</i>
                        <i>1 0 0 0 0.997613 0.0690482 0 -0.0690482 0.997613 0 1.84655 0.522318</i>
                        <i>1 0 0 0 0.978043 -0.208404 0 0.208404 0.978043 0 3.18522 0.360643</i>
                        <i>1 0 0 0 0.970867 -0.239618 0 0.239618 0.970867 0 3.32347 0.280569</i>
                        <i>1 0 0 0 0.965794 -0.259309 0 0.259309 0.965794 0 3.40414 0.201141</i>
                        <i>1 0 0 0 0.963142 -0.268995 0 0.268995 0.963142 0 3.43463 0.124335</i>
                        <i>1 0 0 0 0.962831 -0.270105 0 0.270105 0.962831 0 3.42231 0.0521436</i>
                        <i>1 0 0 0 0.964523 -0.264 0 0.264 0.964523 0 3.37457 -0.0134347</i>
                        <i>1 0 0 0 0.967727 -0.252001 0 0.252001 0.967727 0 3.29879 -0.0704013</i>
                        <i>1 0 0 0 0.971895 -0.235415 0 0.235415 0.971895 0 3.20235 -0.116759</i>
                        <i>1 0 0 0 0.983524 -0.180779 0 0.180779 0.983524 0 3.01153 -0.152827</i>
                        <i>1 0 0 0 0.995845 -0.0910608 0 0.0910608 0.995845 0 2.70429 -0.176789</i>
                        <i>1 0 0 0 0.999701 -0.0244511 0 0.0244511 0.999701 0 2.36559 -0.183444</i>
                        <i>1 0 0 0 0.999978 0.00669715 0 -0.00669715 0.999978 0 2.08035 -0.167592</i>
                        <i>1 0 0 0 0.99954 0.0303368 0 -0.0303368 0.99954 0 1.93354 -0.124014</i>
                        <i>1 0 0 0 0.99888 0.0473172 0 -0.0473172 0.99888 0 1.91385 -0.0522466</i>
                        <i>1 0 0 0 0.998331 0.0577574 0 -0.0577574 0.998331 0 1.94489 0.0403216</i>
                        <i>1 0 0 0 0.998097 0.0616702 0 -0.0616702 0.998097 0 2.01392 0.147141</i>
                        <i>1 0 0 0 0.998408 0.0564038 0 -0.0564038 0.998408 0 2.1082 0.261626</i>
                        <i>1 0 0 0 0.999134 0.0416064 0 -0.0416064 0.999134 0 2.215 0.377147</i>
                        <i>1 0 0 0 0.999785 0.0207403 0 -0.0207403 0.999785 0 2.32156 0.487028</i>
                        <i>1 0 0 0 0.999996 -0.00271767 0 0.00271767 0.999996 0 2.41515 0.584553</i>
                        <i>1 0 0 0 0.99968 -0.0252791 0 0.0252791 0.99968 0 2.48301 0.662982</i>
                        <i>1 0 0 0 0.999055 -0.0434583 0 0.0434583 0.999055 0 2.5124 0.715574</i>
                        <i>1 0 0 0 0.998598 -0.0529311 0 0.0529311 0.998598 0 2.50796 0.744271</i>
                        <i>1 0 0 0 0.998563 -0.0535953 0 0.0535953 0.998563 0 2.48542 0.757319</i>
                        <i>1 0 0 0 0.998775 -0.0494828 0 0.0494828 0.998775 0 2.44868 0.757456</i>
                        <i>1 0 0 0 0.999133 -0.0416409 0 0.0416409 0.999133 0 2.40164 0.747421</i>
                        <i>1 0 0 0 0.999516 -0.0311168 0 0.0311168 0.999516 0 2.34821 0.729949</i>
                        <i>1 0 0 0 0.99982 -0.0189596 0 0.0189596 0.99982 0 2.29229 0.707763</i>
                        <i>1 0 0 0 0.999981 -0.00622052 0 0.00622052 0.999981 0 2.23779 0.683574</i>
                        <i>1 0 0 0 0.999982 0.00604752 0 -0.00604752 0.999982 0 2.1886 0.660083</i>
                        <i>1 0 0 0 0.999859 0.0167919 0 -0.0167919 0.999859 0 2.14864 0.639979</i>
                        <i>1 0 0 0 0.999688 0.0249611 0 -0.0249611 0.999688 0 2.1218 0.625948</i>
                        <i>1 0 0 0 0.999565 0.0295053 0 -0.0295053 0.999565 0 2.11199 0.620673</i>
                        <i>1 0 0 0 0.999551 0.0299702 0 -0.0299702 0.999551 0 2.11454 0.6214</i>
