<?xml version="1.0" encoding="ISO-8859-1" ?>
<Animl Version="1">
    <ModellingPackage><![CDATA[Maya.2010]]></ModellingPackage>
    <SrcFile><![CDATA[anims\turrets\artillery\red\~src\artillery_2a36\artillery_2a36_idle_ai.mb]]></SrcFile>
    <FramesPerSecond>30</FramesPerSecond>
    <TotalFrames>97</TotalFrames>
    <Skeleton>
        <RefFrame>
            <Name><![CDATA[artillery_2a36_ref_frame]]></Name>
            <Exclude>0</Exclude>
            <Additive>0</Additive>
            <IKPriority>0</IKPriority>
            <IKRotLimits>-1e+010 -1e+010 -1e+010 1e+010 1e+010 1e+010</IKRotLimits>
            <IKRotLimitOrder>0</IKRotLimitOrder>
            <KeyFrames count="97">
                <i>1 0 0 0 1 0 0 0 1 0 1.3 3.22</i>
                <i>1 0 0 0 1 0 0 0 1 0 1.3 3.22</i>
                <i>1 0 0 0 1 0 0 0 1 0 1.3 3.22</i>
                <i>1 0 0 0 1 0 0 0 1 0 1.3 3.22</i>
                <i>1 0 0 0 1 0 0 0 1 0 1.3 3.22</i>
                <i>1 0 0 0 1 0 0 0 1 0 1.3 3.22</i>
                <i>1 0 0 0 1 0 0 0 1 0 1.3 3.22</i>
                <i>1 0 0 0 1 0 0 0 1 0 1.3 3.22</i>
                <i>1 0 0 0 1 0 0 0 1 0 1.3 3.22</i>
                <i>1 0 0 0 1 0 0 0 1 0 1.3 3.22</i>
                <i>1 0 0 0 1 0 0 0 1 0 1.3 3.22</i>
                <i>1 0 0 0 1 0 0 0 1 0 1.3 3.22</i>
                <i>1 0 0 0 1 0 0 0 1 0 1.3 3.22</i>
                <i>1 0 0 0 1 0 0 0 1 0 1.3 3.22</i>
                <i>1 0 0 0 1 0 0 0 1 0 1.3 3.22</i>
                <i>1 0 0 0 1 0 0 0 1 0 1.3 3.22</i>
                <i>1 0 0 0 1 0 0 0 1 0 1.3 3.22</i>
                <i>1 0 0 0 1 0 0 0 1 0 1.3 3.22</i>
                <i>1 0 0 0 1 0 0 0 1 0 1.3 3.22</i>
                <i>1 0 0 0 1 0 0 0 1 0 1.3 3.22</i>
                <i>1 0 0 0 1 0 0 0 1 0 1.3 3.22</i>
                <i>1 0 0 0 1 0 0 0 1 0 1.3 3.22</i>
                <i>1 0 0 0 1 0 0 0 1 0 1.3 3.22</i>
                <i>1 0 0 0 1 0 0 0 1 0 1.3 3.22</i>
                <i>1 0 0 0 1 0 0 0 1 0 1.3 3.22</i>
                <i>1 0 0 0 1 0 0 0 1 0 1.3 3.22</i>
                <i>1 0 0 0 1 0 0 0 1 0 1.3 3.22</i>
                <i>1 0 0 0 1 0 0 0 1 0 1.3 3.22</i>
                <i>1 0 0 0 1 0 0 0 1 0 1.3 3.22</i>
                <i>1 0 0 0 1 0 0 0 1 0 1.3 3.22</i>
                <i>1 0 0 0 1 0 0 0 1 0 1.3 3.22</i>
                <i>1 0 0 0 1 0 0 0 1 0 1.3 3.22</i>
                <i>1 0 0 0 1 0 0 0 1 0 1.3 3.22</i>
                <i>1 0 0 0 1 0 0 0 1 0 1.3 3.22</i>
                <i>1 0 0 0 1 0 0 0 1 0 1.3 3.22</i>
                <i>1 0 0 0 1 0 0 0 1 0 1.3 3.22</i>
                <i>1 0 0 0 1 0 0 0 1 0 1.3 3.22</i>
                <i>1 0 0 0 1 0 0 0 1 0 1.3 3.22</i>
                <i>1 0 0 0 1 0 0 0 1 0 1.3 3.22</i>
                <i>1 0 0 0 1 0 0 0 1 0 1.3 3.22</i>
                <i>1 0 0 0 1 0 0 0 1 0 1.3 3.22</i>
                <i>1 0 0 0 1 0 0 0 1 0 1.3 3.22</i>
                <i>1 0 0 0 1 0 0 0 1 0 1.3 3.22</i>
                <i>1 0 0 0 1 0 0 0 1 0 1.3 3.22</i>
                <i>1 0 0 0 1 0 0 0 1 0 1.3 3.22</i>
                <i>1 0 0 0 1 0 0 0 1 0 1.3 3.22</i>
                <i>1 0 0 0 1 0 0 0 1 0 1.3 3.22</i>
                <i>1 0 0 0 1 0 0 0 1 0 1.3 3.22</i>
                <i>1 0 0 0 1 0 0 0 1 0 1.3 3.22</i>
                <i>1 0 0 0 1 0 0 0 1 0 1.3 3.22</i>
                <i>1 0 0 0 1 0 0 0 1 0 1.3 3.22</i>
                <i>1 0 0 0 1 0 0 0 1 0 1.3 3.22</i>
                <i>1 0 0 0 1 0 0 0 1 0 1.3 3.22</i>
                <i>1 0 0 0 1 0 0 0 1 0 1.3 3.22</i>
                <i>1 0 0 0 1 0 0 0 1 0 1.3 3.22</i>
                <i>1 0 0 0 1 0 0 0 1 0 1.3 3.22</i>
                <i>1 0 0 0 1 0 0 0 1 0 1.3 3.22</i>
                <i>1 0 0 0 1 0 0 0 1 0 1.3 3.22</i>
                <i>1 0 0 0 1 0 0 0 1 0 1.3 3.22</i>
                <i>1 0 0 0 1 0 0 0 1 0 1.3 3.22</i>
                <i>1 0 0 0 1 0 0 0 1 0 1.3 3.22</i>
                <i>1 0 0 0 1 0 0 0 1 0 1.3 3.22</i>
                <i>1 0 0 0 1 0 0 0 1 0 1.3 3.22</i>
                <i>1 0 0 0 1 0 0 0 1 0 1.3 3.22</i>
                <i>1 0 0 0 1 0 0 0 1 0 1.3 3.22</i>
                <i>1 0 0 0 1 0 0 0 1 0 1.3 3.22</i>
                <i>1 0 0 0 1 0 0 0 1 0 1.3 3.22</i>
                <i>1 0 0 0 1 0 0 0 1 0 1.3 3.22</i>
                <i>1 0 0 0 1 0 0 0 1 0 1.3 3.22</i>
                <i>1 0 0 0 1 0 0 0 1 0 1.3 3.22</i>
                <i>1 0 0 0 1 0 0 0 1 0 1.3 3.22</i>
                <i>1 0 0 0 1 0 0 0 1 0 1.3 3.22</i>
                <i>1 0 0 0 1 0 0 0 1 0 1.3 3.22</i>
                <i>1 0 0 0 1 0 0 0 1 0 1.3 3.22</i>
                <i>1 0 0 0 1 0 0 0 1 0 1.3 3.22</i>
                <i>1 0 0 0 1 0 0 0 1 0 1.3 3.22</i>
                <i>1 0 0 0 1 0 0 0 1 0 1.3 3.22</i>
                <i>1 0 0 0 1 0 0 0 1 0 1.3 3.22</i>
                <i>1 0 0 0 1 0 0 0 1 0 1.3 3.22</i>
                <i>1 0 0 0 1 0 0 0 1 0 1.3 3.22</i>
                <i>1 0 0 0 1 0 0 0 1 0 1.3 3.22</i>
                <i>1 0 0 0 1 0 0 0 1 0 1.3 3.22</i>
                <i>1 0 0 0 1 0 0 0 1 0 1.3 3.22</i>
                <i>1 0 0 0 1 0 0 0 1 0 1.3 3.22</i>
                <i>1 0 0 0 1 0 0 0 1 0 1.3 3.22</i>
                <i>1 0 0 0 1 0 0 0 1 0 1.3 3.22</i>
                <i>1 0 0 0 1 0 0 0 1 0 1.3 3.22</i>
                <i>1 0 0 0 1 0 0 0 1 0 1.3 3.22</i>
                <i>1 0 0 0 1 0 0 0 1 0 1.3 3.22</i>
                <i>1 0 0 0 1 0 0 0 1 0 1.3 3.22</i>
                <i>1 0 0 0 1 0 0 0 1 0 1.3 3.22</i>
                <i>1 0 0 0 1 0 0 0 1 0 1.3 3.22</i>
                <i>1 0 0 0 1 0 0 0 1 0 1.3 3.22</i>
                <i>1 0 0 0 1 0 0 0 1 0 1.3 3.22</i>
                <i>1 0 0 0 1 0 0 0 1 0 1.3 3.22</i>
                <i>1 0 0 0 1 0 0 0 1 0 1.3 3.22</i>
                <i>1 0 0 0 1 0 0 0 1 0 1.3 3.22</i>
            </KeyFrames>
        </RefFrame>
        <Bones count="10">
            <i>
                <p>
                    <Name><![CDATA[artillery_2a36_root]]></Name>
                    <Exclude>0</Exclude>
                    <Additive>0</Additive>
                    <IKPriority>0</IKPriority>
                    <IKRotLimits>-1e+010 -1e+010 -1e+010 1e+010 1e+010 1e+010</IKRotLimits>
                    <IKRotLimitOrder>0</IKRotLimitOrder>
                    <KeyFrames count="97">
                        <i>1 0 0 0 1 0 0 0 1 0 1.30614 3.22015</i>
                        <i>1 0 0 0 1 0 0 0 1 0 1.30614 3.22015</i>
                        <i>1 0 0 0 1 0 0 0 1 0 1.30614 3.22015</i>
                        <i>1 0 0 0 1 0 0 0 1 0 1.30614 3.22015</i>
                        <i>1 0 0 0 1 0 0 0 1 0 1.30614 3.22015</i>
                        <i>1 0 0 0 1 0 0 0 1 0 1.30614 3.22015</i>
                        <i>1 0 0 0 1 0 0 0 1 0 1.30614 3.22015</i>
                        <i>1 0 0 0 1 0 0 0 1 0 1.30614 3.22015</i>
                        <i>1 0 0 0 1 0 0 0 1 0 1.30614 3.22015</i>
                        <i>1 0 0 0 1 0 0 0 1 0 1.30614 3.22015</i>
                        <i>1 0 0 0 1 0 0 0 1 0 1.30614 3.22015</i>
                        <i>1 0 0 0 1 0 0 0 1 0 1.30614 3.22015</i>
                        <i>1 0 0 0 1 0 0 0 1 0 1.30614 3.22015</i>
                        <i>1 0 0 0 1 0 0 0 1 0 1.30614 3.22015</i>
                        <i>1 0 0 0 1 0 0 0 1 0 1.30614 3.22015</i>
                        <i>1 0 0 0 1 0 0 0 1 0 1.30614 3.22015</i>
                        <i>1 0 0 0 1 0 0 0 1 0 1.30614 3.22015</i>
                        <i>1 0 0 0 1 0 0 0 1 0 1.30614 3.22015</i>
                        <i>1 0 0 0 1 0 0 0 1 0 1.30614 3.22015</i>
                        <i>1 0 0 0 1 0 0 0 1 0 1.30614 3.22015</i>
                        <i>1 0 0 0 1 0 0 0 1 0 1.30614 3.22015</i>
                        <i>1 0 0 0 1 0 0 0 1 0 1.30614 3.22015</i>
                        <i>1 0 0 0 1 0 0 0 1 0 1.30614 3.22015</i>
                        <i>1 0 0 0 1 0 0 0 1 0 1.30614 3.22015</i>
                        <i>1 0 0 0 1 0 0 0 1 0 1.30614 3.22015</i>
                        <i>1 0 0 0 1 0 0 0 1 0 1.30614 3.22015</i>
                        <i>1 0 0 0 1 0 0 0 1 0 1.30614 3.22015</i>
                        <i>1 0 0 0 1 0 0 0 1 0 1.30614 3.22015</i>
                        <i>1 0 0 0 1 0 0 0 1 0 1.30614 3.22015</i>
                        <i>1 0 0 0 1 0 0 0 1 0 1.30614 3.22015</i>
                        <i>1 0 0 0 1 0 0 0 1 0 1.30614 3.22015</i>
                        <i>1 0 0 0 1 0 0 0 1 0 1.30614 3.22015</i>
                        <i>1 0 0 0 1 0 0 0 1 0 1.30614 3.22015</i>
                        <i>1 0 0 0 1 0 0 0 1 0 1.30614 3.22015</i>
                        <i>1 0 0 0 1 0 0 0 1 0 1.30614 3.22015</i>
                        <i>1 0 0 0 1 0 0 0 1 0 1.30614 3.22015</i>
                        <i>1 0 0 0 1 0 0 0 1 0 1.30614 3.22015</i>
                        <i>1 0 0 0 1 0 0 0 1 0 1.30614 3.22015</i>
                        <i>1 0 0 0 1 0 0 0 1 0 1.30614 3.22015</i>
                        <i>1 0 0 0 1 0 0 0 1 0 1.30614 3.22015</i>
                        <i>1 0 0 0 1 0 0 0 1 0 1.30614 3.22015</i>
                        <i>1 0 0 0 1 0 0 0 1 0 1.30614 3.22015</i>
                        <i>1 0 0 0 1 0 0 0 1 0 1.30614 3.22015</i>
                        <i>1 0 0 0 1 0 0 0 1 0 1.30614 3.22015</i>
                        <i>1 0 0 0 1 0 0 0 1 0 1.30614 3.22015</i>
                        <i>1 0 0 0 1 0 0 0 1 0 1.30614 3.22015</i>
                        <i>1 0 0 0 1 0 0 0 1 0 1.30614 3.22015</i>
                        <i>1 0 0 0 1 0 0 0 1 0 1.30614 3.22015</i>
                        <i>1 0 0 0 1 0 0 0 1 0 1.30614 3.22015</i>
                        <i>1 0 0 0 1 0 0 0 1 0 1.30614 3.22015</i>
                        <i>1 0 0 0 1 0 0 0 1 0 1.30614 3.22015</i>
                        <i>1 0 0 0 1 0 0 0 1 0 1.30614 3.22015</i>
                        <i>1 0 0 0 1 0 0 0 1 0 1.30614 3.22015</i>
                        <i>1 0 0 0 1 0 0 0 1 0 1.30614 3.22015</i>
                        <i>1 0 0 0 1 0 0 0 1 0 1.30614 3.22015</i>
                        <i>1 0 0 0 1 0 0 0 1 0 1.30614 3.22015</i>
                        <i>1 0 0 0 1 0 0 0 1 0 1.30614 3.22015</i>
                        <i>1 0 0 0 1 0 0 0 1 0 1.30614 3.22015</i>
                        <i>1 0 0 0 1 0 0 0 1 0 1.30614 3.22015</i>
                        <i>1 0 0 0 1 0 0 0 1 0 1.30614 3.22015</i>
                        <i>1 0 0 0 1 0 0 0 1 0 1.30614 3.22015</i>
                        <i>1 0 0 0 1 0 0 0 1 0 1.30614 3.22015</i>
                        <i>1 0 0 0 1 0 0 0 1 0 1.30614 3.22015</i>
                        <i>1 0 0 0 1 0 0 0 1 0 1.30614 3.22015</i>
                        <i>1 0 0 0 1 0 0 0 1 0 1.30614 3.22015</i>
                        <i>1 0 0 0 1 0 0 0 1 0 1.30614 3.22015</i>
                        <i>1 0 0 0 1 0 0 0 1 0 1.30614 3.22015</i>
                        <i>1 0 0 0 1 0 0 0 1 0 1.30614 3.22015</i>
                        <i>1 0 0 0 1 0 0 0 1 0 1.30614 3.22015</i>
                        <i>1 0 0 0 1 0 0 0 1 0 1.30614 3.22015</i>
                        <i>1 0 0 0 1 0 0 0 1 0 1.30614 3.22015</i>
                        <i>1 0 0 0 1 0 0 0 1 0 1.30614 3.22015</i>
                        <i>1 0 0 0 1 0 0 0 1 0 1.30614 3.22015</i>
                        <i>1 0 0 0 1 0 0 0 1 0 1.30614 3.22015</i>
                        <i>1 0 0 0 1 0 0 0 1 0 1.30614 3.22015</i>
                        <i>1 0 0 0 1 0 0 0 1 0 1.30614 3.22015</i>
                        <i>1 0 0 0 1 0 0 0 1 0 1.30614 3.22015</i>
                        <i>1 0 0 0 1 0 0 0 1 0 1.30614 3.22015</i>
                        <i>1 0 0 0 1 0 0 0 1 0 1.30614 3.22015</i>
                        <i>1 0 0 0 1 0 0 0 1 0 1.30614 3.22015</i>
                        <i>1 0 0 0 1 0 0 0 1 0 1.30614 3.22015</i>
                        <i>1 0 0 0 1 0 0 0 1 0 1.30614 3.22015</i>
                        <i>1 0 0 0 1 0 0 0 1 0 1.30614 3.22015</i>
                        <i>1 0 0 0 1 0 0 0 1 0 1.30614 3.22015</i>
                        <i>1 0 0 0 1 0 0 0 1 0 1.30614 3.22015</i>
                        <i>1 0 0 0 1 0 0 0 1 0 1.30614 3.22015</i>
                        <i>1 0 0 0 1 0 0 0 1 0 1.30614 3.22015</i>
                        <i>1 0 0 0 1 0 0 0 1 0 1.30614 3.22015</i>
                        <i>1 0 0 0 1 0 0 0 1 0 1.30614 3.22015</i>
                        <i>1 0 0 0 1 0 0 0 1 0 1.30614 3.22015</i>
                        <i>1 0 0 0 1 0 0 0 1 0 1.30614 3.22015</i>
                        <i>1 0 0 0 1 0 0 0 1 0 1.30614 3.22015</i>
                        <i>1 0 0 0 1 0 0 0 1 0 1.30614 3.22015</i>
                        <i>1 0 0 0 1 0 0 0 1 0 1.30614 3.22015</i>
                        <i>1 0 0 0 1 0 0 0 1 0 1.30614 3.22015</i>
                        <i>1 0 0 0 1 0 0 0 1 0 1.30614 3.22015</i>
                        <i>1 0 0 0 1 0 0 0 1 0 1.30614 3.22015</i>
                    </KeyFrames>
                </p>
            </i>
            <i>
                <p>
                    <Name><![CDATA[body]]></Name>
                    <Exclude>0</Exclude>
                    <Additive>0</Additive>
                    <IKPriority>0</IKPriority>
                    <IKRotLimits>-1e+010 -1e+010 -1e+010 1e+010 1e+010 1e+010</IKRotLimits>
                    <IKRotLimitOrder>0</IKRotLimitOrder>
                    <KeyFrames count="97">
                        <i>1 0 0 0 1 0 0 0 1 0 2.41297 3.49249</i>
                        <i>1 0 0 0 1 0 0 0 1 0 2.41297 3.49249</i>
                        <i>1 0 0 0 1 0 0 0 1 0 2.41297 3.49249</i>
                        <i>1 0 0 0 1 0 0 0 1 0 2.41297 3.49249</i>
                        <i>1 0 0 0 1 0 0 0 1 0 2.41297 3.49249</i>
                        <i>1 0 0 0 1 0 0 0 1 0 2.41297 3.49249</i>
                        <i>1 0 0 0 1 0 0 0 1 0 2.41297 3.49249</i>
                        <i>1 0 0 0 1 0 0 0 1 0 2.41297 3.49249</i>
                        <i>1 0 0 0 1 0 0 0 1 0 2.41297 3.49249</i>
                        <i>1 0 0 0 1 0 0 0 1 0 2.41297 3.49249</i>
                        <i>1 0 0 0 1 0 0 0 1 0 2.41297 3.49249</i>
                        <i>1 0 0 0 1 0 0 0 1 0 2.41297 3.49249</i>
                        <i>1 0 0 0 1 0 0 0 1 0 2.41297 3.49249</i>
                        <i>1 0 0 0 1 0 0 0 1 0 2.41297 3.49249</i>
                        <i>1 0 0 0 1 0 0 0 1 0 2.41297 3.49249</i>
                        <i>1 0 0 0 1 0 0 0 1 0 2.41297 3.49249</i>
                        <i>1 0 0 0 1 0 0 0 1 0 2.41297 3.49249</i>
                        <i>1 0 0 0 1 0 0 0 1 0 2.41297 3.49249</i>
                        <i>1 0 0 0 1 0 0 0 1 0 2.41297 3.49249</i>
                        <i>1 0 0 0 1 0 0 0 1 0 2.41297 3.49249</i>
                        <i>1 0 0 0 1 0 0 0 1 0 2.41297 3.49249</i>
                        <i>1 0 0 0 1 0 0 0 1 0 2.41297 3.49249</i>
                        <i>1 0 0 0 1 0 0 0 1 0 2.41297 3.49249</i>
                        <i>1 0 0 0 1 0 0 0 1 0 2.41297 3.49249</i>
                        <i>1 0 0 0 1 0 0 0 1 0 2.41297 3.49249</i>
                        <i>1 0 0 0 1 0 0 0 1 0 2.41297 3.49249</i>
                        <i>1 0 0 0 1 0 0 0 1 0 2.41297 3.49249</i>
                        <i>1 0 0 0 1 0 0 0 1 0 2.41297 3.49249</i>
                        <i>1 0 0 0 1 0 0 0 1 0 2.41297 3.49249</i>
                        <i>1 0 0 0 1 0 0 0 1 0 2.41297 3.49249</i>
                        <i>1 0 0 0 1 0 0 0 1 0 2.41297 3.49249</i>
                        <i>1 0 0 0 1 0 0 0 1 0 2.41297 3.49249</i>
                        <i>1 0 0 0 1 0 0 0 1 0 2.41297 3.49249</i>
                        <i>1 0 0 0 1 0 0 0 1 0 2.41297 3.49249</i>
                        <i>1 0 0 0 1 0 0 0 1 0 2.41297 3.49249</i>
                        <i>1 0 0 0 1 0 0 0 1 0 2.41297 3.49249</i>
                        <i>1 0 0 0 1 0 0 0 1 0 2.41297 3.49249</i>
                        <i>1 0 0 0 1 0 0 0 1 0 2.41297 3.49249</i>
                        <i>1 0 0 0 1 0 0 0 1 0 2.41297 3.49249</i>
                        <i>1 0 0 0 1 0 0 0 1 0 2.41297 3.49249</i>
                        <i>1 0 0 0 1 0 0 0 1 0 2.41297 3.49249</i>
                        <i>1 0 0 0 1 0 0 0 1 0 2.41297 3.49249</i>
                        <i>1 0 0 0 1 0 0 0 1 0 2.41297 3.49249</i>
                        <i>1 0 0 0 1 0 0 0 1 0 2.41297 3.49249</i>
                        <i>1 0 0 0 1 0 0 0 1 0 2.41297 3.49249</i>
                        <i>1 0 0 0 1 0 0 0 1 0 2.41297 3.49249</i>
                        <i>1 0 0 0 1 0 0 0 1 0 2.41297 3.49249</i>
                        <i>1 0 0 0 1 0 0 0 1 0 2.41297 3.49249</i>
                        <i>1 0 0 0 1 0 0 0 1 0 2.41297 3.49249</i>
                        <i>1 0 0 0 1 0 0 0 1 0 2.41297 3.49249</i>
                        <i>1 0 0 0 1 0 0 0 1 0 2.41297 3.49249</i>
                        <i>1 0 0 0 1 0 0 0 1 0 2.41297 3.49249</i>
                        <i>1 0 0 0 1 0 0 0 1 0 2.41297 3.49249</i>
                        <i>1 0 0 0 1 0 0 0 1 0 2.41297 3.49249</i>
                        <i>1 0 0 0 1 0 0 0 1 0 2.41297 3.49249</i>
                        <i>1 0 0 0 1 0 0 0 1 0 2.41297 3.49249</i>
                        <i>1 0 0 0 1 0 0 0 1 0 2.41297 3.49249</i>
                        <i>1 0 0 0 1 0 0 0 1 0 2.41297 3.49249</i>
                        <i>1 0 0 0 1 0 0 0 1 0 2.41297 3.49249</i>
                        <i>1 0 0 0 1 0 0 0 1 0 2.41297 3.49249</i>
                        <i>1 0 0 0 1 0 0 0 1 0 2.41297 3.49249</i>
                        <i>1 0 0 0 1 0 0 0 1 0 2.41297 3.49249</i>
                        <i>1 0 0 0 1 0 0 0 1 0 2.41297 3.49249</i>
                        <i>1 0 0 0 1 0 0 0 1 0 2.41297 3.49249</i>
                        <i>1 0 0 0 1 0 0 0 1 0 2.41297 3.49249</i>
                        <i>1 0 0 0 1 0 0 0 1 0 2.41297 3.49249</i>
                        <i>1 0 0 0 1 0 0 0 1 0 2.41297 3.49249</i>
                        <i>1 0 0 0 1 0 0 0 1 0 2.41297 3.49249</i>
                        <i>1 0 0 0 1 0 0 0 1 0 2.41297 3.49249</i>
                        <i>1 0 0 0 1 0 0 0 1 0 2.41297 3.49249</i>
                        <i>1 0 0 0 1 0 0 0 1 0 2.41297 3.49249</i>
                        <i>1 0 0 0 1 0 0 0 1 0 2.41297 3.49249</i>
                        <i>1 0 0 0 1 0 0 0 1 0 2.41297 3.49249</i>
                        <i>1 0 0 0 1 0 0 0 1 0 2.41297 3.49249</i>
                        <i>1 0 0 0 1 0 0 0 1 0 2.41297 3.49249</i>
                        <i>1 0 0 0 1 0 0 0 1 0 2.41297 3.49249</i>
                        <i>1 0 0 0 1 0 0 0 1 0 2.41297 3.49249</i>
                        <i>1 0 0 0 1 0 0 0 1 0 2.41297 3.49249</i>
                        <i>1 0 0 0 1 0 0 0 1 0 2.41297 3.49249</i>
                        <i>1 0 0 0 1 0 0 0 1 0 2.41297 3.49249</i>
                        <i>1 0 0 0 1 0 0 0 1 0 2.41297 3.49249</i>
                        <i>1 0 0 0 1 0 0 0 1 0 2.41297 3.49249</i>
                        <i>1 0 0 0 1 0 0 0 1 0 2.41297 3.49249</i>
                        <i>1 0 0 0 1 0 0 0 1 0 2.41297 3.49249</i>
                        <i>1 0 0 0 1 0 0 0 1 0 2.41297 3.49249</i>
                        <i>1 0 0 0 1 0 0 0 1 0 2.41297 3.49249</i>
                        <i>1 0 0 0 1 0 0 0 1 0 2.41297 3.49249</i>
                        <i>1 0 0 0 1 0 0 0 1 0 2.41297 3.49249</i>
                        <i>1 0 0 0 1 0 0 0 1 0 2.41297 3.49249</i>
                        <i>1 0 0 0 1 0 0 0 1 0 2.41297 3.49249</i>
                        <i>1 0 0 0 1 0 0 0 1 0 2.41297 3.49249</i>
                        <i>1 0 0 0 1 0 0 0 1 0 2.41297 3.49249</i>
                        <i>1 0 0 0 1 0 0 0 1 0 2.41297 3.49249</i>
                        <i>1 0 0 0 1 0 0 0 1 0 2.41297 3.49249</i>
                        <i>1 0 0 0 1 0 0 0 1 0 2.41297 3.49249</i>
                        <i>1 0 0 0 1 0 0 0 1 0 2.41297 3.49249</i>
                        <i>1 0 0 0 1 0 0 0 1 0 2.41297 3.49249</i>
                    </KeyFrames>
                </p>
            </i>
            <i>
                <p>
                    <Name><![CDATA[pitch]]></Name>
                    <Exclude>0</Exclude>
                    <Additive>0</Additive>
                    <IKPriority>0</IKPriority>
                    <IKRotLimits>-1e+010 -1e+010 -1e+010 1e+010 1e+010 1e+010</IKRotLimits>
                    <IKRotLimitOrder>0</IKRotLimitOrder>
                    <KeyFrames count="97">
                        <i>1 0 0 0 0.977333 -0.211709 0 0.211709 0.977333 0 2.57408 1.83438</i>
                        <i>1 0 0 0 0.978474 -0.206372 0 0.206372 0.978474 0 2.57408 1.83438</i>
                        <i>1 0 0 0 0.979597 -0.200974 0 0.200974 0.979597 0 2.57408 1.83438</i>
                        <i>1 0 0 0 0.980695 -0.195543 0 0.195543 0.980695 0 2.57408 1.83438</i>
                        <i>1 0 0 0 0.981763 -0.19011 0 0.19011 0.981763 0 2.57408 1.83438</i>
                        <i>1 0 0 0 0.982794 -0.184703 0 0.184703 0.982794 0 2.57408 1.83438</i>
                        <i>1 0 0 0 0.983785 -0.179351 0 0.179351 0.983785 0 2.57408 1.83438</i>
                        <i>1 0 0 0 0.984731 -0.174084 0 0.174084 0.984731 0 2.57408 1.83438</i>
                        <i>1 0 0 0 0.985628 -0.168931 0 0.168931 0.985628 0 2.57408 1.83438</i>
                        <i>1 0 0 0 0.986473 -0.163922 0 0.163922 0.986473 0 2.57408 1.83438</i>
                        <i>1 0 0 0 0.987265 -0.159086 0 0.159086 0.987265 0 2.57408 1.83438</i>
                        <i>1 0 0 0 0.988 -0.154454 0 0.154454 0.988 0 2.57408 1.83438</i>
                        <i>1 0 0 0 0.988678 -0.150054 0 0.150054 0.988678 0 2.57408 1.83438</i>
                        <i>1 0 0 0 0.989297 -0.145917 0 0.145917 0.989297 0 2.57408 1.83438</i>
                        <i>1 0 0 0 0.989856 -0.142073 0 0.142073 0.989856 0 2.57408 1.83438</i>
                        <i>1 0 0 0 0.990355 -0.138551 0 0.138551 0.990355 0 2.57408 1.83438</i>
                        <i>1 0 0 0 0.990794 -0.135382 0 0.135382 0.990794 0 2.57408 1.83438</i>
                        <i>1 0 0 0 0.991171 -0.132594 0 0.132594 0.991171 0 2.57408 1.83438</i>
                        <i>1 0 0 0 0.991485 -0.130217 0 0.130217 0.991485 0 2.57408 1.83438</i>
                        <i>1 0 0 0 0.991738 -0.128282 0 0.128282 0.991738 0 2.57408 1.83438</i>
                        <i>1 0 0 0 0.991926 -0.126818 0 0.126818 0.991926 0 2.57408 1.83438</i>
                        <i>1 0 0 0 0.992049 -0.125854 0 0.125854 0.992049 0 2.57408 1.83438</i>
                        <i>1 0 0 0 0.992104 -0.12542 0 0.12542 0.992104 0 2.57408 1.83438</i>
                        <i>1 0 0 0 0.992088 -0.125545 0 0.125545 0.992088 0 2.57408 1.83438</i>
                        <i>1 0 0 0 0.991997 -0.126258 0 0.126258 0.991997 0 2.57408 1.83438</i>
                        <i>1 0 0 0 0.99185 -0.127414 0 0.127414 0.99185 0 2.57408 1.83438</i>
                        <i>1 0 0 0 0.991666 -0.128838 0 0.128838 0.991666 0 2.57408 1.83438</i>
                        <i>1 0 0 0 0.991446 -0.130519 0 0.130519 0.991446 0 2.57408 1.83438</i>
                        <i>1 0 0 0 0.99119 -0.132445 0 0.132445 0.99119 0 2.57408 1.83438</i>
                        <i>1 0 0 0 0.990899 -0.134605 0 0.134605 0.990899 0 2.57408 1.83438</i>
                        <i>1 0 0 0 0.990573 -0.136986 0 0.136986 0.990573 0 2.57408 1.83438</i>
                        <i>1 0 0 0 0.990211 -0.139577 0 0.139577 0.990211 0 2.57408 1.83438</i>
                        <i>1 0 0 0 0.989814 -0.142367 0 0.142367 0.989814 0 2.57408 1.83438</i>
                        <i>1 0 0 0 0.989381 -0.145343 0 0.145343 0.989381 0 2.57408 1.83438</i>
                        <i>1 0 0 0 0.988913 -0.148493 0 0.148493 0.988913 0 2.57408 1.83438</i>
                        <i>1 0 0 0 0.98841 -0.151807 0 0.151807 0.98841 0 2.57408 1.83438</i>
                        <i>1 0 0 0 0.987872 -0.155271 0 0.155271 0.987872 0 2.57408 1.83438</i>
                        <i>1 0 0 0 0.987299 -0.158875 0 0.158875 0.987299 0 2.57408 1.83438</i>
                        <i>1 0 0 0 0.986691 -0.162607 0 0.162607 0.986691 0 2.57408 1.83438</i>
                        <i>1 0 0 0 0.986049 -0.166454 0 0.166454 0.986049 0 2.57408 1.83438</i>
                        <i>1 0 0 0 0.985374 -0.170406 0 0.170406 0.985374 0 2.57408 1.83438</i>
                        <i>1 0 0 0 0.984666 -0.17445 0 0.17445 0.984666 0 2.57408 1.83438</i>
                        <i>1 0 0 0 0.983926 -0.178575 0 0.178575 0.983926 0 2.57408 1.83438</i>
                        <i>1 0 0 0 0.983156 -0.182769 0 0.182769 0.983156 0 2.57408 1.83438</i>
                        <i>1 0 0 0 0.982356 -0.18702 0 0.18702 0.982356 0 2.57408 1.83438</i>
                        <i>1 0 0 0 0.981528 -0.191317 0 0.191317 0.981528 0 2.57408 1.83438</i>
                        <i>1 0 0 0 0.980674 -0.195649 0 0.195649 0.980674 0 2.57408 1.83438</i>
                        <i>1 0 0 0 0.979795 -0.200003 0 0.200003 0.979795 0 2.57408 1.83438</i>
                        <i>1 0 0 0 0.978894 -0.204367 0 0.204367 0.978894 0 2.57408 1.83438</i>
                        <i>1 0 0 0 0.977973 -0.208732 0 0.208732 0.977973 0 2.57408 1.83438</i>
                        <i>1 0 0 0 0.977034 -0.213085 0 0.213085 0.977034 0 2.57408 1.83438</i>
                        <i>1 0 0 0 0.97608 -0.217414 0 0.217414 0.97608 0 2.57408 1.83438</i>
                        <i>1 0 0 0 0.975113 -0.221709 0 0.221709 0.975113 0 2.57408 1.83438</i>
                        <i>1 0 0 0 0.974137 -0.225957 0 0.225957 0.974137 0 2.57408 1.83438</i>
                        <i>1 0 0 0 0.973155 -0.230149 0 0.230149 0.973155 0 2.57408 1.83438</i>
                        <i>1 0 0 0 0.972171 -0.234272 0 0.234272 0.972171 0 2.57408 1.83438</i>
                        <i>1 0 0 0 0.971188 -0.238316 0 0.238316 0.971188 0 2.57408 1.83438</i>
                        <i>1 0 0 0 0.970209 -0.242269 0 0.242269 0.970209 0 2.57408 1.83438</i>
                        <i>1 0 0 0 0.969239 -0.24612 0 0.24612 0.969239 0 2.57408 1.83438</i>
                        <i>1 0 0 0 0.968282 -0.249858 0 0.249858 0.968282 0 2.57408 1.83438</i>
                        <i>1 0 0 0 0.967342 -0.253473 0 0.253473 0.967342 0 2.57408 1.83438</i>
                        <i>1 0 0 0 0.966424 -0.256953 0 0.256953 0.966424 0 2.57408 1.83438</i>
                        <i>1 0 0 0 0.965531 -0.260288 0 0.260288 0.965531 0 2.57408 1.83438</i>
                        <i>1 0 0 0 0.964669 -0.263466 0 0.263466 0.964669 0 2.57408 1.83438</i>
                        <i>1 0 0 0 0.963841 -0.266477 0 0.266477 0.963841 0 2.57408 1.83438</i>
                        <i>1 0 0 0 0.963054 -0.26931 0 0.26931 0.963054 0 2.57408 1.83438</i>
                        <i>1 0 0 0 0.96231 -0.271954 0 0.271954 0.96231 0 2.57408 1.83438</i>
                        <i>1 0 0 0 0.961616 -0.274398 0 0.274398 0.961616 0 2.57408 1.83438</i>
                        <i>1 0 0 0 0.960976 -0.276633 0 0.276633 0.960976 0 2.57408 1.83438</i>
                        <i>1 0 0 0 0.960394 -0.278646 0 0.278646 0.960394 0 2.57408 1.83438</i>
                        <i>1 0 0 0 0.959875 -0.280427 0 0.280427 0.959875 0 2.57408 1.83438</i>
                        <i>1 0 0 0 0.959424 -0.281966 0 0.281966 0.959424 0 2.57408 1.83438</i>
                        <i>1 0 0 0 0.959046 -0.283252 0 0.283252 0.959046 0 2.57408 1.83438</i>
                        <i>1 0 0 0 0.958779 -0.284154 0 0.284154 0.958779 0 2.57408 1.83438</i>
                        <i>1 0 0 0 0.958657 -0.284564 0 0.284564 0.958657 0 2.57408 1.83438</i>
                        <i>1 0 0 0 0.958675 -0.284504 0 0.284504 0.958675 0 2.57408 1.83438</i>
                        <i>1 0 0 0 0.958826 -0.283994 0 0.283994 0.958826 0 2.57408 1.83438</i>
                        <i>1 0 0 0 0.959103 -0.283057 0 0.283057 0.959103 0 2.57408 1.83438</i>
                        <i>1 0 0 0 0.959499 -0.281713 0 0.281713 0.959499 0 2.57408 1.83438</i>
                        <i>1 0 0 0 0.960005 -0.279983 0 0.279983 0.960005 0 2.57408 1.83438</i>
                        <i>1 0 0 0 0.960613 -0.277888 0 0.277888 0.960613 0 2.57408 1.83438</i>
                        <i>1 0 0 0 0.961316 -0.275449 0 0.275449 0.961316 0 2.57408 1.83438</i>
                        <i>1 0 0 0 0.962103 -0.272686 0 0.272686 0.962103 0 2.57408 1.83438</i>
                        <i>1 0 0 0 0.962967 -0.26962 0 0.26962 0.962967 0 2.57408 1.83438</i>
                        <i>1 0 0 0 0.963898 -0.266272 0 0.266272 0.963898 0 2.57408 1.83438</i>
                        <i>1 0 0 0 0.964888 -0.262662 0 0.262662 0.964888 0 2.57408 1.83438</i>
                        <i>1 0 0 0 0.965928 -0.258812 0 0.258812 0.965928 0 2.57408 1.83438</i>
                        <i>1 0 0 0 0.967009 -0.254742 0 0.254742 0.967009 0 2.57408 1.83438</i>
                        <i>1 0 0 0 0.968123 -0.250473 0 0.250473 0.968123 0 2.57408 1.83438</i>
                        <i>1 0 0 0 0.969263 -0.246027 0 0.246027 0.969263 0 2.57408 1.83438</i>
                        <i>1 0 0 0 0.97042 -0.241423 0 0.241423 0.97042 0 2.57408 1.83438</i>
                        <i>1 0 0 0 0.971587 -0.236685 0 0.236685 0.971587 0 2.57408 1.83438</i>
                        <i>1 0 0 0 0.972756 -0.231832 0 0.231832 0.972756 0 2.57408 1.83438</i>
                        <i>1 0 0 0 0.973921 -0.226886 0 0.226886 0.973921 0 2.57408 1.83438</i>
                        <i>1 0 0 0 0.975076 -0.221869 0 0.221869 0.975076 0 2.57408 1.83438</i>
                        <i>1 0 0 0 0.976215 -0.216803 0 0.216803 0.976215 0 2.57408 1.83438</i>
                        <i>1 0 0 0 0.977333 -0.211709 0 0.211709 0.977333 0 2.57408 1.83438</i>
                    </KeyFrames>
                </p>
            </i>
            <i>
                <p>
                    <Name><![CDATA[barrel]]></Name>
                    <Exclude>0</Exclude>
                    <Additive>0</Additive>
                    <IKPriority>0</IKPriority>
                    <IKRotLimits>-1e+010 -1e+010 -1e+010 1e+010 1e+010 1e+010</IKRotLimits>
                    <IKRotLimitOrder>0</IKRotLimitOrder>
                    <KeyFrames count="97">
                        <i>1 0 0 0 0.977333 -0.211709 0 0.211709 0.977333 0 3.70547 1.69036</i>
                        <i>1 0 0 0 0.978474 -0.206372 0 0.206372 0.978474 0 3.70624 1.69654</i>
                        <i>1 0 0 0 0.979597 -0.200974 0 0.200974 0.979597 0 3.70698 1.70279</i>
                        <i>1 0 0 0 0.980695 -0.195543 0 0.195543 0.980695 0 3.70769 1.70906</i>
                        <i>1 0 0 0 0.981763 -0.19011 0 0.19011 0.981763 0 3.70837 1.71534</i>
                        <i>1 0 0 0 0.982794 -0.184703 0 0.184703 0.982794 0 3.70901 1.72159</i>
                        <i>1 0 0 0 0.983785 -0.179351 0 0.179351 0.983785 0 3.7096 1.72777</i>
                        <i>1 0 0 0 0.984731 -0.174084 0 0.174084 0.984731 0 3.71016 1.73385</i>
                        <i>1 0 0 0 0.985628 -0.168931 0 0.168931 0.985628 0 3.71067 1.73979</i>
                        <i>1 0 0 0 0.986473 -0.163922 0 0.163922 0.986473 0 3.71113 1.74557</i>
                        <i>1 0 0 0 0.987265 -0.159086 0 0.159086 0.987265 0 3.71155 1.75114</i>
                        <i>1 0 0 0 0.988 -0.154454 0 0.154454 0.988 0 3.71193 1.75647</i>
                        <i>1 0 0 0 0.988678 -0.150054 0 0.150054 0.988678 0 3.71227 1.76154</i>
                        <i>1 0 0 0 0.989297 -0.145917 0 0.145917 0.989297 0 3.71256 1.7663</i>
                        <i>1 0 0 0 0.989856 -0.142073 0 0.142073 0.989856 0 3.71282 1.77072</i>
                        <i>1 0 0 0 0.990355 -0.138551 0 0.138551 0.990355 0 3.71304 1.77478</i>
                        <i>1 0 0 0 0.990794 -0.135382 0 0.135382 0.990794 0 3.71322 1.77842</i>
                        <i>1 0 0 0 0.991171 -0.132594 0 0.132594 0.991171 0 3.71338 1.78163</i>
                        <i>1 0 0 0 0.991485 -0.130217 0 0.130217 0.991485 0 3.7135 1.78436</i>
                        <i>1 0 0 0 0.991738 -0.128282 0 0.128282 0.991738 0 3.71359 1.78658</i>
                        <i>1 0 0 0 0.991926 -0.126818 0 0.126818 0.991926 0 3.71366 1.78826</i>
                        <i>1 0 0 0 0.992049 -0.125854 0 0.125854 0.992049 0 3.71371 1.78937</i>
                        <i>1 0 0 0 0.992104 -0.12542 0 0.12542 0.992104 0 3.71373 1.78987</i>
                        <i>1 0 0 0 0.992088 -0.125545 0 0.125545 0.992088 0 3.71372 1.78972</i>
                        <i>1 0 0 0 0.991997 -0.126258 0 0.126258 0.991997 0 3.71369 1.78891</i>
                        <i>1 0 0 0 0.99185 -0.127414 0 0.127414 0.99185 0 3.71364 1.78758</i>
                        <i>1 0 0 0 0.991666 -0.128838 0 0.128838 0.991666 0 3.71357 1.78594</i>
                        <i>1 0 0 0 0.991446 -0.130519 0 0.130519 0.991446 0 3.71348 1.78401</i>
                        <i>1 0 0 0 0.99119 -0.132445 0 0.132445 0.99119 0 3.71338 1.7818</i>
                        <i>1 0 0 0 0.990899 -0.134605 0 0.134605 0.990899 0 3.71327 1.77931</i>
                        <i>1 0 0 0 0.990573 -0.136986 0 0.136986 0.990573 0 3.71313 1.77657</i>
                        <i>1 0 0 0 0.990211 -0.139577 0 0.139577 0.990211 0 3.71298 1.77359</i>
                        <i>1 0 0 0 0.989814 -0.142367 0 0.142367 0.989814 0 3.7128 1.77039</i>
                        <i>1 0 0 0 0.989381 -0.145343 0 0.145343 0.989381 0 3.7126 1.76696</i>
                        <i>1 0 0 0 0.988913 -0.148493 0 0.148493 0.988913 0 3.71238 1.76334</i>
                        <i>1 0 0 0 0.98841 -0.151807 0 0.151807 0.98841 0 3.71214 1.75952</i>
                        <i>1 0 0 0 0.987872 -0.155271 0 0.155271 0.987872 0 3.71187 1.75553</i>
                        <i>1 0 0 0 0.987299 -0.158875 0 0.158875 0.987299 0 3.71157 1.75138</i>
                        <i>1 0 0 0 0.986691 -0.162607 0 0.162607 0.986691 0 3.71125 1.74708</i>
                        <i>1 0 0 0 0.986049 -0.166454 0 0.166454 0.986049 0 3.7109 1.74265</i>
                        <i>1 0 0 0 0.985374 -0.170406 0 0.170406 0.985374 0 3.71052 1.73809</i>
                        <i>1 0 0 0 0.984666 -0.17445 0 0.17445 0.984666 0 3.71012 1.73342</i>
                        <i>1 0 0 0 0.983926 -0.178575 0 0.178575 0.983926 0 3.70969 1.72866</i>
                        <i>1 0 0 0 0.983156 -0.182769 0 0.182769 0.983156 0 3.70922 1.72382</i>
                        <i>1 0 0 0 0.982356 -0.18702 0 0.18702 0.982356 0 3.70874 1.71891</i>
                        <i>1 0 0 0 0.981528 -0.191317 0 0.191317 0.981528 0 3.70822 1.71395</i>
                        <i>1 0 0 0 0.980674 -0.195649 0 0.195649 0.980674 0 3.70768 1.70894</i>
                        <i>1 0 0 0 0.979795 -0.200003 0 0.200003 0.979795 0 3.70711 1.70391</i>
                        <i>1 0 0 0 0.978894 -0.204367 0 0.204367 0.978894 0 3.70652 1.69886</i>
                        <i>1 0 0 0 0.977973 -0.208732 0 0.208732 0.977973 0 3.7059 1.69381</i>
                        <i>1 0 0 0 0.977034 -0.213085 0 0.213085 0.977034 0 3.70526 1.68877</i>
                        <i>1 0 0 0 0.97608 -0.217414 0 0.217414 0.97608 0 3.70461 1.68376</i>
                        <i>1 0 0 0 0.975113 -0.221709 0 0.221709 0.975113 0 3.70393 1.67878</i>
                        <i>1 0 0 0 0.974137 -0.225957 0 0.225957 0.974137 0 3.70324 1.67386</i>
                        <i>1 0 0 0 0.973155 -0.230149 0 0.230149 0.973155 0 3.70254 1.669</i>
                        <i>1 0 0 0 0.972171 -0.234272 0 0.234272 0.972171 0 3.70183 1.66422</i>
                        <i>1 0 0 0 0.971188 -0.238316 0 0.238316 0.971188 0 3.70111 1.65953</i>
                        <i>1 0 0 0 0.970209 -0.242269 0 0.242269 0.970209 0 3.70039 1.65494</i>
                        <i>1 0 0 0 0.969239 -0.24612 0 0.24612 0.969239 0 3.69967 1.65047</i>
                        <i>1 0 0 0 0.968282 -0.249858 0 0.249858 0.968282 0 3.69895 1.64612</i>
                        <i>1 0 0 0 0.967342 -0.253473 0 0.253473 0.967342 0 3.69824 1.64192</i>
                        <i>1 0 0 0 0.966424 -0.256953 0 0.256953 0.966424 0 3.69754 1.63788</i>
                        <i>1 0 0 0 0.965531 -0.260288 0 0.260288 0.965531 0 3.69686 1.634</i>
                        <i>1 0 0 0 0.964669 -0.263466 0 0.263466 0.964669 0 3.69619 1.63031</i>
                        <i>1 0 0 0 0.963841 -0.266477 0 0.266477 0.963841 0 3.69555 1.6268</i>
                        <i>1 0 0 0 0.963054 -0.26931 0 0.26931 0.963054 0 3.69493 1.62351</i>
                        <i>1 0 0 0 0.96231 -0.271954 0 0.271954 0.96231 0 3.69435 1.62043</i>
                        <i>1 0 0 0 0.961616 -0.274398 0 0.274398 0.961616 0 3.6938 1.61758</i>
                        <i>1 0 0 0 0.960976 -0.276633 0 0.276633 0.960976 0 3.69329 1.61498</i>
                        <i>1 0 0 0 0.960394 -0.278646 0 0.278646 0.960394 0 3.69283 1.61264</i>
                        <i>1 0 0 0 0.959875 -0.280427 0 0.280427 0.959875 0 3.69242 1.61056</i>
                        <i>1 0 0 0 0.959424 -0.281966 0 0.281966 0.959424 0 3.69206 1.60877</i>
                        <i>1 0 0 0 0.959046 -0.283252 0 0.283252 0.959046 0 3.69176 1.60727</i>
                        <i>1 0 0 0 0.958779 -0.284154 0 0.284154 0.958779 0 3.69154 1.60622</i>
                        <i>1 0 0 0 0.958657 -0.284564 0 0.284564 0.958657 0 3.69144 1.60574</i>
                        <i>1 0 0 0 0.958675 -0.284504 0 0.284504 0.958675 0 3.69146 1.60581</i>
                        <i>1 0 0 0 0.958826 -0.283994 0 0.283994 0.958826 0 3.69158 1.6064</i>
                        <i>1 0 0 0 0.959103 -0.283057 0 0.283057 0.959103 0 3.6918 1.6075</i>
                        <i>1 0 0 0 0.959499 -0.281713 0 0.281713 0.959499 0 3.69212 1.60906</i>
                        <i>1 0 0 0 0.960005 -0.279983 0 0.279983 0.960005 0 3.69252 1.61108</i>
                        <i>1 0 0 0 0.960613 -0.277888 0 0.277888 0.960613 0 3.69301 1.61352</i>
                        <i>1 0 0 0 0.961316 -0.275449 0 0.275449 0.961316 0 3.69356 1.61636</i>
                        <i>1 0 0 0 0.962103 -0.272686 0 0.272686 0.962103 0 3.69419 1.61958</i>
                        <i>1 0 0 0 0.962967 -0.26962 0 0.26962 0.962967 0 3.69486 1.62315</i>
                        <i>1 0 0 0 0.963898 -0.266272 0 0.266272 0.963898 0 3.69559 1.62704</i>
                        <i>1 0 0 0 0.964888 -0.262662 0 0.262662 0.964888 0 3.69636 1.63124</i>
                        <i>1 0 0 0 0.965928 -0.258812 0 0.258812 0.965928 0 3.69716 1.63572</i>
                        <i>1 0 0 0 0.967009 -0.254742 0 0.254742 0.967009 0 3.69799 1.64045</i>
                        <i>1 0 0 0 0.968123 -0.250473 0 0.250473 0.968123 0 3.69883 1.64541</i>
                        <i>1 0 0 0 0.969263 -0.246027 0 0.246027 0.969263 0 3.69969 1.65057</i>
                        <i>1 0 0 0 0.97042 -0.241423 0 0.241423 0.97042 0 3.70055 1.65592</i>
                        <i>1 0 0 0 0.971587 -0.236685 0 0.236685 0.971587 0 3.70141 1.66142</i>
                        <i>1 0 0 0 0.972756 -0.231832 0 0.231832 0.972756 0 3.70225 1.66705</i>
                        <i>1 0 0 0 0.973921 -0.226886 0 0.226886 0.973921 0 3.70309 1.67278</i>
                        <i>1 0 0 0 0.975076 -0.221869 0 0.221869 0.975076 0 3.70391 1.6786</i>
                        <i>1 0 0 0 0.976215 -0.216803 0 0.216803 0.976215 0 3.7047 1.68447</i>
                        <i>1 0 0 0 0.977333 -0.211709 0 0.211709 0.977333 0 3.70547 1.69036</i>
                    </KeyFrames>
                </p>
            </i>
            <i>
                <p>
                    <Name><![CDATA[hatch]]></Name>
                    <Exclude>0</Exclude>
                    <Additive>0</Additive>
                    <IKPriority>0</IKPriority>
                    <IKRotLimits>-1e+010 -1e+010 -1e+010 1e+010 1e+010 1e+010</IKRotLimits>
                    <IKRotLimitOrder>0</IKRotLimitOrder>
                    <KeyFrames count="97">
                        <i>1 0 0 0 0.238274 0.971198 0 -0.971198 0.238274 0 2.5472 0.755637</i>
                        <i>1 0 0 0 0.232971 0.972484 0 -0.972484 0.232971 0 2.55309 0.755506</i>
                        <i>1 0 0 0 0.227605 0.973754 0 -0.973754 0.227605 0 2.55904 0.755407</i>
