<?xml version="1.0" encoding="ISO-8859-1" ?>
<Animl Version="1">
    <ModellingPackage><![CDATA[Maya.2010]]></ModellingPackage>
    <SrcFile><![CDATA[anims\turrets\artillery\red\~src\artillery_2a36\artillery_2a36_reload_high.mb]]></SrcFile>
    <FramesPerSecond>30</FramesPerSecond>
    <TotalFrames>105</TotalFrames>
    <Skeleton>
        <RefFrame>
            <Name><![CDATA[artillery_2a36_ref_frame]]></Name>
            <Exclude>0</Exclude>
            <Additive>0</Additive>
            <IKPriority>0</IKPriority>
            <IKRotLimits>-1e+010 -1e+010 -1e+010 1e+010 1e+010 1e+010</IKRotLimits>
            <IKRotLimitOrder>0</IKRotLimitOrder>
            <KeyFrames count="105">
                <i>1 0 0 0 1 0 0 0 1 0 1.3 3.22</i>
                <i>1 0 0 0 1 0 0 0 1 0 1.3 3.22</i>
                <i>1 0 0 0 1 0 0 0 1 0 1.3 3.22</i>
                <i>1 0 0 0 1 0 0 0 1 0 1.3 3.22</i>
                <i>1 0 0 0 1 0 0 0 1 0 1.3 3.22</i>
                <i>1 0 0 0 1 0 0 0 1 0 1.3 3.22</i>
                <i>1 0 0 0 1 0 0 0 1 0 1.3 3.22</i>
                <i>1 0 0 0 1 0 0 0 1 0 1.3 3.22</i>
                <i>1 0 0 0 1 0 0 0 1 0 1.3 3.22</i>
                <i>1 0 0 0 1 0 0 0 1 0 1.3 3.22</i>
                <i>1 0 0 0 1 0 0 0 1 0 1.3 3.22</i>
                <i>1 0 0 0 1 0 0 0 1 0 1.3 3.22</i>
                <i>1 0 0 0 1 0 0 0 1 0 1.3 3.22</i>
                <i>1 0 0 0 1 0 0 0 1 0 1.3 3.22</i>
                <i>1 0 0 0 1 0 0 0 1 0 1.3 3.22</i>
                <i>1 0 0 0 1 0 0 0 1 0 1.3 3.22</i>
                <i>1 0 0 0 1 0 0 0 1 0 1.3 3.22</i>
                <i>1 0 0 0 1 0 0 0 1 0 1.3 3.22</i>
                <i>1 0 0 0 1 0 0 0 1 0 1.3 3.22</i>
                <i>1 0 0 0 1 0 0 0 1 0 1.3 3.22</i>
                <i>1 0 0 0 1 0 0 0 1 0 1.3 3.22</i>
                <i>1 0 0 0 1 0 0 0 1 0 1.3 3.22</i>
                <i>1 0 0 0 1 0 0 0 1 0 1.3 3.22</i>
                <i>1 0 0 0 1 0 0 0 1 0 1.3 3.22</i>
                <i>1 0 0 0 1 0 0 0 1 0 1.3 3.22</i>
                <i>1 0 0 0 1 0 0 0 1 0 1.3 3.22</i>
                <i>1 0 0 0 1 0 0 0 1 0 1.3 3.22</i>
                <i>1 0 0 0 1 0 0 0 1 0 1.3 3.22</i>
                <i>1 0 0 0 1 0 0 0 1 0 1.3 3.22</i>
                <i>1 0 0 0 1 0 0 0 1 0 1.3 3.22</i>
                <i>1 0 0 0 1 0 0 0 1 0 1.3 3.22</i>
                <i>1 0 0 0 1 0 0 0 1 0 1.3 3.22</i>
                <i>1 0 0 0 1 0 0 0 1 0 1.3 3.22</i>
                <i>1 0 0 0 1 0 0 0 1 0 1.3 3.22</i>
                <i>1 0 0 0 1 0 0 0 1 0 1.3 3.22</i>
                <i>1 0 0 0 1 0 0 0 1 0 1.3 3.22</i>
                <i>1 0 0 0 1 0 0 0 1 0 1.3 3.22</i>
                <i>1 0 0 0 1 0 0 0 1 0 1.3 3.22</i>
                <i>1 0 0 0 1 0 0 0 1 0 1.3 3.22</i>
                <i>1 0 0 0 1 0 0 0 1 0 1.3 3.22</i>
                <i>1 0 0 0 1 0 0 0 1 0 1.3 3.22</i>
                <i>1 0 0 0 1 0 0 0 1 0 1.3 3.22</i>
                <i>1 0 0 0 1 0 0 0 1 0 1.3 3.22</i>
                <i>1 0 0 0 1 0 0 0 1 0 1.3 3.22</i>
                <i>1 0 0 0 1 0 0 0 1 0 1.3 3.22</i>
                <i>1 0 0 0 1 0 0 0 1 0 1.3 3.22</i>
                <i>1 0 0 0 1 0 0 0 1 0 1.3 3.22</i>
                <i>1 0 0 0 1 0 0 0 1 0 1.3 3.22</i>
                <i>1 0 0 0 1 0 0 0 1 0 1.3 3.22</i>
                <i>1 0 0 0 1 0 0 0 1 0 1.3 3.22</i>
                <i>1 0 0 0 1 0 0 0 1 0 1.3 3.22</i>
                <i>1 0 0 0 1 0 0 0 1 0 1.3 3.22</i>
                <i>1 0 0 0 1 0 0 0 1 0 1.3 3.22</i>
                <i>1 0 0 0 1 0 0 0 1 0 1.3 3.22</i>
                <i>1 0 0 0 1 0 0 0 1 0 1.3 3.22</i>
                <i>1 0 0 0 1 0 0 0 1 0 1.3 3.22</i>
                <i>1 0 0 0 1 0 0 0 1 0 1.3 3.22</i>
                <i>1 0 0 0 1 0 0 0 1 0 1.3 3.22</i>
                <i>1 0 0 0 1 0 0 0 1 0 1.3 3.22</i>
                <i>1 0 0 0 1 0 0 0 1 0 1.3 3.22</i>
                <i>1 0 0 0 1 0 0 0 1 0 1.3 3.22</i>
                <i>1 0 0 0 1 0 0 0 1 0 1.3 3.22</i>
                <i>1 0 0 0 1 0 0 0 1 0 1.3 3.22</i>
                <i>1 0 0 0 1 0 0 0 1 0 1.3 3.22</i>
                <i>1 0 0 0 1 0 0 0 1 0 1.3 3.22</i>
                <i>1 0 0 0 1 0 0 0 1 0 1.3 3.22</i>
                <i>1 0 0 0 1 0 0 0 1 0 1.3 3.22</i>
                <i>1 0 0 0 1 0 0 0 1 0 1.3 3.22</i>
                <i>1 0 0 0 1 0 0 0 1 0 1.3 3.22</i>
                <i>1 0 0 0 1 0 0 0 1 0 1.3 3.22</i>
                <i>1 0 0 0 1 0 0 0 1 0 1.3 3.22</i>
                <i>1 0 0 0 1 0 0 0 1 0 1.3 3.22</i>
                <i>1 0 0 0 1 0 0 0 1 0 1.3 3.22</i>
                <i>1 0 0 0 1 0 0 0 1 0 1.3 3.22</i>
                <i>1 0 0 0 1 0 0 0 1 0 1.3 3.22</i>
                <i>1 0 0 0 1 0 0 0 1 0 1.3 3.22</i>
                <i>1 0 0 0 1 0 0 0 1 0 1.3 3.22</i>
                <i>1 0 0 0 1 0 0 0 1 0 1.3 3.22</i>
                <i>1 0 0 0 1 0 0 0 1 0 1.3 3.22</i>
                <i>1 0 0 0 1 0 0 0 1 0 1.3 3.22</i>
                <i>1 0 0 0 1 0 0 0 1 0 1.3 3.22</i>
                <i>1 0 0 0 1 0 0 0 1 0 1.3 3.22</i>
                <i>1 0 0 0 1 0 0 0 1 0 1.3 3.22</i>
                <i>1 0 0 0 1 0 0 0 1 0 1.3 3.22</i>
                <i>1 0 0 0 1 0 0 0 1 0 1.3 3.22</i>
                <i>1 0 0 0 1 0 0 0 1 0 1.3 3.22</i>
                <i>1 0 0 0 1 0 0 0 1 0 1.3 3.22</i>
                <i>1 0 0 0 1 0 0 0 1 0 1.3 3.22</i>
                <i>1 0 0 0 1 0 0 0 1 0 1.3 3.22</i>
                <i>1 0 0 0 1 0 0 0 1 0 1.3 3.22</i>
                <i>1 0 0 0 1 0 0 0 1 0 1.3 3.22</i>
                <i>1 0 0 0 1 0 0 0 1 0 1.3 3.22</i>
                <i>1 0 0 0 1 0 0 0 1 0 1.3 3.22</i>
                <i>1 0 0 0 1 0 0 0 1 0 1.3 3.22</i>
                <i>1 0 0 0 1 0 0 0 1 0 1.3 3.22</i>
                <i>1 0 0 0 1 0 0 0 1 0 1.3 3.22</i>
                <i>1 0 0 0 1 0 0 0 1 0 1.3 3.22</i>
                <i>1 0 0 0 1 0 0 0 1 0 1.3 3.22</i>
                <i>1 0 0 0 1 0 0 0 1 0 1.3 3.22</i>
                <i>1 0 0 0 1 0 0 0 1 0 1.3 3.22</i>
                <i>1 0 0 0 1 0 0 0 1 0 1.3 3.22</i>
                <i>1 0 0 0 1 0 0 0 1 0 1.3 3.22</i>
                <i>1 0 0 0 1 0 0 0 1 0 1.3 3.22</i>
                <i>1 0 0 0 1 0 0 0 1 0 1.3 3.22</i>
                <i>1 0 0 0 1 0 0 0 1 0 1.3 3.22</i>
            </KeyFrames>
        </RefFrame>
        <Bones count="10">
            <i>
                <p>
                    <Name><![CDATA[artillery_2a36_root]]></Name>
                    <Exclude>0</Exclude>
                    <Additive>0</Additive>
                    <IKPriority>0</IKPriority>
                    <IKRotLimits>-1e+010 -1e+010 -1e+010 1e+010 1e+010 1e+010</IKRotLimits>
                    <IKRotLimitOrder>0</IKRotLimitOrder>
                    <KeyFrames count="105">
                        <i>1 0 0 0 1 0 0 0 1 0 1.30614 3.22015</i>
                        <i>1 0 0 0 1 0 0 0 1 0 1.30614 3.22015</i>
                        <i>1 0 0 0 1 0 0 0 1 0 1.30614 3.22015</i>
                        <i>1 0 0 0 1 0 0 0 1 0 1.30614 3.22015</i>
                        <i>1 0 0 0 1 0 0 0 1 0 1.30614 3.22015</i>
                        <i>1 0 0 0 1 0 0 0 1 0 1.30614 3.22015</i>
                        <i>1 0 0 0 1 0 0 0 1 0 1.30614 3.22015</i>
                        <i>1 0 0 0 1 0 0 0 1 0 1.30614 3.22015</i>
                        <i>1 0 0 0 1 0 0 0 1 0 1.30614 3.22015</i>
                        <i>1 0 0 0 1 0 0 0 1 0 1.30614 3.22015</i>
                        <i>1 0 0 0 1 0 0 0 1 0 1.30614 3.22015</i>
                        <i>1 0 0 0 1 0 0 0 1 0 1.30614 3.22015</i>
                        <i>1 0 0 0 1 0 0 0 1 0 1.30614 3.22015</i>
                        <i>1 0 0 0 1 0 0 0 1 0 1.30614 3.22015</i>
                        <i>1 0 0 0 1 0 0 0 1 0 1.30614 3.22015</i>
                        <i>1 0 0 0 1 0 0 0 1 0 1.30614 3.22015</i>
                        <i>1 0 0 0 1 0 0 0 1 0 1.30614 3.22015</i>
                        <i>1 0 0 0 1 0 0 0 1 0 1.30614 3.22015</i>
                        <i>1 0 0 0 1 0 0 0 1 0 1.30614 3.22015</i>
                        <i>1 0 0 0 1 0 0 0 1 0 1.30614 3.22015</i>
                        <i>1 0 0 0 1 0 0 0 1 0 1.30614 3.22015</i>
                        <i>1 0 0 0 1 0 0 0 1 0 1.30614 3.22015</i>
                        <i>1 0 0 0 1 0 0 0 1 0 1.30614 3.22015</i>
                        <i>1 0 0 0 1 0 0 0 1 0 1.30614 3.22015</i>
                        <i>1 0 0 0 1 0 0 0 1 0 1.30614 3.22015</i>
                        <i>1 0 0 0 1 0 0 0 1 0 1.30614 3.22015</i>
                        <i>1 0 0 0 1 0 0 0 1 0 1.30614 3.22015</i>
                        <i>1 0 0 0 1 0 0 0 1 0 1.30614 3.22015</i>
                        <i>1 0 0 0 1 0 0 0 1 0 1.30614 3.22015</i>
                        <i>1 0 0 0 1 0 0 0 1 0 1.30614 3.22015</i>
                        <i>1 0 0 0 1 0 0 0 1 0 1.30614 3.22015</i>
                        <i>1 0 0 0 1 0 0 0 1 0 1.30614 3.22015</i>
                        <i>1 0 0 0 1 0 0 0 1 0 1.30614 3.22015</i>
                        <i>1 0 0 0 1 0 0 0 1 0 1.30614 3.22015</i>
                        <i>1 0 0 0 1 0 0 0 1 0 1.30614 3.22015</i>
                        <i>1 0 0 0 1 0 0 0 1 0 1.30614 3.22015</i>
                        <i>1 0 0 0 1 0 0 0 1 0 1.30614 3.22015</i>
                        <i>1 0 0 0 1 0 0 0 1 0 1.30614 3.22015</i>
                        <i>1 0 0 0 1 0 0 0 1 0 1.30614 3.22015</i>
                        <i>1 0 0 0 1 0 0 0 1 0 1.30614 3.22015</i>
                        <i>1 0 0 0 1 0 0 0 1 0 1.30614 3.22015</i>
                        <i>1 0 0 0 1 0 0 0 1 0 1.30614 3.22015</i>
                        <i>1 0 0 0 1 0 0 0 1 0 1.30614 3.22015</i>
                        <i>1 0 0 0 1 0 0 0 1 0 1.30614 3.22015</i>
                        <i>1 0 0 0 1 0 0 0 1 0 1.30614 3.22015</i>
                        <i>1 0 0 0 1 0 0 0 1 0 1.30614 3.22015</i>
                        <i>1 0 0 0 1 0 0 0 1 0 1.30614 3.22015</i>
                        <i>1 0 0 0 1 0 0 0 1 0 1.30614 3.22015</i>
                        <i>1 0 0 0 1 0 0 0 1 0 1.30614 3.22015</i>
                        <i>1 0 0 0 1 0 0 0 1 0 1.30614 3.22015</i>
                        <i>1 0 0 0 1 0 0 0 1 0 1.30614 3.22015</i>
                        <i>1 0 0 0 1 0 0 0 1 0 1.30614 3.22015</i>
                        <i>1 0 0 0 1 0 0 0 1 0 1.30614 3.22015</i>
                        <i>1 0 0 0 1 0 0 0 1 0 1.30614 3.22015</i>
                        <i>1 0 0 0 1 0 0 0 1 0 1.30614 3.22015</i>
                        <i>1 0 0 0 1 0 0 0 1 0 1.30614 3.22015</i>
                        <i>1 0 0 0 1 0 0 0 1 0 1.30614 3.22015</i>
                        <i>1 0 0 0 1 0 0 0 1 0 1.30614 3.22015</i>
                        <i>1 0 0 0 1 0 0 0 1 0 1.30614 3.22015</i>
                        <i>1 0 0 0 1 0 0 0 1 0 1.30614 3.22015</i>
                        <i>1 0 0 0 1 0 0 0 1 0 1.30614 3.22015</i>
                        <i>1 0 0 0 1 0 0 0 1 0 1.30614 3.22015</i>
                        <i>1 0 0 0 1 0 0 0 1 0 1.30614 3.22015</i>
                        <i>1 0 0 0 1 0 0 0 1 0 1.30614 3.22015</i>
                        <i>1 0 0 0 1 0 0 0 1 0 1.30614 3.22015</i>
                        <i>1 0 0 0 1 0 0 0 1 0 1.30614 3.22015</i>
                        <i>1 0 0 0 1 0 0 0 1 0 1.30614 3.22015</i>
                        <i>1 0 0 0 1 0 0 0 1 0 1.30614 3.22015</i>
                        <i>1 0 0 0 1 0 0 0 1 0 1.30614 3.22015</i>
                        <i>1 0 0 0 1 0 0 0 1 0 1.30614 3.22015</i>
                        <i>1 0 0 0 1 0 0 0 1 0 1.30614 3.22015</i>
                        <i>1 0 0 0 1 0 0 0 1 0 1.30614 3.22015</i>
                        <i>1 0 0 0 1 0 0 0 1 0 1.30614 3.22015</i>
                        <i>1 0 0 0 1 0 0 0 1 0 1.30614 3.22015</i>
                        <i>1 0 0 0 1 0 0 0 1 0 1.30614 3.22015</i>
                        <i>1 0 0 0 1 0 0 0 1 0 1.30614 3.22015</i>
                        <i>1 0 0 0 1 0 0 0 1 0 1.30614 3.22015</i>
                        <i>1 0 0 0 1 0 0 0 1 0 1.30614 3.22015</i>
                        <i>1 0 0 0 1 0 0 0 1 0 1.30614 3.22015</i>
                        <i>1 0 0 0 1 0 0 0 1 0 1.30614 3.22015</i>
                        <i>1 0 0 0 1 0 0 0 1 0 1.30614 3.22015</i>
                        <i>1 0 0 0 1 0 0 0 1 0 1.30614 3.22015</i>
                        <i>1 0 0 0 1 0 0 0 1 0 1.30614 3.22015</i>
                        <i>1 0 0 0 1 0 0 0 1 0 1.30614 3.22015</i>
                        <i>1 0 0 0 1 0 0 0 1 0 1.30614 3.22015</i>
                        <i>1 0 0 0 1 0 0 0 1 0 1.30614 3.22015</i>
                        <i>1 0 0 0 1 0 0 0 1 0 1.30614 3.22015</i>
                        <i>1 0 0 0 1 0 0 0 1 0 1.30614 3.22015</i>
                        <i>1 0 0 0 1 0 0 0 1 0 1.30614 3.22015</i>
                        <i>1 0 0 0 1 0 0 0 1 0 1.30614 3.22015</i>
                        <i>1 0 0 0 1 0 0 0 1 0 1.30614 3.22015</i>
                        <i>1 0 0 0 1 0 0 0 1 0 1.30614 3.22015</i>
                        <i>1 0 0 0 1 0 0 0 1 0 1.30614 3.22015</i>
                        <i>1 0 0 0 1 0 0 0 1 0 1.30614 3.22015</i>
                        <i>1 0 0 0 1 0 0 0 1 0 1.30614 3.22015</i>
                        <i>1 0 0 0 1 0 0 0 1 0 1.30614 3.22015</i>
                        <i>1 0 0 0 1 0 0 0 1 0 1.30614 3.22015</i>
                        <i>1 0 0 0 1 0 0 0 1 0 1.30614 3.22015</i>
                        <i>1 0 0 0 1 0 0 0 1 0 1.30614 3.22015</i>
                        <i>1 0 0 0 1 0 0 0 1 0 1.30614 3.22015</i>
                        <i>1 0 0 0 1 0 0 0 1 0 1.30614 3.22015</i>
                        <i>1 0 0 0 1 0 0 0 1 0 1.30614 3.22015</i>
                        <i>1 0 0 0 1 0 0 0 1 0 1.30614 3.22015</i>
                        <i>1 0 0 0 1 0 0 0 1 0 1.30614 3.22015</i>
                        <i>1 0 0 0 1 0 0 0 1 0 1.30614 3.22015</i>
                    </KeyFrames>
                </p>
            </i>
            <i>
                <p>
                    <Name><![CDATA[body]]></Name>
                    <Exclude>0</Exclude>
                    <Additive>0</Additive>
                    <IKPriority>0</IKPriority>
                    <IKRotLimits>-1e+010 -1e+010 -1e+010 1e+010 1e+010 1e+010</IKRotLimits>
                    <IKRotLimitOrder>0</IKRotLimitOrder>
                    <KeyFrames count="105">
                        <i>1 0 0 0 1 0 0 0 1 0 2.41297 3.49249</i>
                        <i>1 0 0 0 1 -0.000475965 0 0.000475965 1 0 2.41381 3.49249</i>
                        <i>1 0 0 0 0.999998 -0.00178103 0 0.00178103 0.999998 0 2.41609 3.49249</i>
                        <i>1 0 0 0 0.999993 -0.00373094 0 0.00373094 0.999993 0 2.41951 3.49249</i>
                        <i>1 0 0 0 0.999981 -0.00614145 0 0.00614145 0.999981 0 2.42373 3.49249</i>
                        <i>1 0 0 0 0.999961 -0.00882827 0 0.00882827 0.999961 0 2.42844 3.49249</i>
                        <i>1 0 0 0 0.999933 -0.0116071 0 0.0116071 0.999933 0 2.43331 3.49249</i>
                        <i>1 0 0 0 0.999898 -0.0142938 0 0.0142938 0.999898 0 2.43802 3.49249</i>
                        <i>1 0 0 0 0.99986 -0.0167041 0 0.0167041 0.99986 0 2.44224 3.49249</i>
                        <i>1 0 0 0 0.999826 -0.0186537 0 0.0186537 0.999826 0 2.44566 3.49249</i>
                        <i>1 0 0 0 0.999801 -0.0199585 0 0.0199585 0.999801 0 2.44794 3.49249</i>
                        <i>1 0 0 0 0.999791 -0.0204344 0 0.0204344 0.999791 0 2.44878 3.49249</i>
                        <i>1 0 0 0 0.999801 -0.0199645 0 0.0199645 0.999801 0 2.44858 3.49249</i>
                        <i>1 0 0 0 0.999826 -0.0186637 0 0.0186637 0.999826 0 2.44788 3.49249</i>
                        <i>1 0 0 0 0.999861 -0.0166951 0 0.0166951 0.999861 0 2.44648 3.49249</i>
                        <i>1 0 0 0 0.999899 -0.0142219 0 0.0142219 0.999899 0 2.4442 3.49249</i>
                        <i>1 0 0 0 0.999935 -0.0114073 0 0.0114073 0.999935 0 2.44084 3.49249</i>
                        <i>1 0 0 0 0.999965 -0.00841452 0 0.00841452 0.999965 0 2.43623 3.49249</i>
                        <i>1 0 0 0 0.999985 -0.00540686 0 0.00540686 0.999985 0 2.43017 3.49249</i>
                        <i>1 0 0 0 0.999997 -0.0025476 0 0.0025476 0.999997 0 2.42248 3.49249</i>
                        <i>1 0 0 0 1 0 0 0 1 0 2.41297 3.49249</i>
                        <i>1 0 0 0 0.999996 0.00276572 0 -0.00276572 0.999996 0 2.39123 3.49249</i>
                        <i>1 0 0 0 0.999983 0.00586702 0 -0.00586702 0.999983 0 2.35711 3.49249</i>
                        <i>1 0 0 0 0.999964 0.00852214 0 -0.00852214 0.999964 0 2.32582 3.49249</i>
                        <i>1 0 0 0 0.999951 0.00994937 0 -0.00994937 0.999951 0 2.31255 3.49249</i>
                        <i>1 0 0 0 0.999945 0.0104443 0 -0.0104443 0.999945 0 2.31475 3.49249</i>
                        <i>1 0 0 0 0.999941 0.0108292 0 -0.0108292 0.999941 0 2.31945 3.49249</i>
                        <i>1 0 0 0 0.999938 0.0111126 0 -0.0111126 0.999938 0 2.32626 3.49249</i>
                        <i>1 0 0 0 0.999936 0.011303 0 -0.011303 0.999936 0 2.33478 3.49249</i>
                        <i>1 0 0 0 0.999935 0.0114087 0 -0.0114087 0.999935 0 2.34462 3.49249</i>
                        <i>1 0 0 0 0.999935 0.0114383 0 -0.0114383 0.999935 0 2.35539 3.49249</i>
                        <i>1 0 0 0 0.999935 0.0114003 0 -0.0114003 0.999935 0 2.36669 3.49249</i>
                        <i>1 0 0 0 0.999936 0.011303 0 -0.011303 0.999936 0 2.37813 3.49249</i>
                        <i>1 0 0 0 0.999938 0.0111549 0 -0.0111549 0.999938 0 2.38932 3.49249</i>
                        <i>1 0 0 0 0.99994 0.0109646 0 -0.0109646 0.99994 0 2.39987 3.49249</i>
                        <i>1 0 0 0 0.999942 0.0107404 0 -0.0107404 0.999942 0 2.40937 3.49249</i>
                        <i>1 0 0 0 0.999945 0.0104908 0 -0.0104908 0.999945 0 2.41745 3.49249</i>
                        <i>1 0 0 0 0.999948 0.0102243 0 -0.0102243 0.999948 0 2.4237 3.49249</i>
                        <i>1 0 0 0 0.999951 0.00994937 0 -0.00994937 0.999951 0 2.42773 3.49249</i>
                        <i>1 0 0 0 0.999953 0.00965738 0 -0.00965738 0.999953 0 2.43021 3.49249</i>
                        <i>1 0 0 0 0.999956 0.00933559 0 -0.00933559 0.999956 0 2.4321 3.49249</i>
                        <i>1 0 0 0 0.99996 0.00898619 0 -0.00898619 0.99996 0 2.43346 3.49249</i>
                        <i>1 0 0 0 0.999963 0.00861136 0 -0.00861136 0.999963 0 2.43431 3.49249</i>
                        <i>1 0 0 0 0.999966 0.00821326 0 -0.00821326 0.999966 0 2.4347 3.49249</i>
                        <i>1 0 0 0 0.99997 0.00779409 0 -0.00779409 0.99997 0 2.43468 3.49249</i>
                        <i>1 0 0 0 0.999973 0.00735603 0 -0.00735603 0.999973 0 2.43429 3.49249</i>
                        <i>1 0 0 0 0.999976 0.00690124 0 -0.00690124 0.999976 0 2.43357 3.49249</i>
                        <i>1 0 0 0 0.999979 0.00643192 0 -0.00643192 0.999979 0 2.43256 3.49249</i>
                        <i>1 0 0 0 0.999982 0.00595025 0 -0.00595025 0.999982 0 2.43131 3.49249</i>
                        <i>1 0 0 0 0.999985 0.0054584 0 -0.0054584 0.999985 0 2.42986 3.49249</i>
                        <i>1 0 0 0 0.999988 0.00495855 0 -0.00495855 0.999988 0 2.42826 3.49249</i>
                        <i>1 0 0 0 0.99999 0.00445289 0 -0.00445289 0.99999 0 2.42654 3.49249</i>
                        <i>1 0 0 0 0.999992 0.00394359 0 -0.00394359 0.999992 0 2.42474 3.49249</i>
                        <i>1 0 0 0 0.999994 0.00343284 0 -0.00343284 0.999994 0 2.42292 3.49249</i>
                        <i>1 0 0 0 0.999996 0.00292281 0 -0.00292281 0.999996 0 2.42111 3.49249</i>
                        <i>1 0 0 0 0.999997 0.00241569 0 -0.00241569 0.999997 0 2.41936 3.49249</i>
                        <i>1 0 0 0 0.999998 0.00191366 0 -0.00191366 0.999998 0 2.41771 3.49249</i>
                        <i>1 0 0 0 0.999999 0.00141889 0 -0.00141889 0.999999 0 2.41621 3.49249</i>
                        <i>1 0 0 0 1 0.000933574 0 -0.000933574 1 0 2.41489 3.49249</i>
                        <i>1 0 0 0 1 0.000459882 0 -0.000459882 1 0 2.41379 3.49249</i>
                        <i>1 0 0 0 1 0 0 0 1 0 2.41297 3.49249</i>
                        <i>1 0 0 0 1 0 0 0 1 0 2.41297 3.49249</i>
                        <i>1 0 0 0 1 0 0 0 1 0 2.41297 3.49249</i>
                        <i>1 0 0 0 1 0 0 0 1 0 2.41297 3.49249</i>
                        <i>1 0 0 0 1 0 0 0 1 0 2.41297 3.49249</i>
                        <i>1 0 0 0 1 0 0 0 1 0 2.41297 3.49249</i>
                        <i>1 0 0 0 1 0 0 0 1 0 2.41297 3.49249</i>
                        <i>1 0 0 0 1 0 0 0 1 0 2.41297 3.49249</i>
                        <i>1 0 0 0 1 0 0 0 1 0 2.41297 3.49249</i>
                        <i>1 0 0 0 1 0 0 0 1 0 2.41297 3.49249</i>
                        <i>1 0 0 0 1 0 0 0 1 0 2.41297 3.49249</i>
                        <i>1 0 0 0 1 0 0 0 1 0 2.41297 3.49249</i>
                        <i>1 0 0 0 1 0 0 0 1 0 2.41297 3.49249</i>
                        <i>1 0 0 0 1 0 0 0 1 0 2.41297 3.49249</i>
                        <i>1 0 0 0 1 0 0 0 1 0 2.41297 3.49249</i>
                        <i>1 0 0 0 1 0 0 0 1 0 2.41297 3.49249</i>
                        <i>1 0 0 0 1 0 0 0 1 0 2.41297 3.49249</i>
                        <i>1 0 0 0 1 0 0 0 1 0 2.41297 3.49249</i>
                        <i>1 0 0 0 1 0 0 0 1 0 2.41297 3.49249</i>
                        <i>1 0 0 0 1 0 0 0 1 0 2.41297 3.49249</i>
                        <i>1 0 0 0 1 0 0 0 1 0 2.41297 3.49249</i>
                        <i>1 0 0 0 1 0 0 0 1 0 2.41297 3.49249</i>
                        <i>1 0 0 0 1 0 0 0 1 0 2.41297 3.49249</i>
                        <i>1 0 0 0 1 0 0 0 1 0 2.41297 3.49249</i>
                        <i>1 0 0 0 1 0 0 0 1 0 2.41297 3.49249</i>
                        <i>1 0 0 0 1 0 0 0 1 0 2.41297 3.49249</i>
                        <i>1 0 0 0 1 0 0 0 1 0 2.41297 3.49249</i>
                        <i>1 0 0 0 1 0 0 0 1 0 2.41297 3.49249</i>
                        <i>1 0 0 0 1 0 0 0 1 0 2.41297 3.49249</i>
                        <i>1 0 0 0 1 0 0 0 1 0 2.41297 3.49249</i>
                        <i>1 0 0 0 1 0 0 0 1 0 2.41297 3.49249</i>
                        <i>1 0 0 0 1 0 0 0 1 0 2.41297 3.49249</i>
                        <i>1 0 0 0 1 0 0 0 1 0 2.41297 3.49249</i>
                        <i>1 0 0 0 1 0 0 0 1 0 2.41297 3.49249</i>
                        <i>1 0 0 0 1 0 0 0 1 0 2.41297 3.49249</i>
                        <i>1 0 0 0 1 0 0 0 1 0 2.41297 3.49249</i>
                        <i>1 0 0 0 1 0 0 0 1 0 2.41297 3.49249</i>
                        <i>1 0 0 0 1 0 0 0 1 0 2.41297 3.49249</i>
                        <i>1 0 0 0 1 0 0 0 1 0 2.41297 3.49249</i>
                        <i>1 0 0 0 1 0 0 0 1 0 2.41297 3.49249</i>
                        <i>1 0 0 0 1 0 0 0 1 0 2.41297 3.49249</i>
                        <i>1 0 0 0 1 0 0 0 1 0 2.41297 3.49249</i>
                        <i>1 0 0 0 1 0 0 0 1 0 2.41297 3.49249</i>
                        <i>1 0 0 0 1 0 0 0 1 0 2.41297 3.49249</i>
                        <i>1 0 0 0 1 0 0 0 1 0 2.41297 3.49249</i>
                    </KeyFrames>
                </p>
            </i>
            <i>
                <p>
                    <Name><![CDATA[pitch]]></Name>
                    <Exclude>0</Exclude>
                    <Additive>0</Additive>
                    <IKPriority>0</IKPriority>
                    <IKRotLimits>-1e+010 -1e+010 -1e+010 1e+010 1e+010 1e+010</IKRotLimits>
                    <IKRotLimitOrder>0</IKRotLimitOrder>
                    <KeyFrames count="105">
                        <i>1 0 0 0 0.92388 -0.382683 0 0.382683 0.92388 0 2.57408 1.83438</i>
                        <i>1 0 0 0 0.929824 -0.368005 0 0.368005 0.929824 0 2.57412 1.8343</i>
                        <i>1 0 0 0 0.937738 -0.347343 0 0.347343 0.937738 0 2.57424 1.83409</i>
                        <i>1 0 0 0 0.947011 -0.321201 0 0.321201 0.947011 0 2.57443 1.83379</i>
                        <i>1 0 0 0 0.957 -0.290089 0 0.290089 0.957 0 2.57465 1.83342</i>
                        <i>1 0 0 0 0.96706 -0.25455 0 0.25455 0.96706 0 2.5749 1.83302</i>
                        <i>1 0 0 0 0.976578 -0.215162 0 0.215162 0.976578 0 2.57516 1.83262</i>
                        <i>1 0 0 0 0.985 -0.172557 0 0.172557 0.985 0 2.5754 1.83225</i>
                        <i>1 0 0 0 0.99185 -0.12741 0 0.12741 0.99185 0 2.57562 1.83192</i>
                        <i>1 0 0 0 0.996759 -0.0804459 0 0.0804459 0.996759 0 2.5758 1.83166</i>
                        <i>1 0 0 0 0.999474 -0.0324208 0 0.0324208 0.999474 0 2.57592 1.83149</i>
                        <i>1 0 0 0 0.999874 0.0158851 0 -0.0158851 0.999874 0 2.57596 1.83143</i>
                        <i>1 0 0 0 0.997974 0.0636174 0 -0.0636174 0.997974 0 2.57655 1.83149</i>
                        <i>1 0 0 0 0.993965 0.109701 0 -0.109701 0.993965 0 2.57801 1.83166</i>
                        <i>1 0 0 0 0.988219 0.153044 0 -0.153044 0.988219 0 2.57988 1.83192</i>
                        <i>1 0 0 0 0.981277 0.192603 0 -0.192603 0.981277 0 2.5817 1.83226</i>
                        <i>1 0 0 0 0.973803 0.227391 0 -0.227391 0.973803 0 2.58302 1.83265</i>
                        <i>1 0 0 0 0.96655 0.256476 0 -0.256476 0.96655 0 2.58337 1.83308</i>
                        <i>1 0 0 0 0.9603 0.278971 0 -0.278971 0.9603 0 2.58231 1.83353</i>
                        <i>1 0 0 0 0.955804 0.294006 0 -0.294006 0.955804 0 2.57936 1.83397</i>
                        <i>1 0 0 0 0.953717 0.300706 0 -0.300706 0.953717 0 2.57408 1.83438</i>
                        <i>1 0 0 0 0.95547 0.295087 0 -0.295087 0.95547 0 2.55692 1.83483</i>
                        <i>1 0 0 0 0.957094 0.289779 0 -0.289779 0.957094 0 2.52794 1.83535</i>
                        <i>1 0 0 0 0.955542 0.294854 0 -0.294854 0.955542 0 2.50104 1.83581</i>
                        <i>1 0 0 0 0.953368 0.30181 0 -0.30181 0.953368 0 2.49014 1.83606</i>
                        <i>1 0 0 0 0.951409 0.30793 0 -0.30793 0.951409 0 2.49316 1.83615</i>
                        <i>1 0 0 0 0.950405 0.311016 0 -0.311016 0.950405 0 2.4985 1.83622</i>
                        <i>1 0 0 0 0.950233 0.311542 0 -0.311542 0.950233 0 2.50578 1.83627</i>
                        <i>1 0 0 0 0.950095 0.311961 0 -0.311961 0.950095 0 2.51462 1.83631</i>
                        <i>1 0 0 0 0.949989 0.312282 0 -0.312282 0.949989 0 2.52463 1.83632</i>
                        <i>1 0 0 0 0.949913 0.312514 0 -0.312514 0.949913 0 2.53545 1.83633</i>
                        <i>1 0 0 0 0.949863 0.312666 0 -0.312666 0.949863 0 2.54669 1.83632</i>
                        <i>1 0 0 0 0.949837 0.312745 0 -0.312745 0.949837 0 2.55797 1.83631</i>
                        <i>1 0 0 0 0.949832 0.312761 0 -0.312761 0.949832 0 2.56892 1.83628</i>
                        <i>1 0 0 0 0.949845 0.312721 0 -0.312721 0.949845 0 2.57914 1.83625</i>
                        <i>1 0 0 0 0.949873 0.312635 0 -0.312635 0.949873 0 2.58828 1.83621</i>
                        <i>1 0 0 0 0.949914 0.312511 0 -0.312511 0.949914 0 2.59594 1.83616</i>
                        <i>1 0 0 0 0.949965 0.312357 0 -0.312357 0.949965 0 2.60175 1.83611</i>
                        <i>1 0 0 0 0.950022 0.312182 0 -0.312182 0.950022 0 2.60532 1.83606</i>
                        <i>1 0 0 0 0.950089 0.311978 0 -0.311978 0.950089 0 2.60732 1.83601</i>
                        <i>1 0 0 0 0.95017 0.311734 0 -0.311734 0.95017 0 2.60868 1.83596</i>
                        <i>1 0 0 0 0.950262 0.311451 0 -0.311451 0.950262 0 2.60946 1.83589</i>
                        <i>1 0 0 0 0.950366 0.311134 0 -0.311134 0.950366 0 2.60969 1.83583</i>
                        <i>1 0 0 0 0.950481 0.310783 0 -0.310783 0.950481 0 2.60942 1.83576</i>
                        <i>1 0 0 0 0.950605 0.310402 0 -0.310402 0.950605 0 2.60871 1.83569</i>
                        <i>1 0 0 0 0.950739 0.309994 0 -0.309994 0.950739 0 2.60759 1.83561</i>
                        <i>1 0 0 0 0.95088 0.30956 0 -0.30956 0.95088 0 2.60612 1.83553</i>
                        <i>1 0 0 0 0.951029 0.309103 0 -0.309103 0.951029 0 2.60433 1.83545</i>
                        <i>1 0 0 0 0.951183 0.308626 0 -0.308626 0.951183 0 2.60228 1.83537</i>
                        <i>1 0 0 0 0.951344 0.308132 0 -0.308132 0.951344 0 2.60002 1.83528</i>
                        <i>1 0 0 0 0.951509 0.307622 0 -0.307622 0.951509 0 2.59758 1.8352</i>
                        <i>1 0 0 0 0.951677 0.3071 0 -0.3071 0.951677 0 2.59502 1.83511</i>
                        <i>1 0 0 0 0.951849 0.306568 0 -0.306568 0.951849 0 2.59239 1.83503</i>
                        <i>1 0 0 0 0.952022 0.306028 0 -0.306028 0.952022 0 2.58972 1.83494</i>
                        <i>1 0 0 0 0.952197 0.305483 0 -0.305483 0.952197 0 2.58706 1.83486</i>
                        <i>1 0 0 0 0.952373 0.304936 0 -0.304936 0.952373 0 2.58447 1.83477</i>
                        <i>1 0 0 0 0.952548 0.30439 0 -0.30439 0.952548 0 2.58199 1.83469</i>
                        <i>1 0 0 0 0.952721 0.303845 0 -0.303845 0.952721 0 2.57966 1.83461</i>
                        <i>1 0 0 0 0.952893 0.303307 0 -0.303307 0.952893 0 2.57754 1.83453</i>
                        <i>1 0 0 0 0.953062 0.302776 0 -0.302776 0.953062 0 2.57566 1.83445</i>
                        <i>1 0 0 0 0.953227 0.302255 0 -0.302255 0.953227 0 2.57408 1.83438</i>
                        <i>1 0 0 0 0.953254 0.30217 0 -0.30217 0.953254 0 2.57408 1.83438</i>
                        <i>1 0 0 0 0.953281 0.302084 0 -0.302084 0.953281 0 2.57408 1.83438</i>
                        <i>1 0 0 0 0.953309 0.301997 0 -0.301997 0.953309 0 2.57408 1.83438</i>
                        <i>1 0 0 0 0.953337 0.301908 0 -0.301908 0.953337 0 2.57408 1.83438</i>
                        <i>1 0 0 0 0.953365 0.30182 0 -0.30182 0.953365 0 2.57408 1.83438</i>
                        <i>1 0 0 0 0.953393 0.301731 0 -0.301731 0.953393 0 2.57408 1.83438</i>
                        <i>1 0 0 0 0.953421 0.301643 0 -0.301643 0.953421 0 2.57408 1.83438</i>
                        <i>1 0 0 0 0.953448 0.301556 0 -0.301556 0.953448 0 2.57408 1.83438</i>
                        <i>1 0 0 0 0.953475 0.301471 0 -0.301471 0.953475 0 2.57408 1.83438</i>
                        <i>1 0 0 0 0.953502 0.301388 0 -0.301388 0.953502 0 2.57408 1.83438</i>
                        <i>1 0 0 0 0.953527 0.301307 0 -0.301307 0.953527 0 2.57408 1.83438</i>
                        <i>1 0 0 0 0.953552 0.30123 0 -0.30123 0.953552 0 2.57408 1.83438</i>
                        <i>1 0 0 0 0.953575 0.301156 0 -0.301156 0.953575 0 2.57408 1.83438</i>
                        <i>1 0 0 0 0.953597 0.301086 0 -0.301086 0.953597 0 2.57408 1.83438</i>
                        <i>1 0 0 0 0.953618 0.30102 0 -0.30102 0.953618 0 2.57408 1.83438</i>
                        <i>1 0 0 0 0.953637 0.300959 0 -0.300959 0.953637 0 2.57408 1.83438</i>
                        <i>1 0 0 0 0.953655 0.300904 0 -0.300904 0.953655 0 2.57408 1.83438</i>
                        <i>1 0 0 0 0.95367 0.300854 0 -0.300854 0.95367 0 2.57408 1.83438</i>
                        <i>1 0 0 0 0.953684 0.300811 0 -0.300811 0.953684 0 2.57408 1.83438</i>
                        <i>1 0 0 0 0.953695 0.300774 0 -0.300774 0.953695 0 2.57408 1.83438</i>
                        <i>1 0 0 0 0.953705 0.300745 0 -0.300745 0.953705 0 2.57408 1.83438</i>
                        <i>1 0 0 0 0.953711 0.300724 0 -0.300724 0.953711 0 2.57408 1.83438</i>
                        <i>1 0 0 0 0.953716 0.30071 0 -0.30071 0.953716 0 2.57408 1.83438</i>
                        <i>1 0 0 0 0.953717 0.300706 0 -0.300706 0.953717 0 2.57408 1.83438</i>
                        <i>1 0 0 0 0.954735 0.297458 0 -0.297458 0.954735 0 2.57408 1.83438</i>
                        <i>1 0 0 0 0.957622 0.288029 0 -0.288029 0.957622 0 2.57408 1.83438</i>
                        <i>1 0 0 0 0.962052 0.272868 0 -0.272868 0.962052 0 2.57408 1.83438</i>
                        <i>1 0 0 0 0.967621 0.252407 0 -0.252407 0.967621 0 2.57408 1.83438</i>
                        <i>1 0 0 0 0.973877 0.227076 0 -0.227076 0.973877 0 2.57408 1.83438</i>
                        <i>1 0 0 0 0.98034 0.197315 0 -0.197315 0.98034 0 2.57408 1.83438</i>
                        <i>1 0 0 0 0.986529 0.163584 0 -0.163584 0.986529 0 2.57408 1.83438</i>
                        <i>1 0 0 0 0.991983 0.126372 0 -0.126372 0.991983 0 2.57408 1.83438</i>
                        <i>1 0 0 0 0.996278 0.0861995 0 -0.0861995 0.996278 0 2.57408 1.83438</i>
                        <i>1 0 0 0 0.999048 0.0436192 0 -0.0436192 0.999048 0 2.57408 1.83438</i>
                        <i>1 0 0 0 1 -0.000785515 0 0.000785515 1 0 2.57408 1.83438</i>
                        <i>1 0 0 0 0.998923 -0.0464092 0 0.0464092 0.998923 0 2.57408 1.83438</i>
                        <i>1 0 0 0 0.9957 -0.0926313 0 0.0926313 0.9957 0 2.57408 1.83438</i>
                        <i>1 0 0 0 0.990317 -0.138827 0 0.138827 0.990317 0 2.57408 1.83438</i>
                        <i>1 0 0 0 0.982855 -0.18438 0 0.18438 0.982855 0 2.57408 1.83438</i>
                        <i>1 0 0 0 0.973499 -0.228691 0 0.228691 0.973499 0 2.57408 1.83438</i>
                        <i>1 0 0 0 0.962526 -0.271188 0 0.271188 0.962526 0 2.57408 1.83438</i>
                        <i>1 0 0 0 0.950299 -0.31134 0 0.31134 0.950299 0 2.57408 1.83438</i>
                        <i>1 0 0 0 0.937252 -0.348654 0 0.348654 0.937252 0 2.57408 1.83438</i>
                        <i>1 0 0 0 0.92388 -0.382683 0 0.382683 0.92388 0 2.57408 1.83438</i>
                    </KeyFrames>
                </p>
            </i>
            <i>
                <p>
                    <Name><![CDATA[barrel]]></Name>
                    <Exclude>0</Exclude>
                    <Additive>0</Additive>
                    <IKPriority>0</IKPriority>
                    <IKRotLimits>-1e+010 -1e+010 -1e+010 1e+010 1e+010 1e+010</IKRotLimits>
                    <IKRotLimitOrder>0</IKRotLimitOrder>
                    <KeyFrames count="105">
                        <i>1 0 0 0 0.92388 -0.382683 0 0.382683 0.92388 0 3.66162 1.49082</i>
                        <i>1 0 0 0 0.929824 -0.368005 0 0.368005 0.929824 0 3.66693 1.50796</i>
                        <i>1 0 0 0 0.937738 -0.347343 0 0.347343 0.937738 0 3.6739 1.53188</i>
                        <i>1 0 0 0 0.947011 -0.321201 0 0.321201 0.947011 0 3.68188 1.56196</i>
                        <i>1 0 0 0 0.957 -0.290089 0 0.290089 0.957 0 3.69017 1.5976</i>
                        <i>1 0 0 0 0.96706 -0.25455 0 0.25455 0.96706 0 3.69811 1.63815</i>
                        <i>1 0 0 0 0.976578 -0.215162 0 0.215162 0.976578 0 3.70505 1.68291</i>
                        <i>1 0 0 0 0.985 -0.172557 0 0.172557 0.985 0 3.71043 1.73115</i>
                        <i>1 0 0 0 0.99185 -0.12741 0 0.12741 0.99185 0 3.71376 1.78206</i>
                        <i>1 0 0 0 0.996759 -0.0804459 0 0.0804459 0.996759 0 3.71471 1.83481</i>
                        <i>1 0 0 0 0.999474 -0.0324208 0 0.0324208 0.999474 0 3.71306 1.88855</i>
                        <i>1 0 0 0 0.999874 0.0158851 0 -0.0158851 0.999874 0 3.70874 1.94239</i>
                        <i>1 0 0 0 0.997974 0.0636174 0 -0.0636174 0.997974 0 3.70249 1.99541</i>
                        <i>1 0 0 0 0.993965 0.109701 0 -0.109701 0.993965 0 3.69494 2.04638</i>
                        <i>1 0 0 0 0.988219 0.153044 0 -0.153044 0.988219 0 3.68618 2.0941</i>
                        <i>1 0 0 0 0.981277 0.192603 0 -0.192603 0.981277 0 3.67645 2.13744</i>
                        <i>1 0 0 0 0.973803 0.227391 0 -0.227391 0.973803 0 3.66612 2.17532</i>
                        <i>1 0 0 0 0.96655 0.256476 0 -0.256476 0.96655 0 3.65566 2.20675</i>
                        <i>1 0 0 0 0.9603 0.278971 0 -0.278971 0.9603 0 3.64554 2.23078</i>
                        <i>1 0 0 0 0.955804 0.294006 0 -0.294006 0.955804 0 3.63622 2.24647</i>
                        <i>1 0 0 0 0.953717 0.300706 0 -0.300706 0.953717 0 3.62802 2.25287</i>
                        <i>1 0 0 0 0.95547 0.295087 0 -0.295087 0.95547 0 3.6133 2.24567</i>
                        <i>1 0 0 0 0.957094 0.289779 0 -0.289779 0.957094 0 3.58657 2.23886</i>
                        <i>1 0 0 0 0.955542 0.294854 0 -0.294854 0.955542 0 3.55751 2.24346</i>
                        <i>1 0 0 0 0.953368 0.30181 0 -0.30181 0.953368 0 3.54361 2.24991</i>
                        <i>1 0 0 0 0.951409 0.30793 0 -0.30793 0.951409 0 3.54396 2.25527</i>
                        <i>1 0 0 0 0.950405 0.311016 0 -0.311016 0.950405 0 3.54795 2.25725</i>
                        <i>1 0 0 0 0.950233 0.311542 0 -0.311542 0.950233 0 3.55501 2.25639</i>
                        <i>1 0 0 0 0.950095 0.311961 0 -0.311961 0.950095 0 3.56368 2.2554</i>
                        <i>1 0 0 0 0.949989 0.312282 0 -0.312282 0.949989 0 3.57357 2.25431</i>
                        <i>1 0 0 0 0.949913 0.312514 0 -0.312514 0.949913 0 3.5843 2.25311</i>
                        <i>1 0 0 0 0.949863 0.312666 0 -0.312666 0.949863 0 3.59549 2.25184</i>
                        <i>1 0 0 0 0.949837 0.312745 0 -0.312745 0.949837 0 3.60676 2.25051</i>
                        <i>1 0 0 0 0.949832 0.312761 0 -0.312761 0.949832 0 3.61771 2.24912</i>
                        <i>1 0 0 0 0.949845 0.312721 0 -0.312721 0.949845 0 3.62798 2.24771</i>
                        <i>1 0 0 0 0.949873 0.312635 0 -0.312635 0.949873 0 3.63716 2.24627</i>
                        <i>1 0 0 0 0.949914 0.312511 0 -0.312511 0.949914 0 3.64489 2.24484</i>
                        <i>1 0 0 0 0.949965 0.312357 0 -0.312357 0.949965 0 3.65078 2.24341</i>
                        <i>1 0 0 0 0.950022 0.312182 0 -0.312182 0.950022 0 3.65444 2.24202</i>
                        <i>1 0 0 0 0.950089 0.311978 0 -0.311978 0.950089 0 3.65654 2.24066</i>
                        <i>1 0 0 0 0.95017 0.311734 0 -0.311734 0.95017 0 3.65802 2.2393</i>
                        <i>1 0 0 0 0.950262 0.311451 0 -0.311451 0.950262 0 3.65893 2.23797</i>
                        <i>1 0 0 0 0.950366 0.311134 0 -0.311134 0.950366 0 3.6593 2.23667</i>
                        <i>1 0 0 0 0.950481 0.310783 0 -0.310783 0.950481 0 3.65919 2.2354</i>
                        <i>1 0 0 0 0.950605 0.310402 0 -0.310402 0.950605 0 3.65864 2.23418</i>
                        <i>1 0 0 0 0.950739 0.309994 0 -0.309994 0.950739 0 3.6577 2.23302</i>
                        <i>1 0 0 0 0.95088 0.30956 0 -0.30956 0.95088 0 3.65642 2.23191</i>
                        <i>1 0 0 0 0.951029 0.309103 0 -0.309103 0.951029 0 3.65483 2.23088</i>
                        <i>1 0 0 0 0.951183 0.308626 0 -0.308626 0.951183 0 3.65298 2.22992</i>
                        <i>1 0 0 0 0.951344 0.308132 0 -0.308132 0.951344 0 3.65092 2.22904</i>
                        <i>1 0 0 0 0.951509 0.307622 0 -0.307622 0.951509 0 3.6487 2.22826</i>
                        <i>1 0 0 0 0.951677 0.3071 0 -0.3071 0.951677 0 3.64635 2.22758</i>
                        <i>1 0 0 0 0.951849 0.306568 0 -0.306568 0.951849 0 3.64393 2.227</i>
                        <i>1 0 0 0 0.952022 0.306028 0 -0.306028 0.952022 0 3.64149 2.22655</i>
                        <i>1 0 0 0 0.952197 0.305483 0 -0.305483 0.952197 0 3.63906 2.22621</i>
                        <i>1 0 0 0 0.952373 0.304936 0 -0.304936 0.952373 0 3.63669 2.22601</i>
                        <i>1 0 0 0 0.952548 0.30439 0 -0.30439 0.952548 0 3.63443 2.22595</i>
                        <i>1 0 0 0 0.952721 0.303845 0 -0.303845 0.952721 0 3.63232 2.22604</i>
                        <i>1 0 0 0 0.952893 0.303307 0 -0.303307 0.952893 0 3.63041 2.22628</i>
                        <i>1 0 0 0 0.953062 0.302776 0 -0.302776 0.953062 0 3.62875 2.22668</i>
                        <i>1 0 0 0 0.953227 0.302255 0 -0.302255 0.953227 0 3.62738 2.22725</i>
                        <i>1 0 0 0 0.953254 0.30217 0 -0.30217 0.953254 0 3.62741 2.22855</i>
                        <i>1 0 0 0 0.953281 0.302084 0 -0.302084 0.953281 0 3.62745 2.23</i>
