<?xml version="1.0" encoding="ISO-8859-1" ?>
<Animl Version="1">
    <ModellingPackage><![CDATA[Maya.2010]]></ModellingPackage>
    <SrcFile><![CDATA[anims\characters\shared\commando\~src\commando_death_headshot.mb]]></SrcFile>
    <FramesPerSecond>30</FramesPerSecond>
    <TotalFrames>55</TotalFrames>
    <Skeleton>
        <RefFrame>
            <Name><![CDATA[commando_ref_frame]]></Name>
            <Exclude>0</Exclude>
            <Additive>0</Additive>
            <IKPriority>0</IKPriority>
            <IKRotLimits>-1e+010 -1e+010 -1e+010 1e+010 1e+010 1e+010</IKRotLimits>
            <IKRotLimitOrder>0</IKRotLimitOrder>
            <KeyFrames count="55">
                <i>1 0 0 0 1 0 0 0 1 0 0 0</i>
                <i>1 0 0 0 1 0 0 0 1 -0.000383595 0 0.0101703</i>
                <i>1 0 0 0 1 0 0 0 1 -0.000828136 0 0.0201291</i>
                <i>1 0 0 0 1 0 0 0 1 -0.00132709 0 0.00812958</i>
                <i>1 0 0 0 1 0 0 0 1 -0.00976723 0 -0.0288309</i>
                <i>1 0 0 0 1 0 0 0 1 -0.0288248 0 -0.078998</i>
                <i>1 0 0 0 1 0 0 0 1 -0.0505536 0 -0.141547</i>
                <i>1 0 0 0 1 0 0 0 1 -0.0675935 0 -0.215122</i>
                <i>1 0 0 0 1 0 0 0 1 -0.0800937 0 -0.29729</i>
                <i>1 0 0 0 1 0 0 0 1 -0.0913568 0 -0.385357</i>
                <i>1 0 0 0 1 0 0 0 1 -0.0993893 0 -0.477505</i>
                <i>1 0 0 0 1 0 0 0 1 -0.102186 0 -0.571912</i>
                <i>1 0 0 0 1 0 0 0 1 -0.0878599 0 -0.666785</i>
                <i>1 0 0 0 1 0 0 0 1 -0.0644533 0 -0.760321</i>
                <i>1 0 0 0 1 0 0 0 1 -0.0425838 0 -0.850466</i>
                <i>1 0 0 0 1 0 0 0 1 -0.0210551 0 -0.935254</i>
                <i>1 0 0 0 1 0 0 0 1 -0.0101766 0 -1.01297</i>
                <i>1 0 0 0 1 0 0 0 1 -0.0134133 0 -1.08289</i>
                <i>1 0 0 0 1 0 0 0 1 -0.0242265 0 -1.14605</i>
                <i>1 0 0 0 1 0 0 0 1 -0.0379664 0 -1.20348</i>
                <i>1 0 0 0 1 0 0 0 1 -0.0499994 0 -1.2563</i>
                <i>1 0 0 0 1 0 0 0 1 -0.0591075 0 -1.30562</i>
                <i>1 0 0 0 1 0 0 0 1 -0.0676578 0 -1.35262</i>
                <i>1 0 0 0 1 0 0 0 1 -0.0768986 0 -1.39864</i>
                <i>1 0 0 0 1 0 0 0 1 -0.087592 0 -1.44142</i>
                <i>1 0 0 0 1 0 0 0 1 -0.0992565 0 -1.47856</i>
                <i>1 0 0 0 1 0 0 0 1 -0.11121 0 -1.51119</i>
                <i>1 0 0 0 1 0 0 0 1 -0.123085 0 -1.54027</i>
                <i>1 0 0 0 1 0 0 0 1 -0.134589 0 -1.56678</i>
                <i>1 0 0 0 1 0 0 0 1 -0.148066 0 -1.58938</i>
                <i>1 0 0 0 1 0 0 0 1 -0.163662 0 -1.60715</i>
                <i>1 0 0 0 1 0 0 0 1 -0.177664 0 -1.62206</i>
                <i>1 0 0 0 1 0 0 0 1 -0.19154 0 -1.63658</i>
                <i>1 0 0 0 1 0 0 0 1 -0.197828 0 -1.65177</i>
                <i>1 0 0 0 1 0 0 0 1 -0.188586 0 -1.66685</i>
                <i>1 0 0 0 1 0 0 0 1 -0.165276 0 -1.68098</i>
                <i>1 0 0 0 1 0 0 0 1 -0.13513 0 -1.6923</i>
                <i>1 0 0 0 1 0 0 0 1 -0.108434 0 -1.7018</i>
                <i>1 0 0 0 1 0 0 0 1 -0.0908516 0 -1.71347</i>
                <i>1 0 0 0 1 0 0 0 1 -0.0827885 0 -1.72946</i>
                <i>1 0 0 0 1 0 0 0 1 -0.0792835 0 -1.74846</i>
                <i>1 0 0 0 1 0 0 0 1 -0.0747806 0 -1.76729</i>
                <i>1 0 0 0 1 0 0 0 1 -0.0661448 0 -1.78261</i>
                <i>1 0 0 0 1 0 0 0 1 -0.0520754 0 -1.79268</i>
                <i>1 0 0 0 1 0 0 0 1 -0.0527736 0 -1.79155</i>
                <i>1 0 0 0 1 0 0 0 1 -0.059815 0 -1.7856</i>
                <i>1 0 0 0 1 0 0 0 1 -0.0600581 0 -1.78481</i>
                <i>1 0 0 0 1 0 0 0 1 -0.0658018 0 -1.78514</i>
                <i>1 0 0 0 1 0 0 0 1 -0.0699599 0 -1.78559</i>
                <i>1 0 0 0 1 0 0 0 1 -0.0673902 0 -1.78572</i>
                <i>1 0 0 0 1 0 0 0 1 -0.059815 0 -1.7856</i>
                <i>1 0 0 0 1 0 0 0 1 -0.059815 0 -1.7856</i>
                <i>1 0 0 0 1 0 0 0 1 -0.059815 0 -1.7856</i>
                <i>1 0 0 0 1 0 0 0 1 -0.059815 0 -1.7856</i>
                <i>1 0 0 0 1 0 0 0 1 -0.059815 0 -1.7856</i>
            </KeyFrames>
        </RefFrame>
        <Bones count="28">
            <i>
                <p>
                    <Name><![CDATA[pelvis]]></Name>
                    <Exclude>0</Exclude>
                    <Additive>0</Additive>
                    <IKPriority>0</IKPriority>
                    <IKRotLimits>-1e+010 -1e+010 -1e+010 1e+010 1e+010 1e+010</IKRotLimits>
                    <IKRotLimitOrder>2</IKRotLimitOrder>
                    <KeyFrames count="55">
                        <i>0.875262 -0.00180821 -0.483646 0.000872043 0.999997 -0.00216054 0.483648 0.00146928 0.875261 -0.0476351 1.16992 0.0220958</i>
                        <i>0.86235 0.00566002 -0.506281 -0.0190176 0.999594 -0.0212177 0.505955 0.0279254 0.862107 -0.0480187 1.13891 0.0322661</i>
                        <i>0.84653 0.0139237 -0.532159 -0.0413315 0.998359 -0.0396262 0.530734 0.0555397 0.845716 -0.0484633 1.10796 0.0422249</i>
                        <i>0.828191 0.0226938 -0.559987 -0.0659223 0.996188 -0.0571245 0.556556 0.0842256 0.82653 -0.0489622 1.10215 0.0302254</i>
                        <i>0.868656 0.0540765 -0.492456 -0.142352 0.97935 -0.143557 0.474524 0.194804 0.858416 -0.0574024 1.13026 -0.00673507</i>
                        <i>0.949333 0.112528 -0.293437 -0.212522 0.917707 -0.335632 0.231521 0.380988 0.895124 -0.07646 1.17627 -0.0569022</i>
                        <i>0.984227 0.159964 -0.0755488 -0.175415 0.827113 -0.53396 -0.0229272 0.538791 0.842128 -0.0981888 1.22835 -0.119451</i>
                        <i>0.986994 0.16016 0.0138444 -0.111124 0.74196 -0.661171 -0.116165 0.651033 0.750108 -0.115229 1.27484 -0.193026</i>
                        <i>0.99121 0.131836 -0.0110594 -0.0974308 0.670863 -0.735153 -0.0895004 0.729768 0.677811 -0.127729 1.32375 -0.275194</i>
                        <i>0.993719 0.106589 -0.0340696 -0.0925331 0.611506 -0.785811 -0.0629249 0.784028 0.617528 -0.138992 1.3776 -0.363261</i>
                        <i>0.994981 0.0854375 -0.0520973 -0.091154 0.559028 -0.824123 -0.0412872 0.824735 0.56401 -0.147024 1.41651 -0.455409</i>
                        <i>0.995786 0.0683895 -0.061106 -0.0873947 0.505586 -0.858339 -0.0278071 0.860062 0.509432 -0.149821 1.42059 -0.549816</i>
                        <i>0.995634 0.0760807 -0.0540759 -0.0828456 0.453386 -0.887456 -0.0430009 0.888061 0.45771 -0.135495 1.31096 -0.644689</i>
                        <i>0.99065 0.132782 -0.0313362 -0.0839101 0.411896 -0.907359 -0.107574 0.901505 0.419186 -0.112088 1.15514 -0.738225</i>
                        <i>0.982925 0.183342 -0.015625 -0.0792069 0.344933 -0.935279 -0.166086 0.920547 0.353565 -0.0902189 1.05518 -0.82837</i>
                        <i>0.969912 0.241898 -0.027497 -0.0912525 0.256507 -0.962225 -0.225707 0.935783 0.270863 -0.0686903 0.964184 -0.913159</i>
                        <i>0.953662 0.297144 -0.0472681 -0.0979985 0.158223 -0.982528 -0.284474 0.941632 0.180011 -0.0578117 0.858711 -0.990878</i>
                        <i>0.941037 0.334096 -0.053194 -0.0798407 0.066529 -0.994585 -0.328748 0.940188 0.0892806 -0.0610484 0.725652 -1.0608</i>
                        <i>0.926461 0.372387 -0.0547521 -0.0555505 -0.0085936 -0.998419 -0.372269 0.928038 0.0127246 -0.0718616 0.578896 -1.12395</i>
                        <i>0.907299 0.416761 -0.0558433 -0.0282518 -0.0720865 -0.996998 -0.419535 0.906153 -0.0536298 -0.0856016 0.43566 -1.18139</i>
                        <i>0.88445 0.463425 -0.0546397 0.00741592 -0.131038 -0.99135 -0.466576 0.876394 -0.119333 -0.0976345 0.313212 -1.23421</i>
                        <i>0.859022 0.509338 -0.0515266 0.0558195 -0.193238 -0.979563 -0.508886 0.83859 -0.194427 -0.106743 0.216657 -1.28353</i>
                        <i>0.818088 0.573101 -0.0478246 0.134497 -0.271517 -0.95299 -0.559145 0.773197 -0.299205 -0.115293 0.146464 -1.33053</i>
                        <i>0.76518 0.642244 -0.0449609 0.227354 -0.334888 -0.914418 -0.602337 0.689472 -0.402266 -0.124534 0.113538 -1.37654</i>
                        <i>0.732284 0.680038 -0.0361807 0.285615 -0.354921 -0.890199 -0.618211 0.641545 -0.454132 -0.135227 0.116494 -1.41932</i>
                        <i>0.736651 0.676217 -0.00872924 0.293698 -0.33152 -0.896569 -0.609169 0.657895 -0.442818 -0.146892 0.140265 -1.45647</i>
                        <i>0.756267 0.65327 0.0360268 0.292134 -0.287897 -0.912016 -0.585421 0.700252 -0.40857 -0.158845 0.175062 -1.48909</i>
                        <i>0.799167 0.593691 0.0941377 0.287066 -0.239347 -0.927527 -0.528133 0.768273 -0.361707 -0.17072 0.211381 -1.51817</i>
                        <i>0.855929 0.493052 0.155837 0.283997 -0.196385 -0.938498 -0.432125 0.847545 -0.308116 -0.182224 0.239673 -1.54468</i>
                        <i>0.903218 0.379457 0.200523 0.281373 -0.170746 -0.944285 -0.324077 0.909318 -0.260989 -0.195701 0.260226 -1.56729</i>
                        <i>0.933543 0.288803 0.212345 0.269423 -0.174553 -0.947071 -0.236451 0.941342 -0.240763 -0.211297 0.279269 -1.58505</i>
                        <i>0.945066 0.248545 0.212308 0.261466 -0.184995 -0.947318 -0.196176 0.95079 -0.239818 -0.225299 0.296224 -1.59996</i>
                        <i>0.949833 0.223305 0.218981 0.262648 -0.189372 -0.946126 -0.169806 0.956176 -0.238522 -0.239175 0.330845 -1.61448</i>
                        <i>0.952963 0.201414 0.22648 0.265446 -0.193979 -0.94441 -0.146285 0.960107 -0.238319 -0.245463 0.386209 -1.62968</i>
                        <i>0.956227 0.178001 0.232262 0.266639 -0.203013 -0.942173 -0.120555 0.962861 -0.241589 -0.236221 0.436641 -1.64475</i>
                        <i>0.961066 0.147967 0.233363 0.262028 -0.219933 -0.939665 -0.0877149 0.964228 -0.250142 -0.212911 0.455412 -1.65889</i>
                        <i>0.967481 0.111365 0.227108 0.247574 -0.232901 -0.94046 -0.0518409 0.966103 -0.252898 -0.182765 0.430444 -1.6702</i>
                        <i>0.973901 0.0709235 0.215607 0.226314 -0.231156 -0.946229 -0.0172711 0.970328 -0.241174 -0.156069 0.379013 -1.6797</i>
                        <i>0.978984 0.0265992 0.202196 0.203117 -0.21604 -0.955024 0.0182796 0.976022 -0.216902 -0.138487 0.317543 -1.69137</i>
                        <i>0.981651 -0.0215128 0.189471 0.18205 -0.189938 -0.96477 0.0567428 0.98156 -0.182537 -0.130424 0.26319 -1.70736</i>
                        <i>0.981103 -0.0731609 0.179119 0.166108 -0.156232 -0.973653 0.0992173 0.985007 -0.141127 -0.126919 0.23258 -1.72637</i>
                        <i>0.976789 -0.127855 0.171861 0.156916 -0.119044 -0.980411 0.145809 0.984623 -0.0962187 -0.122416 0.235352 -1.74519</i>
                        <i>0.968397 -0.184755 0.167551 0.154539 -0.0828188 -0.984509 0.19577 0.979289 -0.0516496 -0.11378 0.260745 -1.76051</i>
                        <i>0.955916 -0.242621 0.16541 0.15749 -0.0518224 -0.98616 0.247835 0.968736 -0.0113274 -0.0997106 0.292922 -1.77058</i>
                        <i>0.939711 -0.299884 0.164354 0.162988 -0.0297466 -0.98618 0.300628 0.953512 0.0209242 -0.100409 0.314645 -1.76946</i>
                        <i>0.92053 -0.354875 0.163367 0.167398 -0.0195427 -0.985696 0.352992 0.934709 0.0414156 -0.10745 0.312394 -1.7635</i>
                        <i>0.902468 -0.398804 0.162806 0.167589 -0.0231086 -0.985586 0.396818 0.916745 0.0459805 -0.107693 0.295182 -1.76271</i>
                        <i>0.90513 -0.393516 0.160886 0.164575 -0.0246017 -0.986058 0.391988 0.918988 0.0424953 -0.113437 0.255045 -1.76304</i>
                        <i>0.924092 -0.348088 0.157762 0.160679 -0.0206729 -0.98679 0.346751 0.937234 0.0368269 -0.117595 0.201204 -1.7635</i>
                        <i>0.945375 -0.286858 0.154847 0.157371 -0.0143881 -0.987435 0.285482 0.957865 0.0315409 -0.115025 0.143588 -1.76362</i>
                        <i>0.959523 -0.236081 0.15356 0.15611 -0.00796964 -0.987707 0.234403 0.971701 0.0292075 -0.10745 0.0928851 -1.7635</i>
                        <i>0.959523 -0.236081 0.15356 0.15611 -0.00796964 -0.987707 0.234403 0.971701 0.0292075 -0.10745 0.0928851 -1.7635</i>
                        <i>0.959523 -0.236081 0.15356 0.15611 -0.00796964 -0.987707 0.234403 0.971701 0.0292075 -0.10745 0.0928851 -1.7635</i>
                        <i>0.959523 -0.236081 0.15356 0.15611 -0.00796964 -0.987707 0.234403 0.971701 0.0292075 -0.10745 0.0928851 -1.7635</i>
                        <i>0.959523 -0.236081 0.15356 0.15611 -0.00796964 -0.987707 0.234403 0.971701 0.0292075 -0.10745 0.0928851 -1.7635</i>
                    </KeyFrames>
                </p>
            </i>
            <i>
                <p>
                    <Name><![CDATA[spine0]]></Name>
                    <Exclude>0</Exclude>
                    <Additive>0</Additive>
                    <IKPriority>0</IKPriority>
                    <IKRotLimits>-1e+010 -1e+010 -1e+010 1e+010 1e+010 1e+010</IKRotLimits>
                    <IKRotLimitOrder>0</IKRotLimitOrder>
                    <KeyFrames count="55">
                        <i>-0.00769412 0.999902 -0.0116821 -0.875293 -0.00108534 0.483591 0.483531 0.0139461 0.875216 -0.070622 1.3055 -0.0202706</i>
                        <i>0.0258831 0.999664 -0.00106139 -0.862069 0.0228581 0.506274 0.506129 -0.012189 0.862372 -0.0761539 1.27314 -0.0133794</i>
                        <i>0.0567463 0.998352 -0.00852252 -0.846287 0.0526284 0.530121 0.529696 -0.0228699 0.847879 -0.0823624 1.24062 -0.00641142</i>
                        <i>0.0634092 0.993281 -0.0968062 -0.827615 0.106543 0.551091 0.557703 0.045174 0.82881 -0.0891423 1.23299 -0.0210813</i>
                        <i>0.00972096 0.964889 -0.262478 -0.877252 0.134212 0.460886 0.479932 0.225779 0.847755 -0.109331 1.25234 -0.0772983</i>
                        <i>-0.0160546 0.897621 -0.440475 -0.971371 0.0904274 0.219682 0.237023 0.431391 0.870472 -0.131143 1.2768 -0.168623</i>
                        <i>-0.0219662 0.879359 -0.475653 -0.999619 -0.0272626 -0.0042379 -0.0166942 0.475379 0.879623 -0.133072 1.30273 -0.269315</i>
                        <i>-0.0331717 0.877749 -0.477972 -0.993579 -0.0807197 -0.0792785 -0.108168 0.472273 0.87479 -0.132459 1.32638 -0.364577</i>
                        <i>-0.000478641 0.85192 -0.523671 -0.996068 -0.0467958 -0.0752181 -0.0885855 0.521576 0.848593 -0.143427 1.35694 -0.458457</i>
                        <i>0.0295011 0.83739 -0.54581 -0.997022 -0.0142702 -0.0757827 -0.0712484 0.54642 0.834475 -0.154959 1.39601 -0.554028</i>
                        <i>0.0533653 0.831008 -0.553694 -0.996774 0.0110385 -0.0795024 -0.0599552 0.556151 0.828916 -0.163745 1.42221 -0.651471</i>
                        <i>0.0671211 0.828469 -0.555998 -0.996166 0.0243038 -0.0840448 -0.0561156 0.559507 0.826924 -0.166416 1.41363 -0.750282</i>
                        <i>0.0540084 0.842887 -0.535374 -0.995772 0.00556412 -0.0916932 -0.0743081 0.538062 0.839623 -0.150429 1.29196 -0.848651</i>
                        <i>0.00352275 0.867779 -0.496938 -0.991919 -0.0599918 -0.111792 -0.126823 0.493317 0.860555 -0.124148 1.12698 -0.944424</i>
                        <i>-0.0428597 0.864588 -0.500651 -0.984277 -0.122486 -0.127263 -0.171353 0.487325 0.856244 -0.0985109 1.01237 -1.03715</i>
                        <i>-0.105992 0.84321 -0.527032 -0.973857 -0.195119 -0.116321 -0.200916 0.500925 0.841847 -0.0765974 0.902508 -1.12351</i>
                        <i>-0.156854 0.80969 -0.565507 -0.958757 -0.262259 -0.109572 -0.237029 0.524997 0.817432 -0.0642878 0.776594 -1.20104</i>
                        <i>-0.158885 0.781329 -0.603557 -0.940013 -0.306636 -0.149497 -0.301879 0.543599 0.783179 -0.0616793 0.624796 -1.26909</i>
                        <i>-0.139963 0.762236 -0.631986 -0.909371 -0.351471 -0.222513 -0.391732 0.543567 0.742348 -0.0654254 0.463213 -1.32936</i>
                        <i>-0.122258 0.738776 -0.662769 -0.866078 -0.405551 -0.292298 -0.484729 0.538274 0.689419 -0.0713018 0.308001 -1.38333</i>
                        <i>-0.114657 0.695656 -0.709166 -0.821694 -0.467598 -0.325839 -0.558277 0.545358 0.625229 -0.0737653 0.174886 -1.43184</i>
                        <i>-0.106452 0.616156 -0.780397 -0.784251 -0.534509 -0.315039 -0.611243 0.578491 0.540121 -0.0709181 0.0673826 -1.47514</i>
                        <i>-0.0804861 0.483334 -0.871729 -0.731893 -0.622359 -0.277494 -0.67665 0.615677 0.403839 -0.0609225 -0.0157347 -1.51168</i>
                        <i>-0.0246768 0.328148 -0.944304 -0.671409 -0.705289 -0.227544 -0.740676 0.6284 0.237726 -0.0490474 -0.057649 -1.54485</i>
                        <i>0.0462961 0.208109 -0.977009 -0.644169 -0.741311 -0.188428 -0.763481 0.638082 0.0997376 -0.0470297 -0.0565074 -1.58017</i>
                        <i>0.106403 0.14263 -0.98404 -0.66552 -0.725075 -0.177057 -0.738757 0.673738 0.0177728 -0.0574694 -0.0287188 -1.61917</i>
                        <i>0.164126 0.102278 -0.981123 -0.700614 -0.688073 -0.18893 -0.694408 0.718397 -0.0412731 -0.070881 0.0129973 -1.6566</i>
                        <i>0.217983 0.075731 -0.97301 -0.756529 -0.616736 -0.217487 -0.616561 0.783518 -0.0771455 -0.0865395 0.0560171 -1.6911</i>
                        <i>0.264901 0.051382 -0.962906 -0.823264 -0.507868 -0.253585 -0.502059 0.859901 -0.0922336 -0.103272 0.0893243 -1.72243</i>
                        <i>0.285427 0.081367 -0.95494 -0.871956 -0.391494 -0.293981 -0.397773 0.916576 -0.0407944 -0.122462 0.112178 -1.74848</i>
                        <i>0.281445 0.149821 -0.947809 -0.899591 -0.302558 -0.314952 -0.333954 0.941282 0.0496242 -0.144707 0.128906 -1.76779</i>
                        <i>0.291492 0.143389 -0.945765 -0.909622 -0.264399 -0.320439 -0.296007 0.953694 0.0533592 -0.16227 0.143266 -1.78279</i>
                        <i>0.322926 -0.00626223 -0.946404 -0.919733 -0.237889 -0.312251 -0.223184 0.971272 -0.0825801 -0.177166 0.176732 -1.79713</i>
                        <i>0.336599 -0.197865 -0.920625 -0.931529 -0.212914 -0.294825 -0.137679 0.956827 -0.255984 -0.184007 0.230962 -1.81198</i>
                        <i>0.314042 -0.353469 -0.881157 -0.946907 -0.183945 -0.263687 -0.0688786 0.917183 -0.392469 -0.175753 0.279409 -1.82644</i>
                        <i>0.260883 -0.441638 -0.858426 -0.964958 -0.145276 -0.218518 -0.0282025 0.885354 -0.464062 -0.154962 0.294644 -1.83965</i>
                        <i>0.191892 -0.435542 -0.879477 -0.981312 -0.098212 -0.165474 -0.0143044 0.894795 -0.446249 -0.129499 0.266926 -1.851</i>
                        <i>0.11864 -0.34485 -0.93113 -0.99291 -0.0481543 -0.108677 -0.00736061 0.937422 -0.348118 -0.108819 0.215652 -1.86224</i>
                        <i>0.0539543 -0.193599 -0.979596 -0.998463 0.00198274 -0.0553853 0.0126648 0.981079 -0.193195 -0.0976982 0.157009 -1.87688</i>
                        <i>0.0127149 -0.025127 -0.999603 -0.998643 0.0501641 -0.0139637 0.0504951 0.998425 -0.0244551 -0.0957987 0.107745 -1.89651</i>
                        <i>-0.00356278 0.0988529 -0.995096 -0.99521 0.0968684 0.0131861 0.0976968 0.990376 0.0980343 -0.0975983 0.0838836 -1.91933</i>
                        <i>-0.00248915 0.133963 -0.990983 -0.98943 0.143356 0.0218645 0.144993 0.980563 0.13219 -0.0972125 0.0943017 -1.94169</i>
                        <i>0.0073366 0.0835004 -0.996481 -0.981417 0.191686 0.00883669 0.191749 0.977898 0.083355 -0.0914573 0.127381 -1.95998</i>
                        <i>0.0100864 -0.0168598 -0.999807 -0.969821 0.243423 -0.0138887 0.24361 0.969774 -0.0138958 -0.0792764 0.166422 -1.97232</i>
                        <i>0.0105993 -0.112452 -0.993601 -0.953631 0.297763 -0.0438725 0.300791 0.947994 -0.104082 -0.0813755 0.193402 -1.97275</i>
                        <i>0.00644376 -0.159274 -0.987213 -0.933872 0.352035 -0.0628917 0.35755 0.922336 -0.146473 -0.0900205 0.194145 -1.96768</i>
                        <i>-0.00268649 -0.149508 -0.988757 -0.916483 0.395937 -0.0573789 0.400064 0.906025 -0.138086 -0.0923235 0.177062 -1.96708</i>
                        <i>-0.00266163 -0.105153 -0.994453 -0.919954 0.390102 -0.0387869 0.392016 0.914748 -0.0977741 -0.0984541 0.136511 -1.96734</i>
                        <i>0.00111779 -0.03815 -0.999271 -0.939073 0.343427 -0.0141617 0.343717 0.938404 -0.0354417 -0.101245 0.0826019 -1.96768</i>
                        <i>0.00056507 0.0362912 -0.999341 -0.959731 0.280756 0.00965303 0.280922 0.959093 0.0349884 -0.0964189 0.0252873 -1.96768</i>
                        <i>-0.00432794 0.1021 -0.994765 -0.973118 0.228636 0.0277003 0.230267 0.968143 0.0983655 -0.0866557 -0.0247619 -1.96751</i>
                        <i>-0.00432794 0.1021 -0.994765 -0.973118 0.228636 0.0277003 0.230267 0.968143 0.0983655 -0.0866557 -0.0247619 -1.96751</i>
                        <i>-0.00432794 0.1021 -0.994765 -0.973118 0.228636 0.0277003 0.230267 0.968143 0.0983655 -0.0866557 -0.0247619 -1.96751</i>
                        <i>-0.00432794 0.1021 -0.994765 -0.973118 0.228636 0.0277003 0.230267 0.968143 0.0983655 -0.0866557 -0.0247619 -1.96751</i>
                        <i>-0.00432794 0.1021 -0.994765 -0.973118 0.228636 0.0277003 0.230267 0.968143 0.0983655 -0.0866557 -0.0247619 -1.96751</i>
                    </KeyFrames>
                </p>
            </i>
            <i>
                <p>
                    <Name><![CDATA[spine1]]></Name>
                    <Exclude>0</Exclude>
                    <Additive>0</Additive>
                    <IKPriority>0</IKPriority>
                    <IKRotLimits>-1e+010 -1e+010 -1e+010 1e+010 1e+010 1e+010</IKRotLimits>
                    <IKRotLimitOrder>0</IKRotLimitOrder>
                    <KeyFrames count="55">
                        <i>0.0156921 0.99558 0.0925981 -0.875235 -0.0311001 0.482698 0.483444 -0.0886196 0.870878 -0.0718823 1.47696 -0.022042</i>
                        <i>0.113072 0.957243 0.266271 -0.939623 0.0159022 0.341842 0.322992 -0.288847 0.901246 -0.0703996 1.44969 -0.0127176</i>
                        <i>0.165474 0.9285 0.332426 -0.959817 0.0741564 0.27065 0.226647 -0.363854 0.903461 -0.0696261 1.42435 -0.00693303</i>
                        <i>0.173129 0.978079 0.115706 -0.947131 0.133116 0.29193 0.270129 -0.160131 0.949415 -0.0742095 1.42013 -0.0397973</i>
                        <i>0.0819782 0.969223 -0.232136 -0.972793 0.128458 0.192803 0.216688 0.210014 0.953384 -0.104099 1.43053 -0.128097</i>
                        <i>0.0565612 0.87058 -0.488765 -0.998309 0.0427483 -0.0393845 -0.0133934 0.490167 0.871526 -0.129697 1.43751 -0.249643</i>
                        <i>0.0619533 0.873388 -0.483069 -0.969127 -0.0630895 -0.238356 -0.238653 0.482922 0.842515 -0.133616 1.45728 -0.3505</i>
                        <i>0.0412993 0.902564 -0.428571 -0.939132 -0.111354 -0.325009 -0.341065 0.415908 0.843028 -0.136629 1.48286 -0.444072</i>
                        <i>0.0850104 0.897829 -0.43206 -0.932198 -0.0814482 -0.352666 -0.351825 0.432746 0.83003 -0.141455 1.51246 -0.547145</i>
                        <i>0.128105 0.903473 -0.409054 -0.92552 -0.0393017 -0.376653 -0.356373 0.426838 0.831148 -0.146973 1.55319 -0.648451</i>
                        <i>0.157563 0.915289 -0.370702 -0.91947 -0.000950771 -0.393158 -0.360206 0.402797 0.841431 -0.150665 1.58291 -0.749494</i>
                        <i>0.161294 0.930735 -0.328203 -0.916432 0.0178369 -0.399793 -0.366248 0.365259 0.855832 -0.150209 1.57874 -0.851086</i>
                        <i>0.112303 0.960679 -0.253937 -0.92173 0.00524347 -0.387797 -0.371217 0.277612 0.886075 -0.136748 1.46572 -0.94811</i>
                        <i>0.0187803 0.985229 -0.17021 -0.923517 -0.0481363 -0.380526 -0.383098 0.164338 0.908971 -0.121284 1.31157 -1.03862</i>
                        <i>-0.0615568 0.986354 -0.152699 -0.923914 -0.114191 -0.365163 -0.377617 0.118602 0.918335 -0.106101 1.20093 -1.1343</i>
                        <i>-0.151659 0.974414 -0.165885 -0.931272 -0.197106 -0.306402 -0.33126 0.108015 0.937337 -0.0985021 1.0907 -1.22857</i>
                        <i>-0.21725 0.955655 -0.198812 -0.933265 -0.263044 -0.244589 -0.286039 0.132408 0.949026 -0.0980705 0.961299 -1.31679</i>
                        <i>-0.219059 0.946391 -0.237399 -0.936424 -0.272267 -0.221313 -0.274085 0.173825 0.945866 -0.0964113 0.807026 -1.39554</i>
                        <i>-0.190371 0.944626 -0.267283 -0.942021 -0.252408 -0.221104 -0.276325 0.209695 0.937909 -0.0960331 0.644645 -1.46404</i>
                        <i>-0.166094 0.938827 -0.301688 -0.945412 -0.238589 -0.221972 -0.280373 0.248351 0.927207 -0.0979664 0.486416 -1.52591</i>
                        <i>-0.167282 0.918453 -0.358414 -0.945534 -0.252425 -0.205542 -0.279254 0.304509 0.910655 -0.0991 0.344004 -1.58494</i>
                        <i>-0.186799 0.870163 -0.455985 -0.942777 -0.289274 -0.165809 -0.276185 0.398919 0.874406 -0.0950717 0.216997 -1.64303</i>
                        <i>-0.209272 0.772476 -0.599571 -0.928752 -0.348878 -0.125319 -0.305983 0.530627 0.790449 -0.0803562 0.101609 -1.69707</i>
                        <i>-0.20629 0.638349 -0.741589 -0.908385 -0.406645 -0.0973456 -0.363704 0.653567 0.663754 -0.0575675 0.0228544 -1.74129</i>
                        <i>-0.162014 0.522433 -0.837147 -0.899683 -0.426703 -0.0921733 -0.405367 0.738233 0.539156 -0.041496 -0.00415271 -1.77671</i>
                        <i>-0.0949324 0.450239 -0.887847 -0.908039 -0.404689 -0.108132 -0.407987 0.795935 0.447252 -0.040319 0.00791008 -1.8089</i>
                        <i>-0.0123168 0.39067 -0.920448 -0.917172 -0.371085 -0.145228 -0.398301 0.842421 0.362882 -0.0432173 0.0396874 -1.83762</i>
                        <i>0.0797016 0.332604 -0.939693 -0.924934 -0.326819 -0.194127 -0.371677 0.884627 0.281588 -0.0494999 0.0760365 -1.86376</i>
                        <i>0.166468 0.265441 -0.949647 -0.932585 -0.270429 -0.239066 -0.32027 0.925424 0.202529 -0.0583237 0.103582 -1.88819</i>
                        <i>0.20717 0.295666 -0.932557 -0.940265 -0.203054 -0.273261 -0.270153 0.933462 0.235938 -0.0740651 0.1315 -1.91058</i>
                        <i>0.209599 0.426187 -0.880019 -0.947953 -0.132057 -0.289734 -0.239693 0.894945 0.376326 -0.095479 0.161719 -1.93258</i>
                        <i>0.236626 0.49962 -0.833299 -0.949398 -0.063404 -0.307609 -0.206522 0.863921 0.459335 -0.109453 0.17574 -1.95193</i>
                        <i>0.314186 0.434174 -0.844263 -0.938819 0.00993123 -0.344267 -0.141087 0.900774 0.410731 -0.119373 0.179875 -1.96304</i>
                        <i>0.400943 0.253352 -0.880374 -0.915967 0.094277 -0.390022 -0.015814 0.962769 0.269862 -0.124914 0.197433 -1.96927</i>
                        <i>0.437511 0.0393323 -0.898352 -0.887895 0.176904 -0.424673 0.142219 0.983442 0.112321 -0.120637 0.215402 -1.97707</i>
                        <i>0.416776 -0.0995088 -0.903546 -0.869953 0.244567 -0.428215 0.263589 0.964513 0.0153616 -0.109326 0.212547 -1.98811</i>
                        <i>0.359834 -0.109917 -0.926519 -0.878048 0.29592 -0.376116 0.315517 0.948867 0.0099696 -0.0973211 0.187072 -2.0025</i>
                        <i>0.286268 -0.0082464 -0.958114 -0.900884 0.338203 -0.272079 0.326281 0.941037 0.0893875 -0.0907221 0.154658 -2.02142</i>
                        <i>0.220461 0.160016 -0.962181 -0.914141 0.377963 -0.146596 0.340211 0.911887 0.229604 -0.0914435 0.124686 -2.04599</i>
                        <i>0.18613 0.320565 -0.928759 -0.906224 0.421243 -0.0362207 0.379622 0.848406 0.36891 -0.0969702 0.106903 -2.07396</i>
                        <i>0.180539 0.412231 -0.893013 -0.880576 0.472217 0.039959 0.438168 0.779151 0.448254 -0.101687 0.106825 -2.0997</i>
                        <i>0.191132 0.412999 -0.89045 -0.841484 0.535988 0.0679749 0.505344 0.736307 0.449976 -0.100886 0.123326 -2.11901</i>
                        <i>0.208183 0.323554 -0.923024 -0.78801 0.614509 0.0376765 0.579396 0.719508 0.382894 -0.0931077 0.145417 -2.13108</i>
                        <i>0.211909 0.16347 -0.963521 -0.717172 0.695765 -0.0396864 0.663896 0.69942 0.264675 -0.080454 0.164878 -2.13837</i>
                        <i>0.207096 -0.000138278 -0.978321 -0.627472 0.767207 -0.132935 0.750593 0.6414 0.158799 -0.0826161 0.173473 -2.13719</i>
                        <i>0.195004 -0.0886768 -0.976785 -0.561729 0.806294 -0.185342 0.804011 0.584831 0.107419 -0.092191 0.164821 -2.13249</i>
                        <i>0.180423 -0.0874566 -0.979693 -0.57536 0.798466 -0.177238 0.797752 0.595654 0.0937428 -0.0961943 0.149596 -2.1326</i>
                        <i>0.173896 -0.0250108 -0.984446 -0.681651 0.718419 -0.138661 0.710713 0.695161 0.107882 -0.102182 0.117601 -2.1336</i>
                        <i>0.164285 0.0766304 -0.983432 -0.819166 0.566009 -0.0927401 0.549524 0.82083 0.15576 -0.104129 0.0763262 -2.13506</i>
                        <i>0.141515 0.185463 -0.972408 -0.92454 0.375864 -0.0628619 0.353834 0.907926 0.224658 -0.0993431 0.0329727 -2.1367</i>
                        <i>0.111723 0.270296 -0.956273 -0.977234 0.204542 -0.0563568 0.180365 0.940799 0.286995 -0.0905267 -0.0045388 -2.13829</i>
                        <i>0.111723 0.270296 -0.956273 -0.977234 0.204542 -0.0563568 0.180365 0.940799 0.286995 -0.0905267 -0.0045388 -2.13829</i>
                        <i>0.111723 0.270296 -0.956273 -0.977234 0.204542 -0.0563568 0.180365 0.940799 0.286995 -0.0905267 -0.0045388 -2.13829</i>
                        <i>0.111723 0.270296 -0.956273 -0.977234 0.204542 -0.0563568 0.180365 0.940799 0.286995 -0.0905267 -0.0045388 -2.13829</i>
                        <i>0.111723 0.270296 -0.956273 -0.977234 0.204542 -0.0563568 0.180365 0.940799 0.286995 -0.0905267 -0.0045388 -2.13829</i>
                    </KeyFrames>
                </p>
            </i>
            <i>
                <p>
                    <Name><![CDATA[spine2]]></Name>
                    <Exclude>0</Exclude>
                    <Additive>0</Additive>
                    <IKPriority>0</IKPriority>
                    <IKRotLimits>-1e+010 -1e+010 -1e+010 1e+010 1e+010 1e+010</IKRotLimits>
                    <IKRotLimitOrder>0</IKRotLimitOrder>
                    <KeyFrames count="55">
                        <i>0.0810889 0.968089 0.237125 -0.875143 -0.0447078 0.481794 0.477021 -0.246587 0.843591 -0.0698001 1.63464 -0.00587078</i>
                        <i>0.135541 0.870159 0.473765 -0.944983 -0.0301483 0.325726 0.297717 -0.491849 0.818199 -0.0456541 1.60925 0.0377446</i>
                        <i>0.131226 0.801221 0.583801 -0.973141 -0.00825064 0.230064 0.189149 -0.598311 0.778619 -0.0310167 1.58851 0.0593192</i>
                        <i>0.111898 0.912802 0.392774 -0.964559 0.00471957 0.263827 0.238968 -0.408375 0.880979 -0.0331117 1.5998 -0.0166401</i>
                        <i>-0.0325607 0.999301 0.0183771 -0.973968 -0.0358516 0.223834 0.224336 -0.0106105 0.974454 -0.0812479 1.60163 -0.172793</i>
                        <i>-0.134867 0.937364 -0.321186 -0.990754 -0.122745 0.0577976 0.0147535 0.326011 0.945251 -0.111531 1.58131 -0.335634</i>
                        <i>-0.10274 0.863886 -0.493098 -0.973848 -0.188346 -0.127068 -0.202645 0.467147 0.860644 -0.115842 1.59364 -0.42629</i>
                        <i>-0.0407958 0.814702 -0.578443 -0.954345 -0.203223 -0.21892 -0.295907 0.543103 0.785797 -0.122815 1.62199 -0.505756</i>
                        <i>-0.00620562 0.795852 -0.60546 -0.956087 -0.182138 -0.229614 -0.293016 0.577448 0.762034 -0.119578 1.65466 -0.60876</i>
                        <i>0.0284643 0.797654 -0.602444 -0.958326 -0.14961 -0.243367 -0.284254 0.584265 0.760154 -0.116711 1.70103 -0.706446</i>
                        <i>0.0534469 0.812034 -0.581157 -0.959069 -0.12033 -0.256336 -0.278084 0.57107 0.772366 -0.114137 1.73799 -0.801508</i>
                        <i>0.0579937 0.831052 -0.553164 -0.958309 -0.108948 -0.264148 -0.279787 0.545421 0.790086 -0.11212 1.74201 -0.896174</i>
                        <i>0.0181013 0.867132 -0.497749 -0.956506 -0.129948 -0.261168 -0.291149 0.480828 0.827065 -0.10746 1.64053 -0.980124</i>
                        <i>-0.058285 0.899994 -0.431987 -0.944862 -0.189411 -0.267132 -0.322241 0.392599 0.86141 -0.110031 1.49636 -1.05493</i>
                        <i>-0.125262 0.897521 -0.422807 -0.933347 -0.251109 -0.25653 -0.336412 0.362493 0.869153 -0.111203 1.39015 -1.14718</i>
                        <i>-0.210419 0.874633 -0.43674 -0.925252 -0.322414 -0.199897 -0.315648 0.362032 0.877097 -0.122377 1.28152 -1.2444</i>
                        <i>-0.270306 0.842385 -0.466179 -0.917466 -0.372166 -0.140528 -0.291874 0.389718 0.873458 -0.136338 1.15192 -1.33977</i>
                        <i>-0.259198 0.825946 -0.500628 -0.923044 -0.364401 -0.123293 -0.284263 0.430145 0.856837 -0.136943 0.998861 -1.4272</i>
                        <i>-0.212512 0.823541 -0.525946 -0.935399 -0.327116 -0.134254 -0.282608 0.463439 0.839855 -0.132875 0.838329 -1.50309</i>
                        <i>-0.167495 0.815281 -0.554312 -0.944005 -0.294744 -0.14826 -0.284253 0.498441 0.818998 -0.131843 0.679865 -1.57336</i>
                        <i>-0.148629 0.783866 -0.602879 -0.946124 -0.290071 -0.143902 -0.287678 0.549011 0.784748 -0.134993 0.533011 -1.645</i>
                        <i>-0.149933 0.710663 -0.687371 -0.944 -0.30957 -0.11415 -0.293912 0.631763 0.71728 -0.136558 0.394588 -1.72325</i>
                        <i>-0.146523 0.578123 -0.802686 -0.931641 -0.353424 -0.0844856 -0.332531 0.735436 0.590387 -0.127903 0.256714 -1.80551</i>
                        <i>-0.115217 0.418556 -0.900853 -0.913645 -0.40057 -0.0692608 -0.389844 0.81508 0.428564 -0.105547 0.147542 -1.87547</i>
                        <i>-0.0608787 0.295732 -0.953329 -0.906257 -0.416657 -0.0713782 -0.41832 0.859616 0.293374 -0.0810679 0.0940868 -1.92494</i>
                        <i>-0.00977731 0.230891 -0.97293 -0.915265 -0.393936 -0.0842891 -0.402734 0.889665 0.215178 -0.0669789 0.0889425 -1.9607</i>
                        <i>0.0434049 0.191968 -0.980441 -0.926148 -0.360289 -0.111545 -0.374655 0.912874 0.162153 -0.0548681 0.106812 -1.98896</i>
                        <i>0.0949852 0.164672 -0.981764 -0.937876 -0.31581 -0.14371 -0.333716 0.934423 0.124444 -0.0452432 0.131137 -2.01258</i>
                        <i>0.139187 0.136638 -0.980794 -0.950865 -0.258163 -0.170906 -0.276557 0.95639 0.0939913 -0.0395858 0.146648 -2.03394</i>
                        <i>0.166287 0.163499 -0.972428 -0.961523 -0.191818 -0.196673 -0.218685 0.967716 0.125311 -0.0488058 0.17967 -2.04994</i>
                        <i>0.180539 0.269008 -0.946066 -0.967022 -0.127137 -0.220689 -0.179647 0.95471 0.237183 -0.0683168 0.233908 -2.06657</i>
                        <i>0.207246 0.406925 -0.889641 -0.964558 -0.0668293 -0.255266 -0.163328 0.911014 0.378653 -0.0754306 0.26522 -2.08588</i>
                        <i>0.247147 0.520421 -0.817362 -0.95591 -0.00711934 -0.293573 -0.158601 0.85388 0.495716 -0.0716186 0.260879 -2.10102</i>
                        <i>0.297222 0.56265 -0.771417 -0.94495 0.0575395 -0.322115 -0.136851 0.82469 0.548779 -0.0629988 0.247558 -2.11315</i>
                        <i>0.352505 0.546487 -0.759666 -0.93156 0.127642 -0.340446 -0.0890835 0.827683 0.55408 -0.0523578 0.22652 -2.12603</i>
                        <i>0.407541 0.509326 -0.757956 -0.912727 0.200841 -0.355799 -0.0289889 0.836809 0.546727 -0.0446229 0.197085 -2.14007</i>
                        <i>0.453213 0.462234 -0.762193 -0.890353 0.276211 -0.36191 0.0432391 0.842643 0.536734 -0.0436633 0.171214 -2.15593</i>
                        <i>0.485506 0.417412 -0.768147 -0.8658 0.351324 -0.356318 0.121137 0.838056 0.531966 -0.0499215 0.158859 -2.17553</i>
                        <i>0.50691 0.376752 -0.775306 -0.838233 0.42519 -0.341437 0.201015 0.822965 0.531339 -0.0606376 0.15795 -2.1985</i>
                        <i>0.520174 0.34127 -0.782914 -0.807008 0.496471 -0.319772 0.279565 0.798155 0.533659 -0.0709067 0.167075 -2.22229</i>
                        <i>0.527909 0.311011 -0.790306 -0.772007 0.563586 -0.293897 0.354 0.765273 0.537625 -0.0764898 0.182566 -2.24333</i>
                        <i>0.532193 0.285156 -0.797155 -0.733836 0.624923 -0.266375 0.422203 0.726744 0.541837 -0.074831 0.197732 -2.25929</i>
                        <i>0.534272 0.262311 -0.803584 -0.693852 0.679071 -0.239649 0.482828 0.685606 0.544814 -0.0658978 0.20276 -2.27059</i>
                        <i>0.534441 0.240884 -0.810153 -0.654059 0.724975 -0.215912 0.535331 0.64528 0.545009 -0.0542289 0.195912 -2.28089</i>
                        <i>0.531915 0.210252 -0.82028 -0.607956 0.769119 -0.197094 0.589454 0.603532 0.53693 -0.0582232 0.178548 -2.28435</i>
                        <i>0.528652 0.178821 -0.829789 -0.568428 0.800585 -0.189614 0.63041 0.571915 0.524878 -0.0699101 0.155256 -2.28273</i>
                        <i>0.527484 0.160545 -0.834258 -0.570951 0.794152 -0.208174 0.629107 0.586129 0.510566 -0.0750806 0.139771 -2.28344</i>
                        <i>0.516103 0.178033 -0.83782 -0.647444 0.721483 -0.245518 0.560762 0.669154 0.487626 -0.079869 0.116928 -2.28345</i>
                        <i>0.488256 0.221229 -0.844194 -0.758881 0.585297 -0.285531 0.430936 0.780055 0.453661 -0.0804446 0.0909882 -2.28321</i>
                        <i>0.444855 0.265773 -0.855259 -0.854876 0.410707 -0.317028 0.267003 0.872172 0.409908 -0.0762952 0.0647089 -2.28312</i>
                        <i>0.399248 0.292046 -0.869086 -0.90961 0.245003 -0.335534 0.114937 0.924491 0.363464 -0.0697658 0.0412594 -2.2834</i>
                        <i>0.399248 0.292046 -0.869086 -0.90961 0.245003 -0.335534 0.114937 0.924491 0.363464 -0.0697658 0.0412594 -2.2834</i>
                        <i>0.399248 0.292046 -0.869086 -0.90961 0.245003 -0.335534 0.114937 0.924491 0.363464 -0.0697658 0.0412594 -2.2834</i>
                        <i>0.399248 0.292046 -0.869086 -0.90961 0.245003 -0.335534 0.114937 0.924491 0.363464 -0.0697658 0.0412594 -2.2834</i>
                        <i>0.399248 0.292046 -0.869086 -0.90961 0.245003 -0.335534 0.114937 0.924491 0.363464 -0.0697658 0.0412594 -2.2834</i>
                    </KeyFrames>
                </p>
            </i>
            <i>
                <p>
                    <Name><![CDATA[head]]></Name>
                    <Exclude>0</Exclude>
                    <Additive>0</Additive>
                    <IKPriority>0</IKPriority>
                    <IKRotLimits>-1e+010 -1e+010 -1e+010 1e+010 1e+010 1e+010</IKRotLimits>
                    <IKRotLimitOrder>0</IKRotLimitOrder>
                    <KeyFrames count="55">
                        <i>-0.021864 0.993362 0.112931 -0.201035 0.106283 -0.973801 -0.97934 -0.0439943 0.197376 -0.0524628 1.88624 0.0478099</i>
                        <i>0.0767171 0.940444 0.33118 -0.057872 0.335799 -0.940154 -0.995372 0.0529599 0.0801869 -0.0121652 1.83837 0.149975</i>
                        <i>0.110555 0.894632 0.43291 0.0129448 0.434247 -0.900701 -0.993786 0.105181 0.0364273 0.00386671 1.8016 0.198201</i>
                        <i>0.0171502 0.994992 -0.0984756 -0.0796072 -0.0968186 -0.992113 -0.996679 0.0248544 0.077548 -0.00220774 1.8388 0.0717085</i>
                        <i>-0.157808 0.437671 -0.885178 0.0824874 -0.887435 -0.453492 -0.984019 -0.144581 0.103942 -0.0854092 1.85837 -0.18017</i>
                        <i>0.0520244 -0.211164 -0.976065 0.250252 -0.943446 0.217446 -0.966782 -0.255575 0.0037621 -0.138545 1.81998 -0.427254</i>
                        <i>0.286837 -0.32685 -0.900496 0.217541 -0.893215 0.393501 -0.932953 -0.308765 -0.185103 -0.135198 1.81644 -0.555037</i>
                        <i>0.39812 -0.344225 -0.8503 0.162211 -0.885902 0.434587 -0.902878 -0.310945 -0.296858 -0.129332 1.83541 -0.650851</i>
                        <i>0.414512 -0.290378 -0.862474 0.135125 -0.917583 0.373874 -0.899956 -0.271517 -0.341112 -0.116757 1.86375 -0.759853</i>
