<?xml version="1.0" encoding="ISO-8859-1" ?>
<Animl Version="1">
    <ModellingPackage>
        <![CDATA[Maya.2010]]>
</ModellingPackage>
    <SrcFile>
        <![CDATA[anims\characters\shared\commando\~src\commando_ending.mb]]>
</SrcFile>
    <FramesPerSecond>30</FramesPerSecond>
    <TotalFrames>121</TotalFrames>
    <Skeleton>
        <RefFrame>
            <Name>
                <![CDATA[commando_ref_frame]]>
</Name>
            <Exclude>0</Exclude>
            <Additive>0</Additive>
            <IKPriority>0</IKPriority>
            <IKRotLimits>-1e+010 -1e+010 -1e+010 1e+010 1e+010 1e+010</IKRotLimits>
            <IKRotLimitOrder>0</IKRotLimitOrder>
            <KeyFrames count="121">
                <i>1 0 0 0 1 0 0 0 1 0.05214 0 -0.0437</i>
                <i>1 0 0 0 1 0 0 0 1 0.05214 0 -0.0437</i>
                <i>1 0 0 0 1 0 0 0 1 0.05214 0 -0.0437</i>
                <i>1 0 0 0 1 0 0 0 1 0.05214 0 -0.0437</i>
                <i>1 0 0 0 1 0 0 0 1 0.05214 0 -0.0437</i>
                <i>1 0 0 0 1 0 0 0 1 0.05214 0 -0.0437</i>
                <i>1 0 0 0 1 0 0 0 1 0.05214 0 -0.0437</i>
                <i>1 0 0 0 1 0 0 0 1 0.05214 0 -0.0437</i>
                <i>1 0 0 0 1 0 0 0 1 0.05214 0 -0.0437</i>
                <i>1 0 0 0 1 0 0 0 1 0.05214 0 -0.0437</i>
                <i>1 0 0 0 1 0 0 0 1 0.05214 0 -0.0437</i>
                <i>1 0 0 0 1 0 0 0 1 0.05214 0 -0.0437</i>
                <i>1 0 0 0 1 0 0 0 1 0.05214 0 -0.0437</i>
                <i>1 0 0 0 1 0 0 0 1 0.05214 0 -0.0437</i>
                <i>1 0 0 0 1 0 0 0 1 0.05214 0 -0.0437</i>
                <i>1 0 0 0 1 0 0 0 1 0.05214 0 -0.0437</i>
                <i>1 0 0 0 1 0 0 0 1 0.05214 0 -0.0437</i>
                <i>1 0 0 0 1 0 0 0 1 0.05214 0 -0.0437</i>
                <i>1 0 0 0 1 0 0 0 1 0.05214 0 -0.0437</i>
                <i>1 0 0 0 1 0 0 0 1 0.05214 0 -0.0437</i>
                <i>1 0 0 0 1 0 0 0 1 0.05214 0 -0.0437</i>
                <i>1 0 0 0 1 0 0 0 1 0.05214 0 -0.0437</i>
                <i>1 0 0 0 1 0 0 0 1 0.05214 0 -0.0437</i>
                <i>1 0 0 0 1 0 0 0 1 0.05214 0 -0.0437</i>
                <i>1 0 0 0 1 0 0 0 1 0.05214 0 -0.0437</i>
                <i>1 0 0 0 1 0 0 0 1 0.05214 0 -0.0437</i>
                <i>1 0 0 0 1 0 0 0 1 0.05214 0 -0.0437</i>
                <i>1 0 0 0 1 0 0 0 1 0.05214 0 -0.0437</i>
                <i>1 0 0 0 1 0 0 0 1 0.05214 0 -0.0437</i>
                <i>1 0 0 0 1 0 0 0 1 0.05214 0 -0.0437</i>
                <i>1 0 0 0 1 0 0 0 1 0.05214 0 -0.0437</i>
                <i>1 0 0 0 1 0 0 0 1 0.05214 0 -0.0437</i>
                <i>1 0 0 0 1 0 0 0 1 0.05214 0 -0.0437</i>
                <i>1 0 0 0 1 0 0 0 1 0.05214 0 -0.0437</i>
                <i>1 0 0 0 1 0 0 0 1 0.05214 0 -0.0437</i>
                <i>1 0 0 0 1 0 0 0 1 0.05214 0 -0.0437</i>
                <i>1 0 0 0 1 0 0 0 1 0.05214 0 -0.0437</i>
                <i>1 0 0 0 1 0 0 0 1 0.05214 0 -0.0437</i>
                <i>1 0 0 0 1 0 0 0 1 0.05214 0 -0.0437</i>
                <i>1 0 0 0 1 0 0 0 1 0.05214 0 -0.0437</i>
                <i>1 0 0 0 1 0 0 0 1 0.05214 0 -0.0437</i>
                <i>1 0 0 0 1 0 0 0 1 0.05214 0 -0.0437</i>
                <i>1 0 0 0 1 0 0 0 1 0.05214 0 -0.0437</i>
                <i>1 0 0 0 1 0 0 0 1 0.05214 0 -0.0437</i>
                <i>1 0 0 0 1 0 0 0 1 0.05214 0 -0.0437</i>
                <i>1 0 0 0 1 0 0 0 1 0.05214 0 -0.0437</i>
                <i>1 0 0 0 1 0 0 0 1 0.05214 0 -0.0437</i>
                <i>1 0 0 0 1 0 0 0 1 0.05214 0 -0.0437</i>
                <i>1 0 0 0 1 0 0 0 1 0.05214 0 -0.0437</i>
                <i>1 0 0 0 1 0 0 0 1 0.05214 0 -0.0437</i>
                <i>1 0 0 0 1 0 0 0 1 0.05214 0 -0.0437</i>
                <i>1 0 0 0 1 0 0 0 1 0.05214 0 -0.0437</i>
                <i>1 0 0 0 1 0 0 0 1 0.05214 0 -0.0437</i>
                <i>1 0 0 0 1 0 0 0 1 0.05214 0 -0.0437</i>
                <i>1 0 0 0 1 0 0 0 1 0.05214 0 -0.0437</i>
                <i>1 0 0 0 1 0 0 0 1 0.05214 0 -0.0437</i>
                <i>1 0 0 0 1 0 0 0 1 0.05214 0 -0.0437</i>
                <i>1 0 0 0 1 0 0 0 1 0.05214 0 -0.0437</i>
                <i>1 0 0 0 1 0 0 0 1 0.05214 0 -0.0437</i>
                <i>1 0 0 0 1 0 0 0 1 0.05214 0 -0.0437</i>
                <i>1 0 0 0 1 0 0 0 1 0.05214 0 -0.0437</i>
                <i>1 0 0 0 1 0 0 0 1 0.05214 0 -0.0437</i>
                <i>1 0 0 0 1 0 0 0 1 0.05214 0 -0.0437</i>
                <i>1 0 0 0 1 0 0 0 1 0.05214 0 -0.0437</i>
                <i>1 0 0 0 1 0 0 0 1 0.05214 0 -0.0437</i>
                <i>1 0 0 0 1 0 0 0 1 0.05214 0 -0.0437</i>
                <i>1 0 0 0 1 0 0 0 1 0.05214 0 -0.0437</i>
                <i>1 0 0 0 1 0 0 0 1 0.05214 0 -0.0437</i>
                <i>1 0 0 0 1 0 0 0 1 0.05214 0 -0.0437</i>
                <i>1 0 0 0 1 0 0 0 1 0.05214 0 -0.0437</i>
                <i>1 0 0 0 1 0 0 0 1 0.05214 0 -0.0437</i>
                <i>1 0 0 0 1 0 0 0 1 0.05214 0 -0.0437</i>
                <i>1 0 0 0 1 0 0 0 1 0.05214 0 -0.0437</i>
                <i>1 0 0 0 1 0 0 0 1 0.05214 0 -0.0437</i>
                <i>1 0 0 0 1 0 0 0 1 0.05214 0 -0.0437</i>
                <i>1 0 0 0 1 0 0 0 1 0.05214 0 -0.0437</i>
                <i>1 0 0 0 1 0 0 0 1 0.05214 0 -0.0437</i>
                <i>1 0 0 0 1 0 0 0 1 0.05214 0 -0.0437</i>
                <i>1 0 0 0 1 0 0 0 1 0.05214 0 -0.0437</i>
                <i>1 0 0 0 1 0 0 0 1 0.05214 0 -0.0437</i>
                <i>1 0 0 0 1 0 0 0 1 0.05214 0 -0.0437</i>
                <i>1 0 0 0 1 0 0 0 1 0.05214 0 -0.0437</i>
                <i>1 0 0 0 1 0 0 0 1 0.05214 0 -0.0437</i>
                <i>1 0 0 0 1 0 0 0 1 0.05214 0 -0.0437</i>
                <i>1 0 0 0 1 0 0 0 1 0.05214 0 -0.0437</i>
                <i>1 0 0 0 1 0 0 0 1 0.05214 0 -0.0437</i>
                <i>1 0 0 0 1 0 0 0 1 0.05214 0 -0.0437</i>
                <i>1 0 0 0 1 0 0 0 1 0.05214 0 -0.0437</i>
                <i>1 0 0 0 1 0 0 0 1 0.05214 0 -0.0437</i>
                <i>1 0 0 0 1 0 0 0 1 0.05214 0 -0.0437</i>
                <i>1 0 0 0 1 0 0 0 1 0.05214 0 -0.0437</i>
                <i>1 0 0 0 1 0 0 0 1 0.05214 0 -0.0437</i>
                <i>1 0 0 0 1 0 0 0 1 0.05214 0 -0.0437</i>
                <i>1 0 0 0 1 0 0 0 1 0.05214 0 -0.0437</i>
                <i>1 0 0 0 1 0 0 0 1 0.05214 0 -0.0437</i>
                <i>1 0 0 0 1 0 0 0 1 0.05214 0 -0.0437</i>
                <i>1 0 0 0 1 0 0 0 1 0.05214 0 -0.0437</i>
                <i>1 0 0 0 1 0 0 0 1 0.05214 0 -0.0437</i>
                <i>1 0 0 0 1 0 0 0 1 0.05214 0 -0.0437</i>
                <i>1 0 0 0 1 0 0 0 1 0.05214 0 -0.0437</i>
                <i>1 0 0 0 1 0 0 0 1 0.05214 0 -0.0437</i>
                <i>1 0 0 0 1 0 0 0 1 0.05214 0 -0.0437</i>
                <i>1 0 0 0 1 0 0 0 1 0.05214 0 -0.0437</i>
                <i>1 0 0 0 1 0 0 0 1 0.05214 0 -0.0437</i>
                <i>1 0 0 0 1 0 0 0 1 0.05214 0 -0.0437</i>
                <i>1 0 0 0 1 0 0 0 1 0.05214 0 -0.0437</i>
                <i>1 0 0 0 1 0 0 0 1 0.05214 0 -0.0437</i>
                <i>1 0 0 0 1 0 0 0 1 0.05214 0 -0.0437</i>
                <i>1 0 0 0 1 0 0 0 1 0.05214 0 -0.0437</i>
                <i>1 0 0 0 1 0 0 0 1 0.05214 0 -0.0437</i>
                <i>1 0 0 0 1 0 0 0 1 0.05214 0 -0.0437</i>
                <i>1 0 0 0 1 0 0 0 1 0.05214 0 -0.0437</i>
                <i>1 0 0 0 1 0 0 0 1 0.05214 0 -0.0437</i>
                <i>1 0 0 0 1 0 0 0 1 0.05214 0 -0.0437</i>
                <i>1 0 0 0 1 0 0 0 1 0.05214 0 -0.0437</i>
                <i>1 0 0 0 1 0 0 0 1 0.05214 0 -0.0437</i>
                <i>1 0 0 0 1 0 0 0 1 0.05214 0 -0.0437</i>
                <i>1 0 0 0 1 0 0 0 1 0.05214 0 -0.0437</i>
                <i>1 0 0 0 1 0 0 0 1 0.05214 0 -0.0437</i>
                <i>1 0 0 0 1 0 0 0 1 0.05214 0 -0.0437</i>
                <i>1 0 0 0 1 0 0 0 1 0.05214 0 -0.0437</i>
            </KeyFrames>
        </RefFrame>
        <Bones count="28">
            <i>
                <p>
                    <Name>
                        <![CDATA[pelvis]]>
</Name>
                    <Exclude>0</Exclude>
                    <Additive>0</Additive>
                    <IKPriority>0</IKPriority>
                    <IKRotLimits>-1e+010 -1e+010 -1e+010 1e+010 1e+010 1e+010</IKRotLimits>
                    <IKRotLimitOrder>2</IKRotLimitOrder>
                    <KeyFrames count="121">
                        <i>1 0 0 0 1 0 0 0 1 0.0521443 1.06223 -0.0436981</i>
                        <i>1 0 0 0 1 0 0 0 1 0.0541387 1.05587 -0.0509242</i>
                        <i>1 0 0 0 1 0 0 0 1 0.0597467 1.04061 -0.0688583</i>
                        <i>1 0 0 0 1 0 0 0 1 0.0684278 1.02212 -0.0918722</i>
                        <i>1 0 0 0 1 0 0 0 1 0.079612 1.00567 -0.114305</i>
                        <i>1 0 0 0 1 0 0 0 1 0.0926059 0.995878 -0.130485</i>
                        <i>1 0 0 0 1 0 0 0 1 0.106586 0.996886 -0.134757</i>
                        <i>1 0 0 0 1 0 0 0 1 0.124136 1.01106 -0.124231</i>
                        <i>1 0 0 0 1 0 0 0 1 0.146426 1.03529 -0.102848</i>
                        <i>1 0 0 0 1 0 0 0 1 0.17053 1.06555 -0.0752272</i>
                        <i>1 0 0 0 1 0 0 0 1 0.193492 1.09781 -0.0459845</i>
                        <i>1 0 0 0 1 0 0 0 1 0.212305 1.12786 -0.0197213</i>
                        <i>1 0 0 0 1 0 0 0 1 0.223916 1.15129 -0.00103101</i>
                        <i>1 0 0 0 1 0 0 0 1 0.221761 1.16679 0.00649785</i>
                        <i>1 0 0 0 1 0 0 0 1 0.207012 1.17637 0.00567364</i>
                        <i>1 0 0 0 1 0 0 0 1 0.188202 1.18057 0.00149137</i>
                        <i>1 0 0 0 1 0 0 0 1 0.174161 1.18013 -0.00103101</i>
                        <i>1 0 0 0 1 0 0 0 1 0.166261 1.1759 -0.00104851</i>
                        <i>1 0 0 0 1 0 0 0 1 0.159592 1.16865 -0.00107057</i>
                        <i>1 0 0 0 1 0 0 0 1 0.153765 1.15926 -0.00109592</i>
                        <i>1 0 0 0 1 0 0 0 1 0.148394 1.14858 -0.00112328</i>
                        <i>1 0 0 0 1 0 0 0 1 0.143088 1.13749 -0.00115139</i>
                        <i>1 0 0 0 1 0 0 0 1 0.137459 1.12686 -0.00117898</i>
                        <i>1 0 0 0 1 0 0 0 1 0.131072 1.11515 -0.00120858</i>
                        <i>1 0 0 0 1 0 0 0 1 0.124148 1.10138 -0.00124173</i>
                        <i>1 0 0 0 1 0 0 0 1 0.117291 1.08719 -0.00127562</i>
                        <i>1 0 0 0 1 0 0 0 1 0.111101 1.07424 -0.00130746</i>
                        <i>1 0 0 0 1 0 0 0 1 0.10618 1.06418 -0.00133447</i>
                        <i>1 0 0 0 1 0 0 0 1 0.103131 1.05864 -0.00135385</i>
                        <i>1 0 0 0 1 0 0 0 1 0.101521 1.0561 -0.0013679</i>
                        <i>1 0 0 0 1 0 0 0 1 0.100466 1.05397 -0.00138075</i>
                        <i>1 0 0 0 1 0 0 0 1 0.0998863 1.05234 -0.00139241</i>
                        <i>1 0 0 0 1 0 0 0 1 0.0997027 1.05134 -0.00140286</i>
                        <i>1 0 0 0 1 0 0 0 1 0.0998366 1.05105 -0.0014121</i>
                        <i>1 0 0 0 1 0 0 0 1 0.100209 1.05159 -0.00142013</i>
                        <i>1 0 0 0 1 0 0 0 1 0.10074 1.05306 -0.00142694</i>
                        <i>1 0 0 0 1 0 0 0 1 0.101352 1.05557 -0.00143252</i>
                        <i>1 0 0 0 1 0 0 0 1 0.101966 1.05921 -0.00143687</i>
                        <i>1 0 0 0 1 0 0 0 1 0.102502 1.0641 -0.00143999</i>
                        <i>1 0 0 0 1 0 0 0 1 0.102881 1.07034 -0.00144186</i>
                        <i>1 0 0 0 1 0 0 0 1 0.103026 1.07802 -0.00144248</i>
                        <i>1 0 0 0 1 0 0 0 1 0.103033 1.09275 -0.00143659</i>
                        <i>1 0 0 0 1 0 0 0 1 0.10305 1.11684 -0.00142166</i>
                        <i>1 0 0 0 1 0 0 0 1 0.103074 1.14548 -0.0014018</i>
                        <i>1 0 0 0 1 0 0 0 1 0.103099 1.17388 -0.00138114</i>
                        <i>1 0 0 0 1 0 0 0 1 0.103119 1.19723 -0.00136378</i>
                        <i>1 0 0 0 1 0 0 0 1 0.103131 1.21073 -0.00135385</i>
                        <i>1 0 0 0 1 0 0 0 1 0.103136 1.21706 -0.0013497</i>
                        <i>1 0 0 0 1 0 0 0 1 0.103139 1.22214 -0.00134682</i>
                        <i>1 0 0 0 1 0 0 0 1 0.103141 1.22607 -0.00134502</i>
                        <i>1 0 0 0 1 0 0 0 1 0.103143 1.22893 -0.00134412</i>
                        <i>1 0 0 0 1 0 0 0 1 0.103143 1.2308 -0.00134395</i>
                        <i>1 0 0 0 1 0 0 0 1 0.103142 1.23177 -0.00134433</i>
                        <i>1 0 0 0 1 0 0 0 1 0.103141 1.23193 -0.00134508</i>
                        <i>1 0 0 0 1 0 0 0 1 0.10314 1.23137 -0.00134602</i>
                        <i>1 0 0 0 1 0 0 0 1 0.103139 1.23016 -0.00134697</i>
                        <i>1 0 0 0 1 0 0 0 1 0.103138 1.22841 -0.00134776</i>
                        <i>1 0 0 0 1 0 0 0 1 0.103138 1.22618 -0.0013482</i>
                        <i>1 0 0 0 1 0 0 0 1 0.103138 1.22358 -0.00134811</i>
                        <i>1 0 0 0 1 0 0 0 1 0.103139 1.22068 -0.00134732</i>
                        <i>1 0 0 0 1 0 0 0 1 0.103141 1.21758 -0.00134565</i>
                        <i>1 0 0 0 1 0 0 0 1 0.103129 1.21132 -0.00134823</i>
                        <i>1 0 0 0 1 0 0 0 1 0.103101 1.20024 -0.00135601</i>
                        <i>1 0 0 0 1 0 0 0 1 0.103074 1.1863 -0.00136257</i>
                        <i>1 0 0 0 1 0 0 0 1 0.103067 1.17149 -0.00136144</i>
                        <i>1 0 0 0 1 0 0 0 1 0.103097 1.15776 -0.0013462</i>
                        <i>1 0 0 0 1 0 0 0 1 0.103183 1.14711 -0.0013104</i>
                        <i>1 0 0 0 1 0 0 0 1 0.103355 1.13896 -0.00124188</i>
                        <i>1 0 0 0 1 0 0 0 1 0.103605 1.13144 -0.00114288</i>
                        <i>1 0 0 0 1 0 0 0 1 0.103897 1.12457 -0.00102847</i>
                        <i>1 0 0 0 1 0 0 0 1 0.10419 1.11836 -0.000913745</i>
                        <i>1 0 0 0 1 0 0 0 1 0.104446 1.11284 -0.000813801</i>
                        <i>1 0 0 0 1 0 0 0 1 0.104627 1.10802 -0.000743726</i>
                        <i>1 0 0 0 1 0 0 0 1 0.104694 1.10392 -0.000718613</i>
                        <i>1 0 0 0 1 0 0 0 1 0.104649 1.10049 -0.00074129</i>
                        <i>1 0 0 0 1 0 0 0 1 0.104529 1.0976 -0.000798424</i>
                        <i>1 0 0 0 1 0 0 0 1 0.104354 1.09516 -0.000880868</i>
                        <i>1 0 0 0 1 0 0 0 1 0.104141 1.09307 -0.00097947</i>
                        <i>1 0 0 0 1 0 0 0 1 0.10391 1.09123 -0.00108508</i>
                        <i>1 0 0 0 1 0 0 0 1 0.103677 1.08954 -0.00118855</i>
                        <i>1 0 0 0 1 0 0 0 1 0.103461 1.08789 -0.00128073</i>
                        <i>1 0 0 0 1 0 0 0 1 0.10328 1.0862 -0.00135247</i>
                        <i>1 0 0 0 1 0 0 0 1 0.103153 1.08437 -0.00139462</i>
                        <i>1 0 0 0 1 0 0 0 1 0.103097 1.08228 -0.00139804</i>
                        <i>1 0 0 0 1 0 0 0 1 0.103131 1.07985 -0.00135356</i>
                        <i>1 0 0 0 1 0 0 0 1 0.103141 1.07531 -0.00134501</i>
                        <i>1 0 0 0 1 0 0 0 1 0.103051 1.06836 -0.0014215</i>
                        <i>1 0 0 0 1 0 0 0 1 0.102931 1.06111 -0.00152182</i>
                        <i>1 0 0 0 1 0 0 0 1 0.102856 1.05567 -0.00158479</i>
                        <i>1 0 0 0 1 0 0 0 1 0.102899 1.05415 -0.0015492</i>
                        <i>1 0 0 0 1 0 0 0 1 0.103131 1.05864 -0.00135385</i>
                        <i>1 0 0 0 1 0 0 0 1 0.108096 1.07406 0.000718252</i>
                        <i>1 0 0 0 1 0 0 0 1 0.119976 1.09963 0.00488955</i>
                        <i>1 0 0 0 1 0 0 0 1 0.135301 1.129 0.00897938</i>
                        <i>1 0 0 0 1 0 0 0 1 0.150603 1.15579 0.0108071</i>
                        <i>1 0 0 0 1 0 0 0 1 0.162413 1.17364 0.00819188</i>
                        <i>1 0 0 0 1 0 0 0 1 0.167261 1.17618 -0.0010468</i>
                        <i>1 0 0 0 1 0 0 0 1 0.155884 1.14345 -0.0294561</i>
                        <i>1 0 0 0 1 0 0 0 1 0.132358 1.08202 -0.0746506</i>
                        <i>1 0 0 0 1 0 0 0 1 0.11201 1.02354 -0.116431</i>
                        <i>1 0 0 0 1 0 0 0 1 0.106586 0.996886 -0.134757</i>
                        <i>1 0 0 0 1 0 0 0 1 0.115723 1.00168 -0.129767</i>
                        <i>1 0 0 0 1 0 0 0 1 0.131018 1.01678 -0.116517</i>
                        <i>1 0 0 0 1 0 0 0 1 0.150236 1.03907 -0.0974649</i>
                        <i>1 0 0 0 1 0 0 0 1 0.171153 1.0655 -0.0750677</i>
                        <i>1 0 0 0 1 0 0 0 1 0.191466 1.09304 -0.0517762</i>
                        <i>1 0 0 0 1 0 0 0 1 0.208739 1.11864 -0.030039</i>
                        <i>1 0 0 0 1 0 0 0 1 0.220424 1.13914 -0.0123055</i>
                        <i>1 0 0 0 1 0 0 0 1 0.223916 1.15129 -0.00103101</i>
                        <i>1 0 0 0 1 0 0 0 1 0.21453 1.15248 0.00210337</i>
                        <i>1 0 0 0 1 0 0 0 1 0.192749 1.14449 -0.00134414</i>
                        <i>1 0 0 0 1 0 0 0 1 0.16373 1.13061 -0.00897777</i>
                        <i>1 0 0 0 1 0 0 0 1 0.132603 1.11421 -0.0184032</i>
                        <i>1 0 0 0 1 0 0 0 1 0.104476 1.09877 -0.0272293</i>
                        <i>1 0 0 0 1 0 0 0 1 0.0844392 1.08781 -0.0330685</i>
                        <i>1 0 0 0 1 0 0 0 1 0.0721196 1.08068 -0.0363212</i>
                        <i>1 0 0 0 1 0 0 0 1 0.0633595 1.07448 -0.0389794</i>
                        <i>1 0 0 0 1 0 0 0 1 0.0575704 1.06936 -0.0410451</i>
                        <i>1 0 0 0 1 0 0 0 1 0.0541638 1.0655 -0.0425195</i>
                        <i>1 0 0 0 1 0 0 0 1 0.0525512 1.06307 -0.0434036</i>
                        <i>1 0 0 0 1 0 0 0 1 0.0521443 1.06223 -0.0436981</i>
                    </KeyFrames>
                </p>
            </i>
            <i>
                <p>
                    <Name>
                        <![CDATA[spine0]]>
</Name>
                    <Exclude>0</Exclude>
                    <Additive>0</Additive>
                    <IKPriority>0</IKPriority>
                    <IKRotLimits>-1e+010 -1e+010 -1e+010 1e+010 1e+010 1e+010</IKRotLimits>
                    <IKRotLimitOrder>0</IKRotLimitOrder>
                    <KeyFrames count="121">
                        <i>-0.015652 0.99909 -0.039665 -0.9397 -0.028253 -0.340832 -0.341643 0.0319385 0.939287 0.0645116 1.19109 -0.106445</i>
                        <i>-0.00888039 0.999807 -0.0175407 -0.938475 -0.0143892 -0.345048 -0.345233 0.0133973 0.938421 0.0676424 1.18455 -0.113804</i>
                        <i>0.00787544 0.999226 0.038537 -0.934664 0.0210543 -0.354909 -0.355446 -0.0332241 0.934106 0.0760408 1.16882 -0.132039</i>
                        <i>0.0290431 0.993172 0.112985 -0.928003 0.0687932 -0.366166 -0.371439 -0.0942162 0.923665 0.0882267 1.14968 -0.155376</i>
                        <i>0.0486915 0.980898 0.188329 -0.919833 0.117523 -0.374294 -0.389277 -0.155006 0.907985 0.102661 1.13257 -0.178034</i>
                        <i>0.0611639 0.967419 0.245683 -0.914495 0.152944 -0.374577 -0.399948 -0.201765 0.894054 0.11766 1.12238 -0.194241</i>
                        <i>0.0615267 0.961637 0.267338 -0.918284 0.159494 -0.362376 -0.391113 -0.223196 0.892869 0.131422 1.12357 -0.198238</i>
                        <i>0.0453869 0.968141 0.246257 -0.934563 0.128231 -0.331885 -0.35289 -0.21508 0.910609 0.145733 1.13867 -0.187052</i>
                        <i>0.0156069 0.980837 0.194202 -0.955638 0.0717667 -0.285666 -0.294129 -0.181129 0.938446 0.162449 1.16424 -0.164589</i>
                        <i>-0.0212029 0.992082 0.123787 -0.972619 0.00819336 -0.23226 -0.231435 -0.125323 0.964744 0.179923 1.19587 -0.135446</i>
                        <i>-0.0575448 0.997122 0.0493577 -0.982464 -0.0477776 -0.180227 -0.17735 -0.0588633 0.982386 0.196433 1.22927 -0.104325</i>
                        <i>-0.085939 0.996181 -0.0154469 -0.986682 -0.0872482 -0.137284 -0.138107 0.00344311 0.990411 0.210091 1.26022 -0.0760401</i>
                        <i>-0.0998051 0.993252 -0.0590799 -0.988241 -0.105864 -0.110332 -0.115841 0.0473736 0.992137 0.218828 1.28436 -0.055469</i>
                        <i>-0.0873349 0.993507 -0.0729192 -0.989269 -0.0951032 -0.110917 -0.117131 0.0624498 0.991151 0.217664 1.3006 -0.0461741</i>
                        <i>-0.0543592 0.99636 -0.0656711 -0.988945 -0.0628081 -0.134324 -0.137959 0.0576434 0.988759 0.207042 1.31091 -0.045266</i>
                        <i>-0.0198796 0.998442 -0.0521477 -0.986181 -0.0281625 -0.163262 -0.164476 0.0481814 0.985204 0.193001 1.31558 -0.0479621</i>
                        <i>-0.000317243 0.998952 -0.045778 -0.983426 -0.00861176 -0.181108 -0.181312 0.0449618 0.982397 0.181931 1.31536 -0.0495146</i>
                        <i>0.00385787 0.998843 -0.0479409 -0.98256 -0.00512637 -0.185875 -0.185906 0.0478219 0.981403 0.174909 1.31122 -0.0491094</i>
                        <i>0.00323719 0.998671 -0.0514453 -0.982302 -0.00645891 -0.187194 -0.187277 0.0511408 0.980975 0.168486 1.30399 -0.049013</i>
                        <i>-0.00079666 0.998432 -0.0559661 -0.982447 -0.0112214 -0.186205 -0.186541 0.0548354 0.980916 0.162484 1.29458 -0.049123</i>
                        <i>-0.0069113 0.998103 -0.0611717 -0.982751 -0.0180848 -0.184045 -0.184803 0.0588446 0.981012 0.156726 1.28387 -0.0493365</i>
                        <i>-0.0137023 0.997679 -0.0666954 -0.98299 -0.025658 -0.18186 -0.183149 0.063069 0.98106 0.151033 1.27274 -0.0495505</i>
                        <i>-0.0196393 0.997202 -0.0721245 -0.982982 -0.0324369 -0.180813 -0.182647 0.067346 0.980869 0.145229 1.26208 -0.0496625</i>
                        <i>-0.0252927 0.996586 -0.0785939 -0.982755 -0.0391931 -0.180711 -0.183174 0.0726679 0.980391 0.138841 1.25037 -0.0496921</i>
                        <i>-0.0320986 0.995713 -0.0867437 -0.982418 -0.0474012 -0.180575 -0.183913 0.0794224 0.979729 0.131917 1.2366 -0.0497253</i>
                        <i>-0.0396734 0.994656 -0.0953134 -0.98197 -0.0564554 -0.180412 -0.184829 0.0864373 0.978962 0.12506 1.22241 -0.0497592</i>
                        <i>-0.0475395 0.993552 -0.102929 -0.981432 -0.065631 -0.180231 -0.185824 0.0924497 0.978224 0.11887 1.20946 -0.049791</i>
                        <i>-0.0551255 0.992608 -0.108123 -0.980863 -0.0740858 -0.18005 -0.18673 0.0961283 0.977697 0.113949 1.1994 -0.049818</i>
                        <i>-0.061786 0.992076 -0.1094 -0.980354 -0.0808938 -0.179896 -0.18732 0.0961359 0.977583 0.1109 1.19387 -0.0498374</i>
                        <i>-0.0677983 0.99188 -0.107599 -0.979901 -0.0864802 -0.179762 -0.187608 0.0932491 0.977808 0.109291 1.19132 -0.0498514</i>
                        <i>-0.0738155 0.991765 -0.104662 -0.979437 -0.0918544 -0.179629 -0.187763 0.0892508 0.978151 0.108235 1.18919 -0.0498643</i>
                        <i>-0.0797307 0.991707 -0.100797 -0.97897 -0.0969507 -0.179497 -0.187781 0.0843656 0.978581 0.107656 1.18756 -0.0498759</i>
                        <i>-0.0854543 0.991686 -0.0962086 -0.978509 -0.10172 -0.17937 -0.187665 0.0788131 0.979066 0.107472 1.18656 -0.0498864</i>
                        <i>-0.0909136 0.991684 -0.0910956 -0.978063 -0.106131 -0.179248 -0.187425 0.0728011 0.979577 0.107606 1.18627 -0.0498956</i>
                        <i>-0.096053 0.991685 -0.0856427 -0.977638 -0.110163 -0.179134 -0.187079 0.0665212 0.98009 0.107978 1.18681 -0.0499037</i>
                        <i>-0.100832 0.99168 -0.080019 -0.977239 -0.113809 -0.179028 -0.186645 0.0601461 0.980585 0.10851 1.18828 -0.0499105</i>
                        <i>-0.105222 0.991664 -0.0743763 -0.976871 -0.117072 -0.178931 -0.186146 0.0538287 0.981046 0.109122 1.19079 -0.0499161</i>
                        <i>-0.109206 0.991632 -0.0688499 -0.976537 -0.119961 -0.178843 -0.185606 0.0477038 0.981466 0.109735 1.19443 -0.0499204</i>
                        <i>-0.112774 0.991586 -0.06356 -0.976238 -0.122487 -0.178765 -0.185047 0.0418895 0.981837 0.110271 1.19932 -0.0499235</i>
                        <i>-0.115923 0.991527 -0.0586144 -0.975974 -0.124668 -0.178697 -0.184491 0.0364911 0.982157 0.110651 1.20556 -0.0499254</i>
                        <i>-0.118649 0.991461 -0.0541126 -0.975747 -0.126518 -0.178639 -0.18396 0.0316049 0.982426 0.110795 1.21325 -0.049926</i>
                        <i>-0.120052 0.991537 -0.0494118 -0.975682 -0.127034 -0.178623 -0.183388 0.0267661 0.982676 0.110802 1.22797 -0.0499201</i>
                        <i>-0.119609 0.991844 -0.0440406 -0.975858 -0.125615 -0.178668 -0.182742 0.0216071 0.982923 0.11082 1.25206 -0.0499052</i>
                        <i>-0.117849 0.992289 -0.0384079 -0.976193 -0.122856 -0.178754 -0.182094 0.0164276 0.983144 0.110843 1.2807 -0.0498853</i>
                        <i>-0.115347 0.992776 -0.0330387 -0.9766 -0.11942 -0.17886 -0.181513 0.0116347 0.98332 0.110868 1.3091 -0.0498647</i>
                        <i>-0.112804 0.993206 -0.0285973 -0.976981 -0.116114 -0.178959 -0.181064 0.00775163 0.983441 0.110888 1.33245 -0.0498473</i>
                        <i>-0.111057 0.993478 -0.0258607 -0.977229 -0.113901 -0.179025 -0.180803 0.00538981 0.983505 0.1109 1.34595 -0.0498374</i>
                        <i>-0.110031 0.993627 -0.0244533 -0.977369 -0.112637 -0.179062 -0.180675 0.00419746 0.983534 0.110905 1.35228 -0.0498332</i>
                        <i>-0.109053 0.99376 -0.0234308 -0.977494 -0.111491 -0.179095 -0.18059 0.00337257 0.983553 0.110909 1.35736 -0.0498304</i>
                        <i>-0.10812 0.993878 -0.0227514 -0.977607 -0.11045 -0.179125 -0.180542 0.00287496 0.983563 0.110911 1.36129 -0.0498286</i>
                        <i>-0.107226 0.993983 -0.0223711 -0.977708 -0.109503 -0.179153 -0.180524 0.00266259 0.983567 0.110912 1.36415 -0.0498277</i>
                        <i>-0.106367 0.994078 -0.0222442 -0.977801 -0.108635 -0.179177 -0.180533 0.0026918 0.983565 0.110912 1.36602 -0.0498275</i>
                        <i>-0.105536 0.994165 -0.0223234 -0.977885 -0.107832 -0.1792 -0.180562 0.00291759 0.983559 0.110912 1.36699 -0.0498279</i>
                        <i>-0.104727 0.994245 -0.0225603 -0.977964 -0.107079 -0.179221 -0.180606 0.00329389 0.98355 0.110911 1.36715 -0.0498286</i>
                        <i>-0.103932 0.994321 -0.0229057 -0.978039 -0.106359 -0.179242 -0.18066 0.0037738 0.983538 0.11091 1.36659 -0.0498296</i>
                        <i>-0.103143 0.994393 -0.0233097 -0.978112 -0.105656 -0.179261 -0.180719 0.00430988 0.983525 0.110908 1.36539 -0.0498305</i>
                        <i>-0.102353 0.994465 -0.0237219 -0.978184 -0.104954 -0.179281 -0.180778 0.00485436 0.983512 0.110907 1.36363 -0.0498313</i>
                        <i>-0.101554 0.994538 -0.024092 -0.978257 -0.104235 -0.179301 -0.180833 0.00535942 0.983499 0.110907 1.36141 -0.0498317</i>
                        <i>-0.100738 0.994614 -0.02437 -0.978333 -0.103483 -0.179321 -0.180878 0.00577742 0.983489 0.110907 1.3588 -0.0498317</i>
                        <i>-0.0998968 0.994696 -0.0245059 -0.978413 -0.10268 -0.179343 -0.180908 0.00606111 0.983481 0.110908 1.3559 -0.0498309</i>
                        <i>-0.099022 0.994785 -0.0244509 -0.9785 -0.10181 -0.179367 -0.180921 0.00616386 0.983478 0.11091 1.3528 -0.0498292</i>
                        <i>-0.0981153 0.994873 -0.0245081 -0.978589 -0.100928 -0.17938 -0.180934 0.00638351 0.983475 0.110898 1.34654 -0.0498319</i>
                        <i>-0.0971983 0.994956 -0.0248092 -0.978676 -0.100081 -0.179378 -0.180956 0.006845 0.983467 0.110869 1.33546 -0.0498398</i>
                        <i>-0.0962878 0.995038 -0.0250533 -0.978763 -0.0992293 -0.179376 -0.180972 0.00724956 0.983462 0.110841 1.32152 -0.0498465</i>
                        <i>-0.0953962 0.995126 -0.0249563 -0.978851 -0.0983348 -0.179388 -0.180968 0.0073156 0.983462 0.110833 1.30671 -0.0498455</i>
                        <i>-0.094533 0.995226 -0.0242492 -0.978941 -0.097358 -0.17943 -0.180934 0.00677651 0.983472 0.110864 1.29299 -0.0498302</i>
                        <i>-0.0937027 0.995342 -0.0226607 -0.979035 -0.0962545 -0.179515 -0.18086 0.00536456 0.983494 0.110952 1.28233 -0.0497939</i>
                        <i>-0.0934062 0.995413 -0.0206718 -0.979075 -0.0956037 -0.179645 -0.180797 0.00345927 0.983514 0.111145 1.27418 -0.0497249</i>
                        <i>-0.0939442 0.995396 -0.0190048 -0.979024 -0.0958319 -0.179801 -0.180794 0.00171496 0.983519 0.111448 1.26666 -0.0496255</i>
                        <i>-0.0950343 0.995316 -0.0177474 -0.978909 -0.0966769 -0.179971 -0.180844 0.000269609 0.983512 0.111814 1.25978 -0.0495111</i>
                        <i>-0.0963687 0.995201 -0.0169977 -0.97876 -0.0978535 -0.180146 -0.180945 -0.000723839 0.983493 0.112193 1.25357 -0.0493968</i>
                        <i>-0.0975711 0.995086 -0.0168572 -0.978613 -0.0990105 -0.180316 -0.181099 -0.00109704 0.983464 0.112539 1.24804 -0.049298</i>
                        <i>-0.0981844 0.995016 -0.0174255 -0.978512 -0.0997165 -0.180475 -0.181313 -0.000668776 0.983425 0.112804 1.24322 -0.0492299</i>
                        <i>-0.0976891 0.99504 -0.0187946 -0.978509 -0.0994778 -0.180619 -0.181593 0.000746117 0.983374 0.112941 1.23911 -0.0492077</i>
                        <i>-0.0961424 0.995153 -0.0206684 -0.978603 -0.0982977 -0.180757 -0.181912 0.00284784 0.983311 0.112953 1.23567 -0.0492352</i>
                        <i>-0.0940322 0.99531 -0.0227203 -0.978747 -0.0965968 -0.180897 -0.182244 0.00522724 0.983239 0.11289 1.23278 -0.0492993</i>
                        <i>-0.0914717 0.995494 -0.0249848 -0.978926 -0.094493 -0.18104 -0.182585 0.00789821 0.983158 0.112769 1.23034 -0.0493903</i>
                        <i>-0.0885765 0.99569 -0.0274967 -0.979127 -0.0921065 -0.181181 -0.182933 0.0108744 0.983065 0.112609 1.22824 -0.0494981</i>
                        <i>-0.0854638 0.995881 -0.0302916 -0.979338 -0.0895593 -0.181321 -0.183286 0.0141694 0.982957 0.112429 1.22639 -0.0496131</i>
                        <i>-0.0822508 0.996052 -0.0334054 -0.979546 -0.0869734 -0.181455 -0.183644 0.0177972 0.982832 0.112247 1.22469 -0.0497253</i>
                        <i>-0.0790546 0.996188 -0.0368747 -0.979741 -0.0844708 -0.181584 -0.184007 0.0217726 0.982684 0.112083 1.22304 -0.0498248</i>
                        <i>-0.0759908 0.996276 -0.0407376 -0.979914 -0.0821727 -0.181705 -0.184376 0.0261114 0.982509 0.111954 1.22135 -0.049902</i>
                        <i>-0.0731744 0.996302 -0.0450333 -0.980057 -0.0801995 -0.181817 -0.184756 0.0308308 0.982301 0.11188 1.21951 -0.0499468</i>
                        <i>-0.0707192 0.996252 -0.0498031 -0.980162 -0.0786712 -0.181918 -0.185154 0.03595 0.982052 0.111879 1.21742 -0.0499494</i>
                        <i>-0.0687387 0.996112 -0.0550907 -0.980222 -0.0777082 -0.182007 -0.185581 0.0414902 0.981753 0.111969 1.21499 -0.0499</i>
                        <i>-0.0674479 0.995732 -0.0629933 -0.980197 -0.0779129 -0.182054 -0.186185 0.0494667 0.981269 0.11205 1.21045 -0.049868</i>
                        <i>-0.0666624 0.995013 -0.0741908 -0.980091 -0.0792371 -0.182054 -0.187025 0.0605776 0.980486 0.112046 1.20351 -0.0498971</i>
                        <i>-0.0659189 0.994062 -0.0865776 -0.979962 -0.0808391 -0.182045 -0.187963 0.0728425 0.979471 0.112015 1.19628 -0.0499388</i>
                        <i>-0.0647804 0.993076 -0.0979997 -0.979871 -0.0818857 -0.182065 -0.188829 0.0842328 0.978391 0.112016 1.19085 -0.0499447</i>
                        <i>-0.0628398 0.99235 -0.106269 -0.979883 -0.0815563 -0.182147 -0.189421 0.0926856 0.977512 0.112106 1.18934 -0.0498664</i>
                        <i>-0.0597337 0.992222 -0.109213 -0.980054 -0.0790696 -0.182327 -0.189544 0.0961431 0.977154 0.112343 1.19384 -0.0496555</i>
                        <i>-0.0515534 0.992681 -0.109209 -0.98057 -0.0710411 -0.182854 -0.189274 0.0976608 0.977056 0.117517 1.20926 -0.0475382</i>
                        <i>-0.0374751 0.993414 -0.108283 -0.981318 -0.0570468 -0.183742 -0.188709 0.0993743 0.976992 0.129869 1.23484 -0.0432607</i>
                        <i>-0.0216365 0.994348 -0.103943 -0.981958 -0.0406713 -0.184672 -0.187855 0.0980721 0.977288 0.145633 1.26421 -0.0390544</i>
                        <i>-0.00765903 0.995548 -0.0939479 -0.982351 -0.0250498 -0.185362 -0.18689 0.0908701 0.978169 0.161047 1.29102 -0.0371509</i>
                        <i>0.00146319 0.997099 -0.0760988 -0.982549 -0.012721 -0.185571 -0.186001 0.0750423 0.97968 0.172346 1.30891 -0.0397819</i>
                        <i>0.00304439 0.998853 -0.0477827 -0.982706 -0.00585858 -0.185079 -0.185147 0.0475199 0.981561 0.175763 1.31148 -0.0491782</i>
                        <i>0.0130497 0.99978 0.0164092 -0.977225 0.0162279 -0.211583 -0.211803 -0.0132744 0.977222 0.16569 1.27766 -0.0803082</i>
                        <i>0.0364699 0.992253 0.118756 -0.959702 0.0679098 -0.272689 -0.278642 -0.104026 0.954745 0.147979 1.21351 -0.130904</i>
                        <i>0.0573264 0.973797 0.220076 -0.932807 0.130803 -0.3358 -0.355787 -0.186038 0.915863 0.134242 1.15182 -0.17764</i>
                        <i>0.0615267 0.961637 0.267338 -0.918284 0.159494 -0.362376 -0.391113 -0.223196 0.892869 0.131422 1.12357 -0.198238</i>
                        <i>0.0483029 0.964937 0.258 -0.927404 0.139251 -0.347177 -0.37093 -0.222501 0.901612 0.138417 1.12883 -0.19311</i>
                        <i>0.0281082 0.973227 0.22812 -0.943193 0.101402 -0.316394 -0.331055 -0.206268 0.920791 0.14994 1.14502 -0.178898</i>
                        <i>0.00331204 0.98308 0.183149 -0.95969 0.054598 -0.275708 -0.281042 -0.174853 0.943632 0.164385 1.16869 -0.158259</i>
                        <i>-0.0234469 0.991333 0.129262 -0.972953 0.00709452 -0.230894 -0.22981 -0.131179 0.964354 0.180152 1.19648 -0.13389</i>
                        <i>-0.0494638 0.996114 0.0728656 -0.981672 -0.0350437 -0.187327 -0.184045 -0.080796 0.979591 0.195511 1.22516 -0.108561</i>
                        <i>-0.0722678 0.997192 0.0196414 -0.98634 -0.068531 -0.149792 -0.148025 -0.0301982 0.988522 0.208519 1.25154 -0.0851179</i>
                        <i>-0.0897087 0.995635 -0.0257473 -0.988152 -0.0922073 -0.12269 -0.124529 0.0144359 0.992111 0.217039 1.27238 -0.0664517</i>
                        <i>-0.0998051 0.993252 -0.0590799 -0.988241 -0.105864 -0.110332 -0.115841 0.0473736 0.992137 0.218828 1.28436 -0.055469</i>
                        <i>-0.0996085 0.992119 -0.0760073 -0.987004 -0.108197 -0.118814 -0.126101 0.0631846 0.990003 0.209675 1.28508 -0.0534999</i>
                        <i>-0.0900446 0.992843 -0.078453 -0.984103 -0.100806 -0.146218 -0.15308 0.0640397 0.986137 0.189844 1.27659 -0.0582527</i>
                        <i>-0.0748095 0.994634 -0.0714564 -0.978905 -0.0869108 -0.184912 -0.19013 0.0561159 0.980154 0.163834 1.26217 -0.0671792</i>
                        <i>-0.057517 0.996539 -0.0600231 -0.971329 -0.0697512 -0.227276 -0.230676 0.04523 0.971979 0.136111 1.24521 -0.0777599</i>
                        <i>-0.0418569 0.997915 -0.0491337 -0.962566 -0.0534575 -0.265723 -0.267796 0.0361721 0.962796 0.111107 1.22921 -0.0875334</i>
                        <i>-0.031666 0.998542 -0.0437067 -0.955211 -0.0431065 -0.292769 -0.294226 0.0324783 0.955184 0.0932346 1.21779 -0.0940993</i>
                        <i>-0.0262029 0.998746 -0.0426694 -0.950158 -0.0381478 -0.309426 -0.310666 0.0324348 0.949966 0.0821924 1.21031 -0.0979079</i>
                        <i>-0.0220353 0.998886 -0.0417179 -0.946125 -0.0343186 -0.321976 -0.32305 0.0323755 0.945828 0.0743771 1.20381 -0.101</i>
                        <i>-0.0190329 0.998982 -0.0408943 -0.943133 -0.0315152 -0.330917 -0.331869 0.0322705 0.942773 0.0692453 1.19848 -0.103391</i>
                        <i>-0.0170607 0.999044 -0.0402448 -0.941135 -0.0296364 -0.33673 -0.337601 0.0321309 0.940741 0.066253 1.19448 -0.105091</i>
                        <i>-0.0159806 0.999079 -0.0398183 -0.940034 -0.0285822 -0.339882 -0.340707 0.0319991 0.939625 0.0648564 1.19196 -0.106107</i>
                        <i>-0.015652 0.99909 -0.039665 -0.9397 -0.028253 -0.340832 -0.341643 0.0319385 0.939287 0.0645116 1.19109 -0.106445</i>
                    </KeyFrames>
                </p>
            </i>
            <i>
                <p>
                    <Name>
                        <![CDATA[spine1]]>
</Name>
                    <Exclude>0</Exclude>
                    <Additive>0</Additive>
                    <IKPriority>0</IKPriority>
                    <IKRotLimits>-1e+010 -1e+010 -1e+010 1e+010 1e+010 1e+010</IKRotLimits>
                    <IKRotLimitOrder>0</IKRotLimitOrder>
                    <KeyFrames count="121">
                        <i>0.0378511 0.999001 0.0237409 -0.979323 0.0418094 -0.197935 -0.198729 -0.015758 0.979928 0.0618392 1.36155 -0.113207</i>
                        <i>0.0453108 0.996305 0.0729626 -0.977587 0.0592542 -0.202021 -0.205598 -0.0621736 0.97666 0.0661208 1.35581 -0.116808</i>
                        <i>0.0625171 0.979465 0.191679 -0.971937 0.103388 -0.211304 -0.226782 -0.17309 0.958441 0.0774153 1.34257 -0.125352</i>
                        <i>0.0811927 0.939566 0.3326 -0.961835 0.161349 -0.220999 -0.261307 -0.301963 0.916808 0.0934453 1.32756 -0.135184</i>
                        <i>0.0945054 0.885639 0.454656 -0.949294 0.217727 -0.226795 -0.299849 -0.410169 0.861308 0.111758 1.31515 -0.143063</i>
                        <i>0.0989948 0.839018 0.535022 -0.94009 0.255127 -0.226144 -0.326237 -0.480582 0.814009 0.129487 1.30867 -0.147053</i>
                        <i>0.0930742 0.820781 0.56361 -0.941581 0.256576 -0.218158 -0.323669 -0.51038 0.796713 0.143486 1.31129 -0.146192</i>
                        <i>0.0736257 0.838993 0.539138 -0.956191 0.212976 -0.200849 -0.283335 -0.500731 0.817918 0.154511 1.32497 -0.139786</i>
                        <i>0.0396681 0.881583 0.470359 -0.975059 0.137028 -0.174596 -0.218373 -0.451702 0.865031 0.165383 1.34695 -0.128501</i>
                        <i>-0.00761451 0.932825 0.360249 -0.988644 0.0470482 -0.142723 -0.150085 -0.357245 0.921874 0.176131 1.37382 -0.113288</i>
                        <i>-0.0629562 0.973379 0.220386 -0.993136 -0.0392908 -0.110167 -0.0985748 -0.225809 0.969171 0.186418 1.40285 -0.0957485</i>
                        <i>-0.115533 0.990146 0.0791374 -0.990597 -0.108974 -0.0827223 -0.0732832 -0.0879504 0.993425 0.195336 1.43125 -0.0786931</i>
                        <i>-0.153063 0.987887 -0.0255309 -0.985823 -0.154439 -0.0655806 -0.0687291 0.015131 0.997521 0.201661 1.4552 -0.0656341</i>
                        <i>-0.165705 0.983719 -0.0695579 -0.983271 -0.170215 -0.0648396 -0.0756237 0.0576501 0.995468 0.202396 1.47431 -0.0589441</i>
                        <i>-0.15903 0.984727 -0.0708722 -0.983395 -0.164354 -0.0769569 -0.0874296 0.0574569 0.994512 0.197296 1.48966 -0.0570953</i>
                        <i>-0.145705 0.987687 -0.0569583 -0.984301 -0.150521 -0.0921725 -0.099611 0.0426341 0.994113 0.189356 1.49924 -0.0576293</i>
                        <i>-0.138126 0.989049 -0.0520015 -0.984444 -0.142861 -0.102281 -0.10859 0.0370649 0.993395 0.181888 1.50172 -0.0581454</i>
                        <i>-0.138096 0.988662 -0.0589716 -0.983863 -0.143778 -0.106501 -0.113772 0.0433127 0.992562 0.175648 1.49797 -0.0581657</i>
                        <i>-0.139083 0.988069 -0.0661418 -0.983272 -0.145723 -0.109275 -0.117609 0.0498372 0.991809 0.169106 1.49019 -0.0586941</i>
                        <i>-0.1409 0.98728 -0.0736531 -0.982645 -0.148528 -0.111124 -0.12065 0.0567175 0.991073 0.162352 1.47955 -0.0595736</i>
                        <i>-0.143341 0.986304 -0.0816007 -0.981945 -0.152021 -0.112576 -0.123439 0.0639907 0.990287 0.15547 1.46722 -0.0606472</i>
                        <i>-0.146203 0.98515 -0.090025 -0.98113 -0.15604 -0.114176 -0.126527 0.0716334 0.989373 0.14855 1.45438 -0.061757</i>
