<?xml version="1.0" encoding="ISO-8859-1" ?>
<Animl Version="1">
    <ModellingPackage><![CDATA[Maya.2010]]></ModellingPackage>
    <SrcFile><![CDATA[anims\characters\shared\commando\~src\commando_enter_land.mb]]></SrcFile>
    <FramesPerSecond>30</FramesPerSecond>
    <TotalFrames>109</TotalFrames>
    <Skeleton>
        <RefFrame>
            <Name><![CDATA[commando_ref_frame]]></Name>
            <Exclude>0</Exclude>
            <Additive>0</Additive>
            <IKPriority>0</IKPriority>
            <IKRotLimits>-1e+010 -1e+010 -1e+010 1e+010 1e+010 1e+010</IKRotLimits>
            <IKRotLimitOrder>0</IKRotLimitOrder>
            <KeyFrames count="109">
                <i>1 0 0 0 1 0 0 0 1 0.05214 0 -0.0437</i>
                <i>1 0 0 0 1 0 0 0 1 0.05214 0 -0.0437</i>
                <i>1 0 0 0 1 0 0 0 1 0.05214 0 -0.0437</i>
                <i>1 0 0 0 1 0 0 0 1 0.05214 0 -0.0437</i>
                <i>1 0 0 0 1 0 0 0 1 0.05214 0 -0.0437</i>
                <i>1 0 0 0 1 0 0 0 1 0.05214 0 -0.0437</i>
                <i>1 0 0 0 1 0 0 0 1 0.05214 0 -0.0437</i>
                <i>1 0 0 0 1 0 0 0 1 0.05214 0 -0.0437</i>
                <i>1 0 0 0 1 0 0 0 1 0.05214 0 -0.0437</i>
                <i>1 0 0 0 1 0 0 0 1 0.05214 0 -0.0437</i>
                <i>1 0 0 0 1 0 0 0 1 0.05214 0 -0.0437</i>
                <i>1 0 0 0 1 0 0 0 1 0.05214 0 -0.0437</i>
                <i>1 0 0 0 1 0 0 0 1 0.05214 0 -0.0437</i>
                <i>1 0 0 0 1 0 0 0 1 0.05214 0 -0.0437</i>
                <i>1 0 0 0 1 0 0 0 1 0.05214 0 -0.0437</i>
                <i>1 0 0 0 1 0 0 0 1 0.05214 0 -0.0437</i>
                <i>1 0 0 0 1 0 0 0 1 0.05214 0 -0.0437</i>
                <i>1 0 0 0 1 0 0 0 1 0.05214 0 -0.0437</i>
                <i>1 0 0 0 1 0 0 0 1 0.05214 0 -0.0437</i>
                <i>1 0 0 0 1 0 0 0 1 0.05214 0 -0.0437</i>
                <i>1 0 0 0 1 0 0 0 1 0.05214 0 -0.0437</i>
                <i>1 0 0 0 1 0 0 0 1 0.05214 0 -0.0437</i>
                <i>1 0 0 0 1 0 0 0 1 0.05214 0 -0.0437</i>
                <i>1 0 0 0 1 0 0 0 1 0.05214 0 -0.0437</i>
                <i>1 0 0 0 1 0 0 0 1 0.05214 0 -0.0437</i>
                <i>1 0 0 0 1 0 0 0 1 0.05214 0 -0.0437</i>
                <i>1 0 0 0 1 0 0 0 1 0.05214 0 -0.0437</i>
                <i>1 0 0 0 1 0 0 0 1 0.05214 0 -0.0437</i>
                <i>1 0 0 0 1 0 0 0 1 0.05214 0 -0.0437</i>
                <i>1 0 0 0 1 0 0 0 1 0.05214 0 -0.0437</i>
                <i>1 0 0 0 1 0 0 0 1 0.05214 0 -0.0437</i>
                <i>1 0 0 0 1 0 0 0 1 0.05214 0 -0.0437</i>
                <i>1 0 0 0 1 0 0 0 1 0.05214 0 -0.0437</i>
                <i>1 0 0 0 1 0 0 0 1 0.05214 0 -0.0437</i>
                <i>1 0 0 0 1 0 0 0 1 0.05214 0 -0.0437</i>
                <i>1 0 0 0 1 0 0 0 1 0.05214 0 -0.0437</i>
                <i>1 0 0 0 1 0 0 0 1 0.05214 0 -0.0437</i>
                <i>1 0 0 0 1 0 0 0 1 0.05214 0 -0.0437</i>
                <i>1 0 0 0 1 0 0 0 1 0.05214 0 -0.0437</i>
                <i>1 0 0 0 1 0 0 0 1 0.05214 0 -0.0437</i>
                <i>1 0 0 0 1 0 0 0 1 0.05214 0 -0.0437</i>
                <i>1 0 0 0 1 0 0 0 1 0.05214 0 -0.0437</i>
                <i>1 0 0 0 1 0 0 0 1 0.05214 0 -0.0437</i>
                <i>1 0 0 0 1 0 0 0 1 0.05214 0 -0.0437</i>
                <i>1 0 0 0 1 0 0 0 1 0.05214 0 -0.0437</i>
                <i>1 0 0 0 1 0 0 0 1 0.05214 0 -0.0437</i>
                <i>1 0 0 0 1 0 0 0 1 0.05214 0 -0.0437</i>
                <i>1 0 0 0 1 0 0 0 1 0.05214 0 -0.0437</i>
                <i>1 0 0 0 1 0 0 0 1 0.05214 0 -0.0437</i>
                <i>1 0 0 0 1 0 0 0 1 0.05214 0 -0.0437</i>
                <i>1 0 0 0 1 0 0 0 1 0.05214 0 -0.0437</i>
                <i>1 0 0 0 1 0 0 0 1 0.05214 0 -0.0437</i>
                <i>1 0 0 0 1 0 0 0 1 0.05214 0 -0.0437</i>
                <i>1 0 0 0 1 0 0 0 1 0.05214 0 -0.0437</i>
                <i>1 0 0 0 1 0 0 0 1 0.05214 0 -0.0437</i>
                <i>1 0 0 0 1 0 0 0 1 0.05214 0 -0.0437</i>
                <i>1 0 0 0 1 0 0 0 1 0.05214 0 -0.0437</i>
                <i>1 0 0 0 1 0 0 0 1 0.05214 0 -0.0437</i>
                <i>1 0 0 0 1 0 0 0 1 0.05214 0 -0.0437</i>
                <i>1 0 0 0 1 0 0 0 1 0.05214 0 -0.0437</i>
                <i>1 0 0 0 1 0 0 0 1 0.05214 0 -0.0437</i>
                <i>1 0 0 0 1 0 0 0 1 0.05214 0 -0.0437</i>
                <i>1 0 0 0 1 0 0 0 1 0.05214 0 -0.0437</i>
                <i>1 0 0 0 1 0 0 0 1 0.05214 0 -0.0437</i>
                <i>1 0 0 0 1 0 0 0 1 0.05214 0 -0.0437</i>
                <i>1 0 0 0 1 0 0 0 1 0.05214 0 -0.0437</i>
                <i>1 0 0 0 1 0 0 0 1 0.05214 0 -0.0437</i>
                <i>1 0 0 0 1 0 0 0 1 0.05214 0 -0.0437</i>
                <i>1 0 0 0 1 0 0 0 1 0.05214 0 -0.0437</i>
                <i>1 0 0 0 1 0 0 0 1 0.05214 0 -0.0437</i>
                <i>1 0 0 0 1 0 0 0 1 0.05214 0 -0.0437</i>
                <i>1 0 0 0 1 0 0 0 1 0.05214 0 -0.0437</i>
                <i>1 0 0 0 1 0 0 0 1 0.05214 0 -0.0437</i>
                <i>1 0 0 0 1 0 0 0 1 0.05214 0 -0.0437</i>
                <i>1 0 0 0 1 0 0 0 1 0.05214 0 -0.0437</i>
                <i>1 0 0 0 1 0 0 0 1 0.05214 0 -0.0437</i>
                <i>1 0 0 0 1 0 0 0 1 0.05214 0 -0.0437</i>
                <i>1 0 0 0 1 0 0 0 1 0.05214 0 -0.0437</i>
                <i>1 0 0 0 1 0 0 0 1 0.05214 0 -0.0437</i>
                <i>1 0 0 0 1 0 0 0 1 0.05214 0 -0.0437</i>
                <i>1 0 0 0 1 0 0 0 1 0.05214 0 -0.0437</i>
                <i>1 0 0 0 1 0 0 0 1 0.05214 0 -0.0437</i>
                <i>1 0 0 0 1 0 0 0 1 0.05214 0 -0.0437</i>
                <i>1 0 0 0 1 0 0 0 1 0.05214 0 -0.0437</i>
                <i>1 0 0 0 1 0 0 0 1 0.05214 0 -0.0437</i>
                <i>1 0 0 0 1 0 0 0 1 0.05214 0 -0.0437</i>
                <i>1 0 0 0 1 0 0 0 1 0.05214 0 -0.0437</i>
                <i>1 0 0 0 1 0 0 0 1 0.05214 0 -0.0437</i>
                <i>1 0 0 0 1 0 0 0 1 0.05214 0 -0.0437</i>
                <i>1 0 0 0 1 0 0 0 1 0.05214 0 -0.0437</i>
                <i>1 0 0 0 1 0 0 0 1 0.05214 0 -0.0437</i>
                <i>1 0 0 0 1 0 0 0 1 0.05214 0 -0.0437</i>
                <i>1 0 0 0 1 0 0 0 1 0.05214 0 -0.0437</i>
                <i>1 0 0 0 1 0 0 0 1 0.05214 0 -0.0437</i>
                <i>1 0 0 0 1 0 0 0 1 0.05214 0 -0.0437</i>
                <i>1 0 0 0 1 0 0 0 1 0.05214 0 -0.0437</i>
                <i>1 0 0 0 1 0 0 0 1 0.05214 0 -0.0437</i>
                <i>1 0 0 0 1 0 0 0 1 0.05214 0 -0.0437</i>
                <i>1 0 0 0 1 0 0 0 1 0.05214 0 -0.0437</i>
                <i>1 0 0 0 1 0 0 0 1 0.05214 0 -0.0437</i>
                <i>1 0 0 0 1 0 0 0 1 0.05214 0 -0.0437</i>
                <i>1 0 0 0 1 0 0 0 1 0.05214 0 -0.0437</i>
                <i>1 0 0 0 1 0 0 0 1 0.05214 0 -0.0437</i>
                <i>1 0 0 0 1 0 0 0 1 0.05214 0 -0.0437</i>
                <i>1 0 0 0 1 0 0 0 1 0.05214 0 -0.0437</i>
                <i>1 0 0 0 1 0 0 0 1 0.05214 0 -0.0437</i>
                <i>1 0 0 0 1 0 0 0 1 0.05214 0 -0.0437</i>
                <i>1 0 0 0 1 0 0 0 1 0.05214 0 -0.0437</i>
                <i>1 0 0 0 1 0 0 0 1 0.05214 0 -0.0437</i>
            </KeyFrames>
        </RefFrame>
        <Bones count="28">
            <i>
                <p>
                    <Name><![CDATA[pelvis]]></Name>
                    <Exclude>0</Exclude>
                    <Additive>0</Additive>
                    <IKPriority>0</IKPriority>
                    <IKRotLimits>-1e+010 -1e+010 -1e+010 1e+010 1e+010 1e+010</IKRotLimits>
                    <IKRotLimitOrder>2</IKRotLimitOrder>
                    <KeyFrames count="109">
                        <i>1 0 0 0 1 0 0 0 1 0.0521443 1.46312 -0.100982</i>
                        <i>1 0 0 0 1 0 0 0 1 0.0530541 1.4618 -0.108193</i>
                        <i>1 0 0 0 1 0 0 0 1 0.0556956 1.45925 -0.128949</i>
                        <i>1 0 0 0 1 0 0 0 1 0.0597285 1.45573 -0.161521</i>
                        <i>1 0 0 0 1 0 0 0 1 0.06481 1.45147 -0.204182</i>
                        <i>1 0 0 0 1 0 0 0 1 0.0705952 1.44665 -0.255201</i>
                        <i>1 0 0 0 1 0 0 0 1 0.0767381 1.44147 -0.312845</i>
                        <i>1 0 0 0 1 0 0 0 1 0.0828918 1.43607 -0.375379</i>
                        <i>1 0 0 0 1 0 0 0 1 0.0887093 1.43056 -0.441063</i>
                        <i>1 0 0 0 1 0 0 0 1 0.0938433 1.42505 -0.508147</i>
                        <i>1 0 0 0 1 0 0 0 1 0.0979457 1.41962 -0.574874</i>
                        <i>1 0 0 0 1 0 0 0 1 0.100667 1.41431 -0.639474</i>
                        <i>1 0 0 0 1 0 0 0 1 0.101653 1.40917 -0.700161</i>
                        <i>1 0 0 0 1 0 0 0 1 0.101653 1.39934 -0.758194</i>
                        <i>1 0 0 0 1 0 0 0 1 0.101653 1.37985 -0.816599</i>
                        <i>1 0 0 0 1 0 0 0 1 0.101653 1.35054 -0.876225</i>
                        <i>1 0 0 0 1 0 0 0 1 0.101653 1.31127 -0.937924</i>
                        <i>1 0 0 0 1 0 0 0 1 0.101653 1.26186 -1.00254</i>
                        <i>1 0 0 0 1 0 0 0 1 0.101653 1.20219 -1.07094</i>
                        <i>1 0 0 0 1 0 0 0 1 0.101653 1.13208 -1.14395</i>
                        <i>1 0 0 0 1 0 0 0 1 0.101653 1.05139 -1.22244</i>
                        <i>1 0 0 0 1 0 0 0 1 0.101653 0.959957 -1.30725</i>
                        <i>1 0 0 0 1 0 0 0 1 0.101653 0.85764 -1.39924</i>
                        <i>1 0 0 0 1 0 0 0 1 0.101653 0.744282 -1.49924</i>
                        <i>1 0 0 0 1 0 0 0 1 0.101653 0.619727 -1.60812</i>
                        <i>1 0 0 0 1 0 0 0 1 0.101653 0.483825 -1.72673</i>
                        <i>1 0 0 0 1 0 0 0 1 0.101653 0.336422 -1.85591</i>
                        <i>1 0 0 0 1 0 0 0 1 0.101653 0.336422 -1.85591</i>
                        <i>1 0 0 0 1 0 0 0 1 0.101653 0.336422 -1.85591</i>
                        <i>1 0 0 0 1 0 0 0 1 0.101653 0.336422 -1.85591</i>
                        <i>1 0 0 0 1 0 0 0 1 0.101653 0.336422 -1.85591</i>
                        <i>1 0 0 0 1 0 0 0 1 0.101653 0.336422 -1.85591</i>
                        <i>1 0 0 0 1 0 0 0 1 0.101653 0.336422 -1.85591</i>
                        <i>1 0 0 0 1 0 0 0 1 0.101653 0.336422 -1.85591</i>
                        <i>1 0 0 0 1 0 0 0 1 0.101653 0.336422 -1.85591</i>
                        <i>1 0 0 0 1 0 0 0 1 0.101653 0.336422 -1.85591</i>
                        <i>1 0 0 0 1 0 0 0 1 0.101653 0.336422 -1.85591</i>
                        <i>1 0 0 0 1 0 0 0 1 0.101653 0.336422 -1.85591</i>
                        <i>1 0 0 0 1 0 0 0 1 0.101653 0.336422 -1.85591</i>
                        <i>1 0 0 0 1 0 0 0 1 0.0911732 0.508463 -1.72565</i>
                        <i>1 0 0 0 1 0 0 0 1 0.0667238 0.901236 -1.59535</i>
                        <i>1 0 0 0 1 0 0 0 1 0.038805 1.32981 -1.46588</i>
                        <i>1 0 0 0 1 0 0 0 1 0.0178218 1.60922 -1.33642</i>
                        <i>1 0 0 0 1 0 0 0 1 0.00264455 1.72538 -1.20643</i>
                        <i>1 0 0 0 1 0 0 0 1 -0.0142979 1.79332 -1.07752</i>
                        <i>1 0 0 0 1 0 0 0 1 -0.0324602 1.82142 -0.950119</i>
                        <i>1 0 0 0 1 0 0 0 1 -0.0513073 1.81794 -0.824704</i>
                        <i>1 0 0 0 1 0 0 0 1 -0.0703017 1.79114 -0.701819</i>
                        <i>1 0 0 0 1 0 0 0 1 -0.0888931 1.74923 -0.582078</i>
                        <i>1 0 0 0 1 0 0 0 1 -0.106339 1.62062 -0.482355</i>
                        <i>1 0 0 0 1 0 0 0 1 -0.121941 1.39814 -0.407396</i>
                        <i>1 0 0 0 1 0 0 0 1 -0.135273 1.18669 -0.339645</i>
                        <i>1 0 0 0 1 0 0 0 1 -0.137954 1.00794 -0.2806</i>
                        <i>1 0 0 0 1 0 0 0 1 -0.128104 0.899783 -0.234334</i>
                        <i>1 0 0 0 1 0 0 0 1 -0.113313 0.896064 -0.188584</i>
                        <i>1 0 0 0 1 0 0 0 1 -0.0964933 0.929352 -0.141592</i>
                        <i>1 0 0 0 1 0 0 0 1 -0.0798536 0.976691 -0.0965342</i>
                        <i>1 0 0 0 1 0 0 0 1 -0.0649902 1.01446 -0.057801</i>
                        <i>1 0 0 0 1 0 0 0 1 -0.052251 1.04294 -0.0258745</i>
                        <i>1 0 0 0 1 0 0 0 1 -0.0407314 1.07248 0.000166654</i>
                        <i>1 0 0 0 1 0 0 0 1 -0.0294807 1.09381 0.0187731</i>
                        <i>1 0 0 0 1 0 0 0 1 -0.0174619 1.09744 0.0299487</i>
                        <i>1 0 0 0 1 0 0 0 1 -0.00273877 1.02957 0.0286632</i>
                        <i>1 0 0 0 1 0 0 0 1 0.0107336 0.963775 0.0281489</i>
                        <i>1 0 0 0 1 0 0 0 1 0.0202995 0.959937 0.0345755</i>
                        <i>1 0 0 0 1 0 0 0 1 0.0297867 0.95629 0.0408376</i>
                        <i>1 0 0 0 1 0 0 0 1 0.0391503 0.952837 0.046907</i>
                        <i>1 0 0 0 1 0 0 0 1 0.0483452 0.949578 0.0527553</i>
                        <i>1 0 0 0 1 0 0 0 1 0.0573265 0.946518 0.0583542</i>
                        <i>1 0 0 0 1 0 0 0 1 0.066049 0.943659 0.0636754</i>
                        <i>1 0 0 0 1 0 0 0 1 0.074468 0.941003 0.0686906</i>
                        <i>1 0 0 0 1 0 0 0 1 0.0825382 0.938552 0.0733714</i>
                        <i>1 0 0 0 1 0 0 0 1 0.0902148 0.936309 0.0776895</i>
                        <i>1 0 0 0 1 0 0 0 1 0.0974526 0.934276 0.0816167</i>
                        <i>1 0 0 0 1 0 0 0 1 0.104207 0.932457 0.0851245</i>
                        <i>1 0 0 0 1 0 0 0 1 0.110432 0.930853 0.0881847</i>
                        <i>1 0 0 0 1 0 0 0 1 0.116084 0.929466 0.090769</i>
                        <i>1 0 0 0 1 0 0 0 1 0.121116 0.9283 0.092849</i>
                        <i>1 0 0 0 1 0 0 0 1 0.125486 0.927357 0.0943965</i>
                        <i>1 0 0 0 1 0 0 0 1 0.129146 0.926639 0.095383</i>
                        <i>1 0 0 0 1 0 0 0 1 0.132149 0.925956 0.0959638</i>
                        <i>1 0 0 0 1 0 0 0 1 0.134599 0.925139 0.0963151</i>
                        <i>1 0 0 0 1 0 0 0 1 0.136524 0.924214 0.0964408</i>
                        <i>1 0 0 0 1 0 0 0 1 0.137955 0.92321 0.0963446</i>
                        <i>1 0 0 0 1 0 0 0 1 0.138922 0.922155 0.0960301</i>
                        <i>1 0 0 0 1 0 0 0 1 0.139456 0.921078 0.095501</i>
                        <i>1 0 0 0 1 0 0 0 1 0.139586 0.920006 0.0947611</i>
                        <i>1 0 0 0 1 0 0 0 1 0.139344 0.918969 0.093814</i>
                        <i>1 0 0 0 1 0 0 0 1 0.138759 0.917994 0.0926635</i>
                        <i>1 0 0 0 1 0 0 0 1 0.137861 0.91711 0.0913133</i>
                        <i>1 0 0 0 1 0 0 0 1 0.136681 0.916345 0.089767</i>
                        <i>1 0 0 0 1 0 0 0 1 0.13525 0.915726 0.0880284</i>
                        <i>1 0 0 0 1 0 0 0 1 0.133596 0.915284 0.0861012</i>
                        <i>1 0 0 0 1 0 0 0 1 0.131751 0.915045 0.0839891</i>
                        <i>1 0 0 0 1 0 0 0 1 0.129744 0.915038 0.0816958</i>
                        <i>1 0 0 0 1 0 0 0 1 0.127607 0.915292 0.0792249</i>
                        <i>1 0 0 0 1 0 0 0 1 0.125368 0.915835 0.0765803</i>
                        <i>1 0 0 0 1 0 0 0 1 0.123059 0.916694 0.0737655</i>
                        <i>1 0 0 0 1 0 0 0 1 0.12071 0.917898 0.0707844</i>
                        <i>1 0 0 0 1 0 0 0 1 0.118351 0.919476 0.0676406</i>
                        <i>1 0 0 0 1 0 0 0 1 0.116012 0.921456 0.0643378</i>
                        <i>1 0 0 0 1 0 0 0 1 0.113723 0.923866 0.0608797</i>
                        <i>1 0 0 0 1 0 0 0 1 0.111515 0.926734 0.05727</i>
                        <i>1 0 0 0 1 0 0 0 1 0.109418 0.930089 0.0535125</i>
                        <i>1 0 0 0 1 0 0 0 1 0.107462 0.933959 0.0496107</i>
                        <i>1 0 0 0 1 0 0 0 1 0.105677 0.938372 0.0455686</i>
                        <i>1 0 0 0 1 0 0 0 1 0.0958681 0.963329 0.0244067</i>
                        <i>1 0 0 0 1 0 0 0 1 0.0748427 1.01275 -0.015043</i>
                        <i>1 0 0 0 1 0 0 0 1 0.0521443 1.06223 -0.0511759</i>
                    </KeyFrames>
                </p>
            </i>
            <i>
                <p>
                    <Name><![CDATA[spine0]]></Name>
                    <Exclude>0</Exclude>
                    <Additive>0</Additive>
                    <IKPriority>0</IKPriority>
                    <IKRotLimits>-1e+010 -1e+010 -1e+010 1e+010 1e+010 1e+010</IKRotLimits>
                    <IKRotLimitOrder>0</IKRotLimitOrder>
                    <KeyFrames count="109">
                        <i>-0.015652 0.99909 -0.039665 -0.9397 -0.028253 -0.340832 -0.341643 0.0319385 0.939287 0.0645116 1.59199 -0.163729</i>
                        <i>-0.0141008 0.99742 -0.0703891 -0.942126 -0.0368354 -0.333229 -0.334962 0.0616166 0.940215 0.06554 1.58866 -0.174876</i>
                        <i>-0.0158457 0.994555 -0.103004 -0.947045 -0.0479712 -0.317498 -0.320711 0.092518 0.942648 0.067978 1.58392 -0.199688</i>
                        <i>-0.0202365 0.990362 -0.137017 -0.953623 -0.0602862 -0.294906 -0.300324 0.124695 0.945651 0.0715425 1.57802 -0.236373</i>
                        <i>-0.0266244 0.984748 -0.171939 -0.961007 -0.0725721 -0.266832 -0.275241 0.158131 0.948281 0.0759461 1.57121 -0.283141</i>
                        <i>-0.0343683 0.977678 -0.207278 -0.968423 -0.0838229 -0.234799 -0.246933 0.192663 0.949687 0.0809002 1.5637 -0.338204</i>
                        <i>-0.0428392 0.969194 -0.242543 -0.97525 -0.0932748 -0.200469 -0.216916 0.227953 0.949202 0.086116 1.55571 -0.39978</i>
                        <i>-0.0514233 0.959419 -0.277255 -0.981064 -0.100441 -0.165607 -0.186734 0.263489 0.946416 0.0913061 1.5474 -0.466096</i>
                        <i>-0.0595225 0.948562 -0.310946 -0.985654 -0.105132 -0.132034 -0.157933 0.298627 0.941212 0.0961842 1.53893 -0.535379</i>
                        <i>-0.0665549 0.93691 -0.343177 -0.989008 -0.107458 -0.101565 -0.132034 0.332646 0.933763 0.100464 1.53043 -0.605863</i>
                        <i>-0.0719524 0.92482 -0.373539 -0.991266 -0.107802 -0.0759589 -0.110517 0.364811 0.924499 0.103858 1.52199 -0.675778</i>
                        <i>-0.0751571 0.9127 -0.40166 -0.992653 -0.10678 -0.0568961 -0.0948183 0.394433 0.91402 0.106075 1.51369 -0.743347</i>
                        <i>-0.0756165 0.900983 -0.427215 -0.993391 -0.105171 -0.0459737 -0.0863522 0.420915 0.902981 0.106818 1.50561 -0.806781</i>
                        <i>-0.0737973 0.888534 -0.452836 -0.993945 -0.102597 -0.0393306 -0.0814062 0.447192 0.890726 0.106787 1.49264 -0.867579</i>
                        <i>-0.0707765 0.873468 -0.48171 -0.994641 -0.0982869 -0.0320801 -0.0753667 0.476858 0.875743 0.106854 1.46945 -0.929031</i>
                        <i>-0.066937 0.854997 -0.514296 -0.995417 -0.0925096 -0.0242375 -0.0683003 0.510317 0.85727 0.106972 1.43577 -0.992005</i>
                        <i>-0.0626895 0.832192 -0.550933 -0.99621 -0.0855238 -0.0158283 -0.0602901 0.547852 0.8344 0.107092 1.3913 -1.05735</i>
                        <i>-0.0584693 0.803968 -0.591791 -0.996962 -0.077578 -0.00689193 -0.0514508 0.58959 0.806062 0.107161 1.33574 -1.12586</i>
                        <i>-0.0547277 0.769069 -0.636818 -0.99762 -0.0689094 0.00251449 -0.041949 0.63544 0.77101 0.107128 1.26879 -1.19833</i>
                        <i>-0.0519153 0.726063 -0.685665 -0.998138 -0.0597443 0.0123099 -0.0320268 0.685027 0.727813 0.106948 1.19013 -1.27548</i>
                        <i>-0.0504547 0.673355 -0.737596 -0.998483 -0.0502983 0.0223829 -0.0220282 0.737607 0.674871 0.106583 1.09943 -1.35795</i>
                        <i>-0.0506992 0.609218 -0.79138 -0.998637 -0.0407802 0.0325836 -0.0124221 0.791954 0.610455 0.106013 0.99638 -1.44636</i>
                        <i>-0.0528746 0.531869 -0.845174 -0.998594 -0.0313967 0.0427147 -0.00381708 0.846244 0.532781 0.105243 0.880704 -1.54119</i>
                        <i>-0.0570039 0.439587 -0.896389 -0.998369 -0.022363 0.0525223 0.0030421 0.897922 0.440145 0.10431 0.752165 -1.64286</i>
                        <i>-0.0628143 0.330903 -0.941572 -0.997998 -0.0139175 0.0616875 0.00730826 0.943562 0.331115 0.1033 0.610609 -1.75169</i>
                        <i>-0.0696374 0.204885 -0.976306 -0.997539 -0.0063438 0.0698206 0.00811171 0.978765 0.204823 0.102349 0.456012 -1.86787</i>
                        <i>-0.0763156 0.0615127 -0.995184 -0.997073 -4.4853e-014 0.0764604 0.00470328 0.998106 0.0613326 0.101653 0.288524 -1.99156</i>
                        <i>-0.0763156 0.0615127 -0.995184 -0.997073 -4.4853e-014 0.0764604 0.00470328 0.998106 0.0613326 0.101653 0.288524 -1.99156</i>
                        <i>-0.0763156 0.0615127 -0.995184 -0.997073 -4.4853e-014 0.0764604 0.00470328 0.998106 0.0613326 0.101653 0.288524 -1.99156</i>
                        <i>-0.0763156 0.0615127 -0.995184 -0.997073 -4.4853e-014 0.0764604 0.00470328 0.998106 0.0613326 0.101653 0.288524 -1.99156</i>
                        <i>-0.0763156 0.0615127 -0.995184 -0.997073 -4.4853e-014 0.0764604 0.00470328 0.998106 0.0613326 0.101653 0.288524 -1.99156</i>
                        <i>-0.0763156 0.0615127 -0.995184 -0.997073 -4.4853e-014 0.0764604 0.00470328 0.998106 0.0613326 0.101653 0.288524 -1.99156</i>
                        <i>-0.0763156 0.0615127 -0.995184 -0.997073 -4.4853e-014 0.0764604 0.00470328 0.998106 0.0613326 0.101653 0.288524 -1.99156</i>
                        <i>-0.0763156 0.0615127 -0.995184 -0.997073 -4.4853e-014 0.0764604 0.00470328 0.998106 0.0613326 0.101653 0.288524 -1.99156</i>
                        <i>-0.0763156 0.0615127 -0.995184 -0.997073 -4.4853e-014 0.0764604 0.00470328 0.998106 0.0613326 0.101653 0.288524 -1.99156</i>
                        <i>-0.0763156 0.0615127 -0.995184 -0.997073 -4.4853e-014 0.0764604 0.00470328 0.998106 0.0613326 0.101653 0.288524 -1.99156</i>
                        <i>-0.0763156 0.0615127 -0.995184 -0.997073 -4.4853e-014 0.0764604 0.00470328 0.998106 0.0613326 0.101653 0.288524 -1.99156</i>
                        <i>-0.0763156 0.0615127 -0.995184 -0.997073 -4.4853e-014 0.0764604 0.00470328 0.998106 0.0613326 0.101653 0.288524 -1.99156</i>
                        <i>-0.0763156 0.0615127 -0.995184 -0.997073 -4.4853e-014 0.0764604 0.00470328 0.998106 0.0613326 0.101653 0.288524 -1.99156</i>
                        <i>-0.0615605 0.0736121 -0.995385 -0.997534 -0.0382275 0.0588663 -0.0337178 0.996554 0.0757838 0.0927507 0.463602 -1.86233</i>
                        <i>-0.0289233 0.106646 -0.993876 -0.992539 -0.120885 0.0159131 -0.118447 0.986921 0.109346 0.0719137 0.864999 -1.73447</i>
                        <i>0.00491544 0.159666 -0.987159 -0.979034 -0.200261 -0.0372658 -0.20364 0.966645 0.155334 0.0479897 1.30683 -1.6076</i>
                        <i>0.0259335 0.244131 -0.969396 -0.968412 -0.234438 -0.0849476 -0.248002 0.940978 0.230339 0.0298942 1.60247 -1.47961</i>
                        <i>0.0348302 0.359842 -0.932363 -0.964639 -0.231782 -0.125491 -0.261262 0.903765 0.339045 0.0164974 1.73663 -1.34918</i>
                        <i>0.0397902 0.486165 -0.872961 -0.959942 -0.22391 -0.168454 -0.277361 0.844694 0.457781 0.000949983 1.82367 -1.21731</i>
                        <i>0.0393985 0.609781 -0.79159 -0.954855 -0.21047 -0.209655 -0.294449 0.764114 0.57396 -0.0164357 1.87058 -1.08437</i>
                        <i>0.0336314 0.719131 -0.694061 -0.950152 -0.192374 -0.245363 -0.309968 0.667715 0.676814 -0.0352203 1.88438 -0.951285</i>
                        <i>0.0239932 0.8066 -0.590611 -0.946661 -0.171564 -0.272762 -0.321337 0.565653 0.75946 -0.0547971 1.8723 -0.819589</i>
                        <i>0.0131037 0.869448 -0.493851 -0.945079 -0.150541 -0.29011 -0.32658 0.470529 0.819724 -0.074409 1.84187 -0.691189</i>
                        <i>0.00970263 0.913841 -0.405956 -0.94382 -0.125737 -0.305603 -0.330317 0.386115 0.861282 -0.0918116 1.7211 -0.584277</i>
                        <i>0.0140882 0.941049 -0.337976 -0.941495 -0.101345 -0.321428 -0.336732 0.322731 0.884566 -0.106126 1.50305 -0.504555</i>
                        <i>0.0174049 0.950111 -0.311427 -0.940103 -0.0905054 -0.328657 -0.340446 0.298494 0.891627 -0.118647 1.29301 -0.435116</i>
                        <i>0.0136158 0.966951 -0.254597 -0.939145 -0.0750399 -0.335224 -0.343251 0.243668 0.907086 -0.122081 1.1199 -0.369537</i>
                        <i>0.00381024 0.981686 -0.190469 -0.938448 -0.0622786 -0.33976 -0.3454 0.18004 0.921024 -0.113097 1.01726 -0.316003</i>
                        <i>0.00231436 0.981835 -0.189721 -0.933189 -0.0660614 -0.353262 -0.359379 0.177863 0.916085 -0.0972746 1.01282 -0.271093</i>
                        <i>0.0129613 0.978405 -0.206288 -0.920515 -0.0688923 -0.384587 -0.390493 0.194876 0.899743 -0.0778753 1.0437 -0.226876</i>
                        <i>0.0249221 0.973015 -0.229392 -0.906808 -0.0745865 -0.414893 -0.420807 0.218355 0.880479 -0.0583923 1.08842 -0.184575</i>
                        <i>0.0271235 0.968158 -0.248868 -0.900763 -0.0842831 -0.426054 -0.433463 0.235727 0.869795 -0.0421546 1.12495 -0.147052</i>
                        <i>0.0151368 0.960112 -0.279206 -0.90414 -0.106097 -0.413853 -0.426968 0.258706 0.86647 -0.029442 1.15279 -0.115927</i>
                        <i>-0.00312647 0.944785 -0.327675 -0.909759 -0.138714 -0.391276 -0.415125 0.296882 0.859961 -0.0179681 1.18089 -0.0916239</i>
                        <i>-0.0208707 0.927425 -0.373427 -0.91436 -0.168772 -0.368051 -0.404363 0.333766 0.851523 -0.00674546 1.20076 -0.0747232</i>
                        <i>-0.0315187 0.918066 -0.395172 -0.916089 -0.184655 -0.355925 -0.399734 0.350794 0.846851 0.00526628 1.20371 -0.0643122</i>
                        <i>-0.0325958 0.930371 -0.365167 -0.922375 -0.16871 -0.347506 -0.384917 0.325493 0.863651 0.0197561 1.1344 -0.0672629</i>
                        <i>-0.0335992 0.943106 -0.33079 -0.928199 -0.152163 -0.339548 -0.370563 0.295631 0.880503 0.0330197 1.06714 -0.0694006</i>
                        <i>-0.0375714 0.943708 -0.32864 -0.929503 -0.15375 -0.335238 -0.366896 0.292876 0.882956 0.0421341 1.06333 -0.0630393</i>
                        <i>-0.0436084 0.943056 -0.329762 -0.933067 -0.156412 -0.323917 -0.35705 0.293565 0.886755 0.0503456 1.05978 -0.0569524</i>
                        <i>-0.0526301 0.941771 -0.33211 -0.938313 -0.160454 -0.306307 -0.341759 0.295502 0.89212 0.0577275 1.05647 -0.0511277</i>
                        <i>-0.0638701 0.94003 -0.33506 -0.944606 -0.165255 -0.283568 -0.321933 0.298388 0.898512 0.0643535 1.05339 -0.045547</i>
                        <i>-0.0772383 0.9382 -0.337366 -0.951321 -0.170614 -0.25667 -0.298367 0.301119 0.905707 0.0702988 1.05052 -0.0401928</i>
                        <i>-0.0938086 0.933148 -0.347037 -0.957626 -0.179912 -0.224908 -0.272308 0.311233 0.910484 0.0756405 1.04786 -0.0350531</i>
                        <i>-0.104298 0.93575 -0.336888 -0.964219 -0.178152 -0.196326 -0.243729 0.304357 0.920849 0.0804567 1.04538 -0.0301261</i>
                        <i>-0.115535 0.938112 -0.326492 -0.970029 -0.177296 -0.166162 -0.213764 0.29751 0.93048 0.0848264 1.0431 -0.0254229</i>
                        <i>-0.135868 0.939336 -0.314941 -0.973834 -0.185077 -0.131887 -0.182174 0.288781 0.939903 0.0888276 1.041 -0.0209685</i>
                        <i>-0.146564 0.938598 -0.312335 -0.977219 -0.186378 -0.101523 -0.153501 0.29034 0.944532 0.0925362 1.03909 -0.0168029</i>
                        <i>-0.156227 0.937871 -0.309825 -0.979555 -0.187368 -0.073248 -0.126749 0.292047 0.947968 0.0960253 1.03736 -0.012979</i>
                        <i>-0.175047 0.933102 -0.314132 -0.979162 -0.198352 -0.0435593 -0.102954 0.299961 0.948379 0.0993639 1.03583 -0.00956152</i>
                        <i>-0.179153 0.93553 -0.304447 -0.980395 -0.195571 -0.0240504 -0.082041 0.29417 0.952226 0.102617 1.03449 -0.00662283</i>
                        <i>-0.181324 0.937623 -0.296621 -0.981193 -0.19279 -0.00961201 -0.0661982 0.2893 0.954947 0.105849 1.03336 -0.00423937</i>
                        <i>-0.190555 0.938644 -0.287464 -0.980142 -0.198285 0.00226579 -0.0548731 0.282187 0.957789 0.109119 1.03244 -0.00248637</i>
                        <i>-0.189464 0.938018 -0.290216 -0.980435 -0.196806 0.00396177 -0.0534 0.285289 0.956953 0.112491 1.03174 -0.00143188</i>
                        <i>-0.185847 0.937612 -0.293845 -0.980926 -0.194384 0.00015563 -0.0569728 0.288269 0.955853 0.115843 1.03109 -0.00087212</i>
                        <i>-0.19123 0.933421 -0.303573 -0.979531 -0.201285 -0.00186867 -0.0628488 0.297001 0.952806 0.11901 1.03035 -0.000556789</i>
                        <i>-0.181442 0.936688 -0.299489 -0.980949 -0.19389 -0.0121158 -0.0694167 0.291585 0.954023 0.121995 1.02954 -0.000473686</i>
                        <i>-0.170697 0.93977 -0.296134 -0.982226 -0.186105 -0.0244228 -0.0780639 0.286702 0.954834 0.124801 1.02868 -0.000609264</i>
                        <i>-0.168464 0.941967 -0.290376 -0.981856 -0.186377 -0.0349687 -0.0870589 0.279217 0.956273 0.12743 1.02779 -0.000949189</i>
                        <i>-0.157226 0.942554 -0.29474 -0.98247 -0.179557 -0.0501194 -0.100163 0.281694 0.954262 0.129885 1.02691 -0.00147883</i>
                        <i>-0.144727 0.943273 -0.298816 -0.982818 -0.172004 -0.0669524 -0.114552 0.283992 0.951959 0.132167 1.02604 -0.00218352</i>
                        <i>-0.141543 0.940338 -0.309404 -0.981382 -0.174281 -0.0807191 -0.129826 0.292218 0.947499 0.134278 1.02521 -0.00304907</i>
                        <i>-0.124898 0.944212 -0.304736 -0.981454 -0.162597 -0.101545 -0.145429 0.286402 0.947008 0.136218 1.02445 -0.00406199</i>
                        <i>-0.108149 0.947676 -0.300357 -0.980835 -0.150971 -0.123171 -0.162072 0.28128 0.94584 0.137988 1.02378 -0.0052099</i>
                        <i>-0.101054 0.950387 -0.2942 -0.978785 -0.147951 -0.141744 -0.178238 0.273635 0.945175 0.139586 1.02323 -0.00648164</i>
                        <i>-0.0848667 0.95111 -0.296962 -0.976778 -0.13826 -0.163672 -0.196728 0.276176 0.940758 0.141012 1.02281 -0.00786754</i>
                        <i>-0.0682914 0.951793 -0.299041 -0.974133 -0.128333 -0.185999 -0.21541 0.278603 0.935937 0.142264 1.02256 -0.00935963</i>
                        <i>-0.0611653 0.949234 -0.308569 -0.970453 -0.12885 -0.204009 -0.233411 0.286973 0.929067 0.143342 1.02251 -0.0109517</i>
                        <i>-0.0431779 0.952643 -0.301011 -0.966807 -0.115788 -0.227765 -0.251832 0.281186 0.926021 0.144243 1.02268 -0.0126392</i>
                        <i>-0.0260179 0.955593 -0.29354 -0.962452 -0.103315 -0.251024 -0.270204 0.275987 0.9224 0.144966 1.02311 -0.0144195</i>
                        <i>-0.0196236 0.958206 -0.285406 -0.957632 -0.10005 -0.270058 -0.287326 0.268015 0.919572 0.14551 1.02384 -0.0162918</i>
                        <i>-0.00407836 0.958565 -0.284845 -0.952386 -0.0905645 -0.291133 -0.304867 0.270095 0.913293 0.145876 1.02489 -0.0182566</i>
                        <i>0.0108345 0.958929 -0.28344 -0.9468 -0.0813388 -0.311375 -0.321641 0.271734 0.907032 0.146063 1.02631 -0.0203162</i>
                        <i>0.016255 0.956711 -0.290585 -0.941591 -0.0831219 -0.326339 -0.336366 0.278917 0.899479 0.146072 1.02814 -0.0224737</i>
                        <i>0.0296143 0.959782 -0.279179 -0.935645 -0.0716555 -0.345592 -0.351698 0.271447 0.895893 0.145906 1.0304 -0.0247337</i>
                        <i>0.0412936 0.962563 -0.267894 -0.929699 -0.0611998 -0.363201 -0.365999 0.264059 0.892367 0.145569 1.03314 -0.0271007</i>
                        <i>0.0423583 0.963506 -0.264314 -0.924899 -0.0622344 -0.375086 -0.377847 0.260352 0.888509 0.145063 1.03641 -0.0295802</i>
                        <i>0.0514613 0.961382 -0.270363 -0.920173 -0.0595654 -0.386955 -0.388116 0.268694 0.881572 0.144395 1.04023 -0.0321768</i>
                        <i>0.0605001 0.959529 -0.275036 -0.915885 -0.0561865 -0.397489 -0.396856 0.275949 0.875419 0.14357 1.04464 -0.0348952</i>
                        <i>0.0656149 0.960014 -0.272154 -0.912231 -0.0528207 -0.406257 -0.404388 0.274924 0.872289 0.142596 1.0497 -0.0377386</i>
                        <i>0.0450755 0.973073 -0.226048 -0.915188 -0.0504931 -0.399853 -0.400499 0.2249 0.888268 0.128091 1.07887 -0.0550168</i>
                        <i>0.00735171 0.991105 -0.132879 -0.926769 -0.0431537 -0.373146 -0.375561 0.125891 0.918208 0.0965675 1.13568 -0.0865396</i>
                        <i>-0.015652 0.99909 -0.039665 -0.9397 -0.028253 -0.340832 -0.341643 0.0319385 0.939287 0.0645116 1.19109 -0.113923</i>
                    </KeyFrames>
                </p>
            </i>
            <i>
                <p>
                    <Name><![CDATA[spine1]]></Name>
                    <Exclude>0</Exclude>
                    <Additive>0</Additive>
                    <IKPriority>0</IKPriority>
                    <IKRotLimits>-1e+010 -1e+010 -1e+010 1e+010 1e+010 1e+010</IKRotLimits>
                    <IKRotLimitOrder>0</IKRotLimitOrder>
                    <KeyFrames count="109">
                        <i>0.0378511 0.999001 0.0237409 -0.979323 0.0418094 -0.197935 -0.198729 -0.015758 0.979928 0.0618392 1.76245 -0.170491</i>
                        <i>0.0380312 0.999248 -0.00758862 -0.980385 0.0358415 -0.193804 -0.193387 0.0148104 0.981011 0.0631323 1.75883 -0.18688</i>
                        <i>0.0322243 0.998611 -0.0416751 -0.982628 0.0240287 -0.184023 -0.182766 0.0468811 0.982038 0.0652727 1.7536 -0.217256</i>
                        <i>0.0216285 0.996727 -0.0778907 -0.985555 0.00816703 -0.169158 -0.167968 0.0804242 0.982506 0.0680881 1.74699 -0.259746</i>
                        <i>0.0074511 0.993269 -0.11559 -0.988641 -0.0100347 -0.149959 -0.150109 0.115394 0.981912 0.0714014 1.73925 -0.312476</i>
                        <i>-0.00910146 0.988013 -0.154101 -0.991431 -0.0289995 -0.127373 -0.130315 0.151622 0.979811 0.0750322 1.7306 -0.373582</i>
                        <i>-0.0268354 0.980883 -0.192738 -0.993603 -0.047331 -0.102535 -0.109697 0.188754 0.975878 0.0787982 1.72124 -0.441202</i>
                        <i>-0.0445841 0.971977 -0.23081 -0.995005 -0.0638599 -0.0767249 -0.0893143 0.226237 0.969969 0.082516 1.71139 -0.513482</i>
                        <i>-0.0612199 0.96157 -0.267648 -0.995657 -0.0776747 -0.0513195 -0.0701368 0.263344 0.962149 0.0860009 1.70121 -0.588572</i>
                        <i>-0.0756609 0.950102 -0.302626 -0.995723 -0.0881287 -0.027737 -0.053023 0.299233 0.952706 0.0890674 1.69086 -0.664625</i>
                        <i>-0.0868677 0.938142 -0.335177 -0.995467 -0.0948192 -0.0073989 -0.0387224 0.333015 0.942126 0.0915272 1.68048 -0.739792</i>
                        <i>-0.0938289 0.926344 -0.364807 -0.995197 -0.0975406 0.00828425 -0.0279094 0.363832 0.931046 0.0931877 1.6702 -0.812222</i>
                        <i>-0.0955344 0.915379 -0.391094 -0.995199 -0.0962179 0.0178983 -0.0212466 0.390927 0.920177 0.0938488 1.66014 -0.880055</i>
                        <i>-0.0935264 0.904047 -0.417076 -0.995483 -0.0917928 0.0242616 -0.016351 0.417461 0.908548 0.0941292 1.64504 -0.945247</i>
                        <i>-0.090276 0.890265 -0.446407 -0.995862 -0.0853769 0.0311251 -0.0104032 0.44737 0.894289 0.0947145 1.61926 -1.01165</i>
                        <i>-0.0861676 0.873258 -0.479578 -0.996275 -0.0771981 0.0384353 -0.0034585 0.481103 0.876657 0.0954915 1.58241 -1.08021</i>
                        <i>-0.0816138 0.852108 -0.516963 -0.996654 -0.0674794 0.0461173 0.00441253 0.518997 0.854764 0.0963395 1.53403 -1.15184</i>
                        <i>-0.077053 0.825729 -0.558779 -0.996941 -0.0564405 0.0540692 0.0131088 0.561236 0.827552 0.0971323 1.47364 -1.22736</i>
                        <i>-0.0729421 0.79286 -0.605023 -0.997083 -0.0442996 0.0621562 0.0224788 0.607792 0.793778 0.0977417 1.4007 -1.30756</i>
                        <i>-0.0697402 0.75205 -0.655406 -0.997042 -0.0312782 0.0702024 0.0322958 0.658363 0.752007 0.0980439 1.31466 -1.39308</i>
                        <i>-0.0678828 0.701673 -0.709258 -0.996799 -0.0176072 0.0779843 0.0422314 0.712282 0.700622 0.0979296 1.21492 -1.48446</i>
                        <i>-0.0677416 0.639951 -0.765424 -0.996356 -0.00353719 0.0852221 0.0518305 0.768408 0.637858 0.0973179 1.10087 -1.58209</i>
                        <i>-0.0695666 0.565025 -0.822136 -0.995741 0.0106472 0.091574 0.060495 0.825005 0.561878 0.096174 0.971927 -1.68615</i>
                        <i>-0.0734111 0.475068 -0.876882 -0.995016 0.0246065 0.0966322 0.0674838 0.879605 0.470894 0.0945332 0.82756 -1.79661</i>
                        <i>-0.0790375 0.368472 -0.926273 -0.994272 0.0379199 0.0999244 0.0719435 0.928865 0.363365 0.0925261 0.667364 -1.91318</i>
                        <i>-0.085814 0.244122 -0.96594 -0.993634 0.0500513 0.100924 0.0729843 0.968452 0.238273 0.0904049 0.491152 -2.03532</i>
                        <i>-0.0926158 0.101773 -0.990487 -0.993251 0.0603093 0.0990711 0.0698184 0.992978 0.0955009 0.0885641 0.299074 -2.16225</i>
                        <i>-0.0926158 0.101773 -0.990487 -0.993251 0.0603093 0.0990711 0.0698184 0.992978 0.0955009 0.0885641 0.299074 -2.16225</i>
                        <i>-0.0926158 0.101773 -0.990487 -0.993251 0.0603093 0.0990711 0.0698184 0.992978 0.0955009 0.0885641 0.299074 -2.16225</i>
                        <i>-0.0926158 0.101773 -0.990487 -0.993251 0.0603093 0.0990711 0.0698184 0.992978 0.0955009 0.0885641 0.299074 -2.16225</i>
                        <i>-0.0926158 0.101773 -0.990487 -0.993251 0.0603093 0.0990711 0.0698184 0.992978 0.0955009 0.0885641 0.299074 -2.16225</i>
                        <i>-0.0926158 0.101773 -0.990487 -0.993251 0.0603093 0.0990711 0.0698184 0.992978 0.0955009 0.0885641 0.299074 -2.16225</i>
                        <i>-0.0926158 0.101773 -0.990487 -0.993251 0.0603093 0.0990711 0.0698184 0.992978 0.0955009 0.0885641 0.299074 -2.16225</i>
                        <i>-0.0926158 0.101773 -0.990487 -0.993251 0.0603093 0.0990711 0.0698184 0.992978 0.0955009 0.0885641 0.299074 -2.16225</i>
                        <i>-0.0926158 0.101773 -0.990487 -0.993251 0.0603093 0.0990711 0.0698184 0.992978 0.0955009 0.0885641 0.299074 -2.16225</i>
                        <i>-0.0926158 0.101773 -0.990487 -0.993251 0.0603093 0.0990711 0.0698184 0.992978 0.0955009 0.0885641 0.299074 -2.16225</i>
                        <i>-0.0926158 0.101773 -0.990487 -0.993251 0.0603093 0.0990711 0.0698184 0.992978 0.0955009 0.0885641 0.299074 -2.16225</i>
                        <i>-0.0926158 0.101773 -0.990487 -0.993251 0.0603093 0.0990711 0.0698184 0.992978 0.0955009 0.0885641 0.299074 -2.16225</i>
                        <i>-0.0926158 0.101773 -0.990487 -0.993251 0.0603093 0.0990711 0.0698184 0.992978 0.0955009 0.0885641 0.299074 -2.16225</i>
                        <i>-0.0672144 0.049455 -0.996512 -0.996678 0.0427018 0.0693448 0.0459823 0.997863 0.0464206 0.0821652 0.476257 -2.03349</i>
                        <i>-0.0092738 -0.0576478 -0.998294 -0.999928 -0.00704708 0.00969593 -0.007594 0.998312 -0.0575783 0.0669106 0.883441 -1.90643</i>
                        <i>0.0538232 -0.143342 -0.988209 -0.996394 -0.0727075 -0.0437227 -0.0655829 0.986999 -0.146738 0.0488492 1.33462 -1.77955</i>
                        <i>0.0916773 -0.131903 -0.987014 -0.990951 -0.109669 -0.077387 -0.098037 0.985177 -0.140764 0.034435 1.64515 -1.64916</i>
                        <i>0.105158 -0.0198057 -0.994258 -0.988643 -0.110025 -0.102373 -0.107366 0.993731 -0.0311508 0.0225994 1.7996 -1.51238</i>
                        <i>0.115563 0.133719 -0.984258 -0.98591 -0.105203 -0.13005 -0.120937 0.98542 0.119677 0.00791198 1.90865 -1.36994</i>
                        <i>0.120027 0.309003 -0.943457 -0.983117 -0.095212 -0.156257 -0.138112 0.946283 0.292358 -0.00956036 1.9769 -1.22241</i>
                        <i>0.116902 0.483705 -0.867389 -0.980774 -0.0811851 -0.177457 -0.156256 0.871458 0.464914 -0.0293715 2.00935 -1.07191</i>
