<?xml version="1.0" encoding="ISO-8859-1" ?>
<Animl Version="1">
    <ModellingPackage>
        <![CDATA[Maya.2010]]>
</ModellingPackage>
    <SrcFile>
        <![CDATA[anims\characters\shared\commando\~src\commando_enter_fall.mb]]>
</SrcFile>
    <FramesPerSecond>30</FramesPerSecond>
    <TotalFrames>37</TotalFrames>
    <Skeleton>
        <RefFrame>
            <Name>
                <![CDATA[commando_ref_frame]]>
</Name>
            <Exclude>0</Exclude>
            <Additive>0</Additive>
            <IKPriority>0</IKPriority>
            <IKRotLimits>-1e+010 -1e+010 -1e+010 1e+010 1e+010 1e+010</IKRotLimits>
            <IKRotLimitOrder>0</IKRotLimitOrder>
            <KeyFrames count="37">
                <i>1 0 0 0 1 0 0 0 1 0.05214 0 -0.0437</i>
                <i>1 0 0 0 1 0 0 0 1 0.05214 0 -0.0437</i>
                <i>1 0 0 0 1 0 0 0 1 0.05214 0 -0.0437</i>
                <i>1 0 0 0 1 0 0 0 1 0.05214 0 -0.0437</i>
                <i>1 0 0 0 1 0 0 0 1 0.05214 0 -0.0437</i>
                <i>1 0 0 0 1 0 0 0 1 0.05214 0 -0.0437</i>
                <i>1 0 0 0 1 0 0 0 1 0.05214 0 -0.0437</i>
                <i>1 0 0 0 1 0 0 0 1 0.05214 0 -0.0437</i>
                <i>1 0 0 0 1 0 0 0 1 0.05214 0 -0.0437</i>
                <i>1 0 0 0 1 0 0 0 1 0.05214 0 -0.0437</i>
                <i>1 0 0 0 1 0 0 0 1 0.05214 0 -0.0437</i>
                <i>1 0 0 0 1 0 0 0 1 0.05214 0 -0.0437</i>
                <i>1 0 0 0 1 0 0 0 1 0.05214 0 -0.0437</i>
                <i>1 0 0 0 1 0 0 0 1 0.05214 0 -0.0437</i>
                <i>1 0 0 0 1 0 0 0 1 0.05214 0 -0.0437</i>
                <i>1 0 0 0 1 0 0 0 1 0.05214 0 -0.0437</i>
                <i>1 0 0 0 1 0 0 0 1 0.05214 0 -0.0437</i>
                <i>1 0 0 0 1 0 0 0 1 0.05214 0 -0.0437</i>
                <i>1 0 0 0 1 0 0 0 1 0.05214 0 -0.0437</i>
                <i>1 0 0 0 1 0 0 0 1 0.05214 0 -0.0437</i>
                <i>1 0 0 0 1 0 0 0 1 0.05214 0 -0.0437</i>
                <i>1 0 0 0 1 0 0 0 1 0.05214 0 -0.0437</i>
                <i>1 0 0 0 1 0 0 0 1 0.05214 0 -0.0437</i>
                <i>1 0 0 0 1 0 0 0 1 0.05214 0 -0.0437</i>
                <i>1 0 0 0 1 0 0 0 1 0.05214 0 -0.0437</i>
                <i>1 0 0 0 1 0 0 0 1 0.05214 0 -0.0437</i>
                <i>1 0 0 0 1 0 0 0 1 0.05214 0 -0.0437</i>
                <i>1 0 0 0 1 0 0 0 1 0.05214 0 -0.0437</i>
                <i>1 0 0 0 1 0 0 0 1 0.05214 0 -0.0437</i>
                <i>1 0 0 0 1 0 0 0 1 0.05214 0 -0.0437</i>
                <i>1 0 0 0 1 0 0 0 1 0.05214 0 -0.0437</i>
                <i>1 0 0 0 1 0 0 0 1 0.05214 0 -0.0437</i>
                <i>1 0 0 0 1 0 0 0 1 0.05214 0 -0.0437</i>
                <i>1 0 0 0 1 0 0 0 1 0.05214 0 -0.0437</i>
                <i>1 0 0 0 1 0 0 0 1 0.05214 0 -0.0437</i>
                <i>1 0 0 0 1 0 0 0 1 0.05214 0 -0.0437</i>
                <i>1 0 0 0 1 0 0 0 1 0.05214 0 -0.0437</i>
            </KeyFrames>
        </RefFrame>
        <Bones count="28">
            <i>
                <p>
                    <Name>
                        <![CDATA[pelvis]]>
</Name>
                    <Exclude>0</Exclude>
                    <Additive>0</Additive>
                    <IKPriority>0</IKPriority>
                    <IKRotLimits>-1e+010 -1e+010 -1e+010 1e+010 1e+010 1e+010</IKRotLimits>
                    <IKRotLimitOrder>2</IKRotLimitOrder>
                    <KeyFrames count="37">
                        <i>1 0 0 0 1 0 0 0 1 0.0521443 1.18014 -0.100982</i>
                        <i>1 0 0 0 1 0 0 0 1 0.0520882 1.17994 -0.100876</i>
                        <i>1 0 0 0 1 0 0 0 1 0.0520212 1.17985 -0.100751</i>
                        <i>1 0 0 0 1 0 0 0 1 0.0519463 1.17986 -0.100613</i>
                        <i>1 0 0 0 1 0 0 0 1 0.0518675 1.17997 -0.100471</i>
                        <i>1 0 0 0 1 0 0 0 1 0.0517901 1.18019 -0.100332</i>
                        <i>1 0 0 0 1 0 0 0 1 0.0517206 1.18052 -0.100205</i>
                        <i>1 0 0 0 1 0 0 0 1 0.0516667 1.18097 -0.100103</i>
                        <i>1 0 0 0 1 0 0 0 1 0.0516368 1.18152 -0.100034</i>
                        <i>1 0 0 0 1 0 0 0 1 0.0516402 1.18219 -0.10001</i>
                        <i>1 0 0 0 1 0 0 0 1 0.0517073 1.18298 -0.100081</i>
                        <i>1 0 0 0 1 0 0 0 1 0.051853 1.18385 -0.100265</i>
                        <i>1 0 0 0 1 0 0 0 1 0.0520608 1.18475 -0.100528</i>
                        <i>1 0 0 0 1 0 0 0 1 0.0523115 1.18566 -0.100835</i>
                        <i>1 0 0 0 1 0 0 0 1 0.0525826 1.18653 -0.101152</i>
                        <i>1 0 0 0 1 0 0 0 1 0.0528489 1.18731 -0.101446</i>
                        <i>1 0 0 0 1 0 0 0 1 0.053083 1.18798 -0.101688</i>
                        <i>1 0 0 0 1 0 0 0 1 0.0532565 1.18849 -0.10185</i>
                        <i>1 0 0 0 1 0 0 0 1 0.0533411 1.1888 -0.101905</i>
                        <i>1 0 0 0 1 0 0 0 1 0.053357 1.18894 -0.101892</i>
                        <i>1 0 0 0 1 0 0 0 1 0.053344 1.18895 -0.101869</i>
                        <i>1 0 0 0 1 0 0 0 1 0.0533054 1.18883 -0.101837</i>
                        <i>1 0 0 0 1 0 0 0 1 0.0532454 1.1886 -0.101799</i>
                        <i>1 0 0 0 1 0 0 0 1 0.053169 1.18827 -0.101759</i>
                        <i>1 0 0 0 1 0 0 0 1 0.0530817 1.18784 -0.10172</i>
                        <i>1 0 0 0 1 0 0 0 1 0.0529893 1.18734 -0.101684</i>
                        <i>1 0 0 0 1 0 0 0 1 0.0528975 1.18676 -0.101655</i>
                        <i>1 0 0 0 1 0 0 0 1 0.0528118 1.18613 -0.101637</i>
                        <i>1 0 0 0 1 0 0 0 1 0.0527374 1.18545 -0.101632</i>
                        <i>1 0 0 0 1 0 0 0 1 0.0526622 1.1847 -0.101617</i>
                        <i>1 0 0 0 1 0 0 0 1 0.0525775 1.18391 -0.101571</i>
                        <i>1 0 0 0 1 0 0 0 1 0.0524907 1.18311 -0.1015</i>
                        <i>1 0 0 0 1 0 0 0 1 0.0524068 1.18232 -0.101409</i>
                        <i>1 0 0 0 1 0 0 0 1 0.052329 1.1816 -0.101304</i>
                        <i>1 0 0 0 1 0 0 0 1 0.0522589 1.18096 -0.101192</i>
                        <i>1 0 0 0 1 0 0 0 1 0.0521971 1.18046 -0.101082</i>
                        <i>1 0 0 0 1 0 0 0 1 0.0521443 1.18014 -0.100982</i>
                    </KeyFrames>
                </p>
            </i>
            <i>
                <p>
                    <Name>
                        <![CDATA[spine0]]>
</Name>
                    <Exclude>0</Exclude>
                    <Additive>0</Additive>
                    <IKPriority>0</IKPriority>
                    <IKRotLimits>-1e+010 -1e+010 -1e+010 1e+010 1e+010 1e+010</IKRotLimits>
                    <IKRotLimitOrder>0</IKRotLimitOrder>
                    <KeyFrames count="37">
                        <i>-0.015652 0.99909 -0.039665 -0.9397 -0.028253 -0.340832 -0.341643 0.0319385 0.939287 0.0645116 1.309 -0.163729</i>
                        <i>-0.0127782 0.998561 -0.0520827 -0.940461 -0.0296954 -0.338602 -0.339661 0.044655 0.939487 0.0647104 1.30798 -0.165248</i>
                        <i>-0.00699145 0.997774 -0.0663149 -0.941409 -0.0289296 -0.336023 -0.337194 0.0600801 0.939516 0.0652502 1.30687 -0.166974</i>
                        <i>0.00123539 0.996677 -0.0814489 -0.942483 -0.0260641 -0.333237 -0.334253 0.0771758 0.939318 0.0660731 1.30575 -0.168791</i>
                        <i>0.0114434 0.99526 -0.0965723 -0.943604 -0.0212096 -0.330396 -0.330878 0.0949069 0.938889 0.0671259 1.30466 -0.170587</i>
                        <i>0.0231926 0.993575 -0.110775 -0.944683 -0.0144807 -0.327666 -0.327165 0.112247 0.938277 0.0683622 1.30368 -0.172256</i>
                        <i>0.0360651 0.991732 -0.123152 -0.945618 -0.00599777 -0.325223 -0.323273 0.128184 0.937584 0.0697441 1.30288 -0.173696</i>
                        <i>0.0496666 0.989897 -0.132803 -0.946303 0.0041118 -0.323256 -0.319444 0.141727 0.936947 0.0712423 1.30234 -0.174808</i>
                        <i>0.0636223 0.98827 -0.138831 -0.946625 0.0157137 -0.321954 -0.315996 0.151904 0.936521 0.0728356 1.30216 -0.175497</i>
                        <i>0.0775681 0.98706 -0.140338 -0.946474 0.0286678 -0.321505 -0.313321 0.157765 0.936451 0.0745094 1.3024 -0.175664</i>
                        <i>0.0912387 0.986447 -0.136374 -0.945484 0.0428181 -0.32284 -0.312626 0.158395 0.936577 0.076333 1.30315 -0.17523</i>
                        <i>0.104369 0.98635 -0.127359 -0.943488 0.0576957 -0.326346 -0.314544 0.154222 0.936631 0.0783249 1.30435 -0.174258</i>
                        <i>0.116561 0.986567 -0.114451 -0.940693 0.0726985 -0.331378 -0.318606 0.14629 0.936531 0.0803873 1.30584 -0.172855</i>
                        <i>0.127411 0.986916 -0.0988139 -0.937349 0.087241 -0.337291 -0.324257 0.135598 0.9362 0.0824139 1.30752 -0.171129</i>
                        <i>0.136549 0.987266 -0.081614 -0.933749 0.100755 -0.343456 -0.330859 0.123106 0.935616 0.0842944 1.30925 -0.169195</i>
                        <i>0.143672 0.987552 -0.0640234 -0.930224 0.112689 -0.349262 -0.3377 0.109735 0.934835 0.0859196 1.31093 -0.167173</i>
                        <i>0.148552 0.987777 -0.0472133 -0.92714 0.122507 -0.354124 -0.344011 0.0963792 0.934006 0.0871848 1.31248 -0.165194</i>
                        <i>0.151033 0.987999 -0.0323505 -0.924875 0.129679 -0.357475 -0.34899 0.0839109 0.933362 0.0879912 1.3138 -0.16339</i>
                        <i>0.15101 0.988318 -0.0205957 -0.923806 0.133676 -0.358767 -0.351823 0.0732036 0.9332 0.0882465 1.31481 -0.161904</i>
                        <i>0.148189 0.988901 -0.0106792 -0.92369 0.134543 -0.358741 -0.353323 0.0630258 0.933376 0.0879821 1.31563 -0.160601</i>
                        <i>0.142596 0.989781 -0.000743986 -0.924017 0.132852 -0.358529 -0.354766 0.0518123 0.933518 0.0873194 1.3164 -0.159283</i>
                        <i>0.134613 0.990858 0.00893331 -0.924722 0.128857 -0.35817 -0.356047 0.0399535 0.933614 0.086306 1.3171 -0.157986</i>
                        <i>0.124621 0.99204 0.018076 -0.925723 0.122808 -0.357709 -0.357081 0.0278445 0.933658 0.0849915 1.31771 -0.15675</i>
                        <i>0.113002 0.993244 0.0264072 -0.926931 0.114954 -0.357189 -0.357812 0.0158854 0.933659 0.0834283 1.31819 -0.155616</i>
                        <i>0.100139 0.994404 0.0336506 -0.928253 0.105547 -0.356659 -0.358215 0.00447932 0.933629 0.0816712 1.31853 -0.154622</i>
                        <i>0.0864158 0.995475 0.0395298 -0.929598 0.0948402 -0.356165 -0.358302 -0.00596853 0.933587 0.0797773 1.31872 -0.15381</i>
                        <i>0.0722128 0.996428 0.0437687 -0.930878 0.083089 -0.355756 -0.358122 -0.0150532 0.933553 0.0778058 1.31874 -0.153222</i>
                        <i>0.0579116 0.997257 0.0460915 -0.932017 0.0705527 -0.35548 -0.357757 -0.0223717 0.933547 0.0758176 1.31856 -0.152897</i>
                        <i>0.043893 0.997966 0.046222 -0.932951 0.0574935 -0.355383 -0.357318 -0.027524 0.933577 0.0738745 1.3182 -0.152875</i>
                        <i>0.0306972 0.998608 0.0429025 -0.933837 0.0439572 -0.354988 -0.356379 -0.0291668 0.933886 0.0720093 1.31756 -0.153311</i>
                        <i>0.0187393 0.999188 0.0356594 -0.934803 0.0301613 -0.353884 -0.354673 -0.026703 0.934609 0.0702509 1.31661 -0.154251</i>
                        <i>0.00820991 0.999644 0.0253919 -0.93577 0.016632 -0.352218 -0.352515 -0.0208693 0.935573 0.0686509 1.31544 -0.155572</i>
                        <i>-0.000694901 0.999915 0.0130005 -0.936691 0.00390135 -0.350135 -0.350156 -0.0124207 0.936609 0.0672552 1.31411 -0.157153</i>
                        <i>-0.00776625 0.99997 -0.000610282 -0.937544 -0.00749367 -0.347787 -0.347781 -0.00212883 0.937574 0.0661053 1.31271 -0.158874</i>
                        <i>-0.0127792 0.999813 -0.0145322 -0.938325 -0.0170128 -0.345335 -0.345518 0.00922281 0.938367 0.0652398 1.31133 -0.160619</i>
                        <i>-0.0154929 0.999492 -0.0278544 -0.939042 -0.0241135 -0.342955 -0.343453 0.0208431 0.938939 0.0646961 1.31006 -0.162274</i>
                        <i>-0.015652 0.99909 -0.039665 -0.9397 -0.028253 -0.340832 -0.341643 0.0319385 0.939287 0.0645116 1.309 -0.163729</i>
                    </KeyFrames>
                </p>
            </i>
            <i>
                <p>
                    <Name>
                        <![CDATA[spine1]]>
</Name>
                    <Exclude>0</Exclude>
                    <Additive>0</Additive>
                    <IKPriority>0</IKPriority>
                    <IKRotLimits>-1e+010 -1e+010 -1e+010 1e+010 1e+010 1e+010</IKRotLimits>
                    <IKRotLimitOrder>0</IKRotLimitOrder>
                    <KeyFrames count="37">
                        <i>0.0378511 0.999001 0.0237409 -0.979323 0.0418094 -0.197935 -0.198729 -0.015758 0.979928 0.0618392 1.47946 -0.170491</i>
                        <i>0.0408515 0.999102 0.0112139 -0.979591 0.0422594 -0.196511 -0.196808 -0.0029573 0.980438 0.0625283 1.47835 -0.174129</i>
                        <i>0.0467884 0.9989 -0.00315342 -0.97978 0.0452776 -0.194887 -0.19453 0.0122081 0.980821 0.0640555 1.47712 -0.178283</i>
                        <i>0.0551855 0.998306 -0.0184438 -0.979864 0.0505975 -0.193151 -0.191891 0.0287315 0.980996 0.0662821 1.4758 -0.182682</i>
                        <i>0.0655783 0.997277 -0.0337371 -0.979801 0.0579543 -0.191395 -0.188919 0.045607 0.980933 0.0690765 1.47447 -0.187059</i>
                        <i>0.0775178 0.995829 -0.0481127 -0.979545 0.0670842 -0.189716 -0.185697 0.0618349 0.98066 0.0723176 1.4732 -0.191152</i>
                        <i>0.0905739 0.994041 -0.0606514 -0.979048 0.0777239 -0.188214 -0.182378 0.0764279 0.980253 0.0758958 1.47209 -0.194703</i>
                        <i>0.104336 0.992045 -0.0704367 -0.978265 0.0896097 -0.186995 -0.179196 0.0884161 0.979832 0.0797147 1.47124 -0.197462</i>
                        <i>0.118409 0.990009 -0.0765546 -0.97716 0.102476 -0.186166 -0.176461 0.0968498 0.979531 0.0836891 1.47078 -0.199179</i>
                        <i>0.132406 0.988114 -0.078092 -0.975704 0.116057 -0.185831 -0.17456 0.1008 0.979473 0.0877424 1.47081 -0.199603</i>
                        <i>0.145987 0.986512 -0.0740403 -0.973735 0.130071 -0.186873 -0.174722 0.0993767 0.97959 0.0918985 1.47146 -0.198493</i>
                        <i>0.15885 0.985174 -0.064802 -0.9712 0.144117 -0.189738 -0.177586 0.0930756 0.979694 0.0961306 1.47264 -0.195983</i>
                        <i>0.170632 0.983984 -0.0515815 -0.968261 0.157742 -0.193878 -0.182637 0.0830261 0.979669 0.100273 1.47417 -0.192377</i>
                        <i>0.18097 0.982845 -0.0355863 -0.965105 0.170508 -0.198746 -0.189269 0.0703116 0.979405 0.104151 1.4759 -0.187983</i>
                        <i>0.189546 0.981706 -0.0180266 -0.961949 0.181989 -0.203798 -0.196789 0.0559698 0.978847 0.107591 1.47769 -0.183115</i>
                        <i>0.196109 0.980582 -0.000111335 -0.959036 0.191776 -0.208501 -0.204431 0.0409957 0.978022 0.110431 1.47943 -0.178092</i>
                        <i>0.20049 0.979549 0.0169562 -0.956622 0.199473 -0.21233 -0.21137 0.0263494 0.977051 0.112529 1.48101 -0.173244</i>
                        <i>0.202594 0.97874 0.0319821 -0.954974 0.204692 -0.214768 -0.216748 0.0129685 0.976141 0.113759 1.48237 -0.168905</i>
                        <i>0.202376 0.978329 0.0437826 -0.954345 0.207051 -0.215303 -0.219702 0.00178845 0.975565 0.11401 1.48344 -0.165412</i>
                        <i>0.199495 0.978428 0.0536704 -0.954639 0.206417 -0.214607 -0.221056 -0.00842281 0.975225 0.113264 1.48436 -0.162418</i>
                        <i>0.193886 0.978963 0.063562 -0.955542 0.203124 -0.213731 -0.222145 -0.0192969 0.974823 0.111647 1.48528 -0.159405</i>
                        <i>0.185928 0.979834 0.0731842 -0.956947 0.197474 -0.212734 -0.222896 -0.0304803 0.974366 0.109272 1.48616 -0.156457</i>
                        <i>0.175999 0.980947 0.0822641 -0.958739 0.189766 -0.211678 -0.223256 -0.0416146 0.973871 0.106252 1.48697 -0.153661</i>
                        <i>0.164477 0.982218 0.0905293 -0.960796 0.180303 -0.210625 -0.223202 -0.0523373 0.973366 0.102707 1.48766 -0.151105</i>
                        <i>0.151737 0.98358 0.0977084 -0.962996 0.169387 -0.209635 -0.222743 -0.0622833 0.972885 0.098755 1.4882 -0.148875</i>
                        <i>0.138154 0.984985 0.10353 -0.965227 0.157326 -0.208772 -0.221925 -0.0710873 0.972469 0.0945196 1.48857 -0.147061</i>
                        <i>0.124099 0.986405 0.107724 -0.967385 0.144432 -0.208099 -0.220828 -0.0783854 0.972158 0.0901248 1.48875 -0.145749</i>
                        <i>0.109944 0.98783 0.110018 -0.969383 0.131021 -0.207677 -0.219564 -0.0838171 0.971991 0.0856965 1.48872 -0.145027</i>
                        <i>0.0960591 0.989263 0.110143 -0.971149 0.11741 -0.207568 -0.218272 -0.0870261 0.972 0.0813615 1.48847 -0.144984</i>
                        <i>0.0830111 0.990807 0.106819 -0.972739 0.103851 -0.207347 -0.216534 -0.0866949 0.972418 0.0772449 1.48794 -0.145986</i>
                        <i>0.0712342 0.992479 0.0995513 -0.974213 0.0906484 -0.206621 -0.214091 -0.0822657 0.973343 0.0734463 1.48709 -0.148161</i>
                        <i>0.0608997 0.994147 0.0892392 -0.975528 0.0782057 -0.205499 -0.211276 -0.0745404 0.97458 0.0700498 1.486 -0.151234</i>
                        <i>0.0521891 0.995681 0.0767834 -0.976661 0.0669311 -0.204094 -0.208351 -0.0643399 0.975936 0.0671347 1.48472 -0.15493</i>
                        <i>0.0453014 0.996979 0.0630905 -0.977605 0.0572366 -0.202516 -0.205515 -0.0525033 0.977245 0.0647783 1.48333 -0.158973</i>
                        <i>0.0404552 0.997976 0.049073 -0.978362 0.0495381 -0.200883 -0.202907 -0.0398844 0.978385 0.0630576 1.48192 -0.163093</i>
                        <i>0.0378877 0.998646 0.0356492 -0.978936 0.044255 -0.199314 -0.200622 -0.0273467 0.979287 0.0620509 1.4806 -0.167021</i>
                        <i>0.0378511 0.999001 0.0237409 -0.979323 0.0418094 -0.197935 -0.198729 -0.015758 0.979928 0.0618392 1.47946 -0.170491</i>
                    </KeyFrames>
                </p>
            </i>
            <i>
                <p>
                    <Name>
                        <![CDATA[spine2]]>
</Name>
                    <Exclude>0</Exclude>
                    <Additive>0</Additive>
                    <IKPriority>0</IKPriority>
                    <IKRotLimits>-1e+010 -1e+010 -1e+010 1e+010 1e+010 1e+010</IKRotLimits>
                    <IKRotLimitOrder>0</IKRotLimitOrder>
                    <KeyFrames count="37">
                        <i>0.081845 0.996453 -0.0195503 -0.99559 0.0808402 -0.0475951 -0.0458458 0.0233595 0.998675 0.0679432 1.63648 -0.166731</i>
                        <i>0.0847507 0.995884 -0.0321288 -0.99544 0.0832083 -0.0466379 -0.0437725 0.0359349 0.998395 0.069104 1.63539 -0.172338</i>
                        <i>0.0905663 0.994802 -0.0465445 -0.995037 0.0884551 -0.0455792 -0.0412252 0.0504414 0.997876 0.0715644 1.63412 -0.178751</i>
                        <i>0.0988153 0.99318 -0.0618748 -0.994371 0.0961628 -0.0444795 -0.0382261 0.0659217 0.997092 0.0751109 1.63271 -0.185554</i>
                        <i>0.109034 0.991036 -0.0771965 -0.993428 0.105917 -0.0433956 -0.0348301 0.0814208 0.996071 0.0795389 1.63122 -0.192335</i>
                        <i>0.120777 0.988445 -0.0915889 -0.992191 0.117308 -0.0423805 -0.0311467 0.0959922 0.994895 0.0846565 1.62972 -0.198687</i>
                        <i>0.133622 0.985546 -0.104135 -0.990655 0.129931 -0.0414841 -0.0273541 0.108705 0.993698 0.0902869 1.62832 -0.20421</i>
                        <i>0.147168 0.982529 -0.113922 -0.988827 0.143386 -0.0407538 -0.023707 0.118647 0.992653 0.0962687 1.62716 -0.208507</i>
                        <i>0.161036 0.979621 -0.120042 -0.986735 0.157275 -0.0402364 -0.0205369 0.124929 0.991953 0.102455 1.62637 -0.211185</i>
                        <i>0.174859 0.977058 -0.121585 -0.984424 0.171202 -0.0399791 -0.0182463 0.126682 0.991776 0.108708 1.62611 -0.211851</i>
                        <i>0.188354 0.975046 -0.117511 -0.981935 0.184765 -0.0408202 -0.0180897 0.123076 0.992232 0.114999 1.6265 -0.210104</i>
                        <i>0.201251 0.973546 -0.108196 -0.979321 0.197638 -0.0432475 -0.0207197 0.114662 0.993188 0.121252 1.62747 -0.206141</i>
                        <i>0.213167 0.9724 -0.0948562 -0.97668 0.209541 -0.0467866 -0.025619 0.102618 0.994391 0.127246 1.62881 -0.200457</i>
                        <i>0.223715 0.971471 -0.0787096 -0.974123 0.220197 -0.0509634 -0.0321779 0.0880741 0.995594 0.132749 1.63036 -0.193548</i>
                        <i>0.23255 0.970671 -0.0609799 -0.971774 0.22934 -0.0553013 -0.0396942 0.072119 0.996606 0.137536 1.63197 -0.185919</i>
                        <i>0.23939 0.969976 -0.0428938 -0.969767 0.236715 -0.0593191 -0.0473845 0.0557974 0.997317 0.141407 1.63353 -0.178079</i>
                        <i>0.244034 0.969427 -0.0256767 -0.96824 0.242078 -0.062531 -0.0544035 0.0401208 0.997713 0.144193 1.63495 -0.170548</i>
                        <i>0.246352 0.969123 -0.0105485 -0.96733 0.245194 -0.0644451 -0.0598688 0.02608 0.997865 0.145754 1.63618 -0.163847</i>
                        <i>0.246264 0.969202 0.0012775 -0.96716 0.24583 -0.0645651 -0.0628906 0.0146645 0.997913 0.14597 1.63718 -0.158499</i>
                        <i>0.243468 0.969845 0.0111397 -0.967774 0.243677 -0.0635137 -0.064313 0.00468282 0.997919 0.144772 1.63812 -0.153951</i>
                        <i>0.237956 0.971049 0.0210027 -0.969065 0.238817 -0.0622936 -0.065506 -0.00552984 0.997837 0.142274 1.63913 -0.149383</i>
                        <i>0.2301 0.972686 0.0305954 -0.9709 0.231595 -0.0609744 -0.0663946 -0.0156748 0.99767 0.138647 1.64015 -0.144923</i>
                        <i>0.22027 0.974633 0.0396466 -0.97314 0.222359 -0.0596248 -0.066928 -0.0254482 0.997433 0.134068 1.64113 -0.1407</i>
                        <i>0.208839 0.976777 0.0478855 -0.975646 0.211456 -0.0583129 -0.0670844 -0.0345413 0.997149 0.128711 1.64202 -0.136845</i>
                        <i>0.196176 0.979023 0.0550411 -0.978286 0.199239 -0.0571064 -0.0668747 -0.042643 0.99685 0.122757 1.64277 -0.133487</i>
                        <i>0.182654 0.981293 0.0608431 -0.980936 0.186065 -0.0560722 -0.066344 -0.0494414 0.996571 0.116387 1.64337 -0.130757</i>
                        <i>0.168645 0.98353 0.0650213 -0.983494 0.172293 -0.0552776 -0.0655698 -0.0546258 0.996352 0.109784 1.64377 -0.128786</i>
                        <i>0.154521 0.985694 0.0673055 -0.985871 0.15829 -0.0547896 -0.0646596 -0.0578884 0.996227 0.103131 1.64397 -0.127704</i>
                        <i>0.140658 0.98776 0.0674254 -0.988004 0.144425 -0.054676 -0.0637446 -0.058926 0.996225 0.0966136 1.64395 -0.127641</i>
                        <i>0.127601 0.989753 0.064079 -0.989862 0.131146 -0.0545343 -0.0623792 -0.0564707 0.996454 0.0904463 1.64366 -0.129166</i>
                        <i>0.115773 0.991653 0.0567528 -0.991445 0.118838 -0.0539828 -0.0602766 -0.0500175 0.996928 0.0847968 1.64308 -0.132484</i>
                        <i>0.10536 0.993353 0.0463582 -0.992755 0.107775 -0.0531221 -0.0577653 -0.0404254 0.997511 0.0797761 1.64225 -0.137178</i>
                        <i>0.0965553 0.994753 0.0338083 -0.993801 0.098232 -0.0520526 -0.0551006 -0.0285727 0.998072 0.0754921 1.64121 -0.142831</i>
                        <i>0.0895685 0.995779 0.0200199 -0.994598 0.090485 -0.0508725 -0.0524692 -0.0153552 0.998505 0.0720532 1.64003 -0.149027</i>
                        <i>0.0846244 0.996395 0.00591431 -0.995158 0.0848142 -0.0496762 -0.0499987 -0.00168185 0.998748 0.0695708 1.63878 -0.155351</i>
                        <i>0.0819649 0.996606 -0.00758428 -0.99549 0.0815035 -0.0485546 -0.0477716 0.0115298 0.998792 0.0681607 1.63756 -0.161389</i>
                        <i>0.081845 0.996453 -0.0195503 -0.99559 0.0808402 -0.0475951 -0.0458458 0.0233595 0.998675 0.0679432 1.63648 -0.166731</i>
                    </KeyFrames>
                </p>
            </i>
            <i>
                <p>
                    <Name>
                        <![CDATA[head]]>
</Name>
                    <Exclude>0</Exclude>
                    <Additive>0</Additive>
                    <IKPriority>0</IKPriority>
                    <IKRotLimits>-1e+010 -1e+010 -1e+010 1e+010 1e+010 1e+010</IKRotLimits>
                    <IKRotLimitOrder>0</IKRotLimitOrder>
                    <KeyFrames count="37">
                        <i>-0.0351024 0.999029 -0.0266347 -0.216958 -0.0336333 -0.975601 -0.97555 -0.0284673 0.217927 0.0619256 1.89026 -0.196175</i>
                        <i>-0.0322025 0.99872 -0.0390143 -0.219013 -0.045137 -0.974677 -0.97519 -0.0228423 0.220186 0.0637775 1.88879 -0.20493</i>
                        <i>-0.0263838 0.998235 -0.0532064 -0.221554 -0.0577405 -0.973437 -0.974791 -0.0138949 0.222687 0.0676611 1.88706 -0.214948</i>
                        <i>-0.0181185 0.9975 -0.0683015 -0.224542 -0.0706272 -0.971902 -0.974296 -0.00227292 0.22526 0.0732432 1.88509 -0.22558</i>
                        <i>-0.00786511 0.996486 -0.0833895 -0.227903 -0.0829837 -0.970141 -0.973652 0.0113745 0.227755 0.0802037 1.88297 -0.236183</i>
                        <i>0.00393602 0.995222 -0.0975624 -0.231515 -0.0940055 -0.968279 -0.972823 0.0263983 0.230039 0.0882409 1.8808 -0.24612</i>
                        <i>0.0168656 0.993798 -0.109915 -0.23519 -0.102903 -0.966487 -0.971803 0.0421514 0.231996 0.0970752 1.87872 -0.254764</i>
                        <i>0.0305262 0.992359 -0.119548 -0.238672 -0.108907 -0.964974 -0.97062 0.0579897 0.233523 0.10645 1.87694 -0.261492</i>
                        <i>0.0445387 0.991085 -0.125564 -0.241634 -0.111269 -0.963967 -0.969345 0.0732744 0.234524 0.116129 1.87566 -0.265687</i>
                        <i>0.0585332 0.990166 -0.127066 -0.24369 -0.109262 -0.963679 -0.968085 0.087372 0.234898 0.12589 1.8751 -0.266732</i>
                        <i>0.0722269 0.98976 -0.123119 -0.243629 -0.102195 -0.964469 -0.967175 0.0996561 0.233753 0.13566 1.87545 -0.263989</i>
                        <i>0.0853454 0.98979 -0.114154 -0.240827 -0.0906821 -0.966322 -0.966808 0.109963 0.230629 0.14531 1.87659 -0.25776</i>
                        <i>0.0974961 0.990065 -0.101322 -0.235796 -0.075929 -0.968832 -0.9669 0.118349 0.226051 0.154506 1.87825 -0.248828</i>
                        <i>0.108282 0.990413 -0.0857766 -0.229142 -0.059095 -0.971598 -0.967351 0.124862 0.220546 0.1629 1.8802 -0.237979</i>
                        <i>0.117343 0.990714 -0.0686778 -0.221562 -0.0412955 -0.974272 -0.96806 0.129541 0.214658 0.170162 1.88224 -0.226009</i>
                        <i>0.124384 0.990913 -0.0511871 -0.213838 -0.023605 -0.976584 -0.968918 0.132417 0.208959 0.175998 1.8842 -0.213723</i>
                        <i>0.129186 0.991021 -0.0344646 -0.206817 -0.00706413 -0.978354 -0.969813 0.133518 0.204047 0.180164 1.88599 -0.201936</i>
                        <i>0.131604 0.991107 -0.0196644 -0.20138 0.00730636 -0.979486 -0.970632 0.132864 0.200551 0.182463 1.88756 -0.191465</i>
                        <i>0.131541 0.991279 -0.00793375 -0.198417 0.0184866 -0.979943 -0.97125 0.130477 0.199118 0.182732 1.88887 -0.18313</i>
                        <i>0.128695 0.991682 0.00198371 -0.197114 0.0275406 -0.979994 -0.971897 0.125729 0.199018 0.180843 1.89014 -0.176058</i>
                        <i>0.123072 0.992326 0.0119218 -0.19612 0.0360962 -0.979915 -0.972826 0.118262 0.199057 0.176942 1.89155 -0.168959</i>
                        <i>0.115057 0.993124 0.0216032 -0.195486 0.0439593 -0.979721 -0.973934 0.1085 0.199199 0.171297 1.89302 -0.162032</i>
                        <i>0.105034 0.993993 0.0307506 -0.195236 0.0509305 -0.979433 -0.975116 0.0968698 0.199413 0.164181 1.89446 -0.155476</i>
                        <i>0.0933876 0.994862 0.0390868 -0.195368 0.0568061 -0.979083 -0.976274 0.083798 0.19967 0.155867 1.8958 -0.149494</i>
                        <i>0.0805029 0.995677 0.0463349 -0.195848 0.0613802 -0.978711 -0.977324 0.0697145 0.199943 0.146631 1.89697 -0.144285</i>
                        <i>0.0667627 0.996401 0.0522185 -0.196614 0.064447 -0.978361 -0.978205 0.0550512 0.200209 0.136755 1.89793 -0.140053</i>
                        <i>0.0525493 0.997021 0.0564614 -0.197574 0.065802 -0.978077 -0.978878 0.0402419 0.200443 0.126518 1.89864 -0.136997</i>
                        <i>0.0382431 0.997538 0.0587872 -0.198615 0.0652445 -0.977903 -0.979331 0.025722 0.200621 0.116205 1.89906 -0.135321</i>
                        <i>0.0242238 0.997969 0.0589195 -0.199606 0.0625783 -0.977876 -0.979577 0.0119271 0.200716 0.1061 1.89921 -0.135225</i>
                        <i>0.011037 0.998391 0.0556123 -0.200986 0.0566956 -0.977952 -0.979532 -0.000383596 0.201288 0.0965464 1.89899 -0.137597</i>
                        <i>-0.000898775 0.998828 0.0484001 -0.203046 0.0472096 -0.978031 -0.979169 -0.0107065 0.202765 0.0878119 1.8984 -0.142764</i>
                        <i>-0.0113979 0.999206 0.0381766 -0.205474 0.035024 -0.978036 -0.978596 -0.0189918 0.204912 0.0800623 1.89747 -0.150077</i>
                        <i>-0.0202684 0.999461 0.025837 -0.208034 0.0210607 -0.977895 -0.977911 -0.0251954 0.207495 0.0734601 1.89624 -0.158888</i>
                        <i>-0.0273048 0.999552 0.0122807 -0.210556 0.00625877 -0.977562 -0.977201 -0.0292779 0.210291 0.0681706 1.8948 -0.168549</i>
                        <i>-0.0322845 0.999477 -0.0015885 -0.212927 -0.00843066 -0.977032 -0.976535 -0.0312048 0.213087 0.0643647 1.89323 -0.178413</i>
                        <i>-0.0349684 0.999278 -0.0148633 -0.215077 -0.0220485 -0.976348 -0.975971 -0.0309445 0.215692 0.0622208 1.89166 -0.187835</i>
                        <i>-0.0351024 0.999029 -0.0266347 -0.216958 -0.0336333 -0.975601 -0.97555 -0.0284673 0.217927 0.0619256 1.89026 -0.196175</i>
                    </KeyFrames>
                </p>
            </i>
            <i>
                <p>
                    <Name>
                        <![CDATA[head_prop]]>
</Name>
                    <Exclude>0</Exclude>
                    <Additive>0</Additive>
                    <IKPriority>0</IKPriority>
                    <IKRotLimits>-1e+010 -1e+010 -1e+010 1e+010 1e+010 1e+010</IKRotLimits>
                    <IKRotLimitOrder>0</IKRotLimitOrder>
                    <KeyFrames count="37">
                        <i>0.97555 0.0284673 -0.217927 -0.0351024 0.999029 -0.0266347 0.216958 0.0336333 0.975601 0.0821857 1.97093 0.0243684</i>
                        <i>0.97519 0.0228423 -0.220186 -0.0322025 0.99872 -0.0390143 0.219013 0.045137 0.974677 0.0847185 1.97215 0.01455</i>
                        <i>0.974791 0.0138949 -0.222687 -0.0263838 0.998235 -0.0532064 0.221554 0.0577405 0.973437 0.089608 1.97341 0.0032712</i>
                        <i>0.974296 0.00227292 -0.22526 -0.0181185 0.9975 -0.0683015 0.224542 0.0706272 0.971902 0.0964786 1.97456 -0.00875225</i>
                        <i>0.973652 -0.0113745 -0.227755 -0.00786511 0.996486 -0.0833895 0.227903 0.0829837 0.970141 0.104962 1.97546 -0.0207981</i>
                        <i>0.972823 -0.0263983 -0.230039 0.00393602 0.995222 -0.0975624 0.231515 0.0940055 0.968279 0.114697 1.97604 -0.0321391</i>
                        <i>0.971803 -0.0421514 -0.231996 0.0168656 0.993798 -0.109915 0.23519 0.102903 0.966487 0.125332 1.97625 -0.0420443</i>
                        <i>0.97062 -0.0579897 -0.233523 0.0305262 0.992359 -0.119548 0.238672 0.108907 0.964974 0.136522 1.9761 -0.049782</i>
                        <i>0.969345 -0.0732744 -0.234524 0.0445387 0.991085 -0.125564 0.241634 0.111269 0.963967 0.14793 1.97565 -0.0546208</i>
                        <i>0.968085 -0.087372 -0.234898 0.0585332 0.990166 -0.127066 0.24369 0.109262 0.963679 0.159217 1.97494 -0.0558311</i>
                        <i>0.967175 -0.0996561 -0.233753 0.0722269 0.98976 -0.123119 0.243629 0.102195 0.964469 0.17001 1.97401 -0.0526498</i>
                        <i>0.966808 -0.109963 -0.230629 0.0853454 0.98979 -0.114154 0.240827 0.0906821 0.966322 0.180018 1.97286 -0.0454264</i>
                        <i>0.9669 -0.118349 -0.226051 0.0974961 0.990065 -0.101322 0.235796 0.075929 0.968832 0.188992 1.97148 -0.0351059</i>
                        <i>0.967351 -0.124862 -0.220546 0.108282 0.990413 -0.0857766 0.229142 0.059095 0.971598 0.196693 1.96989 -0.0226351</i>
                        <i>0.96806 -0.129541 -0.214658 0.117343 0.990714 -0.0686778 0.221562 0.0412955 0.974272 0.202923 1.96811 -0.00895834</i>
                        <i>0.968918 -0.132417 -0.208959 0.124384 0.990913 -0.0511871 0.213838 0.023605 0.976584 0.207541 1.96623 0.00498765</i>
                        <i>0.969813 -0.133518 -0.204047 0.129186 0.991021 -0.0344646 0.206817 0.00706413 0.978354 0.210479 1.96438 0.0182788</i>
                        <i>0.970632 -0.132864 -0.200551 0.131604 0.991107 -0.0196644 0.20138 -0.00730636 0.979486 0.211727 1.96274 0.0300059</i>
                        <i>0.97125 -0.130477 -0.199118 0.131541 0.991279 -0.00793375 0.198417 -0.0184866 0.979943 0.211317 1.96152 0.0392729</i>
                        <i>0.971897 -0.125729 -0.199018 0.128695 0.991682 0.00198371 0.197114 -0.0275406 0.979994 0.20891 1.96068 0.0470877</i>
                        <i>0.972826 -0.118262 -0.199057 0.123072 0.992326 0.0119218 0.19612 -0.0360962 0.979915 0.204348 1.96005 0.054906</i>
                        <i>0.973934 -0.1085 -0.199199 0.115057 0.993124 0.0216032 0.195486 -0.0439593 0.979721 0.197941 1.95957 0.0625102</i>
                        <i>0.975116 -0.0968698 -0.199413 0.105034 0.993993 0.0307506 0.195236 -0.0509305 0.979433 0.189996 1.95923 0.0696842</i>
                        <i>0.976274 -0.083798 -0.19967 0.0933876 0.994862 0.0390868 0.195368 -0.0568061 0.979083 0.180819 1.95899 0.0762128</i>
                        <i>0.977324 -0.0697145 -0.199943 0.0805029 0.995677 0.0463349 0.195848 -0.0613802 0.978711 0.17071 1.95884 0.0818821</i>
                        <i>0.978205 -0.0550512 -0.200209 0.0667627 0.996401 0.0522185 0.196614 -0.064447 0.978361 0.159963 1.95878 0.0864792</i>
                        <i>0.978878 -0.0402419 -0.200443 0.0525493 0.997021 0.0564614 0.197574 -0.065802 0.978077 0.14887 1.95885 0.0897914</i>
                        <i>0.979331 -0.025722 -0.200621 0.0382431 0.997538 0.0587872 0.198615 -0.0652445 0.977903 0.137718 1.95906 0.0916058</i>
                        <i>0.979577 -0.0119271 -0.200716 0.0242238 0.997969 0.0589195 0.199606 -0.0625783 0.977876 0.12679 1.95947 0.0917085</i>
                        <i>0.979532 0.000383596 -0.201288 0.011037 0.998391 0.0556123 0.200986 -0.0566956 0.977952 0.116568 1.96027 0.0891231</i>
                        <i>0.979169 0.0107065 -0.202765 -0.000898775 0.998828 0.0484001 0.203046 -0.0472096 0.978031 0.107417 1.96155 0.0834787</i>
                        <i>0.978596 0.0189918 -0.204912 -0.0113979 0.999206 0.0381766 0.205474 -0.035024 0.978036 0.0994453 1.96314 0.075466</i>
                        <i>0.977911 0.0251954 -0.207495 -0.0202684 0.999461 0.025837 0.208034 -0.0210607 0.977895 0.0927734 1.96488 0.0657773</i>
                        <i>0.977201 0.0292779 -0.210291 -0.0273048 0.999552 0.0122807 0.210556 -0.00625877 0.977562 0.087542 1.96662 0.0551115</i>
                        <i>0.976535 0.0312048 -0.213087 -0.0322845 0.999477 -0.0015885 0.212927 0.00843066 0.977032 0.0839118 1.96826 0.0441761</i>
                        <i>0.975971 0.0309445 -0.215692 -0.0349684 0.999278 -0.0148633 0.215077 0.0220485 0.976348 0.0820618 1.96972 0.0336873</i>
                        <i>0.97555 0.0284673 -0.217927 -0.0351024 0.999029 -0.0266347 0.216958 0.0336333 0.975601 0.0821857 1.97093 0.0243684</i>
                    </KeyFrames>
                </p>
            </i>
            <i>
                <p>
                    <Name>
                        <![CDATA[ponytail_1]]>
</Name>
                    <Exclude>0</Exclude>
                    <Additive>0</Additive>
                    <IKPriority>0</IKPriority>
                    <IKRotLimits>-1e+010 -1e+010 -1e+010 1e+010 1e+010 1e+010</IKRotLimits>
                    <IKRotLimitOrder>0</IKRotLimitOrder>
                    <KeyFrames count="37">
                        <i>0.951402 -0.231034 -0.203611 0.164979 0.94068 -0.296484 0.260031 0.248484 0.933081 0.0194954 2.0537 -0.323304</i>
                        <i>0.950304 -0.236388 -0.202589 0.167164 0.936418 -0.308509 0.262636 0.259312 0.929397 0.0215756 2.05076 -0.334003</i>
                        <i>0.948413 -0.244905 -0.201332 0.17198 0.930908 -0.322232 0.266338 0.270984 0.925004 0.0261167 2.04742 -0.346226</i>
                        <i>0.945796 -0.255941 -0.199911 0.178977 0.924424 -0.336759 0.270993 0.282725 0.920125 0.0327115 2.04379 -0.359177</i>
                        <i>0.94252 -0.268861 -0.198417 0.187727 0.917285 -0.351209 0.276431 0.293773 0.915032 0.0409726 2.04004 -0.37207</i>
                        <i>0.938666 -0.283046 -0.196955 0.197831 0.909858 -0.364721 0.282434 0.303387 0.910048 0.0505404 2.03638 -0.384132</i>
                        <i>0.934334 -0.297894 -0.195649 0.208937 0.902568 -0.376452 0.288729 0.310854 0.905541 0.0610886 2.03308 -0.394606</i>
                        <i>0.929657 -0.31282 -0.194631 0.220733 0.895884 -0.385575 0.294983 0.315491 0.901915 0.0723265 2.03043 -0.402747</i>
                        <i>0.924799 -0.327255 -0.194042 0.232952 0.890304 -0.39127 0.300801 0.316644 0.899586 0.0839951 2.02877 -0.407817</i>
                        <i>0.91996 -0.340634 -0.194014 0.245359 0.886326 -0.392716 0.305732 0.31368 0.898962 0.0958583 2.02844 -0.409074</i>
                        <i>0.915538 -0.352395 -0.193929 0.25804 0.884412 -0.388885 0.308554 0.305997 0.900644 0.107947 2.02973 -0.405778</i>
                        <i>0.911789 -0.362358 -0.193232 0.270925 0.884393 -0.380063 0.308612 0.294186 0.904552 0.120164 2.03244 -0.398307</i>
                        <i>0.908732 -0.370529 -0.19213 0.283509 0.885808 -0.367378 0.306315 0.279378 0.910011 0.132045 2.03611 -0.387578</i>
                        <i>0.906378 -0.37691 -0.190836 0.295258 0.888226 -0.351961 0.302163 0.262664 0.916354 0.143098 2.04033 -0.374519</i>
                        <i>0.904717 -0.381508 -0.189574 0.305653 0.891278 -0.334964 0.296754 0.245104 0.922963 0.152846 2.04473 -0.360068</i>
                        <i>0.903724 -0.384338 -0.188595 0.314214 0.894663 -0.317564 0.290781 0.227731 0.929293 0.160845 2.04901 -0.345188</i>
                        <i>0.903346 -0.385429 -0.188178 0.32052 0.898157 -0.300967 0.285015 0.211563 0.934884 0.166707 2.05295 -0.330859</i>
                        <i>0.903511 -0.38482 -0.188631 0.32421 0.90159 -0.286396 0.280278 0.197606 0.939359 0.1701 2.05636 -0.318075</i>
                        <i>0.904125 -0.382559 -0.190282 0.324964 0.904834 -0.275087 0.277411 0.186878 0.942401 0.170732 2.0591 -0.30784</i>
                        <i>0.905486 -0.378077 -0.192752 0.322735 0.908421 -0.265732 0.275568 0.178409 0.944581 0.168524 2.06155 -0.299107</i>
                        <i>0.907838 -0.371031 -0.195362 0.317894 0.912809 -0.256364 0.273447 0.170633 0.946631 0.163796 2.0641 -0.290327</i>
                        <i>0.910983 -0.361808 -0.198004 0.310765 0.917768 -0.247238 0.271175 0.163697 0.948508 0.156875 2.06662 -0.281745</i>
                        <i>0.914718 -0.350799 -0.200578 0.301678 0.923068 -0.238613 0.268852 0.157753 0.950175 0.148094 2.06899 -0.273613</i>
                        <i>0.91885 -0.338397 -0.202983 0.290972 0.928488 -0.230748 0.266552 0.152961 0.951605 0.137794 2.07111 -0.266182</i>
                        <i>0.923199 -0.325004 -0.205123 0.278995 0.933824 -0.223908 0.26432 0.149483 0.95278 0.126321 2.07288 -0.259704</i>
                        <i>0.927606 -0.311028 -0.206902 0.266106 0.938887 -0.218356 0.262172 0.14749 0.953683 0.114028 2.07421 -0.254435</i>
