<?xml version="1.0" encoding="ISO-8859-1" ?>
<Animl Version="1">
    <ModellingPackage><![CDATA[Maya.2010]]></ModellingPackage>
    <SrcFile><![CDATA[anims\characters\shared\commando\~src\commando_fall_aim_down.mb]]></SrcFile>
    <FramesPerSecond>30</FramesPerSecond>
    <TotalFrames>25</TotalFrames>
    <Skeleton>
        <RefFrame>
            <Name><![CDATA[commando_ref_frame]]></Name>
            <Exclude>1</Exclude>
            <Additive>0</Additive>
            <IKPriority>0</IKPriority>
            <IKRotLimits>-1e+010 -1e+010 -1e+010 1e+010 1e+010 1e+010</IKRotLimits>
            <IKRotLimitOrder>0</IKRotLimitOrder>
            <KeyFrames count="25">
                <i>1 0 0 0 1 0 0 0 1 0.07393 0 -0.07737</i>
                <i>1 0 0 0 1 0 0 0 1 0.07393 0 0.09763</i>
                <i>1 0 0 0 1 0 0 0 1 0.07393 0 0.27263</i>
                <i>1 0 0 0 1 0 0 0 1 0.07393 0 0.44763</i>
                <i>1 0 0 0 1 0 0 0 1 0.07393 0 0.62263</i>
                <i>1 0 0 0 1 0 0 0 1 0.07393 0 0.79763</i>
                <i>1 0 0 0 1 0 0 0 1 0.07393 0 0.97263</i>
                <i>1 0 0 0 1 0 0 0 1 0.07393 0 1.14763</i>
                <i>1 0 0 0 1 0 0 0 1 0.07393 0 1.32263</i>
                <i>1 0 0 0 1 0 0 0 1 0.07393 0 1.49763</i>
                <i>1 0 0 0 1 0 0 0 1 0.07393 0 1.67263</i>
                <i>1 0 0 0 1 0 0 0 1 0.07393 0 1.84763</i>
                <i>1 0 0 0 1 0 0 0 1 0.07393 0 2.02263</i>
                <i>1 0 0 0 1 0 0 0 1 0.07393 0 2.19763</i>
                <i>1 0 0 0 1 0 0 0 1 0.07393 0 2.37263</i>
                <i>1 0 0 0 1 0 0 0 1 0.07393 0 2.54763</i>
                <i>1 0 0 0 1 0 0 0 1 0.07393 0 2.72263</i>
                <i>1 0 0 0 1 0 0 0 1 0.07393 0 2.89763</i>
                <i>1 0 0 0 1 0 0 0 1 0.07393 0 3.07263</i>
                <i>1 0 0 0 1 0 0 0 1 0.07393 0 3.24763</i>
                <i>1 0 0 0 1 0 0 0 1 0.07393 0 3.42263</i>
                <i>1 0 0 0 1 0 0 0 1 0.07393 0 3.59763</i>
                <i>1 0 0 0 1 0 0 0 1 0.07393 0 3.77263</i>
                <i>1 0 0 0 1 0 0 0 1 0.07393 0 3.94763</i>
                <i>1 0 0 0 1 0 0 0 1 0.07393 0 4.12263</i>
            </KeyFrames>
        </RefFrame>
        <Bones count="28">
            <i>
                <p>
                    <Name><![CDATA[pelvis]]></Name>
                    <Exclude>1</Exclude>
                    <Additive>0</Additive>
                    <IKPriority>0</IKPriority>
                    <IKRotLimits>-1e+010 -1e+010 -1e+010 1e+010 1e+010 1e+010</IKRotLimits>
                    <IKRotLimitOrder>2</IKRotLimitOrder>
                    <KeyFrames count="25">
                        <i>1 0 0 0 1 0 0 0 1 0.052049 1.12747 -0.0740579</i>
                        <i>1 0 0 0 1 0 0 0 1 0.0586907 1.1272 -0.0699269</i>
                        <i>1 0 0 0 1 0 0 0 1 0.0653323 1.12694 -0.0657959</i>
                        <i>1 0 0 0 1 0 0 0 1 0.0679477 1.12682 -0.0638571</i>
                        <i>1 0 0 0 1 0 0 0 1 0.0658321 1.12689 -0.0646239</i>
                        <i>1 0 0 0 1 0 0 0 1 0.0616158 1.12704 -0.0666641</i>
                        <i>1 0 0 0 1 0 0 0 1 0.0562757 1.12724 -0.0692513</i>
                        <i>1 0 0 0 1 0 0 0 1 0.0507885 1.12743 -0.0716594</i>
                        <i>1 0 0 0 1 0 0 0 1 0.0461312 1.12757 -0.0731622</i>
                        <i>1 0 0 0 1 0 0 0 1 0.0424963 1.12762 -0.0729913</i>
                        <i>1 0 0 0 1 0 0 0 1 0.0392353 1.12762 -0.0717292</i>
                        <i>1 0 0 0 1 0 0 0 1 0.0360635 1.12765 -0.0706752</i>
                        <i>1 0 0 0 1 0 0 0 1 0.0326959 1.1278 -0.0711287</i>
                        <i>1 0 0 0 1 0 0 0 1 0.0279752 1.12828 -0.0753377</i>
                        <i>1 0 0 0 1 0 0 0 1 0.0230752 1.12891 -0.0814568</i>
                        <i>1 0 0 0 1 0 0 0 1 0.021208 1.12923 -0.0846449</i>
                        <i>1 0 0 0 1 0 0 0 1 0.0229139 1.12909 -0.0835878</i>
                        <i>1 0 0 0 1 0 0 0 1 0.0261519 1.12877 -0.080837</i>
                        <i>1 0 0 0 1 0 0 0 1 0.0302615 1.12837 -0.0773504</i>
                        <i>1 0 0 0 1 0 0 0 1 0.0345823 1.12798 -0.0740855</i>
                        <i>1 0 0 0 1 0 0 0 1 0.0384539 1.1277 -0.0720002</i>
                        <i>1 0 0 0 1 0 0 0 1 0.0419326 1.12756 -0.0715733</i>
                        <i>1 0 0 0 1 0 0 0 1 0.0454367 1.12751 -0.0722096</i>
                        <i>1 0 0 0 1 0 0 0 1 0.0488481 1.1275 -0.0732556</i>
                        <i>1 0 0 0 1 0 0 0 1 0.052049 1.12747 -0.0740579</i>
                    </KeyFrames>
                </p>
            </i>
            <i>
                <p>
                    <Name><![CDATA[spine0]]></Name>
                    <Exclude>0</Exclude>
                    <Additive>0</Additive>
                    <IKPriority>0</IKPriority>
                    <IKRotLimits>-1e+010 -1e+010 -1e+010 1e+010 1e+010 1e+010</IKRotLimits>
                    <IKRotLimitOrder>0</IKRotLimitOrder>
                    <KeyFrames count="25">
                        <i>-0.0592235 0.747908 0.661156 -0.968334 0.117874 -0.220079 -0.242532 -0.653253 0.717243 0.0562914 1.26681 -0.109595</i>
                        <i>-0.07171 0.748421 0.659335 -0.970556 0.100043 -0.219119 -0.229955 -0.655635 0.719211 0.0628138 1.26656 -0.105423</i>
                        <i>-0.0836408 0.748787 0.657512 -0.973382 0.0798979 -0.214811 -0.213382 -0.657977 0.722173 0.0692116 1.26633 -0.101169</i>
                        <i>-0.0882069 0.74877 0.656935 -0.97535 0.0689949 -0.2096 -0.202267 -0.65923 0.724226 0.0716283 1.26627 -0.0990279</i>
                        <i>-0.0834459 0.748311 0.658079 -0.976451 0.0704406 -0.203915 -0.198948 -0.659597 0.724811 0.0694006 1.26642 -0.0994848</i>
                        <i>-0.0737677 0.747529 0.66012 -0.977292 0.0776605 -0.197155 -0.198644 -0.659673 0.724825 0.0650922 1.26667 -0.101128</i>
                        <i>-0.0618741 0.746533 0.662465 -0.977791 0.0878237 -0.190294 -0.200241 -0.659526 0.724519 0.0596815 1.26696 -0.103316</i>
                        <i>-0.0504381 0.745496 0.664599 -0.977944 0.0981823 -0.184352 -0.202686 -0.659239 0.724101 0.0541435 1.26723 -0.105408</i>
                        <i>-0.0420895 0.744669 0.666105 -0.977855 0.106095 -0.180397 -0.205006 -0.658947 0.723713 0.0494502 1.26741 -0.106766</i>
                        <i>-0.0372055 0.745452 0.66552 -0.977445 0.111398 -0.179421 -0.207888 -0.657184 0.724494 0.0457977 1.26743 -0.106745</i>
                        <i>-0.0336717 0.747866 0.662995 -0.976601 0.116365 -0.180859 -0.212408 -0.653572 0.726448 0.0425419 1.26733 -0.105873</i>
                        <i>-0.030373 0.750126 0.660597 -0.975424 0.122054 -0.183444 -0.218235 -0.649934 0.727983 0.0393948 1.26725 -0.105272</i>
                        <i>-0.0262033 0.750433 0.660427 -0.973992 0.129572 -0.185876 -0.22506 -0.648121 0.727521 0.0360651 1.26731 -0.106066</i>
                        <i>-0.0184386 0.748951 0.662369 -0.971818 0.142292 -0.187945 -0.235012 -0.647167 0.72522 0.0314146 1.26776 -0.110406</i>
                        <i>-0.00968669 0.747578 0.664103 -0.969099 0.156687 -0.190517 -0.246482 -0.645427 0.722959 0.0266087 1.26838 -0.11656</i>
                        <i>-0.00663914 0.747215 0.664549 -0.967226 0.163893 -0.193943 -0.253832 -0.644056 0.721637 0.0248095 1.26867 -0.119825</i>
                        <i>-0.011072 0.748061 0.663538 -0.966634 0.161829 -0.198572 -0.255924 -0.643597 0.721309 0.026538 1.26849 -0.118948</i>
                        <i>-0.0190863 0.749463 0.661771 -0.966538 0.155521 -0.204006 -0.255814 -0.64352 0.721416 0.0297793 1.26812 -0.11642</i>
                        <i>-0.0286907 0.75111 0.659553 -0.966678 0.147067 -0.209533 -0.254381 -0.643587 0.721863 0.0338918 1.26766 -0.113156</i>
                        <i>-0.0378445 0.752723 0.657249 -0.966844 0.138644 -0.214455 -0.252549 -0.643573 0.722519 0.0382322 1.26722 -0.11007</i>
                        <i>-0.0444547 0.754066 0.655293 -0.96689 0.132521 -0.218089 -0.251293 -0.643291 0.723207 0.0421563 1.26692 -0.108078</i>
                        <i>-0.0489468 0.754038 0.655004 -0.966972 0.128461 -0.220143 -0.250139 -0.644146 0.722846 0.0457362 1.2668 -0.107576</i>
                        <i>-0.0530261 0.75234 0.656637 -0.967277 0.124687 -0.220971 -0.248119 -0.646867 0.72111 0.0493794 1.26679 -0.108006</i>
                        <i>-0.0565083 0.749965 0.659059 -0.967749 0.121171 -0.22086 -0.245496 -0.650284 0.718931 0.0529449 1.26683 -0.10885</i>
                        <i>-0.0592235 0.747908 0.661156 -0.968334 0.117874 -0.220079 -0.242532 -0.653253 0.717243 0.0562914 1.26681 -0.109595</i>
                    </KeyFrames>
                </p>
            </i>
            <i>
                <p>
                    <Name><![CDATA[spine1]]></Name>
                    <Exclude>0</Exclude>
                    <Additive>0</Additive>
                    <IKPriority>0</IKPriority>
                    <IKRotLimits>-1e+010 -1e+010 -1e+010 1e+010 1e+010 1e+010</IKRotLimits>
                    <IKRotLimitOrder>0</IKRotLimitOrder>
                    <KeyFrames count="25">
                        <i>-0.0142786 0.304329 0.95246 -0.941862 0.315708 -0.114995 -0.335695 -0.898728 0.282129 0.0445679 1.41547 0.0216126</i>
                        <i>-0.0284221 0.304296 0.952153 -0.946156 0.299091 -0.123829 -0.322461 -0.904405 0.279411 0.0486612 1.41476 0.0249273</i>
                        <i>-0.0424689 0.304313 0.951625 -0.95046 0.281261 -0.132359 -0.307933 -0.910102 0.277292 0.0527595 1.41402 0.0283125</i>
                        <i>-0.0487357 0.304627 0.951224 -0.953023 0.270864 -0.135571 -0.298951 -0.913146 0.277116 0.0543152 1.4136 0.0300347</i>
                        <i>-0.0452776 0.305356 0.951161 -0.952739 0.273114 -0.133032 -0.300398 -0.912231 0.278559 0.053034 1.41356 0.0297154</i>
                        <i>-0.0369862 0.306268 0.951227 -0.950172 0.284053 -0.128402 -0.309525 -0.908578 0.280501 0.0506272 1.41366 0.028474</i>
                        <i>-0.0262931 0.307123 0.951306 -0.946322 0.299033 -0.122696 -0.322155 -0.903468 0.282775 0.0475473 1.41384 0.0268186</i>
                        <i>-0.015623 0.307698 0.951356 -0.942352 0.313546 -0.116886 -0.334259 -0.898338 0.285061 0.0442493 1.41404 0.025263</i>
                        <i>-0.00737712 0.307791 0.951425 -0.939649 0.32333 -0.111885 -0.342062 -0.894831 0.28683 0.0411915 1.4142 0.0243274</i>
                        <i>-0.00176602 0.308182 0.951326 -0.938511 0.327931 -0.107975 -0.345246 -0.89302 0.288653 0.0385023 1.41435 0.0242176</i>
                        <i>0.00312184 0.309168 0.951002 -0.937743 0.331208 -0.104596 -0.347317 -0.891469 0.290954 0.0359503 1.41456 0.0244474</i>
                        <i>0.00805382 0.309835 0.950756 -0.936585 0.335454 -0.101385 -0.350347 -0.889648 0.292889 0.0334563 1.41484 0.0245021</i>
                        <i>0.0137696 0.309257 0.950879 -0.934246 0.3429 -0.0979935 -0.356362 -0.887006 0.293643 0.0309402 1.41518 0.0238696</i>
                        <i>0.0236323 0.308472 0.95094 -0.93109 0.35315 -0.0914183 -0.364024 -0.88325 0.295561 0.0278039 1.41606 0.0205421</i>
                        <i>0.0348722 0.308547 0.95057 -0.928484 0.361885 -0.0834027 -0.369731 -0.879681 0.2991 0.0247219 1.4173 0.0155129</i>
                        <i>0.0393019 0.308667 0.950358 -0.927154 0.36593 -0.0805084 -0.372615 -0.877963 0.300564 0.0235273 1.41801 0.0127674</i>
                        <i>0.035661 0.308358 0.950602 -0.928039 0.363124 -0.0829762 -0.370773 -0.879236 0.299117 0.0243713 1.41797 0.0134147</i>
                        <i>0.029037 0.307807 0.951006 -0.930839 0.355045 -0.0864943 -0.364273 -0.882722 0.296829 0.0260176 1.41765 0.0153948</i>
                        <i>0.0209641 0.307258 0.951395 -0.934417 0.344451 -0.090652 -0.355562 -0.8871 0.294328 0.0282266 1.41719 0.0179364</i>
                        <i>0.0130041 0.306962 0.951633 -0.937704 0.3342 -0.0949869 -0.347193 -0.891114 0.292185 0.0307618 1.41674 0.0202727</i>
                        <i>0.00675834 0.307187 0.951625 -0.939726 0.327291 -0.0989765 -0.341863 -0.893598 0.290883 0.0333889 1.41643 0.0216427</i>
                        <i>0.00168627 0.307221 0.951637 -0.940767 0.323141 -0.102654 -0.339051 -0.895095 0.289568 0.0360842 1.41622 0.0220112</i>
                        <i>-0.00366838 0.306461 0.951876 -0.941593 0.319473 -0.106485 -0.336732 -0.896671 0.287389 0.0389127 1.41597 0.0219888</i>
                        <i>-0.00906489 0.30535 0.952197 -0.94202 0.316819 -0.110565 -0.335435 -0.897991 0.284773 0.0417743 1.41572 0.0217854</i>
                        <i>-0.0142786 0.304329 0.95246 -0.941862 0.315708 -0.114995 -0.335695 -0.898728 0.282129 0.0445679 1.41547 0.0216126</i>
                    </KeyFrames>
                </p>
            </i>
            <i>
                <p>
                    <Name><![CDATA[spine2]]></Name>
                    <Exclude>0</Exclude>
                    <Additive>0</Additive>
                    <IKPriority>0</IKPriority>
                    <IKRotLimits>-1e+010 -1e+010 -1e+010 1e+010 1e+010 1e+010</IKRotLimits>
                    <IKRotLimitOrder>0</IKRotLimitOrder>
                    <KeyFrames count="25">
                        <i>0.00307452 0.336512 0.941674 -0.96659 0.242362 -0.0834534 -0.256309 -0.909956 0.326015 0.041728 1.47057 0.195588</i>
                        <i>-0.0044172 0.338126 0.941091 -0.966736 0.239234 -0.0904923 -0.255739 -0.910186 0.325821 0.0432617 1.46964 0.198175</i>
                        <i>-0.0123837 0.339871 0.940391 -0.966256 0.237918 -0.0987112 -0.257285 -0.909881 0.325456 0.044836 1.46869 0.200774</i>
                        <i>-0.0166099 0.34162 0.939691 -0.965981 0.237098 -0.10327 -0.258078 -0.90944 0.32606 0.0452776 1.4682 0.202009</i>
                        <i>-0.0168391 0.343701 0.938928 -0.965055 0.240017 -0.105168 -0.261505 -0.907888 0.327649 0.0446236 1.46826 0.201563</i>
                        <i>-0.0158321 0.346199 0.938028 -0.962586 0.248536 -0.107974 -0.270514 -0.904642 0.329311 0.0437048 1.46853 0.200337</i>
                        <i>-0.0138764 0.348635 0.937156 -0.959431 0.259313 -0.110674 -0.281602 -0.900672 0.330893 0.0425418 1.4689 0.198795</i>
                        <i>-0.0112951 0.350536 0.936481 -0.956573 0.269021 -0.112235 -0.291275 -0.89708 0.332274 0.041159 1.46925 0.197408</i>
                        <i>-0.00844463 0.35143 0.936176 -0.955128 0.274362 -0.111608 -0.296074 -0.89511 0.333344 0.0395856 1.46949 0.196656</i>
                        <i>-0.00532653 0.351378 0.936218 -0.955516 0.274301 -0.108386 -0.294891 -0.895149 0.334287 0.0379135 1.46971 0.19651</i>
                        <i>-0.00180426 0.350772 0.936459 -0.956758 0.271792 -0.103649 -0.290879 -0.896152 0.335114 0.0362508 1.47004 0.196488</i>
                        <i>0.00195182 0.349644 0.936881 -0.957933 0.269526 -0.0985915 -0.286986 -0.897276 0.335461 0.0346524 1.4704 0.1964</i>
                        <i>0.00575033 0.34803 0.937466 -0.958166 0.270187 -0.0944286 -0.286155 -0.897705 0.335024 0.0331728 1.47073 0.196052</i>
                        <i>0.0124086 0.345927 0.938179 -0.958829 0.270332 -0.0869955 -0.283714 -0.898474 0.335039 0.0318415 1.47172 0.193583</i>
                        <i>0.0206246 0.343703 0.938852 -0.960555 0.267289 -0.0767503 -0.277324 -0.900236 0.335659 0.0308445 1.4733 0.189535</i>
                        <i>0.0240744 0.341989 0.939396 -0.961574 0.264983 -0.0718247 -0.273487 -0.90157 0.335227 0.030486 1.47421 0.187328</i>
                        <i>0.0230916 0.340313 0.940029 -0.96246 0.261925 -0.0711805 -0.270441 -0.903096 0.333586 0.0306638 1.4741 0.187982</i>
                        <i>0.0221176 0.338111 0.940846 -0.964358 0.255415 -0.069118 -0.263676 -0.905784 0.331709 0.0310943 1.47359 0.189772</i>
                        <i>0.0210098 0.335883 0.941669 -0.966554 0.247623 -0.0667594 -0.255602 -0.908771 0.329852 0.0318252 1.47292 0.192004</i>
                        <i>0.0195994 0.334141 0.942319 -0.968402 0.240716 -0.0652146 -0.248622 -0.911266 0.328301 0.0329083 1.47228 0.193987</i>
                        <i>0.0176943 0.333403 0.942618 -0.969327 0.236863 -0.0655828 -0.245137 -0.912545 0.327368 0.0343989 1.47191 0.195038</i>
                        <i>0.0152109 0.333626 0.942583 -0.969394 0.235944 -0.0678682 -0.245039 -0.912702 0.327004 0.0361714 1.47167 0.195304</i>
                        <i>0.0120712 0.334316 0.942384 -0.969006 0.23647 -0.0714768 -0.246741 -0.912313 0.326809 0.038023 1.47133 0.195436</i>
                        <i>0.0080883 0.335327 0.942067 -0.9681 0.238567 -0.0766056 -0.250434 -0.911395 0.326559 0.0398951 1.47094 0.195507</i>
                        <i>0.00307452 0.336512 0.941674 -0.96659 0.242362 -0.0834534 -0.256309 -0.909956 0.326015 0.041728 1.47057 0.195588</i>
                    </KeyFrames>
                </p>
            </i>
            <i>
                <p>
                    <Name><![CDATA[head]]></Name>
                    <Exclude>0</Exclude>
                    <Additive>0</Additive>
                    <IKPriority>0</IKPriority>
                    <IKRotLimits>-1e+010 -1e+010 -1e+010 1e+010 1e+010 1e+010</IKRotLimits>
                    <IKRotLimitOrder>0</IKRotLimitOrder>
                    <KeyFrames count="25">
                        <i>0.0613159 0.702105 0.709429 -0.0604574 0.712074 -0.699497 -0.996286 4.34523e-008 0.0861089 0.0381213 1.57528 0.436777</i>
                        <i>0.0613278 0.701586 0.709941 -0.0603811 0.712585 -0.698983 -0.99629 -2.90644e-008 0.0860638 0.0382892 1.57465 0.438617</i>
                        <i>0.0614186 0.701065 0.710447 -0.0603823 0.713097 -0.69846 -0.996284 2.79562e-008 0.0861293 0.0383327 1.57406 0.440432</i>
                        <i>0.0618683 0.700821 0.710649 -0.0607827 0.713338 -0.69818 -0.996232 2.13144e-008 0.0867308 0.0378696 1.57402 0.441113</i>
                        <i>0.062641 0.700926 0.710478 -0.06156 0.713234 -0.698218 -0.996136 -1.25895e-008 0.0878267 0.0368564 1.57472 0.440306</i>
                        <i>0.0634947 0.7012 0.710132 -0.0624468 0.712965 -0.698413 -0.996026 -3.29572e-008 0.0890572 0.0355918 1.57583 0.438737</i>
                        <i>0.0644071 0.701535 0.709719 -0.0634039 0.712635 -0.698664 -0.995907 9.69094e-009 0.0903788 0.0342002 1.57706 0.436916</i>
                        <i>0.0653648 0.701825 0.709344 -0.0643991 0.71235 -0.698864 -0.995781 2.6889e-008 0.0917595 0.0327986 1.57812 0.435359</i>
                        <i>0.0663622 0.701964 0.709114 -0.0654072 0.712213 -0.69891 -0.99565 -1.82813e-008 0.0931775 0.0314985 1.57873 0.434585</i>
                        <i>0.06731 0.702001 0.708988 -0.0663484 0.712176 -0.698859 -0.995524 3.3781e-009 0.0945132 0.030406 1.57887 0.43446</i>
                        <i>0.0681284 0.702054 0.708858 -0.0671649 0.712124 -0.698833 -0.995413 -1.96753e-008 0.0956692 0.0295135 1.57881 0.434459</i>
                        <i>0.0688303 0.702111 0.708733 -0.0678678 0.712068 -0.698823 -0.995317 1.26641e-008 0.0966625 0.0287598 1.57865 0.434513</i>
                        <i>0.069432 0.702163 0.708623 -0.0684713 0.712016 -0.698817 -0.995234 2.19954e-008 0.0975147 0.0280791 1.57852 0.434556</i>
                        <i>0.0692268 0.702559 0.70825 -0.0683448 0.711625 -0.699227 -0.995257 4.2606e-008 0.0972799 0.0281799 1.57914 0.432986</i>
                        <i>0.0682918 0.70325 0.707655 -0.0675528 0.710943 -0.699998 -0.995376 -2.27525e-008 0.0960581 0.0290396 1.58035 0.430072</i>
                        <i>0.0678131 0.703635 0.707319 -0.067152 0.710562 -0.700423 -0.995436 -1.2279e-008 0.0954359 0.0294853 1.58087 0.428565</i>
                        <i>0.0678057 0.703526 0.707428 -0.0671241 0.71067 -0.700316 -0.995438 -1.70766e-008 0.095411 0.0296271 1.58018 0.42944</i>
                        <i>0.0675098 0.703217 0.707763 -0.0667732 0.710975 -0.70004 -0.995482 -1.32149e-008 0.0949539 0.030276 1.57885 0.431369</i>
                        <i>0.0669412 0.702834 0.708197 -0.0661394 0.711354 -0.699715 -0.995562 3.4424e-008 0.0941039 0.0312997 1.57729 0.433661</i>
                        <i>0.0661208 0.7025 0.708605 -0.0652676 0.711684 -0.699462 -0.995675 -2.9288e-009 0.0929076 0.0325611 1.57593 0.435628</i>
                        <i>0.0650769 0.702342 0.708859 -0.0642086 0.71184 -0.699401 -0.995812 -1.06484e-008 0.0914207 0.0339198 1.57518 0.436588</i>
                        <i>0.063918 0.702298 0.709007 -0.0630574 0.711883 -0.699462 -0.995961 7.55115e-009 0.0897872 0.0352782 1.57499 0.436758</i>
                        <i>0.0628177 0.702235 0.709168 -0.061961 0.711945 -0.699497 -0.9961 1.9578e-008 0.0882339 0.0365321 1.57499 0.436829</i>
                        <i>0.0619067 0.702166 0.709317 -0.0610505 0.712013 -0.699507 -0.996213 -1.61425e-008 0.086946 0.0375304 1.57511 0.436827</i>
                        <i>0.0613159 0.702105 0.709429 -0.0604574 0.712074 -0.699497 -0.996286 4.34523e-008 0.0861089 0.0381213 1.57528 0.436777</i>
                    </KeyFrames>
                </p>
            </i>
            <i>
                <p>
                    <Name><![CDATA[head_prop]]></Name>
                    <Exclude>0</Exclude>
                    <Additive>0</Additive>
                    <IKPriority>0</IKPriority>
                    <IKRotLimits>-1e+010 -1e+010 -1e+010 1e+010 1e+010 1e+010</IKRotLimits>
                    <IKRotLimitOrder>0</IKRotLimitOrder>
                    <KeyFrames count="25">
                        <i>0.996286 -4.34523e-008 -0.0861089 0.0613159 0.702105 0.709429 0.0604574 -0.712074 0.699497 0.0301929 1.46897 0.647</i>
                        <i>0.99629 2.90644e-008 -0.0860638 0.0613278 0.701586 0.709941 0.0603811 -0.712585 0.698983 0.0303447 1.46819 0.648762</i>
                        <i>0.996284 -2.79562e-008 -0.0861293 0.0614186 0.701065 0.710447 0.0603823 -0.713097 0.69846 0.0303953 1.46745 0.6505</i>
                        <i>0.996232 -2.13144e-008 -0.0867308 0.0618683 0.700821 0.710649 0.0607827 -0.713338 0.69818 0.0300558 1.46733 0.651149</i>
                        <i>0.996136 1.25895e-008 -0.0878267 0.062641 0.700926 0.710478 0.06156 -0.713234 0.698218 0.029275 1.46806 0.650367</i>
                        <i>0.996026 3.29572e-008 -0.0890572 0.0634947 0.7012 0.710132 0.0624468 -0.712965 0.698413 0.0282736 1.46926 0.648848</i>
                        <i>0.995907 -9.69094e-009 -0.0903788 0.0644071 0.701535 0.709719 0.0634039 -0.712635 0.698664 0.0271653 1.47059 0.647086</i>
                        <i>0.995781 -2.6889e-008 -0.0917595 0.0653648 0.701825 0.709344 0.0643991 -0.71235 0.698864 0.0260591 1.47173 0.645582</i>
                        <i>0.99565 1.82813e-008 -0.0931775 0.0663622 0.701964 0.709114 0.0654072 -0.712213 0.69891 0.0250604 1.47238 0.644838</i>
                        <i>0.995524 -3.3781e-009 -0.0945132 0.06731 0.702001 0.708988 0.0663484 -0.712176 0.698859 0.0242504 1.47253 0.644727</i>
                        <i>0.995413 1.96753e-008 -0.0956692 0.0681284 0.702054 0.708858 0.0671649 -0.712124 0.698833 0.0236029 1.47248 0.64474</i>
                        <i>0.995317 -1.26641e-008 -0.0966625 0.0688303 0.702111 0.708733 0.0678678 -0.712068 0.698823 0.0230599 1.47235 0.644809</i>
                        <i>0.995234 -2.19954e-008 -0.0975147 0.069432 0.702163 0.708623 0.0684713 -0.712016 0.698817 0.02256 1.47223 0.644865</i>
                        <i>0.995257 -4.2606e-008 -0.0972799 0.0692268 0.702559 0.70825 0.0683448 -0.711625 0.699227 0.0226169 1.47297 0.643352</i>
                        <i>0.995376 2.27525e-008 -0.0960581 0.0682918 0.70325 0.707655 0.0675528 -0.710943 0.699998 0.0232283 1.47437 0.640533</i>
                        <i>0.995436 1.2279e-008 -0.0954359 0.0678131 0.703635 0.707319 0.067152 -0.710562 0.700423 0.0235479 1.47501 0.63908</i>
                        <i>0.995438 1.70766e-008 -0.095411 0.0678057 0.703526 0.707428 0.0671241 -0.71067 0.700316 0.0236829 1.47428 0.639939</i>
                        <i>0.995482 1.32149e-008 -0.0949539 0.0675098 0.703217 0.707763 0.0667732 -0.710975 0.70004 0.0242308 1.47286 0.641819</i>
                        <i>0.995562 -3.4424e-008 -0.0941039 0.0669412 0.702834 0.708197 0.0661394 -0.711354 0.699715 0.0250694 1.4712 0.644049</i>
                        <i>0.995675 2.9288e-009 -0.0929076 0.0661208 0.7025 0.708605 0.0652676 -0.711684 0.699462 0.0260734 1.46974 0.645959</i>
                        <i>0.995812 1.06484e-008 -0.0914207 0.0650769 0.702342 0.708859 0.0642086 -0.71184 0.699401 0.0271158 1.46894 0.646886</i>
                        <i>0.995961 -7.55115e-009 -0.0897872 0.063918 0.702298 0.709007 0.0630574 -0.711883 0.699462 0.0281287 1.46874 0.647038</i>
                        <i>0.9961 -1.9578e-008 -0.0882339 0.0628177 0.702235 0.709168 0.061961 -0.711945 0.699497 0.0290539 1.46872 0.647088</i>
                        <i>0.996213 1.61425e-008 -0.086946 0.0619067 0.702166 0.709317 0.0610505 -0.712013 0.699507 0.0297794 1.46882 0.647065</i>
                        <i>0.996286 -4.34523e-008 -0.0861089 0.0613159 0.702105 0.709429 0.0604574 -0.712074 0.699497 0.0301929 1.46897 0.647</i>
                    </KeyFrames>
                </p>
            </i>
            <i>
                <p>
                    <Name><![CDATA[ponytail_1]]></Name>
                    <Exclude>1</Exclude>
                    <Additive>0</Additive>
                    <IKPriority>0</IKPriority>
                    <IKRotLimits>-1e+010 -1e+010 -1e+010 1e+010 1e+010 1e+010</IKRotLimits>
                    <IKRotLimitOrder>0</IKRotLimitOrder>
                    <KeyFrames count="25">
                        <i>0.94648 -0.181693 -0.266764 0.130497 -0.540518 0.83115 -0.295205 -0.821479 -0.487879 0.0317079 1.7843 0.467499</i>
                        <i>0.950485 -0.172818 -0.258288 0.166226 -0.419518 0.892398 -0.262579 -0.891145 -0.370018 0.0318875 1.78365 0.469491</i>
                        <i>0.960708 -0.148398 -0.234561 0.167784 -0.362707 0.916675 -0.221109 -0.920012 -0.323556 0.0319462 1.78304 0.471458</i>
                        <i>0.973758 -0.111315 -0.198506 0.109108 -0.53712 0.83642 -0.199728 -0.836129 -0.510879 0.031508 1.78298 0.472214</i>
                        <i>0.986153 -0.0644651 -0.152798 0.060266 -0.719064 0.692326 -0.154502 -0.691947 -0.705222 0.0305263 1.78369 0.471383</i>
                        <i>0.994915 -0.0109401 -0.100126 0.0559572 -0.766518 0.63978 -0.0837476 -0.642129 -0.762008 0.029293 1.78481 0.469742</i>
                        <i>0.997988 0.0458761 -0.0437741 0.0631214 -0.784503 0.616904 -0.00603981 -0.618426 -0.78582 0.0279336 1.78606 0.467832</i>
                        <i>0.994657 0.102439 0.0127595 0.0774383 -0.822156 0.563971 0.0682628 -0.55997 -0.825696 0.0265671 1.78713 0.466199</i>
                        <i>0.985675 0.155232 0.0659425 0.096434 -0.839489 0.534751 0.138368 -0.520732 -0.842433 0.0253072 1.78774 0.465393</i>
                        <i>0.973115 0.201003 0.112447 0.101844 -0.813431 0.572676 0.206578 -0.545828 -0.812033 0.0242549 1.78789 0.465265</i>
                        <i>0.960026 0.236883 0.14912 0.0863196 -0.757321 0.647313 0.266269 -0.608565 -0.747495 0.0233968 1.78783 0.465256</i>
                        <i>0.949917 0.260276 0.172955 0.0450095 -0.661636 0.748473 0.309243 -0.703203 -0.640214 0.0226722 1.78767 0.465299</i>
                        <i>0.946065 0.26867 0.181048 -0.00481119 -0.547114 0.837044 0.323942 -0.792769 -0.516313 0.0220163 1.78754 0.465333</i>
                        <i>0.950009 0.260442 0.172203 -0.0427387 -0.43787 0.898022 0.309285 -0.860488 -0.40485 0.0220986 1.78818 0.463645</i>
                        <i>0.960046 0.237287 0.148348 -0.0517584 -0.370403 0.927428 0.275015 -0.898052 -0.343323 0.0229011 1.78941 0.460521</i>
                        <i>0.973175 0.201471 0.111085 -0.019636 -0.408343 0.912618 0.229226 -0.890318 -0.393433 0.023317 1.78995 0.458898</i>
                        <i>0.985788 0.155577 0.0633913 0.024967 -0.508822 0.86051 0.166131 -0.846697 -0.505474 0.0234611 1.78926 0.459805</i>
                        <i>0.994674 0.102642 0.0093685 0.0609251 -0.658846 0.749807 0.083134 -0.745242 -0.661591 0.0241047 1.78791 0.461821</i>
                        <i>0.997809 0.0459609 -0.0475908 0.0655634 -0.783371 0.618087 -0.00887328 -0.619853 -0.784668 0.0251129 1.78634 0.46422</i>
                        <i>0.994522 -0.0109604 -0.103952 0.048531 -0.832386 0.552068 -0.0925791 -0.554088 -0.827294 0.0263468 1.78497 0.466278</i>
                        <i>0.985606 -0.0645953 -0.156228 0.030129 -0.842211 0.538305 -0.166349 -0.535264 -0.828143 0.0276639 1.78421 0.467275</i>
                        <i>0.973165 -0.11155 -0.201263 0.0256633 -0.816571 0.576674 -0.228674 -0.566364 -0.791795 0.0289732 1.78402 0.467447</i>
                        <i>0.960232 -0.148645 -0.236347 0.0424431 -0.758951 0.649763 -0.27596 -0.633954 -0.72246 0.0301809 1.78402 0.467526</i>
                        <i>0.950268 -0.172961 -0.258989 0.0817587 -0.663888 0.743349 -0.30051 -0.727556 -0.61673 0.0311412 1.78413 0.467536</i>
                        <i>0.94648 -0.181693 -0.266764 0.130497 -0.540518 0.83115 -0.295205 -0.821479 -0.487879 0.0317079 1.7843 0.467499</i>
                    </KeyFrames>
                </p>
            </i>
            <i>
                <p>
                    <Name><![CDATA[ponytail_2]]></Name>
                    <Exclude>1</Exclude>
                    <Additive>0</Additive>
                    <IKPriority>0</IKPriority>
                    <IKRotLimits>-1e+010 -1e+010 -1e+010 1e+010 1e+010 1e+010</IKRotLimits>
                    <IKRotLimitOrder>0</IKRotLimitOrder>
                    <KeyFrames count="25">
                        <i>0.94648 -0.181693 -0.266764 0.00998555 -0.809624 0.586864 -0.322607 -0.558119 -0.764479 0.0138884 1.83686 0.368477</i>
                        <i>0.950485 -0.172818 -0.258288 0.0906587 -0.640777 0.762356 -0.297254 -0.748024 -0.593381 0.0103685 1.82181 0.36477</i>
                        <i>0.960708 -0.148398 -0.234561 0.178097 -0.318599 0.931008 -0.21289 -0.936201 -0.279652 0.0106821 1.81447 0.364476</i>
                        <i>0.973758 -0.111315 -0.198506 0.206005 0.0603756 0.976687 -0.0967353 -0.991949 0.0817228 0.0170987 1.83501 0.372357</i>
                        <i>0.986153 -0.0644651 -0.152798 0.165836 0.38992 0.905793 0.00118696 -0.91859 0.395211 0.022108 1.85778 0.385794</i>
                        <i>0.994915 -0.0109401 -0.100126 0.0871511 0.591854 0.80132 0.0504933 -0.805971 0.589798 0.0220973 1.86478 0.389503</i>
                        <i>0.997988 0.0458761 -0.0437741 0.00681277 0.608767 0.79332 0.0630426 -0.792022 0.607229 0.0207358 1.86831 0.389931</i>
                        <i>0.994657 0.102439 0.0127595 -0.0354005 0.222373 0.974319 0.0969706 -0.969565 0.224811 0.0185233 1.87425 0.393867</i>
                        <i>0.985675 0.155232 0.0659425 -0.0193671 -0.284223 0.958563 0.167542 -0.946108 -0.277145 0.0158448 1.87722 0.39619</i>
                        <i>0.973115 0.201003 0.112447 0.00568202 -0.509028 0.860731 0.230248 -0.836952 -0.496485 0.01489 1.87416 0.392091</i>
                        <i>0.960026 0.236883 0.14912 0.0423917 -0.649638 0.759061 0.276683 -0.722396 -0.633712 0.0164072 1.86711 0.384316</i>
                        <i>0.949917 0.260276 0.172955 0.123022 -0.820221 0.558661 0.287267 -0.509405 -0.811162 0.0207988 1.85515 0.374039</i>
                        <i>0.946065 0.26867 0.181048 0.158336 -0.870973 0.465118 0.282651 -0.411366 -0.866537 0.0259273 1.84115 0.365349</i>
                        <i>0.950009 0.260442 0.172203 0.0577916 -0.688686 0.722753 0.306829 -0.67667 -0.669309 0.0301444 1.82874 0.357927</i>
                        <i>0.960046 0.237287 0.148348 -0.0647623 -0.327331 0.942688 0.272246 -0.914631 -0.298885 0.0316103 1.82195 0.352119</i>
                        <i>0.973175 0.201471 0.111085 -0.111069 -0.0114208 0.993747 0.201479 -0.979428 0.0112627 0.0279192 1.82686 0.351649</i>
                        <i>0.985788 0.155577 0.0633913 -0.105299 0.278195 0.954735 0.1309 -0.947841 0.290623 0.0223657 1.83797 0.357281</i>
                        <i>0.994674 0.102642 0.0093685 -0.0632747 0.53636 0.841614 0.08136 -0.837725 0.539998 0.018082 1.85464 0.370188</i>
                        <i>0.997809 0.0459609 -0.0475908 0.00967596 0.610208 0.792182 0.0654497 -0.790907 0.608427 0.0176096 1.86845 0.386197</i>
                        <i>0.994522 -0.0109604 -0.103952 0.10359 0.236278 0.966148 0.0139721 -0.971624 0.236119 0.0198987 1.8733 0.395274</i>
                        <i>0.985606 -0.0645953 -0.156228 0.132733 -0.276639 0.951763 -0.104698 -0.9588 -0.264083 0.0225291 1.87385 0.397818</i>
                        <i>0.973165 -0.11155 -0.201263 0.119317 -0.503254 0.855862 -0.196758 -0.856909 -0.476439 0.0236954 1.87044 0.394031</i>
                        <i>0.960232 -0.148645 -0.236347 0.0862542 -0.647166 0.757454 -0.265548 -0.747717 -0.608608 0.0225148 1.86322 0.38657</i>
                        <i>0.950268 -0.172961 -0.258989 0.00172899 -0.82866 0.559749 -0.311429 -0.532359 -0.787151 0.0187758 1.85162 0.3771</i>
                        <i>0.94648 -0.181693 -0.266764 -0.0351915 -0.879669 0.474283 -0.320838 -0.439511 -0.838983 0.0138884 1.83686 0.368477</i>
                    </KeyFrames>
                </p>
            </i>
            <i>
                <p>
                    <Name><![CDATA[ponytail_3]]></Name>
                    <Exclude>1</Exclude>
                    <Additive>0</Additive>
                    <IKPriority>0</IKPriority>
                    <IKRotLimits>-1e+010 -1e+010 -1e+010 1e+010 1e+010 1e+010</IKRotLimits>
                    <IKRotLimitOrder>0</IKRotLimitOrder>
                    <KeyFrames count="25">
                        <i>0.94648 -0.181693 -0.266764 -0.0734194 -0.926035 0.370229 -0.314301 -0.330829 -0.889813 0.0118285 1.89956 0.318466</i>
                        <i>0.950485 -0.172818 -0.258288 -0.106926 -0.962235 0.250342 -0.291797 -0.210329 -0.933068 0.00194308 1.87024 0.301364</i>
                        <i>0.960708 -0.148398 -0.234561 -0.0607941 -0.937058 0.343841 -0.270822 -0.316071 -0.90926 -0.00442044 1.83635 0.288781</i>
                        <i>0.973758 -0.111315 -0.198506 0.0575584 -0.723413 0.688013 -0.220188 -0.681383 -0.698021 0.000213394 1.82629 0.294413</i>
                        <i>0.986153 -0.0644651 -0.152798 0.1336 -0.237063 0.962264 -0.0982552 -0.969353 -0.225168 0.00882395 1.82295 0.314755</i>
                        <i>0.994915 -0.0109401 -0.100126 0.0971647 0.3661 0.925489 0.026531 -0.930511 0.365301 0.0153109 1.81421 0.327595</i>
                        <i>0.997988 0.0458761 -0.0437741 -0.00895443 0.785382 0.618946 0.0627742 -0.617309 0.784212 0.020436 1.81644 0.328732</i>
                        <i>0.994657 0.102439 0.0127595 -0.101104 0.941746 0.320769 0.0208429 -0.320345 0.947072 0.0217386 1.85264 0.316671</i>
                        <i>0.985675 0.155232 0.0659425 -0.168229 0.932762 0.318834 -0.0120155 -0.32536 0.945514 0.018051 1.8963 0.318296</i>
                        <i>0.973115 0.201003 0.112447 -0.197608 0.477851 0.855926 0.118311 -0.855135 0.504724 0.0153338 1.91168 0.32118</i>
                        <i>0.960026 0.236883 0.14912 -0.0548003 -0.363372 0.930031 0.274495 -0.901026 -0.335865 0.0140907 1.91634 0.321016</i>
                        <i>0.949917 0.260276 0.172955 0.119631 -0.814167 0.568172 0.288696 -0.519026 -0.804529 0.0120626 1.91889 0.326105</i>
                        <i>0.946065 0.26867 0.181048 0.225777 -0.947528 0.22631 0.23235 -0.173228 -0.957082 0.0143434 1.90933 0.324694</i>
                        <i>0.950009 0.260442 0.172203 0.231009 -0.957359 0.17349 0.210044 -0.125037 -0.969664 0.0267117 1.88128 0.297398</i>
                        <i>0.960046 0.237287 0.148348 0.176815 -0.925237 0.335668 0.216907 -0.296026 -0.930226 0.037863 1.84461 0.275413</i>
                        <i>0.973175 0.201471 0.111085 0.079486 -0.747543 0.65944 0.215899 -0.632921 -0.743504 0.0376061 1.82395 0.272063</i>
                        <i>0.985788 0.155577 0.0633913 -0.012588 -0.307872 0.951344 0.167524 -0.938622 -0.301538 0.0313147 1.81198 0.281912</i>
                        <i>0.994674 0.102642 0.0093685 -0.0440657 0.34133 0.93891 0.0931738 -0.934322 0.344035 0.02347 1.80839 0.304857</i>
                        <i>0.997809 0.0459609 -0.0475908 -0.0092234 0.808924 0.587841 0.065515 -0.586114 0.807576 0.0170898 1.81647 0.325094</i>
                        <i>0.994522 -0.0109604 -0.103952 0.0368842 0.967314 0.250885 0.0978044 -0.253344 0.962419 0.0116524 1.85057 0.318777</i>
                        <i>0.985606 -0.0645953 -0.156228 0.10306 0.962125 0.252376 0.134009 -0.264845 0.954934 0.0114842 1.89227 0.320521</i>
                        <i>0.973165 -0.11155 -0.201263 0.230074 0.456468 0.859478 -0.00400463 -0.882719 0.469884 0.0133659 1.90742 0.323589</i>
                        <i>0.960232 -0.148645 -0.236347 0.140274 -0.475076 0.868692 -0.24141 -0.867299 -0.435332 0.0145662 1.91216 0.323497</i>
                        <i>0.950268 -0.172961 -0.258989 -0.0196423 -0.863233 0.504423 -0.310813 -0.47425 -0.8237 0.0174211 1.91594 0.329172</i>
                        <i>0.94648 -0.181693 -0.266764 -0.116617 -0.963177 0.24226 -0.300958 -0.198185 -0.932817 0.0154555 1.90564 0.327196</i>
                    </KeyFrames>
                </p>
            </i>
            <i>
                <p>
                    <Name><![CDATA[l_clav]]></Name>
                    <Exclude>0</Exclude>
                    <Additive>0</Additive>
                    <IKPriority>0</IKPriority>
                    <IKRotLimits>-1e+010 -1e+010 -1e+010 1e+010 1e+010 1e+010</IKRotLimits>
                    <IKRotLimitOrder>0</IKRotLimitOrder>
                    <KeyFrames count="25">
                        <i>0.979973 0.014727 0.198587 -0.151288 0.703513 0.694393 -0.129482 -0.71053 0.691651 0.115506 1.43316 0.294908</i>
                        <i>0.979409 0.0146787 0.20135 -0.152864 0.705393 0.692137 -0.131872 -0.708664 0.693112 0.115996 1.43212 0.297337</i>
                        <i>0.978483 0.0133968 0.205891 -0.154755 0.70764 0.689418 -0.136461 -0.706446 0.694487 0.116428 1.43098 0.29992</i>
                        <i>0.977842 0.013668 0.208898 -0.156669 0.709634 0.686931 -0.138852 -0.704438 0.696051 0.116355 1.43051 0.301249</i>
                        <i>0.977053 0.0135918 0.212563 -0.158696 0.712092 0.683915 -0.142069 -0.701954 0.697909 0.115755 1.43068 0.301231</i>
                        <i>0.975521 0.0105646 0.21965 -0.160812 0.715561 0.679788 -0.149991 -0.69847 0.699744 0.114922 1.4309 0.300839</i>
                        <i>0.97371 0.00630894 0.227702 -0.162629 0.719187 0.675516 -0.159498 -0.694788 0.701306 0.113898 1.43115 0.300272</i>
                        <i>0.972169 0.00253419 0.234265 -0.163832 0.722139 0.672067 -0.167469 -0.691743 0.702457 0.112736 1.4314 0.299731</i>
                        <i>0.971535 0.00093655 0.236892 -0.164164 0.723607 0.670406 -0.170789 -0.690212 0.703163 0.111501 1.43161 0.299421</i>
                        <i>0.972002 0.00210942 0.234963 -0.163793 0.723055 0.671092 -0.168475 -0.690788 0.703156 0.110335 1.43192 0.299063</i>
                        <i>0.972988 0.00444991 0.230814 -0.163033 0.721119 0.673356 -0.163448 -0.692797 0.702365 0.109292 1.43239 0.298403</i>
                        <i>0.974004 0.00635289 0.22644 -0.161884 0.718748 0.676161 -0.158458 -0.695241 0.701092 0.108307 1.43284 0.297677</i>
                        <i>0.974607 0.00620745 0.223834 -0.160388 0.716905 0.678471 -0.156256 -0.697143 0.699697 0.107323 1.4331 0.297126</i>
                        <i>0.975783 0.00718374 0.218622 -0.157915 0.714727 0.681343 -0.15136 -0.699366 0.698553 0.106923 1.43424 0.294723</i>
