<?xml version="1.0" encoding="ISO-8859-1" ?>
<Animl Version="1">
    <ModellingPackage><![CDATA[Maya.2010]]></ModellingPackage>
    <SrcFile><![CDATA[anims\characters\shared\commando\~src\commando_fall_aim_up.mb]]></SrcFile>
    <FramesPerSecond>30</FramesPerSecond>
    <TotalFrames>25</TotalFrames>
    <Skeleton>
        <RefFrame>
            <Name><![CDATA[commando_ref_frame]]></Name>
            <Exclude>1</Exclude>
            <Additive>0</Additive>
            <IKPriority>0</IKPriority>
            <IKRotLimits>-1e+010 -1e+010 -1e+010 1e+010 1e+010 1e+010</IKRotLimits>
            <IKRotLimitOrder>0</IKRotLimitOrder>
            <KeyFrames count="25">
                <i>1 0 0 0 1 0 0 0 1 0.07393 0 -0.07737</i>
                <i>1 0 0 0 1 0 0 0 1 0.07393 0 0.09763</i>
                <i>1 0 0 0 1 0 0 0 1 0.07393 0 0.27263</i>
                <i>1 0 0 0 1 0 0 0 1 0.07393 0 0.44763</i>
                <i>1 0 0 0 1 0 0 0 1 0.07393 0 0.62263</i>
                <i>1 0 0 0 1 0 0 0 1 0.07393 0 0.79763</i>
                <i>1 0 0 0 1 0 0 0 1 0.07393 0 0.97263</i>
                <i>1 0 0 0 1 0 0 0 1 0.07393 0 1.14763</i>
                <i>1 0 0 0 1 0 0 0 1 0.07393 0 1.32263</i>
                <i>1 0 0 0 1 0 0 0 1 0.07393 0 1.49763</i>
                <i>1 0 0 0 1 0 0 0 1 0.07393 0 1.67263</i>
                <i>1 0 0 0 1 0 0 0 1 0.07393 0 1.84763</i>
                <i>1 0 0 0 1 0 0 0 1 0.07393 0 2.02263</i>
                <i>1 0 0 0 1 0 0 0 1 0.07393 0 2.19763</i>
                <i>1 0 0 0 1 0 0 0 1 0.07393 0 2.37263</i>
                <i>1 0 0 0 1 0 0 0 1 0.07393 0 2.54763</i>
                <i>1 0 0 0 1 0 0 0 1 0.07393 0 2.72263</i>
                <i>1 0 0 0 1 0 0 0 1 0.07393 0 2.89763</i>
                <i>1 0 0 0 1 0 0 0 1 0.07393 0 3.07263</i>
                <i>1 0 0 0 1 0 0 0 1 0.07393 0 3.24763</i>
                <i>1 0 0 0 1 0 0 0 1 0.07393 0 3.42263</i>
                <i>1 0 0 0 1 0 0 0 1 0.07393 0 3.59763</i>
                <i>1 0 0 0 1 0 0 0 1 0.07393 0 3.77263</i>
                <i>1 0 0 0 1 0 0 0 1 0.07393 0 3.94763</i>
                <i>1 0 0 0 1 0 0 0 1 0.07393 0 4.12263</i>
            </KeyFrames>
        </RefFrame>
        <Bones count="28">
            <i>
                <p>
                    <Name><![CDATA[pelvis]]></Name>
                    <Exclude>1</Exclude>
                    <Additive>0</Additive>
                    <IKPriority>0</IKPriority>
                    <IKRotLimits>-1e+010 -1e+010 -1e+010 1e+010 1e+010 1e+010</IKRotLimits>
                    <IKRotLimitOrder>2</IKRotLimitOrder>
                    <KeyFrames count="25">
                        <i>1 0 0 0 1 0 0 0 1 0.0549595 1.12742 -0.0744984</i>
                        <i>1 0 0 0 1 0 0 0 1 0.0582163 1.12932 -0.0702417</i>
                        <i>1 0 0 0 1 0 0 0 1 0.0614731 1.13121 -0.065985</i>
                        <i>1 0 0 0 1 0 0 0 1 0.0627806 1.13208 -0.064024</i>
                        <i>1 0 0 0 1 0 0 0 1 0.061787 1.13168 -0.0648788</i>
                        <i>1 0 0 0 1 0 0 0 1 0.059766 1.1307 -0.0670496</i>
                        <i>1 0 0 0 1 0 0 0 1 0.0572061 1.12945 -0.0698021</i>
                        <i>1 0 0 0 1 0 0 0 1 0.0545957 1.12827 -0.0724019</i>
                        <i>1 0 0 0 1 0 0 0 1 0.0524232 1.12746 -0.0741145</i>
                        <i>1 0 0 0 1 0 0 0 1 0.0508362 1.12733 -0.0742164</i>
                        <i>1 0 0 0 1 0 0 0 1 0.049502 1.12761 -0.0732893</i>
                        <i>1 0 0 0 1 0 0 0 1 0.0481889 1.12784 -0.0725569</i>
                        <i>1 0 0 0 1 0 0 0 1 0.0466653 1.12756 -0.073243</i>
                        <i>1 0 0 0 1 0 0 0 1 0.0442353 1.12596 -0.0775327</i>
                        <i>1 0 0 0 1 0 0 0 1 0.0415683 1.12371 -0.083619</i>
                        <i>1 0 0 0 1 0 0 0 1 0.0404812 1.12257 -0.0867376</i>
                        <i>1 0 0 0 1 0 0 0 1 0.041321 1.123 -0.0856205</i>
                        <i>1 0 0 0 1 0 0 0 1 0.0429766 1.12405 -0.0828053</i>
                        <i>1 0 0 0 1 0 0 0 1 0.0450774 1.12539 -0.0792367</i>
                        <i>1 0 0 0 1 0 0 0 1 0.047253 1.12666 -0.0758589</i>
                        <i>1 0 0 0 1 0 0 0 1 0.049133 1.12752 -0.0736165</i>
                        <i>1 0 0 0 1 0 0 0 1 0.0507027 1.12781 -0.0729522</i>
                        <i>1 0 0 0 1 0 0 0 1 0.0521957 1.12775 -0.0732784</i>
                        <i>1 0 0 0 1 0 0 0 1 0.0536139 1.12755 -0.0739941</i>
                        <i>1 0 0 0 1 0 0 0 1 0.0549595 1.12742 -0.0744984</i>
                    </KeyFrames>
                </p>
            </i>
            <i>
                <p>
                    <Name><![CDATA[spine0]]></Name>
                    <Exclude>0</Exclude>
                    <Additive>0</Additive>
                    <IKPriority>0</IKPriority>
                    <IKRotLimits>-1e+010 -1e+010 -1e+010 1e+010 1e+010 1e+010</IKRotLimits>
                    <IKRotLimitOrder>0</IKRotLimitOrder>
                    <KeyFrames count="25">
                        <i>-0.0186339 0.948101 -0.317423 -0.970724 -0.0931961 -0.22138 -0.239473 0.304005 0.922081 0.0499866 1.2406 -0.163169</i>
                        <i>-0.0221664 0.946953 -0.320608 -0.971809 -0.0957001 -0.215472 -0.234724 0.306793 0.922379 0.0529712 1.24268 -0.158661</i>
                        <i>-0.0251373 0.946135 -0.322794 -0.974222 -0.0955967 -0.204335 -0.224186 0.309337 0.924149 0.0556497 1.24505 -0.153755</i>
                        <i>-0.0266168 0.946268 -0.322287 -0.976539 -0.0935319 -0.19397 -0.213692 0.309563 0.926556 0.0564215 1.24657 -0.150908</i>
                        <i>-0.026087 0.947569 -0.318484 -0.978562 -0.0893148 -0.18558 -0.204296 0.306815 0.929585 0.0549983 1.24703 -0.150582</i>
                        <i>-0.0241798 0.949514 -0.312791 -0.980697 -0.0832556 -0.176921 -0.194031 0.302475 0.933199 0.0525519 1.2471 -0.151278</i>
                        <i>-0.0217678 0.951616 -0.306519 -0.982648 -0.0768521 -0.16881 -0.184199 0.297525 0.936776 0.0496316 1.24689 -0.152547</i>
                        <i>-0.0197629 0.953423 -0.300989 -0.984172 -0.0715796 -0.162117 -0.176111 0.293021 0.939747 0.0467634 1.24652 -0.153956</i>
                        <i>-0.0191042 0.95452 -0.297534 -0.985073 -0.0688886 -0.157752 -0.171074 0.290079 0.941588 0.0444569 1.24611 -0.155082</i>
                        <i>-0.019965 0.954113 -0.298782 -0.985115 -0.069805 -0.157084 -0.170733 0.291198 0.941304 0.0429076 1.24567 -0.155626</i>
                        <i>-0.0214688 0.952424 -0.304018 -0.984428 -0.0732054 -0.15982 -0.174472 0.295853 0.939165 0.0417665 1.24508 -0.155983</i>
                        <i>-0.0229779 0.950598 -0.309573 -0.98336 -0.077307 -0.164395 -0.180206 0.300644 0.936557 0.0407255 1.24424 -0.156772</i>
                        <i>-0.0238865 0.949851 -0.31179 -0.98229 -0.0802744 -0.169297 -0.185836 0.302224 0.934947 0.0394568 1.24312 -0.158631</i>
                        <i>-0.0221077 0.950807 -0.308995 -0.981226 -0.0798652 -0.175549 -0.191591 0.299313 0.934722 0.0372438 1.24111 -0.163479</i>
                        <i>-0.0187184 0.952204 -0.304889 -0.979924 -0.0780102 -0.183473 -0.198488 0.295334 0.934548 0.0347998 1.23865 -0.169871</i>
                        <i>-0.0179086 0.952522 -0.303942 -0.978487 -0.0791864 -0.190508 -0.205531 0.293992 0.933448 0.033926 1.2372 -0.173425</i>
                        <i>-0.0201437 0.951408 -0.307275 -0.976886 -0.0841474 -0.196503 -0.212811 0.296214 0.931112 0.0349779 1.23707 -0.173054</i>
                        <i>-0.0226691 0.94972 -0.31228 -0.975097 -0.0899336 -0.202726 -0.220617 0.299907 0.928108 0.0368605 1.23745 -0.171124</i>
                        <i>-0.0248661 0.947803 -0.317885 -0.973294 -0.0955422 -0.208733 -0.228209 0.304205 0.924867 0.0391996 1.23811 -0.168425</i>
                        <i>-0.0261299 0.946025 -0.323039 -0.971683 -0.0999501 -0.214109 -0.23484 0.308296 0.921848 0.0416116 1.23883 -0.165757</i>
                        <i>-0.0258651 0.944771 -0.32671 -0.97049 -0.102113 -0.218456 -0.239752 0.311418 0.919531 0.0437052 1.23937 -0.163922</i>
                        <i>-0.0243592 0.944726 -0.326956 -0.969904 -0.101591 -0.221282 -0.242267 0.311726 0.918768 0.0454191 1.23979 -0.163107</i>
                        <i>-0.0224758 0.94579 -0.324002 -0.969857 -0.0992813 -0.222532 -0.242636 0.309234 0.919512 0.0469943 1.24022 -0.162835</i>
                        <i>-0.0204792 0.94717 -0.320077 -0.970185 -0.0961571 -0.222473 -0.241497 0.305978 0.9209 0.0484957 1.24052 -0.162918</i>
                        <i>-0.0186339 0.948101 -0.317423 -0.970724 -0.0931961 -0.22138 -0.239473 0.304005 0.922081 0.0499866 1.2406 -0.163169</i>
                    </KeyFrames>
                </p>
            </i>
            <i>
                <p>
                    <Name><![CDATA[spine1]]></Name>
                    <Exclude>0</Exclude>
                    <Additive>0</Additive>
                    <IKPriority>0</IKPriority>
                    <IKRotLimits>-1e+010 -1e+010 -1e+010 1e+010 1e+010 1e+010</IKRotLimits>
                    <IKRotLimitOrder>0</IKRotLimitOrder>
                    <KeyFrames count="25">
                        <i>0.121023 0.898605 -0.421737 -0.9697 0.0161951 -0.24376 -0.212214 0.438459 0.873338 0.0468027 1.40254 -0.217384</i>
                        <i>0.115161 0.895247 -0.430432 -0.97114 0.0103579 -0.238283 -0.208864 0.445451 0.870603 0.049179 1.40465 -0.213498</i>
                        <i>0.110453 0.890491 -0.441391 -0.972917 0.00614127 -0.231072 -0.203057 0.45496 0.867052 0.0513435 1.40712 -0.209047</i>
                        <i>0.107981 0.886477 -0.449998 -0.974413 0.00462061 -0.224717 -0.197127 0.46275 0.864294 0.0518591 1.40876 -0.20615</i>
                        <i>0.108869 0.883383 -0.455831 -0.97522 0.00606965 -0.221155 -0.192598 0.468612 0.862154 0.0505285 1.40938 -0.205148</i>
                        <i>0.112209 0.880183 -0.46118 -0.975497 0.00918228 -0.219822 -0.189249 0.474545 0.859646 0.0484124 1.40964 -0.204821</i>
                        <i>0.116257 0.877398 -0.465465 -0.975506 0.0127549 -0.219604 -0.186743 0.479594 0.857389 0.0459083 1.40964 -0.204965</i>
                        <i>0.119385 0.8756 -0.468051 -0.975494 0.0156902 -0.219466 -0.184821 0.482782 0.856016 0.0433855 1.40945 -0.205389</i>
                        <i>0.120053 0.875393 -0.468267 -0.975705 0.0169671 -0.218429 -0.183266 0.483114 0.856163 0.0411923 1.40919 -0.20591</i>
                        <i>0.118075 0.876606 -0.466498 -0.976064 0.016051 -0.216889 -0.182639 0.480942 0.857519 0.0394956 1.4087 -0.206673</i>
                        <i>0.115092 0.878722 -0.46325 -0.97626 0.0139128 -0.216155 -0.183495 0.47713 0.859463 0.0380971 1.40783 -0.207932</i>
                        <i>0.112298 0.881814 -0.458032 -0.976182 0.0117925 -0.216631 -0.185627 0.47145 0.862136 0.0367978 1.40671 -0.209677</i>
                        <i>0.110997 0.885952 -0.450299 -0.975709 0.0110365 -0.218794 -0.188872 0.463646 0.865656 0.0353739 1.40545 -0.211912</i>
                        <i>0.11499 0.89067 -0.439868 -0.974669 0.0156517 -0.223105 -0.191828 0.45438 0.869908 0.0334713 1.40332 -0.216187</i>
                        <i>0.122159 0.894823 -0.429383 -0.973328 0.0233615 -0.228227 -0.194192 0.44581 0.873809 0.0316145 1.4006 -0.221718</i>
                        <i>0.124923 0.89761 -0.422719 -0.97237 0.0260773 -0.231985 -0.197209 0.440019 0.876066 0.030883 1.39894 -0.225024</i>
                        <i>0.122083 0.899282 -0.419986 -0.972118 0.022985 -0.233362 -0.200205 0.436766 0.877014 0.0315534 1.39872 -0.225251</i>
                        <i>0.118295 0.900474 -0.418514 -0.972193 0.0192444 -0.233389 -0.202106 0.434485 0.877711 0.033001 1.39907 -0.224257</i>
                        <i>0.114668 0.901105 -0.418165 -0.97236 0.0156262 -0.232964 -0.203391 0.43332 0.87799 0.0349583 1.39972 -0.222622</i>
                        <i>0.112343 0.901111 -0.418781 -0.972387 0.012937 -0.233017 -0.204556 0.433395 0.877682 0.0371475 1.40042 -0.22093</i>
                        <i>0.112485 0.900438 -0.420189 -0.972044 0.0120043 -0.234492 -0.206102 0.434819 0.876615 0.0392827 1.40089 -0.219771</i>
                        <i>0.114723 0.899401 -0.421802 -0.971453 0.0128188 -0.236884 -0.207647 0.436937 0.875196 0.041254 1.4013 -0.218998</i>
                        <i>0.117405 0.898552 -0.422872 -0.970879 0.0143099 -0.239145 -0.208833 0.438634 0.874065 0.0431522 1.40186 -0.218205</i>
                        <i>0.11976 0.898186 -0.422989 -0.9703 0.015693 -0.241396 -0.21018 0.439336 0.873389 0.0449959 1.40234 -0.217597</i>
                        <i>0.121023 0.898605 -0.421737 -0.9697 0.0161951 -0.24376 -0.212214 0.438459 0.873338 0.0468027 1.40254 -0.217384</i>
                    </KeyFrames>
                </p>
            </i>
            <i>
                <p>
                    <Name><![CDATA[spine2]]></Name>
                    <Exclude>0</Exclude>
                    <Additive>0</Additive>
                    <IKPriority>0</IKPriority>
                    <IKRotLimits>-1e+010 -1e+010 -1e+010 1e+010 1e+010 1e+010</IKRotLimits>
                    <IKRotLimitOrder>0</IKRotLimitOrder>
                    <KeyFrames count="25">
                        <i>0.0988136 0.848508 -0.519875 -0.97968 -0.00868228 -0.20038 -0.174538 0.529112 0.830408 0.0658834 1.54412 -0.283827</i>
                        <i>0.0960454 0.845614 -0.525082 -0.979875 -0.0124128 -0.199224 -0.174984 0.53365 0.827405 0.0673602 1.5459 -0.281406</i>
                        <i>0.0934804 0.841655 -0.531862 -0.979763 -0.0171979 -0.199419 -0.176989 0.539741 0.823015 0.0688021 1.54783 -0.278785</i>
                        <i>0.0917565 0.837902 -0.538053 -0.979749 -0.0206052 -0.199169 -0.17797 0.545432 0.819042 0.0689333 1.54894 -0.277296</i>
                        <i>0.0917149 0.834286 -0.54365 -0.979383 -0.0231085 -0.200686 -0.179993 0.550848 0.814966 0.0677307 1.54902 -0.277191</i>
                        <i>0.0930742 0.830289 -0.549507 -0.97826 -0.0264682 -0.205688 -0.185325 0.556705 0.809774 0.0661195 1.54866 -0.277653</i>
                        <i>0.0949228 0.826579 -0.554759 -0.976844 -0.0299984 -0.211841 -0.191745 0.562021 0.80459 0.064229 1.54809 -0.27841</i>
                        <i>0.0964238 0.823846 -0.558551 -0.975629 -0.0328968 -0.216946 -0.197105 0.565858 0.800596 0.0621791 1.54753 -0.279193</i>
                        <i>0.0967924 0.822791 -0.560042 -0.975144 -0.0342831 -0.218902 -0.199311 0.56731 0.799021 0.0600825 1.5472 -0.279731</i>
                        <i>0.0958725 0.823822 -0.558682 -0.975555 -0.0337318 -0.21715 -0.197738 0.565844 0.80045 0.0580765 1.54691 -0.280221</i>
                        <i>0.0945056 0.826464 -0.555 -0.976359 -0.0319196 -0.213787 -0.194403 0.562084 0.803909 0.0562139 1.54639 -0.280975</i>
                        <i>0.0934019 0.830073 -0.549777 -0.977101 -0.0296102 -0.210707 -0.191181 0.556868 0.808299 0.0544805 1.54576 -0.281901</i>
                        <i>0.0933434 0.834003 -0.543807 -0.977336 -0.0274806 -0.209903 -0.190004 0.551075 0.812536 0.0528534 1.54513 -0.28291</i>
                        <i>0.0957955 0.837749 -0.537587 -0.977546 -0.0226551 -0.209499 -0.187686 0.545586 0.816768 0.0515513 1.54349 -0.285417</i>
                        <i>0.0995599 0.841083 -0.531665 -0.978089 -0.0154582 -0.207612 -0.182837 0.540686 0.821115 0.0507695 1.54099 -0.289098</i>
                        <i>0.101441 0.843805 -0.526975 -0.978405 -0.0112707 -0.206387 -0.18009 0.536531 0.82444 0.0504442 1.53953 -0.291251</i>
                        <i>0.100737 0.846279 -0.52313 -0.978834 -0.00984609 -0.204418 -0.178145 0.53265 0.827375 0.050686 1.53965 -0.291086</i>
                        <i>0.0992962 0.848751 -0.519386 -0.979775 -0.00773482 -0.199953 -0.173728 0.528736 0.830817 0.0515755 1.5404 -0.289958</i>
                        <i>0.0977082 0.85088 -0.516194 -0.980847 -0.0054852 -0.194702 -0.1685 0.525331 0.834047 0.0530052 1.54144 -0.28839</i>
                        <i>0.0965789 0.852337 -0.513998 -0.981695 -0.00359723 -0.190423 -0.164154 0.52298 0.836388 0.0548645 1.54237 -0.286902</i>
                        <i>0.0965265 0.852804 -0.513233 -0.981991 -0.00254006 -0.188909 -0.162406 0.522225 0.837201 0.0570406 1.54286 -0.286019</i>
                        <i>0.0973759 0.852055 -0.514315 -0.98178 -0.00248875 -0.190005 -0.163174 0.523446 0.836288 0.0593655 1.54311 -0.2855</i>
                        <i>0.0982925 0.850581 -0.516576 -0.981326 -0.00340052 -0.192323 -0.165343 0.525833 0.834363 0.0616801 1.5435 -0.28486</i>
                        <i>0.0988962 0.849142 -0.518823 -0.980629 -0.0054228 -0.195799 -0.169075 0.528137 0.832157 0.0638859 1.54388 -0.284251</i>
                        <i>0.0988136 0.848508 -0.519875 -0.97968 -0.00868228 -0.20038 -0.174538 0.529112 0.830408 0.0658834 1.54412 -0.283827</i>
                    </KeyFrames>
                </p>
            </i>
            <i>
                <p>
                    <Name><![CDATA[head]]></Name>
                    <Exclude>0</Exclude>
                    <Additive>0</Additive>
                    <IKPriority>0</IKPriority>
                    <IKRotLimits>-1e+010 -1e+010 -1e+010 1e+010 1e+010 1e+010</IKRotLimits>
                    <IKRotLimitOrder>0</IKRotLimitOrder>
                    <KeyFrames count="25">
                        <i>-0.00830567 0.904268 -0.426884 -0.0175906 -0.426964 -0.904097 -0.999811 -2.28014e-008 0.0194528 0.0777224 1.75875 -0.418256</i>
                        <i>-0.00801432 0.904418 -0.426572 -0.016989 -0.426648 -0.904258 -0.999823 -1.19965e-009 0.0187844 0.0788453 1.76019 -0.416838</i>
                        <i>-0.00773732 0.904568 -0.42626 -0.0164167 -0.42633 -0.904419 -0.999835 -9.06557e-009 0.0181486 0.0798842 1.76161 -0.415439</i>
                        <i>-0.00777956 0.90463 -0.426128 -0.0165125 -0.426199 -0.904479 -0.999833 -1.70473e-009 0.0182534 0.0796844 1.76213 -0.415044</i>
                        <i>-0.00809636 0.904572 -0.426244 -0.0171789 -0.426321 -0.904409 -0.99982 -1.41083e-008 0.0189912 0.0783866 1.76148 -0.415916</i>
                        <i>-0.00844487 0.904452 -0.426492 -0.0179053 -0.426575 -0.904275 -0.999804 -1.10572e-008 0.0197969 0.0769065 1.76025 -0.417388</i>
                        <i>-0.00883389 0.904314 -0.426776 -0.0187145 -0.426868 -0.90412 -0.999786 -9.97802e-009 0.0206946 0.0752468 1.75883 -0.419054</i>
                        <i>-0.00927334 0.904201 -0.427006 -0.019632 -0.427107 -0.903988 -0.999764 -9.55405e-009 0.021712 0.0734057 1.75762 -0.420512</i>
                        <i>-0.00977396 0.904158 -0.427088 -0.0206864 -0.427199 -0.903921 -0.999738 2.91525e-009 0.0228792 0.0713779 1.75702 -0.421358</i>
                        <i>-0.0103144 0.90417 -0.427048 -0.0218317 -0.427173 -0.903906 -0.999708 4.55662e-009 0.0241456 0.0692602 1.75691 -0.421659</i>
                        <i>-0.010842 0.904193 -0.426986 -0.0229519 -0.427124 -0.903902 -0.999678 4.48877e-009 0.0253838 0.0672261 1.7569 -0.421793</i>
                        <i>-0.0113214 0.90422 -0.426917 -0.0239706 -0.427067 -0.903902 -0.999649 1.00207e-008 0.0265098 0.0653836 1.75695 -0.421831</i>
                        <i>-0.0117177 0.904244 -0.426855 -0.0248133 -0.427016 -0.903904 -0.999623 -9.26175e-009 0.0274409 0.0638382 1.75701 -0.421847</i>
                        <i>-0.0119596 0.904136 -0.427077 -0.0253089 -0.427245 -0.903782 -0.999608 -8.13323e-009 0.0279924 0.0629284 1.75581 -0.423197</i>
                        <i>-0.0120495 0.903917 -0.427538 -0.0254654 -0.427707 -0.903558 -0.999603 3.60326e-009 0.0281723 0.0626656 1.75356 -0.425628</i>
                        <i>-0.0120646 0.903807 -0.42777 -0.0254803 -0.42794 -0.903448 -0.999602 -6.35838e-009 0.0281922 0.0626584 1.75244 -0.426796</i>
                        <i>-0.0120102 0.903876 -0.427625 -0.0253761 -0.427794 -0.90352 -0.999606 1.11702e-008 0.0280747 0.0629129 1.75316 -0.425894</i>
                        <i>-0.0118378 0.904016 -0.427334 -0.025033 -0.427498 -0.90367 -0.999617 3.74265e-009 0.0276909 0.0636849 1.75465 -0.42407</i>
                        <i>-0.0115451 0.904177 -0.427003 -0.0244378 -0.427159 -0.903846 -0.999635 1.40378e-009 0.0270277 0.0649501 1.75641 -0.42191</i>
                        <i>-0.0111308 0.904307 -0.426738 -0.0235795 -0.426883 -0.903999 -0.99966 -1.17479e-009 0.0260746 0.0666811 1.75791 -0.420003</i>
                        <i>-0.0105942 0.904357 -0.426646 -0.0224495 -0.426777 -0.904078 -0.999692 5.19102e-009 0.0248238 0.0688479 1.75866 -0.418938</i>
                        <i>-0.00998499 0.904343 -0.42669 -0.0211568 -0.426807 -0.904095 -0.999726 -3.725e-009 0.0233946 0.071255 1.75878 -0.418593</i>
                        <i>-0.00937678 0.904319 -0.426755 -0.0198652 -0.426858 -0.904101 -0.999759 1.13356e-008 0.021967 0.0736319 1.75881 -0.418409</i>
                        <i>-0.00880511 0.904292 -0.426824 -0.018651 -0.426915 -0.904099 -0.999787 5.45109e-009 0.020625 0.0758356 1.75878 -0.418319</i>
                        <i>-0.00830567 0.904268 -0.426884 -0.0175906 -0.426964 -0.904097 -0.999811 -2.28014e-008 0.0194528 0.0777224 1.75875 -0.418256</i>
                    </KeyFrames>
                </p>
            </i>
            <i>
                <p>
                    <Name><![CDATA[head_prop]]></Name>
                    <Exclude>0</Exclude>
                    <Additive>0</Additive>
                    <IKPriority>0</IKPriority>
                    <IKRotLimits>-1e+010 -1e+010 -1e+010 1e+010 1e+010 1e+010</IKRotLimits>
                    <IKRotLimitOrder>0</IKRotLimitOrder>
                    <KeyFrames count="25">
                        <i>0.999811 2.28014e-008 -0.0194528 -0.00830567 0.904268 -0.426884 0.0175906 0.426964 0.904097 0.0550215 1.92058 -0.248389</i>
                        <i>0.999823 1.19965e-009 -0.0187844 -0.00801432 0.904418 -0.426572 0.016989 0.426648 0.904258 0.0560319 1.92196 -0.246931</i>
                        <i>0.999835 9.06557e-009 -0.0181486 -0.00773732 0.904568 -0.42626 0.0164167 0.42633 0.904419 0.0569638 1.92332 -0.245489</i>
                        <i>0.999833 1.70473e-009 -0.0182534 -0.00777956 0.90463 -0.426128 0.0165125 0.426199 0.904479 0.0567822 1.92382 -0.245068</i>
                        <i>0.99982 1.41083e-008 -0.0189912 -0.00809636 0.904572 -0.426244 0.0171789 0.426321 0.904409 0.0556095 1.92319 -0.245945</i>
                        <i>0.999804 1.10572e-008 -0.0197969 -0.00844487 0.904452 -0.426492 0.0179053 0.426575 0.904275 0.0542654 1.922 -0.247444</i>
                        <i>0.999786 9.97802e-009 -0.0206946 -0.00883389 0.904314 -0.426776 0.0187145 0.426868 0.90412 0.0527573 1.92064 -0.249142</i>
                        <i>0.999764 9.55405e-009 -0.021712 -0.00927334 0.904201 -0.427006 0.019632 0.427107 0.903988 0.0510882 1.91948 -0.25062</i>
                        <i>0.999738 -2.91525e-009 -0.0228792 -0.00977396 0.904158 -0.427088 0.0206864 0.427199 0.903921 0.0492583 1.91889 -0.251457</i>
                        <i>0.999708 -4.55662e-009 -0.0241456 -0.0103144 0.90417 -0.427048 0.0218317 0.427173 0.903906 0.047356 1.91878 -0.251725</i>
                        <i>0.999678 -4.48877e-009 -0.0253838 -0.010842 0.904193 -0.426986 0.0229519 0.427124 0.903902 0.0455326 1.91876 -0.251824</i>
                        <i>0.999649 -1.00207e-008 -0.0265098 -0.0113214 0.90422 -0.426917 0.0239706 0.427067 0.903902 0.0438818 1.9188 -0.251828</i>
                        <i>0.999623 9.26175e-009 -0.0274409 -0.0117177 0.904244 -0.426855 0.0248133 0.427016 0.903904 0.0424951 1.91885 -0.251814</i>
                        <i>0.999608 8.13323e-009 -0.0279924 -0.0119596 0.904136 -0.427077 0.0253089 0.427245 0.903782 0.0416779 1.91769 -0.253193</i>
                        <i>0.999603 -3.60326e-009 -0.0281723 -0.0120495 0.903917 -0.427538 0.0254654 0.427707 0.903558 0.0414434 1.91553 -0.255703</i>
                        <i>0.999602 6.35838e-009 -0.0281922 -0.0120646 0.903807 -0.42777 0.0254803 0.42794 0.903448 0.0414384 1.91445 -0.256912</i>
                        <i>0.999606 -1.11702e-008 -0.0280747 -0.0120102 0.903876 -0.427625 0.0253761 0.427794 0.90352 0.0416737 1.91514 -0.255987</i>
                        <i>0.999617 -3.74265e-009 -0.0276909 -0.0118378 0.904016 -0.427334 0.025033 0.427498 0.90367 0.0423818 1.91658 -0.254118</i>
                        <i>0.999635 -1.40378e-009 -0.0270277 -0.0115451 0.904177 -0.427003 0.0244378 0.427159 0.903846 0.0435359 1.91827 -0.251912</i>
                        <i>0.99966 1.17479e-009 -0.0260746 -0.0111308 0.904307 -0.426738 0.0235795 0.426883 0.903999 0.0451062 1.91973 -0.249976</i>
                        <i>0.999692 -5.19102e-009 -0.0248238 -0.0105942 0.904357 -0.426646 0.0224495 0.426777 0.904078 0.0470607 1.92045 -0.248919</i>
                        <i>0.999726 3.725e-009 -0.0233946 -0.00998499 0.904343 -0.42669 0.0211568 0.426807 0.904095 0.0492246 1.92058 -0.24861</i>
                        <i>0.999759 -1.13356e-008 -0.021967 -0.00937678 0.904319 -0.426755 0.0198652 0.426858 0.904101 0.0513587 1.92062 -0.248467</i>
                        <i>0.999787 -5.45109e-009 -0.020625 -0.00880511 0.904292 -0.426824 0.018651 0.426915 0.904099 0.053334 1.9206 -0.248418</i>
                        <i>0.999811 2.28014e-008 -0.0194528 -0.00830567 0.904268 -0.426884 0.0175906 0.426964 0.904097 0.0550215 1.92058 -0.248389</i>
                    </KeyFrames>
                </p>
            </i>
            <i>
                <p>
                    <Name><![CDATA[ponytail_1]]></Name>
                    <Exclude>1</Exclude>
                    <Additive>0</Additive>
                    <IKPriority>0</IKPriority>
                    <IKRotLimits>-1e+010 -1e+010 -1e+010 1e+010 1e+010 1e+010</IKRotLimits>
                    <IKRotLimitOrder>0</IKRotLimitOrder>
                    <KeyFrames count="25">
                        <i>0.967902 -0.234009 0.0916801 0.073756 0.613194 0.786481 -0.240262 -0.754475 0.610772 0.0650455 1.85627 -0.605349</i>
                        <i>0.97099 -0.22278 0.0868696 0.101837 0.713974 0.692727 -0.216349 -0.663785 0.715949 0.066294 1.85778 -0.603906</i>
                        <i>0.978817 -0.191474 0.0724908 0.0999657 0.755956 0.646945 -0.178673 -0.625994 0.759083 0.0674525 1.85927 -0.602481</i>
                        <i>0.988376 -0.143688 0.0496627 0.0504785 0.618306 0.784315 -0.143403 -0.772691 0.618372 0.0672334 1.85981 -0.602071</i>
                        <i>0.996327 -0.0831947 0.0202915 0.0164745 0.41875 0.907952 -0.0840339 -0.904283 0.418582 0.0657974 1.85913 -0.602946</i>
                        <i>0.999814 -0.0141113 -0.0131403 0.0172789 0.353226 0.935378 -0.00855793 -0.935431 0.353404 0.064166 1.85785 -0.604435</i>
                        <i>0.997068 0.0591366 -0.0485589 0.0266682 0.326255 0.944906 0.0717211 -0.94343 0.323721 0.0623377 1.85637 -0.606122</i>
                        <i>0.987704 0.131978 -0.0838055 0.0462834 0.265179 0.963088 0.14933 -0.955124 0.25581 0.0603057 1.85512 -0.607592</i>
                        <i>0.972826 0.199945 -0.116759 0.0683966 0.233609 0.969922 0.221207 -0.951551 0.213585 0.0580593 1.85449 -0.608433</i>
                        <i>0.954899 0.258889 -0.145411 0.0704126 0.278315 0.957905 0.288462 -0.924942 0.247534 0.0557047 1.85439 -0.608714</i>
                        <i>0.937395 0.305088 -0.167967 0.0476076 0.36551 0.929589 0.345 -0.879388 0.328103 0.053439 1.85439 -0.608825</i>
                        <i>0.924228 0.335198 -0.182881 -0.00441802 0.488299 0.872665 0.381816 -0.805733 0.452781 0.051386 1.85445 -0.608842</i>
                        <i>0.919069 0.345993 -0.188681 -0.0646525 0.604655 0.793859 0.388756 -0.717413 0.578089 0.0496666 1.85452 -0.608839</i>
                        <i>0.923953 0.335167 -0.184317 -0.110032 0.694395 0.711132 0.366337 -0.636772 0.678468 0.0486529 1.85327 -0.610206</i>
                        <i>0.936917 0.304995 -0.170778 -0.122128 0.743389 0.657615 0.327523 -0.595274 0.733742 0.0483551 1.85093 -0.612684</i>
                        <i>0.954296 0.258786 -0.149494 -0.0872587 0.719679 0.688801 0.28584 -0.644276 0.709369 0.0483435 1.84976 -0.613877</i>
                        <i>0.972202 0.199883 -0.121944 -0.0357477 0.641414 0.766362 0.231399 -0.740699 0.630729 0.0486204 1.85051 -0.612961</i>
                        <i>0.987183 0.131951 -0.0897682 0.0135782 0.491005 0.871051 0.159012 -0.861105 0.482921 0.0494651 1.85206 -0.61111</i>
                        <i>0.99674 0.0591276 -0.0548932 0.0326506 0.326559 0.944613 0.0737785 -0.943326 0.323564 0.0508553 1.85389 -0.608924</i>
                        <i>0.999712 -0.014109 -0.0194135 0.0222978 0.246947 0.968772 -0.00887436 -0.968926 0.24719 0.0527655 1.85545 -0.607</i>
                        <i>0.996429 -0.083175 0.0145206 0.00495433 0.229279 0.973348 -0.0842874 -0.9698 0.228873 0.0551665 1.85622 -0.605941</i>
                        <i>0.988621 -0.143642 0.0446761 -0.00371729 0.273572 0.961844 -0.150383 -0.951065 0.269925 0.0578409 1.85634 -0.605618</i>
                        <i>0.979089 -0.191421 0.0688638 0.00541668 0.362922 0.931804 -0.203359 -0.911946 0.35637 0.0604848 1.85635 -0.605459</i>
                        <i>0.97115 -0.222749 0.0851478 0.0348392 0.485757 0.873399 -0.23591 -0.845235 0.479503 0.0629394 1.85632 -0.605393</i>
                        <i>0.967902 -0.234009 0.0916801 0.073756 0.613194 0.786481 -0.240262 -0.754475 0.610772 0.0650455 1.85627 -0.605349</i>
                    </KeyFrames>
                </p>
            </i>
            <i>
                <p>
                    <Name><![CDATA[ponytail_2]]></Name>
                    <Exclude>1</Exclude>
                    <Additive>0</Additive>
                    <IKPriority>0</IKPriority>
                    <IKRotLimits>-1e+010 -1e+010 -1e+010 1e+010 1e+010 1e+010</IKRotLimits>
                    <IKRotLimitOrder>0</IKRotLimitOrder>
                    <KeyFrames count="25">
                        <i>0.967902 -0.234009 0.0916801 -0.0219469 0.284693 0.958368 -0.250368 -0.929618 0.270419 0.0542109 1.77912 -0.687903</i>
                        <i>0.97099 -0.22278 0.0868696 0.0408307 0.51243 0.857758 -0.235606 -0.829328 0.506661 0.0525339 1.77017 -0.674768</i>
                        <i>0.978817 -0.191474 0.0724908 0.108339 0.784835 0.610161 -0.173723 -0.589382 0.788954 0.0542955 1.76731 -0.667719</i>
                        <i>0.988376 -0.143688 0.0496627 0.125428 0.955301 0.267709 -0.0859093 -0.258368 0.962219 0.0600369 1.78189 -0.6843</i>
                        <i>0.996327 -0.0831947 0.0202915 0.0843822 0.994168 -0.0671587 -0.0145859 0.0686242 0.997536 0.0630617 1.8024 -0.701228</i>
                        <i>0.999814 -0.0141113 -0.0131403 0.0096442 0.956085 -0.292932 0.0166969 0.292751 0.956043 0.0621239 1.8082 -0.706494</i>
                        <i>0.997068 0.0591366 -0.0485589 -0.0713889 0.947357 -0.312119 0.027545 0.31467 0.948801 0.0600687 1.80969 -0.709566</i>
                        <i>0.987704 0.131978 -0.0838055 -0.122246 0.986135 0.112219 0.097454 -0.100594 0.990143 0.0566261 1.81521 -0.713797</i>
                        <i>0.972826 0.199945 -0.116759 -0.0952319 0.805167 0.585353 0.211048 -0.558327 0.802328 0.0526272 1.81819 -0.71585</i>
                        <i>0.954899 0.258889 -0.145411 -0.0572293 0.640995 0.765409 0.291364 -0.722566 0.626901 0.0507438 1.81331 -0.71442</i>
                        <i>0.937395 0.305088 -0.167967 -0.00847345 0.502126 0.864753 0.348166 -0.809191 0.473276 0.0516436 1.80393 -0.710493</i>
                        <i>0.924228 0.335198 -0.182881 0.0939197 0.264672 0.959754 0.370111 -0.904207 0.213135 0.0558542 1.79088 -0.702779</i>
                        <i>0.919069 0.345993 -0.188681 0.13908 0.163205 0.97674 0.368739 -0.923934 0.101876 0.0610156 1.77871 -0.692565</i>
                        <i>0.923953 0.335167 -0.184317 0.0121238 0.455966 0.889915 0.382313 -0.824474 0.417228 0.0648985 1.76816 -0.683538</i>
                        <i>0.936917 0.304995 -0.170778 -0.137546 0.770823 0.622023 0.321353 -0.559294 0.764148 0.0655645 1.76071 -0.679392</i>
                        <i>0.954296 0.258786 -0.149494 -0.19586 0.919358 0.341205 0.225738 -0.29633 0.928025 0.0611781 1.76171 -0.684363</i>
                        <i>0.972202 0.199883 -0.121944 -0.19444 0.979364 0.0551313 0.130448 -0.0298878 0.991005 0.0550665 1.7703 -0.693032</i>
                        <i>0.987183 0.131951 -0.0897682 -0.149218 0.96264 -0.225959 0.0565991 0.236458 0.969992 0.049583 1.78761 -0.704552</i>
                        <i>0.99674 0.0591276 -0.0548932 -0.0733729 0.947256 -0.311965 0.0335522 0.314976 0.948506 0.0479315 1.80717 -0.712337</i>
                        <i>0.999712 -0.014109 -0.0194135 0.01596 0.994984 0.0987515 0.0179228 -0.0990329 0.994923 0.0501527 1.81746 -0.713938</i>
                        <i>0.996429 -0.083175 0.0145206 0.0595276 0.814007 0.577796 -0.0598781 -0.574869 0.816052 0.0537304 1.82022 -0.713586</i>
                        <i>0.988621 -0.143642 0.0446761 0.0597764 0.647661 0.75958 -0.138043 -0.748266 0.648877 0.0566979 1.81553 -0.711537</i>
                        <i>0.979089 -0.191421 0.0688638 0.0380381 0.504806 0.862395 -0.199843 -0.841742 0.501531 0.0577587 1.80585 -0.707083</i>
                        <i>0.97115 -0.222749 0.0851478 -0.0269999 0.252057 0.967336 -0.236935 -0.941727 0.238771 0.0565492 1.79262 -0.699135</i>
                        <i>0.967902 -0.234009 0.0916801 -0.0567163 0.152001 0.986752 -0.244845 -0.960279 0.13385 0.0542109 1.77912 -0.687903</i>
                    </KeyFrames>
                </p>
            </i>
            <i>
                <p>
                    <Name><![CDATA[ponytail_3]]></Name>
                    <Exclude>1</Exclude>
                    <Additive>0</Additive>
                    <IKPriority>0</IKPriority>
                    <IKRotLimits>-1e+010 -1e+010 -1e+010 1e+010 1e+010 1e+010</IKRotLimits>
                    <IKRotLimitOrder>0</IKRotLimitOrder>
                    <KeyFrames count="25">
                        <i>0.967902 -0.234009 0.0916801 -0.0856741 0.0357255 0.995682 -0.236274 -0.971578 0.0145304 0.0549919 1.75267 -0.763642</i>
                        <i>0.97099 -0.22278 0.0868696 -0.109501 -0.0913105 0.989784 -0.212572 -0.970583 -0.113056 0.048342 1.72587 -0.741523</i>
                        <i>0.978817 -0.191474 0.0724908 -0.0720941 0.00904654 0.997357 -0.191623 -0.981456 -0.00494915 0.0449357 1.70212 -0.713532</i>
                        <i>0.988376 -0.143688 0.0496627 0.0142935 0.413049 0.910597 -0.151355 -0.899302 0.410302 0.0496507 1.70433 -0.701994</i>
                        <i>0.996327 -0.0831947 0.0202915 0.0588926 0.837711 0.542929 -0.0621673 -0.53974 0.839533 0.056243 1.723 -0.691951</i>
                        <i>0.999814 -0.0141113 -0.0131403 0.0135929 0.999157 -0.0387423 0.0136759 0.0385565 0.999163 0.0614163 1.73273 -0.679288</i>
                        <i>0.997068 0.0591366 -0.0485589 -0.0759784 0.840412 -0.536595 0.00907712 0.538711 0.842442 0.0658968 1.735 -0.68085</i>
                        <i>0.987704 0.131978 -0.0838055 -0.147156 0.603826 -0.783416 -0.0527895 0.786115 0.615822 0.0668025 1.7358 -0.718923</i>
                        <i>0.972826 0.199945 -0.116759 -0.215014 0.593032 -0.775939 -0.0859034 0.779958 0.619908 0.0610825 1.75149 -0.759622</i>
                        <i>0.954899 0.258889 -0.145411 -0.281778 0.944516 -0.168793 0.0936439 0.202154 0.974866 0.0564675 1.75913 -0.773305</i>
                        <i>0.937395 0.305088 -0.167967 -0.127047 0.748614 0.65072 0.324269 -0.588642 0.740507 0.0536822 1.76054 -0.777939</i>
                        <i>0.924228 0.335198 -0.182881 0.089556 0.275299 0.957178 0.371191 -0.901029 0.224419 0.0497735 1.76614 -0.778854</i>
                        <i>0.919069 0.345993 -0.188681 0.229337 -0.0802021 0.970037 0.320493 -0.934803 -0.15306 0.0513108 1.76203 -0.770435</i>
                        <i>0.923953 0.335167 -0.184317 0.240048 -0.132921 0.961618 0.297803 -0.932735 -0.203269 0.0654199 1.7284 -0.753219</i>
                        <i>0.936917 0.304995 -0.170778 0.171568 0.0244217 0.98487 0.304551 -0.952041 -0.0294463 0.0778412 1.69676 -0.726252</i>
                        <i>0.954296 0.258786 -0.149494 0.0422756 0.378294 0.92472 0.295857 -0.888777 0.350064 0.0777541 1.68688 -0.708081</i>
                        <i>0.972202 0.199883 -0.121944 -0.0862926 0.79002 0.606978 0.217663 -0.579582 0.785308 0.0711567 1.69171 -0.69358</i>
                        <i>0.987183 0.131951 -0.0897682 -0.133336 0.991024 -0.00959276 0.0876967 0.0214392 0.995916 0.0617611 1.71139 -0.682658</i>
                        <i>0.99674 0.0591276 -0.0548932 -0.0798655 0.819555 -0.567408 0.0114386 0.569942 0.821605 0.053942 1.73249 -0.683635</i>
                        <i>0.999712 -0.014109 -0.0194135 -0.00819678 0.559546 -0.828759 0.0225557 0.828679 0.559269 0.0489438 1.73735 -0.717966</i>
                        <i>0.996429 -0.083175 0.0145206 0.0591426 0.56483 -0.823086 0.0602584 0.821005 0.567732 0.0487265 1.75274 -0.756699</i>
                        <i>0.988621 -0.143642 0.0446761 0.148652 0.97838 -0.143787 -0.0230564 0.148792 0.9886 0.0513689 1.76071 -0.769869</i>
                        <i>0.979089 -0.191421 0.0688638 0.0792949 0.670843 0.737348 -0.187341 -0.716469 0.671994 0.0539303 1.76211 -0.77423</i>
                        <i>0.97115 -0.222749 0.0851478 -0.0431924 0.186851 0.981438 -0.234525 -0.956802 0.171839 0.0577875 1.76875 -0.775717</i>
                        <i>0.967902 -0.234009 0.0916801 -0.117849 -0.100387 0.987944 -0.221985 -0.967038 -0.124742 0.0577996 1.76319 -0.76645</i>
                    </KeyFrames>
                </p>
            </i>
            <i>
                <p>
                    <Name><![CDATA[l_clav]]></Name>
                    <Exclude>0</Exclude>
                    <Additive>0</Additive>
                    <IKPriority>0</IKPriority>
                    <IKRotLimits>-1e+010 -1e+010 -1e+010 1e+010 1e+010 1e+010</IKRotLimits>
                    <IKRotLimitOrder>0</IKRotLimitOrder>
                    <KeyFrames count="25">
                        <i>0.984334 0.165145 -0.0617601 -0.155851 0.651161 -0.742765 -0.0824482 0.740754 0.666698 0.155458 1.62234 -0.271072</i>
                        <i>0.98424 0.166077 -0.0607393 -0.155517 0.649429 -0.74435 -0.0841734 0.742065 0.665022 0.156522 1.62417 -0.269259</i>
                        <i>0.983968 0.168388 -0.0587666 -0.155348 0.647355 -0.746189 -0.0876062 0.743355 0.663135 0.157545 1.62612 -0.267367</i>
                        <i>0.983714 0.170078 -0.058144 -0.155768 0.64526 -0.747914 -0.0896855 0.744791 0.661244 0.157442 1.62714 -0.266564</i>
                        <i>0.983476 0.171825 -0.0570232 -0.155793 0.642802 -0.750023 -0.0922181 0.746513 0.658949 0.156162 1.62707 -0.266921</i>
                        <i>0.98314 0.174956 -0.0531705 -0.154573 0.639813 -0.752826 -0.0976919 0.748352 0.656069 0.154462 1.62659 -0.267603</i>
                        <i>0.982765 0.178434 -0.0483073 -0.152776 0.636858 -0.755693 -0.104077 0.750049 0.653142 0.152467 1.62594 -0.268421</i>
                        <i>0.98245 0.181226 -0.0441555 -0.151109 0.634492 -0.758015 -0.109355 0.751384 0.650741 0.15031 1.62534 -0.269182</i>
                        <i>0.982328 0.182292 -0.0424363 -0.150311 0.633256 -0.759206 -0.111524 0.752168 0.649466 0.14813 1.62503 -0.269689</i>
                        <i>0.982442 0.181388 -0.0436671 -0.150714 0.633627 -0.758817 -0.109972 0.752074 0.649839 0.146087 1.62481 -0.27013</i>
                        <i>0.982672 0.1795 -0.0462055 -0.151645 0.635245 -0.757276 -0.106579 0.751161 0.651458 0.144227 1.62439 -0.270717</i>
                        <i>0.982935 0.177435 -0.0485334 -0.152355 0.637396 -0.755324 -0.103086 0.749829 0.653552 0.142513 1.6239 -0.27129</i>
