<?xml version="1.0" encoding="ISO-8859-1" ?>
<Animl Version="1">
    <ModellingPackage><![CDATA[Maya.2010]]></ModellingPackage>
    <SrcFile><![CDATA[anims\characters\shared\commando\~src\commando_fall.mb]]></SrcFile>
    <FramesPerSecond>30</FramesPerSecond>
    <TotalFrames>22</TotalFrames>
    <Skeleton>
        <RefFrame>
            <Name><![CDATA[commando_ref_frame]]></Name>
            <Exclude>0</Exclude>
            <Additive>0</Additive>
            <IKPriority>0</IKPriority>
            <IKRotLimits>-1e+010 -1e+010 -1e+010 1e+010 1e+010 1e+010</IKRotLimits>
            <IKRotLimitOrder>0</IKRotLimitOrder>
            <KeyFrames count="22">
                <i>1 0 0 0 1 0 0 0 1 0.10255 0 -0.20275</i>
                <i>1 0 0 0 1 0 0 0 1 0.10255 0 -0.20275</i>
                <i>1 0 0 0 1 0 0 0 1 0.10255 0 -0.20275</i>
                <i>1 0 0 0 1 0 0 0 1 0.10255 0 -0.20275</i>
                <i>1 0 0 0 1 0 0 0 1 0.10255 0 -0.20275</i>
                <i>1 0 0 0 1 0 0 0 1 0.10255 0 -0.20275</i>
                <i>1 0 0 0 1 0 0 0 1 0.10255 0 -0.20275</i>
                <i>1 0 0 0 1 0 0 0 1 0.10255 0 -0.20275</i>
                <i>1 0 0 0 1 0 0 0 1 0.10255 0 -0.20275</i>
                <i>1 0 0 0 1 0 0 0 1 0.10255 0 -0.20275</i>
                <i>1 0 0 0 1 0 0 0 1 0.10255 0 -0.20275</i>
                <i>1 0 0 0 1 0 0 0 1 0.10255 0 -0.20275</i>
                <i>1 0 0 0 1 0 0 0 1 0.10255 0 -0.20275</i>
                <i>1 0 0 0 1 0 0 0 1 0.10255 0 -0.20275</i>
                <i>1 0 0 0 1 0 0 0 1 0.10255 0 -0.20275</i>
                <i>1 0 0 0 1 0 0 0 1 0.10255 0 -0.20275</i>
                <i>1 0 0 0 1 0 0 0 1 0.10255 0 -0.20275</i>
                <i>1 0 0 0 1 0 0 0 1 0.10255 0 -0.20275</i>
                <i>1 0 0 0 1 0 0 0 1 0.10255 0 -0.20275</i>
                <i>1 0 0 0 1 0 0 0 1 0.10255 0 -0.20275</i>
                <i>1 0 0 0 1 0 0 0 1 0.10255 0 -0.20275</i>
                <i>1 0 0 0 1 0 0 0 1 0.10255 0 -0.20275</i>
            </KeyFrames>
        </RefFrame>
        <Bones count="28">
            <i>
                <p>
                    <Name><![CDATA[pelvis]]></Name>
                    <Exclude>0</Exclude>
                    <Additive>0</Additive>
                    <IKPriority>0</IKPriority>
                    <IKRotLimits>-1e+010 -1e+010 -1e+010 1e+010 1e+010 1e+010</IKRotLimits>
                    <IKRotLimitOrder>2</IKRotLimitOrder>
                    <KeyFrames count="22">
                        <i>1 0 0 0 1 0 0 0 1 0.102546 1.31613 -0.202753</i>
                        <i>1 0 0 0 1 0 0 0 1 0.102546 1.31536 -0.202753</i>
                        <i>1 0 0 0 1 0 0 0 1 0.102546 1.31337 -0.202753</i>
                        <i>1 0 0 0 1 0 0 0 1 0.102546 1.31065 -0.202753</i>
                        <i>1 0 0 0 1 0 0 0 1 0.102546 1.3077 -0.202753</i>
                        <i>1 0 0 0 1 0 0 0 1 0.102546 1.30498 -0.202753</i>
                        <i>1 0 0 0 1 0 0 0 1 0.102546 1.30299 -0.202753</i>
                        <i>1 0 0 0 1 0 0 0 1 0.102546 1.30222 -0.202753</i>
                        <i>1 0 0 0 1 0 0 0 1 0.102546 1.30242 -0.202753</i>
                        <i>1 0 0 0 1 0 0 0 1 0.102546 1.30299 -0.202753</i>
                        <i>1 0 0 0 1 0 0 0 1 0.102546 1.30386 -0.202753</i>
                        <i>1 0 0 0 1 0 0 0 1 0.102546 1.30498 -0.202753</i>
                        <i>1 0 0 0 1 0 0 0 1 0.102546 1.30628 -0.202753</i>
                        <i>1 0 0 0 1 0 0 0 1 0.102546 1.3077 -0.202753</i>
                        <i>1 0 0 0 1 0 0 0 1 0.102546 1.30917 -0.202753</i>
                        <i>1 0 0 0 1 0 0 0 1 0.102546 1.31065 -0.202753</i>
                        <i>1 0 0 0 1 0 0 0 1 0.102546 1.31207 -0.202753</i>
                        <i>1 0 0 0 1 0 0 0 1 0.102546 1.31337 -0.202753</i>
                        <i>1 0 0 0 1 0 0 0 1 0.102546 1.31449 -0.202753</i>
                        <i>1 0 0 0 1 0 0 0 1 0.102546 1.31536 -0.202753</i>
                        <i>1 0 0 0 1 0 0 0 1 0.102546 1.31593 -0.202753</i>
                        <i>1 0 0 0 1 0 0 0 1 0.102546 1.31613 -0.202753</i>
                    </KeyFrames>
                </p>
            </i>
            <i>
                <p>
                    <Name><![CDATA[spine0]]></Name>
                    <Exclude>0</Exclude>
                    <Additive>0</Additive>
                    <IKPriority>0</IKPriority>
                    <IKRotLimits>-1e+010 -1e+010 -1e+010 1e+010 1e+010 1e+010</IKRotLimits>
                    <IKRotLimitOrder>0</IKRotLimitOrder>
                    <KeyFrames count="22">
                        <i>-0.0423028 0.940451 0.337287 -0.916214 0.0981174 -0.388491 -0.39845 -0.325462 0.857504 0.132693 1.45592 -0.21846</i>
                        <i>-0.0434396 0.940804 0.336157 -0.916284 0.0965818 -0.388709 -0.398166 -0.324901 0.857848 0.132293 1.45523 -0.218493</i>
                        <i>-0.0451658 0.941728 0.333328 -0.916429 0.0937565 -0.389059 -0.39764 -0.323044 0.858793 0.131262 1.45345 -0.218581</i>
                        <i>-0.0471022 0.942989 0.329473 -0.91661 0.0902876 -0.389454 -0.396998 -0.320343 0.860101 0.129849 1.451 -0.218703</i>
                        <i>-0.0488926 0.944364 0.325247 -0.916794 0.0867905 -0.389815 -0.396356 -0.317244 0.861544 0.128306 1.44831 -0.218838</i>
                        <i>-0.0501793 0.945657 0.321272 -0.916955 0.0838661 -0.390077 -0.395823 -0.314166 0.862916 0.126889 1.44584 -0.218965</i>
                        <i>-0.0507061 0.946692 0.318124 -0.917068 0.0820042 -0.390206 -0.395492 -0.311527 0.864024 0.12585 1.44401 -0.21906</i>
                        <i>-0.0503291 0.947307 0.316347 -0.91711 0.0815788 -0.390197 -0.395443 -0.309763 0.86468 0.125447 1.44331 -0.219097</i>
                        <i>-0.0493098 0.947463 0.316043 -0.917094 0.082384 -0.390066 -0.39561 -0.309075 0.86485 0.125553 1.44349 -0.219087</i>
                        <i>-0.0480836 0.947308 0.316695 -0.917053 0.0837876 -0.389864 -0.395856 -0.309172 0.864703 0.12585 1.44401 -0.21906</i>
                        <i>-0.0467111 0.946972 0.317901 -0.91699 0.085566 -0.389625 -0.396165 -0.309712 0.864368 0.126306 1.44481 -0.219018</i>
                        <i>-0.0452891 0.946485 0.319554 -0.916909 0.0875848 -0.389367 -0.396518 -0.310636 0.863874 0.126889 1.44584 -0.218965</i>
                        <i>-0.0439156 0.945875 0.321546 -0.916814 0.0897091 -0.389107 -0.396892 -0.311886 0.863252 0.127566 1.44702 -0.218904</i>
                        <i>-0.0426888 0.945172 0.32377 -0.91671 0.0918029 -0.388864 -0.397267 -0.313404 0.86253 0.128306 1.44831 -0.218838</i>
                        <i>-0.0417079 0.944408 0.326118 -0.916603 0.0937291 -0.388657 -0.397617 -0.315131 0.861738 0.129078 1.44966 -0.21877</i>
                        <i>-0.0410634 0.943617 0.328482 -0.916501 0.0953577 -0.388501 -0.397919 -0.317008 0.86091 0.129849 1.451 -0.218703</i>
                        <i>-0.0407407 0.942834 0.330763 -0.916409 0.0966576 -0.388397 -0.398165 -0.318937 0.860084 0.130587 1.45228 -0.218639</i>
                        <i>-0.0406817 0.942098 0.33286 -0.91633 0.0976373 -0.388337 -0.398351 -0.320808 0.859301 0.131262 1.45345 -0.218581</i>
                        <i>-0.040845 0.941449 0.334671 -0.916269 0.0982883 -0.388317 -0.398475 -0.322509 0.858607 0.131841 1.45445 -0.218532</i>
                        <i>-0.0411948 0.94093 0.336086 -0.916228 0.0985948 -0.388337 -0.398534 -0.323929 0.858045 0.132293 1.45523 -0.218493</i>
                        <i>-0.0416936 0.940583 0.336995 -0.916209 0.0985424 -0.388395 -0.398526 -0.324951 0.857662 0.132588 1.45573 -0.218469</i>
                        <i>-0.0423028 0.940451 0.337287 -0.916214 0.0981174 -0.388491 -0.39845 -0.325462 0.857504 0.132693 1.45592 -0.21846</i>
                    </KeyFrames>
                </p>
            </i>
            <i>
                <p>
                    <Name><![CDATA[spine1]]></Name>
                    <Exclude>0</Exclude>
                    <Additive>0</Additive>
                    <IKPriority>0</IKPriority>
                    <IKRotLimits>-1e+010 -1e+010 -1e+010 1e+010 1e+010 1e+010</IKRotLimits>
                    <IKRotLimitOrder>0</IKRotLimitOrder>
                    <KeyFrames count="22">
                        <i>-0.206345 0.834533 0.510858 -0.972747 -0.118529 -0.199282 -0.105756 -0.538057 0.836248 0.12476 1.63322 -0.15497</i>
                        <i>-0.207584 0.83574 0.508378 -0.972574 -0.120586 -0.198893 -0.104919 -0.535722 0.837851 0.124136 1.63283 -0.155136</i>
                        <i>-0.204844 0.839709 0.502918 -0.973029 -0.119012 -0.197615 -0.106086 -0.529834 0.84144 0.122755 1.63175 -0.155576</i>
                        <i>-0.19937 0.84537 0.495581 -0.973893 -0.114909 -0.195778 -0.108558 -0.521675 0.846209 0.120942 1.63024 -0.156186</i>
                        <i>-0.192246 0.851704 0.487485 -0.974963 -0.109194 -0.193712 -0.111754 -0.51252 0.851372 0.119022 1.62859 -0.156864</i>
                        <i>-0.184501 0.857785 0.479754 -0.97606 -0.102711 -0.191724 -0.115182 -0.503642 0.8562 0.117322 1.62708 -0.15751</i>
                        <i>-0.177444 0.862754 0.473465 -0.976995 -0.0965988 -0.190131 -0.1183 -0.49631 0.860047 0.116156 1.62599 -0.158033</i>
                        <i>-0.172699 0.865797 0.46965 -0.977574 -0.0923242 -0.189273 -0.120512 -0.491805 0.862325 0.115815 1.62561 -0.158342</i>
                        <i>-0.169904 0.866768 0.468877 -0.977886 -0.0894147 -0.189058 -0.121945 -0.49063 0.862793 0.11612 1.62576 -0.158412</i>
                        <i>-0.167742 0.866385 0.470362 -0.978116 -0.0866915 -0.189138 -0.12309 -0.491795 0.861967 0.116661 1.62607 -0.15832</i>
                        <i>-0.166253 0.8652 0.473064 -0.978257 -0.0843916 -0.189451 -0.123991 -0.494275 0.860418 0.117394 1.62653 -0.158136</i>
                        <i>-0.165573 0.863319 0.476724 -0.978297 -0.082717 -0.18998 -0.12458 -0.497833 0.858278 0.118265 1.62712 -0.157879</i>
                        <i>-0.165839 0.860849 0.481079 -0.978227 -0.0818771 -0.190706 -0.124779 -0.502231 0.855684 0.119222 1.62779 -0.157567</i>
                        <i>-0.167192 0.857897 0.48586 -0.978032 -0.0820893 -0.191609 -0.124497 -0.507223 0.852775 0.120215 1.62854 -0.157216</i>
                        <i>-0.16977 0.854575 0.490795 -0.977698 -0.0835789 -0.192666 -0.123628 -0.512558 0.849706 0.121191 1.62932 -0.156842</i>
                        <i>-0.173685 0.851002 0.49561 -0.977206 -0.0865487 -0.193848 -0.122071 -0.517981 0.846637 0.1221 1.63011 -0.156462</i>
                        <i>-0.17874 0.847333 0.500079 -0.976568 -0.0908667 -0.195085 -0.119861 -0.52323 0.84372 0.122915 1.63087 -0.156091</i>
                        <i>-0.1846 0.843745 0.504002 -0.975811 -0.0962425 -0.196289 -0.117112 -0.528046 0.841102 0.123613 1.63159 -0.155744</i>
                        <i>-0.190803 0.840441 0.507202 -0.974982 -0.102227 -0.197384 -0.11404 -0.532174 0.83892 0.124172 1.63222 -0.15544</i>
                        <i>-0.196837 0.837645 0.509515 -0.974141 -0.108295 -0.198295 -0.110923 -0.535372 0.837301 0.124565 1.63272 -0.155196</i>
                        <i>-0.202189 0.835595 0.510785 -0.973367 -0.11391 -0.19895 -0.108058 -0.537407 0.836371 0.12477 1.63307 -0.155033</i>
                        <i>-0.206345 0.834533 0.510858 -0.972747 -0.118529 -0.199282 -0.105756 -0.538057 0.836248 0.12476 1.63322 -0.15497</i>
                    </KeyFrames>
                </p>
            </i>
            <i>
                <p>
                    <Name><![CDATA[spine2]]></Name>
                    <Exclude>0</Exclude>
                    <Additive>0</Additive>
                    <IKPriority>0</IKPriority>
                    <IKRotLimits>-1e+010 -1e+010 -1e+010 1e+010 1e+010 1e+010</IKRotLimits>
                    <IKRotLimitOrder>0</IKRotLimitOrder>
                    <KeyFrames count="22">
                        <i>-0.205298 0.785897 0.583283 -0.968231 -0.250026 -0.00391098 0.142762 -0.565556 0.81226 0.0892004 1.77782 -0.0660595</i>
                        <i>-0.209563 0.786798 0.580544 -0.966962 -0.254896 -0.00359577 0.145149 -0.562118 0.814221 0.0883146 1.77783 -0.0665363</i>
                        <i>-0.210919 0.790481 0.575025 -0.966496 -0.256676 -0.00165969 0.146283 -0.556109 0.818134 0.0873027 1.77787 -0.0676593</i>
                        <i>-0.210076 0.795978 0.567703 -0.966657 -0.256072 0.00133215 0.146433 -0.548494 0.823233 0.086303 1.77793 -0.0691953</i>
                        <i>-0.207377 0.802386 0.559618 -0.967352 -0.25339 0.00484124 0.145686 -0.540343 0.828737 0.0854794 1.77803 -0.0709093</i>
                        <i>-0.2031 0.808838 0.551843 -0.968495 -0.248892 0.00835655 0.144108 -0.53276 0.833906 0.0850068 1.77819 -0.0725671</i>
                        <i>-0.197953 0.814456 0.545414 -0.969877 -0.243331 0.0113537 0.141963 -0.526737 0.83809 0.0849894 1.77842 -0.0739445</i>
                        <i>-0.193109 0.818337 0.541325 -0.971181 -0.237971 0.0132949 0.139699 -0.523158 0.840708 0.0854497 1.77876 -0.0748283</i>
                        <i>-0.188536 0.819996 0.540427 -0.972407 -0.232866 0.0140916 0.137402 -0.522858 0.841273 0.0862596 1.77903 -0.0750651</i>
                        <i>-0.183745 0.819975 0.542107 -0.973662 -0.227553 0.0141709 0.134978 -0.525225 0.84019 0.0872131 1.77912 -0.0747959</i>
                        <i>-0.179035 0.819022 0.545113 -0.974879 -0.222307 0.0138259 0.132506 -0.528944 0.838248 0.0882526 1.77914 -0.0742645</i>
                        <i>-0.174795 0.817245 0.549142 -0.975962 -0.217545 0.0131005 0.13017 -0.533652 0.835626 0.0892991 1.77911 -0.0735261</i>
                        <i>-0.171416 0.814758 0.553883 -0.976827 -0.213693 0.0120316 0.128164 -0.538985 0.832507 0.0902735 1.77902 -0.0726356</i>
                        <i>-0.169289 0.811684 0.559026 -0.977389 -0.211183 0.0106481 0.1267 -0.544583 0.829082 0.091097 1.7789 -0.0716476</i>
                        <i>-0.168803 0.80816 0.564255 -0.977563 -0.210452 0.00897306 0.126 -0.55008 0.825552 0.0916917 1.77874 -0.070616</i>
                        <i>-0.170312 0.804324 0.56926 -0.977265 -0.211906 0.00702996 0.126284 -0.55512 0.822127 0.0919862 1.77857 -0.069594</i>
                        <i>-0.173775 0.800352 0.573794 -0.976485 -0.215528 0.0048971 0.127588 -0.55945 0.818985 0.091984 1.77839 -0.0686265</i>
                        <i>-0.178963 0.796431 0.577641 -0.97525 -0.22109 0.00268335 0.129848 -0.562864 0.816286 0.0917205 1.77822 -0.0677557</i>
                        <i>-0.18535 0.79278 0.580642 -0.973655 -0.228027 0.000529926 0.132822 -0.565247 0.814159 0.0912493 1.77807 -0.0670226</i>
                        <i>-0.192293 0.789636 0.582664 -0.971842 -0.23563 -0.00140105 0.136187 -0.566527 0.812712 0.0906316 1.77794 -0.066468</i>
                        <i>-0.199153 0.787253 0.583584 -0.969972 -0.243197 -0.00293942 0.139612 -0.566646 0.812048 0.0899282 1.77786 -0.0661332</i>
                        <i>-0.205298 0.785897 0.583283 -0.968231 -0.250026 -0.00391098 0.142762 -0.565556 0.81226 0.0892004 1.77782 -0.0660595</i>
                    </KeyFrames>
                </p>
            </i>
            <i>
                <p>
                    <Name><![CDATA[head]]></Name>
                    <Exclude>0</Exclude>
                    <Additive>0</Additive>
                    <IKPriority>0</IKPriority>
                    <IKRotLimits>-1e+010 -1e+010 -1e+010 1e+010 1e+010 1e+010</IKRotLimits>
                    <IKRotLimitOrder>0</IKRotLimitOrder>
                    <KeyFrames count="22">
                        <i>-0.0105988 0.949755 0.312815 0.032161 0.312995 -0.94921 -0.999426 1.72416e-008 -0.0338625 0.0398036 2.00112 0.0752102</i>
                        <i>-0.0109617 0.949757 0.312795 0.0301967 0.312986 -0.949278 -0.999484 -0.000960271 -0.0321103 0.0374046 2.00144 0.0741128</i>
                        <i>-0.0130119 0.94965 0.313041 0.028477 0.313293 -0.94923 -0.99951 -0.00343683 -0.0311197 0.0353467 2.00261 0.0717621</i>
                        <i>-0.0161308 0.949462 0.313467 0.0270733 0.313808 -0.9491 -0.999503 -0.00682322 -0.0307671 0.0336994 2.00436 0.068589</i>
                        <i>-0.0197386 0.949217 0.314001 0.0261709 0.314445 -0.948915 -0.999463 -0.0105126 -0.0310486 0.0326801 2.0064 0.065047</i>
                        <i>-0.0232645 0.948945 0.314582 0.0259792 0.315135 -0.948691 -0.999392 -0.0138982 -0.0319844 0.0325428 2.0085 0.0616017</i>
                        <i>-0.0260867 0.948684 0.315147 0.0265538 0.3158 -0.948454 -0.999307 -0.0163737 -0.0334293 0.0333521 2.0104 0.0587023</i>
                        <i>-0.0275261 0.948483 0.315629 0.0277807 0.316352 -0.948235 -0.999235 -0.0173328 -0.0350574 0.0349575 2.01182 0.0567767</i>
                        <i>-0.0278514 0.948373 0.315932 0.0295187 0.316697 -0.948067 -0.999176 -0.0170791 -0.0368152 0.0371676 2.0125 0.0562496</i>
                        <i>-0.027791 0.948335 0.316051 0.0315581 0.316848 -0.947951 -0.999116 -0.0163705 -0.0387331 0.0397189 2.01253 0.056893</i>
                        <i>-0.027379 0.948339 0.316076 0.0337525 0.316891 -0.947861 -0.999055 -0.0152831 -0.040685 0.0424412 2.01221 0.0581225</i>
                        <i>-0.0266371 0.948382 0.316008 0.0359294 0.316824 -0.947803 -0.998999 -0.0138928 -0.0425141 0.0451174 2.01159 0.0598054</i>
                        <i>-0.025587 0.948463 0.315854 0.0379148 0.31665 -0.947784 -0.998953 -0.0122754 -0.0440629 0.0475314 2.01071 0.0618096</i>
                        <i>-0.0242503 0.948575 0.315622 0.0395339 0.316378 -0.947809 -0.998924 -0.0105069 -0.0451731 0.0494684 2.00962 0.0640044</i>
                        <i>-0.022649 0.948714 0.315324 0.040611 0.316017 -0.947884 -0.998918 -0.00866299 -0.0456857 0.0507155 2.00839 0.0662602</i>
                        <i>-0.0208096 0.948873 0.314972 0.0409826 0.315585 -0.948012 -0.998943 -0.00681936 -0.0454545 0.0510781 2.00707 0.0684508</i>
                        <i>-0.0188086 0.949044 0.314583 0.0406329 0.315104 -0.948187 -0.998997 -0.00505162 -0.044489 0.0505461 2.00572 0.0704734</i>
                        <i>-0.0167455 0.949219 0.314171 0.0396153 0.314599 -0.948398 -0.999075 -0.00343535 -0.0428716 0.0491956 2.00442 0.072236</i>
                        <i>-0.0147504 0.949388 0.313759 0.0380752 0.314099 -0.948626 -0.999166 -0.00204623 -0.0407813 0.0472145 2.00323 0.0736614</i>
                        <i>-0.0129663 0.949542 0.313373 0.0361967 0.313639 -0.948852 -0.999261 -0.000960081 -0.038437 0.0448355 2.00224 0.0746788</i>
                        <i>-0.0115352 0.949668 0.313045 0.0341639 0.313258 -0.949053 -0.99935 -0.000252661 -0.0360579 0.0422892 2.0015 0.0752183</i>
                        <i>-0.0105988 0.949755 0.312815 0.032161 0.312995 -0.94921 -0.999426 1.72416e-008 -0.0338625 0.0398036 2.00112 0.0752102</i>
                    </KeyFrames>
                </p>
            </i>
            <i>
                <p>
                    <Name><![CDATA[head_prop]]></Name>
                    <Exclude>0</Exclude>
                    <Additive>0</Additive>
                    <IKPriority>0</IKPriority>
                    <IKRotLimits>-1e+010 -1e+010 -1e+010 1e+010 1e+010 1e+010</IKRotLimits>
                    <IKRotLimitOrder>0</IKRotLimitOrder>
                    <KeyFrames count="22">
                        <i>0.999426 -1.72416e-008 0.0338625 -0.0105988 0.949755 0.312815 -0.032161 -0.312995 0.94921 0.00588457 2.00184 0.308464</i>
                        <i>0.999484 0.000960271 0.0321103 -0.0109617 0.949757 0.312795 -0.0301967 -0.312986 0.949278 0.00389385 2.00214 0.307425</i>
                        <i>0.99951 0.00343683 0.0311197 -0.0130119 0.94965 0.313041 -0.028477 -0.313293 0.94923 0.00206576 2.00317 0.305108</i>
                        <i>0.999503 0.00682322 0.0307671 -0.0161308 0.949462 0.313467 -0.0270733 -0.313808 0.9491 0.000499817 2.0047 0.301947</i>
                        <i>0.999463 0.0105126 0.0310486 -0.0197386 0.949217 0.314001 -0.0261709 -0.314445 0.948915 -0.000584805 2.00649 0.298396</i>
                        <i>0.999392 0.0138982 0.0319844 -0.0232645 0.948945 0.314582 -0.0259792 -0.315135 0.948691 -0.000938639 2.00832 0.294919</i>
                        <i>0.999307 0.0163737 0.0334293 -0.0260867 0.948684 0.315147 -0.0265538 -0.3158 0.948454 -0.000463778 2.00999 0.291972</i>
                        <i>0.999235 0.0173328 0.0350574 -0.0275261 0.948483 0.315629 -0.0277807 -0.316352 0.948235 0.000764354 2.01126 0.289991</i>
                        <i>0.999176 0.0170791 0.0368152 -0.0278514 0.948373 0.315932 -0.0295187 -0.316697 0.948067 0.00256558 2.01186 0.289403</i>
                        <i>0.999116 0.0163705 0.0387331 -0.027791 0.948335 0.316051 -0.0315581 -0.316848 0.947951 0.0046696 2.01186 0.28998</i>
                        <i>0.999055 0.0152831 0.040685 -0.027379 0.948339 0.316076 -0.0337525 -0.316891 0.947861 0.00693618 2.01156 0.29114</i>
                        <i>0.998999 0.0138928 0.0425141 -0.0266371 0.948382 0.316008 -0.0359294 -0.316824 0.947803 0.00918493 2.011 0.292758</i>
                        <i>0.998953 0.0122754 0.0440629 -0.025587 0.948463 0.315854 -0.0379148 -0.31665 0.947784 0.0112365 2.0102 0.294706</i>
                        <i>0.998924 0.0105069 0.0451731 -0.0242503 0.948575 0.315622 -0.0395339 -0.316378 0.947809 0.0129133 2.00923 0.29686</i>
                        <i>0.998918 0.00866299 0.0456857 -0.022649 0.948714 0.315324 -0.040611 -0.316017 0.947884 0.0140397 2.00814 0.299097</i>
                        <i>0.998943 0.00681936 0.0454545 -0.0208096 0.948873 0.314972 -0.0409826 -0.315585 0.948012 0.0144551 2.00697 0.301296</i>
                        <i>0.998997 0.00505162 0.044489 -0.0188086 0.949044 0.314583 -0.0406329 -0.315104 0.948187 0.0141476 2.00579 0.303354</i>
                        <i>0.999075 0.00343535 0.0428716 -0.0167455 0.949219 0.314171 -0.0396153 -0.314599 0.948398 0.0131739 2.00466 0.305175</i>
                        <i>0.999166 0.00204623 0.0407813 -0.0147504 0.949388 0.313759 -0.0380752 -0.314099 0.948626 0.0116804 2.00363 0.306675</i>
                        <i>0.999261 0.000960081 0.038437 -0.0129663 0.949542 0.313373 -0.0361967 -0.313639 0.948852 0.00984862 2.00278 0.307775</i>
                        <i>0.99935 0.000252661 0.0360579 -0.0115352 0.949668 0.313045 -0.0341639 -0.313258 0.949053 0.00785768 2.00215 0.308397</i>
                        <i>0.999426 -1.72416e-008 0.0338625 -0.0105988 0.949755 0.312815 -0.032161 -0.312995 0.94921 0.00588457 2.00184 0.308464</i>
                    </KeyFrames>
                </p>
            </i>
            <i>
                <p>
                    <Name><![CDATA[ponytail_1]]></Name>
                    <Exclude>0</Exclude>
                    <Additive>0</Additive>
                    <IKPriority>0</IKPriority>
                    <IKRotLimits>-1e+010 -1e+010 -1e+010 1e+010 1e+010 1e+010</IKRotLimits>
                    <IKRotLimitOrder>0</IKRotLimitOrder>
                    <KeyFrames count="22">
                        <i>0.968124 -0.245781 -0.0482423 0.0247671 -0.0977252 0.994905 -0.249243 -0.964387 -0.0885228 0.0330996 2.2008 0.00625745</i>
                        <i>0.968274 -0.244854 -0.0499296 0.0377188 -0.0543109 0.997811 -0.247029 -0.968038 -0.0433521 0.0303881 2.20112 0.00516396</i>
                        <i>0.968829 -0.242434 -0.0509501 0.0508701 -0.00659406 0.998683 -0.242451 -0.970146 0.00594414 0.0277655 2.20229 0.00286973</i>
                        <i>0.96963 -0.239114 -0.0514011 0.0608492 0.0322955 0.997624 -0.236886 -0.970454 0.0458647 0.0254146 2.20404 -0.000212056</i>
                        <i>0.970524 -0.235487 -0.0512673 0.0645851 0.0491886 0.996699 -0.232188 -0.970632 0.0629476 0.0236737 2.20609 -0.00364307</i>
                        <i>0.971368 -0.232146 -0.0505137 0.0609847 0.038147 0.997409 -0.229618 -0.971933 0.0512121 0.0229197 2.2082 -0.00697057</i>
                        <i>0.972017 -0.229688 -0.049264 0.0527058 0.00887004 0.998571 -0.228922 -0.973224 0.0207276 0.0233285 2.21012 -0.00975788</i>
                        <i>0.97232 -0.228709 -0.0478163 0.0424695 -0.0282455 0.998699 -0.229762 -0.973085 -0.0177505 0.0248493 2.21157 -0.0115891</i>
                        <i>0.972347 -0.228926 -0.0461968 0.032643 -0.0626449 0.997502 -0.231248 -0.971426 -0.0534398 0.0272273 2.21228 -0.0120596</i>
                        <i>0.972273 -0.2296 -0.044375 0.0256455 -0.0839254 0.996142 -0.232439 -0.96966 -0.0757102 0.0300497 2.21232 -0.0113988</i>
                        <i>0.972108 -0.230652 -0.042496 0.0250633 -0.0779918 0.996639 -0.233191 -0.969906 -0.0700355 0.0331221 2.21202 -0.0101713</i>
                        <i>0.971862 -0.232006 -0.0407117 0.0286038 -0.0553164 0.998059 -0.233808 -0.97114 -0.0471236 0.0362017 2.21141 -0.00850894</i>
                        <i>0.971546 -0.233589 -0.0391758 0.0300107 -0.0426629 0.998639 -0.234942 -0.971399 -0.0344389 0.0390463 2.21053 -0.00654211</i>
                        <i>0.971172 -0.235326 -0.0380433 0.0271731 -0.0492649 0.998416 -0.236828 -0.970667 -0.0414501 0.0414151 2.20945 -0.00439956</i>
                        <i>0.970752 -0.237143 -0.0374711 0.0228583 -0.0640731 0.997683 -0.238995 -0.969359 -0.0567784 0.0430692 2.20821 -0.00220803</i>
                        <i>0.9703 -0.238965 -0.0376034 0.0180533 -0.0834802 0.996346 -0.241231 -0.967433 -0.0766867 0.0437883 2.20688 -9.07783e-005</i>
                        <i>0.969834 -0.240717 -0.0384352 0.0136243 -0.103899 0.994494 -0.243385 -0.965018 -0.0974853 0.0435477 2.20551 0.00185268</i>
                        <i>0.969375 -0.242323 -0.0398911 0.0104018 -0.121774 0.992503 -0.245364 -0.962523 -0.115524 0.0424133 2.20419 0.00353372</i>
                        <i>0.968947 -0.243709 -0.0418035 0.0091533 -0.133594 0.990994 -0.247099 -0.960603 -0.127214 0.0405701 2.20298 0.00487942</i>
                        <i>0.968577 -0.244798 -0.0439679 0.01063 -0.135874 0.990669 -0.248488 -0.960006 -0.129002 0.0382504 2.20196 0.00582426</i>
                        <i>0.968292 -0.245514 -0.0461812 0.0155905 -0.125111 0.99202 -0.249333 -0.961286 -0.117317 0.0356843 2.20121 0.0063045</i>
                        <i>0.968124 -0.245781 -0.0482423 0.0247671 -0.0977252 0.994905 -0.249243 -0.964387 -0.0885228 0.0330996 2.2008 0.00625745</i>
                    </KeyFrames>
                </p>
            </i>
            <i>
                <p>
                    <Name><![CDATA[ponytail_2]]></Name>
                    <Exclude>0</Exclude>
                    <Additive>0</Additive>
                    <IKPriority>0</IKPriority>
                    <IKRotLimits>-1e+010 -1e+010 -1e+010 1e+010 1e+010 1e+010</IKRotLimits>
                    <IKRotLimitOrder>0</IKRotLimitOrder>
                    <KeyFrames count="22">
                        <i>0.968124 -0.245781 -0.0482423 -0.0637807 -0.428168 0.901445 -0.242214 -0.869634 -0.430196 0.0277093 2.20183 -0.107124</i>
                        <i>0.968274 -0.244854 -0.0499296 -0.0552605 -0.404661 0.912795 -0.243706 -0.881076 -0.405353 0.0235568 2.1972 -0.108076</i>
                        <i>0.968829 -0.242434 -0.0509501 -0.0439777 -0.370714 0.927705 -0.243795 -0.896547 -0.36982 0.0194952 2.19295 -0.109957</i>
                        <i>0.96963 -0.239114 -0.0514011 -0.0269502 -0.313343 0.949258 -0.243087 -0.919043 -0.31027 0.0160741 2.1903 -0.112504</i>
                        <i>0.970524 -0.235487 -0.0512673 -0.00934904 -0.249352 0.968368 -0.240822 -0.939345 -0.244204 0.0139598 2.19044 -0.115653</i>
                        <i>0.971368 -0.232146 -0.0505137 0.000411007 -0.210977 0.977491 -0.237578 -0.949524 -0.204841 0.0136394 2.19378 -0.119183</i>
                        <i>0.972017 -0.229688 -0.049264 -0.0015715 -0.216066 0.976377 -0.234906 -0.948978 -0.210381 0.0149913 2.199 -0.122418</i>
                        <i>0.97232 -0.228709 -0.0478163 -0.0142769 -0.262417 0.964849 -0.233218 -0.937459 -0.258418 0.0176605 2.20465 -0.124664</i>
                        <i>0.972347 -0.228926 -0.0461968 -0.0310348 -0.322717 0.945987 -0.231469 -0.918394 -0.320897 0.0211337 2.20926 -0.12537</i>
                        <i>0.972273 -0.2296 -0.044375 -0.0467434 -0.376743 0.925138 -0.22913 -0.897412 -0.377029 0.0247348 2.21173 -0.124787</i>
                        <i>0.972108 -0.230652 -0.042496 -0.0555326 -0.402405 0.913776 -0.227864 -0.885929 -0.40399 0.0278652 2.21075 -0.123557</i>
                        <i>0.971862 -0.232006 -0.0407117 -0.057386 -0.400835 0.914351 -0.228454 -0.886287 -0.40287 0.0305381 2.20757 -0.121817</i>
                        <i>0.971546 -0.233589 -0.0391758 -0.055179 -0.384074 0.921652 -0.230334 -0.893266 -0.386035 0.0332119 2.20526 -0.119783</i>
                        <i>0.971172 -0.235326 -0.0380433 -0.0532153 -0.369584 0.927672 -0.232366 -0.898904 -0.371453 0.0358819 2.20493 -0.117689</i>
                        <i>0.970752 -0.237143 -0.0374711 -0.0547142 -0.370485 0.927225 -0.233768 -0.898056 -0.372624 0.0380012 2.20538 -0.115573</i>
                        <i>0.9703 -0.238965 -0.0376034 -0.0600647 -0.388574 0.919458 -0.23433 -0.889891 -0.391386 0.0392401 2.20626 -0.113512</i>
                        <i>0.969834 -0.240717 -0.0384352 -0.0656232 -0.409671 0.90987 -0.234767 -0.879901 -0.413109 0.0394778 2.20723 -0.111575</i>
                        <i>0.969375 -0.242323 -0.0398911 -0.0704169 -0.429872 0.90014 -0.235273 -0.869764 -0.43377 0.0386871 2.20795 -0.109857</i>
                        <i>0.968947 -0.243709 -0.0418035 -0.073543 -0.445448 0.892282 -0.236079 -0.8615 -0.449539 0.0369671 2.2081 -0.108462</i>
                        <i>0.968577 -0.244798 -0.0439679 -0.0741076 -0.452804 0.888525 -0.237418 -0.857346 -0.456716 0.034466 2.20734 -0.107499</i>
                        <i>0.968292 -0.245514 -0.0461812 -0.0711792 -0.448329 0.89103 -0.239465 -0.85949 -0.451589 0.0313303 2.20536 -0.10705</i>
                        <i>0.968124 -0.245781 -0.0482423 -0.0637807 -0.428168 0.901445 -0.242214 -0.869634 -0.430196 0.0277093 2.20183 -0.107124</i>
                    </KeyFrames>
                </p>
            </i>
            <i>
                <p>
                    <Name><![CDATA[ponytail_3]]></Name>
                    <Exclude>0</Exclude>
                    <Additive>0</Additive>
                    <IKPriority>0</IKPriority>
                    <IKRotLimits>-1e+010 -1e+010 -1e+010 1e+010 1e+010 1e+010</IKRotLimits>
                    <IKRotLimitOrder>0</IKRotLimitOrder>
                    <KeyFrames count="22">
                        <i>0.968124 -0.245781 -0.0482423 -0.0310129 -0.308752 0.950637 -0.248543 -0.918838 -0.306533 0.0318743 2.23274 -0.181038</i>
                        <i>0.968274 -0.244854 -0.0499296 -0.0633707 -0.433868 0.898745 -0.241724 -0.867067 -0.435619 0.0270332 2.22618 -0.182803</i>
                        <i>0.968829 -0.242434 -0.0509501 -0.0915736 -0.541573 0.835651 -0.230183 -0.804937 -0.546893 0.0220672 2.21916 -0.185739</i>
                        <i>0.96963 -0.239114 -0.0514011 -0.088634 -0.539422 0.837358 -0.227951 -0.807371 -0.544233 0.0172844 2.21182 -0.189781</i>
                        <i>0.970524 -0.235487 -0.0512673 -0.0553082 -0.424677 0.903654 -0.234571 -0.874183 -0.425184 0.0137685 2.20675 -0.194203</i>
                        <i>0.971368 -0.232146 -0.0505137 -0.0155933 -0.274458 0.961473 -0.237066 -0.933156 -0.27022 0.0126787 2.20698 -0.19831</i>
                        <i>0.972017 -0.229688 -0.049264 0.0182727 -0.13515 0.990657 -0.2342 -0.963835 -0.127171 0.0141999 2.2126 -0.201478</i>
                        <i>0.97232 -0.228709 -0.0478163 0.0397499 -0.039749 0.998419 -0.230248 -0.972683 -0.0295575 0.0178938 2.22202 -0.202988</i>
                        <i>0.972347 -0.228926 -0.0461968 0.048885 0.00608292 0.998786 -0.228367 -0.973425 0.0171057 0.0227167 2.23154 -0.202426</i>
                        <i>0.972273 -0.2296 -0.044375 0.043813 -0.00754719 0.999011 -0.229708 -0.973256 0.00272158 0.0275856 2.23841 -0.200392</i>
                        <i>0.972108 -0.230652 -0.042496 -0.00142724 -0.187008 0.982357 -0.234529 -0.954897 -0.182121 0.0314253 2.23954 -0.198356</i>
                        <i>0.971862 -0.232006 -0.0407117 -0.0722552 -0.458136 0.885941 -0.224195 -0.85807 -0.462008 0.0342445 2.23623 -0.196658</i>
                        <i>0.971546 -0.233589 -0.0391758 -0.108975 -0.587704 0.801704 -0.210293 -0.774623 -0.596437 0.036734 2.23255 -0.195144</i>
                        <i>0.971172 -0.235326 -0.0380433 -0.0864568 -0.496437 0.863757 -0.222151 -0.835567 -0.502471 0.0392387 2.23103 -0.193475</i>
                        <i>0.970752 -0.237143 -0.0374711 -0.0376873 -0.304655 0.951717 -0.237109 -0.922469 -0.304681 0.0414726 2.23156 -0.191329</i>
                        <i>0.9703 -0.238965 -0.0376034 -0.00835326 -0.188452 0.982047 -0.241761 -0.952566 -0.184851 0.0431382 2.23392 -0.188718</i>
                        <i>0.969834 -0.240717 -0.0384352 -0.00764696 -0.187638 0.982208 -0.243646 -0.952285 -0.183819 0.0438195 2.23662 -0.186098</i>
                        <i>0.969375 -0.242323 -0.0398911 -0.0129215 -0.212534 0.977068 -0.245245 -0.94663 -0.209157 0.043411 2.239 -0.18368</i>
                        <i>0.968947 -0.243709 -0.0418035 -0.0210879 -0.249891 0.968044 -0.246368 -0.937102 -0.247271 0.0419383 2.24043 -0.181717</i>
                        <i>0.968577 -0.244798 -0.0439679 -0.0289836 -0.286669 0.957591 -0.247021 -0.926226 -0.284756 0.0394772 2.24028 -0.180481</i>
                        <i>0.968292 -0.245514 -0.0461812 -0.033379 -0.310347 0.950037 -0.24758 -0.918372 -0.308702 0.0360989 2.23793 -0.180213</i>
                        <i>0.968124 -0.245781 -0.0482423 -0.0310129 -0.308752 0.950637 -0.248543 -0.918838 -0.306533 0.0318743 2.23274 -0.181038</i>
                    </KeyFrames>
                </p>
            </i>
            <i>
                <p>
                    <Name><![CDATA[l_clav]]></Name>
                    <Exclude>0</Exclude>
                    <Additive>0</Additive>
                    <IKPriority>0</IKPriority>
                    <IKRotLimits>-1e+010 -1e+010 -1e+010 1e+010 1e+010 1e+010</IKRotLimits>
                    <IKRotLimitOrder>0</IKRotLimitOrder>
                    <KeyFrames count="22">
                        <i>0.817867 0.561799 -0.124404 -0.486851 0.79087 0.37081 0.306708 -0.242707 0.920339 0.158076 1.83045 0.00666262</i>
                        <i>0.813682 0.568212 -0.1227 -0.49465 0.787658 0.36731 0.305356 -0.23818 0.92197 0.156971 1.83142 0.00619574</i>
                        <i>0.80954 0.574838 -0.119194 -0.504239 0.784821 0.360277 0.300647 -0.231556 0.925199 0.156033 1.83293 0.00502151</i>
                        <i>0.805718 0.581059 -0.114839 -0.514261 0.78248 0.351083 0.293859 -0.223817 0.929275 0.155322 1.83474 0.00337424</i>
                        <i>0.802872 0.585807 -0.110578 -0.522936 0.781108 0.341187 0.286243 -0.216104 0.933469 0.154944 1.83662 0.0014911</i>
                        <i>0.801808 0.587867 -0.107315 -0.528424 0.781349 0.332056 0.279055 -0.209537 0.937135 0.155019 1.83829 -0.000382962</i>
                        <i>0.803123 0.586328 -0.105888 -0.529289 0.7837 0.325064 0.273579 -0.205022 0.939745 0.155559 1.83953 -0.00200278</i>
                        <i>0.807409 0.580485 -0.105489 -0.524776 0.788299 0.32124 0.269632 -0.204014 0.941104 0.156449 1.84017 -0.00312717</i>
                        <i>0.814124 0.571226 -0.104417 -0.516009 0.794123 0.321097 0.266339 -0.207533 0.941272 0.157579 1.84004 -0.00351173</i>
                        <i>0.821795 0.560384 -0.103065 -0.504968 0.800087 0.323833 0.263931 -0.21408 0.940484 0.158831 1.8393 -0.00326989</i>
                        <i>0.829194 0.549516 -0.102317 -0.493413 0.805599 0.327954 0.262642 -0.221453 0.939137 0.160125 1.83825 -0.00271915</i>
                        <i>0.835098 0.540489 -0.102384 -0.483254 0.809723 0.332886 0.262825 -0.228515 0.937392 0.161358 1.83697 -0.00192425</i>
                        <i>0.838891 0.534264 -0.104034 -0.475284 0.812168 0.338361 0.265267 -0.234402 0.935248 0.162429 1.83557 -0.000949061</i>
                        <i>0.840873 0.530492 -0.107287 -0.469151 0.813262 0.344241 0.26987 -0.23913 0.932731 0.163243 1.83415 0.000144459</i>
                        <i>0.841249 0.529089 -0.111195 -0.465086 0.813073 0.350153 0.275672 -0.242851 0.930069 0.163704 1.83281 0.00129638</i>
                        <i>0.840248 0.529904 -0.114826 -0.463278 0.811685 0.355727 0.281703 -0.245703 0.927509 0.163729 1.83166 0.0024494</i>
                        <i>0.83833 0.532395 -0.117292 -0.463532 0.809355 0.360669 0.286949 -0.247991 0.925289 0.163338 1.83075 0.00355388</i>
                        <i>0.835574 0.536429 -0.118579 -0.465815 0.80621 0.364748 0.291261 -0.249538 0.923525 0.162593 1.83014 0.0045632</i>
                        <i>0.831868 0.541952 -0.119516 -0.46991 0.80241 0.367862 0.295264 -0.249851 0.922168 0.16159 1.82981 0.00542892</i>
                        <i>0.827489 0.548395 -0.120517 -0.475191 0.79833 0.369949 0.299091 -0.24886 0.921202 0.160433 1.82976 0.00610123</i>
                        <i>0.822723 0.555196 -0.122004 -0.481041 0.794352 0.370949 0.302864 -0.246499 0.920604 0.159226 1.82998 0.00652962</i>
                        <i>0.817867 0.561799 -0.124404 -0.486851 0.79087 0.37081 0.306708 -0.242707 0.920339 0.158076 1.83045 0.00666262</i>
                    </KeyFrames>
                </p>
            </i>
            <i>
                <p>
                    <Name><![CDATA[l_shoulder]]></Name>
                    <Exclude>0</Exclude>
                    <Additive>0</Additive>
                    <IKPriority>0</IKPriority>
                    <IKRotLimits>-1e+010 -1e+010 -1e+010 1e+010 1e+010 1e+010</IKRotLimits>
                    <IKRotLimitOrder>0</IKRotLimitOrder>
                    <KeyFrames count="22">
                        <i>0.617802 -0.740651 0.264115 0.623641 0.666095 0.409133 -0.478951 -0.0880501 0.873415 0.337517 1.95371 -0.0206318</i>
                        <i>0.622929 -0.73585 0.26549 0.618903 0.671153 0.408059 -0.478455 -0.089879 0.8735 0.335494 1.95609 -0.0207249</i>
                        <i>0.627625 -0.731344 0.266877 0.615597 0.676063 0.404944 -0.476579 -0.0898642 0.874527 0.333648 1.95905 -0.0211299</i>
                        <i>0.631785 -0.727213 0.268344 0.613438 0.680699 0.400427 -0.473857 -0.0883713 0.876156 0.332098 1.96223 -0.0218215</i>
                        <i>0.634916 -0.723914 0.269869 0.612561 0.684562 0.395151 -0.470798 -0.0855765 0.878081 0.331095 1.96514 -0.0227699</i>
                        <i>0.63643 -0.722002 0.271422 0.613209 0.687059 0.389774 -0.467901 -0.0816253 0.880003 0.330937 1.96727 -0.023928</i>
                        <i>0.636036 -0.72173 0.273065 0.615302 0.687896 0.38497 -0.465685 -0.0768372 0.881609 0.331766 1.96817 -0.0252347</i>
                        <i>0.634044 -0.723181 0.273855 0.618639 0.686847 0.38148 -0.463976 -0.0724583 0.88288 0.333596 1.96753 -0.0262717</i>
                        <i>0.63088 -0.726494 0.272389 0.623077 0.683589 0.380107 -0.462348 -0.0700822 0.883925 0.336199 1.96537 -0.0264211</i>
                        <i>0.62687 -0.731084 0.269352 0.628085 0.678752 0.380532 -0.461024 -0.069368 0.884672 0.339134 1.96225 -0.0258824</i>
                        <i>0.622118 -0.736336 0.26604 0.633373 0.673084 0.381834 -0.460225 -0.0690434 0.885113 0.342051 1.95881 -0.0251676</i>
                        <i>0.616839 -0.741889 0.262889 0.638589 0.666973 0.383863 -0.460124 -0.0689033 0.885177 0.344579 1.95555 -0.0243875</i>
                        <i>0.611313 -0.747228 0.260666 0.643214 0.661021 0.386429 -0.461056 -0.0685646 0.884718 0.346483 1.95279 -0.0237744</i>
                        <i>0.60614 -0.75181 0.259568 0.646735 0.65585 0.38935 -0.462955 -0.0681292 0.883759 0.347731 1.95054 -0.0233944</i>
