<?xml version="1.0" encoding="ISO-8859-1" ?>
<Animl Version="1">
    <ModellingPackage>
        <![CDATA[Maya.2010]]>
</ModellingPackage>
    <SrcFile>
        <![CDATA[anims\characters\shared\commando\~src\commando_fire_m60.mb]]>
</SrcFile>
    <FramesPerSecond>30</FramesPerSecond>
    <TotalFrames>13</TotalFrames>
    <Skeleton>
        <RefFrame>
            <Name>
                <![CDATA[commando_ref_frame]]>
</Name>
            <Exclude>1</Exclude>
            <Additive>0</Additive>
            <IKPriority>0</IKPriority>
            <IKRotLimits>-1e+010 -1e+010 -1e+010 1e+010 1e+010 1e+010</IKRotLimits>
            <IKRotLimitOrder>0</IKRotLimitOrder>
            <KeyFrames count="13">
                <i>1 0 0 0 1 0 0 0 1 0 0 0</i>
                <i>1 0 0 0 1 0 0 0 1 0 0 0</i>
                <i>1 0 0 0 1 0 0 0 1 0 0 0</i>
                <i>1 0 0 0 1 0 0 0 1 0 0 0</i>
                <i>1 0 0 0 1 0 0 0 1 0 0 0</i>
                <i>1 0 0 0 1 0 0 0 1 0 0 0</i>
                <i>1 0 0 0 1 0 0 0 1 0 0 0</i>
                <i>1 0 0 0 1 0 0 0 1 0 0 0</i>
                <i>1 0 0 0 1 0 0 0 1 0 0 0</i>
                <i>1 0 0 0 1 0 0 0 1 0 0 0</i>
                <i>1 0 0 0 1 0 0 0 1 0 0 0</i>
                <i>1 0 0 0 1 0 0 0 1 0 0 0</i>
                <i>1 0 0 0 1 0 0 0 1 0 0 0</i>
            </KeyFrames>
        </RefFrame>
        <Bones count="28">
            <i>
                <p>
                    <Name>
                        <![CDATA[pelvis]]>
</Name>
                    <Exclude>1</Exclude>
                    <Additive>0</Additive>
                    <IKPriority>0</IKPriority>
                    <IKRotLimits>-1e+010 -1e+010 -1e+010 1e+010 1e+010 1e+010</IKRotLimits>
                    <IKRotLimitOrder>2</IKRotLimitOrder>
                    <KeyFrames count="13">
                        <i>1 0 0 0 1 0 0 0 1 0.0521443 1.06223 -0.0436981</i>
                        <i>1 0 0 0 1 0 0 0 1 0.0521443 1.06223 -0.0436981</i>
                        <i>1 0 0 0 1 0 0 0 1 0.0521443 1.06223 -0.0436981</i>
                        <i>1 0 0 0 1 0 0 0 1 0.0521443 1.06223 -0.0436981</i>
                        <i>1 0 0 0 1 0 0 0 1 0.0521443 1.06223 -0.0436981</i>
                        <i>1 0 0 0 1 0 0 0 1 0.0521443 1.06223 -0.0436981</i>
                        <i>1 0 0 0 1 0 0 0 1 0.0521443 1.06223 -0.0436981</i>
                        <i>1 0 0 0 1 0 0 0 1 0.0521443 1.06223 -0.0436981</i>
                        <i>1 0 0 0 1 0 0 0 1 0.0521443 1.06223 -0.0436981</i>
                        <i>1 0 0 0 1 0 0 0 1 0.0521443 1.06223 -0.0436981</i>
                        <i>1 0 0 0 1 0 0 0 1 0.0521443 1.06223 -0.0436981</i>
                        <i>1 0 0 0 1 0 0 0 1 0.0521443 1.06223 -0.0436981</i>
                        <i>1 0 0 0 1 0 0 0 1 0.0521443 1.06223 -0.0436981</i>
                    </KeyFrames>
                </p>
            </i>
            <i>
                <p>
                    <Name>
                        <![CDATA[spine0]]>
</Name>
                    <Exclude>1</Exclude>
                    <Additive>0</Additive>
                    <IKPriority>0</IKPriority>
                    <IKRotLimits>-1e+010 -1e+010 -1e+010 1e+010 1e+010 1e+010</IKRotLimits>
                    <IKRotLimitOrder>0</IKRotLimitOrder>
                    <KeyFrames count="13">
                        <i>-0.015652 0.99909 -0.039665 -0.9397 -0.028253 -0.340832 -0.341643 0.0319385 0.939287 0.0645116 1.19109 -0.106445</i>
                        <i>-0.014283 0.999183 -0.0378084 -0.939673 -0.0263378 -0.341059 -0.341776 0.0306562 0.939281 0.0645116 1.19109 -0.106445</i>
                        <i>-0.0128736 0.999269 -0.0359826 -0.939642 -0.0243948 -0.341288 -0.341916 0.0294172 0.93927 0.0645116 1.19109 -0.106445</i>
                        <i>-0.015652 0.99909 -0.039665 -0.9397 -0.028253 -0.340832 -0.341643 0.0319385 0.939287 0.0645116 1.19109 -0.106445</i>
                        <i>-0.014283 0.999183 -0.0378084 -0.939673 -0.0263378 -0.341059 -0.341776 0.0306562 0.939281 0.0645116 1.19109 -0.106445</i>
                        <i>-0.0128736 0.999269 -0.0359826 -0.939642 -0.0243948 -0.341288 -0.341916 0.0294172 0.93927 0.0645116 1.19109 -0.106445</i>
                        <i>-0.015652 0.99909 -0.039665 -0.9397 -0.028253 -0.340832 -0.341643 0.0319385 0.939287 0.0645116 1.19109 -0.106445</i>
                        <i>-0.014283 0.999183 -0.0378084 -0.939673 -0.0263378 -0.341059 -0.341776 0.0306562 0.939281 0.0645116 1.19109 -0.106445</i>
                        <i>-0.0128736 0.999269 -0.0359826 -0.939642 -0.0243948 -0.341288 -0.341916 0.0294172 0.93927 0.0645116 1.19109 -0.106445</i>
                        <i>-0.015652 0.99909 -0.039665 -0.9397 -0.028253 -0.340832 -0.341643 0.0319385 0.939287 0.0645116 1.19109 -0.106445</i>
                        <i>-0.014283 0.999183 -0.0378084 -0.939673 -0.0263378 -0.341059 -0.341776 0.0306562 0.939281 0.0645116 1.19109 -0.106445</i>
                        <i>-0.0128736 0.999269 -0.0359826 -0.939642 -0.0243948 -0.341288 -0.341916 0.0294172 0.93927 0.0645116 1.19109 -0.106445</i>
                        <i>-0.015652 0.99909 -0.039665 -0.9397 -0.028253 -0.340832 -0.341643 0.0319385 0.939287 0.0645116 1.19109 -0.106445</i>
                    </KeyFrames>
                </p>
            </i>
            <i>
                <p>
                    <Name>
                        <![CDATA[spine1]]>
</Name>
                    <Exclude>0</Exclude>
                    <Additive>1</Additive>
                    <IKPriority>0</IKPriority>
                    <IKRotLimits>-1e+010 -1e+010 -1e+010 1e+010 1e+010 1e+010</IKRotLimits>
                    <IKRotLimitOrder>0</IKRotLimitOrder>
                    <KeyFrames count="13">
                        <i>0.0378511 0.999001 0.0237409 -0.979323 0.0418094 -0.197935 -0.198729 -0.015758 0.979928 0.0618392 1.36155 -0.113207</i>
                        <i>0.0395483 0.998881 0.0259195 -0.981304 0.043716 -0.187431 -0.188355 -0.0180224 0.981936 0.0620722 1.36162 -0.112892</i>
                        <i>0.0412927 0.998753 0.0280564 -0.98317 0.0456179 -0.176907 -0.177967 -0.0202792 0.983828 0.0623123 1.36167 -0.112583</i>
                        <i>0.0378511 0.999001 0.0237409 -0.979323 0.0418094 -0.197935 -0.198729 -0.015758 0.979928 0.0618392 1.36155 -0.113207</i>
                        <i>0.0395483 0.998881 0.0259195 -0.981304 0.043716 -0.187431 -0.188355 -0.0180224 0.981936 0.0620722 1.36162 -0.112892</i>
                        <i>0.0412927 0.998753 0.0280564 -0.98317 0.0456179 -0.176907 -0.177967 -0.0202792 0.983828 0.0623123 1.36167 -0.112583</i>
                        <i>0.0378511 0.999001 0.0237409 -0.979323 0.0418094 -0.197935 -0.198729 -0.015758 0.979928 0.0618392 1.36155 -0.113207</i>
                        <i>0.0395483 0.998881 0.0259195 -0.981304 0.043716 -0.187431 -0.188355 -0.0180224 0.981936 0.0620722 1.36162 -0.112892</i>
                        <i>0.0412927 0.998753 0.0280564 -0.98317 0.0456179 -0.176907 -0.177967 -0.0202792 0.983828 0.0623123 1.36167 -0.112583</i>
                        <i>0.0378511 0.999001 0.0237409 -0.979323 0.0418094 -0.197935 -0.198729 -0.015758 0.979928 0.0618392 1.36155 -0.113207</i>
                        <i>0.0395483 0.998881 0.0259195 -0.981304 0.043716 -0.187431 -0.188355 -0.0180224 0.981936 0.0620722 1.36162 -0.112892</i>
                        <i>0.0412927 0.998753 0.0280564 -0.98317 0.0456179 -0.176907 -0.177967 -0.0202792 0.983828 0.0623123 1.36167 -0.112583</i>
                        <i>0.0378511 0.999001 0.0237409 -0.979323 0.0418094 -0.197935 -0.198729 -0.015758 0.979928 0.0618392 1.36155 -0.113207</i>
                    </KeyFrames>
                </p>
            </i>
            <i>
                <p>
                    <Name>
                        <![CDATA[spine2]]>
</Name>
                    <Exclude>0</Exclude>
                    <Additive>1</Additive>
                    <IKPriority>0</IKPriority>
                    <IKRotLimits>-1e+010 -1e+010 -1e+010 1e+010 1e+010 1e+010</IKRotLimits>
                    <IKRotLimitOrder>0</IKRotLimitOrder>
                    <KeyFrames count="13">
                        <i>0.081845 0.996453 -0.0195503 -0.99559 0.0808402 -0.0475951 -0.0458458 0.0233595 0.998675 0.0679432 1.51857 -0.109447</i>
                        <i>0.0833201 0.996324 -0.0198844 -0.996242 0.0828064 -0.0253938 -0.0236539 0.0219255 0.99948 0.0684555 1.51865 -0.108786</i>
                        <i>0.0847876 0.996193 -0.0202509 -0.996398 0.0847406 -0.00316928 -0.00144115 0.0204467 0.99979 0.0689823 1.51873 -0.108137</i>
                        <i>0.081845 0.996453 -0.0195503 -0.99559 0.0808402 -0.0475951 -0.0458458 0.0233595 0.998675 0.0679432 1.51857 -0.109447</i>
                        <i>0.0833201 0.996324 -0.0198844 -0.996242 0.0828064 -0.0253938 -0.0236539 0.0219255 0.99948 0.0684555 1.51865 -0.108786</i>
                        <i>0.0847876 0.996193 -0.0202509 -0.996398 0.0847406 -0.00316928 -0.00144115 0.0204467 0.99979 0.0689823 1.51873 -0.108137</i>
                        <i>0.081845 0.996453 -0.0195503 -0.99559 0.0808402 -0.0475951 -0.0458458 0.0233595 0.998675 0.0679432 1.51857 -0.109447</i>
                        <i>0.0833201 0.996324 -0.0198844 -0.996242 0.0828064 -0.0253938 -0.0236539 0.0219255 0.99948 0.0684555 1.51865 -0.108786</i>
                        <i>0.0847876 0.996193 -0.0202509 -0.996398 0.0847406 -0.00316928 -0.00144115 0.0204467 0.99979 0.0689823 1.51873 -0.108137</i>
                        <i>0.081845 0.996453 -0.0195503 -0.99559 0.0808402 -0.0475951 -0.0458458 0.0233595 0.998675 0.0679432 1.51857 -0.109447</i>
                        <i>0.0833201 0.996324 -0.0198844 -0.996242 0.0828064 -0.0253938 -0.0236539 0.0219255 0.99948 0.0684555 1.51865 -0.108786</i>
                        <i>0.0847876 0.996193 -0.0202509 -0.996398 0.0847406 -0.00316928 -0.00144115 0.0204467 0.99979 0.0689823 1.51873 -0.108137</i>
                        <i>0.081845 0.996453 -0.0195503 -0.99559 0.0808402 -0.0475951 -0.0458458 0.0233595 0.998675 0.0679432 1.51857 -0.109447</i>
                    </KeyFrames>
                </p>
            </i>
            <i>
                <p>
                    <Name>
                        <![CDATA[head]]>
</Name>
                    <Exclude>0</Exclude>
                    <Additive>1</Additive>
                    <IKPriority>0</IKPriority>
                    <IKRotLimits>-1e+010 -1e+010 -1e+010 1e+010 1e+010 1e+010</IKRotLimits>
                    <IKRotLimitOrder>0</IKRotLimitOrder>
                    <KeyFrames count="13">
                        <i>-0.010619 0.986704 0.16218 0.0644679 0.162527 -0.984596 -0.997863 -5.83199e-009 -0.0653367 0.0619256 1.77235 -0.138891</i>
                        <i>-0.0106842 0.986693 0.162245 0.0648354 0.162597 -0.98456 -0.997839 -1.90357e-009 -0.0657098 0.0624147 1.77249 -0.137911</i>
                        <i>-0.0107501 0.986682 0.162308 0.0652079 0.162663 -0.984525 -0.997814 -4.297e-009 -0.066088 0.0629256 1.77262 -0.136943</i>
                        <i>-0.010619 0.986704 0.16218 0.0644679 0.162527 -0.984596 -0.997863 -5.83199e-009 -0.0653367 0.0619256 1.77235 -0.138891</i>
                        <i>-0.0106842 0.986693 0.162245 0.0648354 0.162597 -0.98456 -0.997839 -1.90357e-009 -0.0657098 0.0624147 1.77249 -0.137911</i>
                        <i>-0.0107501 0.986682 0.162308 0.0652079 0.162663 -0.984525 -0.997814 -4.297e-009 -0.066088 0.0629256 1.77262 -0.136943</i>
                        <i>-0.010619 0.986704 0.16218 0.0644679 0.162527 -0.984596 -0.997863 -5.83199e-009 -0.0653367 0.0619256 1.77235 -0.138891</i>
                        <i>-0.0106842 0.986693 0.162245 0.0648354 0.162597 -0.98456 -0.997839 -1.90357e-009 -0.0657098 0.0624147 1.77249 -0.137911</i>
                        <i>-0.0107501 0.986682 0.162308 0.0652079 0.162663 -0.984525 -0.997814 -4.297e-009 -0.066088 0.0629256 1.77262 -0.136943</i>
                        <i>-0.010619 0.986704 0.16218 0.0644679 0.162527 -0.984596 -0.997863 -5.83199e-009 -0.0653367 0.0619256 1.77235 -0.138891</i>
                        <i>-0.0106842 0.986693 0.162245 0.0648354 0.162597 -0.98456 -0.997839 -1.90357e-009 -0.0657098 0.0624147 1.77249 -0.137911</i>
                        <i>-0.0107501 0.986682 0.162308 0.0652079 0.162663 -0.984525 -0.997814 -4.297e-009 -0.066088 0.0629256 1.77262 -0.136943</i>
                        <i>-0.010619 0.986704 0.16218 0.0644679 0.162527 -0.984596 -0.997863 -5.83199e-009 -0.0653367 0.0619256 1.77235 -0.138891</i>
                    </KeyFrames>
                </p>
            </i>
            <i>
                <p>
                    <Name>
                        <![CDATA[head_prop]]>
</Name>
                    <Exclude>1</Exclude>
                    <Additive>0</Additive>
                    <IKPriority>0</IKPriority>
                    <IKRotLimits>-1e+010 -1e+010 -1e+010 1e+010 1e+010 1e+010</IKRotLimits>
                    <IKRotLimitOrder>0</IKRotLimitOrder>
                    <KeyFrames count="13">
                        <i>0.997863 5.83199e-009 0.0653367 -0.010619 0.986704 0.16218 -0.0644679 -0.162527 0.984596 0.0208649 1.80925 0.0902609</i>
                        <i>0.997839 1.90357e-009 0.0657098 -0.0106842 0.986693 0.162245 -0.0648354 -0.162597 0.98456 0.0212681 1.80937 0.0912276</i>
                        <i>0.997814 4.297e-009 0.066088 -0.0107501 0.986682 0.162308 -0.0652079 -0.162663 0.984525 0.0216919 1.80949 0.0921829</i>
                        <i>0.997863 5.83199e-009 0.0653367 -0.010619 0.986704 0.16218 -0.0644679 -0.162527 0.984596 0.0208649 1.80925 0.0902609</i>
                        <i>0.997839 1.90357e-009 0.0657098 -0.0106842 0.986693 0.162245 -0.0648354 -0.162597 0.98456 0.0212681 1.80937 0.0912276</i>
                        <i>0.997814 4.297e-009 0.066088 -0.0107501 0.986682 0.162308 -0.0652079 -0.162663 0.984525 0.0216919 1.80949 0.0921829</i>
                        <i>0.997863 5.83199e-009 0.0653367 -0.010619 0.986704 0.16218 -0.0644679 -0.162527 0.984596 0.0208649 1.80925 0.0902609</i>
                        <i>0.997839 1.90357e-009 0.0657098 -0.0106842 0.986693 0.162245 -0.0648354 -0.162597 0.98456 0.0212681 1.80937 0.0912276</i>
                        <i>0.997814 4.297e-009 0.066088 -0.0107501 0.986682 0.162308 -0.0652079 -0.162663 0.984525 0.0216919 1.80949 0.0921829</i>
                        <i>0.997863 5.83199e-009 0.0653367 -0.010619 0.986704 0.16218 -0.0644679 -0.162527 0.984596 0.0208649 1.80925 0.0902609</i>
                        <i>0.997839 1.90357e-009 0.0657098 -0.0106842 0.986693 0.162245 -0.0648354 -0.162597 0.98456 0.0212681 1.80937 0.0912276</i>
                        <i>0.997814 4.297e-009 0.066088 -0.0107501 0.986682 0.162308 -0.0652079 -0.162663 0.984525 0.0216919 1.80949 0.0921829</i>
                        <i>0.997863 5.83199e-009 0.0653367 -0.010619 0.986704 0.16218 -0.0644679 -0.162527 0.984596 0.0208649 1.80925 0.0902609</i>
                    </KeyFrames>
                </p>
            </i>
            <i>
                <p>
                    <Name>
                        <![CDATA[ponytail_1]]>
</Name>
                    <Exclude>1</Exclude>
                    <Additive>0</Additive>
                    <IKPriority>0</IKPriority>
                    <IKRotLimits>-1e+010 -1e+010 -1e+010 1e+010 1e+010 1e+010</IKRotLimits>
                    <IKRotLimitOrder>0</IKRotLimitOrder>
                    <KeyFrames count="13">
                        <i>0.96662 -0.255342 0.0211415 -0.00680093 0.0569149 0.998356 -0.256126 -0.965174 0.0532784 0.0593591 1.95903 -0.237978</i>
                        <i>0.966613 -0.255339 0.0214851 -0.00717457 0.056845 0.998357 -0.256141 -0.965179 0.0531152 0.0598844 1.95917 -0.236987</i>
                        <i>0.966606 -0.255337 0.0218343 -0.00755326 0.0567776 0.998358 -0.256157 -0.965184 0.0529529 0.060432 1.95932 -0.236006</i>
                        <i>0.96662 -0.255342 0.0211415 -0.00680093 0.0569149 0.998356 -0.256126 -0.965174 0.0532784 0.0593591 1.95903 -0.237978</i>
                        <i>0.966613 -0.255339 0.0214851 -0.00717457 0.056845 0.998357 -0.256141 -0.965179 0.0531152 0.0598844 1.95917 -0.236987</i>
                        <i>0.966606 -0.255337 0.0218343 -0.00755326 0.0567776 0.998358 -0.256157 -0.965184 0.0529529 0.060432 1.95932 -0.236006</i>
                        <i>0.96662 -0.255342 0.0211415 -0.00680093 0.0569149 0.998356 -0.256126 -0.965174 0.0532784 0.0593591 1.95903 -0.237978</i>
                        <i>0.966613 -0.255339 0.0214851 -0.00717457 0.056845 0.998357 -0.256141 -0.965179 0.0531152 0.0598844 1.95917 -0.236987</i>
                        <i>0.966606 -0.255337 0.0218343 -0.00755326 0.0567776 0.998358 -0.256157 -0.965184 0.0529529 0.060432 1.95932 -0.236006</i>
                        <i>0.96662 -0.255342 0.0211415 -0.00680093 0.0569149 0.998356 -0.256126 -0.965174 0.0532784 0.0593591 1.95903 -0.237978</i>
                        <i>0.966613 -0.255339 0.0214851 -0.00717457 0.056845 0.998357 -0.256141 -0.965179 0.0531152 0.0598844 1.95917 -0.236987</i>
                        <i>0.966606 -0.255337 0.0218343 -0.00755326 0.0567776 0.998358 -0.256157 -0.965184 0.0529529 0.060432 1.95932 -0.236006</i>
                        <i>0.96662 -0.255342 0.0211415 -0.00680093 0.0569149 0.998356 -0.256126 -0.965174 0.0532784 0.0593591 1.95903 -0.237978</i>
                    </KeyFrames>
                </p>
            </i>
            <i>
                <p>
                    <Name>
                        <![CDATA[ponytail_2]]>
</Name>
                    <Exclude>1</Exclude>
                    <Additive>0</Additive>
                    <IKPriority>0</IKPriority>
                    <IKRotLimits>-1e+010 -1e+010 -1e+010 1e+010 1e+010 1e+010</IKRotLimits>
                    <IKRotLimitOrder>0</IKRotLimitOrder>
                    <KeyFrames count="13">
                        <i>0.96662 -0.255342 0.0211415 -0.10256 -0.309992 0.945191 -0.234794 -0.915808 -0.325833 0.0574656 1.94256 -0.350276</i>
                        <i>0.966613 -0.255339 0.0214851 -0.102912 -0.310059 0.945131 -0.234668 -0.915787 -0.325985 0.058033 1.94272 -0.349286</i>
                        <i>0.966606 -0.255337 0.0218343 -0.103269 -0.310123 0.945071 -0.23454 -0.915766 -0.326135 0.0586232 1.94287 -0.348308</i>
                        <i>0.96662 -0.255342 0.0211415 -0.10256 -0.309992 0.945191 -0.234794 -0.915808 -0.325833 0.0574656 1.94256 -0.350276</i>
                        <i>0.966613 -0.255339 0.0214851 -0.102912 -0.310059 0.945131 -0.234668 -0.915787 -0.325985 0.058033 1.94272 -0.349286</i>
                        <i>0.966606 -0.255337 0.0218343 -0.103269 -0.310123 0.945071 -0.23454 -0.915766 -0.326135 0.0586232 1.94287 -0.348308</i>
                        <i>0.96662 -0.255342 0.0211415 -0.10256 -0.309992 0.945191 -0.234794 -0.915808 -0.325833 0.0574656 1.94256 -0.350276</i>
                        <i>0.966613 -0.255339 0.0214851 -0.102912 -0.310059 0.945131 -0.234668 -0.915787 -0.325985 0.058033 1.94272 -0.349286</i>
                        <i>0.966606 -0.255337 0.0218343 -0.103269 -0.310123 0.945071 -0.23454 -0.915766 -0.326135 0.0586232 1.94287 -0.348308</i>
                        <i>0.96662 -0.255342 0.0211415 -0.10256 -0.309992 0.945191 -0.234794 -0.915808 -0.325833 0.0574656 1.94256 -0.350276</i>
                        <i>0.966613 -0.255339 0.0214851 -0.102912 -0.310059 0.945131 -0.234668 -0.915787 -0.325985 0.058033 1.94272 -0.349286</i>
                        <i>0.966606 -0.255337 0.0218343 -0.103269 -0.310123 0.945071 -0.23454 -0.915766 -0.326135 0.0586232 1.94287 -0.348308</i>
                        <i>0.96662 -0.255342 0.0211415 -0.10256 -0.309992 0.945191 -0.234794 -0.915808 -0.325833 0.0574656 1.94256 -0.350276</i>
                    </KeyFrames>
                </p>
            </i>
            <i>
                <p>
                    <Name>
                        <![CDATA[ponytail_3]]>
</Name>
                    <Exclude>1</Exclude>
                    <Additive>0</Additive>
                    <IKPriority>0</IKPriority>
                    <IKRotLimits>-1e+010 -1e+010 -1e+010 1e+010 1e+010 1e+010</IKRotLimits>
                    <IKRotLimitOrder>0</IKRotLimitOrder>
                    <KeyFrames count="13">
                        <i>0.96662 -0.255342 0.0211415 -0.159559 -0.535352 0.829421 -0.200468 -0.805108 -0.558223 0.064767 1.96383 -0.427288</i>
                        <i>0.966613 -0.255339 0.0214851 -0.159867 -0.53541 0.829324 -0.200256 -0.80507 -0.558355 0.0653631 1.96399 -0.426294</i>
                        <i>0.966606 -0.255337 0.0218343 -0.160179 -0.535467 0.829227 -0.200041 -0.805033 -0.558485 0.0659825 1.96414 -0.425311</i>
                        <i>0.96662 -0.255342 0.0211415 -0.159559 -0.535352 0.829421 -0.200468 -0.805108 -0.558223 0.064767 1.96383 -0.427288</i>
                        <i>0.966613 -0.255339 0.0214851 -0.159867 -0.53541 0.829324 -0.200256 -0.80507 -0.558355 0.0653631 1.96399 -0.426294</i>
                        <i>0.966606 -0.255337 0.0218343 -0.160179 -0.535467 0.829227 -0.200041 -0.805033 -0.558485 0.0659825 1.96414 -0.425311</i>
                        <i>0.96662 -0.255342 0.0211415 -0.159559 -0.535352 0.829421 -0.200468 -0.805108 -0.558223 0.064767 1.96383 -0.427288</i>
                        <i>0.966613 -0.255339 0.0214851 -0.159867 -0.53541 0.829324 -0.200256 -0.80507 -0.558355 0.0653631 1.96399 -0.426294</i>
                        <i>0.966606 -0.255337 0.0218343 -0.160179 -0.535467 0.829227 -0.200041 -0.805033 -0.558485 0.0659825 1.96414 -0.425311</i>
                        <i>0.96662 -0.255342 0.0211415 -0.159559 -0.535352 0.829421 -0.200468 -0.805108 -0.558223 0.064767 1.96383 -0.427288</i>
                        <i>0.966613 -0.255339 0.0214851 -0.159867 -0.53541 0.829324 -0.200256 -0.80507 -0.558355 0.0653631 1.96399 -0.426294</i>
                        <i>0.966606 -0.255337 0.0218343 -0.160179 -0.535467 0.829227 -0.200041 -0.805033 -0.558485 0.0659825 1.96414 -0.425311</i>
                        <i>0.96662 -0.255342 0.0211415 -0.159559 -0.535352 0.829421 -0.200468 -0.805108 -0.558223 0.064767 1.96383 -0.427288</i>
                    </KeyFrames>
                </p>
            </i>
            <i>
                <p>
                    <Name>
                        <![CDATA[l_clav]]>
</Name>
                    <Exclude>0</Exclude>
                    <Additive>1</Additive>
                    <IKPriority>0</IKPriority>
                    <IKRotLimits>-1e+010 -1e+010 -1e+010 1e+010 1e+010 1e+010</IKRotLimits>
                    <IKRotLimitOrder>0</IKRotLimitOrder>
                    <KeyFrames count="13">
                        <i>0.991069 -0.0689048 -0.114168 0.026588 0.941069 -0.337167 0.130672 0.33112 0.934497 0.156005 1.57604 -0.0658409</i>
                        <i>0.962932 -0.0703236 -0.260417 -0.0243746 0.938785 -0.34364 0.268642 0.337249 0.902272 0.157464 1.57589 -0.0669315</i>
                        <i>0.916381 -0.0705868 -0.394034 -0.0727531 0.93857 -0.337332 0.39364 0.337792 0.854953 0.158899 1.57573 -0.0680537</i>
                        <i>0.960816 -0.0668015 -0.269017 -0.0310999 0.938418 -0.3441 0.275437 0.338983 0.899569 0.156005 1.57604 -0.0658409</i>
                        <i>0.988115 -0.0719583 -0.13583 0.0221053 0.940994 -0.3377 0.152116 0.330684 0.931402 0.157464 1.57589 -0.0669315</i>
                        <i>0.95678 -0.0732853 -0.281429 -0.0289936 0.938867 -0.343056 0.289365 0.336388 0.896164 0.158899 1.57573 -0.0680537</i>
                        <i>0.933166 -0.0648791 -0.353543 -0.0637091 0.938149 -0.340319 0.353755 0.340098 0.871315 0.156005 1.57604 -0.0658409</i>
                        <i>0.954487 -0.0697564 -0.28998 -0.0357284 0.938521 -0.343369 0.296105 0.338101 0.893314 0.157464 1.57589 -0.0669315</i>
                        <i>0.984679 -0.075002 -0.157422 0.0176118 0.940933 -0.338135 0.173484 0.330182 0.927838 0.158899 1.57573 -0.0680537</i>
                        <i>0.968613 -0.0673436 -0.239277 -0.0197437 0.938717 -0.344123 0.247788 0.338046 0.907924 0.156005 1.57604 -0.0658409</i>
                        <i>0.924999 -0.0677459 -0.37388 -0.0682477 0.938353 -0.338875 0.373789 0.338976 0.863352 0.157464 1.57589 -0.0669315</i>
                        <i>0.947692 -0.0726911 -0.3108 -0.0403395 0.938638 -0.342536 0.316628 0.337156 0.886607 0.158899 1.57573 -0.0680537</i>
                        <i>0.991069 -0.0689048 -0.114168 0.026588 0.941069 -0.337167 0.130672 0.33112 0.934497 0.156005 1.57604 -0.0658409</i>
                    </KeyFrames>
                </p>
            </i>
            <i>
                <p>
                    <Name>
                        <![CDATA[l_shoulder]]>
</Name>
                    <Exclude>0</Exclude>
                    <Additive>1</Additive>
                    <IKPriority>0</IKPriority>
                    <IKRotLimits>-1e+010 -1e+010 -1e+010 1e+010 1e+010 1e+010</IKRotLimits>
                    <IKRotLimitOrder>0</IKRotLimitOrder>
                    <KeyFrames count="13">
                        <i>0.28827 -0.941595 0.17407 0.950172 0.258761 -0.173828 0.118633 0.215506 0.96927 0.348027 1.56269 -0.0879612</i>
                        <i>0.24294 -0.968681 -0.0513496 0.948392 0.248306 -0.197224 0.203798 -0.00078582 0.979013 0.34836 1.56195 -0.118558</i>
                        <i>0.278656 -0.934575 0.221179 0.956234 0.248586 -0.154346 0.0892656 0.254508 0.962942 0.347467 1.5612 -0.149136</i>
                        <i>0.287885 -0.919743 0.266825 0.953778 0.250286 -0.166325 0.086194 0.302374 0.949284 0.348027 1.56269 -0.119605</i>
                        <i>0.232497 -0.964039 -0.128736 0.944781 0.25529 -0.205466 0.230943 -0.0738569 0.97016 0.348914 1.56195 -0.0932489</i>
                        <i>0.276036 -0.950108 0.145255 0.954418 0.253103 -0.158193 0.113536 0.182301 0.976666 0.348575 1.5612 -0.123845</i>
                        <i>0.286435 -0.902335 0.322097 0.955741 0.245524 -0.162104 0.0671902 0.354274 0.932725 0.348027 1.56269 -0.138591</i>
                        <i>0.24517 -0.968948 -0.0321147 0.949226 0.246652 -0.195274 0.197132 0.0173913 0.980223 0.348222 1.56195 -0.124885</i>
                        <i>0.271706 -0.959905 0.0689754 0.952435 0.25793 -0.162297 0.137999 0.109792 0.984328 0.349683 1.5612 -0.0985547</i>
                        <i>0.288169 -0.924813 0.248353 0.953092 0.251925 -0.167777 0.0925963 0.285051 0.954029 0.348027 1.56269 -0.113276</i>
                        <i>0.251021 -0.967651 0.0253009 0.951585 0.241894 -0.189666 0.17741 0.0716861 0.981523 0.347806 1.56195 -0.143867</i>
                        <i>0.276848 -0.946769 0.164265 0.954887 0.251946 -0.157209 0.107455 0.200377 0.973808 0.348298 1.5612 -0.130168</i>
                        <i>0.28827 -0.941595 0.17407 0.950172 0.258761 -0.173828 0.118633 0.215506 0.96927 0.348027 1.56269 -0.0879612</i>
                    </KeyFrames>
                </p>
            </i>
            <i>
                <p>
                    <Name>
                        <![CDATA[l_elbow]]>
</Name>
                    <Exclude>0</Exclude>
                    <Additive>1</Additive>
                    <IKPriority>0</IKPriority>
                    <IKRotLimits>-1e+010 -1e+010 -1e+010 1e+010 1e+010 1e+010</IKRotLimits>
                    <IKRotLimitOrder>0</IKRotLimitOrder>
                    <KeyFrames count="13">
                        <i>0.116496 0.214221 0.969813 0.95044 0.259357 -0.171458 -0.288257 0.941724 -0.17339 0.441795 1.25641 -0.0313403</i>
                        <i>0.146648 0.199671 0.968827 0.948874 0.248364 -0.194815 -0.279521 0.947864 -0.15304 0.427383 1.24686 -0.135261</i>
                        <i>0.126703 0.114643 0.985294 0.956428 0.249283 -0.151996 -0.263042 0.961621 -0.0780625 0.438108 1.25721 -0.0771917</i>
                        <i>0.11688 0.192371 0.974337 0.953965 0.251098 -0.164012 -0.276205 0.948653 -0.154167 0.441669 1.26352 -0.032813</i>
                        <i>0.15539 0.195028 0.96841 0.945331 0.255165 -0.203074 -0.28671 0.947024 -0.144716 0.42454 1.24837 -0.135124</i>
                        <i>0.125915 0.13019 0.983461 0.954674 0.25362 -0.155804 -0.26971 0.958503 -0.0923539 0.438363 1.25215 -0.0765973</i>
                        <i>0.11833 0.174961 0.977439 0.95588 0.246465 -0.159838 -0.26887 0.953228 -0.138077 0.441198 1.26918 -0.0338206</i>
                        <i>0.144844 0.199937 0.969043 0.949692 0.246756 -0.192863 -0.277678 0.948228 -0.154137 0.42797 1.24677 -0.135331</i>
                        <i>0.126841 0.139994 0.981995 0.952752 0.258266 -0.159882 -0.275998 0.955877 -0.100621 0.438063 1.24896 -0.0761186</i>
                        <i>0.116597 0.197439 0.973357 0.953295 0.252694 -0.165451 -0.278628 0.947187 -0.158755 0.441762 1.26187 -0.0324927</i>
                        <i>0.14027 0.198638 0.969983 0.952001 0.242133 -0.187255 -0.272061 0.949692 -0.15514 0.429458 1.24719 -0.135637</i>
                        <i>0.125956 0.126846 0.983893 0.955127 0.252508 -0.154827 -0.26808 0.959244 -0.0893493 0.438351 1.25324 -0.0767366</i>
                        <i>0.116496 0.214221 0.969813 0.95044 0.259357 -0.171458 -0.288257 0.941724 -0.17339 0.441795 1.25641 -0.0313403</i>
                    </KeyFrames>
                </p>
            </i>
            <i>
                <p>
                    <Name>
                        <![CDATA[l_forearm]]>
</Name>
                    <Exclude>0</Exclude>
                    <Additive>1</Additive>
                    <IKPriority>0</IKPriority>
                    <IKRotLimits>-1e+010 -1e+010 -1e+010 1e+010 1e+010 1e+010</IKRotLimits>
                    <IKRotLimitOrder>0</IKRotLimitOrder>
                    <KeyFrames count="13">
                        <i>0.116497 0.214221 0.969813 0.975929 -0.20595 -0.0717394 0.184365 0.954827 -0.233057 0.460742 1.29125 0.126389</i>
                        <i>0.146649 0.199671 0.968827 0.972642 -0.207498 -0.104462 0.180172 0.957641 -0.224637 0.451234 1.27933 0.0223084</i>
                        <i>0.126704 0.114643 0.985294 0.976134 -0.19103 -0.103299 0.176378 0.974866 -0.136111 0.458715 1.27585 0.0830554</i>
                        <i>0.11688 0.192371 0.974337 0.977011 -0.198394 -0.0780307 0.178292 0.961058 -0.211137 0.460679 1.29481 0.125652</i>
                        <i>0.15539 0.195028 0.96841 0.97128 -0.208978 -0.113765 0.18019 0.958276 -0.2219 0.449813 1.28008 0.0223775</i>
                        <i>0.125916 0.13019 0.983461 0.976321 -0.192044 -0.0995793 0.175904 0.972713 -0.151288 0.458842 1.27333 0.0833518</i>
                        <i>0.118331 0.174961 0.977439 0.975496 -0.204362 -0.0815151 0.18549 0.963133 -0.194856 0.460443 1.29764 0.125149</i>
                        <i>0.144844 0.199937 0.969043 0.972912 -0.207116 -0.10269 0.180173 0.957668 -0.22452 0.451527 1.27929 0.022273</i>
                        <i>0.126841 0.139994 0.981994 0.976261 -0.19285 -0.098608 0.175573 0.97119 -0.161132 0.458692 1.27173 0.083592</i>
                        <i>0.116597 0.197439 0.973356 0.975819 -0.205214 -0.0752661 0.184885 0.958595 -0.216592 0.460725 1.29398 0.125813</i>
                        <i>0.140271 0.198638 0.969983 0.973579 -0.205958 -0.0986138 0.180187 0.958188 -0.22228 0.452271 1.2795 0.0221201</i>
                        <i>0.125957 0.126846 0.983893 0.976297 -0.191817 -0.100255 0.17601 0.973199 -0.148 0.458836 1.27387 0.0832827</i>
                        <i>0.116497 0.214221 0.969813 0.975929 -0.20595 -0.0717394 0.184365 0.954827 -0.233057 0.460742 1.29125 0.126389</i>
                    </KeyFrames>
                </p>
            </i>
            <i>
                <p>
                    <Name>
                        <![CDATA[l_wrist]]>
</Name>
                    <Exclude>0</Exclude>
                    <Additive>1</Additive>
                    <IKPriority>0</IKPriority>
                    <IKRotLimits>-1e+010 -1e+010 -1e+010 1e+010 1e+010 1e+010</IKRotLimits>
                    <IKRotLimitOrder>0</IKRotLimitOrder>
                    <KeyFrames count="13">
                        <i>0.000246313 0.0637853 0.997964 0.982325 -0.186819 0.0116982 0.187185 0.980321 -0.0627039 0.479688 1.32609 0.284118</i>
                        <i>-0.0162365 0.104248 0.994419 0.983613 -0.17694 0.0346092 0.17956 0.978685 -0.0996666 0.475085 1.3118 0.179877</i>
                        <i>0.0165278 0.0607136 0.998018 0.983877 -0.178765 -0.00541854 0.178082 0.982017 -0.0626893 0.479322 1.2945 0.243302</i>
                        <i>-0.0190286 0.0646481 0.997727 0.983944 -0.175911 0.030164 0.177461 0.982281 -0.0602627 0.479688 1.32609 0.284117</i>
                        <i>-0.0162365 0.104248 0.994419 0.983613 -0.17694 0.0346092 0.17956 0.978685 -0.0996666 0.475085 1.3118 0.179878</i>
                        <i>0.0165278 0.0607136 0.998018 0.983877 -0.178765 -0.00541853 0.178082 0.982017 -0.0626893 0.479321 1.2945 0.2433</i>
                        <i>0.000246321 0.0637853 0.997964 0.982325 -0.186819 0.0116983 0.187185 0.980321 -0.0627038 0.479688 1.32609 0.284118</i>
                        <i>-0.0162365 0.104248 0.994419 0.983613 -0.17694 0.0346092 0.17956 0.978685 -0.0996665 0.475085 1.3118 0.179877</i>
                        <i>0.0165278 0.0607136 0.998019 0.983877 -0.178765 -0.00541853 0.178082 0.982017 -0.0626893 0.479322 1.2945 0.243302</i>
                        <i>0.000246321 0.0637853 0.997964 0.982325 -0.186819 0.0116982 0.187185 0.980321 -0.0627038 0.479688 1.32609 0.284118</i>
                        <i>-0.0162365 0.104248 0.994419 0.983613 -0.17694 0.0346092 0.17956 0.978685 -0.0996666 0.475084 1.3118 0.179877</i>
                        <i>0.0165278 0.0607136 0.998019 0.983877 -0.178765 -0.00541853 0.178082 0.982017 -0.0626893 0.479321 1.2945 0.243301</i>
                        <i>0.000246313 0.0637853 0.997964 0.982325 -0.186819 0.0116982 0.187185 0.980321 -0.0627039 0.479688 1.32609 0.284118</i>
                    </KeyFrames>
                </p>
            </i>
            <i>
                <p>
                    <Name>
                        <![CDATA[l_prop]]>
</Name>
                    <Exclude>0</Exclude>
                    <Additive>1</Additive>
                    <IKPriority>0</IKPriority>
                    <IKRotLimits>-1e+010 -1e+010 -1e+010 1e+010 1e+010 1e+010</IKRotLimits>
                    <IKRotLimitOrder>0</IKRotLimitOrder>
                    <KeyFrames count="13">
                        <i>-0.00924932 0.06089 0.998102 0.999781 -0.0181755 0.0103737 0.0187726 0.997979 -0.0607085 0.482933 1.3383 0.238668</i>
                        <i>-0.0257074 0.101271 0.994527 0.999609 -0.00833231 0.0266872 0.0109894 0.994824 -0.101017 0.478947 1.32218 0.134023</i>
                        <i>0.00705981 0.0577398 0.998307 0.999929 -0.00998047 -0.00649401 0.0095886 0.998282 -0.0578062 0.481701 1.30687 0.197843</i>
                        <i>-0.0284926 0.0616479 0.997691 0.999555 -0.00708514 0.0289836 0.00885553 0.998073 -0.0614185 0.483643 1.33829 0.238723</i>
                        <i>-0.0257074 0.101271 0.994527 0.999609 -0.0083323 0.0266873 0.0109894 0.994824 -0.101017 0.478947 1.32218 0.134023</i>
                        <i>0.0070598 0.0577399 0.998307 0.999929 -0.00998045 -0.00649401 0.0095886 0.998282 -0.0578062 0.481701 1.30687 0.197843</i>
                        <i>-0.00924931 0.06089 0.998102 0.999781 -0.0181755 0.0103738 0.0187726 0.997979 -0.0607085 0.482933 1.3383 0.238668</i>
                        <i>-0.0257074 0.101271 0.994526 0.999609 -0.00833234 0.0266872 0.0109894 0.994824 -0.101017 0.478947 1.32218 0.134023</i>
                        <i>0.00705981 0.0577399 0.998307 0.999929 -0.00998046 -0.00649401 0.00958859 0.998282 -0.0578062 0.481701 1.30687 0.197843</i>
                        <i>-0.00924931 0.06089 0.998102 0.999781 -0.0181755 0.0103738 0.0187726 0.997979 -0.0607085 0.482933 1.3383 0.238668</i>
                        <i>-0.0257074 0.101271 0.994527 0.999609 -0.00833235 0.0266872 0.0109894 0.994824 -0.101018 0.478947 1.32218 0.134023</i>
                        <i>0.00705981 0.0577399 0.998307 0.999929 -0.00998048 -0.006494 0.00958859 0.998282 -0.0578062 0.481701 1.30687 0.197843</i>
                        <i>-0.00924932 0.06089 0.998102 0.999781 -0.0181755 0.0103737 0.0187726 0.997979 -0.0607085 0.482933 1.3383 0.238668</i>
                    </KeyFrames>
                </p>
            </i>
            <i>
                <p>
                    <Name>
                        <![CDATA[r_clav]]>
</Name>
                    <Exclude>1</Exclude>
                    <Additive>0</Additive>
                    <IKPriority>0</IKPriority>
                    <IKRotLimits>-1e+010 -1e+010 -1e+010 1e+010 1e+010 1e+010</IKRotLimits>
                    <IKRotLimitOrder>0</IKRotLimitOrder>
                    <KeyFrames count="13">
                        <i>0.87463 -0.420361 0.241495 -0.475257 -0.841782 0.255995 0.0956759 -0.338673 -0.936027 -0.015131 1.59149 -0.0745844</i>
                        <i>0.878405 -0.423065 0.222308 -0.472135 -0.840321 0.266364 0.0741206 -0.338935 -0.937885 -0.0137735 1.59186 -0.0719277</i>
                        <i>0.881751 -0.425781 0.203043 -0.468782 -0.838869 0.276663 0.052529 -0.339131 -0.939272 -0.0123571 1.59223 -0.0693014</i>
                        <i>0.87463 -0.420361 0.241495 -0.475257 -0.841782 0.255995 0.0956759 -0.338673 -0.936027 -0.015131 1.59149 -0.0745844</i>
                        <i>0.878405 -0.423065 0.222308 -0.472135 -0.840321 0.266364 0.0741206 -0.338935 -0.937885 -0.0137735 1.59186 -0.0719277</i>
                        <i>0.881751 -0.425781 0.203043 -0.468782 -0.838869 0.276663 0.052529 -0.339131 -0.939272 -0.0123571 1.59223 -0.0693014</i>
                        <i>0.87463 -0.420361 0.241495 -0.475257 -0.841782 0.255995 0.0956759 -0.338673 -0.936027 -0.015131 1.59149 -0.0745844</i>
                        <i>0.878405 -0.423065 0.222308 -0.472135 -0.840321 0.266364 0.0741206 -0.338935 -0.937885 -0.0137735 1.59186 -0.0719277</i>
                        <i>0.881751 -0.425781 0.203043 -0.468782 -0.838869 0.276663 0.052529 -0.339131 -0.939272 -0.0123571 1.59223 -0.0693014</i>
                        <i>0.87463 -0.420361 0.241495 -0.475257 -0.841782 0.255995 0.0956759 -0.338673 -0.936027 -0.015131 1.59149 -0.0745844</i>
                        <i>0.878405 -0.423065 0.222308 -0.472135 -0.840321 0.266364 0.0741206 -0.338935 -0.937885 -0.0137735 1.59186 -0.0719277</i>
                        <i>0.881751 -0.425781 0.203043 -0.468782 -0.838869 0.276663 0.052529 -0.339131 -0.939272 -0.0123571 1.59223 -0.0693014</i>
                        <i>0.87463 -0.420361 0.241495 -0.475257 -0.841782 0.255995 0.0956759 -0.338673 -0.936027 -0.015131 1.59149 -0.0745844</i>
                    </KeyFrames>
                </p>
            </i>
            <i>
                <p>
                    <Name>
                        <![CDATA[r_shoulder]]>
</Name>
                    <Exclude>1</Exclude>
                    <Additive>0</Additive>
                    <IKPriority>0</IKPriority>
                    <IKRotLimits>-1e+010 -1e+010 -1e+010 1e+010 1e+010 1e+010</IKRotLimits>
                    <IKRotLimitOrder>0</IKRotLimitOrder>
                    <KeyFrames count="13">
                        <i>0.762126 0.504635 -0.405596 0.638455 -0.481853 0.600161 0.107425 -0.716353 -0.689419 -0.199524 1.68012 -0.1255</i>
                        <i>0.755038 0.501275 -0.42266 0.649831 -0.486161 0.584267 0.087398 -0.715801 -0.692814 -0.198963 1.68106 -0.118798</i>
                        <i>0.747411 0.498286 -0.439417 0.66085 -0.489696 0.568749 0.0682187 -0.715478 -0.695296 -0.198252 1.682 -0.11211</i>
                        <i>0.76299 0.50258 -0.406522 0.638307 -0.48651 0.596551 0.102037 -0.714648 -0.692002 -0.199524 1.68012 -0.1255</i>
