<?xml version="1.0" encoding="ISO-8859-1" ?>
<Animl Version="1">
    <ModellingPackage>
        <![CDATA[Maya.2010]]>
</ModellingPackage>
    <SrcFile>
        <![CDATA[anims\characters\shared\commando\~src\commando_fire_rocket.mb]]>
</SrcFile>
    <FramesPerSecond>30</FramesPerSecond>
    <TotalFrames>25</TotalFrames>
    <Skeleton>
        <RefFrame>
            <Name>
                <![CDATA[commando_ref_frame]]>
</Name>
            <Exclude>1</Exclude>
            <Additive>0</Additive>
            <IKPriority>0</IKPriority>
            <IKRotLimits>-1e+010 -1e+010 -1e+010 1e+010 1e+010 1e+010</IKRotLimits>
            <IKRotLimitOrder>0</IKRotLimitOrder>
            <KeyFrames count="25">
                <i>1 0 0 0 1 0 0 0 1 0 0 0</i>
                <i>1 0 0 0 1 0 0 0 1 0 0 0</i>
                <i>1 0 0 0 1 0 0 0 1 0 0 0</i>
                <i>1 0 0 0 1 0 0 0 1 0 0 0</i>
                <i>1 0 0 0 1 0 0 0 1 0 0 0</i>
                <i>1 0 0 0 1 0 0 0 1 0 0 0</i>
                <i>1 0 0 0 1 0 0 0 1 0 0 0</i>
                <i>1 0 0 0 1 0 0 0 1 0 0 0</i>
                <i>1 0 0 0 1 0 0 0 1 0 0 0</i>
                <i>1 0 0 0 1 0 0 0 1 0 0 0</i>
                <i>1 0 0 0 1 0 0 0 1 0 0 0</i>
                <i>1 0 0 0 1 0 0 0 1 0 0 0</i>
                <i>1 0 0 0 1 0 0 0 1 0 0 0</i>
                <i>1 0 0 0 1 0 0 0 1 0 0 0</i>
                <i>1 0 0 0 1 0 0 0 1 0 0 0</i>
                <i>1 0 0 0 1 0 0 0 1 0 0 0</i>
                <i>1 0 0 0 1 0 0 0 1 0 0 0</i>
                <i>1 0 0 0 1 0 0 0 1 0 0 0</i>
                <i>1 0 0 0 1 0 0 0 1 0 0 0</i>
                <i>1 0 0 0 1 0 0 0 1 0 0 0</i>
                <i>1 0 0 0 1 0 0 0 1 0 0 0</i>
                <i>1 0 0 0 1 0 0 0 1 0 0 0</i>
                <i>1 0 0 0 1 0 0 0 1 0 0 0</i>
                <i>1 0 0 0 1 0 0 0 1 0 0 0</i>
                <i>1 0 0 0 1 0 0 0 1 0 0 0</i>
            </KeyFrames>
        </RefFrame>
        <Bones count="28">
            <i>
                <p>
                    <Name>
                        <![CDATA[pelvis]]>
</Name>
                    <Exclude>1</Exclude>
                    <Additive>0</Additive>
                    <IKPriority>0</IKPriority>
                    <IKRotLimits>-1e+010 -1e+010 -1e+010 1e+010 1e+010 1e+010</IKRotLimits>
                    <IKRotLimitOrder>2</IKRotLimitOrder>
                    <KeyFrames count="25">
                        <i>1 0 0 0 1 0 0 0 1 0.0521443 1.06223 -0.0436981</i>
                        <i>1 0 0 0 1 0 0 0 1 0.0521443 1.06223 -0.0436981</i>
                        <i>1 0 0 0 1 0 0 0 1 0.0521443 1.06223 -0.0436981</i>
                        <i>1 0 0 0 1 0 0 0 1 0.0521443 1.06223 -0.0436981</i>
                        <i>1 0 0 0 1 0 0 0 1 0.0521443 1.06223 -0.0436981</i>
                        <i>1 0 0 0 1 0 0 0 1 0.0521443 1.06223 -0.0436981</i>
                        <i>1 0 0 0 1 0 0 0 1 0.0521443 1.06223 -0.0436981</i>
                        <i>1 0 0 0 1 0 0 0 1 0.0521443 1.06223 -0.0436981</i>
                        <i>1 0 0 0 1 0 0 0 1 0.0521443 1.06223 -0.0436981</i>
                        <i>1 0 0 0 1 0 0 0 1 0.0521443 1.06223 -0.0436981</i>
                        <i>1 0 0 0 1 0 0 0 1 0.0521443 1.06223 -0.0436981</i>
                        <i>1 0 0 0 1 0 0 0 1 0.0521443 1.06223 -0.0436981</i>
                        <i>1 0 0 0 1 0 0 0 1 0.0521443 1.06223 -0.0436981</i>
                        <i>1 0 0 0 1 0 0 0 1 0.0521443 1.06223 -0.0436981</i>
                        <i>1 0 0 0 1 0 0 0 1 0.0521443 1.06223 -0.0436981</i>
                        <i>1 0 0 0 1 0 0 0 1 0.0521443 1.06223 -0.0436981</i>
                        <i>1 0 0 0 1 0 0 0 1 0.0521443 1.06223 -0.0436981</i>
                        <i>1 0 0 0 1 0 0 0 1 0.0521443 1.06223 -0.0436981</i>
                        <i>1 0 0 0 1 0 0 0 1 0.0521443 1.06223 -0.0436981</i>
                        <i>1 0 0 0 1 0 0 0 1 0.0521443 1.06223 -0.0436981</i>
                        <i>1 0 0 0 1 0 0 0 1 0.0521443 1.06223 -0.0436981</i>
                        <i>1 0 0 0 1 0 0 0 1 0.0521443 1.06223 -0.0436981</i>
                        <i>1 0 0 0 1 0 0 0 1 0.0521443 1.06223 -0.0436981</i>
                        <i>1 0 0 0 1 0 0 0 1 0.0521443 1.06223 -0.0436981</i>
                        <i>1 0 0 0 1 0 0 0 1 0.0521443 1.06223 -0.0436981</i>
                    </KeyFrames>
                </p>
            </i>
            <i>
                <p>
                    <Name>
                        <![CDATA[spine0]]>
</Name>
                    <Exclude>1</Exclude>
                    <Additive>0</Additive>
                    <IKPriority>0</IKPriority>
                    <IKRotLimits>-1e+010 -1e+010 -1e+010 1e+010 1e+010 1e+010</IKRotLimits>
                    <IKRotLimitOrder>0</IKRotLimitOrder>
                    <KeyFrames count="25">
                        <i>-0.015652 0.99909 -0.039665 -0.9397 -0.028253 -0.340832 -0.341643 0.0319385 0.939287 0.0645116 1.19109 -0.106445</i>
                        <i>-0.015652 0.99909 -0.039665 -0.9397 -0.028253 -0.340832 -0.341643 0.0319385 0.939287 0.0645116 1.19109 -0.106445</i>
                        <i>-0.015652 0.99909 -0.039665 -0.9397 -0.028253 -0.340832 -0.341643 0.0319385 0.939287 0.0645116 1.19109 -0.106445</i>
                        <i>-0.015652 0.99909 -0.039665 -0.9397 -0.028253 -0.340832 -0.341643 0.0319385 0.939287 0.0645116 1.19109 -0.106445</i>
                        <i>-0.015652 0.99909 -0.039665 -0.9397 -0.028253 -0.340832 -0.341643 0.0319385 0.939287 0.0645116 1.19109 -0.106445</i>
                        <i>-0.015652 0.99909 -0.039665 -0.9397 -0.028253 -0.340832 -0.341643 0.0319385 0.939287 0.0645116 1.19109 -0.106445</i>
                        <i>-0.015652 0.99909 -0.039665 -0.9397 -0.028253 -0.340832 -0.341643 0.0319385 0.939287 0.0645116 1.19109 -0.106445</i>
                        <i>-0.015652 0.99909 -0.039665 -0.9397 -0.028253 -0.340832 -0.341643 0.0319385 0.939287 0.0645116 1.19109 -0.106445</i>
                        <i>-0.015652 0.99909 -0.039665 -0.9397 -0.028253 -0.340832 -0.341643 0.0319385 0.939287 0.0645116 1.19109 -0.106445</i>
                        <i>-0.015652 0.99909 -0.039665 -0.9397 -0.028253 -0.340832 -0.341643 0.0319385 0.939287 0.0645116 1.19109 -0.106445</i>
                        <i>-0.015652 0.99909 -0.039665 -0.9397 -0.028253 -0.340832 -0.341643 0.0319385 0.939287 0.0645116 1.19109 -0.106445</i>
                        <i>-0.015652 0.99909 -0.039665 -0.9397 -0.028253 -0.340832 -0.341643 0.0319385 0.939287 0.0645116 1.19109 -0.106445</i>
                        <i>-0.015652 0.99909 -0.039665 -0.9397 -0.028253 -0.340832 -0.341643 0.0319385 0.939287 0.0645116 1.19109 -0.106445</i>
                        <i>-0.015652 0.99909 -0.039665 -0.9397 -0.028253 -0.340832 -0.341643 0.0319385 0.939287 0.0645116 1.19109 -0.106445</i>
                        <i>-0.015652 0.99909 -0.039665 -0.9397 -0.028253 -0.340832 -0.341643 0.0319385 0.939287 0.0645116 1.19109 -0.106445</i>
                        <i>-0.015652 0.99909 -0.039665 -0.9397 -0.028253 -0.340832 -0.341643 0.0319385 0.939287 0.0645116 1.19109 -0.106445</i>
                        <i>-0.015652 0.99909 -0.039665 -0.9397 -0.028253 -0.340832 -0.341643 0.0319385 0.939287 0.0645116 1.19109 -0.106445</i>
                        <i>-0.015652 0.99909 -0.039665 -0.9397 -0.028253 -0.340832 -0.341643 0.0319385 0.939287 0.0645116 1.19109 -0.106445</i>
                        <i>-0.015652 0.99909 -0.039665 -0.9397 -0.028253 -0.340832 -0.341643 0.0319385 0.939287 0.0645116 1.19109 -0.106445</i>
                        <i>-0.015652 0.99909 -0.039665 -0.9397 -0.028253 -0.340832 -0.341643 0.0319385 0.939287 0.0645116 1.19109 -0.106445</i>
                        <i>-0.015652 0.99909 -0.039665 -0.9397 -0.028253 -0.340832 -0.341643 0.0319385 0.939287 0.0645116 1.19109 -0.106445</i>
                        <i>-0.015652 0.99909 -0.039665 -0.9397 -0.028253 -0.340832 -0.341643 0.0319385 0.939287 0.0645116 1.19109 -0.106445</i>
                        <i>-0.015652 0.99909 -0.039665 -0.9397 -0.028253 -0.340832 -0.341643 0.0319385 0.939287 0.0645116 1.19109 -0.106445</i>
                        <i>-0.015652 0.99909 -0.039665 -0.9397 -0.028253 -0.340832 -0.341643 0.0319385 0.939287 0.0645116 1.19109 -0.106445</i>
                        <i>-0.015652 0.99909 -0.039665 -0.9397 -0.028253 -0.340832 -0.341643 0.0319385 0.939287 0.0645116 1.19109 -0.106445</i>
                    </KeyFrames>
                </p>
            </i>
            <i>
                <p>
                    <Name>
                        <![CDATA[spine1]]>
</Name>
                    <Exclude>1</Exclude>
                    <Additive>0</Additive>
                    <IKPriority>0</IKPriority>
                    <IKRotLimits>-1e+010 -1e+010 -1e+010 1e+010 1e+010 1e+010</IKRotLimits>
                    <IKRotLimitOrder>0</IKRotLimitOrder>
                    <KeyFrames count="25">
                        <i>0.0378511 0.999001 0.0237409 -0.979323 0.0418094 -0.197935 -0.198729 -0.015758 0.979928 0.0618392 1.36155 -0.113207</i>
                        <i>0.0378511 0.999001 0.0237409 -0.979323 0.0418094 -0.197935 -0.198729 -0.015758 0.979928 0.0618392 1.36155 -0.113207</i>
                        <i>0.0378511 0.999001 0.0237409 -0.979323 0.0418094 -0.197935 -0.198729 -0.015758 0.979928 0.0618392 1.36155 -0.113207</i>
                        <i>0.0378511 0.999001 0.0237409 -0.979323 0.0418094 -0.197935 -0.198729 -0.015758 0.979928 0.0618392 1.36155 -0.113207</i>
                        <i>0.0378511 0.999001 0.0237409 -0.979323 0.0418094 -0.197935 -0.198729 -0.015758 0.979928 0.0618392 1.36155 -0.113207</i>
                        <i>0.0378511 0.999001 0.0237409 -0.979323 0.0418094 -0.197935 -0.198729 -0.015758 0.979928 0.0618392 1.36155 -0.113207</i>
                        <i>0.0378511 0.999001 0.0237409 -0.979323 0.0418094 -0.197935 -0.198729 -0.015758 0.979928 0.0618392 1.36155 -0.113207</i>
                        <i>0.0378511 0.999001 0.0237409 -0.979323 0.0418094 -0.197935 -0.198729 -0.015758 0.979928 0.0618392 1.36155 -0.113207</i>
                        <i>0.0378511 0.999001 0.0237409 -0.979323 0.0418094 -0.197935 -0.198729 -0.015758 0.979928 0.0618392 1.36155 -0.113207</i>
                        <i>0.0378511 0.999001 0.0237409 -0.979323 0.0418094 -0.197935 -0.198729 -0.015758 0.979928 0.0618392 1.36155 -0.113207</i>
                        <i>0.0378511 0.999001 0.0237409 -0.979323 0.0418094 -0.197935 -0.198729 -0.015758 0.979928 0.0618392 1.36155 -0.113207</i>
                        <i>0.0378511 0.999001 0.0237409 -0.979323 0.0418094 -0.197935 -0.198729 -0.015758 0.979928 0.0618392 1.36155 -0.113207</i>
                        <i>0.0378511 0.999001 0.0237409 -0.979323 0.0418094 -0.197935 -0.198729 -0.015758 0.979928 0.0618392 1.36155 -0.113207</i>
                        <i>0.0378511 0.999001 0.0237409 -0.979323 0.0418094 -0.197935 -0.198729 -0.015758 0.979928 0.0618392 1.36155 -0.113207</i>
                        <i>0.0378511 0.999001 0.0237409 -0.979323 0.0418094 -0.197935 -0.198729 -0.015758 0.979928 0.0618392 1.36155 -0.113207</i>
                        <i>0.0378511 0.999001 0.0237409 -0.979323 0.0418094 -0.197935 -0.198729 -0.015758 0.979928 0.0618392 1.36155 -0.113207</i>
                        <i>0.0378511 0.999001 0.0237409 -0.979323 0.0418094 -0.197935 -0.198729 -0.015758 0.979928 0.0618392 1.36155 -0.113207</i>
                        <i>0.0378511 0.999001 0.0237409 -0.979323 0.0418094 -0.197935 -0.198729 -0.015758 0.979928 0.0618392 1.36155 -0.113207</i>
                        <i>0.0378511 0.999001 0.0237409 -0.979323 0.0418094 -0.197935 -0.198729 -0.015758 0.979928 0.0618392 1.36155 -0.113207</i>
                        <i>0.0378511 0.999001 0.0237409 -0.979323 0.0418094 -0.197935 -0.198729 -0.015758 0.979928 0.0618392 1.36155 -0.113207</i>
                        <i>0.0378511 0.999001 0.0237409 -0.979323 0.0418094 -0.197935 -0.198729 -0.015758 0.979928 0.0618392 1.36155 -0.113207</i>
                        <i>0.0378511 0.999001 0.0237409 -0.979323 0.0418094 -0.197935 -0.198729 -0.015758 0.979928 0.0618392 1.36155 -0.113207</i>
                        <i>0.0378511 0.999001 0.0237409 -0.979323 0.0418094 -0.197935 -0.198729 -0.015758 0.979928 0.0618392 1.36155 -0.113207</i>
                        <i>0.0378511 0.999001 0.0237409 -0.979323 0.0418094 -0.197935 -0.198729 -0.015758 0.979928 0.0618392 1.36155 -0.113207</i>
                        <i>0.0378511 0.999001 0.0237409 -0.979323 0.0418094 -0.197935 -0.198729 -0.015758 0.979928 0.0618392 1.36155 -0.113207</i>
                    </KeyFrames>
                </p>
            </i>
            <i>
                <p>
                    <Name>
                        <![CDATA[spine2]]>
</Name>
                    <Exclude>1</Exclude>
                    <Additive>0</Additive>
                    <IKPriority>0</IKPriority>
                    <IKRotLimits>-1e+010 -1e+010 -1e+010 1e+010 1e+010 1e+010</IKRotLimits>
                    <IKRotLimitOrder>0</IKRotLimitOrder>
                    <KeyFrames count="25">
                        <i>0.081845 0.996453 -0.0195503 -0.99559 0.0808402 -0.0475951 -0.0458458 0.0233595 0.998675 0.0679432 1.51857 -0.109447</i>
                        <i>0.081845 0.996453 -0.0195503 -0.99559 0.0808402 -0.0475951 -0.0458458 0.0233595 0.998675 0.0679432 1.51857 -0.109447</i>
                        <i>0.081845 0.996453 -0.0195503 -0.99559 0.0808402 -0.0475951 -0.0458458 0.0233595 0.998675 0.0679432 1.51857 -0.109447</i>
                        <i>0.081845 0.996453 -0.0195503 -0.99559 0.0808402 -0.0475951 -0.0458458 0.0233595 0.998675 0.0679432 1.51857 -0.109447</i>
                        <i>0.081845 0.996453 -0.0195503 -0.99559 0.0808402 -0.0475951 -0.0458458 0.0233595 0.998675 0.0679432 1.51857 -0.109447</i>
                        <i>0.081845 0.996453 -0.0195503 -0.99559 0.0808402 -0.0475951 -0.0458458 0.0233595 0.998675 0.0679432 1.51857 -0.109447</i>
                        <i>0.081845 0.996453 -0.0195503 -0.99559 0.0808402 -0.0475951 -0.0458458 0.0233595 0.998675 0.0679432 1.51857 -0.109447</i>
                        <i>0.081845 0.996453 -0.0195503 -0.99559 0.0808402 -0.0475951 -0.0458458 0.0233595 0.998675 0.0679432 1.51857 -0.109447</i>
                        <i>0.081845 0.996453 -0.0195503 -0.99559 0.0808402 -0.0475951 -0.0458458 0.0233595 0.998675 0.0679432 1.51857 -0.109447</i>
                        <i>0.081845 0.996453 -0.0195503 -0.99559 0.0808402 -0.0475951 -0.0458458 0.0233595 0.998675 0.0679432 1.51857 -0.109447</i>
                        <i>0.081845 0.996453 -0.0195503 -0.99559 0.0808402 -0.0475951 -0.0458458 0.0233595 0.998675 0.0679432 1.51857 -0.109447</i>
                        <i>0.081845 0.996453 -0.0195503 -0.99559 0.0808402 -0.0475951 -0.0458458 0.0233595 0.998675 0.0679432 1.51857 -0.109447</i>
                        <i>0.081845 0.996453 -0.0195503 -0.99559 0.0808402 -0.0475951 -0.0458458 0.0233595 0.998675 0.0679432 1.51857 -0.109447</i>
                        <i>0.081845 0.996453 -0.0195503 -0.99559 0.0808402 -0.0475951 -0.0458458 0.0233595 0.998675 0.0679432 1.51857 -0.109447</i>
                        <i>0.081845 0.996453 -0.0195503 -0.99559 0.0808402 -0.0475951 -0.0458458 0.0233595 0.998675 0.0679432 1.51857 -0.109447</i>
                        <i>0.081845 0.996453 -0.0195503 -0.99559 0.0808402 -0.0475951 -0.0458458 0.0233595 0.998675 0.0679432 1.51857 -0.109447</i>
                        <i>0.081845 0.996453 -0.0195503 -0.99559 0.0808402 -0.0475951 -0.0458458 0.0233595 0.998675 0.0679432 1.51857 -0.109447</i>
                        <i>0.081845 0.996453 -0.0195503 -0.99559 0.0808402 -0.0475951 -0.0458458 0.0233595 0.998675 0.0679432 1.51857 -0.109447</i>
                        <i>0.081845 0.996453 -0.0195503 -0.99559 0.0808402 -0.0475951 -0.0458458 0.0233595 0.998675 0.0679432 1.51857 -0.109447</i>
                        <i>0.081845 0.996453 -0.0195503 -0.99559 0.0808402 -0.0475951 -0.0458458 0.0233595 0.998675 0.0679432 1.51857 -0.109447</i>
                        <i>0.081845 0.996453 -0.0195503 -0.99559 0.0808402 -0.0475951 -0.0458458 0.0233595 0.998675 0.0679432 1.51857 -0.109447</i>
                        <i>0.081845 0.996453 -0.0195503 -0.99559 0.0808402 -0.0475951 -0.0458458 0.0233595 0.998675 0.0679432 1.51857 -0.109447</i>
                        <i>0.081845 0.996453 -0.0195503 -0.99559 0.0808402 -0.0475951 -0.0458458 0.0233595 0.998675 0.0679432 1.51857 -0.109447</i>
                        <i>0.081845 0.996453 -0.0195503 -0.99559 0.0808402 -0.0475951 -0.0458458 0.0233595 0.998675 0.0679432 1.51857 -0.109447</i>
                        <i>0.081845 0.996453 -0.0195503 -0.99559 0.0808402 -0.0475951 -0.0458458 0.0233595 0.998675 0.0679432 1.51857 -0.109447</i>
                    </KeyFrames>
                </p>
            </i>
            <i>
                <p>
                    <Name>
                        <![CDATA[head]]>
</Name>
                    <Exclude>0</Exclude>
                    <Additive>1</Additive>
                    <IKPriority>0</IKPriority>
                    <IKRotLimits>-1e+010 -1e+010 -1e+010 1e+010 1e+010 1e+010</IKRotLimits>
                    <IKRotLimitOrder>0</IKRotLimitOrder>
                    <KeyFrames count="25">
                        <i>-0.0375278 0.98389 0.174793 0.00825803 0.175216 -0.984495 -0.999261 -0.0355025 -0.0147005 0.0908864 1.77189 -0.109461</i>
                        <i>-0.0440666 0.981269 0.187537 0.00366999 0.187877 -0.982186 -0.999022 -0.0425933 -0.0118804 0.0862974 1.76866 -0.105783</i>
                        <i>-0.0508938 0.977034 0.206915 -0.00245485 0.20706 -0.978325 -0.998701 -0.0502986 -0.00813968 0.0780509 1.76294 -0.0992476</i>
                        <i>-0.0396307 0.978005 0.204781 0.00248779 0.205038 -0.978751 -0.999211 -0.0382791 -0.0105589 0.0744274 1.76066 -0.0966042</i>
                        <i>0.0148671 0.987708 0.155602 0.0291793 0.155124 -0.987464 -0.999464 0.0192211 -0.0265144 0.0808482 1.76598 -0.102562</i>
                        <i>0.0919007 0.99202 0.0863187 0.0563932 0.0813614 -0.995088 -0.99417 0.096317 -0.0484661 0.0918921 1.77473 -0.112411</i>
                        <i>0.13354 0.990011 0.0452265 0.0669708 0.0365162 -0.997086 -0.988778 0.13618 -0.0614255 0.0995764 1.78043 -0.118772</i>
                        <i>0.125964 0.991267 0.0390354 0.0674819 0.0306958 -0.997248 -0.989737 0.128251 -0.0630261 0.102401 1.782 -0.120285</i>
                        <i>0.101435 0.99394 0.0423599 0.0653093 0.0358347 -0.997221 -0.992696 0.10392 -0.0612787 0.104268 1.78273 -0.120676</i>
                        <i>0.0672828 0.996339 0.0527352 0.0607855 0.0486634 -0.996964 -0.995881 0.0702841 -0.0572888 0.105295 1.78269 -0.120194</i>
                        <i>0.0309728 0.997237 0.067515 0.0543915 0.0657657 -0.996352 -0.998039 0.034532 -0.0522044 0.1056 1.78198 -0.119091</i>
                        <i>-3.75459e-005 0.996489 0.0837239 0.0473826 0.0836316 -0.99537 -0.998877 0.00392968 -0.0472194 0.105302 1.78065 -0.117615</i>
                        <i>-0.0184739 0.995005 0.0981007 0.0419299 0.0988022 -0.994223 -0.99895 -0.0142538 -0.0435458 0.104519 1.77879 -0.116018</i>
                        <i>-0.0270735 0.993563 0.109994 0.0380205 0.110978 -0.993095 -0.99891 -0.0227045 -0.0407804 0.100764 1.77327 -0.113214</i>
                        <i>-0.0334818 0.992092 0.120964 0.0339567 0.122091 -0.991938 -0.998862 -0.0291043 -0.0377761 0.0946091 1.76508 -0.109552</i>
                        <i>-0.037969 0.990658 0.13098 0.0298863 0.132141 -0.99078 -0.998832 -0.0337044 -0.0346245 0.090755 1.76057 -0.107434</i>
                        <i>-0.0408095 0.989308 0.140014 0.0259346 0.141132 -0.989651 -0.99883 -0.036756 -0.0314169 0.0898619 1.7605 -0.107072</i>
                        <i>-0.0422803 0.988076 0.148045 0.0222067 0.14907 -0.988577 -0.998859 -0.0385098 -0.0282447 0.0893971 1.7613 -0.107029</i>
                        <i>-0.0426596 0.986984 0.155054 0.0187905 0.15596 -0.987585 -0.998913 -0.0392164 -0.0251992 0.0892743 1.76273 -0.107231</i>
                        <i>-0.0422259 0.986047 0.161025 0.0157592 0.161806 -0.986697 -0.998984 -0.0391265 -0.0223717 0.0894073 1.76458 -0.107604</i>
                        <i>-0.041257 0.985272 0.165942 0.0131739 0.166605 -0.985936 -0.999062 -0.0384907 -0.0198536 0.0897096 1.7666 -0.108076</i>
                        <i>-0.0400296 0.984667 0.169791 0.0110867 0.170355 -0.98532 -0.999137 -0.0375596 -0.0177361 0.090095 1.76857 -0.108571</i>
                        <i>-0.0388182 0.984234 0.17256 0.00954352 0.173047 -0.984867 -0.999201 -0.0365839 -0.0161105 0.0904771 1.77026 -0.109016</i>
                        <i>-0.0378947 0.983975 0.174232 0.00858663 0.174672 -0.984589 -0.999245 -0.0358146 -0.0150682 0.0907697 1.77144 -0.109337</i>
                        <i>-0.0375278 0.98389 0.174793 0.00825803 0.175216 -0.984495 -0.999261 -0.0355025 -0.0147005 0.0908864 1.77189 -0.109461</i>
                    </KeyFrames>
                </p>
            </i>
            <i>
                <p>
                    <Name>
                        <![CDATA[head_prop]]>
</Name>
                    <Exclude>1</Exclude>
                    <Additive>0</Additive>
                    <IKPriority>0</IKPriority>
                    <IKRotLimits>-1e+010 -1e+010 -1e+010 1e+010 1e+010 1e+010</IKRotLimits>
                    <IKRotLimitOrder>0</IKRotLimitOrder>
                    <KeyFrames count="25">
                        <i>0.999261 0.0355025 0.0147005 -0.0375278 0.98389 0.174793 -0.00825803 -0.175216 0.984495 0.0602916 1.80484 0.121919</i>
                        <i>0.999022 0.0425933 0.0118804 -0.0440666 0.981269 0.187537 -0.00366999 -0.187877 0.982186 0.0562447 1.79842 0.1261</i>
                        <i>0.998701 0.0502986 0.00813968 -0.0508938 0.977034 0.206915 0.00245485 -0.20706 0.978325 0.0488626 1.78792 0.133308</i>
                        <i>0.999211 0.0382791 0.0105589 -0.0396307 0.978005 0.204781 -0.00248779 -0.205038 0.978751 0.0449609 1.78648 0.135825</i>
                        <i>0.999464 -0.0192211 0.0265144 0.0148671 0.987708 0.155602 -0.0291793 -0.155124 0.987464 0.0494758 1.8051 0.12775</i>
                        <i>0.99417 -0.096317 0.0484661 0.0919007 0.99202 0.0863187 -0.0563932 -0.0813614 0.995088 0.0603099 1.83257 0.113896</i>
                        <i>0.988778 -0.13618 0.0614255 0.13354 0.990011 0.0452265 -0.0669708 -0.0365162 0.997086 0.068865 1.84913 0.104601</i>
                        <i>0.989737 -0.128251 0.0630261 0.125964 0.991267 0.0390354 -0.0674819 -0.0306958 0.997248 0.0709906 1.85188 0.102625</i>
                        <i>0.992696 -0.10392 0.0612787 0.101435 0.99394 0.0423599 -0.0653093 -0.0358347 0.997221 0.0714478 1.85103 0.10252</i>
                        <i>0.995881 -0.0702841 0.0572888 0.0672828 0.996339 0.0527352 -0.0607855 -0.0486634 0.996964 0.0708695 1.84745 0.103816</i>
                        <i>0.998039 -0.034532 0.0522044 0.0309728 0.997237 0.067515 -0.0543915 -0.0657657 0.996352 0.0698523 1.84206 0.106009</i>
                        <i>0.998877 -0.00392968 0.0472194 -3.75459e-005 0.996489 0.0837239 -0.0473826 -0.0836316 0.99537 0.0687952 1.83591 0.108596</i>
                        <i>0.99895 0.0142538 0.0435458 -0.0184739 0.995005 0.0981007 -0.0419299 -0.0988022 0.994223 0.0678578 1.8301 0.111098</i>
                        <i>0.99891 0.0227045 0.0407804 -0.0270735 0.993563 0.109994 -0.0380205 -0.110978 0.993095 0.0643372 1.82154 0.114603</i>
                        <i>0.998862 0.0291043 0.0377761 -0.0334818 0.992092 0.120964 -0.0339567 -0.122091 0.991938 0.0586121 1.81061 0.118897</i>
                        <i>0.998832 0.0337044 0.0346245 -0.037969 0.990658 0.13098 -0.0298863 -0.132141 0.99078 0.0553313 1.80364 0.121582</i>
                        <i>0.99883 0.036756 0.0314169 -0.0408095 0.989308 0.140014 -0.0259346 -0.141132 0.989651 0.0551064 1.8014 0.122445</i>
                        <i>0.998859 0.0385098 0.0282447 -0.0422803 0.988076 0.148045 -0.0222067 -0.14907 0.988577 0.0553607 1.80029 0.122926</i>
                        <i>0.998913 0.0392164 0.0251992 -0.0426596 0.986984 0.155054 -0.0187905 -0.15596 0.987585 0.0559677 1.8001 0.123101</i>
                        <i>0.998984 0.0391265 0.0223717 -0.0422259 0.986047 0.161025 -0.0157592 -0.161806 0.986697 0.0568047 1.80057 0.123046</i>
                        <i>0.999062 0.0384907 0.0198536 -0.041257 0.985272 0.165942 -0.0131739 -0.166605 0.985936 0.0577513 1.80149 0.122835</i>
                        <i>0.999137 0.0375596 0.0177361 -0.0400296 0.984667 0.169791 -0.0110867 -0.170355 0.98532 0.0586895 1.80261 0.122543</i>
                        <i>0.999201 0.0365839 0.0161105 -0.0388182 0.984234 0.17256 -0.00954352 -0.173047 0.984867 0.0595026 1.80369 0.122244</i>
                        <i>0.999245 0.0358146 0.0150682 -0.0378947 0.983975 0.174232 -0.00858663 -0.174672 0.984589 0.0600751 1.80451 0.122012</i>
                        <i>0.999261 0.0355025 0.0147005 -0.0375278 0.98389 0.174793 -0.00825803 -0.175216 0.984495 0.0602916 1.80484 0.121919</i>
                    </KeyFrames>
                </p>
            </i>
            <i>
                <p>
                    <Name>
                        <![CDATA[ponytail_1]]>
</Name>
                    <Exclude>1</Exclude>
                    <Additive>0</Additive>
                    <IKPriority>0</IKPriority>
                    <IKRotLimits>-1e+010 -1e+010 -1e+010 1e+010 1e+010 1e+010</IKRotLimits>
                    <IKRotLimitOrder>0</IKRotLimitOrder>
                    <KeyFrames count="25">
                        <i>0.974934 -0.220321 -0.0310338 0.0421685 0.0460153 0.99805 -0.218463 -0.974341 0.0541525 0.0766023 1.9594 -0.205957</i>
                        <i>0.976394 -0.212793 -0.0370557 0.0451976 0.0335236 0.998415 -0.211214 -0.976522 0.04235 0.0703299 1.95728 -0.199815</i>
                        <i>0.977851 -0.204255 -0.0456837 0.0496561 0.0143625 0.998663 -0.203326 -0.978812 0.0241869 0.0601558 1.95323 -0.189495</i>
                        <i>0.975429 -0.216116 -0.0427946 0.047328 0.0158423 0.998754 -0.215169 -0.976239 0.0256814 0.0590531 1.95097 -0.187287</i>
                        <i>0.96157 -0.274169 -0.0146559 0.0332291 0.0632223 0.997446 -0.272542 -0.959601 0.0699031 0.0780453 1.95205 -0.202771</i>
                        <i>0.936522 -0.349754 0.0244773 0.0232133 0.131515 0.991042 -0.34984 -0.927565 0.131285 0.105567 1.95281 -0.225443</i>
                        <i>0.920538 -0.387739 0.0476292 0.0216774 0.172433 0.984783 -0.390052 -0.905497 0.167136 0.121653 1.95281 -0.239087</i>
                        <i>0.923425 -0.380406 0.0507774 0.0195827 0.178841 0.983683 -0.38328 -0.907363 0.172595 0.12326 1.95377 -0.241675</i>
                        <i>0.932631 -0.357595 0.0482292 0.0165214 0.17584 0.98428 -0.360454 -0.917173 0.169901 0.120698 1.95538 -0.241488</i>
                        <i>0.944545 -0.325726 0.0416903 0.0136643 0.165832 0.986059 -0.328098 -0.930808 0.161086 0.115375 1.95709 -0.239193</i>
                        <i>0.956026 -0.291424 0.0329543 0.0120984 0.151456 0.98839 -0.293032 -0.944528 0.148322 0.108738 1.95838 -0.23548</i>
                        <i>0.96486 -0.26167 0.0239446 0.0122105 0.135677 0.990678 -0.26248 -0.955573 0.134105 0.102323 1.95893 -0.231108</i>
                        <i>0.969702 -0.243722 0.0166756 0.0135048 0.121638 0.992483 -0.243919 -0.962187 0.121244 0.0977425 1.9586 -0.226913</i>
                        <i>0.971889 -0.235186 0.0109267 0.0154349 0.109956 0.993817 -0.234934 -0.965711 0.110495 0.0920433 1.95431 -0.22194</i>
                        <i>0.973501 -0.228624 0.00518578 0.017993 0.0991825 0.994907 -0.227974 -0.968449 0.100668 0.0842917 1.94724 -0.216259</i>
                        <i>0.974633 -0.223809 -0.000450369 0.0209776 0.0893481 0.99578 -0.222824 -0.970529 0.0917766 0.0791633 1.94373 -0.21228</i>
                        <i>0.975366 -0.220512 -0.00588662 0.0242075 0.0804733 0.996463 -0.219259 -0.972059 0.083829 0.0772878 1.94455 -0.210226</i>
                        <i>0.975775 -0.2185 -0.011029 0.02752 0.0725743 0.996983 -0.21704 -0.973135 0.0768292 0.0760993 1.94614 -0.208666</i>
                        <i>0.975925 -0.217534 -0.0157846 0.0307683 0.0656653 0.997367 -0.215925 -0.973841 0.0707776 0.0754759 1.94827 -0.207536</i>
                        <i>0.975881 -0.217379 -0.0200608 0.0338201 0.0597614 0.99764 -0.215667 -0.974256 0.0656717 0.0752939 1.9507 -0.206766</i>
                        <i>0.975706 -0.217792 -0.0237657 0.0365544 0.0548797 0.997824 -0.216014 -0.974451 0.0615077 0.0754282 1.95321 -0.206291</i>
                        <i>0.975461 -0.218535 -0.0268073 0.0388598 0.0510403 0.99794 -0.216717 -0.974493 0.05828 0.0757527 1.95557 -0.206041</i>
                        <i>0.975209 -0.219365 -0.0290939 0.0406312 0.0482661 0.998008 -0.217524 -0.974448 0.0559826 0.0761408 1.95754 -0.205948</i>
                        <i>0.975013 -0.220042 -0.0305334 0.0417674 0.0465823 0.998041 -0.218188 -0.974378 0.0546089 0.076466 1.95889 -0.205943</i>
                        <i>0.974934 -0.220321 -0.0310338 0.0421685 0.0460153 0.99805 -0.218463 -0.974341 0.0541525 0.0766023 1.9594 -0.205957</i>
                    </KeyFrames>
                </p>
            </i>
            <i>
                <p>
                    <Name>
                        <![CDATA[ponytail_2]]>
</Name>
                    <Exclude>1</Exclude>
                    <Additive>0</Additive>
                    <IKPriority>0</IKPriority>
                    <IKRotLimits>-1e+010 -1e+010 -1e+010 1e+010 1e+010 1e+010</IKRotLimits>
                    <IKRotLimitOrder>0</IKRotLimitOrder>
                    <KeyFrames count="25">
                        <i>0.974934 -0.220321 -0.0310338 -0.0430265 -0.323538 0.945236 -0.218296 -0.920207 -0.324908 0.0695649 1.94407 -0.318211</i>
                        <i>0.976394 -0.212793 -0.0370557 -0.0374949 -0.335934 0.941139 -0.212716 -0.917533 -0.335982 0.0630254 1.94334 -0.312233</i>
                        <i>0.977851 -0.204255 -0.0456837 -0.0303986 -0.354551 0.934542 -0.207082 -0.912455 -0.352907 0.0524294 1.94143 -0.302129</i>
                        <i>0.975429 -0.216116 -0.0427946 -0.037007 -0.352213 0.935188 -0.217182 -0.910626 -0.351556 0.0514668 1.93903 -0.299916</i>
                        <i>0.96157 -0.274169 -0.0146559 -0.0716344 -0.302053 0.950596 -0.26505 -0.913015 -0.310085 0.0714563 1.93493 -0.314793</i>
                        <i>0.936522 -0.349754 0.0244773 -0.109967 -0.226727 0.96773 -0.332918 -0.908992 -0.250796 0.0993066 1.9283 -0.336103</i>
                        <i>0.920538 -0.387739 0.0476292 -0.126502 -0.180515 0.975403 -0.369605 -0.903921 -0.21522 0.115148 1.9239 -0.348666</i>
                        <i>0.923425 -0.380406 0.0507774 -0.125898 -0.175278 0.976436 -0.362541 -0.908058 -0.209749 0.117063 1.92412 -0.351074</i>
                        <i>0.932631 -0.357595 0.0482292 -0.120157 -0.181746 0.975977 -0.340239 -0.916021 -0.212469 0.115084 1.92597 -0.350982</i>
                        <i>0.944545 -0.325726 0.0416903 -0.110645 -0.196145 0.974313 -0.309181 -0.924895 -0.221307 0.11042 1.92867 -0.34898</i>
                        <i>0.956026 -0.291424 0.0329543 -0.0989166 -0.214622 0.971675 -0.276097 -0.932207 -0.234011 0.104325 1.93144 -0.345663</i>
                        <i>0.96486 -0.26167 0.0239446 -0.0873306 -0.233396 0.968452 -0.247827 -0.936512 -0.248046 0.0982143 1.93366 -0.341698</i>
                        <i>0.969702 -0.243722 0.0166756 -0.0791555 -0.248892 0.965291 -0.231113 -0.937364 -0.260643 0.0936806 1.93485 -0.337841</i>
                        <i>0.971889 -0.235186 0.0109267 -0.0739901 -0.261042 0.962488 -0.223512 -0.93624 -0.271105 0.0878566 1.93184 -0.33313</i>
                        <i>0.973501 -0.228624 0.00518578 -0.0690039 -0.272054 0.959805 -0.218023 -0.934729 -0.280621 0.0798882 1.92596 -0.327674</i>
                        <i>0.974633 -0.223809 -0.000450369 -0.0643029 -0.281949 0.957272 -0.214373 -0.93296 -0.289189 0.074476 1.92354 -0.323887</i>
                        <i>0.975366 -0.220512 -0.00588662 -0.0599696 -0.290748 0.954918 -0.212283 -0.931042 -0.29681 0.0722724 1.92535 -0.321992</i>
                        <i>0.975775 -0.2185 -0.011029 -0.0560662 -0.298473 0.95277 -0.211472 -0.92907 -0.303493 0.0707325 1.92783 -0.320564</i>
                        <i>0.975925 -0.217534 -0.0157846 -0.052637 -0.305141 0.950851 -0.211659 -0.927129 -0.309245 0.0697535 1.93073 -0.31954</i>
                        <i>0.975881 -0.217379 -0.0200608 -0.0497118 -0.310768 0.949185 -0.212567 -0.925294 -0.314079 0.0692292 1.93382 -0.318854</i>
                        <i>0.975706 -0.217792 -0.0237657 -0.0473085 -0.315365 0.947791 -0.213916 -0.92364 -0.318007 0.0690508 1.93688 -0.318443</i>
                        <i>0.975461 -0.218535 -0.0268073 -0.0454361 -0.318939 0.946686 -0.215434 -0.922237 -0.321042 0.0691074 1.93967 -0.318239</i>
                        <i>0.975209 -0.219365 -0.0290939 -0.0440981 -0.321493 0.945885 -0.216848 -0.921152 -0.323196 0.0692869 1.94196 -0.318178</i>
                        <i>0.975013 -0.220042 -0.0305334 -0.0432948 -0.323026 0.945399 -0.21789 -0.920454 -0.324481 0.0694768 1.9435 -0.318191</i>
                        <i>0.974934 -0.220321 -0.0310338 -0.0430265 -0.323538 0.945236 -0.218296 -0.920207 -0.324908 0.0695649 1.94407 -0.318211</i>
                    </KeyFrames>
                </p>
            </i>
            <i>
                <p>
                    <Name>
                        <![CDATA[ponytail_3]]>
</Name>
                    <Exclude>1</Exclude>
                    <Additive>0</Additive>
                    <IKPriority>0</IKPriority>
                    <IKRotLimits>-1e+010 -1e+010 -1e+010 1e+010 1e+010 1e+010</IKRotLimits>
                    <IKRotLimitOrder>0</IKRotLimitOrder>
                    <KeyFrames count="25">
                        <i>0.974934 -0.220321 -0.0310338 -0.0977848 -0.549573 0.829703 -0.199856 -0.805871 -0.557342 0.0721603 1.9664 -0.395223</i>
                        <i>0.976394 -0.212793 -0.0370557 -0.091003 -0.560862 0.822892 -0.195889 -0.800095 -0.566988 0.0651993 1.96668 -0.38896</i>
                        <i>0.977851 -0.204255 -0.0456837 -0.0826952 -0.577544 0.81216 -0.192272 -0.790394 -0.581643 0.0540567 1.96628 -0.378394</i>
                        <i>0.975429 -0.216116 -0.0427946 -0.0916815 -0.574814 0.813132 -0.20033 -0.789229 -0.580504 0.0535841 1.9637 -0.376227</i>
                        <i>0.96157 -0.274169 -0.0146559 -0.137467 -0.52696 0.838699 -0.237668 -0.804453 -0.544398 0.0761615 1.95557 -0.392177</i>
                        <i>0.936522 -0.349754 0.0244773 -0.191982 -0.453139 0.870522 -0.293377 -0.819962 -0.491521 0.106818 1.94292 -0.414628</i>
                        <i>0.920538 -0.387739 0.0476292 -0.217406 -0.407179 0.887096 -0.324569 -0.826961 -0.45912 0.123842 1.93484 -0.427667</i>
                        <i>0.923425 -0.380406 0.0507774 -0.215004 -0.403184 0.889503 -0.317899 -0.832307 -0.454099 0.125736 1.93462 -0.430137</i>
                        <i>0.932631 -0.357595 0.0482292 -0.203713 -0.411484 0.888359 -0.297827 -0.838336 -0.45661 0.123384 1.93696 -0.430018</i>
                        <i>0.944545 -0.325726 0.0416903 -0.186525 -0.427682 0.884475 -0.270266 -0.843203 -0.464721 0.118079 1.94077 -0.427917</i>
                        <i>0.956026 -0.291424 0.0329543 -0.166673 -0.44742 0.878656 -0.241317 -0.84551 -0.476318 0.111173 1.945 -0.424439</i>
                        <i>0.96486 -0.26167 0.0239446 -0.148199 -0.466669 0.871927 -0.216983 -0.844837 -0.489049 0.104244 1.94871 -0.42027</i>
                        <i>0.969702 -0.243722 0.0166756 -0.135996 -0.481862 0.86563 -0.202938 -0.84167 -0.500407 0.099121 1.95114 -0.416209</i>
                        <i>0.971889 -0.235186 0.0109267 -0.129047 -0.493312 0.860227 -0.196923 -0.837455 -0.509795 0.0929128 1.94911 -0.411314</i>
                        <i>0.973501 -0.228624 0.00518578 -0.122816 -0.503564 0.855184 -0.192904 -0.833159 -0.518299 0.0845662 1.94411 -0.405681</i>
                        <i>0.974633 -0.223809 -0.000450369 -0.117334 -0.51267 0.85053 -0.190587 -0.828902 -0.525926 0.0787915 1.94249 -0.401724</i>
                        <i>0.975366 -0.220512 -0.00588662 -0.112608 -0.520679 0.846293 -0.189683 -0.824783 -0.532684 0.0762489 1.94502 -0.39967</i>
                        <i>0.975775 -0.2185 -0.011029 -0.108628 -0.527635 0.842497 -0.189905 -0.820889 -0.538588 0.0743994 1.94812 -0.398096</i>
                        <i>0.975925 -0.217534 -0.0157846 -0.105362 -0.533578 0.839162 -0.190969 -0.817296 -0.543652 0.0731449 1.95156 -0.39694</i>
                        <i>0.975881 -0.217379 -0.0200608 -0.102769 -0.538543 0.836307 -0.192599 -0.814075 -0.547894 0.0723827 1.95511 -0.39614</i>
                        <i>0.975706 -0.217792 -0.0237657 -0.100795 -0.54256 0.833948 -0.194522 -0.811293 -0.551331 0.0720064 1.95854 -0.395632</i>
                        <i>0.975461 -0.218535 -0.0268073 -0.0993762 -0.545651 0.832099 -0.19647 -0.809016 -0.553979 0.071907 1.96163 -0.395353</i>
                        <i>0.975209 -0.219365 -0.0290939 -0.0984474 -0.54784 0.83077 -0.198181 -0.80731 -0.555854 0.0719738 1.96412 -0.395235</i>
                        <i>0.975013 -0.220042 -0.0305334 -0.0979395 -0.549142 0.82997 -0.199395 -0.806241 -0.556971 0.0720953 1.96579 -0.395214</i>
                        <i>0.974934 -0.220321 -0.0310338 -0.0977848 -0.549573 0.829703 -0.199856 -0.805871 -0.557342 0.0721603 1.9664 -0.395223</i>
                    </KeyFrames>
                </p>
            </i>
            <i>
                <p>
                    <Name>
                        <![CDATA[l_clav]]>
</Name>
                    <Exclude>1</Exclude>
                    <Additive>0</Additive>
                    <IKPriority>0</IKPriority>
                    <IKRotLimits>-1e+010 -1e+010 -1e+010 1e+010 1e+010 1e+010</IKRotLimits>
                    <IKRotLimitOrder>0</IKRotLimitOrder>
                    <KeyFrames count="25">
                        <i>0.991069 -0.0689048 -0.114168 0.026588 0.941069 -0.337167 0.130672 0.33112 0.934497 0.156005 1.57604 -0.0658409</i>
                        <i>0.991069 -0.0689048 -0.114168 0.026588 0.941069 -0.337167 0.130672 0.33112 0.934497 0.156005 1.57604 -0.0658409</i>
                        <i>0.991069 -0.0689048 -0.114168 0.026588 0.941069 -0.337167 0.130672 0.33112 0.934497 0.156005 1.57604 -0.0658409</i>
                        <i>0.991069 -0.0689048 -0.114168 0.026588 0.941069 -0.337167 0.130672 0.33112 0.934497 0.156005 1.57604 -0.0658409</i>
                        <i>0.991069 -0.0689048 -0.114168 0.026588 0.941069 -0.337167 0.130672 0.33112 0.934497 0.156005 1.57604 -0.0658409</i>
                        <i>0.991069 -0.0689048 -0.114168 0.026588 0.941069 -0.337167 0.130672 0.33112 0.934497 0.156005 1.57604 -0.0658409</i>
                        <i>0.991069 -0.0689048 -0.114168 0.026588 0.941069 -0.337167 0.130672 0.33112 0.934497 0.156005 1.57604 -0.0658409</i>
                        <i>0.991069 -0.0689048 -0.114168 0.026588 0.941069 -0.337167 0.130672 0.33112 0.934497 0.156005 1.57604 -0.0658409</i>
                        <i>0.991069 -0.0689048 -0.114168 0.026588 0.941069 -0.337167 0.130672 0.33112 0.934497 0.156005 1.57604 -0.0658409</i>
                        <i>0.991069 -0.0689048 -0.114168 0.026588 0.941069 -0.337167 0.130672 0.33112 0.934497 0.156005 1.57604 -0.0658409</i>
                        <i>0.991069 -0.0689048 -0.114168 0.026588 0.941069 -0.337167 0.130672 0.33112 0.934497 0.156005 1.57604 -0.0658409</i>
                        <i>0.991069 -0.0689048 -0.114168 0.026588 0.941069 -0.337167 0.130672 0.33112 0.934497 0.156005 1.57604 -0.0658409</i>
