<?xml version="1.0" encoding="ISO-8859-1" ?>
<Animl Version="1">
    <ModellingPackage>
        <![CDATA[Maya.2010]]>
</ModellingPackage>
    <SrcFile>
        <![CDATA[anims\characters\shared\commando\~src\commando_idle_aim_low.mb]]>
</SrcFile>
    <FramesPerSecond>30</FramesPerSecond>
    <TotalFrames>37</TotalFrames>
    <Skeleton>
        <RefFrame>
            <Name>
                <![CDATA[commando_ref_frame]]>
</Name>
            <Exclude>1</Exclude>
            <Additive>0</Additive>
            <IKPriority>0</IKPriority>
            <IKRotLimits>-1e+010 -1e+010 -1e+010 1e+010 1e+010 1e+010</IKRotLimits>
            <IKRotLimitOrder>0</IKRotLimitOrder>
            <KeyFrames count="37">
                <i>1 0 0 0 1 0 0 0 1 0.05214 0 -0.0437</i>
                <i>1 0 0 0 1 0 0 0 1 0.05214 0 -0.0437</i>
                <i>1 0 0 0 1 0 0 0 1 0.05214 0 -0.0437</i>
                <i>1 0 0 0 1 0 0 0 1 0.05214 0 -0.0437</i>
                <i>1 0 0 0 1 0 0 0 1 0.05214 0 -0.0437</i>
                <i>1 0 0 0 1 0 0 0 1 0.05214 0 -0.0437</i>
                <i>1 0 0 0 1 0 0 0 1 0.05214 0 -0.0437</i>
                <i>1 0 0 0 1 0 0 0 1 0.05214 0 -0.0437</i>
                <i>1 0 0 0 1 0 0 0 1 0.05214 0 -0.0437</i>
                <i>1 0 0 0 1 0 0 0 1 0.05214 0 -0.0437</i>
                <i>1 0 0 0 1 0 0 0 1 0.05214 0 -0.0437</i>
                <i>1 0 0 0 1 0 0 0 1 0.05214 0 -0.0437</i>
                <i>1 0 0 0 1 0 0 0 1 0.05214 0 -0.0437</i>
                <i>1 0 0 0 1 0 0 0 1 0.05214 0 -0.0437</i>
                <i>1 0 0 0 1 0 0 0 1 0.05214 0 -0.0437</i>
                <i>1 0 0 0 1 0 0 0 1 0.05214 0 -0.0437</i>
                <i>1 0 0 0 1 0 0 0 1 0.05214 0 -0.0437</i>
                <i>1 0 0 0 1 0 0 0 1 0.05214 0 -0.0437</i>
                <i>1 0 0 0 1 0 0 0 1 0.05214 0 -0.0437</i>
                <i>1 0 0 0 1 0 0 0 1 0.05214 0 -0.0437</i>
                <i>1 0 0 0 1 0 0 0 1 0.05214 0 -0.0437</i>
                <i>1 0 0 0 1 0 0 0 1 0.05214 0 -0.0437</i>
                <i>1 0 0 0 1 0 0 0 1 0.05214 0 -0.0437</i>
                <i>1 0 0 0 1 0 0 0 1 0.05214 0 -0.0437</i>
                <i>1 0 0 0 1 0 0 0 1 0.05214 0 -0.0437</i>
                <i>1 0 0 0 1 0 0 0 1 0.05214 0 -0.0437</i>
                <i>1 0 0 0 1 0 0 0 1 0.05214 0 -0.0437</i>
                <i>1 0 0 0 1 0 0 0 1 0.05214 0 -0.0437</i>
                <i>1 0 0 0 1 0 0 0 1 0.05214 0 -0.0437</i>
                <i>1 0 0 0 1 0 0 0 1 0.05214 0 -0.0437</i>
                <i>1 0 0 0 1 0 0 0 1 0.05214 0 -0.0437</i>
                <i>1 0 0 0 1 0 0 0 1 0.05214 0 -0.0437</i>
                <i>1 0 0 0 1 0 0 0 1 0.05214 0 -0.0437</i>
                <i>1 0 0 0 1 0 0 0 1 0.05214 0 -0.0437</i>
                <i>1 0 0 0 1 0 0 0 1 0.05214 0 -0.0437</i>
                <i>1 0 0 0 1 0 0 0 1 0.05214 0 -0.0437</i>
                <i>1 0 0 0 1 0 0 0 1 0.05214 0 -0.0437</i>
            </KeyFrames>
        </RefFrame>
        <Bones count="28">
            <i>
                <p>
                    <Name>
                        <![CDATA[pelvis]]>
</Name>
                    <Exclude>1</Exclude>
                    <Additive>0</Additive>
                    <IKPriority>0</IKPriority>
                    <IKRotLimits>-1e+010 -1e+010 -1e+010 1e+010 1e+010 1e+010</IKRotLimits>
                    <IKRotLimitOrder>2</IKRotLimitOrder>
                    <KeyFrames count="37">
                        <i>1 0 0 0 1 0 0 0 1 0.052082 1.0647 -0.0435216</i>
                        <i>1 0 0 0 1 0 0 0 1 0.0520806 1.06491 -0.0435097</i>
                        <i>1 0 0 0 1 0 0 0 1 0.0520766 1.06549 -0.0434759</i>
                        <i>1 0 0 0 1 0 0 0 1 0.0520704 1.0664 -0.043423</i>
                        <i>1 0 0 0 1 0 0 0 1 0.0520622 1.0676 -0.0433536</i>
                        <i>1 0 0 0 1 0 0 0 1 0.0520525 1.06904 -0.0432704</i>
                        <i>1 0 0 0 1 0 0 0 1 0.0520414 1.07066 -0.0431764</i>
                        <i>1 0 0 0 1 0 0 0 1 0.0520294 1.07243 -0.0430741</i>
                        <i>1 0 0 0 1 0 0 0 1 0.0520167 1.07429 -0.0429663</i>
                        <i>1 0 0 0 1 0 0 0 1 0.0520037 1.0762 -0.0428558</i>
                        <i>1 0 0 0 1 0 0 0 1 0.0519907 1.07811 -0.0427453</i>
                        <i>1 0 0 0 1 0 0 0 1 0.051978 1.07997 -0.0426375</i>
                        <i>1 0 0 0 1 0 0 0 1 0.051966 1.08173 -0.0425352</i>
                        <i>1 0 0 0 1 0 0 0 1 0.0519549 1.08336 -0.0424411</i>
                        <i>1 0 0 0 1 0 0 0 1 0.0519451 1.08479 -0.042358</i>
                        <i>1 0 0 0 1 0 0 0 1 0.051937 1.08599 -0.0422886</i>
                        <i>1 0 0 0 1 0 0 0 1 0.0519307 1.08691 -0.0422356</i>
                        <i>1 0 0 0 1 0 0 0 1 0.0519267 1.08749 -0.0422018</i>
                        <i>1 0 0 0 1 0 0 0 1 0.0519253 1.08769 -0.04219</i>
                        <i>1 0 0 0 1 0 0 0 1 0.0519267 1.08749 -0.0422018</i>
                        <i>1 0 0 0 1 0 0 0 1 0.0519307 1.08691 -0.0422356</i>
                        <i>1 0 0 0 1 0 0 0 1 0.051937 1.08599 -0.0422886</i>
                        <i>1 0 0 0 1 0 0 0 1 0.0519451 1.08479 -0.042358</i>
                        <i>1 0 0 0 1 0 0 0 1 0.0519549 1.08336 -0.0424411</i>
                        <i>1 0 0 0 1 0 0 0 1 0.051966 1.08173 -0.0425352</i>
                        <i>1 0 0 0 1 0 0 0 1 0.051978 1.07997 -0.0426375</i>
                        <i>1 0 0 0 1 0 0 0 1 0.0519907 1.07811 -0.0427453</i>
                        <i>1 0 0 0 1 0 0 0 1 0.0520037 1.0762 -0.0428558</i>
                        <i>1 0 0 0 1 0 0 0 1 0.0520167 1.07429 -0.0429663</i>
                        <i>1 0 0 0 1 0 0 0 1 0.0520294 1.07243 -0.0430741</i>
                        <i>1 0 0 0 1 0 0 0 1 0.0520414 1.07066 -0.0431764</i>
                        <i>1 0 0 0 1 0 0 0 1 0.0520525 1.06904 -0.0432704</i>
                        <i>1 0 0 0 1 0 0 0 1 0.0520622 1.0676 -0.0433536</i>
                        <i>1 0 0 0 1 0 0 0 1 0.0520704 1.0664 -0.043423</i>
                        <i>1 0 0 0 1 0 0 0 1 0.0520766 1.06549 -0.0434759</i>
                        <i>1 0 0 0 1 0 0 0 1 0.0520806 1.06491 -0.0435097</i>
                        <i>1 0 0 0 1 0 0 0 1 0.052082 1.0647 -0.0435216</i>
                    </KeyFrames>
                </p>
            </i>
            <i>
                <p>
                    <Name>
                        <![CDATA[spine0]]>
</Name>
                    <Exclude>0</Exclude>
                    <Additive>0</Additive>
                    <IKPriority>0</IKPriority>
                    <IKRotLimits>-1e+010 -1e+010 -1e+010 1e+010 1e+010 1e+010</IKRotLimits>
                    <IKRotLimitOrder>0</IKRotLimitOrder>
                    <KeyFrames count="37">
                        <i>-0.0483311 0.993291 0.105055 -0.940117 -0.00970816 -0.340715 -0.337409 -0.115231 0.934279 0.0625273 1.2001 -0.0909877</i>
                        <i>-0.0484132 0.993273 0.105193 -0.940116 -0.00973884 -0.340714 -0.337398 -0.115389 0.934263 0.0625259 1.20031 -0.0909759</i>
                        <i>-0.0486466 0.99322 0.105584 -0.940116 -0.00982613 -0.340714 -0.337366 -0.115836 0.934219 0.0625219 1.20089 -0.0909421</i>
                        <i>-0.0490121 0.993137 0.106196 -0.940114 -0.00996282 -0.340713 -0.337317 -0.116536 0.93415 0.0625157 1.20181 -0.0908891</i>
                        <i>-0.0494902 0.993027 0.106998 -0.940113 -0.0101417 -0.340712 -0.337251 -0.117452 0.934059 0.0625075 1.20301 -0.0908197</i>
                        <i>-0.0500614 0.992895 0.107955 -0.940111 -0.0103554 -0.340711 -0.337172 -0.118546 0.933949 0.0624977 1.20444 -0.0907366</i>
                        <i>-0.0507064 0.992744 0.109036 -0.940109 -0.0105968 -0.34071 -0.337082 -0.119782 0.933824 0.0624866 1.20606 -0.0906425</i>
                        <i>-0.0514057 0.992578 0.110208 -0.940106 -0.0108586 -0.340708 -0.336983 -0.121122 0.933687 0.0624746 1.20783 -0.0905402</i>
                        <i>-0.0521404 0.992402 0.111439 -0.940104 -0.0111338 -0.340707 -0.336877 -0.122529 0.933542 0.0624619 1.20969 -0.0904324</i>
                        <i>-0.0528913 0.992221 0.112698 -0.940101 -0.0114151 -0.340705 -0.336768 -0.123968 0.933391 0.0624489 1.2116 -0.0903219</i>
                        <i>-0.0536398 0.992037 0.113953 -0.940098 -0.0116956 -0.340703 -0.336658 -0.125402 0.933239 0.0624359 1.21351 -0.0902114</i>
                        <i>-0.0543673 0.991857 0.115173 -0.940095 -0.0119684 -0.340702 -0.336549 -0.126796 0.93309 0.0624233 1.21537 -0.0901036</i>
                        <i>-0.0550556 0.991684 0.116327 -0.940093 -0.0122266 -0.3407 -0.336445 -0.128115 0.932948 0.0624112 1.21714 -0.0900013</i>
                        <i>-0.0556868 0.991524 0.117385 -0.94009 -0.0124634 -0.340699 -0.336348 -0.129325 0.932816 0.0624001 1.21876 -0.0899073</i>
                        <i>-0.0562428 0.991382 0.118317 -0.940088 -0.012672 -0.340697 -0.336262 -0.13039 0.932698 0.0623904 1.2202 -0.0898241</i>
                        <i>-0.0567061 0.991262 0.119094 -0.940086 -0.012846 -0.340696 -0.33619 -0.131278 0.9326 0.0623822 1.22139 -0.0897547</i>
                        <i>-0.057059 0.991171 0.119686 -0.940084 -0.0129785 -0.340696 -0.336134 -0.131955 0.932524 0.062376 1.22231 -0.0897018</i>
                        <i>-0.0572838 0.991112 0.120063 -0.940083 -0.0130629 -0.340695 -0.336099 -0.132385 0.932476 0.062372 1.22289 -0.089668</i>
                        <i>-0.0573628 0.991092 0.120195 -0.940083 -0.0130925 -0.340695 -0.336086 -0.132537 0.932459 0.0623706 1.2231 -0.0896561</i>
                        <i>-0.0572838 0.991112 0.120063 -0.940083 -0.0130629 -0.340695 -0.336099 -0.132385 0.932476 0.062372 1.22289 -0.089668</i>
                        <i>-0.057059 0.991171 0.119686 -0.940084 -0.0129785 -0.340696 -0.336134 -0.131955 0.932524 0.062376 1.22231 -0.0897018</i>
                        <i>-0.0567061 0.991262 0.119094 -0.940086 -0.012846 -0.340696 -0.33619 -0.131278 0.9326 0.0623822 1.22139 -0.0897547</i>
                        <i>-0.0562428 0.991382 0.118317 -0.940088 -0.012672 -0.340697 -0.336262 -0.13039 0.932698 0.0623904 1.2202 -0.0898241</i>
                        <i>-0.0556868 0.991524 0.117385 -0.94009 -0.0124634 -0.340699 -0.336348 -0.129325 0.932816 0.0624001 1.21876 -0.0899073</i>
                        <i>-0.0550556 0.991684 0.116327 -0.940093 -0.0122266 -0.3407 -0.336445 -0.128115 0.932948 0.0624112 1.21714 -0.0900013</i>
                        <i>-0.0543673 0.991857 0.115173 -0.940095 -0.0119684 -0.340702 -0.336549 -0.126796 0.93309 0.0624233 1.21537 -0.0901036</i>
                        <i>-0.0536398 0.992037 0.113953 -0.940098 -0.0116956 -0.340703 -0.336658 -0.125402 0.933239 0.0624359 1.21351 -0.0902114</i>
                        <i>-0.0528913 0.992221 0.112698 -0.940101 -0.0114151 -0.340705 -0.336768 -0.123968 0.933391 0.0624489 1.2116 -0.0903219</i>
                        <i>-0.0521404 0.992402 0.111439 -0.940104 -0.0111338 -0.340707 -0.336877 -0.122529 0.933542 0.0624619 1.20969 -0.0904324</i>
                        <i>-0.0514057 0.992578 0.110208 -0.940106 -0.0108586 -0.340708 -0.336983 -0.121122 0.933687 0.0624746 1.20783 -0.0905402</i>
                        <i>-0.0507064 0.992744 0.109036 -0.940109 -0.0105968 -0.34071 -0.337082 -0.119782 0.933824 0.0624866 1.20606 -0.0906425</i>
                        <i>-0.0500614 0.992895 0.107955 -0.940111 -0.0103554 -0.340711 -0.337172 -0.118546 0.933949 0.0624977 1.20444 -0.0907366</i>
                        <i>-0.0494902 0.993027 0.106998 -0.940113 -0.0101417 -0.340712 -0.337251 -0.117452 0.934059 0.0625075 1.20301 -0.0908197</i>
                        <i>-0.0490121 0.993137 0.106196 -0.940114 -0.00996282 -0.340713 -0.337317 -0.116536 0.93415 0.0625157 1.20181 -0.0908891</i>
                        <i>-0.0486466 0.99322 0.105584 -0.940116 -0.00982613 -0.340714 -0.337366 -0.115836 0.934219 0.0625219 1.20089 -0.0909421</i>
                        <i>-0.0484132 0.993273 0.105193 -0.940116 -0.00973884 -0.340714 -0.337398 -0.115389 0.934263 0.0625259 1.20031 -0.0909759</i>
                        <i>-0.0483311 0.993291 0.105055 -0.940117 -0.00970816 -0.340715 -0.337409 -0.115231 0.934279 0.0625273 1.2001 -0.0909877</i>
                    </KeyFrames>
                </p>
            </i>
            <i>
                <p>
                    <Name>
                        <![CDATA[spine1]]>
</Name>
                    <Exclude>0</Exclude>
                    <Additive>0</Additive>
                    <IKPriority>0</IKPriority>
                    <IKRotLimits>-1e+010 -1e+010 -1e+010 1e+010 1e+010 1e+010</IKRotLimits>
                    <IKRotLimitOrder>0</IKRotLimitOrder>
                    <KeyFrames count="37">
                        <i>-0.041678 0.960696 0.274456 -0.906836 0.0789395 -0.414026 -0.419418 -0.266143 0.867904 0.0540778 1.3739 -0.0726257</i>
                        <i>-0.0417163 0.960692 0.274463 -0.906838 0.078907 -0.414028 -0.41941 -0.266165 0.8679 0.0540607 1.37413 -0.0725869</i>
                        <i>-0.0418254 0.960682 0.274482 -0.906843 0.0788146 -0.414034 -0.419389 -0.266229 0.867891 0.054012 1.37479 -0.0724764</i>
                        <i>-0.0419962 0.960666 0.274511 -0.906851 0.0786697 -0.414044 -0.419354 -0.266329 0.867877 0.0539357 1.37582 -0.0723031</i>
                        <i>-0.0422197 0.960646 0.27455 -0.906862 0.07848 -0.414056 -0.419308 -0.26646 0.867859 0.0538356 1.37717 -0.072076</i>
                        <i>-0.0424867 0.960621 0.274596 -0.906875 0.078253 -0.414069 -0.419252 -0.266616 0.867839 0.0537158 1.37879 -0.071804</i>
                        <i>-0.0427883 0.960592 0.274648 -0.906891 0.0779962 -0.414083 -0.419187 -0.266793 0.867816 0.0535802 1.38061 -0.0714961</i>
                        <i>-0.0431155 0.960562 0.274704 -0.906909 0.0777172 -0.414097 -0.419115 -0.266985 0.867791 0.0534327 1.3826 -0.0711613</i>
                        <i>-0.0434592 0.960529 0.274763 -0.906929 0.0774235 -0.414109 -0.419037 -0.267188 0.867767 0.0532773 1.3847 -0.0708085</i>
                        <i>-0.0438107 0.960496 0.274824 -0.906949 0.0771226 -0.41412 -0.418955 -0.267394 0.867742 0.0531179 1.38685 -0.0704466</i>
                        <i>-0.0441613 0.960462 0.274885 -0.906971 0.0768219 -0.414128 -0.418872 -0.267601 0.867719 0.0529585 1.389 -0.0700847</i>
                        <i>-0.0445023 0.96043 0.274944 -0.906993 0.0765289 -0.414135 -0.418789 -0.267802 0.867697 0.0528031 1.39109 -0.0697317</i>
                        <i>-0.0448251 0.960399 0.275 -0.907014 0.076251 -0.414139 -0.418708 -0.267993 0.867677 0.0526556 1.39308 -0.0693967</i>
                        <i>-0.0451213 0.96037 0.275052 -0.907034 0.0759956 -0.414142 -0.418632 -0.268168 0.867659 0.0525199 1.39491 -0.0690885</i>
                        <i>-0.0453825 0.960345 0.275097 -0.907052 0.0757701 -0.414143 -0.418565 -0.268322 0.867644 0.0524 1.39653 -0.0688163</i>
                        <i>-0.0456002 0.960324 0.275135 -0.907068 0.0755819 -0.414144 -0.418507 -0.268451 0.867632 0.0522999 1.39788 -0.0685889</i>
                        <i>-0.0457661 0.960307 0.275164 -0.90708 0.0754383 -0.414143 -0.418463 -0.26855 0.867623 0.0522235 1.39891 -0.0684154</i>
                        <i>-0.0458719 0.960297 0.275183 -0.907088 0.0753467 -0.414143 -0.418434 -0.268613 0.867618 0.0521748 1.39957 -0.0683047</i>
                        <i>-0.045909 0.960293 0.275189 -0.907091 0.0753145 -0.414143 -0.418424 -0.268635 0.867616 0.0521576 1.3998 -0.0682658</i>
                        <i>-0.0458719 0.960297 0.275183 -0.907088 0.0753467 -0.414143 -0.418434 -0.268613 0.867618 0.0521748 1.39957 -0.0683047</i>
                        <i>-0.0457661 0.960307 0.275164 -0.90708 0.0754383 -0.414143 -0.418463 -0.26855 0.867623 0.0522235 1.39891 -0.0684154</i>
                        <i>-0.0456002 0.960324 0.275135 -0.907068 0.0755819 -0.414144 -0.418507 -0.268451 0.867632 0.0522999 1.39788 -0.0685889</i>
                        <i>-0.0453825 0.960345 0.275097 -0.907052 0.0757701 -0.414143 -0.418565 -0.268322 0.867644 0.0524 1.39653 -0.0688163</i>
                        <i>-0.0451213 0.96037 0.275052 -0.907034 0.0759956 -0.414142 -0.418632 -0.268168 0.867659 0.0525199 1.39491 -0.0690885</i>
                        <i>-0.0448251 0.960399 0.275 -0.907014 0.076251 -0.414139 -0.418708 -0.267993 0.867677 0.0526556 1.39308 -0.0693967</i>
                        <i>-0.0445023 0.96043 0.274944 -0.906993 0.0765289 -0.414135 -0.418789 -0.267802 0.867697 0.0528031 1.39109 -0.0697317</i>
                        <i>-0.0441613 0.960462 0.274885 -0.906971 0.0768219 -0.414128 -0.418872 -0.267601 0.867719 0.0529585 1.389 -0.0700847</i>
                        <i>-0.0438107 0.960496 0.274824 -0.906949 0.0771226 -0.41412 -0.418955 -0.267394 0.867742 0.0531179 1.38685 -0.0704466</i>
                        <i>-0.0434592 0.960529 0.274763 -0.906929 0.0774235 -0.414109 -0.419037 -0.267188 0.867767 0.0532773 1.3847 -0.0708085</i>
                        <i>-0.0431155 0.960562 0.274704 -0.906909 0.0777172 -0.414097 -0.419115 -0.266985 0.867791 0.0534327 1.3826 -0.0711613</i>
                        <i>-0.0427883 0.960592 0.274648 -0.906891 0.0779962 -0.414083 -0.419187 -0.266793 0.867816 0.0535802 1.38061 -0.0714961</i>
                        <i>-0.0424867 0.960621 0.274596 -0.906875 0.078253 -0.414069 -0.419252 -0.266616 0.867839 0.0537158 1.37879 -0.071804</i>
                        <i>-0.0422197 0.960646 0.27455 -0.906862 0.07848 -0.414056 -0.419308 -0.26646 0.867859 0.0538356 1.37717 -0.072076</i>
                        <i>-0.0419962 0.960666 0.274511 -0.906851 0.0786697 -0.414044 -0.419354 -0.266329 0.867877 0.0539357 1.37582 -0.0723031</i>
                        <i>-0.0418254 0.960682 0.274482 -0.906843 0.0788146 -0.414034 -0.419389 -0.266229 0.867891 0.054012 1.37479 -0.0724764</i>
                        <i>-0.0417163 0.960692 0.274463 -0.906838 0.078907 -0.414028 -0.41941 -0.266165 0.8679 0.0540607 1.37413 -0.0725869</i>
                        <i>-0.041678 0.960696 0.274456 -0.906836 0.0789395 -0.414026 -0.419418 -0.266143 0.867904 0.0540778 1.3739 -0.0726257</i>
                    </KeyFrames>
                </p>
            </i>
            <i>
                <p>
                    <Name>
                        <![CDATA[spine2]]>
</Name>
                    <Exclude>0</Exclude>
                    <Additive>0</Additive>
                    <IKPriority>0</IKPriority>
                    <IKRotLimits>-1e+010 -1e+010 -1e+010 1e+010 1e+010 1e+010</IKRotLimits>
                    <IKRotLimitOrder>0</IKRotLimitOrder>
                    <KeyFrames count="37">
                        <i>-0.0539157 0.951454 0.303031 -0.868345 0.105162 -0.484683 -0.493021 -0.289268 0.820521 0.0472525 1.52863 -0.0284027</i>
                        <i>-0.0537849 0.951541 0.302783 -0.868338 0.10515 -0.484698 -0.493048 -0.288987 0.820604 0.0472279 1.52889 -0.028355</i>
                        <i>-0.0534131 0.951786 0.302076 -0.868319 0.105117 -0.484739 -0.493121 -0.28819 0.82084 0.0471579 1.52961 -0.0282194</i>
                        <i>-0.0528307 0.952169 0.300969 -0.86829 0.105064 -0.484804 -0.493236 -0.286941 0.821208 0.0470482 1.53076 -0.0280068</i>
                        <i>-0.0520685 0.952668 0.299519 -0.868251 0.104994 -0.484888 -0.493385 -0.285305 0.821688 0.0469044 1.53225 -0.0277281</i>
                        <i>-0.0511574 0.953261 0.297786 -0.868205 0.104911 -0.484989 -0.493562 -0.28335 0.822259 0.0467322 1.53405 -0.0273943</i>
                        <i>-0.0501281 0.953925 0.295827 -0.868153 0.104817 -0.485102 -0.493759 -0.28114 0.822899 0.0465372 1.53608 -0.0270163</i>
                        <i>-0.0490112 0.95464 0.2937 -0.868097 0.104714 -0.485224 -0.493969 -0.278741 0.823588 0.0463251 1.53828 -0.026605</i>
                        <i>-0.047837 0.955385 0.291463 -0.868038 0.104605 -0.485353 -0.494187 -0.276219 0.824307 0.0461016 1.54061 -0.0261715</i>
                        <i>-0.0466359 0.95614 0.289173 -0.867979 0.104493 -0.485483 -0.494407 -0.273637 0.825036 0.0458724 1.543 -0.0257268</i>
                        <i>-0.0454376 0.956886 0.286888 -0.86792 0.104381 -0.485613 -0.494622 -0.271061 0.825757 0.0456431 1.54538 -0.0252818</i>
                        <i>-0.0442718 0.957605 0.284663 -0.867862 0.104271 -0.485739 -0.494828 -0.268553 0.826453 0.0454194 1.54771 -0.0248476</i>
                        <i>-0.0431678 0.958279 0.282555 -0.867809 0.104166 -0.485858 -0.49502 -0.266177 0.827106 0.0452071 1.54992 -0.0244353</i>
                        <i>-0.0421547 0.958893 0.28062 -0.867759 0.10407 -0.485966 -0.495194 -0.263996 0.827701 0.0450117 1.55196 -0.024056</i>
                        <i>-0.0412614 0.95943 0.278913 -0.867716 0.103984 -0.486062 -0.495345 -0.262073 0.828222 0.0448391 1.55376 -0.0237207</i>
                        <i>-0.0405166 0.959874 0.277489 -0.86768 0.103913 -0.486141 -0.495469 -0.260469 0.828654 0.044695 1.55526 -0.0234407</i>
                        <i>-0.039949 0.960211 0.276404 -0.867653 0.103858 -0.486201 -0.495563 -0.259246 0.828981 0.0445849 1.5564 -0.0232269</i>
                        <i>-0.0395872 0.960425 0.275712 -0.867636 0.103823 -0.48624 -0.495622 -0.258466 0.829189 0.0445147 1.55713 -0.0230905</i>
                        <i>-0.0394602 0.9605 0.275469 -0.86763 0.103811 -0.486253 -0.495643 -0.258192 0.829262 0.04449 1.55739 -0.0230425</i>
                        <i>-0.0395872 0.960425 0.275712 -0.867636 0.103823 -0.48624 -0.495622 -0.258466 0.829189 0.0445147 1.55713 -0.0230905</i>
                        <i>-0.039949 0.960211 0.276404 -0.867653 0.103858 -0.486201 -0.495563 -0.259246 0.828981 0.0445849 1.5564 -0.0232269</i>
                        <i>-0.0405166 0.959874 0.277489 -0.86768 0.103913 -0.486141 -0.495469 -0.260469 0.828654 0.044695 1.55526 -0.0234407</i>
                        <i>-0.0412614 0.95943 0.278913 -0.867716 0.103984 -0.486062 -0.495345 -0.262073 0.828222 0.0448391 1.55376 -0.0237207</i>
                        <i>-0.0421547 0.958893 0.28062 -0.867759 0.10407 -0.485966 -0.495194 -0.263996 0.827701 0.0450117 1.55196 -0.024056</i>
                        <i>-0.0431678 0.958279 0.282555 -0.867809 0.104166 -0.485858 -0.49502 -0.266177 0.827106 0.0452071 1.54992 -0.0244353</i>
                        <i>-0.0442718 0.957605 0.284663 -0.867862 0.104271 -0.485739 -0.494828 -0.268553 0.826453 0.0454194 1.54771 -0.0248476</i>
                        <i>-0.0454376 0.956886 0.286888 -0.86792 0.104381 -0.485613 -0.494622 -0.271061 0.825757 0.0456431 1.54538 -0.0252818</i>
                        <i>-0.0466359 0.95614 0.289173 -0.867979 0.104493 -0.485483 -0.494407 -0.273637 0.825036 0.0458724 1.543 -0.0257268</i>
                        <i>-0.047837 0.955385 0.291463 -0.868038 0.104605 -0.485353 -0.494187 -0.276219 0.824307 0.0461016 1.54061 -0.0261715</i>
                        <i>-0.0490112 0.95464 0.2937 -0.868097 0.104714 -0.485224 -0.493969 -0.278741 0.823588 0.0463251 1.53828 -0.026605</i>
                        <i>-0.0501281 0.953925 0.295827 -0.868153 0.104817 -0.485102 -0.493759 -0.28114 0.822899 0.0465372 1.53608 -0.0270163</i>
                        <i>-0.0511574 0.953261 0.297786 -0.868205 0.104911 -0.484989 -0.493562 -0.28335 0.822259 0.0467322 1.53405 -0.0273943</i>
                        <i>-0.0520685 0.952668 0.299519 -0.868251 0.104994 -0.484888 -0.493385 -0.285305 0.821688 0.0469044 1.53225 -0.0277281</i>
                        <i>-0.0528307 0.952169 0.300969 -0.86829 0.105064 -0.484804 -0.493236 -0.286941 0.821208 0.0470482 1.53076 -0.0280068</i>
                        <i>-0.0534131 0.951786 0.302076 -0.868319 0.105117 -0.484739 -0.493121 -0.28819 0.82084 0.0471579 1.52961 -0.0282194</i>
                        <i>-0.0537849 0.951541 0.302783 -0.868338 0.10515 -0.484698 -0.493048 -0.288987 0.820604 0.0472279 1.52889 -0.028355</i>
                        <i>-0.0539157 0.951454 0.303031 -0.868345 0.105162 -0.484683 -0.493021 -0.289268 0.820521 0.0472525 1.52863 -0.0284027</i>
                    </KeyFrames>
                </p>
            </i>
            <i>
                <p>
                    <Name>
                        <![CDATA[head]]>
</Name>
                    <Exclude>0</Exclude>
                    <Additive>0</Additive>
                    <IKPriority>0</IKPriority>
                    <IKRotLimits>-1e+010 -1e+010 -1e+010 1e+010 1e+010 1e+010</IKRotLimits>
                    <IKRotLimitOrder>0</IKRotLimitOrder>
                    <KeyFrames count="37">
                        <i>-0.111921 0.905647 0.408996 -0.0248148 0.408906 -0.912239 -0.993407 -0.112248 -0.0232917 0.0442033 1.77852 0.0320448</i>
                        <i>-0.111528 0.90303 0.414848 -0.0255138 0.414713 -0.909595 -0.993434 -0.11203 -0.0232123 0.0442059 1.77891 0.0320426</i>
                        <i>-0.110725 0.900757 0.419973 -0.0260831 0.419792 -0.907246 -0.993509 -0.111409 -0.0229867 0.0442136 1.78003 0.0320361</i>
                        <i>-0.109565 0.898821 0.4244 -0.0265241 0.424175 -0.905192 -0.993626 -0.110434 -0.0226344 0.0442264 1.78178 0.0320243</i>
                        <i>-0.108104 0.897214 0.428159 -0.0268403 0.427892 -0.903431 -0.993777 -0.109157 -0.0221755 0.0442446 1.78408 0.0320065</i>
                        <i>-0.106395 0.895923 0.43128 -0.0270377 0.430975 -0.901959 -0.993956 -0.107625 -0.02163 0.0442685 1.78683 0.0319814</i>
                        <i>-0.104492 0.894935 0.433789 -0.0271239 0.43345 -0.900769 -0.994156 -0.105889 -0.0210179 0.0442983 1.78994 0.031948</i>
                        <i>-0.102447 0.894236 0.435713 -0.0271084 0.435345 -0.899855 -0.994369 -0.103999 -0.0203586 0.044334 1.79332 0.0319058</i>
                        <i>-0.100313 0.893811 0.43708 -0.0270019 0.436689 -0.899207 -0.994589 -0.102005 -0.0196711 0.0443754 1.79688 0.0318546</i>
                        <i>-0.0981436 0.893643 0.437916 -0.0268166 0.437506 -0.898816 -0.994811 -0.0999565 -0.0189739 0.0444219 1.80053 0.0317949</i>
                        <i>-0.0960061 0.893986 0.437689 -0.026506 0.437268 -0.89894 -0.995028 -0.0979051 -0.0182845 0.0444724 1.80419 0.031728</i>
                        <i>-0.0939646 0.895027 0.436001 -0.0260432 0.435579 -0.899774 -0.995235 -0.0959017 -0.0176195 0.0445255 1.80775 0.0316557</i>
                        <i>-0.0920636 0.896646 0.43307 -0.0254687 0.432655 -0.9012 -0.995427 -0.0939975 -0.0169954 0.0445795 1.81113 0.0315808</i>
                        <i>-0.0903481 0.898719 0.429117 -0.02482 0.428713 -0.9031 -0.995601 -0.0922439 -0.0164273 0.0446322 1.81424 0.0315063</i>
                        <i>-0.0888631 0.901123 0.424359 -0.0241315 0.423972 -0.905354 -0.995751 -0.090693 -0.0159301 0.0446812 1.81699 0.0314362</i>
                        <i>-0.0876548 0.903737 0.419018 -0.0234343 0.41865 -0.907845 -0.995875 -0.0893964 -0.0155182 0.0447239 1.81929 0.0313745</i>
                        <i>-0.0867699 0.906445 0.413315 -0.0227562 0.412968 -0.910461 -0.995968 -0.0884061 -0.015206 0.0447575 1.82104 0.0313254</i>
                        <i>-0.0862562 0.909133 0.407475 -0.0221218 0.407151 -0.913093 -0.996027 -0.087774 -0.0150077 0.0447795 1.82216 0.0312932</i>
                        <i>-0.0861624 0.911698 0.401726 -0.0215526 0.401425 -0.915638 -0.996048 -0.0875518 -0.0149383 0.0447873 1.82255 0.0312818</i>
                        <i>-0.0865205 0.914049 0.396267 -0.0210642 0.395992 -0.918012 -0.996027 -0.087774 -0.0150077 0.0447795 1.82216 0.0312932</i>
                        <i>-0.0872945 0.916162 0.391188 -0.0206523 0.390938 -0.920185 -0.995968 -0.0884061 -0.015206 0.0447575 1.82104 0.0313254</i>
                        <i>-0.088431 0.918021 0.386546 -0.0203098 0.386324 -0.92214 -0.995875 -0.0893963 -0.0155182 0.0447239 1.81929 0.0313745</i>
                        <i>-0.0898761 0.919615 0.382401 -0.0200316 0.382208 -0.923859 -0.995751 -0.090693 -0.0159301 0.0446812 1.81699 0.0314362</i>
                        <i>-0.0915761 0.920931 0.378813 -0.0198148 0.378651 -0.925328 -0.995601 -0.0922439 -0.0164273 0.0446322 1.81424 0.0315063</i>
                        <i>-0.0934767 0.921958 0.37584 -0.019659 0.37571 -0.926529 -0.995427 -0.0939974 -0.0169954 0.0445795 1.81113 0.0315808</i>
                        <i>-0.0955236 0.922682 0.373541 -0.0195659 0.373444 -0.927446 -0.995235 -0.0959017 -0.0176195 0.0445255 1.80775 0.0316557</i>
                        <i>-0.0976623 0.92309 0.371976 -0.0195402 0.371912 -0.928062 -0.995028 -0.0979051 -0.0182845 0.0444724 1.80419 0.031728</i>
                        <i>-0.0998379 0.923169 0.371202 -0.0195879 0.37117 -0.928358 -0.994811 -0.0999565 -0.0189739 0.0444219 1.80053 0.0317949</i>
                        <i>-0.101996 0.922903 0.371277 -0.0197175 0.371275 -0.928314 -0.994589 -0.102005 -0.0196711 0.0443754 1.79688 0.0318546</i>
                        <i>-0.10408 0.922275 0.372258 -0.0199382 0.372281 -0.927906 -0.994369 -0.103999 -0.0203586 0.044334 1.79332 0.0319058</i>
                        <i>-0.106037 0.921265 0.374201 -0.0202608 0.374243 -0.927109 -0.994156 -0.105889 -0.0210179 0.0442983 1.78994 0.031948</i>
                        <i>-0.107809 0.919852 0.377161 -0.0206955 0.377213 -0.925895 -0.993956 -0.107625 -0.02163 0.0442685 1.78683 0.0319814</i>
                        <i>-0.10934 0.918008 0.38119 -0.0212522 0.381243 -0.92423 -0.993777 -0.109157 -0.0221755 0.0442446 1.78408 0.0320065</i>
                        <i>-0.110575 0.915704 0.386341 -0.0219389 0.386381 -0.922078 -0.993626 -0.110434 -0.0226344 0.0442264 1.78178 0.0320243</i>
                        <i>-0.111455 0.912904 0.392662 -0.0227612 0.392675 -0.919396 -0.993509 -0.111409 -0.0229867 0.0442136 1.78003 0.0320361</i>
                        <i>-0.111923 0.909568 0.400199 -0.023721 0.400169 -0.916134 -0.993434 -0.11203 -0.0232123 0.0442059 1.77891 0.0320426</i>
                        <i>-0.111921 0.905647 0.408996 -0.0248148 0.408906 -0.912239 -0.993407 -0.112248 -0.0232917 0.0442033 1.77852 0.0320448</i>
                    </KeyFrames>
                </p>
            </i>
            <i>
                <p>
                    <Name>
                        <![CDATA[head_prop]]>
</Name>
                    <Exclude>0</Exclude>
                    <Additive>0</Additive>
                    <IKPriority>0</IKPriority>
                    <IKRotLimits>-1e+010 -1e+010 -1e+010 1e+010 1e+010 1e+010</IKRotLimits>
                    <IKRotLimitOrder>0</IKRotLimitOrder>
                    <KeyFrames count="37">
                        <i>0.993407 0.112248 0.0232917 -0.111921 0.905647 0.408996 0.0248148 -0.408906 0.912239 0.0156059 1.75174 0.264474</i>
                        <i>0.993434 0.11203 0.0232123 -0.111528 0.90303 0.414848 0.0255138 -0.414713 0.909595 0.0157923 1.75066 0.264319</i>
                        <i>0.993509 0.111409 0.0229867 -0.110725 0.900757 0.419973 0.0260831 -0.419792 0.907246 0.015984 1.75049 0.264176</i>
                        <i>0.993626 0.110434 0.0226344 -0.109565 0.898821 0.4244 0.0265241 -0.424175 0.905192 0.0161776 1.75115 0.264044</i>
                        <i>0.993777 0.109157 0.0221755 -0.108104 0.897214 0.428159 0.0268403 -0.427892 0.903431 0.0163703 1.75254 0.263925</i>
                        <i>0.993956 0.107625 0.02163 -0.106395 0.895923 0.43128 0.0270377 -0.430975 0.901959 0.0165599 1.75454 0.263818</i>
                        <i>0.994156 0.105889 0.0210179 -0.104492 0.894935 0.433789 0.0271239 -0.43345 0.900769 0.0167445 1.75707 0.263722</i>
                        <i>0.994369 0.103999 0.0203586 -0.102447 0.894236 0.435713 0.0271084 -0.435345 0.899855 0.0169226 1.76003 0.263636</i>
                        <i>0.994589 0.102005 0.0196711 -0.100313 0.893811 0.43708 0.0270019 -0.436689 0.899207 0.0170925 1.76332 0.26356</i>
                        <i>0.994811 0.0999565 0.0189739 -0.0981436 0.893643 0.437916 0.0268166 -0.437506 0.898816 0.0172526 1.76683 0.263493</i>
                        <i>0.995028 0.0979051 0.0182845 -0.0960061 0.893986 0.437689 0.026506 -0.437268 0.89894 0.0173866 1.77062 0.263455</i>
                        <i>0.995235 0.0959017 0.0176195 -0.0939646 0.895027 0.436001 0.0260432 -0.435579 0.899774 0.0174826 1.77468 0.26346</i>
                        <i>0.995427 0.0939975 0.0169954 -0.0920636 0.896646 0.43307 0.0254687 -0.432655 0.9012 0.0175446 1.77889 0.263502</i>
                        <i>0.995601 0.0922439 0.0164273 -0.0903481 0.898719 0.429117 0.02482 -0.428713 0.9031 0.0175756 1.78307 0.263572</i>
                        <i>0.995751 0.090693 0.0159301 -0.0888631 0.901123 0.424359 0.0241315 -0.423972 0.905354 0.0175775 1.78709 0.263663</i>
                        <i>0.995875 0.0893964 0.0155182 -0.0876548 0.903737 0.419018 0.0234343 -0.41865 0.907845 0.0175514 1.7908 0.263771</i>
                        <i>0.995968 0.0884061 0.015206 -0.0867699 0.906445 0.413315 0.0227562 -0.412968 0.910461 0.0174975 1.79404 0.263889</i>
                        <i>0.996027 0.087774 0.0150077 -0.0862562 0.909133 0.407475 0.0221218 -0.407151 0.913093 0.0174149 1.79666 0.264015</i>
                        <i>0.996048 0.0875518 0.0149383 -0.0861624 0.911698 0.401726 0.0215526 -0.401425 0.915638 0.0173026 1.79852 0.264146</i>
                        <i>0.996027 0.087774 0.0150077 -0.0865205 0.914049 0.396267 0.0210642 -0.395992 0.918012 0.0171602 1.79951 0.264279</i>
                        <i>0.995968 0.0884061 0.015206 -0.0872945 0.916162 0.391188 0.0206523 -0.390938 0.920185 0.016991 1.79965 0.264413</i>
                        <i>0.995875 0.0893963 0.0155182 -0.088431 0.918021 0.386546 0.0203098 -0.386324 0.92214 0.0167995 1.79904 0.264545</i>
                        <i>0.995751 0.090693 0.0159301 -0.0898761 0.919615 0.382401 0.0200316 -0.382208 0.923859 0.0165913 1.79774 0.264671</i>
                        <i>0.995601 0.0922439 0.0164273 -0.0915761 0.920931 0.378813 0.0198148 -0.378651 0.925328 0.0163722 1.79584 0.264789</i>
                        <i>0.995427 0.0939974 0.0169954 -0.0934767 0.921958 0.37584 0.019659 -0.37571 0.926529 0.0161487 1.79342 0.264896</i>
                        <i>0.995235 0.0959017 0.0176195 -0.0955236 0.922682 0.373541 0.0195659 -0.373444 0.927446 0.0159275 1.79054 0.264989</i>
                        <i>0.995028 0.0979051 0.0182845 -0.0976623 0.92309 0.371976 0.0195402 -0.371912 0.928062 0.0157157 1.7873 0.265065</i>
                        <i>0.994811 0.0999565 0.0189739 -0.0998379 0.923169 0.371202 0.0195879 -0.37117 0.928358 0.0155205 1.78376 0.265122</i>
                        <i>0.994589 0.102005 0.0196711 -0.101996 0.922903 0.371277 0.0197175 -0.371275 0.928314 0.0153489 1.78001 0.265159</i>
                        <i>0.994369 0.103999 0.0203586 -0.10408 0.922275 0.372258 0.0199382 -0.372281 0.927906 0.015208 1.77613 0.265175</i>
                        <i>0.994156 0.105889 0.0210179 -0.106037 0.921265 0.374201 0.0202608 -0.374243 0.927109 0.0151047 1.77218 0.265166</i>
                        <i>0.993956 0.107625 0.02163 -0.107809 0.919852 0.377161 0.0206955 -0.377213 0.925895 0.0150456 1.76826 0.265133</i>
                        <i>0.993777 0.109157 0.0221755 -0.10934 0.918008 0.38119 0.0212522 -0.381243 0.92423 0.0150367 1.76444 0.265072</i>
                        <i>0.993626 0.110434 0.0226344 -0.110575 0.915704 0.386341 0.0219389 -0.386381 0.922078 0.0150837 1.7608 0.264981</i>
                        <i>0.993509 0.111409 0.0229867 -0.111455 0.912904 0.392662 0.0227612 -0.392675 0.919396 0.0151916 1.75742 0.264855</i>
                        <i>0.993434 0.11203 0.0232123 -0.111923 0.909568 0.400199 0.023721 -0.400169 0.916134 0.0153645 1.75437 0.264689</i>
                        <i>0.993407 0.112248 0.0232917 -0.111921 0.905647 0.408996 0.0248148 -0.408906 0.912239 0.0156059 1.75174 0.264474</i>
                    </KeyFrames>
                </p>
            </i>
            <i>
                <p>
                    <Name>
                        <![CDATA[ponytail_1]]>
</Name>
                    <Exclude>1</Exclude>
                    <Additive>0</Additive>
                    <IKPriority>0</IKPriority>
                    <IKRotLimits>-1e+010 -1e+010 -1e+010 1e+010 1e+010 1e+010</IKRotLimits>
                    <IKRotLimitOrder>0</IKRotLimitOrder>
                    <KeyFrames count="37">
                        <i>0.988531 -0.125942 -0.0833429 0.0578163 -0.194221 0.979253 -0.139516 -0.97284 -0.184712 0.0132378 1.98203 -0.0159163</i>
                        <i>0.989309 -0.120215 -0.0825594 0.0755641 -0.0616376 0.995234 -0.12473 -0.990833 -0.0518947 0.0132169 1.98273 -0.014596</i>
                        <i>0.99144 -0.105284 -0.0772198 0.077023 -0.00593951 0.997012 -0.105428 -0.994424 0.00222064 0.0132863 1.98412 -0.0134387</i>
                        <i>0.994303 -0.0823255 -0.067713 0.0493275 -0.207769 0.976933 -0.0944952 -0.974707 -0.202524 0.0134367 1.98611 -0.0124404</i>
                        <i>0.997134 -0.0524914 -0.0544856 0.0262459 -0.435447 0.899832 -0.070959 -0.898683 -0.432821 0.0136588 1.98862 -0.011597</i>
                        <i>0.999132 -0.0169429 -0.0380462 0.0244299 -0.501432 0.864852 -0.0337307 -0.865031 -0.500583 0.0139433 1.99156 -0.0109045</i>
                        <i>0.999552 0.023132 -0.0189673 0.0283344 -0.528803 0.848271 0.00959219 -0.848429 -0.529222 0.0142803 1.99484 -0.0103585</i>
                        <i>0.997783 0.0665115 0.00211945 0.0372559 -0.584724 0.810376 0.0551386 -0.808501 -0.585906 0.01466 1.99836 -0.00995437</i>
                        <i>0.993411 0.111947 0.024535 0.0496691 -0.613492 0.788137 0.103282 -0.781726 -0.61501 0.0150717 2.00204 -0.00968673</i>
                        <i>0.986264 0.158181 0.0475703 0.0533524 -0.577619 0.814561 0.156326 -0.800834 -0.578124 0.0155047 2.00579 -0.00954956</i>
                        <i>0.976433 0.204003 0.0704417 0.0416713 -0.498452 0.865915 0.211761 -0.842573 -0.495205 0.0159524 2.00949 -0.00966422</i>
                        <i>0.96428 0.24829 0.0922865 0.00638029 -0.370071 0.928982 0.26481 -0.895209 -0.358436 0.0164061 2.01303 -0.0101209</i>
                        <i>0.950424 0.289954 0.112344 -0.045179 -0.228689 0.97245 0.307658 -0.929316 -0.204252 0.0168514 2.01633 -0.0108651</i>
                        <i>0.93571 0.327956 0.129969 -0.100059 -0.10656 0.989259 0.338283 -0.938664 -0.0668944 0.0172738 2.0193 -0.0118419</i>
                        <i>0.921157 0.361313 0.144648 -0.139934 -0.0393311 0.989379 0.363165 -0.931615 0.0143298 0.0176592 2.02186 -0.0129955</i>
                        <i>0.907897 0.389088 0.155991 -0.134136 -0.0829062 0.987489 0.397152 -0.917462 -0.0230798 0.017993 2.02393 -0.01427</i>
                        <i>0.897102 0.410372 0.163715 -0.0922476 -0.188405 0.977749 0.432085 -0.892244 -0.131163 0.0182612 2.02542 -0.0156093</i>
                        <i>0.8899 0.424246 0.167613 -0.0108592 -0.347639 0.937566 0.456027 -0.83616 -0.304757 0.01845 2.02625 -0.0169579</i>
                        <i>0.887281 0.429734 0.167515 0.0715036 -0.486962 0.870492 0.455653 -0.760393 -0.462799 0.0185461 2.02634 -0.0182606</i>
                        <i>0.8898 0.4261 0.163385 0.107461 -0.543596 0.832439 0.443518 -0.723147 -0.529481 0.0185407 2.02565 -0.019471</i>
                        <i>0.896913 0.413887 0.155709 0.112457 -0.554024 0.82487 0.42767 -0.722326 -0.543455 0.0184417 2.02424 -0.0205723</i>
                        <i>0.907635 0.393907 0.145034 0.0892377 -0.518692 0.850291 0.410164 -0.758812 -0.505935 0.0182616 2.0222 -0.0215563</i>
                        <i>0.920848 0.366955 0.131846 0.0476742 -0.441554 0.895967 0.386997 -0.818764 -0.424098 0.0180125 2.01963 -0.0224149</i>
                        <i>0.935383 0.333864 0.11659 -0.00433809 -0.31883 0.947802 0.353609 -0.887064 -0.29678 0.0177067 2.01664 -0.0231402</i>
                        <i>0.950111 0.295552 0.0996877 -0.0511498 -0.167641 0.98452 0.307688 -0.940503 -0.14416 0.0173559 2.01331 -0.0237243</i>
