<?xml version="1.0" encoding="ISO-8859-1" ?>
<Animl Version="1">
    <ModellingPackage><![CDATA[Maya.2010]]></ModellingPackage>
    <SrcFile><![CDATA[anims\characters\shared\commando\~src\commando_idle.mb]]></SrcFile>
    <FramesPerSecond>30</FramesPerSecond>
    <TotalFrames>37</TotalFrames>
    <Skeleton>
        <RefFrame>
            <Name><![CDATA[commando_ref_frame]]></Name>
            <Exclude>0</Exclude>
            <Additive>0</Additive>
            <IKPriority>0</IKPriority>
            <IKRotLimits>-1e+010 -1e+010 -1e+010 1e+010 1e+010 1e+010</IKRotLimits>
            <IKRotLimitOrder>0</IKRotLimitOrder>
            <KeyFrames count="37">
                <i>1 0 0 0 1 0 0 0 1 0.05214 0 -0.0437</i>
                <i>1 0 0 0 1 0 0 0 1 0.05214 0 -0.0437</i>
                <i>1 0 0 0 1 0 0 0 1 0.05214 0 -0.0437</i>
                <i>1 0 0 0 1 0 0 0 1 0.05214 0 -0.0437</i>
                <i>1 0 0 0 1 0 0 0 1 0.05214 0 -0.0437</i>
                <i>1 0 0 0 1 0 0 0 1 0.05214 0 -0.0437</i>
                <i>1 0 0 0 1 0 0 0 1 0.05214 0 -0.0437</i>
                <i>1 0 0 0 1 0 0 0 1 0.05214 0 -0.0437</i>
                <i>1 0 0 0 1 0 0 0 1 0.05214 0 -0.0437</i>
                <i>1 0 0 0 1 0 0 0 1 0.05214 0 -0.0437</i>
                <i>1 0 0 0 1 0 0 0 1 0.05214 0 -0.0437</i>
                <i>1 0 0 0 1 0 0 0 1 0.05214 0 -0.0437</i>
                <i>1 0 0 0 1 0 0 0 1 0.05214 0 -0.0437</i>
                <i>1 0 0 0 1 0 0 0 1 0.05214 0 -0.0437</i>
                <i>1 0 0 0 1 0 0 0 1 0.05214 0 -0.0437</i>
                <i>1 0 0 0 1 0 0 0 1 0.05214 0 -0.0437</i>
                <i>1 0 0 0 1 0 0 0 1 0.05214 0 -0.0437</i>
                <i>1 0 0 0 1 0 0 0 1 0.05214 0 -0.0437</i>
                <i>1 0 0 0 1 0 0 0 1 0.05214 0 -0.0437</i>
                <i>1 0 0 0 1 0 0 0 1 0.05214 0 -0.0437</i>
                <i>1 0 0 0 1 0 0 0 1 0.05214 0 -0.0437</i>
                <i>1 0 0 0 1 0 0 0 1 0.05214 0 -0.0437</i>
                <i>1 0 0 0 1 0 0 0 1 0.05214 0 -0.0437</i>
                <i>1 0 0 0 1 0 0 0 1 0.05214 0 -0.0437</i>
                <i>1 0 0 0 1 0 0 0 1 0.05214 0 -0.0437</i>
                <i>1 0 0 0 1 0 0 0 1 0.05214 0 -0.0437</i>
                <i>1 0 0 0 1 0 0 0 1 0.05214 0 -0.0437</i>
                <i>1 0 0 0 1 0 0 0 1 0.05214 0 -0.0437</i>
                <i>1 0 0 0 1 0 0 0 1 0.05214 0 -0.0437</i>
                <i>1 0 0 0 1 0 0 0 1 0.05214 0 -0.0437</i>
                <i>1 0 0 0 1 0 0 0 1 0.05214 0 -0.0437</i>
                <i>1 0 0 0 1 0 0 0 1 0.05214 0 -0.0437</i>
                <i>1 0 0 0 1 0 0 0 1 0.05214 0 -0.0437</i>
                <i>1 0 0 0 1 0 0 0 1 0.05214 0 -0.0437</i>
                <i>1 0 0 0 1 0 0 0 1 0.05214 0 -0.0437</i>
                <i>1 0 0 0 1 0 0 0 1 0.05214 0 -0.0437</i>
                <i>1 0 0 0 1 0 0 0 1 0.05214 0 -0.0437</i>
            </KeyFrames>
        </RefFrame>
        <Bones count="28">
            <i>
                <p>
                    <Name><![CDATA[pelvis]]></Name>
                    <Exclude>0</Exclude>
                    <Additive>0</Additive>
                    <IKPriority>0</IKPriority>
                    <IKRotLimits>-1e+010 -1e+010 -1e+010 1e+010 1e+010 1e+010</IKRotLimits>
                    <IKRotLimitOrder>2</IKRotLimitOrder>
                    <KeyFrames count="37">
                        <i>1 0 0 0 1 0 0 0 1 0.0521443 1.06223 -0.0436981</i>
                        <i>1 0 0 0 1 0 0 0 1 0.0521443 1.06243 -0.0436981</i>
                        <i>1 0 0 0 1 0 0 0 1 0.0521443 1.06302 -0.0436981</i>
                        <i>1 0 0 0 1 0 0 0 1 0.0521443 1.06393 -0.0436981</i>
                        <i>1 0 0 0 1 0 0 0 1 0.0521443 1.06514 -0.0436981</i>
                        <i>1 0 0 0 1 0 0 0 1 0.0521443 1.06658 -0.0436981</i>
                        <i>1 0 0 0 1 0 0 0 1 0.0521443 1.06821 -0.0436981</i>
                        <i>1 0 0 0 1 0 0 0 1 0.0521443 1.06998 -0.0436981</i>
                        <i>1 0 0 0 1 0 0 0 1 0.0521443 1.07185 -0.0436981</i>
                        <i>1 0 0 0 1 0 0 0 1 0.0521443 1.07376 -0.0436981</i>
                        <i>1 0 0 0 1 0 0 0 1 0.0521443 1.07568 -0.0436981</i>
                        <i>1 0 0 0 1 0 0 0 1 0.0521443 1.07754 -0.0436981</i>
                        <i>1 0 0 0 1 0 0 0 1 0.0521443 1.07932 -0.0436981</i>
                        <i>1 0 0 0 1 0 0 0 1 0.0521443 1.08095 -0.0436981</i>
                        <i>1 0 0 0 1 0 0 0 1 0.0521443 1.08239 -0.0436981</i>
                        <i>1 0 0 0 1 0 0 0 1 0.0521443 1.08359 -0.0436981</i>
                        <i>1 0 0 0 1 0 0 0 1 0.0521443 1.08451 -0.0436981</i>
                        <i>1 0 0 0 1 0 0 0 1 0.0521443 1.08509 -0.0436981</i>
                        <i>1 0 0 0 1 0 0 0 1 0.0521443 1.0853 -0.0436981</i>
                        <i>1 0 0 0 1 0 0 0 1 0.0521443 1.08509 -0.0436981</i>
                        <i>1 0 0 0 1 0 0 0 1 0.0521443 1.08451 -0.0436981</i>
                        <i>1 0 0 0 1 0 0 0 1 0.0521443 1.08359 -0.0436981</i>
                        <i>1 0 0 0 1 0 0 0 1 0.0521443 1.08239 -0.0436981</i>
                        <i>1 0 0 0 1 0 0 0 1 0.0521443 1.08095 -0.0436981</i>
                        <i>1 0 0 0 1 0 0 0 1 0.0521443 1.07932 -0.0436981</i>
                        <i>1 0 0 0 1 0 0 0 1 0.0521443 1.07754 -0.0436981</i>
                        <i>1 0 0 0 1 0 0 0 1 0.0521443 1.07568 -0.0436981</i>
                        <i>1 0 0 0 1 0 0 0 1 0.0521443 1.07376 -0.0436981</i>
                        <i>1 0 0 0 1 0 0 0 1 0.0521443 1.07185 -0.0436981</i>
                        <i>1 0 0 0 1 0 0 0 1 0.0521443 1.06998 -0.0436981</i>
                        <i>1 0 0 0 1 0 0 0 1 0.0521443 1.06821 -0.0436981</i>
                        <i>1 0 0 0 1 0 0 0 1 0.0521443 1.06658 -0.0436981</i>
                        <i>1 0 0 0 1 0 0 0 1 0.0521443 1.06514 -0.0436981</i>
                        <i>1 0 0 0 1 0 0 0 1 0.0521443 1.06393 -0.0436981</i>
                        <i>1 0 0 0 1 0 0 0 1 0.0521443 1.06302 -0.0436981</i>
                        <i>1 0 0 0 1 0 0 0 1 0.0521443 1.06243 -0.0436981</i>
                        <i>1 0 0 0 1 0 0 0 1 0.0521443 1.06223 -0.0436981</i>
                    </KeyFrames>
                </p>
            </i>
            <i>
                <p>
                    <Name><![CDATA[spine0]]></Name>
                    <Exclude>0</Exclude>
                    <Additive>0</Additive>
                    <IKPriority>0</IKPriority>
                    <IKRotLimits>-1e+010 -1e+010 -1e+010 1e+010 1e+010 1e+010</IKRotLimits>
                    <IKRotLimitOrder>0</IKRotLimitOrder>
                    <KeyFrames count="37">
                        <i>-0.015652 0.99909 -0.039665 -0.9397 -0.028253 -0.340832 -0.341643 0.0319385 0.939287 0.0645116 1.19109 -0.106445</i>
                        <i>-0.0156575 0.999096 -0.0395118 -0.939699 -0.0282059 -0.340838 -0.341644 0.0317926 0.939292 0.0645116 1.1913 -0.106445</i>
                        <i>-0.015673 0.999113 -0.039076 -0.939697 -0.0280719 -0.340853 -0.341648 0.0313775 0.939304 0.0645116 1.19188 -0.106445</i>
                        <i>-0.0156971 0.999139 -0.0383932 -0.939694 -0.0278619 -0.340878 -0.341655 0.030727 0.939323 0.0645116 1.1928 -0.106445</i>
                        <i>-0.0157285 0.999173 -0.037499 -0.939691 -0.0275866 -0.340911 -0.341664 0.0298754 0.939347 0.0645116 1.194 -0.106445</i>
                        <i>-0.0157657 0.999212 -0.0364292 -0.939686 -0.0272569 -0.34095 -0.341674 0.0288567 0.939375 0.0645116 1.19544 -0.106445</i>
                        <i>-0.0158074 0.999255 -0.0352197 -0.939681 -0.0268837 -0.340994 -0.341687 0.027705 0.939405 0.0645116 1.19707 -0.106445</i>
                        <i>-0.0158522 0.999299 -0.033906 -0.939675 -0.0264778 -0.341042 -0.341701 0.0264543 0.939436 0.0645116 1.19884 -0.106445</i>
                        <i>-0.0158988 0.999345 -0.0325237 -0.939669 -0.0260502 -0.341093 -0.341716 0.0251386 0.939467 0.0645116 1.20071 -0.106445</i>
                        <i>-0.0159458 0.999389 -0.0311083 -0.939662 -0.0256117 -0.341145 -0.341733 0.0237914 0.939496 0.0645116 1.20263 -0.106445</i>
                        <i>-0.0159922 0.999431 -0.0296949 -0.939655 -0.0251733 -0.341196 -0.34175 0.0224465 0.939523 0.0645116 1.20454 -0.106445</i>
                        <i>-0.0160368 0.99947 -0.0283187 -0.939648 -0.0247457 -0.341247 -0.341767 0.0211371 0.939547 0.0645116 1.20641 -0.106445</i>
                        <i>-0.0160785 0.999506 -0.0270144 -0.939641 -0.0243399 -0.341294 -0.341783 0.0198964 0.939568 0.0645116 1.20818 -0.106445</i>
                        <i>-0.0161163 0.999537 -0.0258166 -0.939635 -0.0239667 -0.341338 -0.341799 0.0187571 0.939586 0.0645116 1.20981 -0.106445</i>
                        <i>-0.0161493 0.999563 -0.0247598 -0.939629 -0.0236371 -0.341377 -0.341813 0.017752 0.9396 0.0645116 1.21125 -0.106445</i>
                        <i>-0.0161765 0.999584 -0.0238782 -0.939624 -0.0233618 -0.341409 -0.341825 0.0169137 0.939611 0.0645116 1.21245 -0.106445</i>
                        <i>-0.0161972 0.999599 -0.023206 -0.939621 -0.0231518 -0.341433 -0.341834 0.0162746 0.939619 0.0645116 1.21337 -0.106445</i>
                        <i>-0.0162102 0.999609 -0.0227775 -0.939618 -0.0230178 -0.341449 -0.34184 0.0158672 0.939624 0.0645116 1.21396 -0.106445</i>
                        <i>-0.0162148 0.999612 -0.022627 -0.939618 -0.0229707 -0.341455 -0.341842 0.0157241 0.939626 0.0645116 1.21416 -0.106445</i>
                        <i>-0.0162102 0.999609 -0.0227775 -0.939618 -0.0230178 -0.341449 -0.34184 0.0158672 0.939624 0.0645116 1.21396 -0.106445</i>
                        <i>-0.0161972 0.999599 -0.023206 -0.939621 -0.0231518 -0.341433 -0.341834 0.0162746 0.939619 0.0645116 1.21337 -0.106445</i>
                        <i>-0.0161765 0.999584 -0.0238782 -0.939624 -0.0233618 -0.341409 -0.341825 0.0169137 0.939611 0.0645116 1.21245 -0.106445</i>
                        <i>-0.0161493 0.999563 -0.0247598 -0.939629 -0.0236371 -0.341377 -0.341813 0.017752 0.9396 0.0645116 1.21125 -0.106445</i>
                        <i>-0.0161163 0.999537 -0.0258166 -0.939635 -0.0239667 -0.341338 -0.341799 0.0187571 0.939586 0.0645116 1.20981 -0.106445</i>
                        <i>-0.0160785 0.999506 -0.0270144 -0.939641 -0.0243399 -0.341294 -0.341783 0.0198964 0.939568 0.0645116 1.20818 -0.106445</i>
                        <i>-0.0160368 0.99947 -0.0283187 -0.939648 -0.0247457 -0.341247 -0.341767 0.0211371 0.939547 0.0645116 1.20641 -0.106445</i>
                        <i>-0.0159922 0.999431 -0.0296949 -0.939655 -0.0251733 -0.341196 -0.34175 0.0224465 0.939523 0.0645116 1.20454 -0.106445</i>
                        <i>-0.0159458 0.999389 -0.0311083 -0.939662 -0.0256117 -0.341145 -0.341733 0.0237914 0.939496 0.0645116 1.20263 -0.106445</i>
                        <i>-0.0158988 0.999345 -0.0325237 -0.939669 -0.0260502 -0.341093 -0.341716 0.0251386 0.939467 0.0645116 1.20071 -0.106445</i>
                        <i>-0.0158522 0.999299 -0.033906 -0.939675 -0.0264778 -0.341042 -0.341701 0.0264543 0.939436 0.0645116 1.19884 -0.106445</i>
                        <i>-0.0158074 0.999255 -0.0352197 -0.939681 -0.0268837 -0.340994 -0.341687 0.027705 0.939405 0.0645116 1.19707 -0.106445</i>
                        <i>-0.0157657 0.999212 -0.0364292 -0.939686 -0.0272569 -0.34095 -0.341674 0.0288567 0.939375 0.0645116 1.19544 -0.106445</i>
                        <i>-0.0157285 0.999173 -0.037499 -0.939691 -0.0275866 -0.340911 -0.341664 0.0298754 0.939347 0.0645116 1.194 -0.106445</i>
                        <i>-0.0156971 0.999139 -0.0383932 -0.939694 -0.0278619 -0.340878 -0.341655 0.030727 0.939323 0.0645116 1.1928 -0.106445</i>
                        <i>-0.015673 0.999113 -0.039076 -0.939697 -0.0280719 -0.340853 -0.341648 0.0313774 0.939304 0.0645116 1.19188 -0.106445</i>
                        <i>-0.0156575 0.999096 -0.0395118 -0.939699 -0.0282059 -0.340838 -0.341644 0.0317926 0.939292 0.0645116 1.1913 -0.106445</i>
                        <i>-0.015652 0.99909 -0.039665 -0.9397 -0.028253 -0.340832 -0.341643 0.0319385 0.939287 0.0645116 1.19109 -0.106445</i>
                    </KeyFrames>
                </p>
            </i>
            <i>
                <p>
                    <Name><![CDATA[spine1]]></Name>
                    <Exclude>0</Exclude>
                    <Additive>0</Additive>
                    <IKPriority>0</IKPriority>
                    <IKRotLimits>-1e+010 -1e+010 -1e+010 1e+010 1e+010 1e+010</IKRotLimits>
                    <IKRotLimitOrder>0</IKRotLimitOrder>
                    <KeyFrames count="37">
                        <i>0.0378511 0.999001 0.0237409 -0.979323 0.0418094 -0.197935 -0.198729 -0.015758 0.979928 0.0618392 1.36155 -0.113207</i>
                        <i>0.0378471 0.999 0.0238066 -0.979322 0.0418185 -0.197938 -0.198736 -0.0158229 0.979925 0.0618382 1.36176 -0.113181</i>
                        <i>0.0378355 0.998996 0.0239935 -0.979319 0.0418445 -0.197949 -0.198754 -0.0160078 0.979919 0.0618356 1.36235 -0.113107</i>
                        <i>0.0378174 0.99899 0.0242866 -0.979314 0.0418853 -0.197965 -0.198782 -0.0162977 0.979908 0.0618314 1.36328 -0.112991</i>
                        <i>0.0377936 0.998981 0.0246708 -0.979307 0.0419388 -0.197988 -0.198821 -0.0166777 0.979894 0.0618259 1.36449 -0.112838</i>
                        <i>0.037765 0.998971 0.0251312 -0.979298 0.0420028 -0.198016 -0.198868 -0.0171329 0.979877 0.0618195 1.36595 -0.112656</i>
                        <i>0.0377325 0.998959 0.0256527 -0.979289 0.0420754 -0.198049 -0.198922 -0.0176486 0.979856 0.0618123 1.36759 -0.11245</i>
                        <i>0.0376971 0.998945 0.0262203 -0.979278 0.0421543 -0.198087 -0.198983 -0.0182097 0.979834 0.0618045 1.36938 -0.112226</i>
                        <i>0.0376596 0.998931 0.0268189 -0.979266 0.0422375 -0.198128 -0.199049 -0.0188014 0.979809 0.0617964 1.37127 -0.111991</i>
                        <i>0.0376209 0.998915 0.0274333 -0.979253 0.0423228 -0.198172 -0.199119 -0.0194087 0.979783 0.0617882 1.3732 -0.11175</i>
                        <i>0.0375821 0.9989 0.0280484 -0.97924 0.0424083 -0.198219 -0.19919 -0.0200166 0.979756 0.0617801 1.37514 -0.111509</i>
                        <i>0.0375441 0.998884 0.0286489 -0.979227 0.0424917 -0.198266 -0.199262 -0.02061 0.979729 0.0617724 1.37702 -0.111274</i>
                        <i>0.0375079 0.998869 0.0292195 -0.979214 0.042571 -0.198313 -0.199332 -0.0211738 0.979703 0.0617651 1.37881 -0.111052</i>
                        <i>0.0374744 0.998855 0.0297448 -0.979202 0.0426439 -0.198357 -0.199398 -0.0216928 0.979678 0.0617584 1.38046 -0.110848</i>
                        <i>0.0374448 0.998842 0.0302093 -0.979191 0.0427085 -0.198398 -0.199458 -0.0221517 0.979656 0.0617527 1.38192 -0.110668</i>
                        <i>0.0374199 0.998831 0.0305976 -0.979181 0.0427624 -0.198432 -0.199509 -0.0225353 0.979637 0.0617479 1.38313 -0.110518</i>
                        <i>0.0374009 0.998823 0.0308942 -0.979174 0.0428036 -0.198459 -0.199548 -0.0228282 0.979622 0.0617442 1.38406 -0.110403</i>
                        <i>0.0373888 0.998817 0.0310834 -0.979169 0.0428299 -0.198477 -0.199573 -0.0230151 0.979613 0.061742 1.38465 -0.11033</i>
                        <i>0.0373845 0.998815 0.03115 -0.979168 0.0428392 -0.198483 -0.199582 -0.0230808 0.979609 0.0617411 1.38486 -0.110304</i>
                        <i>0.0373888 0.998817 0.0310834 -0.979169 0.0428299 -0.198477 -0.199573 -0.0230151 0.979613 0.061742 1.38465 -0.11033</i>
                        <i>0.0374009 0.998823 0.0308942 -0.979174 0.0428036 -0.198459 -0.199548 -0.0228282 0.979622 0.0617442 1.38406 -0.110403</i>
                        <i>0.0374199 0.998831 0.0305976 -0.979181 0.0427624 -0.198432 -0.199509 -0.0225353 0.979637 0.0617479 1.38313 -0.110518</i>
                        <i>0.0374448 0.998842 0.0302093 -0.979191 0.0427085 -0.198398 -0.199458 -0.0221517 0.979656 0.0617527 1.38192 -0.110668</i>
                        <i>0.0374744 0.998855 0.0297448 -0.979202 0.0426439 -0.198357 -0.199398 -0.0216928 0.979678 0.0617584 1.38046 -0.110848</i>
                        <i>0.0375079 0.998869 0.0292195 -0.979214 0.042571 -0.198313 -0.199332 -0.0211738 0.979703 0.0617651 1.37881 -0.111052</i>
                        <i>0.0375441 0.998884 0.0286489 -0.979227 0.0424917 -0.198266 -0.199262 -0.02061 0.979729 0.0617724 1.37702 -0.111274</i>
                        <i>0.0375821 0.9989 0.0280484 -0.97924 0.0424083 -0.198219 -0.19919 -0.0200166 0.979756 0.0617801 1.37514 -0.111509</i>
                        <i>0.0376209 0.998915 0.0274333 -0.979253 0.0423228 -0.198172 -0.199119 -0.0194087 0.979783 0.0617882 1.3732 -0.11175</i>
                        <i>0.0376596 0.998931 0.0268189 -0.979266 0.0422375 -0.198128 -0.199049 -0.0188014 0.979809 0.0617964 1.37127 -0.111991</i>
                        <i>0.0376971 0.998945 0.0262203 -0.979278 0.0421543 -0.198087 -0.198983 -0.0182097 0.979834 0.0618045 1.36938 -0.112226</i>
                        <i>0.0377325 0.998959 0.0256527 -0.979289 0.0420754 -0.198049 -0.198922 -0.0176486 0.979856 0.0618123 1.36759 -0.11245</i>
                        <i>0.037765 0.998971 0.0251312 -0.979298 0.0420028 -0.198016 -0.198868 -0.0171329 0.979877 0.0618195 1.36595 -0.112656</i>
                        <i>0.0377936 0.998981 0.0246708 -0.979307 0.0419388 -0.197988 -0.198821 -0.0166777 0.979894 0.0618259 1.36449 -0.112838</i>
                        <i>0.0378174 0.99899 0.0242866 -0.979314 0.0418853 -0.197965 -0.198782 -0.0162977 0.979908 0.0618314 1.36328 -0.112991</i>
                        <i>0.0378355 0.998996 0.0239935 -0.979319 0.0418445 -0.197949 -0.198754 -0.0160078 0.979919 0.0618356 1.36235 -0.113107</i>
                        <i>0.0378471 0.999 0.0238066 -0.979322 0.0418185 -0.197938 -0.198736 -0.0158229 0.979925 0.0618382 1.36176 -0.113181</i>
                        <i>0.0378511 0.999001 0.0237409 -0.979323 0.0418094 -0.197935 -0.198729 -0.015758 0.979928 0.0618392 1.36155 -0.113207</i>
                    </KeyFrames>
                </p>
            </i>
            <i>
                <p>
                    <Name><![CDATA[spine2]]></Name>
                    <Exclude>0</Exclude>
                    <Additive>0</Additive>
                    <IKPriority>0</IKPriority>
                    <IKRotLimits>-1e+010 -1e+010 -1e+010 1e+010 1e+010 1e+010</IKRotLimits>
                    <IKRotLimitOrder>0</IKRotLimitOrder>
                    <KeyFrames count="37">
                        <i>0.081845 0.996453 -0.0195503 -0.99559 0.0808402 -0.0475951 -0.0458458 0.0233595 0.998675 0.0679432 1.51857 -0.109447</i>
                        <i>0.0818585 0.996446 -0.0198357 -0.99559 0.0808408 -0.0475905 -0.0458179 0.023644 0.99867 0.0679417 1.51878 -0.109411</i>
                        <i>0.0818969 0.996427 -0.0206479 -0.995591 0.0808423 -0.0475774 -0.0457382 0.0244533 0.998654 0.0679373 1.51937 -0.109307</i>
                        <i>0.081957 0.996395 -0.021921 -0.995591 0.0808446 -0.0475568 -0.0456132 0.025722 0.998628 0.0679304 1.5203 -0.109145</i>
                        <i>0.0820354 0.99635 -0.023589 -0.995593 0.0808478 -0.0475299 -0.0454493 0.0273841 0.998591 0.0679213 1.52152 -0.108932</i>
                        <i>0.082129 0.996293 -0.0255859 -0.995594 0.0808515 -0.0474975 -0.0452528 0.0293741 0.998544 0.0679106 1.52298 -0.108677</i>
                        <i>0.0822343 0.996224 -0.0278457 -0.995595 0.0808559 -0.0474609 -0.0450302 0.031626 0.998485 0.0678985 1.52463 -0.108388</i>
                        <i>0.0823483 0.996143 -0.0303026 -0.995597 0.0808606 -0.047421 -0.0447878 0.0340742 0.998415 0.0678854 1.52643 -0.108075</i>
                        <i>0.0824676 0.996051 -0.0328903 -0.995598 0.0808656 -0.0473788 -0.044532 0.0366528 0.998335 0.0678717 1.52832 -0.107745</i>
                        <i>0.0825891 0.99595 -0.0355433 -0.9956 0.0808708 -0.0473355 -0.0442694 0.0392963 0.998246 0.0678577 1.53027 -0.107407</i>
                        <i>0.0827099 0.995842 -0.0381956 -0.995602 0.0808761 -0.0472922 -0.0440064 0.0419391 0.998151 0.0678438 1.53221 -0.107069</i>
                        <i>0.082827 0.995729 -0.0407813 -0.995603 0.0808813 -0.0472498 -0.0437496 0.0445156 0.99805 0.0678304 1.53411 -0.10674</i>
                        <i>0.0829374 0.995616 -0.0432349 -0.995605 0.0808863 -0.0472095 -0.0435055 0.0469603 0.997949 0.0678178 1.53591 -0.106427</i>
                        <i>0.0830383 0.995507 -0.0454908 -0.995606 0.080891 -0.0471724 -0.0432807 0.049208 0.99785 0.0678062 1.53756 -0.10614</i>
                        <i>0.0831271 0.995407 -0.0474833 -0.995607 0.0808951 -0.0471396 -0.0430819 0.0511933 0.997759 0.067796 1.53903 -0.105886</i>
                        <i>0.0832008 0.99532 -0.0491469 -0.995608 0.0808986 -0.0471121 -0.0429157 0.0528509 0.99768 0.0677876 1.54025 -0.105675</i>
                        <i>0.0832569 0.995252 -0.0504164 -0.995609 0.0809013 -0.0470911 -0.0427888 0.0541157 0.997617 0.0677812 1.54118 -0.105513</i>
                        <i>0.0832925 0.995208 -0.0512261 -0.99561 0.080903 -0.0470778 -0.0427078 0.0549224 0.997577 0.0677771 1.54178 -0.10541</i>
                        <i>0.0833051 0.995192 -0.0515106 -0.99561 0.0809036 -0.047073 -0.0426793 0.0552059 0.997562 0.0677757 1.54199 -0.105374</i>
                        <i>0.0832925 0.995208 -0.0512261 -0.99561 0.080903 -0.0470778 -0.0427078 0.0549224 0.997577 0.0677771 1.54178 -0.10541</i>
                        <i>0.0832569 0.995252 -0.0504164 -0.995609 0.0809013 -0.0470911 -0.0427888 0.0541157 0.997617 0.0677812 1.54118 -0.105513</i>
                        <i>0.0832008 0.99532 -0.0491469 -0.995608 0.0808986 -0.0471121 -0.0429157 0.0528509 0.99768 0.0677876 1.54025 -0.105675</i>
                        <i>0.0831271 0.995407 -0.0474833 -0.995607 0.0808951 -0.0471396 -0.0430819 0.0511933 0.997759 0.067796 1.53903 -0.105886</i>
                        <i>0.0830383 0.995507 -0.0454908 -0.995606 0.080891 -0.0471724 -0.0432807 0.049208 0.99785 0.0678062 1.53756 -0.10614</i>
                        <i>0.0829374 0.995616 -0.0432349 -0.995605 0.0808863 -0.0472095 -0.0435055 0.0469603 0.997949 0.0678178 1.53591 -0.106427</i>
                        <i>0.082827 0.995729 -0.0407813 -0.995603 0.0808813 -0.0472498 -0.0437496 0.0445156 0.99805 0.0678304 1.53411 -0.10674</i>
                        <i>0.0827099 0.995842 -0.0381956 -0.995602 0.0808761 -0.0472922 -0.0440064 0.0419391 0.998151 0.0678438 1.53221 -0.107069</i>
                        <i>0.0825891 0.99595 -0.0355433 -0.9956 0.0808708 -0.0473355 -0.0442694 0.0392963 0.998246 0.0678577 1.53027 -0.107407</i>
                        <i>0.0824676 0.996051 -0.0328903 -0.995598 0.0808656 -0.0473788 -0.044532 0.0366528 0.998335 0.0678717 1.52832 -0.107745</i>
                        <i>0.0823483 0.996143 -0.0303026 -0.995597 0.0808606 -0.047421 -0.0447878 0.0340742 0.998415 0.0678854 1.52643 -0.108075</i>
                        <i>0.0822343 0.996224 -0.0278457 -0.995595 0.0808559 -0.0474609 -0.0450302 0.031626 0.998485 0.0678985 1.52463 -0.108388</i>
                        <i>0.082129 0.996293 -0.0255859 -0.995594 0.0808515 -0.0474975 -0.0452528 0.0293741 0.998544 0.0679106 1.52298 -0.108677</i>
                        <i>0.0820354 0.99635 -0.023589 -0.995593 0.0808478 -0.0475299 -0.0454493 0.0273841 0.998591 0.0679213 1.52152 -0.108932</i>
                        <i>0.081957 0.996395 -0.021921 -0.995591 0.0808446 -0.0475568 -0.0456132 0.025722 0.998628 0.0679304 1.5203 -0.109145</i>
                        <i>0.0818969 0.996427 -0.0206479 -0.995591 0.0808423 -0.0475774 -0.0457382 0.0244533 0.998654 0.0679373 1.51937 -0.109307</i>
                        <i>0.0818585 0.996446 -0.0198357 -0.99559 0.0808408 -0.0475905 -0.0458179 0.023644 0.99867 0.0679417 1.51878 -0.109411</i>
                        <i>0.081845 0.996453 -0.0195503 -0.99559 0.0808402 -0.0475951 -0.0458458 0.0233595 0.998675 0.0679432 1.51857 -0.109447</i>
                    </KeyFrames>
                </p>
            </i>
            <i>
                <p>
                    <Name><![CDATA[head]]></Name>
                    <Exclude>0</Exclude>
                    <Additive>0</Additive>
                    <IKPriority>0</IKPriority>
                    <IKRotLimits>-1e+010 -1e+010 -1e+010 1e+010 1e+010 1e+010</IKRotLimits>
                    <IKRotLimitOrder>0</IKRotLimitOrder>
                    <KeyFrames count="37">
                        <i>-0.0351024 0.999029 -0.0266347 -0.216958 -0.0336333 -0.975601 -0.97555 -0.0284673 0.217927 0.0619256 1.77235 -0.138891</i>
                        <i>-0.033597 0.999226 -0.02044 -0.217234 -0.0272636 -0.975739 -0.975541 -0.0283416 0.217982 0.0619275 1.77264 -0.138949</i>
                        <i>-0.0320544 0.999371 -0.0151444 -0.217576 -0.0217659 -0.975801 -0.975517 -0.0279837 0.218137 0.0619332 1.77349 -0.139116</i>
                        <i>-0.0304934 0.999478 -0.0107047 -0.217972 -0.0171013 -0.975805 -0.975478 -0.0274223 0.21838 0.0619421 1.77482 -0.139379</i>
                        <i>-0.0289327 0.999556 -0.00707744 -0.21841 -0.013231 -0.975768 -0.975428 -0.0266858 0.218696 0.0619538 1.77655 -0.139727</i>
                        <i>-0.0273919 0.999616 -0.00421889 -0.218878 -0.0101158 -0.9757 -0.975368 -0.0258028 0.219071 0.0619679 1.77863 -0.140148</i>
                        <i>-0.0258909 0.999663 -0.00208514 -0.219367 -0.00771648 -0.975612 -0.975299 -0.024802 0.219493 0.061984 1.78098 -0.140629</i>
                        <i>-0.0244497 0.999701 -0.000632087 -0.219866 -0.00599405 -0.975512 -0.975224 -0.023712 0.219947 0.0620017 1.78354 -0.141159</i>
                        <i>-0.0230888 0.999733 0.000184471 -0.220366 -0.00490936 -0.975405 -0.975144 -0.0225616 0.22042 0.0620204 1.78623 -0.141724</i>
                        <i>-0.0218288 0.999762 0.000408857 -0.220857 -0.00442335 -0.975296 -0.975062 -0.0213799 0.220901 0.0620398 1.78898 -0.142312</i>
                        <i>-0.0208276 0.999783 -0.000518313 -0.221318 -0.00511607 -0.975188 -0.974979 -0.0201961 0.221376 0.0620593 1.79173 -0.142907</i>
                        <i>-0.0202114 0.999791 -0.00301284 -0.221731 -0.0074208 -0.97508 -0.974898 -0.0190397 0.221835 0.0620785 1.79441 -0.143496</i>
                        <i>-0.0199534 0.999778 -0.00681497 -0.222094 -0.0110783 -0.974962 -0.974821 -0.0179403 0.222265 0.0620969 1.79695 -0.144061</i>
                        <i>-0.0200261 0.999731 -0.0116649 -0.2224 -0.0158294 -0.974827 -0.97475 -0.0169277 0.222658 0.0621139 1.79929 -0.144587</i>
                        <i>-0.0204012 0.999642 -0.0173031 -0.222644 -0.0214146 -0.974665 -0.974686 -0.0160319 0.223001 0.062129 1.80135 -0.145056</i>
                        <i>-0.0210497 0.999503 -0.0234697 -0.222816 -0.0275744 -0.974471 -0.974633 -0.0152829 0.223285 0.0621416 1.80307 -0.145451</i>
                        <i>-0.021942 0.999312 -0.0299052 -0.222907 -0.0340494 -0.974245 -0.974593 -0.0147108 0.223501 0.0621513 1.80438 -0.145755</i>
                        <i>-0.0230478 0.999073 -0.0363504 -0.222909 -0.0405802 -0.973994 -0.974567 -0.0143456 0.223638 0.0621575 1.80522 -0.14595</i>
                        <i>-0.0243364 0.998798 -0.0425463 -0.222812 -0.0469075 -0.973732 -0.974558 -0.0142173 0.223686 0.0621597 1.80552 -0.146018</i>
                        <i>-0.0257748 0.998502 -0.0482705 -0.22261 -0.0528071 -0.973476 -0.974567 -0.0143456 0.223638 0.0621575 1.80522 -0.14595</i>
                        <i>-0.0273235 0.998197 -0.0534448 -0.222312 -0.0581937 -0.973237 -0.974593 -0.0147108 0.223501 0.0621513 1.80438 -0.145755</i>
                        <i>-0.0289415 0.997895 -0.0580269 -0.221928 -0.0630172 -0.973024 -0.974633 -0.0152829 0.223285 0.0621416 1.80307 -0.145451</i>
                        <i>-0.0305883 0.997609 -0.0619747 -0.221474 -0.0672272 -0.972846 -0.974686 -0.0160319 0.223001 0.062129 1.80135 -0.145056</i>
                        <i>-0.032224 0.997349 -0.0652461 -0.220963 -0.0707736 -0.972711 -0.97475 -0.0169277 0.222658 0.0621139 1.79929 -0.144587</i>
                        <i>-0.0338093 0.997126 -0.0677987 -0.22041 -0.0736062 -0.972626 -0.974821 -0.0179403 0.222265 0.0620969 1.79695 -0.144061</i>
                        <i>-0.0353053 0.996951 -0.06959 -0.219833 -0.0756751 -0.972598 -0.974898 -0.0190397 0.221835 0.0620785 1.79441 -0.143496</i>
                        <i>-0.0366738 0.996832 -0.0705772 -0.21925 -0.07693 -0.972631 -0.974979 -0.0201961 0.221376 0.0620593 1.79173 -0.142907</i>
                        <i>-0.0378771 0.996777 -0.0707174 -0.218677 -0.077321 -0.972729 -0.975062 -0.0213799 0.220901 0.0620398 1.78898 -0.142312</i>
                        <i>-0.0388778 0.996791 -0.0699674 -0.218135 -0.0767977 -0.972892 -0.975144 -0.0225616 0.22042 0.0620204 1.78623 -0.141724</i>
                        <i>-0.0396388 0.996878 -0.0682834 -0.217641 -0.07531 -0.973119 -0.975224 -0.023712 0.219947 0.0620016 1.78354 -0.141159</i>
                        <i>-0.0401231 0.997038 -0.0656216 -0.217215 -0.0728073 -0.973405 -0.975299 -0.024802 0.219493 0.061984 1.78098 -0.140629</i>
                        <i>-0.0402936 0.997266 -0.0619377 -0.216874 -0.0692392 -0.973741 -0.975368 -0.0258028 0.219071 0.0619679 1.77863 -0.140148</i>
                        <i>-0.0401129 0.997557 -0.0571875 -0.216635 -0.0645548 -0.974116 -0.975428 -0.0266858 0.218696 0.0619538 1.77655 -0.139727</i>
                        <i>-0.0395429 0.997899 -0.0513264 -0.216513 -0.0587031 -0.974513 -0.975478 -0.0274223 0.21838 0.0619421 1.77482 -0.139379</i>
                        <i>-0.0385447 0.998274 -0.0443099 -0.216521 -0.0516331 -0.974912 -0.975517 -0.0279837 0.218137 0.0619332 1.77349 -0.139116</i>
                        <i>-0.0370784 0.99866 -0.036094 -0.216667 -0.0432936 -0.975285 -0.975541 -0.0283416 0.217982 0.0619275 1.77264 -0.138949</i>
                        <i>-0.0351024 0.999029 -0.0266347 -0.216958 -0.0336333 -0.975601 -0.97555 -0.0284673 0.217927 0.0619256 1.77235 -0.138891</i>
                    </KeyFrames>
                </p>
            </i>
            <i>
                <p>
                    <Name><![CDATA[head_prop]]></Name>
                    <Exclude>0</Exclude>
                    <Additive>0</Additive>
                    <IKPriority>0</IKPriority>
                    <IKRotLimits>-1e+010 -1e+010 -1e+010 1e+010 1e+010 1e+010</IKRotLimits>
                    <IKRotLimitOrder>0</IKRotLimitOrder>
                    <KeyFrames count="37">
                        <i>0.97555 0.0284673 -0.217927 -0.0351024 0.999029 -0.0266347 0.216958 0.0336333 0.975601 0.0821857 1.85302 0.0816524</i>
                        <i>0.975541 0.0283416 -0.217982 -0.033597 0.999226 -0.02044 0.217234 0.0272636 0.975739 0.0823608 1.85192 0.0820843</i>
                        <i>0.975517 0.0279837 -0.218137 -0.0320544 0.999371 -0.0151444 0.217576 0.0217659 0.975801 0.0825574 1.85157 0.082327</i>
                        <i>0.975478 0.0274223 -0.21838 -0.0304934 0.999478 -0.0107047 0.217972 0.0171013 0.975805 0.0827707 1.85188 0.0823997</i>
                        <i>0.975428 0.0266858 -0.218696 -0.0289327 0.999556 -0.00707744 0.21841 0.013231 0.975768 0.0829965 1.85278 0.0823203</i>
                        <i>0.975368 0.0258028 -0.219071 -0.0273919 0.999616 -0.00421889 0.218878 0.0101158 0.9757 0.0832304 1.85419 0.0821061</i>
                        <i>0.975299 0.024802 -0.219493 -0.0258909 0.999663 -0.00208514 0.219367 0.00771648 0.975612 0.083468 1.85604 0.0817742</i>
                        <i>0.975224 0.023712 -0.219947 -0.0244497 0.999701 -0.000632087 0.219866 0.00599405 0.975512 0.0837052 1.85824 0.0813414</i>
                        <i>0.975144 0.0225616 -0.22042 -0.0230888 0.999733 0.000184471 0.220366 0.00490936 0.975405 0.0839378 1.86072 0.0808249</i>
                        <i>0.975062 0.0213799 -0.220901 -0.0218288 0.999762 0.000408857 0.220857 0.00442335 0.975296 0.0841618 1.8634 0.0802422</i>
                        <i>0.974979 0.0201961 -0.221376 -0.0208276 0.999783 -0.000518313 0.221318 0.00511607 0.975188 0.08436 1.86634 0.0795664</i>
                        <i>0.974898 0.0190397 -0.221835 -0.0202114 0.999791 -0.00301284 0.221731 0.0074208 0.97508 0.0845188 1.86956 0.0787813</i>
                        <i>0.974821 0.0179403 -0.222265 -0.0199534 0.999778 -0.00681497 0.222094 0.0110783 0.974962 0.0846388 1.87295 0.0779198</i>
                        <i>0.97475 0.0169277 -0.222658 -0.0200261 0.999731 -0.0116649 0.2224 0.0158294 0.974827 0.0847204 1.87636 0.0770151</i>
                        <i>0.974686 0.0160319 -0.223001 -0.0204012 0.999642 -0.0173031 0.222644 0.0214146 0.974665 0.0847635 1.87968 0.0761015</i>
                        <i>0.974633 0.0152829 -0.223285 -0.0210497 0.999503 -0.0234697 0.222816 0.0275744 0.974471 0.0847677 1.88278 0.0752141</i>
                        <i>0.974593 0.0147108 -0.223501 -0.021942 0.999312 -0.0299052 0.222907 0.0340494 0.974245 0.0847328 1.88553 0.0743895</i>
                        <i>0.974567 0.0143456 -0.223638 -0.0230478 0.999073 -0.0363504 0.222909 0.0405802 0.973994 0.0846583 1.88781 0.0736657</i>
                        <i>0.974558 0.0142173 -0.223686 -0.0243364 0.998798 -0.0425463 0.222812 0.0469075 0.973732 0.0845438 1.88949 0.0730816</i>
                        <i>0.974567 0.0143456 -0.223638 -0.0257748 0.998502 -0.0482705 0.22261 0.0528071 0.973476 0.08439 1.89049 0.0726684</i>
                        <i>0.974593 0.0147108 -0.223501 -0.0273235 0.998197 -0.0534448 0.222312 0.0581937 0.973237 0.0842022 1.89081 0.0724234</i>
                        <i>0.974633 0.0152829 -0.223285 -0.0289415 0.997895 -0.0580269 0.221928 0.0630172 0.973024 0.0839865 1.89054 0.0723351</i>
                        <i>0.974686 0.0160319 -0.223001 -0.0305883 0.997609 -0.0619747 0.221474 0.0672272 0.972846 0.0837496 1.88971 0.0723911</i>
                        <i>0.97475 0.0169277 -0.222658 -0.032224 0.997349 -0.0652461 0.220963 0.0707736 0.972711 0.0834981 1.8884 0.0725792</i>
                        <i>0.974821 0.0179403 -0.222265 -0.0338093 0.997126 -0.0677987 0.22041 0.0736062 0.972626 0.0832392 1.88665 0.072887</i>
                        <i>0.974898 0.0190397 -0.221835 -0.0353053 0.996951 -0.06959 0.219833 0.0756751 0.972598 0.0829798 1.88452 0.0733022</i>
                        <i>0.974979 0.0201961 -0.221376 -0.0366738 0.996832 -0.0705772 0.21925 0.07693 0.972631 0.0827275 1.88208 0.0738129</i>
                        <i>0.975062 0.0213799 -0.220901 -0.0378771 0.996777 -0.0707174 0.218677 0.077321 0.972729 0.0824895 1.87938 0.0744074</i>
                        <i>0.975144 0.0225616 -0.22042 -0.0388778 0.996791 -0.0699674 0.218135 0.0767977 0.972892 0.0822733 1.87648 0.0750744</i>
                        <i>0.975224 0.023712 -0.219947 -0.0396388 0.996878 -0.0682834 0.217641 0.07531 0.973119 0.0820865 1.87344 0.0758026</i>
                        <i>0.975299 0.024802 -0.219493 -0.0401231 0.997038 -0.0656216 0.217215 0.0728073 0.973405 0.0819363 1.87031 0.0765811</i>
                        <i>0.975368 0.0258028 -0.219071 -0.0402936 0.997266 -0.0619377 0.216874 0.0692392 0.973741 0.08183 1.86716 0.0773988</i>
                        <i>0.975428 0.0266858 -0.218696 -0.0401129 0.997557 -0.0571875 0.216635 0.0645548 0.974116 0.0817747 1.86404 0.0782445</i>
                        <i>0.975478 0.0274223 -0.21838 -0.0395429 0.997899 -0.0513264 0.216513 0.0587031 0.974513 0.0817767 1.86101 0.079106</i>
                        <i>0.975517 0.0279837 -0.218137 -0.0385447 0.998274 -0.0443099 0.216521 0.0516331 0.974912 0.0818424 1.85812 0.0799709</i>
                        <i>0.975541 0.0283416 -0.217982 -0.0370784 0.99866 -0.036094 0.216667 0.0432936 0.975285 0.0819771 1.85544 0.0808249</i>
                        <i>0.97555 0.0284673 -0.217927 -0.0351024 0.999029 -0.0266347 0.216958 0.0336333 0.975601 0.0821857 1.85302 0.0816524</i>
                    </KeyFrames>
                </p>
            </i>
            <i>
                <p>
                    <Name><![CDATA[ponytail_1]]></Name>
                    <Exclude>0</Exclude>
                    <Additive>0</Additive>
                    <IKPriority>0</IKPriority>
                    <IKRotLimits>-1e+010 -1e+010 -1e+010 1e+010 1e+010 1e+010</IKRotLimits>
                    <IKRotLimitOrder>0</IKRotLimitOrder>
                    <KeyFrames count="37">
                        <i>0.951402 -0.231034 -0.203611 0.260709 0.25236 0.93185 -0.163906 -0.939648 0.300329 0.0194954 1.93579 -0.26602</i>
                        <i>0.952272 -0.225528 -0.205708 0.279939 0.37653 0.883097 -0.121708 -0.898533 0.421693 0.0197152 1.93693 -0.265054</i>
                        <i>0.955312 -0.209707 -0.20833 0.281169 0.427135 0.85936 -0.0912289 -0.879533 0.46701 0.0199368 1.93851 -0.264337</i>
                        <i>0.959829 -0.184763 -0.211165 0.252466 0.240316 0.937288 -0.12243 -0.952949 0.277309 0.020158 1.94045 -0.263852</i>
                        <i>0.964969 -0.151881 -0.213933 0.217182 0.00493917 0.976119 -0.147197 -0.988386 0.0377521 0.0203767 1.94271 -0.263582</i>
                        <i>0.969828 -0.112282 -0.216397 0.209636 -0.0690193 0.97534 -0.124448 -0.991277 -0.0433985 0.0205906 1.9452 -0.26351</i>
                        <i>0.973546 -0.0672434 -0.218371 0.21112 -0.100775 0.972252 -0.0873839 -0.992634 -0.0839129 0.0207973 1.94787 -0.263618</i>
                        <i>0.975393 -0.0181158 -0.219728 0.21368 -0.167825 0.96238 -0.05431 -0.98565 -0.159824 0.0209942 1.95066 -0.263886</i>
                        <i>0.974827 0.0336882 -0.220405 0.222595 -0.20394 0.953342 -0.012833 -0.978404 -0.206305 0.0211787 1.95351 -0.264297</i>
                        <i>0.971547 0.0867124 -0.220401 0.231948 -0.160079 0.959466 0.0479159 -0.983288 -0.175637 0.0213479 1.95634 -0.264828</i>
                        <i>0.965509 0.139489 -0.219853 0.230511 -0.0653173 0.970875 0.121067 -0.988067 -0.0952183 0.0214777 1.95902 -0.265562</i>
                        <i>0.956921 0.190576 -0.219052 0.207187 0.0803556 0.974996 0.203413 -0.978378 0.0374092 0.0215485 1.96141 -0.266551</i>
                        <i>0.946274 0.238586 -0.21827 0.163277 0.230093 0.959374 0.279116 -0.943469 0.178775 0.0215646 1.9635 -0.267737</i>
                        <i>0.934313 0.282219 -0.21774 0.110692 0.350938 0.929833 0.33883 -0.892858 0.296646 0.0215308 1.96523 -0.269058</i>
                        <i>0.921985 0.320271 -0.217647 0.0703682 0.414131 0.907493 0.380778 -0.85201 0.359286 0.0214523 1.96657 -0.270451</i>
                        <i>0.910375 0.351633 -0.21811 0.0769223 0.374103 0.924191 0.406572 -0.858138 0.313526 0.0213345 1.96749 -0.271856</i>
                        <i>0.90063 0.375269 -0.219179 0.118728 0.272689 0.954748 0.418055 -0.885898 0.201037 0.0211828 1.96794 -0.273211</i>
                        <i>0.893869 0.390171 -0.220828 0.194218 0.106943 0.975111 0.404076 -0.914511 0.0198144 0.021003 1.96791 -0.274456</i>
                        <i>0.891083 0.395307 -0.222943 0.264468 -0.0530819 0.962932 0.36882 -0.917014 -0.151847 0.020801 1.96735 -0.275533</i>
                        <i>0.89284 0.389955 -0.225324 0.29307 -0.123167 0.948124 0.341973 -0.91256 -0.224253 0.0205826 1.96625 -0.276394</i>
                        <i>0.898683 0.374865 -0.227696 0.296376 -0.13634 0.94529 0.323312 -0.916999 -0.233627 0.0203539 1.96467 -0.277041</i>
                        <i>0.907712 0.351091 -0.22977 0.277664 -0.0920542 0.956258 0.314582 -0.931805 -0.181044 0.0201207 1.96269 -0.277482</i>
                        <i>0.918877 0.319651 -0.231277 0.244134 -0.000158757 0.969741 0.309942 -0.947535 -0.0781836 0.0198887 1.96037 -0.277731</i>
                        <i>0.931069 0.281586 -0.231991 0.200625 0.135943 0.97019 0.304729 -0.949857 0.0700787 0.0196633 1.95781 -0.277797</i>
