<?xml version="1.0" encoding="ISO-8859-1" ?>
<Animl Version="1">
    <ModellingPackage>
        <![CDATA[Maya.2010]]>
</ModellingPackage>
    <SrcFile>
        <![CDATA[anims\characters\shared\commando\~src\commando_idle_aim_high.mb]]>
</SrcFile>
    <FramesPerSecond>30</FramesPerSecond>
    <TotalFrames>37</TotalFrames>
    <Skeleton>
        <RefFrame>
            <Name>
                <![CDATA[commando_ref_frame]]>
</Name>
            <Exclude>1</Exclude>
            <Additive>0</Additive>
            <IKPriority>0</IKPriority>
            <IKRotLimits>-1e+010 -1e+010 -1e+010 1e+010 1e+010 1e+010</IKRotLimits>
            <IKRotLimitOrder>0</IKRotLimitOrder>
            <KeyFrames count="37">
                <i>1 0 0 0 1 0 0 0 1 0.05214 0 -0.0437</i>
                <i>1 0 0 0 1 0 0 0 1 0.05214 0 -0.0437</i>
                <i>1 0 0 0 1 0 0 0 1 0.05214 0 -0.0437</i>
                <i>1 0 0 0 1 0 0 0 1 0.05214 0 -0.0437</i>
                <i>1 0 0 0 1 0 0 0 1 0.05214 0 -0.0437</i>
                <i>1 0 0 0 1 0 0 0 1 0.05214 0 -0.0437</i>
                <i>1 0 0 0 1 0 0 0 1 0.05214 0 -0.0437</i>
                <i>1 0 0 0 1 0 0 0 1 0.05214 0 -0.0437</i>
                <i>1 0 0 0 1 0 0 0 1 0.05214 0 -0.0437</i>
                <i>1 0 0 0 1 0 0 0 1 0.05214 0 -0.0437</i>
                <i>1 0 0 0 1 0 0 0 1 0.05214 0 -0.0437</i>
                <i>1 0 0 0 1 0 0 0 1 0.05214 0 -0.0437</i>
                <i>1 0 0 0 1 0 0 0 1 0.05214 0 -0.0437</i>
                <i>1 0 0 0 1 0 0 0 1 0.05214 0 -0.0437</i>
                <i>1 0 0 0 1 0 0 0 1 0.05214 0 -0.0437</i>
                <i>1 0 0 0 1 0 0 0 1 0.05214 0 -0.0437</i>
                <i>1 0 0 0 1 0 0 0 1 0.05214 0 -0.0437</i>
                <i>1 0 0 0 1 0 0 0 1 0.05214 0 -0.0437</i>
                <i>1 0 0 0 1 0 0 0 1 0.05214 0 -0.0437</i>
                <i>1 0 0 0 1 0 0 0 1 0.05214 0 -0.0437</i>
                <i>1 0 0 0 1 0 0 0 1 0.05214 0 -0.0437</i>
                <i>1 0 0 0 1 0 0 0 1 0.05214 0 -0.0437</i>
                <i>1 0 0 0 1 0 0 0 1 0.05214 0 -0.0437</i>
                <i>1 0 0 0 1 0 0 0 1 0.05214 0 -0.0437</i>
                <i>1 0 0 0 1 0 0 0 1 0.05214 0 -0.0437</i>
                <i>1 0 0 0 1 0 0 0 1 0.05214 0 -0.0437</i>
                <i>1 0 0 0 1 0 0 0 1 0.05214 0 -0.0437</i>
                <i>1 0 0 0 1 0 0 0 1 0.05214 0 -0.0437</i>
                <i>1 0 0 0 1 0 0 0 1 0.05214 0 -0.0437</i>
                <i>1 0 0 0 1 0 0 0 1 0.05214 0 -0.0437</i>
                <i>1 0 0 0 1 0 0 0 1 0.05214 0 -0.0437</i>
                <i>1 0 0 0 1 0 0 0 1 0.05214 0 -0.0437</i>
                <i>1 0 0 0 1 0 0 0 1 0.05214 0 -0.0437</i>
                <i>1 0 0 0 1 0 0 0 1 0.05214 0 -0.0437</i>
                <i>1 0 0 0 1 0 0 0 1 0.05214 0 -0.0437</i>
                <i>1 0 0 0 1 0 0 0 1 0.05214 0 -0.0437</i>
                <i>1 0 0 0 1 0 0 0 1 0.05214 0 -0.0437</i>
            </KeyFrames>
        </RefFrame>
        <Bones count="28">
            <i>
                <p>
                    <Name>
                        <![CDATA[pelvis]]>
</Name>
                    <Exclude>1</Exclude>
                    <Additive>0</Additive>
                    <IKPriority>0</IKPriority>
                    <IKRotLimits>-1e+010 -1e+010 -1e+010 1e+010 1e+010 1e+010</IKRotLimits>
                    <IKRotLimitOrder>2</IKRotLimitOrder>
                    <KeyFrames count="37">
                        <i>1 0 0 0 1 0 0 0 1 0.0521443 1.06223 -0.0436981</i>
                        <i>1 0 0 0 1 0 0 0 1 0.0521443 1.06243 -0.0436981</i>
                        <i>1 0 0 0 1 0 0 0 1 0.0521443 1.06302 -0.0436981</i>
                        <i>1 0 0 0 1 0 0 0 1 0.0521443 1.06393 -0.0436981</i>
                        <i>1 0 0 0 1 0 0 0 1 0.0521443 1.06514 -0.0436981</i>
                        <i>1 0 0 0 1 0 0 0 1 0.0521443 1.06658 -0.0436981</i>
                        <i>1 0 0 0 1 0 0 0 1 0.0521443 1.06821 -0.0436981</i>
                        <i>1 0 0 0 1 0 0 0 1 0.0521443 1.06998 -0.0436981</i>
                        <i>1 0 0 0 1 0 0 0 1 0.0521443 1.07185 -0.0436981</i>
                        <i>1 0 0 0 1 0 0 0 1 0.0521443 1.07376 -0.0436981</i>
                        <i>1 0 0 0 1 0 0 0 1 0.0521443 1.07568 -0.0436981</i>
                        <i>1 0 0 0 1 0 0 0 1 0.0521443 1.07754 -0.0436981</i>
                        <i>1 0 0 0 1 0 0 0 1 0.0521443 1.07932 -0.0436981</i>
                        <i>1 0 0 0 1 0 0 0 1 0.0521443 1.08095 -0.0436981</i>
                        <i>1 0 0 0 1 0 0 0 1 0.0521443 1.08239 -0.0436981</i>
                        <i>1 0 0 0 1 0 0 0 1 0.0521443 1.08359 -0.0436981</i>
                        <i>1 0 0 0 1 0 0 0 1 0.0521443 1.08451 -0.0436981</i>
                        <i>1 0 0 0 1 0 0 0 1 0.0521443 1.08509 -0.0436981</i>
                        <i>1 0 0 0 1 0 0 0 1 0.0521443 1.0853 -0.0436981</i>
                        <i>1 0 0 0 1 0 0 0 1 0.0521443 1.08509 -0.0436981</i>
                        <i>1 0 0 0 1 0 0 0 1 0.0521443 1.08451 -0.0436981</i>
                        <i>1 0 0 0 1 0 0 0 1 0.0521443 1.08359 -0.0436981</i>
                        <i>1 0 0 0 1 0 0 0 1 0.0521443 1.08239 -0.0436981</i>
                        <i>1 0 0 0 1 0 0 0 1 0.0521443 1.08095 -0.0436981</i>
                        <i>1 0 0 0 1 0 0 0 1 0.0521443 1.07932 -0.0436981</i>
                        <i>1 0 0 0 1 0 0 0 1 0.0521443 1.07754 -0.0436981</i>
                        <i>1 0 0 0 1 0 0 0 1 0.0521443 1.07568 -0.0436981</i>
                        <i>1 0 0 0 1 0 0 0 1 0.0521443 1.07376 -0.0436981</i>
                        <i>1 0 0 0 1 0 0 0 1 0.0521443 1.07185 -0.0436981</i>
                        <i>1 0 0 0 1 0 0 0 1 0.0521443 1.06998 -0.0436981</i>
                        <i>1 0 0 0 1 0 0 0 1 0.0521443 1.06821 -0.0436981</i>
                        <i>1 0 0 0 1 0 0 0 1 0.0521443 1.06658 -0.0436981</i>
                        <i>1 0 0 0 1 0 0 0 1 0.0521443 1.06514 -0.0436981</i>
                        <i>1 0 0 0 1 0 0 0 1 0.0521443 1.06393 -0.0436981</i>
                        <i>1 0 0 0 1 0 0 0 1 0.0521443 1.06302 -0.0436981</i>
                        <i>1 0 0 0 1 0 0 0 1 0.0521443 1.06243 -0.0436981</i>
                        <i>1 0 0 0 1 0 0 0 1 0.0521443 1.06223 -0.0436981</i>
                    </KeyFrames>
                </p>
            </i>
            <i>
                <p>
                    <Name>
                        <![CDATA[spine0]]>
</Name>
                    <Exclude>0</Exclude>
                    <Additive>0</Additive>
                    <IKPriority>0</IKPriority>
                    <IKRotLimits>-1e+010 -1e+010 -1e+010 1e+010 1e+010 1e+010</IKRotLimits>
                    <IKRotLimitOrder>0</IKRotLimitOrder>
                    <KeyFrames count="37">
                        <i>-0.0313699 0.997629 -0.061253 -0.939755 -0.0503106 -0.338127 -0.340407 0.0469558 0.939105 0.0645116 1.19109 -0.106445</i>
                        <i>-0.0314502 0.997636 -0.0611078 -0.939755 -0.0503365 -0.338123 -0.3404 0.0467923 0.939116 0.0645116 1.1913 -0.106445</i>
                        <i>-0.0316787 0.997654 -0.0606949 -0.939754 -0.0504102 -0.338114 -0.34038 0.0463273 0.939146 0.0645116 1.19188 -0.106445</i>
                        <i>-0.0320361 0.997681 -0.0600485 -0.939753 -0.0505256 -0.338099 -0.340349 0.0455994 0.939193 0.0645116 1.1928 -0.106445</i>
                        <i>-0.0325034 0.997717 -0.0592033 -0.939752 -0.0506763 -0.33808 -0.340309 0.0446477 0.939253 0.0645116 1.194 -0.106445</i>
                        <i>-0.0330612 0.997758 -0.0581938 -0.93975 -0.0508562 -0.338057 -0.340259 0.0435111 0.939325 0.0645116 1.19544 -0.106445</i>
                        <i>-0.0336904 0.997802 -0.0570547 -0.939749 -0.051059 -0.338032 -0.340202 0.0422287 0.939404 0.0645116 1.19707 -0.106445</i>
                        <i>-0.0343717 0.997849 -0.0558202 -0.939747 -0.0512785 -0.338004 -0.340139 0.0408391 0.939488 0.0645116 1.19884 -0.106445</i>
                        <i>-0.0350865 0.997896 -0.0545243 -0.939745 -0.0515086 -0.337975 -0.340072 0.0393806 0.939574 0.0645116 1.20071 -0.106445</i>
                        <i>-0.0358162 0.997941 -0.0532006 -0.939742 -0.0517434 -0.337945 -0.340002 0.0378909 0.939661 0.0645116 1.20263 -0.106445</i>
                        <i>-0.0365425 0.997984 -0.051882 -0.93974 -0.0519769 -0.337915 -0.339931 0.0364073 0.939745 0.0645116 1.20454 -0.106445</i>
                        <i>-0.0372475 0.998024 -0.0506011 -0.939738 -0.0522035 -0.337886 -0.33986 0.0349663 0.939826 0.0645116 1.20641 -0.106445</i>
                        <i>-0.0379137 0.99806 -0.04939 -0.939736 -0.0524174 -0.337859 -0.339793 0.033604 0.9399 0.0645116 1.20818 -0.106445</i>
                        <i>-0.0385238 0.998091 -0.0482802 -0.939734 -0.0526133 -0.337834 -0.339729 0.0323558 0.939966 0.0645116 1.20981 -0.106445</i>
                        <i>-0.0390607 0.998117 -0.0473029 -0.939732 -0.0527855 -0.337812 -0.339673 0.0312568 0.940024 0.0645116 1.21125 -0.106445</i>
                        <i>-0.0395077 0.998137 -0.046489 -0.939731 -0.0529289 -0.337794 -0.339626 0.0303417 0.940071 0.0645116 1.21245 -0.106445</i>
                        <i>-0.0398478 0.998152 -0.0458693 -0.939729 -0.0530379 -0.33778 -0.339589 0.0296449 0.940107 0.0645116 1.21337 -0.106445</i>
                        <i>-0.0400644 0.998162 -0.0454746 -0.939729 -0.0531073 -0.337771 -0.339566 0.0292012 0.940129 0.0645116 1.21396 -0.106445</i>
                        <i>-0.0401405 0.998165 -0.045336 -0.939728 -0.0531317 -0.337768 -0.339557 0.0290454 0.940137 0.0645116 1.21416 -0.106445</i>
                        <i>-0.0400644 0.998162 -0.0454746 -0.939729 -0.0531073 -0.337771 -0.339566 0.0292012 0.940129 0.0645116 1.21396 -0.106445</i>
                        <i>-0.0398478 0.998152 -0.0458693 -0.939729 -0.0530379 -0.33778 -0.339589 0.0296449 0.940107 0.0645116 1.21337 -0.106445</i>
                        <i>-0.0395077 0.998137 -0.046489 -0.939731 -0.0529289 -0.337794 -0.339626 0.0303417 0.940071 0.0645116 1.21245 -0.106445</i>
                        <i>-0.0390607 0.998117 -0.0473029 -0.939732 -0.0527855 -0.337812 -0.339673 0.0312568 0.940024 0.0645116 1.21125 -0.106445</i>
                        <i>-0.0385238 0.998091 -0.0482802 -0.939734 -0.0526133 -0.337834 -0.339729 0.0323558 0.939966 0.0645116 1.20981 -0.106445</i>
                        <i>-0.0379137 0.99806 -0.04939 -0.939736 -0.0524174 -0.337859 -0.339793 0.033604 0.9399 0.0645116 1.20818 -0.106445</i>
                        <i>-0.0372475 0.998024 -0.0506011 -0.939738 -0.0522035 -0.337886 -0.33986 0.0349663 0.939826 0.0645116 1.20641 -0.106445</i>
                        <i>-0.0365425 0.997984 -0.051882 -0.93974 -0.0519769 -0.337915 -0.339931 0.0364073 0.939745 0.0645116 1.20454 -0.106445</i>
                        <i>-0.0358162 0.997941 -0.0532006 -0.939742 -0.0517434 -0.337945 -0.340002 0.0378909 0.939661 0.0645116 1.20263 -0.106445</i>
                        <i>-0.0350865 0.997896 -0.0545243 -0.939745 -0.0515086 -0.337975 -0.340072 0.0393806 0.939574 0.0645116 1.20071 -0.106445</i>
                        <i>-0.0343717 0.997849 -0.0558202 -0.939747 -0.0512785 -0.338004 -0.340139 0.0408391 0.939488 0.0645116 1.19884 -0.106445</i>
                        <i>-0.0336904 0.997802 -0.0570547 -0.939749 -0.051059 -0.338032 -0.340202 0.0422287 0.939404 0.0645116 1.19707 -0.106445</i>
                        <i>-0.0330612 0.997758 -0.0581938 -0.93975 -0.0508562 -0.338057 -0.340259 0.0435111 0.939325 0.0645116 1.19544 -0.106445</i>
                        <i>-0.0325034 0.997717 -0.0592033 -0.939752 -0.0506763 -0.33808 -0.340309 0.0446477 0.939253 0.0645116 1.194 -0.106445</i>
                        <i>-0.0320361 0.997681 -0.0600485 -0.939753 -0.0505256 -0.338099 -0.340349 0.0455994 0.939193 0.0645116 1.1928 -0.106445</i>
                        <i>-0.0316787 0.997654 -0.0606949 -0.939754 -0.0504102 -0.338114 -0.34038 0.0463273 0.939146 0.0645116 1.19188 -0.106445</i>
                        <i>-0.0314502 0.997636 -0.0611078 -0.939755 -0.0503365 -0.338123 -0.3404 0.0467923 0.939116 0.0645116 1.1913 -0.106445</i>
                        <i>-0.0313699 0.997629 -0.061253 -0.939755 -0.0503106 -0.338127 -0.340407 0.0469558 0.939105 0.0645116 1.19109 -0.106445</i>
                    </KeyFrames>
                </p>
            </i>
            <i>
                <p>
                    <Name>
                        <![CDATA[spine1]]>
</Name>
                    <Exclude>0</Exclude>
                    <Additive>0</Additive>
                    <IKPriority>0</IKPriority>
                    <IKRotLimits>-1e+010 -1e+010 -1e+010 1e+010 1e+010 1e+010</IKRotLimits>
                    <IKRotLimitOrder>0</IKRotLimitOrder>
                    <KeyFrames count="37">
                        <i>0.0235273 0.999723 0.000296345 -0.908109 0.0214953 -0.418181 -0.418072 0.00956958 0.908364 0.0591698 1.36088 -0.116862</i>
                        <i>0.0234705 0.999724 0.000348894 -0.908116 0.0214658 -0.418167 -0.41806 0.00949778 0.90837 0.0591551 1.36112 -0.11684</i>
                        <i>0.023309 0.999728 0.000498362 -0.908136 0.0213819 -0.418128 -0.418025 0.00929355 0.908388 0.0591136 1.3618 -0.116775</i>
                        <i>0.023056 0.999734 0.000732414 -0.908168 0.0212505 -0.418067 -0.417971 0.00897377 0.908416 0.0590485 1.36287 -0.116675</i>
                        <i>0.022725 0.999741 0.00103864 -0.908209 0.0210786 -0.417985 -0.417899 0.00855539 0.908453 0.0589632 1.36426 -0.116543</i>
                        <i>0.0223294 0.99975 0.0014046 -0.908259 0.0208731 -0.417886 -0.417811 0.00805543 0.908498 0.0588611 1.36593 -0.116385</i>
                        <i>0.0218827 0.999759 0.00181793 -0.908317 0.0206409 -0.417774 -0.41771 0.00749078 0.908549 0.0587456 1.36782 -0.116206</i>
                        <i>0.0213982 0.999768 0.00226631 -0.908379 0.020389 -0.417649 -0.417599 0.00687829 0.908605 0.0586201 1.36987 -0.116012</i>
                        <i>0.0208892 0.999778 0.00273754 -0.908446 0.0201241 -0.417517 -0.417479 0.00623467 0.908665 0.0584881 1.37204 -0.115807</i>
                        <i>0.0203686 0.999787 0.00321952 -0.908516 0.0198531 -0.417379 -0.417354 0.00557643 0.908727 0.0583527 1.37426 -0.115597</i>
                        <i>0.0198494 0.999796 0.00370026 -0.908586 0.0195828 -0.417239 -0.417227 0.00491995 0.908789 0.0582175 1.37648 -0.115388</i>
                        <i>0.0193445 0.999804 0.00416794 -0.908655 0.0193197 -0.417101 -0.4171 0.0042814 0.908851 0.0580858 1.37864 -0.115183</i>
                        <i>0.0188665 0.999811 0.0046108 -0.908721 0.0190706 -0.416968 -0.416977 0.00367681 0.908909 0.0579609 1.3807 -0.11499</i>
                        <i>0.018428 0.999818 0.00501719 -0.908782 0.0188419 -0.416845 -0.416863 0.00312209 0.908964 0.0578461 1.38259 -0.114812</i>
                        <i>0.0180414 0.999823 0.00537556 -0.908837 0.0186402 -0.416734 -0.416761 0.00263296 0.909012 0.0577448 1.38426 -0.114654</i>
                        <i>0.0177191 0.999827 0.00567436 -0.908883 0.018472 -0.416642 -0.416674 0.0022252 0.909053 0.0576602 1.38565 -0.114523</i>
                        <i>0.0174736 0.99983 0.00590209 -0.908918 0.0183438 -0.41657 -0.416607 0.00191444 0.909084 0.0575958 1.38672 -0.114423</i>
                        <i>0.0173171 0.999832 0.00604724 -0.908941 0.0182621 -0.416524 -0.416565 0.00171639 0.909104 0.0575546 1.3874 -0.114359</i>
                        <i>0.0172621 0.999832 0.00609821 -0.908949 0.0182334 -0.416508 -0.41655 0.00164684 0.909111 0.0575402 1.38764 -0.114337</i>
                        <i>0.0173171 0.999832 0.00604724 -0.908941 0.0182621 -0.416524 -0.416565 0.00171639 0.909104 0.0575546 1.3874 -0.114359</i>
                        <i>0.0174736 0.99983 0.00590209 -0.908918 0.0183438 -0.41657 -0.416607 0.00191444 0.909084 0.0575958 1.38672 -0.114423</i>
                        <i>0.0177191 0.999827 0.00567436 -0.908883 0.018472 -0.416642 -0.416674 0.0022252 0.909053 0.0576602 1.38565 -0.114523</i>
                        <i>0.0180414 0.999823 0.00537556 -0.908837 0.0186402 -0.416734 -0.416761 0.00263297 0.909012 0.0577448 1.38426 -0.114654</i>
                        <i>0.018428 0.999818 0.00501719 -0.908782 0.0188419 -0.416845 -0.416863 0.00312208 0.908964 0.0578461 1.38259 -0.114812</i>
                        <i>0.0188665 0.999811 0.0046108 -0.908721 0.0190706 -0.416968 -0.416977 0.00367681 0.908909 0.0579609 1.3807 -0.11499</i>
                        <i>0.0193445 0.999804 0.00416794 -0.908655 0.0193197 -0.417101 -0.4171 0.00428139 0.908851 0.0580858 1.37864 -0.115183</i>
                        <i>0.0198494 0.999796 0.00370027 -0.908586 0.0195828 -0.417239 -0.417227 0.00491995 0.908789 0.0582175 1.37648 -0.115388</i>
                        <i>0.0203686 0.999787 0.00321952 -0.908516 0.0198531 -0.417379 -0.417354 0.00557642 0.908727 0.0583527 1.37426 -0.115597</i>
                        <i>0.0208892 0.999778 0.00273754 -0.908446 0.0201241 -0.417517 -0.417479 0.00623467 0.908665 0.0584881 1.37204 -0.115807</i>
                        <i>0.0213982 0.999768 0.00226631 -0.908379 0.020389 -0.417649 -0.417599 0.00687829 0.908605 0.0586201 1.36987 -0.116012</i>
                        <i>0.0218827 0.999759 0.00181793 -0.908317 0.0206409 -0.417774 -0.41771 0.00749078 0.908549 0.0587456 1.36782 -0.116206</i>
                        <i>0.0223294 0.99975 0.0014046 -0.908259 0.0208731 -0.417886 -0.417811 0.00805542 0.908498 0.0588611 1.36593 -0.116385</i>
                        <i>0.022725 0.999741 0.00103864 -0.908209 0.0210786 -0.417985 -0.417899 0.00855539 0.908453 0.0589632 1.36426 -0.116543</i>
                        <i>0.023056 0.999734 0.000732414 -0.908168 0.0212505 -0.418067 -0.417971 0.00897376 0.908416 0.0590485 1.36287 -0.116675</i>
                        <i>0.023309 0.999728 0.000498362 -0.908136 0.0213819 -0.418128 -0.418025 0.00929355 0.908388 0.0591136 1.3618 -0.116775</i>
                        <i>0.0234705 0.999724 0.000348894 -0.908116 0.0214658 -0.418167 -0.41806 0.00949778 0.90837 0.0591551 1.36112 -0.11684</i>
                        <i>0.0235273 0.999723 0.000296345 -0.908109 0.0214953 -0.418181 -0.418072 0.00956958 0.908364 0.0591698 1.36088 -0.116862</i>
                    </KeyFrames>
                </p>
            </i>
            <i>
                <p>
                    <Name>
                        <![CDATA[spine2]]>
</Name>
                    <Exclude>0</Exclude>
                    <Additive>0</Additive>
                    <IKPriority>0</IKPriority>
                    <IKRotLimits>-1e+010 -1e+010 -1e+010 1e+010 1e+010 1e+010</IKRotLimits>
                    <IKRotLimitOrder>0</IKRotLimitOrder>
                    <KeyFrames count="37">
                        <i>0.0614459 0.99791 -0.0200008 -0.86597 0.0433361 -0.498215 -0.496307 0.0479334 0.866823 0.0627876 1.51764 -0.116868</i>
                        <i>0.061568 0.997898 -0.0202424 -0.865968 0.0433219 -0.498219 -0.496294 0.0482037 0.866815 0.0627646 1.51791 -0.116836</i>
                        <i>0.0619154 0.997862 -0.0209298 -0.865965 0.0432813 -0.498229 -0.496258 0.0489725 0.866793 0.0626991 1.51867 -0.116747</i>
                        <i>0.0624592 0.997805 -0.0220058 -0.865959 0.0432177 -0.498245 -0.4962 0.050176 0.866757 0.0625965 1.51986 -0.116608</i>
                        <i>0.0631703 0.997728 -0.0234132 -0.865951 0.0431344 -0.498265 -0.496123 0.0517502 0.866709 0.062462 1.52143 -0.116425</i>
                        <i>0.0640197 0.997633 -0.0250948 -0.865942 0.0430348 -0.498289 -0.49603 0.0536309 0.866648 0.062301 1.52331 -0.116207</i>
                        <i>0.0649783 0.997522 -0.0269932 -0.865933 0.0429221 -0.498315 -0.495922 0.055754 0.866576 0.0621188 1.52543 -0.115959</i>
                        <i>0.0660174 0.997396 -0.0290516 -0.865923 0.0427997 -0.498343 -0.495802 0.0580558 0.866493 0.0619208 1.52774 -0.11569</i>
                        <i>0.0671084 0.997257 -0.0312137 -0.865912 0.042671 -0.498372 -0.495673 0.0604733 0.866401 0.0617122 1.53017 -0.115406</i>
                        <i>0.0682231 0.99711 -0.0334237 -0.865902 0.0425391 -0.498401 -0.495539 0.0629442 0.866302 0.0614984 1.53267 -0.115116</i>
                        <i>0.0693338 0.996957 -0.0356267 -0.865893 0.0424074 -0.498429 -0.495401 0.0654068 0.866198 0.0612846 1.53517 -0.114825</i>
                        <i>0.0704131 0.996803 -0.0377681 -0.865884 0.0422791 -0.498455 -0.495264 0.0678005 0.866093 0.0610762 1.53761 -0.114542</i>
                        <i>0.0714339 0.996651 -0.0397943 -0.865876 0.0421574 -0.498479 -0.495132 0.0700652 0.865988 0.0608785 1.53992 -0.114273</i>
                        <i>0.0723696 0.996508 -0.0416523 -0.865869 0.0420457 -0.4985 -0.495008 0.0721418 0.865888 0.0606968 1.54205 -0.114025</i>
                        <i>0.0731939 0.996378 -0.0432895 -0.865863 0.0419472 -0.498519 -0.494897 0.0739713 0.865797 0.0605363 1.54393 -0.113807</i>
                        <i>0.0738805 0.996267 -0.0446538 -0.865859 0.0418649 -0.498534 -0.494804 0.0754958 0.865719 0.0604022 1.5455 -0.113625</i>
                        <i>0.0744035 0.996181 -0.0456931 -0.865855 0.0418022 -0.498545 -0.494731 0.0766571 0.865659 0.0603 1.54669 -0.113486</i>
                        <i>0.0747366 0.996125 -0.0463551 -0.865853 0.0417622 -0.498552 -0.494685 0.0773968 0.865619 0.0602348 1.54746 -0.113397</i>
                        <i>0.0748535 0.996106 -0.0465877 -0.865852 0.0417482 -0.498555 -0.494668 0.0776566 0.865605 0.0602119 1.54773 -0.113366</i>
                        <i>0.0747366 0.996125 -0.0463551 -0.865853 0.0417622 -0.498552 -0.494685 0.0773968 0.865619 0.0602348 1.54746 -0.113397</i>
                        <i>0.0744035 0.996181 -0.0456931 -0.865855 0.0418022 -0.498545 -0.494731 0.0766571 0.865659 0.0603 1.54669 -0.113486</i>
                        <i>0.0738805 0.996267 -0.0446538 -0.865859 0.0418649 -0.498534 -0.494804 0.0754958 0.865719 0.0604022 1.5455 -0.113625</i>
                        <i>0.0731939 0.996378 -0.0432895 -0.865863 0.0419472 -0.498519 -0.494897 0.0739713 0.865797 0.0605363 1.54393 -0.113807</i>
                        <i>0.0723696 0.996508 -0.0416523 -0.865869 0.0420457 -0.4985 -0.495008 0.0721418 0.865888 0.0606968 1.54205 -0.114025</i>
                        <i>0.0714339 0.996651 -0.0397943 -0.865876 0.0421574 -0.498479 -0.495132 0.0700652 0.865988 0.0608785 1.53992 -0.114273</i>
                        <i>0.0704131 0.996803 -0.0377681 -0.865884 0.0422791 -0.498455 -0.495264 0.0678005 0.866093 0.0610762 1.53761 -0.114542</i>
                        <i>0.0693338 0.996957 -0.0356267 -0.865893 0.0424074 -0.498429 -0.495401 0.0654068 0.866198 0.0612846 1.53517 -0.114825</i>
                        <i>0.0682231 0.99711 -0.0334237 -0.865902 0.0425391 -0.498401 -0.495539 0.0629442 0.866302 0.0614984 1.53267 -0.115116</i>
                        <i>0.0671084 0.997257 -0.0312137 -0.865912 0.042671 -0.498372 -0.495673 0.0604733 0.866401 0.0617122 1.53017 -0.115406</i>
                        <i>0.0660174 0.997395 -0.0290516 -0.865923 0.0427997 -0.498343 -0.495802 0.0580558 0.866493 0.0619208 1.52774 -0.11569</i>
                        <i>0.0649783 0.997522 -0.0269932 -0.865933 0.0429221 -0.498315 -0.495922 0.055754 0.866576 0.0621188 1.52543 -0.115959</i>
                        <i>0.0640197 0.997633 -0.0250948 -0.865942 0.0430348 -0.498289 -0.49603 0.0536309 0.866648 0.062301 1.52331 -0.116207</i>
                        <i>0.0631703 0.997728 -0.0234132 -0.865951 0.0431344 -0.498265 -0.496123 0.0517502 0.866709 0.062462 1.52143 -0.116425</i>
                        <i>0.0624592 0.997805 -0.0220058 -0.865959 0.0432177 -0.498245 -0.4962 0.050176 0.866757 0.0625965 1.51986 -0.116608</i>
                        <i>0.0619154 0.997862 -0.0209298 -0.865965 0.0432813 -0.498229 -0.496258 0.0489725 0.866793 0.0626991 1.51867 -0.116747</i>
                        <i>0.061568 0.997898 -0.0202424 -0.865968 0.0433219 -0.498219 -0.496294 0.0482037 0.866815 0.0627646 1.51791 -0.116836</i>
                        <i>0.0614459 0.99791 -0.0200008 -0.86597 0.0433361 -0.498215 -0.496307 0.0479334 0.866823 0.0627876 1.51764 -0.116868</i>
                    </KeyFrames>
                </p>
            </i>
            <i>
                <p>
                    <Name>
                        <![CDATA[head]]>
</Name>
                    <Exclude>0</Exclude>
                    <Additive>0</Additive>
                    <IKPriority>0</IKPriority>
                    <IKRotLimits>-1e+010 -1e+010 -1e+010 1e+010 1e+010 1e+010</IKRotLimits>
                    <IKRotLimitOrder>0</IKRotLimitOrder>
                    <KeyFrames count="37">
                        <i>0.0109409 0.893567 -0.448797 -0.00792463 -0.448733 -0.893631 -0.999909 0.0133337 0.00217163 0.0616995 1.76984 -0.155261</i>
                        <i>0.0111979 0.896425 -0.443053 -0.00796391 -0.442987 -0.896493 -0.999906 0.0135673 0.00217855 0.061717 1.77022 -0.155316</i>
                        <i>0.0118316 0.898895 -0.438005 -0.00820923 -0.437934 -0.89897 -0.999896 0.014232 0.00219779 0.0617671 1.7713 -0.155474</i>
                        <i>0.0127979 0.900998 -0.433634 -0.00862932 -0.433553 -0.901087 -0.999881 0.015274 0.00222643 0.0618462 1.77299 -0.155723</i>
                        <i>0.0140514 0.902759 -0.429917 -0.00919472 -0.429824 -0.902866 -0.999859 0.0166395 0.00226097 0.0619513 1.7752 -0.156051</i>
                        <i>0.0155454 0.904197 -0.426832 -0.00987808 -0.426724 -0.904328 -0.99983 0.0182745 0.00229808 0.062079 1.77785 -0.156448</i>
                        <i>0.0172328 0.905331 -0.424357 -0.0106537 -0.42423 -0.905492 -0.999795 0.0201252 0.00233445 0.0622263 1.78085 -0.156903</i>
                        <i>0.0190653 0.906178 -0.422466 -0.0114974 -0.422316 -0.906376 -0.999752 0.0221376 0.00236715 0.0623895 1.78411 -0.157402</i>
                        <i>0.020994 0.906755 -0.421135 -0.0123865 -0.42096 -0.906995 -0.999703 0.0242579 0.00239386 0.062565 1.78753 -0.157935</i>
                        <i>0.0229696 0.907076 -0.420339 -0.0132992 -0.420135 -0.907364 -0.999648 0.026432 0.00241306 0.0627488 1.79105 -0.158487</i>
                        <i>0.0249335 0.906898 -0.420613 -0.0142303 -0.420379 -0.907237 -0.999588 0.0286061 0.00242394 0.0629363 1.79456 -0.159047</i>
                        <i>0.0268267 0.906032 -0.422358 -0.015176 -0.422092 -0.906426 -0.999525 0.0307261 0.00242656 0.0631229 1.79798 -0.1596</i>
                        <i>0.0285997 0.904579 -0.425345 -0.0161157 -0.425046 -0.905028 -0.999461 0.0327383 0.00242177 0.0633033 1.80123 -0.16013</i>
                        <i>0.0302039 0.902637 -0.429341 -0.0170266 -0.42901 -0.903139 -0.999399 0.0345886 0.00241102 0.063472 1.80421 -0.160623</i>
                        <i>0.0315923 0.900302 -0.434117 -0.0178827 -0.433755 -0.900853 -0.999341 0.0362232 0.00239658 0.0636234 1.80684 -0.161062</i>
                        <i>0.032719 0.897675 -0.439441 -0.0186551 -0.439051 -0.898268 -0.99929 0.0375882 0.00238085 0.0637514 1.80904 -0.161432</i>
                        <i>0.0335401 0.89486 -0.445085 -0.0193114 -0.444672 -0.895485 -0.999251 0.0386299 0.00236666 0.0638502 1.81072 -0.161717</i>
                        <i>0.0340132 0.891965 -0.450822 -0.0198168 -0.450393 -0.892611 -0.999225 0.0392944 0.00235665 0.0639136 1.81178 -0.161899</i>
                        <i>0.0340973 0.889106 -0.45643 -0.0201337 -0.455992 -0.889756 -0.999216 0.0395279 0.00235289 0.063936 1.81216 -0.161963</i>
                        <i>0.0337681 0.886385 -0.461715 -0.0202317 -0.461278 -0.887025 -0.999225 0.0392944 0.00235665 0.0639136 1.81178 -0.161899</i>
                        <i>0.0330636 0.883851 -0.466599 -0.0201165 -0.466172 -0.884466 -0.999251 0.0386299 0.00236666 0.0638502 1.81072 -0.161717</i>
                        <i>0.0320366 0.881534 -0.471033 -0.0198041 -0.470622 -0.882112 -0.99929 0.0375882 0.00238085 0.0637514 1.80904 -0.161432</i>
                        <i>0.0307391 0.879467 -0.474966 -0.0193125 -0.474579 -0.880001 -0.999341 0.0362232 0.00239658 0.0636234 1.80684 -0.161062</i>
                        <i>0.0292221 0.877683 -0.478349 -0.0186615 -0.477991 -0.878166 -0.999399 0.0345886 0.00241104 0.063472 1.80421 -0.160623</i>
                        <i>0.0275354 0.876215 -0.481133 -0.0178735 -0.480807 -0.876644 -0.999461 0.0327383 0.00242177 0.0633033 1.80123 -0.16013</i>
                        <i>0.0257278 0.875094 -0.483268 -0.0169725 -0.482976 -0.875469 -0.999525 0.0307261 0.00242656 0.0631229 1.79798 -0.1596</i>
                        <i>0.0238467 0.874353 -0.484704 -0.0159849 -0.484447 -0.874675 -0.999588 0.0286061 0.00242394 0.0629363 1.79456 -0.159047</i>
                        <i>0.0219386 0.874022 -0.485391 -0.0149389 -0.485167 -0.874294 -0.999648 0.026432 0.00241306 0.0627488 1.79105 -0.158487</i>
                        <i>0.0200488 0.874131 -0.485276 -0.0138643 -0.485084 -0.874358 -0.999703 0.0242579 0.00239386 0.062565 1.78753 -0.157935</i>
                        <i>0.018222 0.874708 -0.484307 -0.0127919 -0.484144 -0.874895 -0.999752 0.0221376 0.00236715 0.0623895 1.78411 -0.157402</i>
                        <i>0.0165024 0.875779 -0.48243 -0.0117535 -0.482292 -0.875931 -0.999795 0.0201252 0.00233445 0.0622263 1.78085 -0.156903</i>
                        <i>0.0149338 0.877367 -0.479588 -0.0107805 -0.479473 -0.877491 -0.99983 0.0182745 0.00229808 0.062079 1.77785 -0.156449</i>
                        <i>0.0135605 0.87949 -0.475724 -0.00990429 -0.475626 -0.879592 -0.999859 0.0166395 0.00226097 0.0619513 1.7752 -0.156051</i>
                        <i>0.0124275 0.882165 -0.470777 -0.00915471 -0.470693 -0.882249 -0.999881 0.015274 0.00222641 0.0618462 1.77299 -0.155723</i>
                        <i>0.0115809 0.8854 -0.464685 -0.00855931 -0.464611 -0.885473 -0.999896 0.014232 0.00219779 0.0617671 1.7713 -0.155474</i>
                        <i>0.0110687 0.889202 -0.457381 -0.00814258 -0.457314 -0.889268 -0.999906 0.0135673 0.00217855 0.061717 1.77022 -0.155316</i>
                        <i>0.0109409 0.893567 -0.448797 -0.00792463 -0.448733 -0.893631 -0.999909 0.0133337 0.00217163 0.0616995 1.76984 -0.155261</i>
                    </KeyFrames>
                </p>
            </i>
            <i>
                <p>
                    <Name>
                        <![CDATA[head_prop]]>
</Name>
                    <Exclude>0</Exclude>
                    <Additive>0</Additive>
                    <IKPriority>0</IKPriority>
                    <IKRotLimits>-1e+010 -1e+010 -1e+010 1e+010 1e+010 1e+010</IKRotLimits>
                    <IKRotLimitOrder>0</IKRotLimitOrder>
                    <KeyFrames count="37">
                        <i>0.999909 -0.0133337 -0.00217163 0.0109409 0.893567 -0.448797 0.00792463 0.448733 0.893631 0.0382721 1.93606 0.0102081</i>
                        <i>0.999906 -0.0135673 -0.00217855 0.0111979 0.896425 -0.443053 0.00796391 0.442987 0.896493 0.0383174 1.93538 0.0112141</i>
                        <i>0.999896 -0.014232 -0.00219779 0.0118316 0.898895 -0.438005 0.00820923 0.437934 0.89897 0.0384691 1.93553 0.0119808</i>
                        <i>0.999881 -0.015274 -0.00222643 0.0127979 0.900998 -0.433634 0.00862932 0.433553 0.901087 0.0387136 1.93643 0.0125267</i>
                        <i>0.999859 -0.0166395 -0.00226097 0.0140514 0.902759 -0.429917 0.00919472 0.429824 0.902866 0.0390376 1.93799 0.0128695</i>
                        <i>0.99983 -0.0182745 -0.00229808 0.0155454 0.904197 -0.426832 0.00987808 0.426724 0.904328 0.0394286 1.9401 0.0130267</i>
                        <i>0.999795 -0.0201252 -0.00233445 0.0172328 0.905331 -0.424357 0.0106537 0.42423 0.905492 0.0398741 1.94267 0.0130155</i>
                        <i>0.999752 -0.0221376 -0.00236715 0.0190653 0.906178 -0.422466 0.0114974 0.422316 0.906376 0.0403616 1.94562 0.0128533</i>
                        <i>0.999703 -0.0242579 -0.00239386 0.020994 0.906755 -0.421135 0.0123865 0.42096 0.906995 0.0408787 1.94884 0.0125576</i>
                        <i>0.999648 -0.026432 -0.00241306 0.0229696 0.907076 -0.420339 0.0132992 0.420135 0.907364 0.041413 1.95225 0.0121462</i>
                        <i>0.999588 -0.0286061 -0.00242394 0.0249335 0.906898 -0.420613 0.0142303 0.420379 0.907237 0.0419544 1.95586 0.0115383</i>
                        <i>0.999525 -0.0307261 -0.00242656 0.0268267 0.906032 -0.422358 0.015176 0.422092 0.906426 0.0424929 1.95966 0.0106765</i>
                        <i>0.999461 -0.0327383 -0.00242177 0.0285997 0.904579 -0.425345 0.0161157 0.425046 0.905028 0.0430151 1.9635 0.00961433</i>
                        <i>0.999399 -0.0345886 -0.00241102 0.0302039 0.902637 -0.429341 0.0170266 0.42901 0.903139 0.0435066 1.96727 0.00840545</i>
                        <i>0.999341 -0.0362232 -0.00239658 0.0315923 0.900302 -0.434117 0.0178827 0.433755 0.900853 0.0439525 1.97083 0.00710402</i>
                        <i>0.99929 -0.0375882 -0.00238085 0.032719 0.897675 -0.439441 0.0186551 0.439051 0.898268 0.044337 1.97404 0.00576495</i>
                        <i>0.999251 -0.0386299 -0.00236666 0.0335401 0.89486 -0.445085 0.0193114 0.444672 0.895485 0.0446434 1.97679 0.00444409</i>
                        <i>0.999225 -0.0392944 -0.00235665 0.0340132 0.891965 -0.450822 0.0198168 0.450393 0.892611 0.0448548 1.97893 0.00319811</i>
                        <i>0.999216 -0.0395279 -0.00235289 0.0340973 0.889106 -0.45643 0.0201337 0.455992 0.889756 0.0449541 1.98035 0.0020844</i>
                        <i>0.999225 -0.0392944 -0.00235665 0.0337681 0.886385 -0.461715 0.0202317 0.461278 0.887025 0.0449289 1.98094 0.00115041</i>
                        <i>0.999251 -0.0386299 -0.00236666 0.0330636 0.883851 -0.466599 0.0201165 0.466172 0.884466 0.044787 1.98075 0.000402394</i>
                        <i>0.99929 -0.0375882 -0.00238085 0.0320366 0.881534 -0.471033 0.0198041 0.470622 0.882112 0.0445419 1.97987 -0.000164189</i>
                        <i>0.999341 -0.0362232 -0.00239658 0.0307391 0.879467 -0.474966 0.0193125 0.474579 0.880001 0.0442072 1.97836 -0.000554155</i>
                        <i>0.999399 -0.0345886 -0.00241104 0.0292221 0.877683 -0.478349 0.0186615 0.477991 0.878166 0.0437974 1.97631 -0.000772379</i>
                        <i>0.999461 -0.0327383 -0.00242177 0.0275354 0.876215 -0.481133 0.0178735 0.480807 0.876644 0.043327 1.9738 -0.000823598</i>
                        <i>0.999525 -0.0307261 -0.00242656 0.0257278 0.875094 -0.483268 0.0169725 0.482976 0.875469 0.0428109 1.9709 -0.00071238</i>
                        <i>0.999588 -0.0286061 -0.00242394 0.0238467 0.874353 -0.484704 0.0159849 0.484447 0.874675 0.042264 1.96769 -0.000442869</i>
                        <i>0.999648 -0.026432 -0.00241306 0.0219386 0.874022 -0.485391 0.0149389 0.485167 0.874294 0.0417012 1.96426 -1.8876e-005</i>
                        <i>0.999703 -0.0242579 -0.00239386 0.0200488 0.874131 -0.485276 0.0138643 0.485084 0.874358 0.0411373 1.96068 0.00055616</i>
                        <i>0.999752 -0.0221376 -0.00236715 0.018222 0.874708 -0.484307 0.0127919 0.484144 0.874895 0.0405869 1.95703 0.00127911</i>
                        <i>0.999795 -0.0201252 -0.00233445 0.0165024 0.875779 -0.48243 0.0117535 0.482292 0.875931 0.0400644 1.95339 0.00214701</i>
                        <i>0.99983 -0.0182745 -0.00229808 0.0149338 0.877367 -0.479588 0.0107805 0.479473 0.877491 0.0395839 1.94983 0.00315703</i>
                        <i>0.999859 -0.0166395 -0.00226097 0.0135605 0.87949 -0.475724 0.00990429 0.475626 0.879592 0.039159 1.94644 0.00430609</i>
                        <i>0.999881 -0.015274 -0.00222641 0.0124275 0.882165 -0.470777 0.00915471 0.470693 0.882249 0.0388029 1.9433 0.00559064</i>
                        <i>0.999896 -0.014232 -0.00219779 0.0115809 0.8854 -0.464685 0.00855931 0.464611 0.885473 0.0385284 1.94047 0.00700636</i>
                        <i>0.999906 -0.0135673 -0.00217855 0.0110687 0.889202 -0.457381 0.00814258 0.457314 0.889268 0.0383476 1.93803 0.00854787</i>
                        <i>0.999909 -0.0133337 -0.00217163 0.0109409 0.893567 -0.448797 0.00792463 0.448733 0.893631 0.0382721 1.93606 0.0102081</i>
                    </KeyFrames>
                </p>
            </i>
            <i>
                <p>
                    <Name>
                        <![CDATA[ponytail_1]]>
</Name>
                    <Exclude>1</Exclude>
                    <Additive>0</Additive>
                    <IKPriority>0</IKPriority>
                    <IKRotLimits>-1e+010 -1e+010 -1e+010 1e+010 1e+010 1e+010</IKRotLimits>
                    <IKRotLimitOrder>0</IKRotLimitOrder>
                    <KeyFrames count="37">
                        <i>0.963016 -0.244119 0.114044 0.0685441 0.631287 0.772515 -0.26058 -0.736127 0.624672 0.0534928 1.8629 -0.344859</i>
                        <i>0.964503 -0.240049 0.110048 0.10259 0.724615 0.681475 -0.24333 -0.645995 0.72352 0.0535486 1.86449 -0.344313</i>
                        <i>0.968594 -0.226902 0.101691 0.111021 0.7606 0.639658 -0.222486 -0.608279 0.761903 0.0536739 1.86664 -0.343939</i>
                        <i>0.974515 -0.205646 0.0896131 0.0594247 0.621872 0.780861 -0.216309 -0.755635 0.618244 0.053862 1.86925 -0.343723</i>
                        <i>0.981348 -0.177262 0.0743945 0.00758346 0.422382 0.906386 -0.192091 -0.888916 0.415848 0.0541058 1.87225 -0.343653</i>
                        <i>0.988136 -0.142781 0.0565802 -0.00235474 0.354275 0.935139 -0.153565 -0.924177 0.349735 0.0543978 1.87555 -0.343718</i>
                        <i>0.993972 -0.103304 0.0367041 -0.0012694 0.323929 0.94608 -0.109624 -0.940424 0.321846 0.05473 1.87908 -0.343904</i>
                        <i>0.99808 -0.0600141 0.0153022 0.00074793 0.258734 0.965948 -0.0619298 -0.964082 0.258282 0.055094 1.88274 -0.344198</i>
                        <i>0.999875 -0.0141633 -0.00708135 0.0100529 0.222244 0.974939 -0.0122346 -0.974888 0.222359 0.0554808 1.88646 -0.344586</i>
                        <i>0.99901 0.0329418 -0.0298955 0.0201239 0.264681 0.964126 0.0396728 -0.963773 0.263756 0.0558806 1.89015 -0.345052</i>
                        <i>0.995408 0.0799403 -0.0526547 0.0209262 0.355038 0.934618 0.093408 -0.931428 0.351735 0.05628 1.89362 -0.345641</i>
                        <i>0.989264 0.125437 -0.074975 0.00433196 0.487651 0.873028 0.146072 -0.86398 0.481873 0.0566647 1.8967 -0.346384</i>
                        <i>0.981041 0.16811 -0.0964223 -0.0279162 0.61493 0.788087 0.191779 -0.770455 0.607964 0.0570238 1.89934 -0.347238</i>
                        <i>0.971434 0.206734 -0.116517 -0.0669918 0.709928 0.701081 0.227656 -0.673249 0.703498 0.0573465 1.90151 -0.348161</i>
                        <i>0.961328 0.240198 -0.134737 -0.0982684 0.756186 0.646936 0.257279 -0.608677 0.750546 0.0576225 1.90315 -0.349112</i>
                        <i>0.951728 0.267505 -0.150515 -0.0967963 0.726918 0.679868 0.29128 -0.63248 0.717722 0.0578418 1.90425 -0.350047</i>
                        <i>0.943691 0.28775 -0.163239 -0.0668464 0.6491 0.757761 0.324005 -0.70418 0.631785 0.0579951 1.90474 -0.350925</i>
                        <i>0.938231 0.300089 -0.172248 -0.00519673 0.509978 0.860172 0.345971 -0.806144 0.480037 0.0580738 1.9046 -0.351705</i>
                        <i>0.936223 0.30368 -0.176818 0.0581479 0.362359 0.930223 0.346562 -0.881178 0.32159 0.0580699 1.90378 -0.352348</i>
                        <i>0.938138 0.297984 -0.176357 0.0856659 0.293748 0.952036 0.335496 -0.90825 0.250049 0.0579796 1.90227 -0.352823</i>
                        <i>0.943519 0.283767 -0.171024 0.0887453 0.280874 0.955633 0.319213 -0.916835 0.239827 0.0578121 1.90014 -0.353136</i>
                        <i>0.951498 0.262058 -0.161175 0.0702103 0.325096 0.943071 0.299537 -0.908646 0.290929 0.0575803 1.8975 -0.353296</i>
