<?xml version="1.0" encoding="ISO-8859-1" ?>
<Animl Version="1">
    <ModellingPackage><![CDATA[Maya.2010]]></ModellingPackage>
    <SrcFile><![CDATA[anims\characters\shared\commando\~src\commando_jetpack_aim_up.mb]]></SrcFile>
    <FramesPerSecond>30</FramesPerSecond>
    <TotalFrames>31</TotalFrames>
    <Skeleton>
        <RefFrame>
            <Name><![CDATA[commando_ref_frame]]></Name>
            <Exclude>1</Exclude>
            <Additive>0</Additive>
            <IKPriority>0</IKPriority>
            <IKRotLimits>-1e+010 -1e+010 -1e+010 1e+010 1e+010 1e+010</IKRotLimits>
            <IKRotLimitOrder>0</IKRotLimitOrder>
            <KeyFrames count="31">
                <i>1 0 0 0 1 0 0 0 1 0.07393 0 -0.07737</i>
                <i>1 0 0 0 1 0 0 0 1 0.07393 0 -0.07737</i>
                <i>1 0 0 0 1 0 0 0 1 0.07393 0 -0.07737</i>
                <i>1 0 0 0 1 0 0 0 1 0.07393 0 -0.07737</i>
                <i>1 0 0 0 1 0 0 0 1 0.07393 0 -0.07737</i>
                <i>1 0 0 0 1 0 0 0 1 0.07393 0 -0.07737</i>
                <i>1 0 0 0 1 0 0 0 1 0.07393 0 -0.07737</i>
                <i>1 0 0 0 1 0 0 0 1 0.07393 0 -0.07737</i>
                <i>1 0 0 0 1 0 0 0 1 0.07393 0 -0.07737</i>
                <i>1 0 0 0 1 0 0 0 1 0.07393 0 -0.07737</i>
                <i>1 0 0 0 1 0 0 0 1 0.07393 0 -0.07737</i>
                <i>1 0 0 0 1 0 0 0 1 0.07393 0 -0.07737</i>
                <i>1 0 0 0 1 0 0 0 1 0.07393 0 -0.07737</i>
                <i>1 0 0 0 1 0 0 0 1 0.07393 0 -0.07737</i>
                <i>1 0 0 0 1 0 0 0 1 0.07393 0 -0.07737</i>
                <i>1 0 0 0 1 0 0 0 1 0.07393 0 -0.07737</i>
                <i>1 0 0 0 1 0 0 0 1 0.07393 0 -0.07737</i>
                <i>1 0 0 0 1 0 0 0 1 0.07393 0 -0.07737</i>
                <i>1 0 0 0 1 0 0 0 1 0.07393 0 -0.07737</i>
                <i>1 0 0 0 1 0 0 0 1 0.07393 0 -0.07737</i>
                <i>1 0 0 0 1 0 0 0 1 0.07393 0 -0.07737</i>
                <i>1 0 0 0 1 0 0 0 1 0.07393 0 -0.07737</i>
                <i>1 0 0 0 1 0 0 0 1 0.07393 0 -0.07737</i>
                <i>1 0 0 0 1 0 0 0 1 0.07393 0 -0.07737</i>
                <i>1 0 0 0 1 0 0 0 1 0.07393 0 -0.07737</i>
                <i>1 0 0 0 1 0 0 0 1 0.07393 0 -0.07737</i>
                <i>1 0 0 0 1 0 0 0 1 0.07393 0 -0.07737</i>
                <i>1 0 0 0 1 0 0 0 1 0.07393 0 -0.07737</i>
                <i>1 0 0 0 1 0 0 0 1 0.07393 0 -0.07737</i>
                <i>1 0 0 0 1 0 0 0 1 0.07393 0 -0.07737</i>
                <i>1 0 0 0 1 0 0 0 1 0.07393 0 -0.07737</i>
            </KeyFrames>
        </RefFrame>
        <Bones count="28">
            <i>
                <p>
                    <Name><![CDATA[pelvis]]></Name>
                    <Exclude>1</Exclude>
                    <Additive>0</Additive>
                    <IKPriority>0</IKPriority>
                    <IKRotLimits>-1e+010 -1e+010 -1e+010 1e+010 1e+010 1e+010</IKRotLimits>
                    <IKRotLimitOrder>2</IKRotLimitOrder>
                    <KeyFrames count="31">
                        <i>1 0 0 0 1 0 0 0 1 0 1.20067 0</i>
                        <i>1 0 0 0 1 0 0 0 1 2.73587e-019 1.20067 0</i>
                        <i>1 0 0 0 1 0 0 0 1 5.65703e-019 1.20067 0</i>
                        <i>1 0 0 0 1 0 0 0 1 8.74106e-019 1.20067 0</i>
                        <i>1 0 0 0 1 0 0 0 1 1.19653e-018 1.20067 0</i>
                        <i>1 0 0 0 1 0 0 0 1 1.53071e-018 1.20067 0</i>
                        <i>1 0 0 0 1 0 0 0 1 1.87434e-018 1.20067 0</i>
                        <i>1 0 0 0 1 0 0 0 1 2.2251e-018 1.20067 0</i>
                        <i>1 0 0 0 1 0 0 0 1 2.58066e-018 1.20067 0</i>
                        <i>1 0 0 0 1 0 0 0 1 2.93866e-018 1.20067 0</i>
                        <i>1 0 0 0 1 0 0 0 1 3.29671e-018 1.20067 0</i>
                        <i>1 0 0 0 1 0 0 0 1 3.6524e-018 1.20067 0</i>
                        <i>1 0 0 0 1 0 0 0 1 4.00332e-018 1.20067 0</i>
                        <i>1 0 0 0 1 0 0 0 1 4.34701e-018 1.20067 0</i>
                        <i>1 0 0 0 1 0 0 0 1 4.68099e-018 1.20067 0</i>
                        <i>1 0 0 0 1 0 0 0 1 5.00279e-018 1.20067 0</i>
                        <i>1 0 0 0 1 0 0 0 1 5.3099e-018 1.20067 0</i>
                        <i>1 0 0 0 1 0 0 0 1 5.5998e-018 1.20067 0</i>
                        <i>1 0 0 0 1 0 0 0 1 5.86995e-018 1.20067 0</i>
                        <i>1 0 0 0 1 0 0 0 1 6.11782e-018 1.20067 0</i>
                        <i>1 0 0 0 1 0 0 0 1 6.34087e-018 1.20067 0</i>
                        <i>1 0 0 0 1 0 0 0 1 6.53654e-018 1.20067 0</i>
                        <i>1 0 0 0 1 0 0 0 1 6.7023e-018 1.20067 0</i>
                        <i>1 0 0 0 1 0 0 0 1 6.83559e-018 1.20067 0</i>
                        <i>1 0 0 0 1 0 0 0 1 6.9339e-018 1.20067 0</i>
                        <i>1 0 0 0 1 0 0 0 1 6.99471e-018 1.20067 0</i>
                        <i>1 0 0 0 1 0 0 0 1 7.01553e-018 1.20067 0</i>
                        <i>1 0 0 0 1 0 0 0 1 6.9894e-018 1.20067 0</i>
                        <i>1 0 0 0 1 0 0 0 1 6.91344e-018 1.20067 0</i>
                        <i>1 0 0 0 1 0 0 0 1 6.79135e-018 1.20067 0</i>
                        <i>1 0 0 0 1 0 0 0 1 6.62683e-018 1.20067 0</i>
                    </KeyFrames>
                </p>
            </i>
            <i>
                <p>
                    <Name><![CDATA[spine0]]></Name>
                    <Exclude>1</Exclude>
                    <Additive>0</Additive>
                    <IKPriority>0</IKPriority>
                    <IKRotLimits>-1e+010 -1e+010 -1e+010 1e+010 1e+010 1e+010</IKRotLimits>
                    <IKRotLimitOrder>0</IKRotLimitOrder>
                    <KeyFrames count="31">
                        <i>0.0389127 0.998872 -0.0271957 -0.999242 0.0389271 -2.88238e-013 0.00105865 0.0271751 0.99963 1.17316e-017 1.33632 -0.047898</i>
                        <i>0.0384569 0.99889 -0.0271954 -0.99926 0.0384711 4.85896e-014 0.00104624 0.0271753 0.99963 -0.000260909 1.33632 -0.047898</i>
                        <i>0.0379714 0.998909 -0.0271951 -0.999278 0.0379854 -6.19574e-014 0.00103302 0.0271754 0.99963 -0.000538937 1.33632 -0.047898</i>
                        <i>0.0374602 0.998928 -0.0271947 -0.999298 0.037474 -8.49824e-014 0.00101909 0.0271756 0.99963 -0.000831851 1.33632 -0.047898</i>
                        <i>0.0369273 0.998948 -0.0271943 -0.999317 0.0369409 1.15038e-013 0.00100458 0.0271757 0.99963 -0.00113742 1.33632 -0.047898</i>
                        <i>0.0363766 0.998968 -0.0271938 -0.999338 0.0363901 3.17767e-014 0.000989583 0.0271758 0.99963 -0.00145339 1.33631 -0.047898</i>
                        <i>0.0358121 0.998989 -0.0271933 -0.999358 0.0358253 -1.35955e-013 0.000974208 0.0271758 0.99963 -0.00177755 1.33631 -0.047898</i>
                        <i>0.0352377 0.999009 -0.0271927 -0.999379 0.0352508 -7.22322e-014 0.000958563 0.0271758 0.99963 -0.00210766 1.33631 -0.047898</i>
                        <i>0.0346574 0.999029 -0.0271921 -0.999399 0.0346702 -9.41209e-014 0.000942755 0.0271757 0.99963 -0.00244147 1.3363 -0.047898</i>
                        <i>0.034075 0.999049 -0.0271914 -0.999419 0.0340877 3.25608e-014 0.000926892 0.0271756 0.99963 -0.00277676 1.33629 -0.047898</i>
                        <i>0.0334946 0.999069 -0.0271907 -0.999438 0.033507 -5.07702e-014 0.000911079 0.0271755 0.99963 -0.00311128 1.33629 -0.047898</i>
                        <i>0.0329199 0.999088 -0.02719 -0.999458 0.0329321 -5.85122e-015 0.000895423 0.0271753 0.99963 -0.00344281 1.33628 -0.047898</i>
                        <i>0.0323548 0.999107 -0.0271893 -0.999476 0.0323668 4.91794e-015 0.000880029 0.027175 0.99963 -0.00376911 1.33627 -0.047898</i>
                        <i>0.0318032 0.999124 -0.0271885 -0.999494 0.031815 -1.10155e-014 0.000865002 0.0271747 0.99963 -0.00408795 1.33626 -0.047898</i>
                        <i>0.031269 0.999141 -0.0271877 -0.999511 0.0312805 -4.65357e-014 0.000850446 0.0271744 0.99963 -0.00439709 1.33625 -0.047898</i>
                        <i>0.0307559 0.999157 -0.0271869 -0.999527 0.0307672 5.7572e-014 0.000836467 0.0271741 0.99963 -0.00469431 1.33624 -0.047898</i>
                        <i>0.0302677 0.999172 -0.0271862 -0.999541 0.0302789 7.6595e-014 0.000823166 0.0271737 0.99963 -0.00497737 1.33623 -0.047898</i>
                        <i>0.0298082 0.999186 -0.0271854 -0.999555 0.0298192 -4.26048e-015 0.000810648 0.0271733 0.99963 -0.00524404 1.33622 -0.047898</i>
                        <i>0.0293812 0.999199 -0.0271847 -0.999568 0.0293921 3.97512e-014 0.000799015 0.0271729 0.99963 -0.0054921 1.33621 -0.047898</i>
                        <i>0.0289905 0.99921 -0.027184 -0.999579 0.0290012 -6.26842e-014 0.000788368 0.0271726 0.99963 -0.00571932 1.3362 -0.047898</i>
                        <i>0.0286397 0.99922 -0.0271834 -0.99959 0.0286503 2.16858e-014 0.000778811 0.0271722 0.99963 -0.00592346 1.33619 -0.047898</i>
                        <i>0.0283326 0.999229 -0.0271828 -0.999598 0.0283431 -4.98161e-014 0.000770444 0.0271719 0.99963 -0.00610232 1.33618 -0.047898</i>
                        <i>0.0280729 0.999236 -0.0271823 -0.999606 0.0280833 -1.96319e-014 0.000763369 0.0271716 0.999631 -0.00625364 1.33618 -0.047898</i>
                        <i>0.0278644 0.999242 -0.0271819 -0.999611 0.0278747 1.59022e-014 0.000757689 0.0271714 0.999631 -0.00637522 1.33617 -0.047898</i>
                        <i>0.0277108 0.999246 -0.0271816 -0.999616 0.0277211 1.52656e-015 0.000753504 0.0271712 0.999631 -0.00646482 1.33617 -0.047898</i>
                        <i>0.0276159 0.999249 -0.0271814 -0.999618 0.0276261 -9.00582e-014 0.000750918 0.0271711 0.999631 -0.00652021 1.33616 -0.047898</i>
                        <i>0.0275834 0.99925 -0.0271814 -0.999619 0.0275936 2.36165e-014 0.000750033 0.027171 0.999631 -0.00653917 1.33616 -0.047898</i>
                        <i>0.0276242 0.999249 -0.0271815 -0.999618 0.0276344 -4.4912e-014 0.000751144 0.0271711 0.999631 -0.00651537 1.33616 -0.047898</i>
                        <i>0.0277428 0.999245 -0.0271817 -0.999615 0.027753 3.56607e-014 0.000754375 0.0271712 0.999631 -0.00644617 1.33617 -0.047898</i>
                        <i>0.0279336 0.99924 -0.0271821 -0.999609 0.0279439 -6.17301e-014 0.000759574 0.0271714 0.999631 -0.00633487 1.33617 -0.047898</i>
                        <i>0.0281911 0.999233 -0.0271825 -0.999602 0.0282015 -8.39606e-016 0.000766589 0.0271717 0.999631 -0.00618476 1.33618 -0.047898</i>
                    </KeyFrames>
                </p>
            </i>
            <i>
                <p>
                    <Name><![CDATA[spine1]]></Name>
                    <Exclude>1</Exclude>
                    <Additive>0</Additive>
                    <IKPriority>0</IKPriority>
                    <IKRotLimits>-1e+010 -1e+010 -1e+010 1e+010 1e+010 1e+010</IKRotLimits>
                    <IKRotLimitOrder>0</IKRotLimitOrder>
                    <KeyFrames count="31">
                        <i>0.0662567 0.997793 0.00448404 -0.997797 0.0662703 -0.00294281 -0.00323347 -0.00427919 0.999986 0.00665678 1.5072 -0.0525476</i>
                        <i>0.0676233 0.997701 0.00448525 -0.997705 0.0676371 -0.00300351 -0.00329997 -0.00427185 0.999985 0.00631816 1.50721 -0.0525478</i>
                        <i>0.0690791 0.997601 0.00448664 -0.997606 0.0690932 -0.00306816 -0.0033708 -0.00426395 0.999985 0.00595738 1.50722 -0.052548</i>
                        <i>0.0706122 0.997494 0.00448822 -0.997498 0.0706266 -0.00313626 -0.00344538 -0.00425553 0.999985 0.00557735 1.50723 -0.0525483</i>
                        <i>0.0722108 0.997379 0.00448997 -0.997383 0.0722255 -0.00320726 -0.00352314 -0.00424662 0.999985 0.00518097 1.50724 -0.0525485</i>
                        <i>0.0738632 0.997258 0.00449192 -0.997262 0.0738782 -0.00328065 -0.00360351 -0.0042373 0.999985 0.00477117 1.50725 -0.0525488</i>
                        <i>0.0755575 0.997131 0.00449403 -0.997135 0.0755729 -0.0033559 -0.0036859 -0.00422759 0.999984 0.00435083 1.50726 -0.0525491</i>
                        <i>0.077282 0.996999 0.00449633 -0.997002 0.0772977 -0.0034325 -0.00376975 -0.00421758 0.999984 0.00392288 1.50727 -0.0525494</i>
                        <i>0.079025 0.996863 0.00449879 -0.996865 0.079041 -0.00350991 -0.00385449 -0.00420732 0.999984 0.00349022 1.50729 -0.0525498</i>
                        <i>0.0807747 0.996722 0.00450141 -0.996725 0.0807911 -0.00358762 -0.00393954 -0.00419687 0.999983 0.00305575 1.5073 -0.0525501</i>
                        <i>0.0825195 0.996579 0.00450416 -0.996581 0.0825362 -0.00366512 -0.00402433 -0.00418632 0.999983 0.00262236 1.50731 -0.0525505</i>
                        <i>0.0842476 0.996435 0.00450702 -0.996436 0.0842647 -0.00374187 -0.00410831 -0.00417572 0.999983 0.00219295 1.50732 -0.0525509</i>
                        <i>0.0859475 0.996289 0.00450997 -0.996291 0.0859649 -0.00381737 -0.00419091 -0.00416515 0.999983 0.00177042 1.50733 -0.0525513</i>
                        <i>0.0876076 0.996145 0.00451298 -0.996146 0.0876253 -0.0038911 -0.00427156 -0.0041547 0.999982 0.00135766 1.50734 -0.0525517</i>
                        <i>0.0892163 0.996002 0.00451603 -0.996003 0.0892343 -0.00396255 -0.0043497 -0.00414445 0.999982 0.000957537 1.50735 -0.0525521</i>
                        <i>0.090762 0.995862 0.00451908 -0.995863 0.0907803 -0.00403121 -0.00442477 -0.0041345 0.999982 0.000572943 1.50736 -0.0525525</i>
                        <i>0.0922333 0.995727 0.00452207 -0.995727 0.0922519 -0.00409655 -0.00449622 -0.00412491 0.999981 0.000206751 1.50736 -0.0525529</i>
                        <i>0.0936187 0.995598 0.00452499 -0.995598 0.0936376 -0.00415809 -0.00456349 -0.00411579 0.999981 -0.000138164 1.50737 -0.0525532</i>
                        <i>0.0949067 0.995476 0.00452777 -0.995475 0.0949258 -0.00421529 -0.00462602 -0.00410723 0.999981 -0.000458936 1.50738 -0.0525536</i>
                        <i>0.0960859 0.995363 0.0045304 -0.995362 0.0961053 -0.00426767 -0.00468327 -0.00409932 0.999981 -0.000752697 1.50738 -0.0525539</i>
                        <i>0.097145 0.99526 0.00453281 -0.995259 0.0971645 -0.0043147 -0.00473468 -0.00409217 0.99998 -0.00101658 1.50739 -0.0525542</i>
                        <i>0.0980724 0.995169 0.00453496 -0.995168 0.0980921 -0.0043559 -0.0047797 -0.00408586 0.99998 -0.00124773 1.50739 -0.0525545</i>
                        <i>0.0988568 0.995091 0.00453683 -0.99509 0.0988767 -0.00439074 -0.00481777 -0.00408049 0.99998 -0.00144328 1.5074 -0.0525547</i>
                        <i>0.0994869 0.995028 0.00453833 -0.995027 0.0995069 -0.00441872 -0.00484835 -0.00407616 0.99998 -0.00160037 1.5074 -0.0525549</i>
                        <i>0.0999511 0.994982 0.00453945 -0.99498 0.0999712 -0.00443934 -0.00487087 -0.00407295 0.99998 -0.00171612 1.5074 -0.0525551</i>
                        <i>0.100238 0.994953 0.00454016 -0.994952 0.100258 -0.00445208 -0.0048848 -0.00407097 0.99998 -0.00178768 1.50741 -0.0525552</i>
                        <i>0.100336 0.994943 0.0045404 -0.994942 0.100356 -0.00445644 -0.00488957 -0.00407029 0.99998 -0.00181218 1.50741 -0.0525552</i>
                        <i>0.100213 0.994956 0.00454009 -0.994954 0.100233 -0.00445097 -0.00488358 -0.00407113 0.99998 -0.00178143 1.50741 -0.0525552</i>
                        <i>0.0998545 0.994992 0.00453922 -0.99499 0.0998746 -0.00443505 -0.00486619 -0.00407362 0.99998 -0.00169204 1.5074 -0.0525551</i>
                        <i>0.0992778 0.995049 0.00453783 -0.995048 0.0992978 -0.00440943 -0.0048382 -0.0040776 0.99998 -0.00154824 1.5074 -0.0525549</i>
                        <i>0.0984998 0.995127 0.00453598 -0.995126 0.0985196 -0.00437488 -0.00480044 -0.00408294 0.99998 -0.00135428 1.5074 -0.0525546</i>
                    </KeyFrames>
                </p>
            </i>
            <i>
                <p>
                    <Name><![CDATA[spine2]]></Name>
                    <Exclude>1</Exclude>
                    <Additive>0</Additive>
                    <IKPriority>0</IKPriority>
                    <IKRotLimits>-1e+010 -1e+010 -1e+010 1e+010 1e+010 1e+010</IKRotLimits>
                    <IKRotLimitOrder>0</IKRotLimitOrder>
                    <KeyFrames count="31">
                        <i>0.0315852 0.9918 0.123832 -0.999478 0.0321873 -0.00286428 -0.00682662 -0.123677 0.992299 0.0170971 1.66446 -0.0518495</i>
                        <i>0.0325307 0.99177 0.12383 -0.999446 0.0331508 -0.00295002 -0.00703082 -0.123666 0.992299 0.0169743 1.66446 -0.0518494</i>
                        <i>0.0335379 0.991737 0.123828 -0.999411 0.0341772 -0.00304135 -0.00724832 -0.123654 0.992299 0.0168435 1.66446 -0.0518492</i>
                        <i>0.0345986 0.991701 0.123826 -0.999373 0.0352581 -0.00313754 -0.00747737 -0.12364 0.992299 0.0167057 1.66446 -0.051849</i>
                        <i>0.0357047 0.991662 0.123824 -0.999333 0.0363852 -0.00323784 -0.00771619 -0.123625 0.992299 0.0165619 1.66446 -0.0518488</i>
                        <i>0.036848 0.99162 0.123821 -0.999289 0.0375502 -0.00334151 -0.00796301 -0.12361 0.992299 0.0164133 1.66447 -0.0518486</i>
                        <i>0.0380204 0.991576 0.123817 -0.999243 0.0387449 -0.00344782 -0.00821608 -0.123593 0.992299 0.0162609 1.66447 -0.0518483</i>
                        <i>0.0392137 0.99153 0.123814 -0.999195 0.0399608 -0.00355603 -0.00847361 -0.123575 0.992299 0.0161057 1.66447 -0.0518481</i>
                        <i>0.0404197 0.991482 0.12381 -0.999145 0.0411898 -0.00366539 -0.00873387 -0.123556 0.992299 0.0159488 1.66447 -0.0518478</i>
                        <i>0.0416304 0.991433 0.123806 -0.999093 0.0424235 -0.00377517 -0.0089951 -0.123536 0.992299 0.0157913 1.66448 -0.0518475</i>
                        <i>0.0428376 0.991382 0.123801 -0.999039 0.0436536 -0.00388464 -0.00925553 -0.123516 0.992299 0.0156342 1.66448 -0.0518471</i>
                        <i>0.0440334 0.99133 0.123797 -0.998985 0.044872 -0.00399306 -0.00951344 -0.123495 0.9923 0.0154785 1.66448 -0.0518468</i>
                        <i>0.0452095 0.991278 0.123792 -0.99893 0.0460705 -0.00409971 -0.00976709 -0.123474 0.9923 0.0153253 1.66448 -0.0518464</i>
                        <i>0.046358 0.991225 0.123786 -0.998875 0.0472408 -0.00420385 -0.0100147 -0.123452 0.9923 0.0151757 1.66448 -0.0518461</i>
                        <i>0.0474709 0.991173 0.123781 -0.99882 0.0483748 -0.00430476 -0.0102547 -0.123431 0.9923 0.0150307 1.66448 -0.0518457</i>
                        <i>0.0485402 0.991122 0.123776 -0.998766 0.0494643 -0.00440172 -0.0104851 -0.12341 0.9923 0.0148913 1.66448 -0.0518453</i>
                        <i>0.049558 0.991073 0.123771 -0.998714 0.0505013 -0.004494 -0.0107045 -0.123389 0.992301 0.0147585 1.66449 -0.0518449</i>
                        <i>0.0505162 0.991025 0.123766 -0.998664 0.0514777 -0.00458089 -0.010911 -0.123369 0.992301 0.0146335 1.66449 -0.0518446</i>
                        <i>0.0514071 0.99098 0.123761 -0.998616 0.0523854 -0.00466166 -0.0111029 -0.12335 0.992301 0.0145173 1.66449 -0.0518442</i>
                        <i>0.0522227 0.990938 0.123756 -0.998572 0.0532164 -0.00473561 -0.0112786 -0.123332 0.992301 0.0144108 1.66449 -0.0518439</i>
                        <i>0.052955 0.990899 0.123752 -0.998531 0.0539626 -0.00480201 -0.0114363 -0.123316 0.992302 0.0143152 1.66449 -0.0518436</i>
                        <i>0.0535964 0.990865 0.123748 -0.998496 0.0546161 -0.00486016 -0.0115744 -0.123302 0.992302 0.0142315 1.66449 -0.0518433</i>
                        <i>0.0541388 0.990836 0.123745 -0.998465 0.0551687 -0.00490934 -0.0116912 -0.123289 0.992302 0.0141606 1.66449 -0.0518431</i>
                        <i>0.0545744 0.990812 0.123742 -0.99844 0.0556126 -0.00494884 -0.011785 -0.123279 0.992302 0.0141037 1.66449 -0.0518429</i>
                        <i>0.0548954 0.990795 0.12374 -0.998422 0.0559396 -0.00497794 -0.0118541 -0.123272 0.992302 0.0140618 1.66449 -0.0518427</i>
                        <i>0.0550938 0.990784 0.123739 -0.99841 0.0561418 -0.00499593 -0.0118968 -0.123267 0.992302 0.0140358 1.66449 -0.0518427</i>
                        <i>0.0551616 0.99078 0.123739 -0.998406 0.0562109 -0.00500209 -0.0119114 -0.123266 0.992302 0.014027 1.66449 -0.0518426</i>
                        <i>0.0550764 0.990785 0.123739 -0.998411 0.0561241 -0.00499436 -0.0118931 -0.123268 0.992302 0.0140381 1.66449 -0.0518427</i>
                        <i>0.0548286 0.990799 0.123741 -0.998426 0.0558716 -0.00497189 -0.0118397 -0.123273 0.992302 0.0140705 1.66449 -0.0518428</i>
                        <i>0.0544298 0.99082 0.123743 -0.998448 0.0554653 -0.00493574 -0.0117539 -0.123283 0.992302 0.0141226 1.66449 -0.051843</i>
                        <i>0.0538919 0.990849 0.123747 -0.998479 0.0549172 -0.00488696 -0.0116381 -0.123295 0.992302 0.0141929 1.66449 -0.0518432</i>
                    </KeyFrames>
                </p>
            </i>
            <i>
                <p>
                    <Name><![CDATA[head]]></Name>
                    <Exclude>0</Exclude>
                    <Additive>0</Additive>
                    <IKPriority>0</IKPriority>
                    <IKRotLimits>-1e+010 -1e+010 -1e+010 1e+010 1e+010 1e+010</IKRotLimits>
                    <IKRotLimitOrder>0</IKRotLimitOrder>
                    <KeyFrames count="31">
                        <i>-0.0485514 0.768022 -0.638581 -0.0582248 -0.640424 -0.765812 -0.997122 -4.39455e-009 0.0758114 0.0160807 1.91565 -0.0114565</i>
                        <i>-0.0485515 0.768022 -0.638581 -0.0582248 -0.640424 -0.765812 -0.997122 1.72921e-010 0.0758114 0.0160807 1.91565 -0.0114565</i>
                        <i>-0.0485514 0.768022 -0.638581 -0.0582248 -0.640424 -0.765812 -0.997122 2.28488e-009 0.0758114 0.0160807 1.91565 -0.0114565</i>
                        <i>-0.0485514 0.768022 -0.638581 -0.0582248 -0.640424 -0.765812 -0.997122 -7.50141e-009 0.0758114 0.0160807 1.91565 -0.0114565</i>
                        <i>-0.0485514 0.768022 -0.638581 -0.0582248 -0.640424 -0.765812 -0.997122 -2.63404e-009 0.0758114 0.0160807 1.91565 -0.0114565</i>
                        <i>-0.0485514 0.768022 -0.638581 -0.0582248 -0.640424 -0.765811 -0.997122 1.79741e-009 0.0758114 0.0160807 1.91565 -0.0114565</i>
                        <i>-0.0485514 0.768022 -0.638581 -0.0582248 -0.640424 -0.765811 -0.997122 -6.36429e-009 0.0758114 0.0160807 1.91565 -0.0114565</i>
                        <i>-0.0485514 0.768022 -0.638581 -0.0582248 -0.640424 -0.765812 -0.997122 2.68052e-009 0.0758114 0.0160807 1.91565 -0.0114565</i>
                        <i>-0.0485514 0.768022 -0.638581 -0.0582248 -0.640424 -0.765812 -0.997122 3.9339e-010 0.0758114 0.0160807 1.91565 -0.0114565</i>
                        <i>-0.0485514 0.768022 -0.638581 -0.0582248 -0.640424 -0.765812 -0.997122 5.10515e-009 0.0758114 0.0160807 1.91565 -0.0114565</i>
                        <i>-0.0485514 0.768022 -0.638581 -0.0582248 -0.640424 -0.765812 -0.997122 -1.39581e-009 0.0758114 0.0160807 1.91565 -0.0114565</i>
                        <i>-0.0485515 0.768022 -0.638581 -0.0582248 -0.640424 -0.765812 -0.997122 1.35851e-009 0.0758114 0.0160806 1.91565 -0.0114565</i>
                        <i>-0.0485515 0.768022 -0.638581 -0.0582248 -0.640424 -0.765812 -0.997122 -2.44115e-009 0.0758114 0.0160807 1.91565 -0.0114565</i>
                        <i>-0.0485515 0.768022 -0.638581 -0.0582248 -0.640424 -0.765812 -0.997122 4.72068e-009 0.0758114 0.0160807 1.91565 -0.0114565</i>
                        <i>-0.0485514 0.768022 -0.638581 -0.0582248 -0.640424 -0.765812 -0.997122 4.41301e-009 0.0758114 0.0160807 1.91565 -0.0114565</i>
                        <i>-0.0485514 0.768022 -0.638581 -0.0582248 -0.640424 -0.765812 -0.997122 -3.17447e-009 0.0758114 0.0160807 1.91565 -0.0114565</i>
                        <i>-0.0485514 0.768022 -0.638581 -0.0582248 -0.640424 -0.765812 -0.997122 8.43778e-009 0.0758114 0.0160807 1.91565 -0.0114565</i>
                        <i>-0.0485514 0.768022 -0.638581 -0.0582248 -0.640424 -0.765812 -0.997122 5.77227e-009 0.0758114 0.0160807 1.91565 -0.0114565</i>
                        <i>-0.0485515 0.768022 -0.638581 -0.0582248 -0.640424 -0.765811 -0.997122 2.87371e-009 0.0758114 0.0160806 1.91565 -0.0114565</i>
                        <i>-0.0485514 0.768022 -0.638581 -0.0582248 -0.640424 -0.765812 -0.997122 -3.18313e-009 0.0758114 0.0160807 1.91565 -0.0114565</i>
                        <i>-0.0485514 0.768022 -0.638581 -0.0582248 -0.640424 -0.765812 -0.997122 9.12272e-010 0.0758114 0.0160807 1.91565 -0.0114565</i>
                        <i>-0.0485514 0.768022 -0.638581 -0.0582248 -0.640424 -0.765812 -0.997122 5.07924e-009 0.0758114 0.0160807 1.91565 -0.0114565</i>
                        <i>-0.0485514 0.768022 -0.638581 -0.0582248 -0.640424 -0.765812 -0.997122 1.59275e-009 0.0758114 0.0160807 1.91565 -0.0114565</i>
                        <i>-0.0485515 0.768022 -0.638581 -0.0582248 -0.640424 -0.765812 -0.997122 1.36863e-008 0.0758114 0.0160806 1.91565 -0.0114565</i>
                        <i>-0.0485515 0.768022 -0.638581 -0.0582248 -0.640424 -0.765812 -0.997122 3.37478e-009 0.0758114 0.0160807 1.91565 -0.0114565</i>
                        <i>-0.0485515 0.768022 -0.638581 -0.0582248 -0.640424 -0.765812 -0.997122 5.00562e-009 0.0758114 0.0160807 1.91565 -0.0114565</i>
                        <i>-0.0485515 0.768022 -0.638581 -0.0582248 -0.640424 -0.765812 -0.997122 -3.09651e-009 0.0758114 0.0160806 1.91565 -0.0114565</i>
                        <i>-0.0485514 0.768022 -0.638581 -0.0582248 -0.640424 -0.765812 -0.997122 1.52257e-009 0.0758114 0.0160807 1.91565 -0.0114565</i>
                        <i>-0.0485514 0.768022 -0.638581 -0.0582248 -0.640424 -0.765811 -0.997122 -8.48938e-010 0.0758114 0.0160807 1.91565 -0.0114565</i>
                        <i>-0.0485514 0.768022 -0.638581 -0.0582248 -0.640424 -0.765812 -0.997122 6.39674e-009 0.0758114 0.0160807 1.91565 -0.0114565</i>
                        <i>-0.0485515 0.768022 -0.638581 -0.0582248 -0.640424 -0.765812 -0.997122 -6.92734e-009 0.0758114 0.0160807 1.91565 -0.0114565</i>
                    </KeyFrames>
                </p>
            </i>
            <i>
                <p>
                    <Name><![CDATA[head_prop]]></Name>
                    <Exclude>1</Exclude>
                    <Additive>0</Additive>
                    <IKPriority>0</IKPriority>
                    <IKRotLimits>-1e+010 -1e+010 -1e+010 1e+010 1e+010 1e+010</IKRotLimits>
                    <IKRotLimitOrder>0</IKRotLimitOrder>
                    <KeyFrames count="31">
                        <i>0.997122 4.39455e-009 -0.0758114 -0.0485514 0.768022 -0.638581 0.0582248 0.640424 0.765812 -0.000497181 2.11484 0.11347</i>
                        <i>0.997122 -1.72921e-010 -0.0758114 -0.0485515 0.768022 -0.638581 0.0582248 0.640424 0.765812 -0.000497182 2.11484 0.11347</i>
                        <i>0.997122 -2.28488e-009 -0.0758114 -0.0485514 0.768022 -0.638581 0.0582248 0.640424 0.765812 -0.000497181 2.11484 0.11347</i>
                        <i>0.997122 7.50141e-009 -0.0758114 -0.0485514 0.768022 -0.638581 0.0582248 0.640424 0.765812 -0.000497175 2.11484 0.11347</i>
                        <i>0.997122 2.63404e-009 -0.0758114 -0.0485514 0.768022 -0.638581 0.0582248 0.640424 0.765812 -0.000497178 2.11484 0.11347</i>
                        <i>0.997122 -1.7974e-009 -0.0758114 -0.0485514 0.768022 -0.638581 0.0582248 0.640424 0.765811 -0.000497182 2.11484 0.11347</i>
                        <i>0.997122 6.36429e-009 -0.0758114 -0.0485514 0.768022 -0.638581 0.0582248 0.640424 0.765811 -0.00049718 2.11484 0.11347</i>
                        <i>0.997122 -2.68052e-009 -0.0758114 -0.0485514 0.768022 -0.638581 0.0582248 0.640424 0.765812 -0.000497177 2.11484 0.11347</i>
                        <i>0.997122 -3.9339e-010 -0.0758114 -0.0485514 0.768022 -0.638581 0.0582248 0.640424 0.765812 -0.00049718 2.11484 0.11347</i>
                        <i>0.997122 -5.10515e-009 -0.0758114 -0.0485514 0.768022 -0.638581 0.0582248 0.640424 0.765812 -0.000497183 2.11484 0.11347</i>
                        <i>0.997122 1.39581e-009 -0.0758114 -0.0485514 0.768022 -0.638581 0.0582248 0.640424 0.765812 -0.000497181 2.11484 0.11347</i>
                        <i>0.997122 -1.35851e-009 -0.0758114 -0.0485515 0.768022 -0.638581 0.0582248 0.640424 0.765812 -0.000497188 2.11484 0.11347</i>
                        <i>0.997122 2.44115e-009 -0.0758114 -0.0485515 0.768022 -0.638581 0.0582248 0.640424 0.765812 -0.000497184 2.11484 0.11347</i>
                        <i>0.997122 -4.72068e-009 -0.0758114 -0.0485515 0.768022 -0.638581 0.0582248 0.640424 0.765812 -0.000497181 2.11484 0.11347</i>
                        <i>0.997122 -4.41301e-009 -0.0758114 -0.0485514 0.768022 -0.638581 0.0582248 0.640424 0.765812 -0.000497177 2.11484 0.11347</i>
                        <i>0.997122 3.17447e-009 -0.0758114 -0.0485514 0.768022 -0.638581 0.0582248 0.640424 0.765812 -0.000497176 2.11484 0.11347</i>
                        <i>0.997122 -8.43778e-009 -0.0758114 -0.0485514 0.768022 -0.638581 0.0582248 0.640424 0.765812 -0.000497179 2.11484 0.11347</i>
                        <i>0.997122 -5.77227e-009 -0.0758114 -0.0485514 0.768022 -0.638581 0.0582248 0.640424 0.765812 -0.000497179 2.11484 0.11347</i>
                        <i>0.997122 -2.87371e-009 -0.0758114 -0.0485515 0.768022 -0.638581 0.0582248 0.640424 0.765811 -0.000497183 2.11484 0.11347</i>
                        <i>0.997122 3.18314e-009 -0.0758114 -0.0485514 0.768022 -0.638581 0.0582248 0.640424 0.765812 -0.000497174 2.11484 0.11347</i>
                        <i>0.997122 -9.12272e-010 -0.0758114 -0.0485514 0.768022 -0.638581 0.0582248 0.640424 0.765812 -0.000497175 2.11484 0.11347</i>
                        <i>0.997122 -5.07924e-009 -0.0758114 -0.0485514 0.768022 -0.638581 0.0582248 0.640424 0.765812 -0.000497174 2.11484 0.11347</i>
                        <i>0.997122 -1.59275e-009 -0.0758114 -0.0485514 0.768022 -0.638581 0.0582248 0.640424 0.765812 -0.000497178 2.11484 0.11347</i>
                        <i>0.997122 -1.36863e-008 -0.0758114 -0.0485515 0.768022 -0.638581 0.0582248 0.640424 0.765812 -0.000497185 2.11484 0.11347</i>
                        <i>0.997122 -3.37478e-009 -0.0758114 -0.0485515 0.768022 -0.638581 0.0582248 0.640424 0.765812 -0.000497179 2.11484 0.11347</i>
                        <i>0.997122 -5.00562e-009 -0.0758114 -0.0485515 0.768022 -0.638581 0.0582248 0.640424 0.765812 -0.000497182 2.11484 0.11347</i>
                        <i>0.997122 3.09651e-009 -0.0758114 -0.0485515 0.768022 -0.638581 0.0582248 0.640424 0.765812 -0.000497183 2.11484 0.11347</i>
                        <i>0.997122 -1.52257e-009 -0.0758114 -0.0485514 0.768022 -0.638581 0.0582248 0.640424 0.765812 -0.00049718 2.11484 0.11347</i>
                        <i>0.997122 8.48938e-010 -0.0758114 -0.0485514 0.768022 -0.638581 0.0582248 0.640424 0.765811 -0.000497178 2.11484 0.11347</i>
                        <i>0.997122 -6.39674e-009 -0.0758114 -0.0485514 0.768022 -0.638581 0.0582248 0.640424 0.765812 -0.00049718 2.11484 0.11347</i>
                        <i>0.997122 6.92734e-009 -0.0758114 -0.0485515 0.768022 -0.638581 0.0582248 0.640424 0.765812 -0.000497181 2.11484 0.11347</i>
                    </KeyFrames>
                </p>
            </i>
            <i>
                <p>
                    <Name><![CDATA[ponytail_1]]></Name>
                    <Exclude>1</Exclude>
                    <Additive>0</Additive>
                    <IKPriority>0</IKPriority>
                    <IKRotLimits>-1e+010 -1e+010 -1e+010 1e+010 1e+010 1e+010</IKRotLimits>
                    <IKRotLimitOrder>0</IKRotLimitOrder>
                    <KeyFrames count="31">
                        <i>0.926124 0.251736 -0.280932 -0.0847754 0.864594 0.495268 0.367569 -0.434864 0.822063 -0.00853007 1.963 -0.215975</i>
                        <i>0.926124 0.251736 -0.280932 -0.0847754 0.864594 0.495268 0.367569 -0.434863 0.822063 -0.00853007 1.963 -0.215975</i>
                        <i>0.926124 0.251736 -0.280932 -0.0847754 0.864594 0.495268 0.367569 -0.434864 0.822063 -0.00853007 1.963 -0.215975</i>
                        <i>0.926124 0.251736 -0.280932 -0.0847754 0.864594 0.495268 0.367569 -0.434864 0.822063 -0.00853007 1.963 -0.215975</i>
                        <i>0.926124 0.251736 -0.280932 -0.0847754 0.864594 0.495268 0.367569 -0.434864 0.822063 -0.00853007 1.963 -0.215975</i>
                        <i>0.926124 0.251736 -0.280932 -0.0847754 0.864594 0.495268 0.367569 -0.434864 0.822063 -0.00853007 1.963 -0.215975</i>
                        <i>0.926124 0.251736 -0.280932 -0.0847754 0.864594 0.495268 0.367569 -0.434864 0.822063 -0.00853007 1.963 -0.215975</i>
                        <i>0.926124 0.251736 -0.280932 -0.0847754 0.864594 0.495268 0.367569 -0.434864 0.822063 -0.00853007 1.963 -0.215975</i>
                        <i>0.926124 0.251736 -0.280932 -0.0847754 0.864594 0.495268 0.367569 -0.434864 0.822063 -0.00853007 1.963 -0.215975</i>
                        <i>0.926124 0.251736 -0.280932 -0.0847754 0.864594 0.495268 0.367569 -0.434864 0.822063 -0.00853007 1.963 -0.215975</i>
                        <i>0.926124 0.251736 -0.280932 -0.0847754 0.864594 0.495268 0.367569 -0.434864 0.822063 -0.00853007 1.963 -0.215975</i>
                        <i>0.926124 0.251736 -0.280932 -0.0847754 0.864594 0.495268 0.367569 -0.434864 0.822063 -0.00853008 1.963 -0.215975</i>
                        <i>0.926124 0.251736 -0.280932 -0.0847754 0.864594 0.495268 0.367569 -0.434864 0.822063 -0.00853007 1.963 -0.215975</i>
                        <i>0.926124 0.251736 -0.280932 -0.0847754 0.864594 0.495268 0.367569 -0.434864 0.822063 -0.00853007 1.963 -0.215975</i>
                        <i>0.926124 0.251736 -0.280932 -0.0847754 0.864594 0.495268 0.367569 -0.434864 0.822063 -0.00853007 1.963 -0.215975</i>
                        <i>0.926124 0.251736 -0.280932 -0.0847754 0.864594 0.495268 0.367569 -0.434864 0.822063 -0.00853007 1.963 -0.215975</i>
                        <i>0.926124 0.251736 -0.280932 -0.0847754 0.864594 0.495268 0.367569 -0.434864 0.822063 -0.00853007 1.963 -0.215975</i>
                        <i>0.926124 0.251736 -0.280932 -0.0847754 0.864594 0.495268 0.367569 -0.434863 0.822063 -0.00853007 1.963 -0.215975</i>
                        <i>0.926124 0.251736 -0.280932 -0.0847754 0.864594 0.495268 0.367569 -0.434864 0.822063 -0.00853008 1.963 -0.215975</i>
                        <i>0.926124 0.251736 -0.280932 -0.0847754 0.864594 0.495268 0.367569 -0.434864 0.822063 -0.00853007 1.963 -0.215975</i>
                        <i>0.926124 0.251736 -0.280932 -0.0847754 0.864594 0.495268 0.367569 -0.434864 0.822063 -0.00853007 1.963 -0.215975</i>
                        <i>0.926124 0.251736 -0.280932 -0.0847754 0.864594 0.495268 0.367569 -0.434864 0.822063 -0.00853007 1.963 -0.215975</i>
                        <i>0.926124 0.251736 -0.280932 -0.0847754 0.864594 0.495268 0.367569 -0.434864 0.822063 -0.00853007 1.963 -0.215975</i>
                        <i>0.926125 0.251736 -0.280932 -0.0847754 0.864594 0.495268 0.367569 -0.434863 0.822063 -0.00853008 1.963 -0.215975</i>
                        <i>0.926124 0.251736 -0.280932 -0.0847754 0.864594 0.495268 0.367569 -0.434864 0.822063 -0.00853007 1.963 -0.215975</i>
                        <i>0.926125 0.251736 -0.280932 -0.0847754 0.864594 0.495268 0.367569 -0.434864 0.822063 -0.00853008 1.963 -0.215975</i>
                        <i>0.926124 0.251736 -0.280932 -0.0847754 0.864594 0.495268 0.367569 -0.434863 0.822063 -0.00853008 1.963 -0.215975</i>
                        <i>0.926124 0.251736 -0.280932 -0.0847754 0.864594 0.495268 0.367569 -0.434864 0.822063 -0.00853007 1.963 -0.215975</i>
                        <i>0.926124 0.251736 -0.280932 -0.0847754 0.864594 0.495268 0.367569 -0.434864 0.822063 -0.00853007 1.963 -0.215975</i>
                        <i>0.926124 0.251736 -0.280932 -0.0847754 0.864594 0.495268 0.367569 -0.434864 0.822063 -0.00853007 1.963 -0.215975</i>
                        <i>0.926124 0.251736 -0.280932 -0.0847754 0.864594 0.495268 0.367569 -0.434864 0.822063 -0.00853007 1.963 -0.215975</i>
                    </KeyFrames>
                </p>
            </i>
            <i>
                <p>
                    <Name><![CDATA[ponytail_2]]></Name>
                    <Exclude>1</Exclude>
                    <Additive>0</Additive>
                    <IKPriority>0</IKPriority>
                    <IKRotLimits>-1e+010 -1e+010 -1e+010 1e+010 1e+010 1e+010</IKRotLimits>
                    <IKRotLimitOrder>0</IKRotLimitOrder>
                    <KeyFrames count="31">
                        <i>0.926124 0.251736 -0.280932 0.0364623 0.681518 0.730892 0.375452 -0.687141 0.621992 0.00487333 1.86074 -0.263414</i>
                        <i>0.926124 0.251736 -0.280932 0.0364623 0.681518 0.730892 0.375452 -0.687141 0.621992 0.00487333 1.86074 -0.263414</i>
                        <i>0.926124 0.251736 -0.280932 0.0364623 0.681518 0.730892 0.375452 -0.687141 0.621992 0.00487333 1.86074 -0.263414</i>
                        <i>0.926124 0.251736 -0.280932 0.0364623 0.681518 0.730892 0.375452 -0.687141 0.621992 0.00487333 1.86074 -0.263414</i>
                        <i>0.926124 0.251736 -0.280932 0.0364623 0.681518 0.730892 0.375452 -0.687141 0.621992 0.00487333 1.86074 -0.263414</i>
                        <i>0.926124 0.251736 -0.280932 0.0364623 0.681518 0.730892 0.375452 -0.687141 0.621992 0.00487333 1.86074 -0.263414</i>
                        <i>0.926124 0.251736 -0.280932 0.0364623 0.681518 0.730892 0.375452 -0.687141 0.621992 0.00487333 1.86074 -0.263414</i>
                        <i>0.926124 0.251736 -0.280932 0.0364623 0.681518 0.730892 0.375452 -0.687141 0.621992 0.00487333 1.86074 -0.263414</i>
                        <i>0.926124 0.251736 -0.280932 0.0364623 0.681518 0.730892 0.375452 -0.687141 0.621992 0.00487333 1.86074 -0.263414</i>
                        <i>0.926124 0.251736 -0.280932 0.0364623 0.681518 0.730892 0.375452 -0.687141 0.621992 0.00487333 1.86074 -0.263414</i>
                        <i>0.926124 0.251736 -0.280932 0.0364623 0.681518 0.730892 0.375452 -0.687141 0.621992 0.00487333 1.86074 -0.263414</i>
                        <i>0.926124 0.251736 -0.280932 0.0364623 0.681518 0.730892 0.375452 -0.687141 0.621992 0.00487332 1.86074 -0.263414</i>
                        <i>0.926124 0.251736 -0.280932 0.0364623 0.681518 0.730892 0.375452 -0.687141 0.621992 0.00487333 1.86074 -0.263414</i>
                        <i>0.926124 0.251736 -0.280932 0.0364623 0.681518 0.730892 0.375452 -0.687141 0.621992 0.00487333 1.86074 -0.263414</i>
                        <i>0.926124 0.251736 -0.280932 0.0364623 0.681518 0.730892 0.375452 -0.687141 0.621992 0.00487333 1.86074 -0.263414</i>
                        <i>0.926124 0.251736 -0.280932 0.0364623 0.681518 0.730892 0.375452 -0.687141 0.621992 0.00487333 1.86074 -0.263414</i>
                        <i>0.926124 0.251736 -0.280932 0.0364623 0.681518 0.730892 0.375452 -0.687141 0.621992 0.00487333 1.86074 -0.263414</i>
                        <i>0.926124 0.251736 -0.280932 0.0364623 0.681518 0.730892 0.375452 -0.687141 0.621992 0.00487333 1.86074 -0.263414</i>
                        <i>0.926124 0.251736 -0.280932 0.0364623 0.681518 0.730892 0.375452 -0.687141 0.621992 0.00487333 1.86074 -0.263414</i>
                        <i>0.926124 0.251736 -0.280932 0.0364623 0.681518 0.730892 0.375452 -0.687141 0.621992 0.00487333 1.86074 -0.263414</i>
                        <i>0.926124 0.251736 -0.280932 0.0364623 0.681518 0.730892 0.375452 -0.687141 0.621992 0.00487333 1.86074 -0.263414</i>
                        <i>0.926124 0.251736 -0.280932 0.0364623 0.681518 0.730892 0.375452 -0.687141 0.621992 0.00487333 1.86074 -0.263414</i>
