<?xml version="1.0" encoding="ISO-8859-1" ?>
<Animl Version="1">
    <ModellingPackage><![CDATA[Maya.2010]]></ModellingPackage>
    <SrcFile><![CDATA[anims\characters\shared\commando\~src\commando_jetpack_fly_backleft.mb]]></SrcFile>
    <FramesPerSecond>30</FramesPerSecond>
    <TotalFrames>61</TotalFrames>
    <Skeleton>
        <RefFrame>
            <Name><![CDATA[commando_ref_frame]]></Name>
            <Exclude>0</Exclude>
            <Additive>0</Additive>
            <IKPriority>0</IKPriority>
            <IKRotLimits>-1e+010 -1e+010 -1e+010 1e+010 1e+010 1e+010</IKRotLimits>
            <IKRotLimitOrder>0</IKRotLimitOrder>
            <KeyFrames count="61">
                <i>1 0 0 0 1 0 0 0 1 0.07393 0 -0.07737</i>
                <i>1 0 0 0 1 0 0 0 1 0.07393 0 -0.07737</i>
                <i>1 0 0 0 1 0 0 0 1 0.07393 0 -0.07737</i>
                <i>1 0 0 0 1 0 0 0 1 0.07393 0 -0.07737</i>
                <i>1 0 0 0 1 0 0 0 1 0.07393 0 -0.07737</i>
                <i>1 0 0 0 1 0 0 0 1 0.07393 0 -0.07737</i>
                <i>1 0 0 0 1 0 0 0 1 0.07393 0 -0.07737</i>
                <i>1 0 0 0 1 0 0 0 1 0.07393 0 -0.07737</i>
                <i>1 0 0 0 1 0 0 0 1 0.07393 0 -0.07737</i>
                <i>1 0 0 0 1 0 0 0 1 0.07393 0 -0.07737</i>
                <i>1 0 0 0 1 0 0 0 1 0.07393 0 -0.07737</i>
                <i>1 0 0 0 1 0 0 0 1 0.07393 0 -0.07737</i>
                <i>1 0 0 0 1 0 0 0 1 0.07393 0 -0.07737</i>
                <i>1 0 0 0 1 0 0 0 1 0.07393 0 -0.07737</i>
                <i>1 0 0 0 1 0 0 0 1 0.07393 0 -0.07737</i>
                <i>1 0 0 0 1 0 0 0 1 0.07393 0 -0.07737</i>
                <i>1 0 0 0 1 0 0 0 1 0.07393 0 -0.07737</i>
                <i>1 0 0 0 1 0 0 0 1 0.07393 0 -0.07737</i>
                <i>1 0 0 0 1 0 0 0 1 0.07393 0 -0.07737</i>
                <i>1 0 0 0 1 0 0 0 1 0.07393 0 -0.07737</i>
                <i>1 0 0 0 1 0 0 0 1 0.07393 0 -0.07737</i>
                <i>1 0 0 0 1 0 0 0 1 0.07393 0 -0.07737</i>
                <i>1 0 0 0 1 0 0 0 1 0.07393 0 -0.07737</i>
                <i>1 0 0 0 1 0 0 0 1 0.07393 0 -0.07737</i>
                <i>1 0 0 0 1 0 0 0 1 0.07393 0 -0.07737</i>
                <i>1 0 0 0 1 0 0 0 1 0.07393 0 -0.07737</i>
                <i>1 0 0 0 1 0 0 0 1 0.07393 0 -0.07737</i>
                <i>1 0 0 0 1 0 0 0 1 0.07393 0 -0.07737</i>
                <i>1 0 0 0 1 0 0 0 1 0.07393 0 -0.07737</i>
                <i>1 0 0 0 1 0 0 0 1 0.07393 0 -0.07737</i>
                <i>1 0 0 0 1 0 0 0 1 0.07393 0 -0.07737</i>
                <i>1 0 0 0 1 0 0 0 1 0.07393 0 -0.07737</i>
                <i>1 0 0 0 1 0 0 0 1 0.07393 0 -0.07737</i>
                <i>1 0 0 0 1 0 0 0 1 0.07393 0 -0.07737</i>
                <i>1 0 0 0 1 0 0 0 1 0.07393 0 -0.07737</i>
                <i>1 0 0 0 1 0 0 0 1 0.07393 0 -0.07737</i>
                <i>1 0 0 0 1 0 0 0 1 0.07393 0 -0.07737</i>
                <i>1 0 0 0 1 0 0 0 1 0.07393 0 -0.07737</i>
                <i>1 0 0 0 1 0 0 0 1 0.07393 0 -0.07737</i>
                <i>1 0 0 0 1 0 0 0 1 0.07393 0 -0.07737</i>
                <i>1 0 0 0 1 0 0 0 1 0.07393 0 -0.07737</i>
                <i>1 0 0 0 1 0 0 0 1 0.07393 0 -0.07737</i>
                <i>1 0 0 0 1 0 0 0 1 0.07393 0 -0.07737</i>
                <i>1 0 0 0 1 0 0 0 1 0.07393 0 -0.07737</i>
                <i>1 0 0 0 1 0 0 0 1 0.07393 0 -0.07737</i>
                <i>1 0 0 0 1 0 0 0 1 0.07393 0 -0.07737</i>
                <i>1 0 0 0 1 0 0 0 1 0.07393 0 -0.07737</i>
                <i>1 0 0 0 1 0 0 0 1 0.07393 0 -0.07737</i>
                <i>1 0 0 0 1 0 0 0 1 0.07393 0 -0.07737</i>
                <i>1 0 0 0 1 0 0 0 1 0.07393 0 -0.07737</i>
                <i>1 0 0 0 1 0 0 0 1 0.07393 0 -0.07737</i>
                <i>1 0 0 0 1 0 0 0 1 0.07393 0 -0.07737</i>
                <i>1 0 0 0 1 0 0 0 1 0.07393 0 -0.07737</i>
                <i>1 0 0 0 1 0 0 0 1 0.07393 0 -0.07737</i>
                <i>1 0 0 0 1 0 0 0 1 0.07393 0 -0.07737</i>
                <i>1 0 0 0 1 0 0 0 1 0.07393 0 -0.07737</i>
                <i>1 0 0 0 1 0 0 0 1 0.07393 0 -0.07737</i>
                <i>1 0 0 0 1 0 0 0 1 0.07393 0 -0.07737</i>
                <i>1 0 0 0 1 0 0 0 1 0.07393 0 -0.07737</i>
                <i>1 0 0 0 1 0 0 0 1 0.07393 0 -0.07737</i>
                <i>1 0 0 0 1 0 0 0 1 0.07393 0 -0.07737</i>
            </KeyFrames>
        </RefFrame>
        <Bones count="28">
            <i>
                <p>
                    <Name><![CDATA[pelvis]]></Name>
                    <Exclude>0</Exclude>
                    <Additive>0</Additive>
                    <IKPriority>0</IKPriority>
                    <IKRotLimits>-1e+010 -1e+010 -1e+010 1e+010 1e+010 1e+010</IKRotLimits>
                    <IKRotLimitOrder>2</IKRotLimitOrder>
                    <KeyFrames count="61">
                        <i>1 0 0 0 1 0 0 0 1 0 1.20067 0</i>
                        <i>1 0 0 0 1 0 0 0 1 2.73587e-019 1.20067 0</i>
                        <i>1 0 0 0 1 0 0 0 1 5.65703e-019 1.20067 0</i>
                        <i>1 0 0 0 1 0 0 0 1 8.74106e-019 1.20067 0</i>
                        <i>1 0 0 0 1 0 0 0 1 1.19653e-018 1.20067 0</i>
                        <i>1 0 0 0 1 0 0 0 1 1.53071e-018 1.20067 0</i>
                        <i>1 0 0 0 1 0 0 0 1 1.87434e-018 1.20067 0</i>
                        <i>1 0 0 0 1 0 0 0 1 2.2251e-018 1.20067 0</i>
                        <i>1 0 0 0 1 0 0 0 1 2.58066e-018 1.20067 0</i>
                        <i>1 0 0 0 1 0 0 0 1 2.93866e-018 1.20067 0</i>
                        <i>1 0 0 0 1 0 0 0 1 3.29671e-018 1.20067 0</i>
                        <i>1 0 0 0 1 0 0 0 1 3.6524e-018 1.20067 0</i>
                        <i>1 0 0 0 1 0 0 0 1 4.00332e-018 1.20067 0</i>
                        <i>1 0 0 0 1 0 0 0 1 4.34701e-018 1.20067 0</i>
                        <i>1 0 0 0 1 0 0 0 1 4.68099e-018 1.20067 0</i>
                        <i>1 0 0 0 1 0 0 0 1 5.00279e-018 1.20067 0</i>
                        <i>1 0 0 0 1 0 0 0 1 5.3099e-018 1.20067 0</i>
                        <i>1 0 0 0 1 0 0 0 1 5.5998e-018 1.20067 0</i>
                        <i>1 0 0 0 1 0 0 0 1 5.86995e-018 1.20067 0</i>
                        <i>1 0 0 0 1 0 0 0 1 6.11782e-018 1.20067 0</i>
                        <i>1 0 0 0 1 0 0 0 1 6.34087e-018 1.20067 0</i>
                        <i>1 0 0 0 1 0 0 0 1 6.53654e-018 1.20067 0</i>
                        <i>1 0 0 0 1 0 0 0 1 6.7023e-018 1.20067 0</i>
                        <i>1 0 0 0 1 0 0 0 1 6.83559e-018 1.20067 0</i>
                        <i>1 0 0 0 1 0 0 0 1 6.9339e-018 1.20067 0</i>
                        <i>1 0 0 0 1 0 0 0 1 6.99471e-018 1.20067 0</i>
                        <i>1 0 0 0 1 0 0 0 1 7.01553e-018 1.20067 0</i>
                        <i>1 0 0 0 1 0 0 0 1 6.9894e-018 1.20067 0</i>
                        <i>1 0 0 0 1 0 0 0 1 6.91344e-018 1.20067 0</i>
                        <i>1 0 0 0 1 0 0 0 1 6.79135e-018 1.20067 0</i>
                        <i>1 0 0 0 1 0 0 0 1 6.62683e-018 1.20067 0</i>
                        <i>1 0 0 0 1 0 0 0 1 6.42363e-018 1.20067 0</i>
                        <i>1 0 0 0 1 0 0 0 1 6.18551e-018 1.20067 0</i>
                        <i>1 0 0 0 1 0 0 0 1 5.91621e-018 1.20067 0</i>
                        <i>1 0 0 0 1 0 0 0 1 5.61948e-018 1.20067 0</i>
                        <i>1 0 0 0 1 0 0 0 1 5.29908e-018 1.20067 0</i>
                        <i>1 0 0 0 1 0 0 0 1 4.95871e-018 1.20067 0</i>
                        <i>1 0 0 0 1 0 0 0 1 4.6021e-018 1.20067 0</i>
                        <i>1 0 0 0 1 0 0 0 1 4.23291e-018 1.20067 0</i>
                        <i>1 0 0 0 1 0 0 0 1 3.85479e-018 1.20067 0</i>
                        <i>1 0 0 0 1 0 0 0 1 3.47137e-018 1.20067 0</i>
                        <i>1 0 0 0 1 0 0 0 1 3.08622e-018 1.20067 0</i>
                        <i>1 0 0 0 1 0 0 0 1 2.70289e-018 1.20067 0</i>
                        <i>1 0 0 0 1 0 0 0 1 2.3249e-018 1.20067 0</i>
                        <i>1 0 0 0 1 0 0 0 1 1.95573e-018 1.20067 0</i>
                        <i>1 0 0 0 1 0 0 0 1 1.59881e-018 1.20067 0</i>
                        <i>1 0 0 0 1 0 0 0 1 1.25755e-018 1.20067 0</i>
                        <i>1 0 0 0 1 0 0 0 1 9.35345e-019 1.20067 0</i>
                        <i>1 0 0 0 1 0 0 0 1 6.3554e-019 1.20067 0</i>
                        <i>1 0 0 0 1 0 0 0 1 3.61474e-019 1.20067 0</i>
                        <i>1 0 0 0 1 0 0 0 1 1.16465e-019 1.20067 0</i>
                        <i>1 0 0 0 1 0 0 0 1 -9.61734e-020 1.20067 0</i>
                        <i>1 0 0 0 1 0 0 0 1 -2.73131e-019 1.20067 0</i>
                        <i>1 0 0 0 1 0 0 0 1 -4.1109e-019 1.20067 0</i>
                        <i>1 0 0 0 1 0 0 0 1 -5.06717e-019 1.20067 0</i>
                        <i>1 0 0 0 1 0 0 0 1 -5.5665e-019 1.20067 0</i>
                        <i>1 0 0 0 1 0 0 0 1 -5.57491e-019 1.20067 0</i>
                        <i>1 0 0 0 1 0 0 0 1 -5.05795e-019 1.20067 0</i>
                        <i>1 0 0 0 1 0 0 0 1 -3.9805e-019 1.20067 0</i>
                        <i>1 0 0 0 1 0 0 0 1 -2.30676e-019 1.20067 0</i>
                        <i>1 0 0 0 1 0 0 0 1 0 1.20067 0</i>
                    </KeyFrames>
                </p>
            </i>
            <i>
                <p>
                    <Name><![CDATA[spine0]]></Name>
                    <Exclude>0</Exclude>
                    <Additive>0</Additive>
                    <IKPriority>0</IKPriority>
                    <IKRotLimits>-1e+010 -1e+010 -1e+010 1e+010 1e+010 1e+010</IKRotLimits>
                    <IKRotLimitOrder>0</IKRotLimitOrder>
                    <KeyFrames count="61">
                        <i>0.0389127 0.998872 -0.0271957 -0.999242 0.0389271 9.98316e-014 0.00105865 0.0271751 0.99963 1.17316e-017 1.33632 -0.047898</i>
                        <i>0.0384569 0.99889 -0.0271954 -0.99926 0.0384711 1.29959e-013 0.00104624 0.0271753 0.99963 -0.000260909 1.33632 -0.047898</i>
                        <i>0.0379714 0.998909 -0.0271951 -0.999278 0.0379854 8.20975e-014 0.00103302 0.0271754 0.99963 -0.000538937 1.33632 -0.047898</i>
                        <i>0.0374602 0.998928 -0.0271947 -0.999298 0.037474 -1.83839e-013 0.00101909 0.0271756 0.99963 -0.000831851 1.33632 -0.047898</i>
                        <i>0.0369273 0.998948 -0.0271943 -0.999317 0.0369409 2.67945e-014 0.00100458 0.0271757 0.99963 -0.00113742 1.33632 -0.047898</i>
                        <i>0.0363766 0.998968 -0.0271938 -0.999338 0.0363901 -6.5099e-014 0.000989583 0.0271758 0.99963 -0.00145339 1.33631 -0.047898</i>
                        <i>0.0358121 0.998989 -0.0271933 -0.999358 0.0358253 7.57745e-014 0.000974208 0.0271758 0.99963 -0.00177755 1.33631 -0.047898</i>
                        <i>0.0352377 0.999009 -0.0271927 -0.999379 0.0352508 4.78818e-014 0.000958563 0.0271758 0.99963 -0.00210766 1.33631 -0.047898</i>
                        <i>0.0346574 0.999029 -0.0271921 -0.999399 0.0346702 -2.75179e-014 0.000942755 0.0271757 0.99963 -0.00244147 1.3363 -0.047898</i>
                        <i>0.034075 0.999049 -0.0271914 -0.999419 0.0340877 3.31332e-014 0.000926892 0.0271756 0.99963 -0.00277676 1.33629 -0.047898</i>
                        <i>0.0334946 0.999069 -0.0271907 -0.999438 0.033507 4.27366e-014 0.000911079 0.0271755 0.99963 -0.00311128 1.33629 -0.047898</i>
                        <i>0.0329199 0.999088 -0.02719 -0.999458 0.0329321 -4.6298e-014 0.000895423 0.0271753 0.99963 -0.00344281 1.33628 -0.047898</i>
                        <i>0.0323548 0.999107 -0.0271893 -0.999476 0.0323668 -8.98413e-015 0.000880029 0.027175 0.99963 -0.00376911 1.33627 -0.047898</i>
                        <i>0.0318032 0.999124 -0.0271885 -0.999494 0.031815 -6.43235e-014 0.000865002 0.0271747 0.99963 -0.00408795 1.33626 -0.047898</i>
                        <i>0.031269 0.999141 -0.0271877 -0.999511 0.0312805 -3.02779e-014 0.000850446 0.0271744 0.99963 -0.00439709 1.33625 -0.047898</i>
                        <i>0.0307559 0.999157 -0.0271869 -0.999527 0.0307672 5.15178e-014 0.000836467 0.0271741 0.99963 -0.00469431 1.33624 -0.047898</i>
                        <i>0.0302677 0.999172 -0.0271862 -0.999541 0.0302789 -4.45963e-014 0.000823166 0.0271737 0.99963 -0.00497737 1.33623 -0.047898</i>
                        <i>0.0298082 0.999186 -0.0271854 -0.999555 0.0298192 -4.40637e-014 0.000810648 0.0271733 0.99963 -0.00524404 1.33622 -0.047898</i>
                        <i>0.0293812 0.999199 -0.0271847 -0.999568 0.0293921 -1.86465e-014 0.000799015 0.0271729 0.99963 -0.0054921 1.33621 -0.047898</i>
                        <i>0.0289905 0.99921 -0.027184 -0.999579 0.0290012 -1.19089e-014 0.000788368 0.0271726 0.99963 -0.00571932 1.3362 -0.047898</i>
                        <i>0.0286397 0.99922 -0.0271834 -0.99959 0.0286503 3.21791e-014 0.000778811 0.0271722 0.99963 -0.00592346 1.33619 -0.047898</i>
                        <i>0.0283326 0.999229 -0.0271828 -0.999598 0.0283431 -5.95062e-014 0.000770444 0.0271719 0.99963 -0.00610232 1.33618 -0.047898</i>
                        <i>0.0280729 0.999236 -0.0271823 -0.999606 0.0280833 -2.84859e-014 0.00076337 0.0271716 0.999631 -0.00625364 1.33618 -0.047898</i>
                        <i>0.0278644 0.999242 -0.0271819 -0.999611 0.0278747 -2.3849e-014 0.000757689 0.0271714 0.999631 -0.00637522 1.33617 -0.047898</i>
                        <i>0.0277108 0.999246 -0.0271816 -0.999616 0.0277211 5.50462e-014 0.000753504 0.0271712 0.999631 -0.00646482 1.33617 -0.047898</i>
                        <i>0.0276159 0.999249 -0.0271815 -0.999618 0.0276261 7.05477e-014 0.000750918 0.0271711 0.999631 -0.00652021 1.33616 -0.047898</i>
                        <i>0.0275834 0.99925 -0.0271814 -0.999619 0.0275936 -1.45092e-014 0.000750033 0.027171 0.999631 -0.00653917 1.33616 -0.047898</i>
                        <i>0.0276242 0.999249 -0.0271815 -0.999618 0.0276344 -1.53939e-014 0.000751144 0.0271711 0.999631 -0.00651537 1.33616 -0.047898</i>
                        <i>0.0277428 0.999245 -0.0271817 -0.999615 0.027753 2.01523e-014 0.000754375 0.0271712 0.999631 -0.00644617 1.33617 -0.047898</i>
                        <i>0.0279336 0.99924 -0.0271821 -0.999609 0.0279439 1.37199e-014 0.000759574 0.0271714 0.999631 -0.00633487 1.33617 -0.047898</i>
                        <i>0.0281911 0.999233 -0.0271825 -0.999602 0.0282015 -3.35842e-014 0.000766589 0.0271717 0.999631 -0.00618476 1.33618 -0.047898</i>
                        <i>0.0285097 0.999224 -0.0271831 -0.999593 0.0285203 -4.15692e-014 0.00077527 0.0271721 0.99963 -0.00599914 1.33619 -0.047898</i>
                        <i>0.0288839 0.999213 -0.0271838 -0.999582 0.0288946 -1.18083e-014 0.000785466 0.0271725 0.99963 -0.0057813 1.3362 -0.047898</i>
                        <i>0.0293082 0.999201 -0.0271846 -0.99957 0.0293191 9.06445e-014 0.000797026 0.0271729 0.99963 -0.00553453 1.33621 -0.047898</i>
                        <i>0.0297771 0.999187 -0.0271854 -0.999556 0.0297881 -5.81982e-014 0.000809799 0.0271733 0.99963 -0.00526214 1.33622 -0.047898</i>
                        <i>0.0302849 0.999172 -0.0271862 -0.999541 0.0302961 -3.6967e-015 0.000823634 0.0271737 0.99963 -0.0049674 1.33623 -0.047898</i>
                        <i>0.030826 0.999155 -0.027187 -0.999524 0.0308374 -4.9967e-014 0.000838379 0.0271741 0.99963 -0.00465363 1.33624 -0.047898</i>
                        <i>0.031395 0.999137 -0.0271879 -0.999507 0.0314066 3.73122e-014 0.00085388 0.0271745 0.99963 -0.00432412 1.33625 -0.047898</i>
                        <i>0.0319861 0.999118 -0.0271888 -0.999488 0.031998 -1.14421e-013 0.000869985 0.0271748 0.99963 -0.00398218 1.33626 -0.047898</i>
                        <i>0.0325937 0.999099 -0.0271896 -0.999468 0.0326058 -7.82065e-014 0.000886538 0.0271751 0.99963 -0.00363109 1.33627 -0.047898</i>
                        <i>0.0332121 0.999078 -0.0271904 -0.999448 0.0332244 -7.57866e-014 0.000903385 0.0271754 0.99963 -0.00327417 1.33628 -0.047898</i>
                        <i>0.0338356 0.999057 -0.0271912 -0.999427 0.0338481 5.80369e-014 0.000920369 0.0271756 0.99963 -0.00291472 1.33629 -0.047898</i>
                        <i>0.0344583 0.999036 -0.0271919 -0.999406 0.0344711 -8.00679e-014 0.000937333 0.0271757 0.99963 -0.00255604 1.3363 -0.047898</i>
                        <i>0.0350746 0.999015 -0.0271925 -0.999384 0.0350876 -7.00655e-015 0.000954121 0.0271758 0.99963 -0.00220144 1.3363 -0.047898</i>
                        <i>0.0356787 0.998993 -0.0271931 -0.999363 0.0356918 9.32119e-014 0.000970573 0.0271758 0.99963 -0.00185422 1.33631 -0.047898</i>
                        <i>0.0362646 0.998972 -0.0271937 -0.999342 0.036278 -3.59105e-014 0.000986533 0.0271758 0.99963 -0.0015177 1.33631 -0.047898</i>
                        <i>0.0368266 0.998952 -0.0271942 -0.999321 0.0368402 2.66731e-014 0.00100184 0.0271757 0.99963 -0.00119517 1.33632 -0.047898</i>
                        <i>0.0373588 0.998932 -0.0271946 -0.999301 0.0373727 -7.52332e-014 0.00101634 0.0271756 0.99963 -0.00088994 1.33632 -0.047898</i>
                        <i>0.0378555 0.998913 -0.027195 -0.999283 0.0378695 -1.00546e-013 0.00102986 0.0271755 0.99963 -0.000605322 1.33632 -0.047898</i>
                        <i>0.0383107 0.998896 -0.0271953 -0.999265 0.0383248 -6.50886e-014 0.00104226 0.0271753 0.99963 -0.000344617 1.33632 -0.047898</i>
                        <i>0.0387185 0.99888 -0.0271956 -0.99925 0.0387329 -7.88761e-014 0.00105336 0.0271752 0.99963 -0.000111129 1.33632 -0.047898</i>
                        <i>0.0390732 0.998866 -0.0271958 -0.999236 0.0390877 -1.50695e-014 0.00106302 0.027175 0.99963 9.18361e-005 1.33632 -0.047898</i>
                        <i>0.0393689 0.998855 -0.027196 -0.999224 0.0393835 1.7087e-015 0.00107107 0.0271749 0.99963 0.000260976 1.33632 -0.047898</i>
                        <i>0.0395998 0.998845 -0.0271961 -0.999215 0.0396144 -5.24285e-014 0.00107736 0.0271747 0.99963 0.000392987 1.33632 -0.047898</i>
                        <i>0.03976 0.998839 -0.0271962 -0.999209 0.0397747 -1.95958e-013 0.00108172 0.0271746 0.99963 0.000484566 1.33632 -0.047898</i>
                        <i>0.0398436 0.998836 -0.0271962 -0.999205 0.0398584 -3.45748e-014 0.001084 0.0271746 0.99963 0.00053241 1.33632 -0.047898</i>
                        <i>0.0398451 0.998836 -0.0271962 -0.999205 0.0398598 9.61141e-014 0.00108404 0.0271746 0.99963 0.000533217 1.33632 -0.047898</i>
                        <i>0.0397584 0.998839 -0.0271962 -0.999209 0.0397731 -2.04382e-013 0.00108168 0.0271746 0.99963 0.000483683 1.33632 -0.047898</i>
                        <i>0.0395779 0.998846 -0.0271961 -0.999216 0.0395926 -7.39998e-014 0.00107676 0.0271747 0.99963 0.000380504 1.33632 -0.047898</i>
                        <i>0.0392979 0.998857 -0.0271959 -0.999227 0.0393125 1.55851e-013 0.00106914 0.0271749 0.99963 0.000220377 1.33632 -0.047898</i>
                        <i>0.0389127 0.998872 -0.0271957 -0.999242 0.0389271 9.98316e-014 0.00105865 0.0271751 0.99963 1.17316e-017 1.33632 -0.047898</i>
                    </KeyFrames>
                </p>
            </i>
            <i>
                <p>
                    <Name><![CDATA[spine1]]></Name>
                    <Exclude>0</Exclude>
                    <Additive>0</Additive>
                    <IKPriority>0</IKPriority>
                    <IKRotLimits>-1e+010 -1e+010 -1e+010 1e+010 1e+010 1e+010</IKRotLimits>
                    <IKRotLimitOrder>0</IKRotLimitOrder>
                    <KeyFrames count="61">
                        <i>0.0662567 0.997793 0.00448404 -0.997797 0.0662703 -0.00294281 -0.00323347 -0.00427918 0.999986 0.00665678 1.5072 -0.0525476</i>
                        <i>0.0676233 0.997701 0.00448525 -0.997705 0.0676371 -0.00300351 -0.00329997 -0.00427185 0.999985 0.00631816 1.50721 -0.0525478</i>
                        <i>0.0690791 0.997601 0.00448663 -0.997606 0.0690932 -0.00306816 -0.0033708 -0.00426395 0.999985 0.00595738 1.50722 -0.052548</i>
                        <i>0.0706122 0.997494 0.00448821 -0.997498 0.0706266 -0.00313626 -0.00344538 -0.00425552 0.999985 0.00557735 1.50723 -0.0525483</i>
                        <i>0.0722108 0.997379 0.00448996 -0.997383 0.0722255 -0.00320726 -0.00352314 -0.00424662 0.999985 0.00518097 1.50724 -0.0525485</i>
                        <i>0.0738632 0.997258 0.00449191 -0.997262 0.0738782 -0.00328065 -0.00360351 -0.00423729 0.999985 0.00477117 1.50725 -0.0525488</i>
                        <i>0.0755575 0.997131 0.00449402 -0.997135 0.0755729 -0.0033559 -0.0036859 -0.00422758 0.999984 0.00435083 1.50726 -0.0525491</i>
                        <i>0.077282 0.996999 0.00449632 -0.997002 0.0772977 -0.0034325 -0.00376975 -0.00421757 0.999984 0.00392288 1.50727 -0.0525494</i>
                        <i>0.079025 0.996863 0.00449878 -0.996865 0.079041 -0.00350991 -0.00385449 -0.00420731 0.999984 0.00349022 1.50729 -0.0525498</i>
                        <i>0.0807747 0.996722 0.0045014 -0.996725 0.0807911 -0.00358762 -0.00393954 -0.00419687 0.999983 0.00305575 1.5073 -0.0525501</i>
                        <i>0.0825194 0.996579 0.00450415 -0.996581 0.0825362 -0.00366512 -0.00402433 -0.00418631 0.999983 0.00262236 1.50731 -0.0525505</i>
                        <i>0.0842476 0.996435 0.00450702 -0.996436 0.0842647 -0.00374187 -0.00410831 -0.00417571 0.999983 0.00219295 1.50732 -0.0525509</i>
                        <i>0.0859475 0.996289 0.00450996 -0.996291 0.0859649 -0.00381737 -0.00419091 -0.00416514 0.999983 0.00177042 1.50733 -0.0525513</i>
                        <i>0.0876076 0.996145 0.00451298 -0.996146 0.0876253 -0.0038911 -0.00427155 -0.00415469 0.999982 0.00135766 1.50734 -0.0525517</i>
                        <i>0.0892163 0.996002 0.00451602 -0.996003 0.0892343 -0.00396255 -0.0043497 -0.00414445 0.999982 0.000957537 1.50735 -0.0525521</i>
                        <i>0.090762 0.995862 0.00451907 -0.995863 0.0907803 -0.00403121 -0.00442477 -0.00413449 0.999982 0.000572943 1.50736 -0.0525525</i>
                        <i>0.0922333 0.995727 0.00452206 -0.995727 0.0922519 -0.00409655 -0.00449622 -0.0041249 0.999981 0.000206751 1.50736 -0.0525529</i>
                        <i>0.0936187 0.995598 0.00452498 -0.995598 0.0936376 -0.00415809 -0.00456349 -0.00411579 0.999981 -0.000138164 1.50737 -0.0525532</i>
                        <i>0.0949067 0.995476 0.00452777 -0.995475 0.0949258 -0.00421529 -0.00462602 -0.00410722 0.999981 -0.000458937 1.50738 -0.0525536</i>
                        <i>0.0960859 0.995363 0.00453039 -0.995362 0.0961053 -0.00426767 -0.00468327 -0.00409932 0.999981 -0.000752697 1.50738 -0.0525539</i>
                        <i>0.097145 0.99526 0.00453281 -0.995259 0.0971645 -0.0043147 -0.00473468 -0.00409217 0.99998 -0.00101658 1.50739 -0.0525542</i>
                        <i>0.0980724 0.995169 0.00453496 -0.995168 0.0980921 -0.0043559 -0.0047797 -0.00408585 0.99998 -0.00124773 1.50739 -0.0525545</i>
                        <i>0.0988568 0.995091 0.00453682 -0.99509 0.0988767 -0.00439074 -0.00481777 -0.00408049 0.99998 -0.00144328 1.5074 -0.0525547</i>
                        <i>0.0994869 0.995028 0.00453833 -0.995027 0.0995069 -0.00441872 -0.00484835 -0.00407615 0.99998 -0.00160037 1.5074 -0.0525549</i>
                        <i>0.0999511 0.994982 0.00453945 -0.99498 0.0999712 -0.00443934 -0.00487087 -0.00407294 0.99998 -0.00171612 1.5074 -0.0525551</i>
                        <i>0.100238 0.994953 0.00454015 -0.994952 0.100258 -0.00445208 -0.0048848 -0.00407096 0.99998 -0.00178768 1.50741 -0.0525552</i>
                        <i>0.100336 0.994943 0.00454039 -0.994942 0.100356 -0.00445644 -0.00488957 -0.00407028 0.99998 -0.00181218 1.50741 -0.0525552</i>
                        <i>0.100213 0.994956 0.00454008 -0.994954 0.100233 -0.00445097 -0.00488358 -0.00407113 0.99998 -0.00178143 1.50741 -0.0525552</i>
                        <i>0.0998545 0.994992 0.00453922 -0.99499 0.0998746 -0.00443505 -0.00486619 -0.00407362 0.99998 -0.00169204 1.5074 -0.0525551</i>
                        <i>0.0992778 0.995049 0.00453783 -0.995048 0.0992978 -0.00440943 -0.0048382 -0.0040776 0.99998 -0.00154824 1.5074 -0.0525549</i>
                        <i>0.0984998 0.995127 0.00453597 -0.995126 0.0985196 -0.00437488 -0.00480044 -0.00408293 0.99998 -0.00135428 1.5074 -0.0525546</i>
                        <i>0.0975374 0.995222 0.00453371 -0.99522 0.0975571 -0.00433214 -0.00475373 -0.0040895 0.99998 -0.00111439 1.50739 -0.0525544</i>
                        <i>0.0964075 0.995332 0.00453112 -0.995331 0.0964269 -0.00428195 -0.00469888 -0.00409715 0.999981 -0.000832821 1.50739 -0.052554</i>
                        <i>0.095127 0.995455 0.00452826 -0.995454 0.0951461 -0.00422507 -0.00463672 -0.00410576 0.999981 -0.000513798 1.50738 -0.0525536</i>
                        <i>0.0937127 0.995589 0.00452517 -0.995589 0.0937316 -0.00416226 -0.00456805 -0.00411515 0.999981 -0.000161565 1.50737 -0.0525533</i>
                        <i>0.0921815 0.995732 0.00452196 -0.995732 0.0922001 -0.00409425 -0.0044937 -0.00412524 0.999981 0.000219642 1.50736 -0.0525528</i>
                        <i>0.0905505 0.995882 0.00451865 -0.995882 0.0905688 -0.00402181 -0.0044145 -0.00413586 0.999982 0.000625569 1.50735 -0.0525524</i>
                        <i>0.0888367 0.996036 0.0045153 -0.996037 0.0888546 -0.00394569 -0.00433126 -0.00414688 0.999982 0.00105197 1.50734 -0.052552</i>
                        <i>0.087057 0.996193 0.00451197 -0.996194 0.0870746 -0.00386665 -0.00424481 -0.00415818 0.999982 0.00149458 1.50733 -0.0525515</i>
                        <i>0.0852286 0.996351 0.00450871 -0.996353 0.0852459 -0.00378544 -0.00415598 -0.00416964 0.999983 0.00194914 1.50732 -0.0525511</i>
                        <i>0.0833687 0.996509 0.00450554 -0.996511 0.0833856 -0.00370283 -0.0040656 -0.00418111 0.999983 0.00241137 1.50731 -0.0525507</i>
                        <i>0.0814944 0.996664 0.00450251 -0.996666 0.0815109 -0.00361959 -0.00397451 -0.00419253 0.999983 0.002877 1.5073 -0.0525503</i>
                        <i>0.079623 0.996815 0.00449966 -0.996817 0.0796391 -0.00353647 -0.00388355 -0.00420375 0.999984 0.00334175 1.50729 -0.0525499</i>
                        <i>0.0777718 0.996961 0.004497 -0.996964 0.0777876 -0.00345425 -0.00379356 -0.0042147 0.999984 0.00380132 1.50728 -0.0525495</i>
                        <i>0.0759581 0.997101 0.00449455 -0.997104 0.0759735 -0.00337369 -0.00370538 -0.00422528 0.999984 0.00425143 1.50727 -0.0525492</i>
                        <i>0.0741993 0.997233 0.00449232 -0.997237 0.0742144 -0.00329558 -0.00361986 -0.00423537 0.999985 0.00468778 1.50725 -0.0525488</i>
                        <i>0.0725129 0.997357 0.0044903 -0.997361 0.0725276 -0.00322067 -0.00353783 -0.00424492 0.999985 0.00510607 1.50724 -0.0525486</i>
                        <i>0.0709161 0.997472 0.00448853 -0.997476 0.0709306 -0.00314976 -0.00346017 -0.00425383 0.999985 0.00550199 1.50723 -0.0525483</i>
                        <i>0.0694266 0.997577 0.00448699 -0.997581 0.0694408 -0.0030836 -0.00338771 -0.00426205 0.999985 0.00587125 1.50722 -0.0525481</i>
                        <i>0.0680617 0.997671 0.00448566 -0.997676 0.0680756 -0.00302298 -0.0033213 -0.00426948 0.999985 0.00620954 1.50721 -0.0525479</i>
                        <i>0.0668389 0.997754 0.00448453 -0.997758 0.0668525 -0.00296866 -0.0032618 -0.00427606 0.999986 0.00651255 1.5072 -0.0525477</i>
                        <i>0.0657756 0.997824 0.00448363 -0.997829 0.065789 -0.00292144 -0.00321006 -0.00428174 0.999986 0.00677598 1.50719 -0.0525476</i>
                        <i>0.0648893 0.997882 0.0044829 -0.997887 0.0649025 -0.00288207 -0.00316692 -0.00428641 0.999986 0.00699553 1.50719 -0.0525474</i>
                        <i>0.0641974 0.997927 0.00448236 -0.997932 0.0642105 -0.00285134 -0.00313325 -0.00429005 0.999986 0.00716691 1.50718 -0.0525474</i>
                        <i>0.0637174 0.997958 0.00448201 -0.997963 0.0637304 -0.00283002 -0.00310988 -0.00429255 0.999986 0.0072858 1.50718 -0.0525473</i>
                        <i>0.0634665 0.997974 0.00448182 -0.997979 0.0634795 -0.00281888 -0.00309768 -0.00429386 0.999986 0.00734791 1.50718 -0.0525473</i>
                        <i>0.0634623 0.997974 0.00448181 -0.997979 0.0634753 -0.00281869 -0.00309747 -0.00429388 0.999986 0.00734896 1.50718 -0.0525473</i>
                        <i>0.063722 0.997958 0.004482 -0.997963 0.063735 -0.00283023 -0.00311011 -0.00429253 0.999986 0.00728465 1.50718 -0.0525473</i>
                        <i>0.0642628 0.997923 0.00448241 -0.997928 0.064276 -0.00285425 -0.00313643 -0.0042897 0.999986 0.0071507 1.50718 -0.0525474</i>
                        <i>0.065102 0.997869 0.00448307 -0.997874 0.0651153 -0.00289152 -0.00317728 -0.0042853 0.999986 0.00694283 1.50719 -0.0525475</i>
                        <i>0.0662567 0.997793 0.00448404 -0.997797 0.0662703 -0.00294281 -0.00323347 -0.00427918 0.999986 0.00665678 1.5072 -0.0525476</i>
                    </KeyFrames>
                </p>
            </i>
            <i>
                <p>
                    <Name><![CDATA[spine2]]></Name>
                    <Exclude>0</Exclude>
                    <Additive>0</Additive>
                    <IKPriority>0</IKPriority>
                    <IKRotLimits>-1e+010 -1e+010 -1e+010 1e+010 1e+010 1e+010</IKRotLimits>
                    <IKRotLimitOrder>0</IKRotLimitOrder>
                    <KeyFrames count="61">
                        <i>0.0315852 0.9918 0.123832 -0.999478 0.0321873 -0.00286428 -0.00682662 -0.123677 0.992299 0.0170971 1.66446 -0.0518495</i>
                        <i>0.0325307 0.99177 0.12383 -0.999446 0.0331508 -0.00295002 -0.00703082 -0.123666 0.992299 0.0169743 1.66446 -0.0518494</i>
                        <i>0.0335379 0.991737 0.123828 -0.999411 0.0341772 -0.00304135 -0.00724832 -0.123654 0.992299 0.0168435 1.66446 -0.0518492</i>
                        <i>0.0345986 0.991701 0.123826 -0.999373 0.0352581 -0.00313754 -0.00747737 -0.12364 0.992299 0.0167057 1.66446 -0.051849</i>
                        <i>0.0357047 0.991662 0.123824 -0.999333 0.0363852 -0.00323784 -0.00771619 -0.123625 0.992299 0.0165619 1.66446 -0.0518488</i>
                        <i>0.036848 0.99162 0.123821 -0.999289 0.0375502 -0.00334151 -0.00796301 -0.12361 0.992299 0.0164133 1.66447 -0.0518486</i>
                        <i>0.0380204 0.991576 0.123817 -0.999243 0.0387449 -0.00344782 -0.00821608 -0.123593 0.992299 0.0162609 1.66447 -0.0518483</i>
                        <i>0.0392137 0.99153 0.123814 -0.999195 0.0399608 -0.00355603 -0.00847361 -0.123575 0.992299 0.0161057 1.66447 -0.0518481</i>
                        <i>0.0404197 0.991482 0.12381 -0.999145 0.0411898 -0.00366539 -0.00873387 -0.123556 0.992299 0.0159488 1.66447 -0.0518478</i>
                        <i>0.0416304 0.991433 0.123806 -0.999093 0.0424235 -0.00377517 -0.0089951 -0.123536 0.992299 0.0157913 1.66448 -0.0518475</i>
                        <i>0.0428376 0.991382 0.123801 -0.999039 0.0436536 -0.00388464 -0.00925553 -0.123516 0.992299 0.0156342 1.66448 -0.0518471</i>
                        <i>0.0440334 0.99133 0.123797 -0.998985 0.044872 -0.00399306 -0.00951344 -0.123495 0.9923 0.0154785 1.66448 -0.0518468</i>
                        <i>0.0452095 0.991278 0.123792 -0.99893 0.0460705 -0.00409971 -0.00976709 -0.123474 0.9923 0.0153253 1.66448 -0.0518464</i>
                        <i>0.046358 0.991225 0.123786 -0.998875 0.0472408 -0.00420385 -0.0100147 -0.123452 0.9923 0.0151757 1.66448 -0.0518461</i>
                        <i>0.047471 0.991173 0.123781 -0.99882 0.0483748 -0.00430476 -0.0102547 -0.123431 0.9923 0.0150307 1.66448 -0.0518457</i>
                        <i>0.0485402 0.991122 0.123776 -0.998766 0.0494643 -0.00440172 -0.0104851 -0.12341 0.9923 0.0148913 1.66448 -0.0518453</i>
                        <i>0.049558 0.991073 0.123771 -0.998714 0.0505013 -0.004494 -0.0107045 -0.123389 0.992301 0.0147585 1.66449 -0.0518449</i>
                        <i>0.0505162 0.991025 0.123766 -0.998664 0.0514777 -0.00458089 -0.010911 -0.123369 0.992301 0.0146335 1.66449 -0.0518446</i>
                        <i>0.0514071 0.99098 0.123761 -0.998616 0.0523854 -0.00466166 -0.0111029 -0.12335 0.992301 0.0145173 1.66449 -0.0518442</i>
                        <i>0.0522227 0.990938 0.123756 -0.998572 0.0532164 -0.00473561 -0.0112786 -0.123332 0.992301 0.0144108 1.66449 -0.0518439</i>
                        <i>0.052955 0.990899 0.123752 -0.998531 0.0539626 -0.00480201 -0.0114363 -0.123316 0.992302 0.0143152 1.66449 -0.0518436</i>
                        <i>0.0535964 0.990865 0.123748 -0.998496 0.0546161 -0.00486016 -0.0115744 -0.123302 0.992302 0.0142315 1.66449 -0.0518433</i>
                        <i>0.0541388 0.990836 0.123745 -0.998465 0.0551687 -0.00490934 -0.0116912 -0.123289 0.992302 0.0141606 1.66449 -0.0518431</i>
                        <i>0.0545744 0.990812 0.123742 -0.99844 0.0556126 -0.00494884 -0.011785 -0.123279 0.992302 0.0141037 1.66449 -0.0518429</i>
                        <i>0.0548954 0.990795 0.12374 -0.998422 0.0559396 -0.00497794 -0.0118541 -0.123272 0.992302 0.0140618 1.66449 -0.0518427</i>
                        <i>0.0550938 0.990784 0.123739 -0.99841 0.0561418 -0.00499593 -0.0118968 -0.123267 0.992302 0.0140358 1.66449 -0.0518427</i>
                        <i>0.0551617 0.99078 0.123739 -0.998406 0.0562109 -0.00500209 -0.0119114 -0.123266 0.992302 0.014027 1.66449 -0.0518426</i>
                        <i>0.0550764 0.990785 0.123739 -0.998411 0.0561241 -0.00499436 -0.0118931 -0.123268 0.992302 0.0140381 1.66449 -0.0518427</i>
                        <i>0.0548286 0.990799 0.123741 -0.998426 0.0558716 -0.00497189 -0.0118397 -0.123273 0.992302 0.0140705 1.66449 -0.0518428</i>
                        <i>0.0544298 0.99082 0.123743 -0.998448 0.0554653 -0.00493573 -0.0117539 -0.123283 0.992302 0.0141226 1.66449 -0.051843</i>
                        <i>0.0538919 0.990849 0.123747 -0.998479 0.0549172 -0.00488696 -0.0116381 -0.123295 0.992302 0.0141929 1.66449 -0.0518432</i>
                        <i>0.0532264 0.990885 0.123751 -0.998516 0.0542391 -0.00482662 -0.0114947 -0.12331 0.992302 0.0142798 1.66449 -0.0518435</i>
                        <i>0.052445 0.990926 0.123755 -0.99856 0.053443 -0.00475577 -0.0113265 -0.123327 0.992301 0.0143818 1.66449 -0.0518438</i>
                        <i>0.0515594 0.990972 0.12376 -0.998608 0.0525406 -0.00467547 -0.0111357 -0.123347 0.992301 0.0144974 1.66449 -0.0518442</i>
                        <i>0.0505813 0.991022 0.123765 -0.99866 0.051544 -0.00458678 -0.010925 -0.123368 0.992301 0.014625 1.66449 -0.0518445</i>
                        <i>0.0495222 0.991074 0.123771 -0.998716 0.0504648 -0.00449075 -0.0106968 -0.12339 0.992301 0.0147632 1.66449 -0.0518449</i>
                        <i>0.0483939 0.991129 0.123777 -0.998774 0.0493153 -0.00438846 -0.0104536 -0.123413 0.9923 0.0149103 1.66448 -0.0518454</i>
                        <i>0.0472083 0.991186 0.123783 -0.998833 0.0481072 -0.00428095 -0.010198 -0.123436 0.9923 0.0150649 1.66448 -0.0518458</i>
                        <i>0.0459771 0.991243 0.123788 -0.998893 0.0468526 -0.00416931 -0.0099326 -0.123459 0.9923 0.0152253 1.66448 -0.0518462</i>
                        <i>0.0447121 0.9913 0.123794 -0.998953 0.0455636 -0.00405461 -0.00965982 -0.123483 0.9923 0.0153901 1.66448 -0.0518466</i>
                        <i>0.0434252 0.991357 0.123799 -0.999013 0.0442524 -0.00393792 -0.00938228 -0.123506 0.9923 0.0155577 1.66448 -0.051847</i>
                        <i>0.0421284 0.991412 0.123804 -0.999071 0.0429309 -0.00382033 -0.00910253 -0.123528 0.992299 0.0157265 1.66448 -0.0518473</i>
                        <i>0.0408335 0.991466 0.123809 -0.999127 0.0416114 -0.00370291 -0.00882316 -0.123549 0.992299 0.015895 1.66447 -0.0518477</i>
                        <i>0.0395526 0.991517 0.123813 -0.999181 0.0403062 -0.00358676 -0.00854675 -0.12357 0.992299 0.0160616 1.66447 -0.051848</i>
                        <i>0.0382976 0.991566 0.123817 -0.999232 0.0390273 -0.00347296 -0.0082759 -0.123589 0.992299 0.0162249 1.66447 -0.0518483</i>
                        <i>0.0370806 0.991612 0.12382 -0.99928 0.0377873 -0.00336261 -0.00801322 -0.123606 0.992299 0.0163831 1.66447 -0.0518485</i>
                        <i>0.0359137 0.991654 0.123823 -0.999325 0.0365982 -0.00325679 -0.00776131 -0.123623 0.992299 0.0165348 1.66447 -0.0518488</i>
                        <i>0.0348089 0.991693 0.123826 -0.999366 0.0354724 -0.00315661 -0.00752278 -0.123637 0.992299 0.0166783 1.66446 -0.051849</i>
                        <i>0.0337783 0.991729 0.123828 -0.999403 0.0344222 -0.00306315 -0.00730024 -0.123651 0.992299 0.0168122 1.66446 -0.0518492</i>
                        <i>0.032834 0.99176 0.12383 -0.999436 0.0334599 -0.00297752 -0.00709631 -0.123662 0.992299 0.0169349 1.66446 -0.0518493</i>
                        <i>0.031988 0.991788 0.123831 -0.999464 0.0325978 -0.0029008 -0.0069136 -0.123672 0.992299 0.0170448 1.66446 -0.0518494</i>
                        <i>0.0312524 0.991811 0.123832 -0.999489 0.0318482 -0.0028341 -0.00675472 -0.123681 0.992299 0.0171403 1.66446 -0.0518495</i>
                        <i>0.0306392 0.99183 0.123833 -0.999509 0.0312234 -0.0027785 -0.00662229 -0.123687 0.992299 0.0172199 1.66445 -0.0518496</i>
                        <i>0.0301606 0.991844 0.123834 -0.999524 0.0307356 -0.0027351 -0.00651891 -0.123693 0.992299 0.0172821 1.66445 -0.0518497</i>
                        <i>0.0298285 0.991854 0.123834 -0.999534 0.0303972 -0.00270498 -0.00644717 -0.123696 0.992299 0.0173252 1.66445 -0.0518497</i>
                        <i>0.0296551 0.99186 0.123835 -0.99954 0.0302204 -0.00268925 -0.00640969 -0.123698 0.992299 0.0173477 1.66445 -0.0518497</i>
                        <i>0.0296521 0.99186 0.123835 -0.99954 0.0302174 -0.00268898 -0.00640906 -0.123698 0.992299 0.0173481 1.66445 -0.0518497</i>
                        <i>0.0298318 0.991854 0.123834 -0.999534 0.0304005 -0.00270527 -0.00644786 -0.123696 0.992299 0.0173247 1.66445 -0.0518497</i>
                        <i>0.0302059 0.991843 0.123834 -0.999522 0.0307817 -0.0027392 -0.00652868 -0.123692 0.992299 0.0172762 1.66445 -0.0518497</i>
                        <i>0.0307864 0.991825 0.123833 -0.999504 0.0313733 -0.00279184 -0.00665408 -0.123686 0.992299 0.0172008 1.66445 -0.0518496</i>
                        <i>0.0315852 0.9918 0.123832 -0.999478 0.0321873 -0.00286428 -0.00682662 -0.123677 0.992299 0.0170971 1.66446 -0.0518495</i>
                    </KeyFrames>
                </p>
            </i>
            <i>
                <p>
                    <Name><![CDATA[head]]></Name>
                    <Exclude>0</Exclude>
                    <Additive>0</Additive>
                    <IKPriority>0</IKPriority>
                    <IKRotLimits>-1e+010 -1e+010 -1e+010 1e+010 1e+010 1e+010</IKRotLimits>
                    <IKRotLimitOrder>0</IKRotLimitOrder>
                    <KeyFrames count="61">
                        <i>0.375523 0.901428 0.21543 -0.0731928 0.260559 -0.96268 -0.923919 0.34574 0.163824 0.0160806 1.91565 -0.0114565</i>
                        <i>0.375523 0.901428 0.21543 -0.0731928 0.260559 -0.96268 -0.923919 0.34574 0.163824 0.0160806 1.91565 -0.0114565</i>
                        <i>0.375523 0.901428 0.21543 -0.0731928 0.260559 -0.96268 -0.923919 0.34574 0.163824 0.0160806 1.91565 -0.0114565</i>
                        <i>0.375523 0.901428 0.21543 -0.0731927 0.260559 -0.96268 -0.923918 0.34574 0.163824 0.0160807 1.91565 -0.0114565</i>
                        <i>0.375523 0.901428 0.21543 -0.0731928 0.260559 -0.96268 -0.923919 0.34574 0.163824 0.0160807 1.91565 -0.0114565</i>
                        <i>0.375523 0.901428 0.21543 -0.0731928 0.260559 -0.96268 -0.923919 0.34574 0.163824 0.0160806 1.91565 -0.0114565</i>
