<?xml version="1.0" encoding="ISO-8859-1" ?>
<Animl Version="1">
    <ModellingPackage><![CDATA[Maya.2010]]></ModellingPackage>
    <SrcFile><![CDATA[anims\characters\shared\commando\~src\commando_land_left.mb]]></SrcFile>
    <FramesPerSecond>30</FramesPerSecond>
    <TotalFrames>19</TotalFrames>
    <Skeleton>
        <RefFrame>
            <Name><![CDATA[commando_ref_frame]]></Name>
            <Exclude>0</Exclude>
            <Additive>0</Additive>
            <IKPriority>0</IKPriority>
            <IKRotLimits>-1e+010 -1e+010 -1e+010 1e+010 1e+010 1e+010</IKRotLimits>
            <IKRotLimitOrder>0</IKRotLimitOrder>
            <KeyFrames count="19">
                <i>1 0 0 0 1 0 0 0 1 0.101653 0 -0.176406</i>
                <i>1 0 0 0 1 0 0 0 1 0.575523 0 -0.111668</i>
                <i>1 0 0 0 1 0 0 0 1 1.06762 0 -0.033478</i>
                <i>1 0 0 0 1 0 0 0 1 1.58698 0 -0.0290719</i>
                <i>1 0 0 0 1 0 0 0 1 2.10754 0 -0.0291041</i>
                <i>1 0 0 0 1 0 0 0 1 2.62754 0 -0.0327726</i>
                <i>1 0 0 0 1 0 0 0 1 3.14576 0 -0.0388879</i>
                <i>1 0 0 0 1 0 0 0 1 3.66149 0 -0.0460358</i>
                <i>1 0 0 0 1 0 0 0 1 4.17461 0 -0.0527472</i>
                <i>1 0 0 0 1 0 0 0 1 4.68555 0 -0.0576636</i>
                <i>1 0 0 0 1 0 0 0 1 5.19521 0 -0.0596911</i>
                <i>1 0 0 0 1 0 0 0 1 5.70489 0 -0.058133</i>
                <i>1 0 0 0 1 0 0 0 1 6.21615 0 -0.052794</i>
                <i>1 0 0 0 1 0 0 0 1 6.74035 0 -0.052794</i>
                <i>1 0 0 0 1 0 0 0 1 7.26454 0 -0.052794</i>
                <i>1 0 0 0 1 0 0 0 1 7.78873 0 -0.052794</i>
                <i>1 0 0 0 1 0 0 0 1 8.31293 0 -0.052794</i>
                <i>1 0 0 0 1 0 0 0 1 8.83712 0 -0.052794</i>
                <i>1 0 0 0 1 0 0 0 1 9.36131 0 -0.052794</i>
            </KeyFrames>
        </RefFrame>
        <Bones count="28">
            <i>
                <p>
                    <Name><![CDATA[pelvis]]></Name>
                    <Exclude>0</Exclude>
                    <Additive>0</Additive>
                    <IKPriority>0</IKPriority>
                    <IKRotLimits>-1e+010 -1e+010 -1e+010 1e+010 1e+010 1e+010</IKRotLimits>
                    <IKRotLimitOrder>2</IKRotLimitOrder>
                    <KeyFrames count="19">
                        <i>1 0 0 0 1 0 0 0 1 0.102546 1.31613 -0.202753</i>
                        <i>1 0 0 0 1 0 0 0 1 0.57311 1.07649 -0.13708</i>
                        <i>1 0 0 0 1 0 0 0 1 1.06227 0.829423 -0.0570722</i>
                        <i>1 0 0 0 1 0 0 0 1 1.57896 0.823251 -0.0511054</i>
                        <i>1 0 0 0 1 0 0 0 1 2.09773 0.832188 -0.0487516</i>
                        <i>1 0 0 0 1 0 0 0 1 2.61699 0.853552 -0.04966</i>
                        <i>1 0 0 0 1 0 0 0 1 3.13548 0.884679 -0.0530883</i>
                        <i>1 0 0 0 1 0 0 0 1 3.65236 0.922913 -0.0580172</i>
                        <i>1 0 0 0 1 0 0 0 1 4.16721 0.965593 -0.0632709</i>
                        <i>1 0 0 0 1 0 0 0 1 4.6801 1.01005 -0.0676411</i>
                        <i>1 0 0 0 1 0 0 0 1 5.19153 1.05361 -0.0700173</i>
                        <i>1 0 0 0 1 0 0 0 1 5.70247 1.09357 -0.0695195</i>
                        <i>1 0 0 0 1 0 0 0 1 6.21421 1.12724 -0.0656301</i>
                        <i>1 0 0 0 1 0 0 0 1 6.7384 1.12724 -0.0656301</i>
                        <i>1 0 0 0 1 0 0 0 1 7.2626 1.12724 -0.0656301</i>
                        <i>1 0 0 0 1 0 0 0 1 7.78679 1.12724 -0.0656301</i>
                        <i>1 0 0 0 1 0 0 0 1 8.31098 1.12724 -0.0656301</i>
                        <i>1 0 0 0 1 0 0 0 1 8.83518 1.12724 -0.0656301</i>
                        <i>1 0 0 0 1 0 0 0 1 9.35937 1.12724 -0.0656301</i>
                    </KeyFrames>
                </p>
            </i>
            <i>
                <p>
                    <Name><![CDATA[spine0]]></Name>
                    <Exclude>0</Exclude>
                    <Additive>1</Additive>
                    <IKPriority>0</IKPriority>
                    <IKRotLimits>-1e+010 -1e+010 -1e+010 1e+010 1e+010 1e+010</IKRotLimits>
                    <IKRotLimitOrder>0</IKRotLimitOrder>
                    <KeyFrames count="19">
                        <i>-0.0421832 0.94045 0.337303 -0.916211 0.0982329 -0.388469 -0.39847 -0.325428 0.857507 0.132693 1.45592 -0.21846</i>
                        <i>0.00375417 0.904837 0.425741 -0.962088 0.119375 -0.245227 -0.272714 -0.40868 0.870981 0.608295 1.21263 -0.167478</i>
                        <i>0.0552456 0.830597 0.554127 -0.988498 0.123748 -0.0869376 -0.140782 -0.54295 0.82788 1.09791 0.960433 -0.104643</i>
                        <i>0.133783 0.826247 0.547191 -0.990324 0.132017 0.0427821 -0.0368903 -0.54762 0.835913 1.60817 0.953467 -0.104831</i>
                        <i>0.219454 0.831331 0.510615 -0.974467 0.161306 0.156188 0.0474787 -0.531854 0.845504 2.11969 0.961959 -0.106832</i>
                        <i>0.299955 0.841968 0.44846 -0.945986 0.2019 0.253667 0.123035 -0.500325 0.857051 2.63144 0.983211 -0.110289</i>
                        <i>0.365599 0.85423 0.369633 -0.909246 0.242859 0.338069 0.19902 -0.459685 0.865494 3.14262 1.01457 -0.114528</i>
                        <i>0.411469 0.865651 0.285205 -0.867561 0.276091 0.413657 0.27934 -0.41764 0.864608 3.65273 1.05336 -0.118681</i>
                        <i>0.437582 0.875537 0.204833 -0.822511 0.297705 0.484611 0.363315 -0.380534 0.850409 4.16165 1.09688 -0.121824</i>
                        <i>0.447257 0.88424 0.134465 -0.773886 0.30722 0.553821 0.4484 -0.351761 0.821707 4.6696 1.14237 -0.123119</i>
                        <i>0.445131 0.892225 0.0761143 -0.720267 0.306242 0.62244 0.532047 -0.33189 0.778958 5.17713 1.187 -0.121928</i>
                        <i>0.435842 0.899562 0.028819 -0.659704 0.29752 0.690125 0.612236 -0.319797 0.723116 5.68498 1.22792 -0.117888</i>
                        <i>0.423411 0.90588 -0.0102349 -0.590126 0.284364 0.755572 0.687367 -0.313878 0.654986 6.19405 1.26228 -0.110944</i>
                        <i>0.423411 0.90588 -0.0102349 -0.590126 0.284364 0.755572 0.687367 -0.313878 0.654986 6.71824 1.26228 -0.110944</i>
                        <i>0.423411 0.90588 -0.0102349 -0.590126 0.284364 0.755572 0.687367 -0.313878 0.654986 7.24243 1.26228 -0.110944</i>
                        <i>0.423411 0.90588 -0.0102349 -0.590126 0.284364 0.755572 0.687367 -0.313878 0.654986 7.76663 1.26228 -0.110944</i>
                        <i>0.423411 0.90588 -0.0102349 -0.590126 0.284364 0.755572 0.687367 -0.313878 0.654986 8.29082 1.26228 -0.110944</i>
                        <i>0.423411 0.90588 -0.0102349 -0.590126 0.284364 0.755572 0.687367 -0.313878 0.654986 8.81501 1.26228 -0.110944</i>
                        <i>0.423411 0.90588 -0.0102349 -0.590126 0.284364 0.755572 0.687367 -0.313878 0.654986 9.33921 1.26228 -0.110944</i>
                    </KeyFrames>
                </p>
            </i>
            <i>
                <p>
                    <Name><![CDATA[spine1]]></Name>
                    <Exclude>0</Exclude>
                    <Additive>1</Additive>
                    <IKPriority>0</IKPriority>
                    <IKRotLimits>-1e+010 -1e+010 -1e+010 1e+010 1e+010 1e+010</IKRotLimits>
                    <IKRotLimitOrder>0</IKRotLimitOrder>
                    <KeyFrames count="19">
                        <i>-0.207113 0.834417 0.510736 -0.972645 -0.11949 -0.199209 -0.105196 -0.538024 0.83634 0.124782 1.63323 -0.154964</i>
                        <i>-0.181032 0.601861 0.777811 -0.979672 -0.179859 -0.0888415 0.086426 -0.778083 0.622187 0.608975 1.3739 -0.0916445</i>
                        <i>-0.0906982 0.285223 0.95416 -0.960261 -0.278992 -0.00788002 0.263956 -0.916957 0.299193 1.10754 1.10522 -0.00807024</i>
                        <i>0.0303797 0.283354 0.958534 -0.952775 -0.281681 0.113465 0.302152 -0.916715 0.261415 1.63151 1.09757 -0.00941709</i>
                        <i>0.156599 0.305198 0.939325 -0.943094 -0.236266 0.233993 0.293345 -0.922514 0.250831 2.15798 1.10704 -0.0177452</i>
                        <i>0.281795 0.346042 0.8949 -0.925403 -0.148325 0.348754 0.25342 -0.92642 0.278431 2.68386 1.13037 -0.0319323</i>
                        <i>0.399615 0.401033 0.824306 -0.893588 -0.0301581 0.447874 0.204472 -0.915567 0.346307 3.2067 1.16431 -0.0497572</i>
                        <i>0.502706 0.46478 0.72888 -0.847274 0.0976319 0.522106 0.171503 -0.880027 0.442876 3.7252 1.20583 -0.0684728</i>
                        <i>0.583716 0.531622 0.613721 -0.79347 0.213101 0.570082 0.172284 -0.819735 0.546217 4.23923 1.25215 -0.085531</i>
                        <i>0.637624 0.596386 0.487606 -0.741156 0.302332 0.599403 0.210056 -0.743585 0.634789 4.74961 1.30061 -0.0990957</i>
                        <i>0.663769 0.655043 0.361011 -0.695022 0.361876 0.621281 0.276324 -0.663298 0.695472 5.25766 1.34849 -0.108198</i>
                        <i>0.666297 0.704875 0.243312 -0.653759 0.395238 0.645279 0.358675 -0.589015 0.724164 5.7649 1.39298 -0.112654</i>
                        <i>0.653039 0.744166 0.140561 -0.611755 0.408942 0.677143 0.446425 -0.52819 0.722302 6.27285 1.43105 -0.11291</i>
                        <i>0.653039 0.744166 0.140561 -0.611755 0.408942 0.677143 0.446425 -0.52819 0.722302 6.79705 1.43105 -0.11291</i>
                        <i>0.653039 0.744166 0.140561 -0.611755 0.408942 0.677143 0.446425 -0.52819 0.722302 7.32124 1.43105 -0.11291</i>
                        <i>0.653039 0.744166 0.140561 -0.611755 0.408942 0.677143 0.446425 -0.52819 0.722302 7.84543 1.43105 -0.11291</i>
                        <i>0.653039 0.744166 0.140561 -0.611755 0.408942 0.677143 0.446425 -0.52819 0.722302 8.36963 1.43105 -0.11291</i>
                        <i>0.653039 0.744166 0.140561 -0.611755 0.408942 0.677143 0.446425 -0.52819 0.722302 8.89382 1.43105 -0.11291</i>
                        <i>0.653039 0.744166 0.140561 -0.611755 0.408942 0.677143 0.446425 -0.52819 0.722302 9.41801 1.43105 -0.11291</i>
                    </KeyFrames>
                </p>
            </i>
            <i>
                <p>
                    <Name><![CDATA[spine2]]></Name>
                    <Exclude>0</Exclude>
                    <Additive>1</Additive>
                    <IKPriority>0</IKPriority>
                    <IKRotLimits>-1e+010 -1e+010 -1e+010 1e+010 1e+010 1e+010</IKRotLimits>
                    <IKRotLimitOrder>0</IKRotLimitOrder>
                    <KeyFrames count="19">
                        <i>-0.207197 0.785633 0.582966 -0.967669 -0.252191 -0.00406269 0.143827 -0.56496 0.812486 0.0890875 1.77782 -0.0660684</i>
                        <i>-0.116276 0.547167 0.828908 -0.957449 -0.283701 0.0529654 0.264143 -0.787479 0.556872 0.579631 1.47227 0.0358793</i>
                        <i>0.0312797 0.283776 0.95838 -0.954346 -0.276498 0.113019 0.297062 -0.918161 0.262172 1.0934 1.1506 0.144645</i>
                        <i>0.140056 0.29762 0.944355 -0.936211 -0.270674 0.224153 0.322325 -0.91551 0.240726 1.63675 1.14268 0.144033</i>
                        <i>0.233035 0.325988 0.916202 -0.91537 -0.244548 0.319834 0.328318 -0.913197 0.241411 2.18343 1.15566 0.132686</i>
                        <i>0.313322 0.367136 0.875808 -0.893608 -0.198137 0.402749 0.321394 -0.908819 0.265995 2.72938 1.1856 0.11159</i>
                        <i>0.384041 0.419691 0.822418 -0.870586 -0.132105 0.473949 0.307558 -0.898002 0.314643 3.27126 1.22856 0.0828611</i>
                        <i>0.44667 0.481669 0.753977 -0.845183 -0.0493012 0.532198 0.293515 -0.874966 0.385077 3.80668 1.28073 0.0494102</i>
                        <i>0.500541 0.549713 0.668786 -0.816867 0.0440789 0.575139 0.286682 -0.83419 0.471106 4.33443 1.3385 0.0144813</i>
                        <i>0.543422 0.618957 0.567085 -0.78636 0.138889 0.601953 0.293821 -0.773047 0.562198 4.85452 1.39845 -0.0188259</i>
                        <i>0.572788 0.683738 0.452124 -0.755061 0.225411 0.615688 0.319056 -0.69404 0.645377 5.36812 1.4573 -0.047987</i>
                        <i>0.587369 0.738939 0.330101 -0.723445 0.296545 0.623448 0.362801 -0.605004 0.708764 5.87733 1.51175 -0.0713991</i>
                        <i>0.588279 0.781276 0.208652 -0.689522 0.349823 0.634179 0.422478 -0.516944 0.744501 6.38478 1.55844 -0.0885629</i>
                        <i>0.588279 0.781276 0.208652 -0.689522 0.349823 0.634179 0.422478 -0.516944 0.744501 6.90897 1.55844 -0.0885629</i>
                        <i>0.588279 0.781276 0.208652 -0.689522 0.349823 0.634179 0.422478 -0.516944 0.744501 7.43317 1.55844 -0.0885629</i>
                        <i>0.588279 0.781276 0.208652 -0.689522 0.349823 0.634179 0.422478 -0.516944 0.744501 7.95736 1.55844 -0.0885629</i>
                        <i>0.588279 0.781276 0.208652 -0.689522 0.349823 0.634179 0.422478 -0.516944 0.744501 8.48155 1.55844 -0.0885629</i>
                        <i>0.588279 0.781276 0.208652 -0.689522 0.349823 0.634179 0.422478 -0.516944 0.744501 9.00575 1.55844 -0.0885629</i>
                        <i>0.588279 0.781276 0.208652 -0.689522 0.349823 0.634179 0.422478 -0.516944 0.744501 9.52994 1.55844 -0.0885629</i>
                    </KeyFrames>
                </p>
            </i>
            <i>
                <p>
                    <Name><![CDATA[head]]></Name>
                    <Exclude>0</Exclude>
                    <Additive>0</Additive>
                    <IKPriority>0</IKPriority>
                    <IKRotLimits>-1e+010 -1e+010 -1e+010 1e+010 1e+010 1e+010</IKRotLimits>
                    <IKRotLimitOrder>0</IKRotLimitOrder>
                    <KeyFrames count="19">
                        <i>-0.0275354 0.560495 0.8277 0.0186359 0.828158 -0.560185 -0.999447 6.24112e-009 -0.033249 0.0390848 2.06378 0.0751159</i>
                        <i>0.0946945 0.676023 0.730771 -0.0868738 0.736881 -0.670417 -0.991709 2.37936e-008 0.128507 0.576467 1.63695 0.241839</i>
                        <i>0.123713 0.911119 0.393138 -0.273489 0.412144 -0.869104 -0.953886 -4.46655e-008 0.300169 1.14013 1.18995 0.346705</i>
                        <i>0.129511 0.947129 0.293554 -0.382583 0.320854 -0.86642 -0.914799 -9.73838e-005 0.403909 1.70412 1.18107 0.337661</i>
                        <i>0.119034 0.965427 0.231909 -0.437987 0.260672 -0.860359 -0.891066 0.000838963 0.453873 2.26639 1.19971 0.320004</i>
                        <i>0.109152 0.973452 0.201191 -0.440178 0.228809 -0.868268 -0.891252 0.00621339 0.453467 2.82469 1.24136 0.293986</i>
                        <i>0.107071 0.975581 0.191777 -0.392348 0.218691 -0.893441 -0.913564 0.0204182 0.406183 3.37689 1.30156 0.259961</i>
                        <i>0.114361 0.974407 0.193529 -0.309423 0.220054 -0.925113 -0.944023 0.0459149 0.32667 3.92127 1.3757 0.218698</i>
                        <i>0.130594 0.971763 0.196526 -0.222437 0.221889 -0.949361 -0.966161 0.0802661 0.245134 4.45679 1.45886 0.171559</i>
                        <i>0.154958 0.968862 0.193118 -0.16219 0.217777 -0.962428 -0.974516 0.117814 0.190886 4.98328 1.54579 0.120522</i>
                        <i>0.185211 0.966291 0.178825 -0.141796 0.206347 -0.96815 -0.972415 0.153955 0.175234 5.50148 1.63103 0.0680695</i>
                        <i>0.217115 0.964355 0.151261 -0.159198 0.187863 -0.969208 -0.963077 0.186349 0.194312 6.01304 1.70913 0.0169107</i>
                        <i>0.245086 0.963331 0.109205 -0.207002 0.162039 -0.964828 -0.947145 0.21386 0.239125 6.52033 1.77495 -0.0303887</i>
                        <i>0.245086 0.963331 0.109205 -0.207002 0.162039 -0.964828 -0.947145 0.21386 0.239125 7.04452 1.77495 -0.0303887</i>
                        <i>0.245086 0.963331 0.109205 -0.207002 0.162039 -0.964828 -0.947145 0.21386 0.239125 7.56871 1.77495 -0.0303887</i>
                        <i>0.245086 0.963331 0.109205 -0.207002 0.162039 -0.964828 -0.947145 0.21386 0.239125 8.09291 1.77495 -0.0303887</i>
                        <i>0.245086 0.963331 0.109205 -0.207002 0.162039 -0.964828 -0.947145 0.21386 0.239125 8.6171 1.77495 -0.0303887</i>
                        <i>0.245086 0.963331 0.109205 -0.207002 0.162039 -0.964828 -0.947145 0.21386 0.239125 9.14129 1.77495 -0.0303887</i>
                        <i>0.245086 0.963331 0.109205 -0.207002 0.162039 -0.964828 -0.947145 0.21386 0.239125 9.66549 1.77495 -0.0303887</i>
                    </KeyFrames>
                </p>
            </i>
            <i>
                <p>
                    <Name><![CDATA[head_prop]]></Name>
                    <Exclude>0</Exclude>
                    <Additive>0</Additive>
                    <IKPriority>0</IKPriority>
                    <IKRotLimits>-1e+010 -1e+010 -1e+010 1e+010 1e+010 1e+010</IKRotLimits>
                    <IKRotLimitOrder>0</IKRotLimitOrder>
                    <KeyFrames count="19">
                        <i>0.999447 -6.24112e-009 0.033249 -0.0275354 0.560495 0.8277 -0.0186359 -0.828158 0.560185 0.006918 1.92118 0.260024</i>
                        <i>0.991709 -2.37936e-008 -0.128507 0.0946945 0.676023 0.730771 0.0868738 -0.736881 0.670417 0.577 1.5232 0.448281</i>
                        <i>0.953886 4.46655e-008 -0.300169 0.123713 0.911119 0.393138 0.273489 -0.412144 0.869104 1.18527 1.16577 0.576783</i>
                        <i>0.914799 9.73838e-005 -0.403909 0.129511 0.947129 0.293554 0.382583 -0.320854 0.86642 1.77495 1.17985 0.56247</i>
                        <i>0.891066 -0.000838963 -0.453873 0.119034 0.965427 0.231909 0.437987 -0.260672 0.860359 2.34938 1.21325 0.540202</i>
                        <i>0.891252 -0.00621339 -0.453467 0.109152 0.973452 0.201191 0.440178 -0.228809 0.868268 2.90744 1.26271 0.513658</i>
                        <i>0.913564 -0.0204182 -0.406183 0.107071 0.975581 0.191777 0.392348 -0.218691 0.893441 3.44827 1.32568 0.483302</i>
                        <i>0.944023 -0.0459149 -0.32667 0.114361 0.974407 0.193529 0.309423 -0.220054 0.925113 3.97396 1.4001 0.447141</i>
                        <i>0.966161 -0.0802661 -0.245134 0.130594 0.971763 0.196526 0.222437 -0.221889 0.949361 4.49078 1.48355 0.403493</i>
                        <i>0.974516 -0.117814 -0.190886 0.154958 0.968862 0.193118 0.16219 -0.217777 0.962428 5.00546 1.57215 0.353698</i>
                        <i>0.972415 -0.153955 -0.175234 0.185211 0.966291 0.178825 0.141796 -0.206347 0.96815 5.52142 1.66068 0.301053</i>
                        <i>0.963077 -0.186349 -0.194312 0.217115 0.964355 0.151261 0.159198 -0.187863 0.969208 6.03945 1.74359 0.248585</i>
                        <i>0.947145 -0.21386 -0.239125 0.245086 0.963331 0.109205 0.207002 -0.162039 0.964828 6.55985 1.81579 0.198365</i>
                        <i>0.947145 -0.21386 -0.239125 0.245086 0.963331 0.109205 0.207002 -0.162039 0.964828 7.08404 1.81579 0.198365</i>
                        <i>0.947145 -0.21386 -0.239125 0.245086 0.963331 0.109205 0.207002 -0.162039 0.964828 7.60824 1.81579 0.198365</i>
                        <i>0.947145 -0.21386 -0.239125 0.245086 0.963331 0.109205 0.207002 -0.162039 0.964828 8.13243 1.81579 0.198365</i>
                        <i>0.947145 -0.21386 -0.239125 0.245086 0.963331 0.109205 0.207002 -0.162039 0.964828 8.65662 1.81579 0.198365</i>
                        <i>0.947145 -0.21386 -0.239125 0.245086 0.963331 0.109205 0.207002 -0.162039 0.964828 9.18082 1.81579 0.198365</i>
                        <i>0.947145 -0.21386 -0.239125 0.245086 0.963331 0.109205 0.207002 -0.162039 0.964828 9.70501 1.81579 0.198365</i>
                    </KeyFrames>
                </p>
            </i>
            <i>
                <p>
                    <Name><![CDATA[ponytail_1]]></Name>
                    <Exclude>0</Exclude>
                    <Additive>0</Additive>
                    <IKPriority>0</IKPriority>
                    <IKRotLimits>-1e+010 -1e+010 -1e+010 1e+010 1e+010 1e+010</IKRotLimits>
                    <IKRotLimitOrder>0</IKRotLimitOrder>
                    <KeyFrames count="19">
                        <i>0.972527 -0.145047 -0.182078 0.0342493 -0.684494 0.728213 -0.230257 -0.714443 -0.660721 0.027805 2.26381 0.142443</i>
                        <i>0.924211 -0.130208 -0.358999 0.222568 -0.58025 0.783437 -0.310319 -0.803962 -0.507294 0.572333 1.84476 0.280248</i>
                        <i>0.840022 -0.196745 -0.505624 0.461181 -0.231968 0.856448 -0.28579 -0.952619 -0.104123 1.11738 1.3958 0.30451</i>
                        <i>0.746115 -0.213837 -0.630544 0.611373 -0.155034 0.776007 -0.263695 -0.964489 0.0150609 1.66876 1.38132 0.28</i>
                        <i>0.666733 -0.235256 -0.707192 0.702956 -0.116765 0.701583 -0.247627 -0.964894 0.0875237 2.22241 1.39536 0.253202</i>
                        <i>0.614978 -0.258713 -0.744896 0.746323 -0.113995 0.655749 -0.254565 -0.959204 0.122979 2.77877 1.43433 0.221005</i>
                        <i>0.594056 -0.283826 -0.752689 0.750502 -0.141257 0.645596 -0.289559 -0.948414 0.129097 3.33653 1.49373 0.181754</i>
                        <i>0.592028 -0.310936 -0.74352 0.727833 -0.189877 0.658943 -0.346066 -0.931271 0.113897 3.89245 1.56807 0.136022</i>
                        <i>0.585855 -0.338976 -0.736117 0.698734 -0.248858 0.670701 -0.410541 -0.907284 0.0910595 4.44161 1.65134 0.0855526</i>
                        <i>0.556798 -0.364982 -0.746166 0.683348 -0.309429 0.661278 -0.47224 -0.87809 0.0771204 4.97981 1.73759 0.0317839</i>
                        <i>0.498411 -0.38619 -0.776172 0.688943 -0.36703 0.625017 -0.526254 -0.846254 0.0831311 5.50573 1.82126 -0.0239448</i>
                        <i>0.41252 -0.401615 -0.817639 0.710913 -0.419289 0.564624 -0.569588 -0.814188 0.112549 6.02051 1.89697 -0.0797013</i>
                        <i>0.304265 -0.412075 -0.858846 0.741048 -0.464124 0.485219 -0.598558 -0.784081 0.164151 6.52654 1.95957 -0.133108</i>
                        <i>0.834038 -0.448651 -0.321081 0.364277 0.0107467 0.931229 -0.414346 -0.893643 0.172396 7.05073 1.95957 -0.133108</i>
                        <i>0.808877 -0.447046 -0.381926 0.417855 -0.0199257 0.908295 -0.413659 -0.894289 0.170683 7.57493 1.95957 -0.133108</i>
                        <i>0.776554 -0.449608 -0.44138 0.469979 -0.053211 0.881072 -0.419623 -0.89164 0.169985 8.09912 1.95957 -0.133108</i>
                        <i>0.737685 -0.454737 -0.499033 0.519505 -0.0897601 0.84974 -0.431202 -0.886091 0.170024 8.62331 1.95957 -0.133108</i>
                        <i>0.692989 -0.46077 -0.554489 0.565397 -0.129859 0.814532 -0.447317 -0.877968 0.170527 9.14751 1.95957 -0.133108</i>
                        <i>0.643321 -0.466066 -0.607388 0.606765 -0.173423 0.775733 -0.466878 -0.867587 0.171226 9.6717 1.95957 -0.133108</i>
                    </KeyFrames>
                </p>
            </i>
            <i>
                <p>
                    <Name><![CDATA[ponytail_2]]></Name>
                    <Exclude>0</Exclude>
                    <Additive>0</Additive>
                    <IKPriority>0</IKPriority>
                    <IKRotLimits>-1e+010 -1e+010 -1e+010 1e+010 1e+010 1e+010</IKRotLimits>
                    <IKRotLimitOrder>0</IKRotLimitOrder>
                    <KeyFrames count="19">
                        <i>0.972527 -0.145047 -0.182078 -0.0547972 -0.902819 0.426515 -0.226248 -0.404819 -0.885964 0.0215401 2.33376 0.0532599</i>
                        <i>0.924211 -0.130208 -0.358999 0.0896267 -0.839861 0.535351 -0.371216 -0.526953 -0.764538 0.543949 1.90199 0.186418</i>
                        <i>0.840022 -0.196745 -0.505624 0.319966 -0.572979 0.754531 -0.438162 -0.795604 -0.418363 1.06227 1.41212 0.206617</i>
                        <i>0.746115 -0.213837 -0.630544 0.467451 -0.506146 0.72478 -0.474132 -0.835518 -0.277685 1.59691 1.38882 0.192439</i>
                        <i>0.666733 -0.235256 -0.707192 0.558359 -0.470835 0.683044 -0.493661 -0.850276 -0.182564 2.14038 1.39853 0.174807</i>
                        <i>0.614978 -0.258713 -0.744896 0.59594 -0.46613 0.653895 -0.516389 -0.846044 -0.132482 2.69176 1.43725 0.14816</i>
                        <i>0.594056 -0.283826 -0.752689 0.58666 -0.487338 0.646785 -0.550388 -0.825799 -0.122997 3.24868 1.49984 0.11012</i>
                        <i>0.592028 -0.310936 -0.74352 0.544416 -0.525951 0.653442 -0.594233 -0.79164 -0.142099 3.80658 1.57986 0.0627211</i>
                        <i>0.585855 -0.338976 -0.736117 0.49322 -0.571594 0.655755 -0.643045 -0.747245 -0.167681 4.35836 1.67004 0.010685</i>
                        <i>0.556798 -0.364982 -0.746166 0.455774 -0.616752 0.641784 -0.694439 -0.697428 -0.177057 4.89766 1.76344 -0.0421634</i>
                        <i>0.498411 -0.38619 -0.776172 0.440659 -0.658166 0.61044 -0.746596 -0.646278 -0.157859 5.42238 1.85395 -0.0937308</i>
                        <i>0.41252 -0.401615 -0.817639 0.444733 -0.694542 0.56553 -0.79501 -0.596923 -0.107901 5.93423 1.93591 -0.142355</i>
                        <i>0.304265 -0.412075 -0.858846 0.461771 -0.724776 0.51134 -0.833181 -0.552173 -0.0302396 6.43655 2.00388 -0.18625</i>
                        <i>0.834038 -0.448651 -0.321081 0.181852 -0.325893 0.927752 -0.520875 -0.83217 -0.190219 7.00525 1.94907 -0.23658</i>
                        <i>0.808877 -0.447046 -0.381926 0.23176 -0.35456 0.905856 -0.540374 -0.821242 -0.183188 7.52339 1.95253 -0.234005</i>
                        <i>0.776554 -0.449608 -0.44138 0.277821 -0.384409 0.880366 -0.56549 -0.806277 -0.173604 8.04163 1.95632 -0.230935</i>
                        <i>0.737685 -0.454737 -0.499033 0.319365 -0.416194 0.851345 -0.594833 -0.787399 -0.161793 8.56011 1.96051 -0.227393</i>
                        <i>0.692989 -0.46077 -0.554489 0.355836 -0.4503 0.818908 -0.627014 -0.764802 -0.148094 9.07895 1.96512 -0.223408</i>
                        <i>0.643321 -0.466066 -0.607388 0.38682 -0.486769 0.783215 -0.660688 -0.738809 -0.132865 9.59826 1.97016 -0.219015</i>
                    </KeyFrames>
                </p>
            </i>
            <i>
                <p>
                    <Name><![CDATA[ponytail_3]]></Name>
                    <Exclude>0</Exclude>
                    <Additive>0</Additive>
                    <IKPriority>0</IKPriority>
                    <IKRotLimits>-1e+010 -1e+010 -1e+010 1e+010 1e+010 1e+010</IKRotLimits>
                    <IKRotLimitOrder>0</IKRotLimitOrder>
                    <KeyFrames count="19">
                        <i>0.972527 -0.145047 -0.182078 -0.111206 -0.976614 0.184006 -0.20451 -0.158702 -0.965914 0.0250476 2.40452 0.0156229</i>
                        <i>0.924211 -0.130208 -0.358999 -0.00898002 -0.947227 0.320438 -0.381777 -0.292929 -0.876607 0.535318 1.96723 0.140534</i>
                        <i>0.840022 -0.196745 -0.505624 0.196354 -0.758519 0.621364 -0.505775 -0.621241 -0.598541 1.03492 1.45493 0.144522</i>
                        <i>0.746115 -0.213837 -0.630544 0.329605 -0.704217 0.628839 -0.578509 -0.677017 -0.454945 1.5576 1.42611 0.133277</i>
                        <i>0.666733 -0.235256 -0.707192 0.412419 -0.673897 0.613004 -0.620788 -0.70037 -0.352285 2.09371 1.43294 0.119361</i>
                        <i>0.614978 -0.258713 -0.744896 0.44288 -0.66826 0.597734 -0.652426 -0.697492 -0.296387 2.64199 1.4713 0.0952445</i>
                        <i>0.594056 -0.283826 -0.752689 0.425159 -0.683541 0.593306 -0.682889 -0.672469 -0.285391 3.19952 1.53566 0.0578115</i>
                        <i>0.592028 -0.310936 -0.74352 0.37305 -0.712056 0.594819 -0.714378 -0.62952 -0.305563 3.76063 1.61891 0.00980481</i>
                        <i>0.585855 -0.338976 -0.736117 0.311011 -0.744728 0.590467 -0.748362 -0.574869 -0.330878 4.31632 1.71292 -0.0425165</i>
                        <i>0.556798 -0.364982 -0.746166 0.261595 -0.775536 0.574553 -0.788381 -0.515103 -0.33634 4.85843 1.81014 -0.0942821</i>
                        <i>0.498411 -0.38619 -0.776172 0.233559 -0.802383 0.54921 -0.834887 -0.455015 -0.309719 5.38416 1.90417 -0.143263</i>
                        <i>0.41252 -0.401615 -0.817639 0.225029 -0.824824 0.518677 -0.882717 -0.397957 -0.249881 5.89549 1.98923 -0.188093</i>
                        <i>0.304265 -0.412075 -0.858846 0.231664 -0.842516 0.486311 -0.923988 -0.346931 -0.160885 6.3963 2.05981 -0.227342</i>
                        <i>0.834038 -0.448651 -0.321081 0.0415995 -0.52918 0.847489 -0.550136 -0.720195 -0.422692 6.98864 1.97193 -0.311665</i>
                        <i>0.808877 -0.447046 -0.381926 0.0848042 -0.554066 0.828142 -0.581829 -0.702254 -0.41026 7.50271 1.97773 -0.307308</i>
                        <i>0.776554 -0.449608 -0.44138 0.122845 -0.579056 0.80598 -0.617959 -0.680108 -0.394436 8.01716 1.98397 -0.302159</i>
                        <i>0.737685 -0.454737 -0.499033 0.155433 -0.604908 0.780979 -0.657009 -0.653683 -0.37555 8.53219 1.99078 -0.296245</i>
                        <i>0.692989 -0.46077 -0.554489 0.182388 -0.632045 0.753162 -0.697496 -0.623065 -0.353962 9.04798 1.99822 -0.289607</i>
                        <i>0.643321 -0.466066 -0.607388 0.203656 -0.660591 0.722595 -0.738013 -0.588559 -0.330055 9.56469 2.00628 -0.282294</i>
                    </KeyFrames>
                </p>
            </i>
            <i>
                <p>
                    <Name><![CDATA[l_clav]]></Name>
                    <Exclude>1</Exclude>
                    <Additive>0</Additive>
                    <IKPriority>0</IKPriority>
                    <IKRotLimits>-1e+010 -1e+010 -1e+010 1e+010 1e+010 1e+010</IKRotLimits>
                    <IKRotLimitOrder>0</IKRotLimitOrder>
                    <KeyFrames count="19">
                        <i>0.816363 0.56402 -0.12423 -0.489199 0.789639 0.370344 0.306978 -0.241562 0.92055 0.157858 1.83069 0.00667455</i>
                        <i>0.807491 0.582674 -0.0919225 -0.396575 0.651602 0.64664 0.436677 -0.485702 0.757236 0.657483 1.49036 0.103293</i>
                        <i>0.820893 0.567698 -0.062072 -0.254555 0.461035 0.850087 0.51121 -0.68203 0.522971 1.17891 1.1405 0.191332</i>
                        <i>0.809527 0.564217 -0.162254 -0.162571 0.481003 0.861514 0.564125 -0.671041 0.48111 1.72773 1.13241 0.181189</i>
                        <i>0.799594 0.546055 -0.249946 -0.0895042 0.519912 0.849518 0.593834 -0.656898 0.464593 2.27978 1.14556 0.163367</i>
                        <i>0.792734 0.512847 -0.329486 -0.032007 0.574798 0.817669 0.608728 -0.637648 0.472077 2.83151 1.17604 0.138009</i>
                        <i>0.788257 0.464704 -0.403363 0.0141851 0.641608 0.766902 0.615183 -0.610237 0.49916 3.37963 1.22012 0.106205</i>
                        <i>0.784165 0.402484 -0.472326 0.0529062 0.715005 0.697114 0.618294 -0.571641 0.539388 3.92148 1.27419 0.0698305</i>
                        <i>0.777877 0.328084 -0.535974 0.0867428 0.788674 0.608661 0.622401 -0.519956 0.585033 4.45533 1.33477 0.0312599</i>
                        <i>0.766706 0.244592 -0.59358 0.116618 0.85614 0.503414 0.631318 -0.455192 0.627883 4.98066 1.39839 -0.00699194</i>
                        <i>0.748098 0.156195 -0.644943 0.14173 0.911868 0.385239 0.648276 -0.379604 0.66003 5.49815 1.46155 -0.0426733</i>
                        <i>0.719678 0.0678116 -0.690988 0.159844 0.952304 0.259937 0.675658 -0.297521 0.674513 6.00962 1.52057 -0.0741816</i>
                        <i>0.679028 -0.0154588 -0.733949 0.167959 0.976531 0.134823 0.71464 -0.214822 0.665689 6.51769 1.57163 -0.100871</i>
                        <i>0.679028 -0.0154588 -0.733949 0.167959 0.976531 0.134823 0.71464 -0.214822 0.665689 7.04189 1.57163 -0.100871</i>
                        <i>0.679028 -0.0154588 -0.733949 0.167959 0.976531 0.134823 0.71464 -0.214822 0.665689 7.56608 1.57163 -0.100871</i>
                        <i>0.679028 -0.0154588 -0.733949 0.167959 0.976531 0.134823 0.71464 -0.214822 0.665689 8.09027 1.57163 -0.100871</i>
                        <i>0.679028 -0.0154588 -0.733949 0.167959 0.976531 0.134823 0.71464 -0.214822 0.665689 8.61447 1.57163 -0.100871</i>
                        <i>0.679028 -0.0154588 -0.733949 0.167959 0.976531 0.134823 0.71464 -0.214822 0.665689 9.13866 1.57163 -0.100871</i>
                        <i>0.679028 -0.0154588 -0.733949 0.167959 0.976531 0.134823 0.71464 -0.214822 0.665689 9.66286 1.57163 -0.100871</i>
                    </KeyFrames>
                </p>
            </i>
            <i>
                <p>
                    <Name><![CDATA[l_shoulder]]></Name>
                    <Exclude>1</Exclude>
                    <Additive>0</Additive>
                    <IKPriority>0</IKPriority>
                    <IKRotLimits>-1e+010 -1e+010 -1e+010 1e+010 1e+010 1e+010</IKRotLimits>
                    <IKRotLimitOrder>0</IKRotLimitOrder>
                    <KeyFrames count="19">
                        <i>0.428284 -0.901962 -0.0551171 0.890079 0.41054 0.198029 -0.155987 -0.133871 0.978645 0.33697 1.95443 -0.0205817</i>
                        <i>0.381098 -0.847654 -0.369116 0.924505 0.346186 0.159518 -0.00743316 -0.402042 0.915591 0.834647 1.6182 0.0831251</i>
                        <i>0.26751 -0.724458 -0.635295 0.958194 0.269466 0.0961906 0.101504 -0.634467 0.766256 1.35902 1.26505 0.177713</i>
                        <i>0.205693 -0.731378 -0.650213 0.961618 0.274355 -0.00439733 0.181605 -0.624352 0.75974 1.90486 1.25586 0.145686</i>
                        <i>0.165986 -0.739351 -0.65254 0.958656 0.276086 -0.068963 0.231145 -0.614114 0.754609 2.45343 1.26415 0.109085</i>
                        <i>0.144706 -0.749602 -0.645877 0.955197 0.27615 -0.106491 0.258184 -0.601529 0.755978 3.00172 1.28616 0.0672655</i>
                        <i>0.138323 -0.762867 -0.631585 0.952471 0.277233 -0.126259 0.271415 -0.584102 0.764957 3.54645 1.31846 0.0208442</i>
                        <i>0.143158 -0.77902 -0.610438 0.949505 0.2821 -0.137332 0.279189 -0.559953 0.780068 4.08469 1.35796 -0.0284804</i>
                        <i>0.155185 -0.79708 -0.583593 0.944694 0.292506 -0.148303 0.288914 -0.528303 0.798389 4.61439 1.40185 -0.0783309</i>
                        <i>0.170138 -0.815621 -0.553006 0.936502 0.308449 -0.166803 0.306622 -0.489512 0.816309 5.13462 1.44751 -0.126185</i>
                        <i>0.183819 -0.833339 -0.521303 0.923504 0.328061 -0.198788 0.336677 -0.444885 0.829895 5.64576 1.49237 -0.169931</i>
                        <i>0.192431 -0.849507 -0.491232 0.904059 0.348152 -0.247927 0.381639 -0.396393 0.834999 6.14935 1.53374 -0.208342</i>
                        <i>0.192812 -0.864079 -0.464963 0.875921 0.365138 -0.315336 0.442251 -0.34647 0.827268 6.6477 1.56867 -0.241392</i>
                        <i>0.192812 -0.864079 -0.464963 0.875921 0.365138 -0.315336 0.442251 -0.34647 0.827268 7.17189 1.56867 -0.241392</i>
                        <i>0.192812 -0.864079 -0.464963 0.875921 0.365138 -0.315336 0.442251 -0.34647 0.827268 7.69609 1.56867 -0.241392</i>
                        <i>0.192812 -0.864079 -0.464963 0.875921 0.365138 -0.315336 0.442251 -0.34647 0.827268 8.22028 1.56867 -0.241392</i>
                        <i>0.192812 -0.864079 -0.464963 0.875921 0.365138 -0.315336 0.442251 -0.34647 0.827268 8.74447 1.56867 -0.241392</i>
                        <i>0.192812 -0.864079 -0.464963 0.875921 0.365138 -0.315336 0.442251 -0.34647 0.827268 9.26867 1.56867 -0.241392</i>
                        <i>0.192812 -0.864079 -0.464963 0.875921 0.365138 -0.315336 0.442251 -0.34647 0.827268 9.79286 1.56867 -0.241392</i>
                    </KeyFrames>
                </p>
            </i>
            <i>
                <p>
                    <Name><![CDATA[l_elbow]]></Name>
                    <Exclude>1</Exclude>
                    <Additive>0</Additive>
                    <IKPriority>0</IKPriority>
                    <IKRotLimits>-1e+010 -1e+010 -1e+010 1e+010 1e+010 1e+010</IKRotLimits>
                    <IKRotLimitOrder>0</IKRotLimitOrder>
                    <KeyFrames count="19">
                        <i>-0.0671284 -0.31667 0.946157 0.889659 0.410282 0.200438 -0.451664 0.855213 0.254187 0.47628 1.66105 -0.03851</i>
                        <i>0.068536 -0.567888 0.820247 0.924453 0.345265 0.161797 -0.375085 0.747192 0.548649 0.95861 1.34247 -0.0369399</i>
                        <i>0.151831 -0.769986 0.619734 0.958419 0.267964 0.0981241 -0.24162 0.579066 0.778654 1.44603 1.0294 -0.0289332</i>
                        <i>0.215691 -0.754802 0.619477 0.962045 0.272878 -0.00247862 -0.167171 0.5965 0.785011 1.97177 1.01796 -0.0658128</i>
                        <i>0.252806 -0.727125 0.638262 0.959208 0.274634 -0.0670574 -0.126529 0.629178 0.766893 2.50743 1.02365 -0.103172</i>
                        <i>0.271087 -0.686175 0.675038 0.955817 0.274728 -0.104584 -0.113689 0.673564 0.730333 3.04879 1.04233 -0.142823</i>
                        <i>0.277125 -0.630886 0.724696 0.953125 0.275853 -0.124332 -0.12147 0.725182 0.677759 3.59144 1.07032 -0.184596</i>
                        <i>0.276932 -0.561068 0.780071 0.950178 0.280779 -0.135371 -0.143075 0.778695 0.610871 4.13126 1.10457 -0.227042</i>
                        <i>0.276347 -0.47826 0.833606 0.94539 0.291262 -0.146301 -0.172828 0.828513 0.532631 4.66486 1.14258 -0.26816</i>
                        <i>0.280999 -0.385909 0.8787 0.937241 0.3073 -0.16476 -0.206442 0.869851 0.44804 5.18996 1.1822 -0.306065</i>
                        <i>0.295961 -0.288841 0.910482 0.924317 0.32702 -0.196715 -0.240927 0.899794 0.363766 5.70555 1.2213 -0.339499</i>
                        <i>0.325322 -0.192386 0.925826 0.904982 0.34723 -0.245844 -0.274178 0.917834 0.287067 6.21195 1.25741 -0.368129</i>
                        <i>0.371824 -0.101611 0.922725 0.876993 0.364337 -0.313275 -0.304351 0.925707 0.224582 6.71042 1.2876 -0.392634</i>
                        <i>0.371824 -0.101611 0.922725 0.876993 0.364337 -0.313275 -0.304351 0.925707 0.224582 7.23461 1.2876 -0.392634</i>
                        <i>0.371824 -0.101611 0.922725 0.876993 0.364337 -0.313275 -0.304351 0.925707 0.224582 7.7588 1.2876 -0.392634</i>
                        <i>0.371824 -0.101611 0.922725 0.876993 0.364337 -0.313275 -0.304351 0.925707 0.224582 8.283 1.2876 -0.392634</i>
                        <i>0.371824 -0.101611 0.922725 0.876993 0.364337 -0.313275 -0.304351 0.925707 0.224582 8.80719 1.2876 -0.392634</i>
                        <i>0.371824 -0.101611 0.922725 0.876993 0.364337 -0.313275 -0.304351 0.925707 0.224582 9.33138 1.2876 -0.392634</i>
                        <i>0.371824 -0.101611 0.922725 0.876993 0.364337 -0.313275 -0.304351 0.925707 0.224582 9.85558 1.2876 -0.392634</i>
                    </KeyFrames>
                </p>
            </i>
            <i>
                <p>
                    <Name><![CDATA[l_forearm]]></Name>
                    <Exclude>1</Exclude>
                    <Additive>0</Additive>
                    <IKPriority>0</IKPriority>
                    <IKRotLimits>-1e+010 -1e+010 -1e+010 1e+010 1e+010 1e+010</IKRotLimits>
                    <IKRotLimitOrder>0</IKRotLimitOrder>
                    <KeyFrames count="19">
                        <i>-0.0671277 -0.31667 0.946158 0.9971 -0.055355 0.0522152 0.0358395 0.946919 0.319468 0.465363 1.60954 0.115372</i>
                        <i>0.0685368 -0.567888 0.820247 0.990443 -0.0599063 -0.124233 0.119688 0.820923 0.558355 0.969756 1.25011 0.096464</i>
                        <i>0.151832 -0.769985 0.619734 0.955504 -0.046088 -0.291355 0.252902 0.636395 0.728727 1.47073 0.904173 0.0718593</i>
                        <i>0.215692 -0.754802 0.619477 0.920044 -0.0554236 -0.387875 0.327102 0.653607 0.682496 2.00685 0.895202 0.0349379</i>
                        <i>0.252807 -0.727125 0.638262 0.889307 -0.0851998 -0.449304 0.38108 0.681198 0.625098 2.54854 0.905393 0.000634399</i>
                        <i>0.271087 -0.686175 0.675038 0.865752 -0.132696 -0.482561 0.420696 0.715231 0.558085 3.09288 0.930728 -0.0330361</i>
