<?xml version="1.0" encoding="ISO-8859-1" ?>
<Animl Version="1">
    <ModellingPackage><![CDATA[Maya.2010]]></ModellingPackage>
    <SrcFile><![CDATA[anims\characters\shared\commando\~src\commando_land_backleft.mb]]></SrcFile>
    <FramesPerSecond>30</FramesPerSecond>
    <TotalFrames>19</TotalFrames>
    <Skeleton>
        <RefFrame>
            <Name><![CDATA[commando_ref_frame]]></Name>
            <Exclude>0</Exclude>
            <Additive>0</Additive>
            <IKPriority>0</IKPriority>
            <IKRotLimits>-1e+010 -1e+010 -1e+010 1e+010 1e+010 1e+010</IKRotLimits>
            <IKRotLimitOrder>0</IKRotLimitOrder>
            <KeyFrames count="19">
                <i>1 0 0 0 1 0 0 0 1 0.101653 0 -0.176406</i>
                <i>1 0 0 0 1 0 0 0 1 0.602343 0 -0.0920491</i>
                <i>1 0 0 0 1 0 0 0 1 1.08178 0 -0.019376</i>
                <i>1 0 0 0 1 0 0 0 1 1.60737 0 -0.0201574</i>
                <i>1 0 0 0 1 0 0 0 1 2.1383 0 -0.0241761</i>
                <i>1 0 0 0 1 0 0 0 1 2.67486 0 -0.0288897</i>
                <i>1 0 0 0 1 0 0 0 1 3.2166 0 -0.0319514</i>
                <i>1 0 0 0 1 0 0 0 1 3.7624 0 -0.0313931</i>
                <i>1 0 0 0 1 0 0 0 1 4.31062 0 -0.0257748</i>
                <i>1 0 0 0 1 0 0 0 1 4.85927 0 -0.0142942</i>
                <i>1 0 0 0 1 0 0 0 1 5.40622 0 0.00315031</i>
                <i>1 0 0 0 1 0 0 0 1 5.94939 0 0.0259448</i>
                <i>1 0 0 0 1 0 0 0 1 6.48692 0 0.052794</i>
                <i>1 0 0 0 1 0 0 0 1 7.01111 0 0.052794</i>
                <i>1 0 0 0 1 0 0 0 1 7.53531 0 0.052794</i>
                <i>1 0 0 0 1 0 0 0 1 8.0595 0 0.052794</i>
                <i>1 0 0 0 1 0 0 0 1 8.58369 0 0.052794</i>
                <i>1 0 0 0 1 0 0 0 1 9.10789 0 0.052794</i>
                <i>1 0 0 0 1 0 0 0 1 9.63208 0 0.052794</i>
            </KeyFrames>
        </RefFrame>
        <Bones count="28">
            <i>
                <p>
                    <Name><![CDATA[pelvis]]></Name>
                    <Exclude>0</Exclude>
                    <Additive>0</Additive>
                    <IKPriority>0</IKPriority>
                    <IKRotLimits>-1e+010 -1e+010 -1e+010 1e+010 1e+010 1e+010</IKRotLimits>
                    <IKRotLimitOrder>2</IKRotLimitOrder>
                    <KeyFrames count="19">
                        <i>1 0 0 0 1 0 0 0 1 0.102546 1.31613 -0.202753</i>
                        <i>1 0 0 0 1 0 0 0 1 0.606556 1.07859 -0.117102</i>
                        <i>1 0 0 0 1 0 0 0 1 1.08895 0.829423 -0.0424828</i>
                        <i>1 0 0 0 1 0 0 0 1 1.61727 0.814658 -0.0421607</i>
                        <i>1 0 0 0 1 0 0 0 1 2.14999 0.814577 -0.0442899</i>
                        <i>1 0 0 0 1 0 0 0 1 2.68735 0.826729 -0.0465768</i>
                        <i>1 0 0 0 1 0 0 0 1 3.22895 0.848669 -0.0468767</i>
                        <i>1 0 0 0 1 0 0 0 1 3.77375 0.877928 -0.0433915</i>
                        <i>1 0 0 0 1 0 0 0 1 4.3203 0.911995 -0.0348336</i>
                        <i>1 0 0 0 1 0 0 0 1 4.86677 0.948299 -0.0205448</i>
                        <i>1 0 0 0 1 0 0 0 1 5.41125 0.984197 -0.000565504</i>
                        <i>1 0 0 0 1 0 0 0 1 5.95185 1.01698 0.0243533</i>
                        <i>1 0 0 0 1 0 0 0 1 6.48692 1.04386 0.052794</i>
                        <i>1 0 0 0 1 0 0 0 1 7.01111 1.04386 0.052794</i>
                        <i>1 0 0 0 1 0 0 0 1 7.53531 1.04386 0.052794</i>
                        <i>1 0 0 0 1 0 0 0 1 8.0595 1.04386 0.052794</i>
                        <i>1 0 0 0 1 0 0 0 1 8.58369 1.04386 0.052794</i>
                        <i>1 0 0 0 1 0 0 0 1 9.10789 1.04386 0.052794</i>
                        <i>1 0 0 0 1 0 0 0 1 9.63208 1.04386 0.052794</i>
                    </KeyFrames>
                </p>
            </i>
            <i>
                <p>
                    <Name><![CDATA[spine0]]></Name>
                    <Exclude>0</Exclude>
                    <Additive>0</Additive>
                    <IKPriority>0</IKPriority>
                    <IKRotLimits>-1e+010 -1e+010 -1e+010 1e+010 1e+010 1e+010</IKRotLimits>
                    <IKRotLimitOrder>0</IKRotLimitOrder>
                    <KeyFrames count="19">
                        <i>-0.0421832 0.94045 0.337303 -0.916211 0.0982329 -0.388469 -0.39847 -0.325428 0.857507 0.132693 1.45592 -0.21846</i>
                        <i>-0.111196 0.898561 0.424527 -0.866527 0.121491 -0.484118 -0.486586 -0.421697 0.765118 0.64815 1.215 -0.135977</i>
                        <i>-0.229219 0.830597 0.507511 -0.812596 0.123748 -0.569539 -0.535861 -0.54295 0.646574 1.14359 0.960433 -0.0658639</i>
                        <i>-0.261936 0.859692 0.438543 -0.736171 0.115849 -0.666807 -0.624053 -0.497503 0.602535 1.67778 0.943114 -0.0652777</i>
                        <i>-0.264141 0.894749 0.360076 -0.657138 0.106314 -0.746235 -0.705974 -0.433731 0.559891 2.21535 0.940623 -0.0674535</i>
                        <i>-0.240527 0.929885 0.278316 -0.578455 0.0929299 -0.810403 -0.779446 -0.355918 0.515545 2.75679 0.950451 -0.0703929</i>
                        <i>-0.197779 0.960028 0.198068 -0.502437 0.074215 -0.861423 -0.841689 -0.269887 0.467676 3.30193 0.970055 -0.0720823</i>
                        <i>-0.142782 0.982102 0.122836 -0.430498 0.0501299 -0.901198 -0.891226 -0.181556 0.415636 3.84997 0.996844 -0.0706954</i>
                        <i>-0.081019 0.995196 0.0549556 -0.362922 0.0218961 -0.931562 -0.928291 -0.0954188 0.359404 4.39969 1.02817 -0.0647579</i>
                        <i>-0.0158291 0.999866 -0.0040867 -0.298809 -0.00863084 -0.954274 -0.954182 -0.0138841 0.298905 4.94954 1.06133 -0.053267</i>
                        <i>0.0512956 0.997269 -0.0531388 -0.236177 -0.0395859 -0.970903 -0.970355 0.0623532 0.233502 5.49783 1.09356 -0.035766</i>
                        <i>0.11983 0.988624 -0.0909029 -0.172142 -0.0694854 -0.982618 -0.977756 0.133396 0.161858 6.04294 1.1221 -0.0123633</i>
                        <i>0.189313 0.975086 -0.115623 -0.103143 -0.0973532 -0.989891 -0.976485 0.199324 0.0821432 6.58341 1.14413 0.0163067</i>
                        <i>0.189313 0.975086 -0.115623 -0.103143 -0.0973532 -0.989891 -0.976485 0.199324 0.0821432 7.1076 1.14413 0.0163067</i>
                        <i>0.189313 0.975086 -0.115623 -0.103143 -0.0973532 -0.989891 -0.976485 0.199324 0.0821432 7.6318 1.14413 0.0163067</i>
                        <i>0.189313 0.975086 -0.115623 -0.103143 -0.0973532 -0.989891 -0.976485 0.199324 0.0821432 8.15599 1.14413 0.0163067</i>
                        <i>0.189313 0.975086 -0.115623 -0.103143 -0.0973532 -0.989891 -0.976485 0.199324 0.0821432 8.68018 1.14413 0.0163067</i>
                        <i>0.189313 0.975086 -0.115623 -0.103143 -0.0973532 -0.989891 -0.976485 0.199324 0.0821432 9.20438 1.14413 0.0163067</i>
                        <i>0.189313 0.975086 -0.115623 -0.103143 -0.0973532 -0.989891 -0.976485 0.199324 0.0821432 9.72857 1.14413 0.0163067</i>
                    </KeyFrames>
                </p>
            </i>
            <i>
                <p>
                    <Name><![CDATA[spine1]]></Name>
                    <Exclude>0</Exclude>
                    <Additive>0</Additive>
                    <IKPriority>0</IKPriority>
                    <IKRotLimits>-1e+010 -1e+010 -1e+010 1e+010 1e+010 1e+010</IKRotLimits>
                    <IKRotLimitOrder>0</IKRotLimitOrder>
                    <KeyFrames count="19">
                        <i>-0.207113 0.834417 0.510736 -0.972645 -0.11949 -0.199209 -0.105196 -0.538024 0.83634 0.124782 1.63323 -0.154964</i>
                        <i>-0.380562 0.589456 0.712541 -0.921956 -0.181934 -0.341902 -0.0719007 -0.787046 0.612689 0.628329 1.37536 -0.060258</i>
                        <i>-0.555627 0.285223 0.780978 -0.82767 -0.278992 -0.486955 0.0789957 -0.916957 0.391087 1.10365 1.10522 0.0225867</i>
                        <i>-0.633329 0.338397 0.695976 -0.773812 -0.289061 -0.563612 0.0104545 -0.895506 0.444926 1.63241 1.09203 0.0106789</i>
                        <i>-0.671654 0.416236 0.612886 -0.736235 -0.282647 -0.614873 -0.0827014 -0.86421 0.496288 2.16995 1.0944 -0.0055696</i>
                        <i>-0.674004 0.512179 0.532345 -0.712914 -0.262141 -0.650412 -0.193578 -0.817896 0.541824 2.71576 1.10905 -0.0229216</i>
                        <i>-0.642263 0.618194 0.453139 -0.699347 -0.230669 -0.67654 -0.313708 -0.751418 0.580482 3.26837 1.13288 -0.0384833</i>
                        <i>-0.578785 0.724528 0.374255 -0.690681 -0.19154 -0.697332 -0.433552 -0.662096 0.611278 3.82579 1.16314 -0.0498907</i>
                        <i>-0.48827 0.820903 0.29616 -0.682564 -0.14777 -0.715731 -0.543782 -0.551618 0.63247 4.38592 1.19729 -0.0554151</i>
                        <i>-0.378421 0.898831 0.221134 -0.671198 -0.101945 -0.734235 -0.63741 -0.426274 0.641872 4.94682 1.23287 -0.0539682</i>
                        <i>-0.258913 0.953757 0.152681 -0.653125 -0.0564148 -0.755146 -0.711612 -0.295237 0.637529 5.50678 1.26722 -0.0450228</i>
                        <i>-0.139419 0.985712 0.0945162 -0.62506 -0.0135731 -0.780459 -0.768025 -0.167889 0.618022 6.06423 1.29747 -0.0284947</i>
                        <i>-0.027998 0.998372 0.0496997 -0.583795 0.0240276 -0.811545 -0.811418 -0.0517361 0.582172 6.61772 1.32058 -0.0046219</i>
                        <i>-0.027998 0.998372 0.0496997 -0.583795 0.0240276 -0.811545 -0.811418 -0.0517361 0.582172 7.14192 1.32058 -0.0046219</i>
                        <i>-0.027998 0.998372 0.0496997 -0.583795 0.0240276 -0.811545 -0.811418 -0.0517361 0.582172 7.66611 1.32058 -0.0046219</i>
                        <i>-0.027998 0.998372 0.0496997 -0.583795 0.0240276 -0.811545 -0.811418 -0.0517361 0.582172 8.1903 1.32058 -0.0046219</i>
                        <i>-0.027998 0.998372 0.0496997 -0.583795 0.0240276 -0.811545 -0.811418 -0.0517361 0.582172 8.7145 1.32058 -0.0046219</i>
                        <i>-0.027998 0.998372 0.0496997 -0.583795 0.0240276 -0.811545 -0.811418 -0.0517361 0.582172 9.23869 1.32058 -0.0046219</i>
                        <i>-0.027998 0.998372 0.0496997 -0.583795 0.0240276 -0.811545 -0.811418 -0.0517361 0.582172 9.76289 1.32058 -0.0046219</i>
                    </KeyFrames>
                </p>
            </i>
            <i>
                <p>
                    <Name><![CDATA[spine2]]></Name>
                    <Exclude>0</Exclude>
                    <Additive>0</Additive>
                    <IKPriority>0</IKPriority>
                    <IKRotLimits>-1e+010 -1e+010 -1e+010 1e+010 1e+010 1e+010</IKRotLimits>
                    <IKRotLimitOrder>0</IKRotLimitOrder>
                    <KeyFrames count="19">
                        <i>-0.207197 0.785633 0.582966 -0.967669 -0.252191 -0.00406269 0.143827 -0.56496 0.812486 0.0890875 1.77782 -0.0660684</i>
                        <i>-0.329792 0.536275 0.776947 -0.937138 -0.2854 -0.200796 0.114059 -0.794327 0.596686 0.566181 1.47182 0.0568015</i>
                        <i>-0.452101 0.283776 0.845621 -0.882997 -0.276498 -0.379295 0.126178 -0.918161 0.375578 1.01505 1.1506 0.147775</i>
                        <i>-0.537298 0.347693 0.768388 -0.841587 -0.280618 -0.461504 0.0551614 -0.89463 0.443389 1.53199 1.14561 0.121614</i>
                        <i>-0.580189 0.431195 0.690978 -0.814205 -0.28495 -0.50584 -0.0212216 -0.856081 0.516406 2.06423 1.15987 0.0914307</i>
                        <i>-0.585442 0.528244 0.614993 -0.804541 -0.285115 -0.520983 -0.0998626 -0.799792 0.591912 2.61045 1.18907 0.0607642</i>
                        <i>-0.556467 0.631972 0.539403 -0.811997 -0.276058 -0.514251 -0.176085 -0.724157 0.666776 3.16855 1.22901 0.0324401</i>
                        <i>-0.496675 0.734442 0.462504 -0.832743 -0.253034 -0.492456 -0.244651 -0.629737 0.737277 3.73597 1.2757 0.00868996</i>
                        <i>-0.410849 0.82715 0.383439 -0.860591 -0.213006 -0.462614 -0.300977 -0.520048 0.799351 4.30987 1.32538 -0.00876548</i>
                        <i>-0.305932 0.90247 0.303239 -0.888258 -0.155935 -0.432068 -0.342643 -0.401537 0.849331 4.88733 1.37454 -0.0186494</i>
                        <i>-0.190679 0.955499 0.225085 -0.908971 -0.0852714 -0.408046 -0.370694 -0.282402 0.88478 5.46548 1.41987 -0.0200781</i>
                        <i>-0.0742994 0.985322 0.153687 -0.917808 -0.00729201 -0.396959 -0.390011 -0.170549 0.904878 6.04159 1.45827 -0.0125163</i>
                        <i>0.0351226 0.994943 0.0941032 -0.912101 0.0703974 -0.403876 -0.408458 -0.0716465 0.909961 6.61312 1.48679 0.00426686</i>
                        <i>0.0351226 0.994943 0.0941032 -0.912101 0.0703974 -0.403876 -0.408458 -0.0716465 0.909961 7.13731 1.48679 0.00426686</i>
                        <i>0.0351226 0.994943 0.0941032 -0.912101 0.0703974 -0.403876 -0.408458 -0.0716465 0.909961 7.66151 1.48679 0.00426686</i>
                        <i>0.0351226 0.994943 0.0941032 -0.912101 0.0703974 -0.403876 -0.408458 -0.0716465 0.909961 8.1857 1.48679 0.00426686</i>
                        <i>0.0351226 0.994943 0.0941032 -0.912101 0.0703974 -0.403876 -0.408458 -0.0716465 0.909961 8.70989 1.48679 0.00426686</i>
                        <i>0.0351226 0.994943 0.0941032 -0.912101 0.0703974 -0.403876 -0.408458 -0.0716465 0.909961 9.23409 1.48679 0.00426686</i>
                        <i>0.0351226 0.994943 0.0941032 -0.912101 0.0703974 -0.403876 -0.408458 -0.0716465 0.909961 9.75828 1.48679 0.00426686</i>
                    </KeyFrames>
                </p>
            </i>
            <i>
                <p>
                    <Name><![CDATA[head]]></Name>
                    <Exclude>0</Exclude>
                    <Additive>0</Additive>
                    <IKPriority>0</IKPriority>
                    <IKRotLimits>-1e+010 -1e+010 -1e+010 1e+010 1e+010 1e+010</IKRotLimits>
                    <IKRotLimitOrder>0</IKRotLimitOrder>
                    <KeyFrames count="19">
                        <i>-0.0275354 0.560495 0.8277 0.0186359 0.828158 -0.560185 -0.999447 6.24112e-009 -0.033249 0.0390848 2.06378 0.0751159</i>
                        <i>-0.0968182 0.672789 0.733472 0.0880443 0.739835 -0.667003 -0.9914 -3.13841e-008 -0.130865 0.50907 1.63399 0.256837</i>
                        <i>-0.0894308 0.911119 0.402324 0.197703 0.412144 -0.88941 -0.976174 -4.46655e-008 -0.216989 0.954482 1.18995 0.346125</i>
                        <i>-0.0963307 0.947462 0.305019 0.285334 0.319869 -0.903476 -0.953575 -4.90243e-008 -0.301156 1.45032 1.19482 0.306671</i>
                        <i>-0.0798272 0.965055 0.249591 0.293986 0.262046 -0.919187 -0.95247 4.27094e-009 -0.304631 1.96876 1.22708 0.263648</i>
                        <i>-0.0529757 0.974049 0.220049 0.227984 0.226336 -0.946993 -0.972223 -2.50811e-008 -0.234058 2.5081 1.28089 0.219853</i>
                        <i>-0.0228485 0.979927 0.198044 0.11231 0.199358 -0.97347 -0.993411 8.01236e-009 -0.114611 3.06653 1.35006 0.177028</i>
                        <i>1.93514e-005 0.984955 0.172808 -0.000110135 0.172808 -0.984955 -1 3.17557e-009 0.000111821 3.64172 1.42813 0.136496</i>
                        <i>0.00978812 0.989306 0.145523 -0.0663927 0.145851 -0.987076 -0.997746 6.21863e-009 0.0671103 4.23046 1.5086 0.0995682</i>
                        <i>0.00948525 0.992815 0.119284 -0.0786984 0.119661 -0.989691 -0.996853 7.56262e-009 0.0792679 4.82869 1.58533 0.0678125</i>
                        <i>0.00450577 0.995557 0.0940512 -0.0476404 0.094159 -0.994417 -0.998854 2.29691e-008 0.047853 5.43173 1.65296 0.043173</i>
                        <i>-0.000992441 0.997656 0.0684217 0.0144694 0.0684288 -0.997551 -0.999895 2.44841e-008 -0.0145034 6.0347 1.70723 0.0279312</i>
                        <i>-0.00406582 0.999147 0.0411013 0.0983572 0.0413019 -0.994294 -0.995143 1.15231e-008 -0.0984412 6.63286 1.74505 0.0245014</i>
                        <i>-0.00406582 0.999147 0.0411013 0.0983572 0.0413019 -0.994294 -0.995143 1.15231e-008 -0.0984412 7.15705 1.74505 0.0245014</i>
                        <i>-0.00406582 0.999147 0.0411013 0.0983572 0.0413019 -0.994294 -0.995143 1.15231e-008 -0.0984412 7.68124 1.74505 0.0245014</i>
                        <i>-0.00406582 0.999147 0.0411013 0.0983572 0.0413019 -0.994294 -0.995143 1.15231e-008 -0.0984412 8.20544 1.74505 0.0245014</i>
                        <i>-0.00406582 0.999147 0.0411013 0.0983572 0.0413019 -0.994294 -0.995143 1.15231e-008 -0.0984412 8.72963 1.74505 0.0245014</i>
                        <i>-0.00406582 0.999147 0.0411013 0.0983572 0.0413019 -0.994294 -0.995143 1.15231e-008 -0.0984412 9.25382 1.74505 0.0245014</i>
                        <i>-0.00406582 0.999147 0.0411013 0.0983572 0.0413019 -0.994294 -0.995143 1.15231e-008 -0.0984412 9.77802 1.74505 0.0245014</i>
                    </KeyFrames>
                </p>
            </i>
            <i>
                <p>
                    <Name><![CDATA[head_prop]]></Name>
                    <Exclude>0</Exclude>
                    <Additive>0</Additive>
                    <IKPriority>0</IKPriority>
                    <IKRotLimits>-1e+010 -1e+010 -1e+010 1e+010 1e+010 1e+010</IKRotLimits>
                    <IKRotLimitOrder>0</IKRotLimitOrder>
                    <KeyFrames count="19">
                        <i>0.999447 -6.24112e-009 0.033249 -0.0275354 0.560495 0.8277 -0.0186359 -0.828158 0.560185 0.006918 1.92118 0.260024</i>
                        <i>0.9914 3.13841e-008 0.130865 -0.0968182 0.672789 0.733472 -0.0880443 -0.739835 0.667003 0.456557 1.51934 0.455975</i>
                        <i>0.976174 4.46655e-008 0.216989 -0.0894308 0.911119 0.402324 -0.197703 -0.412144 0.88941 0.878538 1.16577 0.56795</i>
                        <i>0.953575 4.90243e-008 0.301156 -0.0963307 0.947462 0.305019 -0.285334 -0.319869 0.903476 1.35498 1.19384 0.522232</i>
                        <i>0.95247 -4.27094e-009 0.304631 -0.0798272 0.965055 0.249591 -0.293986 -0.262046 0.919187 1.87274 1.24026 0.478509</i>
                        <i>0.972223 2.50811e-008 0.234058 -0.0529757 0.974049 0.220049 -0.227984 -0.226336 0.946993 2.42822 1.30267 0.440543</i>
                        <i>0.993411 -8.01236e-009 0.114611 -0.0228485 0.979927 0.198044 -0.11231 -0.199358 0.97347 3.01405 1.37827 0.40508</i>
                        <i>1 -3.17557e-009 -0.000111821 1.93514e-005 0.984955 0.172808 0.000110135 -0.172808 0.984955 3.61574 1.46262 0.368216</i>
                        <i>0.997746 -6.21863e-009 -0.0671103 0.00978812 0.989306 0.145523 0.0663927 -0.145851 0.987076 4.22 1.5494 0.331482</i>
                        <i>0.996853 -7.56262e-009 -0.0792679 0.00948525 0.992815 0.119284 0.0786984 -0.119661 0.989691 4.82096 1.63221 0.298682</i>
                        <i>0.998854 -2.29691e-008 -0.047853 0.00450577 0.995557 0.0940512 0.0476404 -0.094159 0.994417 5.41668 1.70571 0.272408</i>
                        <i>0.999895 -2.44841e-008 0.0145034 -0.000992441 0.997656 0.0684217 -0.0144694 -0.0684288 0.997551 6.00541 1.76586 0.254345</i>
                        <i>0.995143 -1.15231e-008 0.0984412 -0.00406582 0.999147 0.0411013 -0.0983572 -0.0413019 0.994294 6.58482 1.80982 0.245987</i>
                        <i>0.995143 -1.15231e-008 0.0984412 -0.00406582 0.999147 0.0411013 -0.0983572 -0.0413019 0.994294 7.10901 1.80982 0.245987</i>
                        <i>0.995143 -1.15231e-008 0.0984412 -0.00406582 0.999147 0.0411013 -0.0983572 -0.0413019 0.994294 7.63321 1.80982 0.245987</i>
                        <i>0.995143 -1.15231e-008 0.0984412 -0.00406582 0.999147 0.0411013 -0.0983572 -0.0413019 0.994294 8.1574 1.80982 0.245987</i>
                        <i>0.995143 -1.15231e-008 0.0984412 -0.00406582 0.999147 0.0411013 -0.0983572 -0.0413019 0.994294 8.68159 1.80982 0.245987</i>
                        <i>0.995143 -1.15231e-008 0.0984412 -0.00406582 0.999147 0.0411013 -0.0983572 -0.0413019 0.994294 9.20579 1.80982 0.245987</i>
                        <i>0.995143 -1.15231e-008 0.0984412 -0.00406582 0.999147 0.0411013 -0.0983572 -0.0413019 0.994294 9.72998 1.80982 0.245987</i>
                    </KeyFrames>
                </p>
            </i>
            <i>
                <p>
                    <Name><![CDATA[ponytail_1]]></Name>
                    <Exclude>0</Exclude>
                    <Additive>0</Additive>
                    <IKPriority>0</IKPriority>
                    <IKRotLimits>-1e+010 -1e+010 -1e+010 1e+010 1e+010 1e+010</IKRotLimits>
                    <IKRotLimitOrder>0</IKRotLimitOrder>
                    <KeyFrames count="19">
                        <i>0.972527 -0.145047 -0.182078 0.0342493 -0.684494 0.728213 -0.230257 -0.714443 -0.660721 0.027805 2.26381 0.142443</i>
                        <i>0.989285 -0.100612 -0.105796 0.00787628 -0.686804 0.7268 -0.145786 -0.719845 -0.678653 0.495078 1.84163 0.293792</i>
                        <i>0.994282 -0.105799 -0.0145221 -0.0374007 -0.47236 0.880612 -0.100027 -0.875033 -0.473616 0.955878 1.3958 0.298207</i>
                        <i>0.999077 -0.0294371 0.0312881 -0.0417897 -0.497173 0.866644 -0.00995594 -0.867152 -0.497945 1.46195 1.395 0.239834</i>
                        <i>0.997522 0.0681588 -0.0174658 0.0514056 -0.536482 0.842345 0.0480431 -0.841155 -0.538656 1.98428 1.42284 0.185453</i>
                        <i>0.972286 0.178908 -0.150507 0.227074 -0.56939 0.790083 0.0556552 -0.802363 -0.594235 2.51953 1.47359 0.133776</i>
                        <i>0.898286 0.291023 -0.329224 0.439325 -0.57988 0.6861 0.00875974 -0.76095 -0.648752 3.06806 1.5403 0.0849474</i>
                        <i>0.778277 0.392052 -0.490489 0.624673 -0.562757 0.541376 -0.0637785 -0.727736 -0.682885 3.63267 1.61583 0.0397408</i>
                        <i>0.645474 0.472596 -0.600013 0.753313 -0.523541 0.398026 -0.126025 -0.708913 -0.693945 4.21461 1.69359 -0.00144046</i>
                        <i>0.527322 0.52636 -0.66699 0.833589 -0.472474 0.286178 -0.164503 -0.706904 -0.687914 4.81122 1.76756 -0.0378324</i>
                        <i>0.4353 0.54953 -0.713113 0.881504 -0.421111 0.213579 -0.182932 -0.721583 -0.667723 5.41738 1.8324 -0.0676026</i>
                        <i>0.374646 0.54104 -0.752938 0.907346 -0.38097 0.177722 -0.190692 -0.749758 -0.63364 6.02734 1.88374 -0.0881179</i>
                        <i>0.349503 0.50245 -0.790817 0.915641 -0.362094 0.174611 -0.198617 -0.785132 -0.586617 6.63575 1.91834 -0.0964841</i>
                        <i>0.971402 -0.237427 0.00252162 0.00454485 0.0292105 0.999563 -0.237397 -0.970966 0.0294542 7.15994 1.91834 -0.0964841</i>
                        <i>0.979835 -0.184143 -0.0775586 0.0572075 -0.113373 0.991904 -0.191445 -0.976339 -0.100553 7.68413 1.91834 -0.0964841</i>
                        <i>0.982242 -0.104274 -0.155973 0.127068 -0.241911 0.961942 -0.138037 -0.964679 -0.224365 8.20832 1.91834 -0.0964841</i>
                        <i>0.972454 -0.00468329 -0.233048 0.216853 -0.348492 0.911882 -0.0854859 -0.9373 -0.337877 8.73252 1.91834 -0.0964841</i>
                        <i>0.94507 0.106277 -0.309107 0.324144 -0.426538 0.844391 -0.042107 -0.898204 -0.437557 9.25671 1.91834 -0.0964841</i>
                        <i>0.896824 0.219085 -0.38433 0.442151 -0.472345 0.762491 -0.0144858 -0.853752 -0.520479 9.78091 1.91834 -0.0964841</i>
                    </KeyFrames>
                </p>
            </i>
            <i>
                <p>
                    <Name><![CDATA[ponytail_2]]></Name>
                    <Exclude>0</Exclude>
                    <Additive>0</Additive>
                    <IKPriority>0</IKPriority>
                    <IKRotLimits>-1e+010 -1e+010 -1e+010 1e+010 1e+010 1e+010</IKRotLimits>
                    <IKRotLimitOrder>0</IKRotLimitOrder>
                    <KeyFrames count="19">
                        <i>0.972527 -0.145047 -0.182078 -0.0547972 -0.902819 0.426515 -0.226248 -0.404819 -0.885964 0.0215401 2.33376 0.0532599</i>
                        <i>0.989285 -0.100612 -0.105796 -0.047491 -0.90699 0.418465 -0.138059 -0.408957 -0.90205 0.492673 1.91178 0.204583</i>
                        <i>0.994282 -0.105799 -0.0145221 -0.0722515 -0.76659 0.638059 -0.0786384 -0.633361 -0.76985 0.959066 1.4401 0.193743</i>
                        <i>0.999077 -0.0294371 0.0312881 -0.0424678 -0.786622 0.615973 0.00647945 -0.616732 -0.787146 1.46657 1.44218 0.136695</i>
                        <i>0.997522 0.0681588 -0.0174658 0.0656928 -0.813279 0.578154 0.0252017 -0.577869 -0.815741 1.97897 1.47473 0.0846374</i>
                        <i>0.972286 0.178908 -0.150507 0.231344 -0.829196 0.508836 -0.0337647 -0.529553 -0.847605 2.49444 1.52961 0.0382902</i>
                        <i>0.898286 0.291023 -0.329224 0.41041 -0.823353 0.391987 -0.156991 -0.487233 -0.859045 3.01849 1.59794 0.000649334</i>
                        <i>0.778277 0.392052 -0.490489 0.55491 -0.795002 0.245044 -0.29387 -0.46289 -0.836286 3.5614 1.67188 -0.0285529</i>
                        <i>0.645474 0.472596 -0.600013 0.650725 -0.751587 0.108047 -0.399899 -0.460185 -0.79266 4.12814 1.7454 -0.0536453</i>
                        <i>0.527322 0.52636 -0.66699 0.710655 -0.703509 0.00666466 -0.465726 -0.477515 -0.745036 4.71529 1.81362 -0.0773316</i>
                        <i>0.4353 0.54953 -0.713113 0.748132 -0.661428 -0.0530245 -0.500811 -0.510421 -0.699041 5.31583 1.8725 -0.0986855</i>
                        <i>0.374646 0.54104 -0.752938 0.769163 -0.634818 -0.0734435 -0.517715 -0.551617 -0.65398 5.9228 1.91901 -0.114793</i>
                        <i>0.349503 0.50245 -0.790817 0.773872 -0.63062 -0.0586537 -0.528176 -0.591491 -0.609236 6.53018 1.95111 -0.122319</i>
                        <i>0.971402 -0.237427 0.00252162 -0.0850076 -0.337843 0.937356 -0.221702 -0.910764 -0.348364 7.15696 1.90495 -0.209166</i>
                        <i>0.979835 -0.184143 -0.0775586 -0.0189358 -0.471993 0.881399 -0.19891 -0.862157 -0.465962 7.67568 1.92101 -0.209651</i>
                        <i>0.982242 -0.104274 -0.155973 0.0658758 -0.586726 0.807102 -0.175673 -0.803044 -0.569438 8.19253 1.93566 -0.207551</i>
                        <i>0.972454 -0.00468329 -0.233048 0.168828 -0.675204 0.718051 -0.160718 -0.737616 -0.655814 8.70712 1.94799 -0.203073</i>
                        <i>0.94507 0.106277 -0.309107 0.284556 -0.732835 0.618045 -0.160841 -0.672055 -0.722823 9.21963 1.95722 -0.19648</i>
                        <i>0.896824 0.219085 -0.38433 0.404294 -0.758578 0.510985 -0.179595 -0.613646 -0.768885 9.73078 1.96286 -0.188084</i>
                    </KeyFrames>
                </p>
            </i>
            <i>
                <p>
                    <Name><![CDATA[ponytail_3]]></Name>
                    <Exclude>0</Exclude>
                    <Additive>0</Additive>
                    <IKPriority>0</IKPriority>
                    <IKRotLimits>-1e+010 -1e+010 -1e+010 1e+010 1e+010 1e+010</IKRotLimits>
                    <IKRotLimitOrder>0</IKRotLimitOrder>
                    <KeyFrames count="19">
                        <i>0.972527 -0.145047 -0.182078 -0.111206 -0.976614 0.184006 -0.20451 -0.158702 -0.965914 0.0250476 2.40452 0.0156229</i>
                        <i>0.989285 -0.100612 -0.105796 -0.0814385 -0.98171 0.172086 -0.121175 -0.161626 -0.979384 0.495939 1.98286 0.167528</i>
                        <i>0.994282 -0.105799 -0.0145221 -0.0900638 -0.903826 0.418316 -0.0573827 -0.414615 -0.908186 0.964549 1.49906 0.139608</i>
                        <i>0.999077 -0.0294371 0.0312881 -0.0393674 -0.9189 0.39252 0.017196 -0.393389 -0.919211 1.47 1.50281 0.0842626</i>
                        <i>0.997522 0.0681588 -0.0174658 0.0699669 -0.934651 0.348614 0.00743664 -0.348972 -0.937104 1.97381 1.53765 0.0351235</i>
                        <i>0.972286 0.178908 -0.150507 0.21485 -0.937591 0.273428 -0.0921951 -0.298187 -0.950045 2.47577 1.59399 -0.00579353</i>
                        <i>0.898286 0.291023 -0.329224 0.356148 -0.921048 0.157573 -0.257374 -0.258798 -0.931011 2.98499 1.66201 -0.0341157</i>
                        <i>0.778277 0.392052 -0.490489 0.46053 -0.887385 0.0214461 -0.426845 -0.242576 -0.871183 3.51578 1.73377 -0.0514544</i>
                        <i>0.645474 0.472596 -0.600013 0.525813 -0.844737 -0.0996989 -0.55397 -0.251142 -0.793754 4.07444 1.80383 -0.0653986</i>
                        <i>0.527322 0.52636 -0.66699 0.566773 -0.802743 -0.1854 -0.633009 -0.280267 -0.721631 4.65652 1.86813 -0.080775</i>
                        <i>0.4353 0.54953 -0.713113 0.593952 -0.770554 -0.231233 -0.676561 -0.322899 -0.661816 5.25393 1.92351 -0.0971662</i>
                        <i>0.374646 0.54104 -0.752938 0.609921 -0.755449 -0.239361 -0.69831 -0.369557 -0.613018 5.85914 1.96772 -0.111462</i>
                        <i>0.349503 0.50245 -0.790817 0.611778 -0.761659 -0.213548 -0.70963 -0.409168 -0.57359 6.46611 1.99933 -0.119998</i>
                        <i>0.971402 -0.237427 0.00252162 -0.139227 -0.560964 0.816049 -0.192337 -0.793062 -0.577978 7.1629 1.92846 -0.285638</i>
                        <i>0.979835 -0.184143 -0.0775586 -0.0695148 -0.678075 0.731698 -0.187328 -0.711552 -0.677202 7.67642 1.95546 -0.282099</i>
                        <i>0.982242 -0.104274 -0.155973 0.0184205 -0.773718 0.633262 -0.186711 -0.62489 -0.758058 8.18656 1.97954 -0.274449</i>
                        <i>0.972454 -0.00468329 -0.233048 0.121752 -0.842366 0.524973 -0.19877 -0.538886 -0.818592 8.69296 1.99922 -0.263172</i>
                        <i>0.94507 0.106277 -0.309107 0.233546 -0.881172 0.411086 -0.228688 -0.460696 -0.85759 9.1962 2.01332 -0.248827</i>
                        <i>0.896824 0.219085 -0.38433 0.344417 -0.891007 0.295775 -0.277641 -0.397628 -0.874533 9.69768 2.02125 -0.232032</i>
                    </KeyFrames>
                </p>
            </i>
            <i>
                <p>
                    <Name><![CDATA[l_clav]]></Name>
                    <Exclude>1</Exclude>
                    <Additive>0</Additive>
                    <IKPriority>0</IKPriority>
                    <IKRotLimits>-1e+010 -1e+010 -1e+010 1e+010 1e+010 1e+010</IKRotLimits>
                    <IKRotLimitOrder>0</IKRotLimitOrder>
                    <KeyFrames count="19">
                        <i>0.816363 0.56402 -0.12423 -0.489199 0.789639 0.370344 0.306978 -0.241562 0.92055 0.157858 1.83069 0.00667455</i>
                        <i>0.801897 0.583827 0.126916 -0.552649 0.644102 0.528878 0.227027 -0.494245 0.839155 0.623682 1.489 0.14242</i>
                        <i>0.741951 0.567698 0.356691 -0.645494 0.461035 0.60892 0.181236 -0.68203 0.708511 1.06576 1.1405 0.230962</i>
                        <i>0.716984 0.569311 0.402268 -0.693033 0.519983 0.499322 0.0750967 -0.636791 0.767371 1.57286 1.13913 0.210276</i>
                        <i>0.720055 0.559968 0.409825 -0.69361 0.598377 0.401061 -0.0206486 -0.573045 0.819264 2.09742 1.15881 0.18344</i>
                        <i>0.749116 0.53366 0.392469 -0.654373 0.68831 0.313088 -0.103058 -0.491361 0.864837 2.63838 1.19497 0.154381</i>
                        <i>0.796462 0.485467 0.360513 -0.580597 0.780564 0.231574 -0.168982 -0.393753 0.903551 3.19392 1.243 0.126126</i>
                        <i>0.851615 0.413159 0.322572 -0.477564 0.865248 0.152574 -0.216067 -0.283983 0.934167 3.76159 1.29835 0.101065</i>
                        <i>0.903748 0.318197 0.28634 -0.351898 0.933132 0.0737113 -0.243738 -0.167379 0.955288 4.33837 1.35661 0.0811426</i>
                        <i>0.943761 0.205838 0.258738 -0.211804 0.9773 -0.00491967 -0.253877 -0.0501587 0.965935 4.92086 1.41358 0.0679823</i>
                        <i>0.965718 0.0842357 0.245545 -0.06626 0.994543 -0.0805863 -0.250993 0.0615539 0.96603 5.50543 1.46541 0.0629691</i>
                        <i>0.967304 -0.0371358 0.250888 0.0763547 0.985968 -0.148447 -0.241855 0.162749 0.956566 6.08837 1.50865 0.0672855</i>
                        <i>0.94922 -0.149207 0.276982 0.209472 0.956606 -0.20255 -0.234741 0.250284 0.939284 6.66599 1.5403 0.0818845</i>
                        <i>0.94922 -0.149207 0.276982 0.209472 0.956606 -0.20255 -0.234741 0.250284 0.939284 7.19018 1.5403 0.0818845</i>
                        <i>0.94922 -0.149207 0.276982 0.209472 0.956606 -0.20255 -0.234741 0.250284 0.939284 7.71437 1.5403 0.0818845</i>
                        <i>0.94922 -0.149207 0.276982 0.209472 0.956606 -0.20255 -0.234741 0.250284 0.939284 8.23857 1.5403 0.0818845</i>
                        <i>0.94922 -0.149207 0.276982 0.209472 0.956606 -0.20255 -0.234741 0.250284 0.939284 8.76276 1.5403 0.0818845</i>
                        <i>0.94922 -0.149207 0.276982 0.209472 0.956606 -0.20255 -0.234741 0.250284 0.939284 9.28695 1.5403 0.0818845</i>
                        <i>0.94922 -0.149207 0.276982 0.209472 0.956606 -0.20255 -0.234741 0.250284 0.939284 9.81115 1.5403 0.0818845</i>
                    </KeyFrames>
                </p>
            </i>
            <i>
                <p>
                    <Name><![CDATA[l_shoulder]]></Name>
                    <Exclude>1</Exclude>
                    <Additive>0</Additive>
                    <IKPriority>0</IKPriority>
                    <IKRotLimits>-1e+010 -1e+010 -1e+010 1e+010 1e+010 1e+010</IKRotLimits>
                    <IKRotLimitOrder>0</IKRotLimitOrder>
                    <KeyFrames count="19">
                        <i>0.428284 -0.901962 -0.0551171 0.890079 0.41054 0.198029 -0.155987 -0.133871 0.978645 0.33697 1.95443 -0.0205817</i>
                        <i>0.46639 -0.843315 -0.267021 0.850488 0.344503 0.397477 -0.243209 -0.412477 0.877902 0.79962 1.61709 0.170266</i>
                        <i>0.549317 -0.724458 -0.416426 0.781725 0.269466 0.5624 -0.295223 -0.634467 0.714349 1.22855 1.26505 0.30922</i>
                        <i>0.578004 -0.75799 -0.302261 0.714597 0.2913 0.635999 -0.394033 -0.583605 0.71003 1.72971 1.26367 0.298276</i>
                        <i>0.583774 -0.788629 -0.193059 0.660964 0.323516 0.677099 -0.471523 -0.522878 0.710116 2.25367 1.28033 0.272372</i>
                        <i>0.573506 -0.814189 -0.0904815 0.624963 0.363437 0.690894 -0.529635 -0.45278 0.717271 2.79898 1.30938 0.238522</i>
                        <i>0.553345 -0.832941 0.00429659 0.608071 0.407472 0.681334 -0.569262 -0.3744 0.73196 3.36215 1.34554 0.202271</i>
                        <i>0.528452 -0.844189 0.0899069 0.609637 0.451047 0.651843 -0.590831 -0.289658 0.753005 3.93852 1.38419 0.168081</i>
                        <i>0.502552 -0.848702 0.164762 0.627099 0.489034 0.606295 -0.595138 -0.201372 0.777985 4.52298 1.42161 0.139635</i>
                        <i>0.47737 -0.848691 0.227685 0.656288 0.516663 0.549859 -0.584297 -0.113059 0.803626 5.11055 1.45496 0.119988</i>
                        <i>0.452394 -0.847136 0.278748 0.692043 0.530612 0.489416 -0.562508 -0.0285031 0.8263 5.69673 1.4821 0.111608</i>
                        <i>0.425171 -0.846694 0.319905 0.729028 0.529823 0.433366 -0.536421 0.0489647 0.842529 6.27762 1.50139 0.116373</i>
                        <i>0.392064 -0.848695 0.35497 0.762366 0.515703 0.390958 -0.514863 0.117336 0.849204 6.8499 1.51139 0.135551</i>
                        <i>0.392064 -0.848695 0.35497 0.762366 0.515703 0.390958 -0.514863 0.117336 0.849204 7.37409 1.51139 0.135551</i>
                        <i>0.392064 -0.848695 0.35497 0.762366 0.515703 0.390958 -0.514863 0.117336 0.849204 7.89829 1.51139 0.135551</i>
                        <i>0.392064 -0.848695 0.35497 0.762366 0.515703 0.390958 -0.514863 0.117336 0.849204 8.42248 1.51139 0.135551</i>
                        <i>0.392064 -0.848695 0.35497 0.762366 0.515703 0.390958 -0.514863 0.117336 0.849204 8.94667 1.51139 0.135551</i>
                        <i>0.392064 -0.848695 0.35497 0.762366 0.515703 0.390958 -0.514863 0.117336 0.849204 9.47087 1.51139 0.135551</i>
                        <i>0.392064 -0.848695 0.35497 0.762366 0.515703 0.390958 -0.514863 0.117336 0.849204 9.99506 1.51139 0.135551</i>
                    </KeyFrames>
                </p>
            </i>
            <i>
                <p>
                    <Name><![CDATA[l_elbow]]></Name>
                    <Exclude>1</Exclude>
                    <Additive>0</Additive>
                    <IKPriority>0</IKPriority>
                    <IKRotLimits>-1e+010 -1e+010 -1e+010 1e+010 1e+010 1e+010</IKRotLimits>
                    <IKRotLimitOrder>0</IKRotLimitOrder>
                    <KeyFrames count="19">
                        <i>-0.0671284 -0.31667 0.946157 0.889659 0.410282 0.200438 -0.451664 0.855213 0.254187 0.47628 1.66105 -0.03851</i>
                        <i>-0.144607 -0.57721 0.80369 0.84985 0.343556 0.399655 -0.506797 0.740809 0.440862 0.951326 1.34278 0.0834102</i>
                        <i>-0.178377 -0.769986 0.61262 0.780953 0.267964 0.564187 -0.598576 0.579066 0.553524 1.40723 1.0294 0.173766</i>
                        <i>-0.277147 -0.719261 0.637066 0.713581 0.289925 0.637766 -0.643422 0.631353 0.432899 1.91772 1.01711 0.199958</i>
                        <i>-0.374539 -0.642141 0.668862 0.659758 0.322292 0.678857 -0.65149 0.695545 0.302947 2.44356 1.0238 0.209574</i>
                        <i>-0.465946 -0.539156 0.701574 0.623616 0.362385 0.692662 -0.627692 0.760255 0.167374 2.98553 1.04454 0.209091</i>
                        <i>-0.5444 -0.413731 0.729695 0.606629 0.406612 0.683131 -0.579335 0.814551 0.0296218 3.54214 1.0746 0.203669</i>
                        <i>-0.603633 -0.272417 0.749277 0.608146 0.450393 0.653686 -0.515544 0.850256 -0.106204 4.11041 1.10959 0.197326</i>
                        <i>-0.640254 -0.123891 0.758107 0.6256 0.488595 0.608193 -0.445757 0.86367 -0.235319 4.68645 1.14555 0.193229</i>
                        <i>-0.654645 0.0227019 0.755595 0.65482 0.516439 0.551817 -0.377691 0.856023 -0.35295 5.26583 1.1789 0.194049</i>
                        <i>-0.650758 0.15949 0.742346 0.690631 0.530593 0.491427 -0.315505 0.832487 -0.455436 5.84388 1.20655 0.202278</i>
                        <i>-0.635157 0.28101 0.71945 0.727682 0.529992 0.435416 -0.258947 0.800089 -0.541114 6.41592 1.22598 0.22043</i>
                        <i>-0.61585 0.384574 0.687628 0.761076 0.516039 0.393023 -0.203696 0.76538 -0.610492 6.97743 1.23533 0.251014</i>
                        <i>-0.61585 0.384574 0.687628 0.761076 0.516039 0.393023 -0.203696 0.76538 -0.610492 7.50162 1.23533 0.251014</i>
                        <i>-0.61585 0.384574 0.687628 0.761076 0.516039 0.393023 -0.203696 0.76538 -0.610492 8.02582 1.23533 0.251014</i>
                        <i>-0.61585 0.384574 0.687628 0.761076 0.516039 0.393023 -0.203696 0.76538 -0.610492 8.55001 1.23533 0.251014</i>
                        <i>-0.61585 0.384574 0.687628 0.761076 0.516039 0.393023 -0.203696 0.76538 -0.610492 9.0742 1.23533 0.251014</i>
                        <i>-0.61585 0.384574 0.687628 0.761076 0.516039 0.393023 -0.203696 0.76538 -0.610492 9.5984 1.23533 0.251014</i>
                        <i>-0.61585 0.384574 0.687628 0.761076 0.516039 0.393023 -0.203696 0.76538 -0.610492 10.1226 1.23533 0.251014</i>
                    </KeyFrames>
                </p>
            </i>
            <i>
                <p>
                    <Name><![CDATA[l_forearm]]></Name>
                    <Exclude>1</Exclude>
                    <Additive>0</Additive>
                    <IKPriority>0</IKPriority>
                    <IKRotLimits>-1e+010 -1e+010 -1e+010 1e+010 1e+010 1e+010</IKRotLimits>
                    <IKRotLimitOrder>0</IKRotLimitOrder>
                    <KeyFrames count="19">
                        <i>-0.0671277 -0.31667 0.946158 0.9971 -0.055355 0.0522152 0.0358395 0.946919 0.319468 0.465363 1.60954 0.115372</i>
                        <i>-0.144607 -0.57721 0.80369 0.988982 -0.0583093 0.136068 -0.0316772 0.814511 0.579282 0.927807 1.24891 0.214121</i>
