<?xml version="1.0" encoding="ISO-8859-1" ?>
<Animl Version="1">
    <ModellingPackage><![CDATA[Maya.2010]]></ModellingPackage>
    <SrcFile><![CDATA[anims\characters\shared\commando\~src\commando_land_right.mb]]></SrcFile>
    <FramesPerSecond>30</FramesPerSecond>
    <TotalFrames>19</TotalFrames>
    <Skeleton>
        <RefFrame>
            <Name><![CDATA[commando_ref_frame]]></Name>
            <Exclude>0</Exclude>
            <Additive>0</Additive>
            <IKPriority>0</IKPriority>
            <IKRotLimits>-1e+010 -1e+010 -1e+010 1e+010 1e+010 1e+010</IKRotLimits>
            <IKRotLimitOrder>0</IKRotLimitOrder>
            <KeyFrames count="19">
                <i>1 0 0 0 1 0 0 0 1 0.101653 0 -0.176406</i>
                <i>1 0 0 0 1 0 0 0 1 -0.445711 0 -0.0945778</i>
                <i>1 0 0 0 1 0 0 0 1 -1.01499 0 -0.019376</i>
                <i>1 0 0 0 1 0 0 0 1 -1.54184 0 -0.0103736</i>
                <i>1 0 0 0 1 0 0 0 1 -2.06619 0 -0.00523298</i>
                <i>1 0 0 0 1 0 0 0 1 -2.58761 0 -0.00213101</i>
                <i>1 0 0 0 1 0 0 0 1 -3.10627 0 0.000598467</i>
                <i>1 0 0 0 1 0 0 0 1 -3.62285 0 0.00431865</i>
                <i>1 0 0 0 1 0 0 0 1 -4.1384 0 0.00997388</i>
                <i>1 0 0 0 1 0 0 0 1 -4.6542 0 0.0180094</i>
                <i>1 0 0 0 1 0 0 0 1 -5.17162 0 0.0283305</i>
                <i>1 0 0 0 1 0 0 0 1 -5.69193 0 0.0403027</i>
                <i>1 0 0 0 1 0 0 0 1 -6.21615 0 0.052794</i>
                <i>1 0 0 0 1 0 0 0 1 -6.74035 0 0.052794</i>
                <i>1 0 0 0 1 0 0 0 1 -7.26454 0 0.052794</i>
                <i>1 0 0 0 1 0 0 0 1 -7.78873 0 0.052794</i>
                <i>1 0 0 0 1 0 0 0 1 -8.31293 0 0.052794</i>
                <i>1 0 0 0 1 0 0 0 1 -8.83712 0 0.052794</i>
                <i>1 0 0 0 1 0 0 0 1 -9.36131 0 0.052794</i>
            </KeyFrames>
        </RefFrame>
        <Bones count="28">
            <i>
                <p>
                    <Name><![CDATA[pelvis]]></Name>
                    <Exclude>0</Exclude>
                    <Additive>0</Additive>
                    <IKPriority>0</IKPriority>
                    <IKRotLimits>-1e+010 -1e+010 -1e+010 1e+010 1e+010 1e+010</IKRotLimits>
                    <IKRotLimitOrder>2</IKRotLimitOrder>
                    <KeyFrames count="19">
                        <i>1 0 0 0 1 0 0 0 1 0.102546 1.31613 -0.202753</i>
                        <i>1 0 0 0 1 0 0 0 1 -0.441465 1.07649 -0.119749</i>
                        <i>1 0 0 0 1 0 0 0 1 -1.00783 0.829423 -0.0424828</i>
                        <i>1 0 0 0 1 0 0 0 1 -1.53185 0.823251 -0.0315827</i>
                        <i>1 0 0 0 1 0 0 0 1 -2.0538 0.832187 -0.0233446</i>
                        <i>1 0 0 0 1 0 0 0 1 -2.57348 0.853548 -0.0162002</i>
                        <i>1 0 0 0 1 0 0 0 1 -3.09125 0.884671 -0.00876033</i>
                        <i>1 0 0 0 1 0 0 0 1 -3.60785 0.922896 5.5531e-005</i>
                        <i>1 0 0 0 1 0 0 0 1 -4.12434 0.965564 0.0109121</i>
                        <i>1 0 0 0 1 0 0 0 1 -4.64198 1.01001 0.0239829</i>
                        <i>1 0 0 0 1 0 0 0 1 -5.16202 1.05355 0.0389145</i>
                        <i>1 0 0 0 1 0 0 0 1 -5.68558 1.0935 0.0548326</i>
                        <i>1 0 0 0 1 0 0 0 1 -6.21349 1.12716 0.0703935</i>
                        <i>1 0 0 0 1 0 0 0 1 -6.73768 1.12716 0.0703935</i>
                        <i>1 0 0 0 1 0 0 0 1 -7.26188 1.12716 0.0703935</i>
                        <i>1 0 0 0 1 0 0 0 1 -7.78607 1.12716 0.0703935</i>
                        <i>1 0 0 0 1 0 0 0 1 -8.31026 1.12716 0.0703935</i>
                        <i>1 0 0 0 1 0 0 0 1 -8.83446 1.12716 0.0703935</i>
                        <i>1 0 0 0 1 0 0 0 1 -9.35865 1.12716 0.0703935</i>
                    </KeyFrames>
                </p>
            </i>
            <i>
                <p>
                    <Name><![CDATA[spine0]]></Name>
                    <Exclude>0</Exclude>
                    <Additive>1</Additive>
                    <IKPriority>0</IKPriority>
                    <IKRotLimits>-1e+010 -1e+010 -1e+010 1e+010 1e+010 1e+010</IKRotLimits>
                    <IKRotLimitOrder>0</IKRotLimitOrder>
                    <KeyFrames count="19">
                        <i>-0.0421832 0.94045 0.337303 -0.916211 0.0982329 -0.388469 -0.39847 -0.325428 0.857507 0.132693 1.45592 -0.21846</i>
                        <i>-0.111011 0.90315 0.414726 -0.866153 0.116691 -0.485965 -0.487293 -0.413164 0.769312 -0.399398 1.2125 -0.140443</i>
                        <i>-0.229219 0.830597 0.507511 -0.812596 0.123748 -0.569539 -0.535861 -0.54295 0.646574 -0.95318 0.960433 -0.0658639</i>
                        <i>-0.273019 0.839017 0.470649 -0.744214 0.125808 -0.655986 -0.609595 -0.52936 0.59006 -1.47579 0.954628 -0.0486905</i>
                        <i>-0.303211 0.855442 0.419859 -0.685356 0.11036 -0.719797 -0.662081 -0.506003 0.55282 -2.00012 0.965034 -0.0362538</i>
                        <i>-0.32189 0.875669 0.359986 -0.636242 0.0815052 -0.767172 -0.70113 -0.475983 0.530902 -2.52489 0.988479 -0.0275344</i>
                        <i>-0.332899 0.895331 0.295906 -0.595621 0.043625 -0.80208 -0.731036 -0.443259 0.518755 -3.04936 1.02173 -0.0212533</i>
                        <i>-0.339604 0.911522 0.231942 -0.561851 0.00116723 -0.827237 -0.754316 -0.41125 0.511743 -3.57328 1.0616 -0.0161033</i>
                        <i>-0.343237 0.92351 0.171226 -0.533163 -0.0414899 -0.844995 -0.773257 -0.381325 0.506622 -4.09683 1.10507 -0.0109436</i>
                        <i>-0.343011 0.932207 0.115469 -0.507435 -0.0804458 -0.857927 -0.790477 -0.352872 0.500628 -4.62049 1.14928 -0.00496286</i>
                        <i>-0.337536 0.939055 0.0651502 -0.481744 -0.112868 -0.869013 -0.808698 -0.324709 0.490481 -5.14491 1.19159 0.00219684</i>
                        <i>-0.326112 0.945122 0.0198946 -0.451975 -0.1374 -0.881385 -0.830283 -0.296422 0.47198 -5.67075 1.22951 0.0103807</i>
                        <i>-0.30919 0.950767 -0.0210777 -0.412734 -0.154123 -0.897717 -0.856768 -0.268866 0.440067 -6.19852 1.26067 0.0189455</i>
                        <i>-0.30919 0.950767 -0.0210777 -0.412734 -0.154123 -0.897717 -0.856768 -0.268866 0.440067 -6.72272 1.26067 0.0189455</i>
                        <i>-0.30919 0.950767 -0.0210777 -0.412734 -0.154123 -0.897717 -0.856768 -0.268866 0.440067 -7.24691 1.26067 0.0189455</i>
                        <i>-0.30919 0.950767 -0.0210777 -0.412734 -0.154123 -0.897717 -0.856768 -0.268866 0.440067 -7.7711 1.26067 0.0189455</i>
                        <i>-0.30919 0.950767 -0.0210777 -0.412734 -0.154123 -0.897717 -0.856768 -0.268866 0.440067 -8.2953 1.26067 0.0189455</i>
                        <i>-0.30919 0.950767 -0.0210777 -0.412734 -0.154123 -0.897717 -0.856768 -0.268866 0.440067 -8.81949 1.26067 0.0189455</i>
                        <i>-0.30919 0.950767 -0.0210777 -0.412734 -0.154123 -0.897717 -0.856768 -0.268866 0.440067 -9.34369 1.26067 0.0189455</i>
                    </KeyFrames>
                </p>
            </i>
            <i>
                <p>
                    <Name><![CDATA[spine1]]></Name>
                    <Exclude>0</Exclude>
                    <Additive>1</Additive>
                    <IKPriority>0</IKPriority>
                    <IKRotLimits>-1e+010 -1e+010 -1e+010 1e+010 1e+010 1e+010</IKRotLimits>
                    <IKRotLimitOrder>0</IKRotLimitOrder>
                    <KeyFrames count="19">
                        <i>-0.207113 0.834417 0.510736 -0.972645 -0.11949 -0.199209 -0.105196 -0.538024 0.83634 0.124782 1.63323 -0.154964</i>
                        <i>-0.380933 0.596761 0.706234 -0.921788 -0.185562 -0.340401 -0.0720878 -0.780668 0.620774 -0.419229 1.37404 -0.0663089</i>
                        <i>-0.555627 0.285223 0.780978 -0.82767 -0.278992 -0.486955 0.0789957 -0.916957 0.391087 -0.993125 1.10522 0.0225867</i>
                        <i>-0.635956 0.298336 0.711727 -0.771243 -0.278309 -0.572476 0.0272901 -0.912984 0.407081 -1.52255 1.09832 0.0319135</i>
                        <i>-0.682857 0.335829 0.648788 -0.729727 -0.271338 -0.627595 -0.0347241 -0.901995 0.430348 -2.05107 1.10872 0.0342873</i>
                        <i>-0.700922 0.395674 0.593423 -0.705169 -0.25965 -0.659786 -0.106978 -0.880922 0.461011 -2.57804 1.13296 0.03189</i>
                        <i>-0.692913 0.474081 0.543248 -0.696401 -0.244838 -0.674596 -0.186806 -0.845755 0.499802 -3.10365 1.16762 0.0269988</i>
                        <i>-0.661484 0.563651 0.494708 -0.700246 -0.22803 -0.676504 -0.268504 -0.793914 0.545533 -3.62849 1.20965 0.0216017</i>
                        <i>-0.611463 0.654048 0.445347 -0.712271 -0.209814 -0.669812 -0.344649 -0.726773 0.594153 -4.15309 1.25633 0.0171294</i>
                        <i>-0.550615 0.735458 0.394873 -0.727333 -0.190548 -0.659301 -0.409646 -0.650225 0.639841 -4.67786 1.30512 0.0143545</i>
                        <i>-0.487952 0.802004 0.344519 -0.740065 -0.17084 -0.650475 -0.462825 -0.572367 0.676896 -5.20305 1.35335 0.0134174</i>
                        <i>-0.431199 0.852428 0.295692 -0.745256 -0.151765 -0.649277 -0.508586 -0.500334 0.700718 -5.72892 1.39821 0.0139114</i>
                        <i>-0.385442 0.888477 0.249084 -0.737865 -0.134687 -0.661374 -0.554067 -0.438711 0.70749 -6.25569 1.43668 0.0150074</i>
                        <i>-0.385442 0.888477 0.249084 -0.737865 -0.134687 -0.661374 -0.554067 -0.438711 0.70749 -6.77988 1.43668 0.0150074</i>
                        <i>-0.385442 0.888477 0.249084 -0.737865 -0.134687 -0.661374 -0.554067 -0.438711 0.70749 -7.30407 1.43668 0.0150074</i>
                        <i>-0.385442 0.888477 0.249084 -0.737865 -0.134687 -0.661374 -0.554067 -0.438711 0.70749 -7.82827 1.43668 0.0150074</i>
                        <i>-0.385442 0.888477 0.249084 -0.737865 -0.134687 -0.661374 -0.554067 -0.438711 0.70749 -8.35246 1.43668 0.0150074</i>
                        <i>-0.385442 0.888477 0.249084 -0.737865 -0.134687 -0.661374 -0.554067 -0.438711 0.70749 -8.87665 1.43668 0.0150074</i>
                        <i>-0.385442 0.888477 0.249084 -0.737865 -0.134687 -0.661374 -0.554067 -0.438711 0.70749 -9.40085 1.43668 0.0150074</i>
                    </KeyFrames>
                </p>
            </i>
            <i>
                <p>
                    <Name><![CDATA[spine2]]></Name>
                    <Exclude>0</Exclude>
                    <Additive>1</Additive>
                    <IKPriority>0</IKPriority>
                    <IKRotLimits>-1e+010 -1e+010 -1e+010 1e+010 1e+010 1e+010</IKRotLimits>
                    <IKRotLimitOrder>0</IKRotLimitOrder>
                    <KeyFrames count="19">
                        <i>-0.207197 0.785633 0.582966 -0.967669 -0.252191 -0.00406269 0.143827 -0.56496 0.812486 0.0890875 1.77782 -0.0660684</i>
                        <i>-0.328808 0.54482 0.771399 -0.937686 -0.28554 -0.198018 0.112381 -0.78844 0.604758 -0.481578 1.47191 0.0499832</i>
                        <i>-0.452101 0.283776 0.845621 -0.882997 -0.276498 -0.379295 0.126178 -0.918161 0.375578 -1.08172 1.1506 0.147775</i>
                        <i>-0.542344 0.305784 0.782534 -0.836822 -0.279511 -0.470747 0.0747798 -0.910148 0.407478 -1.62224 1.145 0.144041</i>
                        <i>-0.593647 0.347678 0.725743 -0.804285 -0.286192 -0.520788 0.026636 -0.892869 0.449529 -2.15612 1.16034 0.134567</i>
                        <i>-0.613231 0.40654 0.677254 -0.789682 -0.295217 -0.537819 -0.018708 -0.864623 0.502073 -2.68399 1.19279 0.122012</i>
                        <i>-0.606369 0.479156 0.634607 -0.792869 -0.303472 -0.528454 -0.0606262 -0.823599 0.563924 -3.20712 1.23851 0.108505</i>
                        <i>-0.577718 0.560732 0.593145 -0.8104 -0.307292 -0.498822 -0.0974366 -0.768863 0.631946 -3.72696 1.29373 0.0956196</i>
                        <i>-0.533039 0.644464 0.548211 -0.836505 -0.304161 -0.455791 -0.126997 -0.701536 0.701227 -4.24491 1.35479 0.0843832</i>
                        <i>-0.479947 0.722859 0.497117 -0.864664 -0.293945 -0.407373 -0.148348 -0.625357 0.766108 -4.76226 1.41815 0.0752928</i>
                        <i>-0.426966 0.79003 0.439946 -0.889364 -0.278913 -0.362269 -0.163497 -0.545949 0.821711 -5.28015 1.4804 0.0683063</i>
                        <i>-0.381526 0.843206 0.378736 -0.907061 -0.262626 -0.32904 -0.177983 -0.469074 0.865039 -5.79955 1.53814 0.0628496</i>
                        <i>-0.348362 0.882556 0.315815 -0.915788 -0.24858 -0.315501 -0.199942 -0.399128 0.89483 -6.32122 1.58797 0.0579088</i>
                        <i>-0.348362 0.882556 0.315815 -0.915788 -0.24858 -0.315501 -0.199942 -0.399128 0.89483 -6.84541 1.58797 0.0579088</i>
                        <i>-0.348362 0.882556 0.315815 -0.915788 -0.24858 -0.315501 -0.199942 -0.399128 0.89483 -7.36961 1.58797 0.0579088</i>
                        <i>-0.348362 0.882556 0.315815 -0.915788 -0.24858 -0.315501 -0.199942 -0.399128 0.89483 -7.8938 1.58797 0.0579088</i>
                        <i>-0.348362 0.882556 0.315815 -0.915788 -0.24858 -0.315501 -0.199942 -0.399128 0.89483 -8.41799 1.58797 0.0579088</i>
                        <i>-0.348362 0.882556 0.315815 -0.915788 -0.24858 -0.315501 -0.199942 -0.399128 0.89483 -8.94219 1.58797 0.0579088</i>
                        <i>-0.348362 0.882556 0.315815 -0.915788 -0.24858 -0.315501 -0.199942 -0.399128 0.89483 -9.46638 1.58797 0.0579088</i>
                    </KeyFrames>
                </p>
            </i>
            <i>
                <p>
                    <Name><![CDATA[head]]></Name>
                    <Exclude>0</Exclude>
                    <Additive>0</Additive>
                    <IKPriority>0</IKPriority>
                    <IKRotLimits>-1e+010 -1e+010 -1e+010 1e+010 1e+010 1e+010</IKRotLimits>
                    <IKRotLimitOrder>0</IKRotLimitOrder>
                    <KeyFrames count="19">
                        <i>-0.0275354 0.560495 0.8277 0.0186359 0.828158 -0.560185 -0.999447 6.24112e-009 -0.033249 0.0390848 2.06378 0.0751159</i>
                        <i>-0.09634 0.676143 0.730445 0.0884124 0.736771 -0.670338 -0.991414 -7.6459e-009 -0.13076 -0.538316 1.63638 0.24851</i>
                        <i>-0.0894308 0.911119 0.402324 0.197703 0.412144 -0.88941 -0.976174 -4.46655e-008 -0.216989 -1.14229 1.18995 0.346125</i>
                        <i>-0.105252 0.943564 0.314019 0.299387 0.331189 -0.894808 -0.948309 -0.000167276 -0.317349 -1.70408 1.18504 0.330396</i>
                        <i>-0.106083 0.957599 0.267864 0.348178 0.288102 -0.892059 -0.931407 -0.0013682 -0.363977 -2.2522 1.20914 0.310819</i>
                        <i>-0.103175 0.960595 0.258093 0.337824 0.277895 -0.899249 -0.935537 -0.00559022 -0.353183 -2.78876 1.25722 0.289881</i>
                        <i>-0.0959409 0.956732 0.2747 0.264677 0.290558 -0.919523 -0.959553 -0.0155131 -0.281101 -3.3158 1.3242 0.268692</i>
                        <i>-0.0806344 0.950635 0.299653 0.144902 0.308618 -0.940084 -0.986155 -0.0323826 -0.162634 -3.83551 1.40478 0.247536</i>
                        <i>-0.0644185 0.94753 0.313108 0.0237007 0.315124 -0.948754 -0.997642 -0.0536964 -0.0427569 -4.35031 1.49352 0.226273</i>
                        <i>-0.0608108 0.94897 0.309448 -0.056587 0.306246 -0.950269 -0.996544 -0.0752974 0.0350763 -4.86286 1.58495 0.204621</i>
                        <i>-0.0734862 0.953156 0.293417 -0.084363 0.287217 -0.954143 -0.993722 -0.0948699 0.0593047 -5.37577 1.67372 0.18232</i>
                        <i>-0.0973389 0.958404 0.268303 -0.0675138 0.262603 -0.962539 -0.992959 -0.111807 0.0391439 -5.89133 1.7548 0.159139</i>
                        <i>-0.125421 0.964072 0.234167 -0.0170917 0.233896 -0.972111 -0.991956 -0.125925 -0.0128579 -6.41111 1.82351 0.134789</i>
                        <i>-0.125421 0.964072 0.234167 -0.0170917 0.233896 -0.972111 -0.991956 -0.125925 -0.0128579 -6.9353 1.82351 0.134789</i>
                        <i>-0.125421 0.964072 0.234167 -0.0170917 0.233896 -0.972111 -0.991956 -0.125925 -0.0128579 -7.4595 1.82351 0.134789</i>
                        <i>-0.125421 0.964072 0.234167 -0.0170917 0.233896 -0.972111 -0.991956 -0.125925 -0.0128579 -7.98369 1.82351 0.134789</i>
                        <i>-0.125421 0.964072 0.234167 -0.0170917 0.233896 -0.972111 -0.991956 -0.125925 -0.0128579 -8.50789 1.82351 0.134789</i>
                        <i>-0.125421 0.964072 0.234167 -0.0170917 0.233896 -0.972111 -0.991956 -0.125925 -0.0128579 -9.03208 1.82351 0.134789</i>
                        <i>-0.125421 0.964072 0.234167 -0.0170917 0.233896 -0.972111 -0.991956 -0.125925 -0.0128579 -9.55627 1.82351 0.134789</i>
                    </KeyFrames>
                </p>
            </i>
            <i>
                <p>
                    <Name><![CDATA[head_prop]]></Name>
                    <Exclude>0</Exclude>
                    <Additive>0</Additive>
                    <IKPriority>0</IKPriority>
                    <IKRotLimits>-1e+010 -1e+010 -1e+010 1e+010 1e+010 1e+010</IKRotLimits>
                    <IKRotLimitOrder>0</IKRotLimitOrder>
                    <KeyFrames count="19">
                        <i>0.999447 -6.24112e-009 0.033249 -0.0275354 0.560495 0.8277 -0.0186359 -0.828158 0.560185 0.006918 1.92118 0.260024</i>
                        <i>0.991414 7.6459e-009 0.13076 -0.09634 0.676143 0.730445 -0.0884124 -0.736771 0.670338 -0.590875 1.52266 0.448169</i>
                        <i>0.976174 4.46655e-008 0.216989 -0.0894308 0.911119 0.402324 -0.197703 -0.412144 0.88941 -1.21824 1.16577 0.56795</i>
                        <i>0.948309 0.000167276 0.317349 -0.105252 0.943564 0.314019 -0.299387 -0.331189 0.894808 -1.80308 1.18126 0.544275</i>
                        <i>0.931407 0.0013682 0.363977 -0.106083 0.957599 0.267864 -0.348178 -0.288102 0.892059 -2.36166 1.21594 0.519459</i>
                        <i>0.935537 0.00559022 0.353183 -0.103175 0.960595 0.258093 -0.337824 -0.277895 0.899249 -2.89581 1.26641 0.499677</i>
                        <i>0.959553 0.0155131 0.281101 -0.0959409 0.956732 0.2747 -0.264677 -0.290558 0.919523 -3.40668 1.33002 0.486098</i>
                        <i>0.986155 0.0323826 0.162634 -0.0806344 0.950635 0.299653 -0.144902 -0.308618 0.940084 -3.89933 1.4057 0.474439</i>
                        <i>0.997642 0.0536964 0.0427569 -0.0644185 0.94753 0.313108 -0.0237007 -0.315124 0.948754 -4.38629 1.49221 0.459215</i>
                        <i>0.996544 0.0752974 -0.0350763 -0.0608108 0.94897 0.309448 0.056587 -0.306246 0.950269 -4.88069 1.58515 0.439653</i>
                        <i>0.993722 0.0948699 -0.0593047 -0.0734862 0.953156 0.293417 0.084363 -0.287217 0.954143 -5.3883 1.67796 0.417656</i>
                        <i>0.992959 0.111807 -0.0391439 -0.0973389 0.958404 0.268303 0.0675138 -0.262603 0.962539 -5.90935 1.76445 0.393959</i>
                        <i>0.991956 0.125925 0.0128579 -0.125421 0.964072 0.234167 0.0170917 -0.233896 0.972111 -6.44239 1.8396 0.367858</i>
                        <i>0.991956 0.125925 0.0128579 -0.125421 0.964072 0.234167 0.0170917 -0.233896 0.972111 -6.96658 1.8396 0.367858</i>
                        <i>0.991956 0.125925 0.0128579 -0.125421 0.964072 0.234167 0.0170917 -0.233896 0.972111 -7.49077 1.8396 0.367858</i>
                        <i>0.991956 0.125925 0.0128579 -0.125421 0.964072 0.234167 0.0170917 -0.233896 0.972111 -8.01497 1.8396 0.367858</i>
                        <i>0.991956 0.125925 0.0128579 -0.125421 0.964072 0.234167 0.0170917 -0.233896 0.972111 -8.53916 1.8396 0.367858</i>
                        <i>0.991956 0.125925 0.0128579 -0.125421 0.964072 0.234167 0.0170917 -0.233896 0.972111 -9.06336 1.8396 0.367858</i>
                        <i>0.991956 0.125925 0.0128579 -0.125421 0.964072 0.234167 0.0170917 -0.233896 0.972111 -9.58755 1.8396 0.367858</i>
                    </KeyFrames>
                </p>
            </i>
            <i>
                <p>
                    <Name><![CDATA[ponytail_1]]></Name>
                    <Exclude>0</Exclude>
                    <Additive>0</Additive>
                    <IKPriority>0</IKPriority>
                    <IKRotLimits>-1e+010 -1e+010 -1e+010 1e+010 1e+010 1e+010</IKRotLimits>
                    <IKRotLimitOrder>0</IKRotLimitOrder>
                    <KeyFrames count="19">
                        <i>0.972527 -0.145047 -0.182078 0.0342493 -0.684494 0.728213 -0.230257 -0.714443 -0.660721 0.027805 2.26381 0.142443</i>
                        <i>0.970452 -0.241156 0.00820176 -0.134757 -0.513461 0.847466 -0.20016 -0.82353 -0.530787 -0.55218 1.84419 0.284532</i>
                        <i>0.913593 -0.287093 0.287966 -0.319106 -0.0672611 0.945329 -0.252029 -0.955538 -0.153062 -1.1409 1.3958 0.298207</i>
                        <i>0.823409 -0.276652 0.49544 -0.492844 0.0840809 0.866046 -0.28125 -0.957285 -0.0671133 -1.69211 1.38601 0.266033</i>
                        <i>0.733618 -0.249958 0.631922 -0.604327 0.185317 0.774885 -0.310795 -0.950357 -0.0151041 -2.23398 1.40695 0.238625</i>
                        <i>0.673214 -0.219835 0.706014 -0.663354 0.242314 0.707987 -0.326718 -0.944964 0.0173008 -2.77141 1.4542 0.215223</i>
                        <i>0.656961 -0.192974 0.728809 -0.680093 0.265523 0.683353 -0.325385 -0.944595 0.043198 -3.3068 1.52205 0.194888</i>
                        <i>0.673615 -0.168459 0.719628 -0.67024 0.271115 0.690851 -0.311482 -0.947691 0.0697195 -3.83947 1.60376 0.176373</i>
                        <i>0.688213 -0.141927 0.711491 -0.663234 0.274437 0.696279 -0.294081 -0.951074 0.0947403 -4.36713 1.69262 0.157347</i>
                        <i>0.670711 -0.113914 0.73292 -0.686116 0.28009 0.671412 -0.281767 -0.953191 0.109701 -4.88931 1.78296 0.13559</i>
                        <i>0.61076 -0.0893253 0.786761 -0.740918 0.28602 0.607646 -0.279308 -0.954051 0.108507 -5.40788 1.86983 0.110317</i>
                        <i>0.509676 -0.0720051 0.857348 -0.811253 0.291642 0.506767 -0.286529 -0.953813 0.0902285 -5.92529 1.94849 0.0816583</i>
                        <i>0.373184 -0.0628242 0.925628 -0.877775 0.299148 0.374195 -0.300408 -0.952136 0.0564918 -6.44335 2.01437 0.0498759</i>
                        <i>0.988534 -0.143041 0.0483709 -0.0419472 0.047589 0.997986 -0.145055 -0.988572 0.0410431 -6.96754 2.01437 0.0498759</i>
                        <i>0.978472 -0.144416 0.147433 -0.133192 0.103803 0.985639 -0.157646 -0.984057 0.0823338 -7.49173 2.01437 0.0498759</i>
                        <i>0.959509 -0.134565 0.247457 -0.226241 0.155181 0.961631 -0.167803 -0.978678 0.118453 -8.01593 2.01437 0.0498759</i>
                        <i>0.930668 -0.116585 0.346791 -0.320155 0.199257 0.926173 -0.177079 -0.972987 0.148117 -8.54012 2.01437 0.0498759</i>
                        <i>0.89123 -0.0939148 0.443722 -0.413354 0.23448 0.879862 -0.186676 -0.967574 0.170155 -9.06432 2.01437 0.0498759</i>
                        <i>0.840962 -0.0701332 0.53653 -0.503794 0.260287 0.823676 -0.197418 -0.962981 0.183558 -9.58851 2.01437 0.0498759</i>
                    </KeyFrames>
                </p>
            </i>
            <i>
                <p>
                    <Name><![CDATA[ponytail_2]]></Name>
                    <Exclude>0</Exclude>
                    <Additive>0</Additive>
                    <IKPriority>0</IKPriority>
                    <IKRotLimits>-1e+010 -1e+010 -1e+010 1e+010 1e+010 1e+010</IKRotLimits>
                    <IKRotLimitOrder>0</IKRotLimitOrder>
                    <KeyFrames count="19">
                        <i>0.972527 -0.145047 -0.182078 -0.0547972 -0.902819 0.426515 -0.226248 -0.404819 -0.885964 0.0215401 2.33376 0.0532599</i>
                        <i>0.970452 -0.241156 0.00820176 -0.200103 -0.785322 0.585857 -0.134842 -0.570187 -0.810373 -0.539028 1.89367 0.183219</i>
                        <i>0.913593 -0.287093 0.287966 -0.390431 -0.421444 0.818504 -0.113626 -0.860211 -0.497118 -1.10745 1.39347 0.189759</i>
                        <i>0.823409 -0.276652 0.49544 -0.562415 -0.281853 0.777334 -0.0754097 -0.918707 -0.387673 -1.63932 1.36656 0.16744</i>
                        <i>0.733618 -0.249958 0.631922 -0.676828 -0.185434 0.712403 -0.0608905 -0.950334 -0.305217 -2.1689 1.37613 0.150877</i>
                        <i>0.673214 -0.219835 0.706014 -0.737513 -0.130589 0.662587 -0.0534624 -0.966757 -0.250045 -2.69982 1.41699 0.135375</i>
                        <i>0.656961 -0.192974 0.728809 -0.752523 -0.108943 0.649492 -0.0459361 -0.975137 -0.216789 -3.2333 1.48222 0.118093</i>
                        <i>0.673615 -0.168459 0.719628 -0.738168 -0.104924 0.666407 -0.0367555 -0.980108 -0.195029 -3.76695 1.56326 0.0990055</i>
                        <i>0.688213 -0.141927 0.711491 -0.725136 -0.103117 0.680841 -0.023263 -0.984492 -0.173883 -4.29522 1.65171 0.0796266</i>
                        <i>0.670711 -0.113914 0.73292 -0.741712 -0.0986741 0.66342 -0.00325272 -0.988578 -0.150673 -4.81469 1.74139 0.0608357</i>
                        <i>0.61076 -0.0893253 0.786761 -0.791573 -0.093502 0.603879 0.0196221 -0.991604 -0.127815 -5.32703 1.82758 0.042758</i>
                        <i>0.509676 -0.0720051 0.857348 -0.859466 -0.0882031 0.503526 0.0393642 -0.993497 -0.106841 -5.83657 1.90561 0.0253127</i>
                        <i>0.373184 -0.0628242 0.925628 -0.926327 -0.0806169 0.367994 0.0515024 -0.994763 -0.0882807 -6.34725 1.97066 0.00816517</i>
                        <i>0.988534 -0.143041 0.0483709 -0.0933871 -0.327428 0.94025 -0.118656 -0.933986 -0.337032 -6.96431 1.99871 -0.062507</i>
                        <i>0.978472 -0.144416 0.147433 -0.182675 -0.273638 0.944326 -0.0960321 -0.950929 -0.294128 -7.47832 1.9924 -0.0606822</i>
                        <i>0.959509 -0.134565 0.247457 -0.27272 -0.224005 0.935652 -0.0704745 -0.965253 -0.251634 -7.9921 1.98665 -0.0575929</i>
                        <i>0.930668 -0.116585 0.346791 -0.363236 -0.181021 0.913943 -0.0437756 -0.976544 -0.210819 -8.50577 1.98173 -0.0532765</i>
                        <i>0.89123 -0.0939148 0.443722 -0.453209 -0.146346 0.879309 -0.0176429 -0.984765 -0.172991 -9.01953 1.9778 -0.0478126</i>
                        <i>0.840962 -0.0701332 0.53653 -0.541056 -0.120705 0.832279 0.00639172 -0.990208 -0.139455 -9.53361 1.97494 -0.0413221</i>
                    </KeyFrames>
                </p>
            </i>
            <i>
                <p>
                    <Name><![CDATA[ponytail_3]]></Name>
                    <Exclude>0</Exclude>
                    <Additive>0</Additive>
                    <IKPriority>0</IKPriority>
                    <IKRotLimits>-1e+010 -1e+010 -1e+010 1e+010 1e+010 1e+010</IKRotLimits>
                    <IKRotLimitOrder>0</IKRotLimitOrder>
                    <KeyFrames count="19">
                        <i>0.972527 -0.145047 -0.182078 -0.111206 -0.976614 0.184006 -0.20451 -0.158702 -0.965914 0.0250476 2.40452 0.0156229</i>
                        <i>0.970452 -0.241156 0.00820176 -0.228076 -0.905659 0.357439 -0.0787704 -0.348748 -0.9339 -0.52352 1.95437 0.133109</i>
                        <i>0.913593 -0.287093 0.287966 -0.406523 -0.628729 0.662902 -0.00926217 -0.722688 -0.691113 -1.0766 1.42389 0.12223</i>
                        <i>0.823409 -0.276652 0.49544 -0.562868 -0.508907 0.651301 0.0719494 -0.815155 -0.574757 -1.59455 1.38555 0.103637</i>
                        <i>0.733618 -0.249958 0.631922 -0.669685 -0.423884 0.609791 0.115439 -0.870542 -0.478362 -2.1149 1.38728 0.0925991</i>
                        <i>0.673214 -0.219835 0.706014 -0.72641 -0.375116 0.575861 0.138243 -0.900533 -0.412224 -2.64093 1.42368 0.0813039</i>
                        <i>0.656961 -0.192974 0.728809 -0.738977 -0.356358 0.571771 0.14938 -0.914205 -0.376717 -3.17318 1.48714 0.0652018</i>
                        <i>0.673615 -0.168459 0.719628 -0.722742 -0.353755 0.593719 0.154555 -0.920043 -0.360047 -3.70794 1.56785 0.0448436</i>
                        <i>0.688213 -0.141927 0.711491 -0.706675 -0.353137 0.613111 0.164237 -0.924744 -0.34333 -4.2372 1.65613 0.0243906</i>
                        <i>0.670711 -0.113914 0.73292 -0.71754 -0.349896 0.602254 0.187841 -0.929837 -0.316417 -4.75526 1.74544 0.00708641</i>
                        <i>0.61076 -0.0893253 0.786761 -0.759829 -0.345678 0.550606 0.222783 -0.934092 -0.278998 -5.26353 1.8312 -0.00613094</i>
                        <i>0.509676 -0.0720051 0.857348 -0.820349 -0.341045 0.459037 0.259341 -0.937285 -0.232891 -5.76755 1.9088 -0.0154529</i>
                        <i>0.373184 -0.0628242 0.925628 -0.88183 -0.33404 0.332854 0.288286 -0.940463 -0.180059 -6.27282 1.97323 -0.0216675</i>
                        <i>0.988534 -0.143041 0.0483709 -0.120791 -0.55688 0.821763 -0.0906092 -0.818183 -0.567773 -6.95729 2.0213 -0.139167</i>
                        <i>0.978472 -0.144416 0.147433 -0.201243 -0.509266 0.836749 -0.045757 -0.848406 -0.527365 -7.46405 2.01062 -0.137501</i>
                        <i>0.959509 -0.134565 0.247457 -0.281671 -0.464995 0.83931 0.00212463 -0.875027 -0.48407 -7.97052 2.00083 -0.133551</i>
                        <i>0.930668 -0.116585 0.346791 -0.362259 -0.426368 0.828841 0.0512301 -0.897005 -0.439042 -8.47684 1.99242 -0.127335</i>
                        <i>0.89123 -0.0939148 0.443722 -0.44247 -0.394979 0.805116 0.0996488 -0.913877 -0.393572 -8.98328 1.98569 -0.118949</i>
                        <i>0.840962 -0.0701332 0.53653 -0.521167 -0.371604 0.768307 0.145493 -0.925738 -0.349056 -9.49023 1.98074 -0.108559</i>
                    </KeyFrames>
                </p>
            </i>
            <i>
                <p>
                    <Name><![CDATA[l_clav]]></Name>
                    <Exclude>1</Exclude>
                    <Additive>0</Additive>
                    <IKPriority>0</IKPriority>
                    <IKRotLimits>-1e+010 -1e+010 -1e+010 1e+010 1e+010 1e+010</IKRotLimits>
                    <IKRotLimitOrder>0</IKRotLimitOrder>
                    <KeyFrames count="19">
                        <i>0.816363 0.56402 -0.12423 -0.489199 0.789639 0.370344 0.306978 -0.241562 0.92055 0.157858 1.83069 0.00667455</i>
                        <i>0.803734 0.582668 0.12046 -0.550416 0.651239 0.522427 0.225953 -0.486195 0.844132 -0.424204 1.48986 0.135551</i>
                        <i>0.741951 0.567698 0.356691 -0.645494 0.461035 0.60892 0.181236 -0.68203 0.708511 -1.03101 1.1405 0.230962</i>
                        <i>0.704678 0.568906 0.423999 -0.703882 0.485291 0.518693 0.0893247 -0.663957 0.742417 -1.58042 1.13576 0.231971</i>
                        <i>0.693218 0.564842 0.447664 -0.720584 0.530776 0.446133 0.0143854 -0.631847 0.77496 -2.12077 1.15366 0.225408</i>
                        <i>0.706741 0.554291 0.439634 -0.706108 0.591221 0.389704 -0.0439115 -0.585849 0.80923 -2.65269 1.19048 0.214553</i>
                        <i>0.73922 0.535302 0.408662 -0.667949 0.660251 0.343384 -0.0860052 -0.526802 0.845625 -3.17751 1.24244 0.201828</i>
                        <i>0.782492 0.506504 0.36216 -0.612322 0.731501 0.299948 -0.112996 -0.456466 0.882537 -3.69691 1.30568 0.188934</i>
                        <i>0.828439 0.468028 0.307633 -0.545417 0.799016 0.253169 -0.127313 -0.377523 0.917206 -4.2128 1.37628 0.176975</i>
                        <i>0.870559 0.421923 0.253195 -0.473702 0.857866 0.199182 -0.133168 -0.293339 0.946688 -4.72716 1.4503 0.166543</i>
                        <i>0.904805 0.371987 0.207254 -0.403334 0.904745 0.13696 -0.136565 -0.207514 0.968653 -5.24193 1.52378 0.157794</i>
                        <i>0.929507 0.323133 0.177767 -0.339171 0.938269 0.0679299 -0.144843 -0.123435 0.981725 -5.75893 1.59275 0.150501</i>
                        <i>0.944375 0.280569 0.171574 -0.283948 0.958826 -0.00502968 -0.165921 -0.0439683 0.985158 -6.27976 1.6533 0.144114</i>
                        <i>0.944375 0.280569 0.171574 -0.283948 0.958826 -0.00502968 -0.165921 -0.0439683 0.985158 -6.80395 1.6533 0.144114</i>
                        <i>0.944375 0.280569 0.171574 -0.283948 0.958826 -0.00502968 -0.165921 -0.0439683 0.985158 -7.32814 1.6533 0.144114</i>
                        <i>0.944375 0.280569 0.171574 -0.283948 0.958826 -0.00502968 -0.165921 -0.0439683 0.985158 -7.85234 1.6533 0.144114</i>
                        <i>0.944375 0.280569 0.171574 -0.283948 0.958826 -0.00502968 -0.165921 -0.0439683 0.985158 -8.37653 1.6533 0.144114</i>
                        <i>0.944375 0.280569 0.171574 -0.283948 0.958826 -0.00502968 -0.165921 -0.0439683 0.985158 -8.90072 1.6533 0.144114</i>
                        <i>0.944375 0.280569 0.171574 -0.283948 0.958826 -0.00502968 -0.165921 -0.0439683 0.985158 -9.42492 1.6533 0.144114</i>
                    </KeyFrames>
                </p>
            </i>
            <i>
                <p>
                    <Name><![CDATA[l_shoulder]]></Name>
                    <Exclude>1</Exclude>
                    <Additive>0</Additive>
                    <IKPriority>0</IKPriority>
                    <IKRotLimits>-1e+010 -1e+010 -1e+010 1e+010 1e+010 1e+010</IKRotLimits>
                    <IKRotLimitOrder>0</IKRotLimitOrder>
                    <KeyFrames count="19">
                        <i>0.428284 -0.901962 -0.0551171 0.890079 0.41054 0.198029 -0.155987 -0.133871 0.978645 0.33697 1.95443 -0.0205817</i>
                        <i>0.463686 -0.847459 -0.258474 0.851735 0.346018 0.393469 -0.244012 -0.402598 0.882255 -0.247863 1.6177 0.16198</i>
                        <i>0.549317 -0.724458 -0.416426 0.781725 0.269466 0.5624 -0.295223 -0.634467 0.714349 -0.868229 1.26505 0.30922</i>
                        <i>0.593507 -0.735585 -0.326594 0.708634 0.28523 0.645354 -0.381558 -0.614458 0.690547 -1.42626 1.26022 0.324725</i>
                        <i>0.618087 -0.749808 -0.236129 0.649548 0.31794 0.690653 -0.442782 -0.580261 0.683551 -1.97034 1.27623 0.322551</i>
                        <i>0.62989 -0.762652 -0.146975 0.607702 0.366098 0.704748 -0.48367 -0.533231 0.694066 -2.50118 1.30932 0.308805</i>
                        <i>0.635369 -0.769845 -0.0603795 0.582527 0.426503 0.691923 -0.506922 -0.474799 0.719442 -3.02137 1.3555 0.288143</i>
                        <i>0.639911 -0.768127 0.0222647 0.57076 0.49449 0.655525 -0.514536 -0.40677 0.754845 -3.53434 1.41091 0.264175</i>
                        <i>0.647135 -0.755869 0.0993888 0.567411 0.564601 0.599391 -0.509176 -0.331493 0.794262 -4.04357 1.47189 0.239817</i>
                        <i>0.658357 -0.733269 0.169952 0.566923 0.631583 0.528868 -0.495141 -0.251834 0.831513 -4.55218 1.53511 0.217435</i>
                        <i>0.672467 -0.702022 0.234421 0.564497 0.691333 0.451001 -0.478675 -0.170953 0.861188 -5.0627 1.59746 0.198848</i>
                        <i>0.686241 -0.664676 0.295431 0.557182 0.741449 0.3739 -0.467569 -0.0919766 0.879158 -5.57707 1.65597 0.185282</i>
                        <i>0.694771 -0.623983 0.357685 0.544245 0.781236 0.305724 -0.470203 -0.0177397 0.88238 -6.09678 1.70766 0.177357</i>
                        <i>0.694771 -0.623983 0.357685 0.544245 0.781236 0.305724 -0.470203 -0.0177397 0.88238 -6.62097 1.70766 0.177357</i>
                        <i>0.694771 -0.623983 0.357685 0.544245 0.781236 0.305724 -0.470203 -0.0177397 0.88238 -7.14517 1.70766 0.177357</i>
                        <i>0.694771 -0.623983 0.357685 0.544245 0.781236 0.305724 -0.470203 -0.0177397 0.88238 -7.66936 1.70766 0.177357</i>
                        <i>0.694771 -0.623983 0.357685 0.544245 0.781236 0.305724 -0.470203 -0.0177397 0.88238 -8.19356 1.70766 0.177357</i>
                        <i>0.694771 -0.623983 0.357685 0.544245 0.781236 0.305724 -0.470203 -0.0177397 0.88238 -8.71775 1.70766 0.177357</i>
                        <i>0.694771 -0.623983 0.357685 0.544245 0.781236 0.305724 -0.470203 -0.0177397 0.88238 -9.24194 1.70766 0.177357</i>
                    </KeyFrames>
                </p>
            </i>
            <i>
                <p>
                    <Name><![CDATA[l_elbow]]></Name>
                    <Exclude>1</Exclude>
                    <Additive>0</Additive>
                    <IKPriority>0</IKPriority>
                    <IKRotLimits>-1e+010 -1e+010 -1e+010 1e+010 1e+010 1e+010</IKRotLimits>
                    <IKRotLimitOrder>0</IKRotLimitOrder>
                    <KeyFrames count="19">
                        <i>-0.0671284 -0.31667 0.946157 0.889659 0.410282 0.200438 -0.451664 0.855213 0.254187 0.47628 1.66105 -0.03851</i>
                        <i>-0.14595 -0.568392 0.809709 0.851096 0.345096 0.395657 -0.504315 0.746887 0.433389 -0.097037 1.34204 0.0779041</i>
                        <i>-0.178377 -0.769986 0.61262 0.780953 0.267964 0.564187 -0.598576 0.579066 0.553524 -0.689549 1.0294 0.173766</i>
                        <i>-0.255144 -0.751379 0.608549 0.707647 0.283778 0.647075 -0.658891 0.595735 0.459306 -1.23321 1.02095 0.218492</i>
                        <i>-0.313967 -0.717297 0.622021 0.648409 0.316573 0.692349 -0.693535 0.620699 0.365708 -1.76929 1.03234 0.245743</i>
                        <i>-0.356817 -0.669133 0.651876 0.606462 0.364847 0.706464 -0.710553 0.647416 0.27562 -2.29629 1.06125 0.260998</i>
                        <i>-0.383344 -0.608818 0.694541 0.581229 0.425396 0.693694 -0.717789 0.669611 0.19079 -2.8147 1.10509 0.268503</i>
                        <i>-0.39294 -0.538988 0.745044 0.569444 0.493549 0.657376 -0.722034 0.682569 0.112988 -3.32619 1.16105 0.271417</i>
                        <i>-0.386441 -0.462829 0.797779 0.566107 0.563845 0.601333 -0.728138 0.684009 0.0441184 -3.83307 1.22602 0.272146</i>
                        <i>-0.367209 -0.383698 0.847309 0.565652 0.63102 0.530897 -0.738373 0.674233 -0.0146764 -4.33803 1.29659 0.272716</i>
                        <i>-0.341464 -0.30469 0.889138 0.563266 0.690966 0.453097 -0.752419 0.655538 -0.0643186 -4.84396 1.36911 0.2751</i>
                        <i>-0.317946 -0.228334 0.920203 0.555977 0.741274 0.376035 -0.767984 0.631171 -0.108737 -5.35385 1.43977 0.281379</i>
                        <i>-0.307049 -0.156501 0.938738 0.543032 0.781241 0.307863 -0.781561 0.604293 -0.154894 -5.87079 1.50469 0.293704</i>
                        <i>-0.307049 -0.156501 0.938738 0.543032 0.781241 0.307863 -0.781561 0.604293 -0.154894 -6.39498 1.50469 0.293704</i>
                        <i>-0.307049 -0.156501 0.938738 0.543032 0.781241 0.307863 -0.781561 0.604293 -0.154894 -6.91917 1.50469 0.293704</i>
                        <i>-0.307049 -0.156501 0.938738 0.543032 0.781241 0.307863 -0.781561 0.604293 -0.154894 -7.44337 1.50469 0.293704</i>
                        <i>-0.307049 -0.156501 0.938738 0.543032 0.781241 0.307863 -0.781561 0.604293 -0.154894 -7.96756 1.50469 0.293704</i>
                        <i>-0.307049 -0.156501 0.938738 0.543032 0.781241 0.307863 -0.781561 0.604293 -0.154894 -8.49176 1.50469 0.293704</i>
                        <i>-0.307049 -0.156501 0.938738 0.543032 0.781241 0.307863 -0.781561 0.604293 -0.154894 -9.01595 1.50469 0.293704</i>
                    </KeyFrames>
                </p>
            </i>
            <i>
                <p>
                    <Name><![CDATA[l_forearm]]></Name>
                    <Exclude>1</Exclude>
                    <Additive>0</Additive>
                    <IKPriority>0</IKPriority>
                    <IKRotLimits>-1e+010 -1e+010 -1e+010 1e+010 1e+010 1e+010</IKRotLimits>
                    <IKRotLimitOrder>0</IKRotLimitOrder>
                    <KeyFrames count="19">
                        <i>-0.0671277 -0.31667 0.946158 0.9971 -0.055355 0.0522152 0.0358395 0.946919 0.319468 0.465363 1.60954 0.115372</i>
                        <i>-0.145949 -0.568392 0.80971 0.98887 -0.0599065 0.13619 -0.0289025 0.820574 0.570809 -0.120774 1.2496 0.209594</i>
                        <i>-0.178377 -0.769985 0.612621 0.973168 -0.046088 0.225431 -0.145344 0.636395 0.757546 -0.71856 0.904173 0.273402</i>
