<?xml version="1.0" encoding="ISO-8859-1" ?>
<Animl Version="1">
    <ModellingPackage><![CDATA[Maya.2010]]></ModellingPackage>
    <SrcFile><![CDATA[anims\characters\shared\commando\~src\commando_land_backward.mb]]></SrcFile>
    <FramesPerSecond>30</FramesPerSecond>
    <TotalFrames>19</TotalFrames>
    <Skeleton>
        <RefFrame>
            <Name><![CDATA[commando_ref_frame]]></Name>
            <Exclude>0</Exclude>
            <Additive>0</Additive>
            <IKPriority>0</IKPriority>
            <IKRotLimits>-1e+010 -1e+010 -1e+010 1e+010 1e+010 1e+010</IKRotLimits>
            <IKRotLimitOrder>0</IKRotLimitOrder>
            <KeyFrames count="19">
                <i>1 0 0 0 1 0 0 0 1 0.101653 0 -0.176406</i>
                <i>1 0 0 0 1 0 0 0 1 0.0654661 0 -0.585333</i>
                <i>1 0 0 0 1 0 0 0 1 0.0272431 0 -0.995101</i>
                <i>1 0 0 0 1 0 0 0 1 0.0244306 0 -1.48355</i>
                <i>1 0 0 0 1 0 0 0 1 0.0238711 0 -1.97718</i>
                <i>1 0 0 0 1 0 0 0 1 0.0251672 0 -2.47508</i>
                <i>1 0 0 0 1 0 0 0 1 0.027921 0 -2.97633</i>
                <i>1 0 0 0 1 0 0 0 1 0.0317352 0 -3.48002</i>
                <i>1 0 0 0 1 0 0 0 1 0.036212 0 -3.98524</i>
                <i>1 0 0 0 1 0 0 0 1 0.0409539 0 -4.49106</i>
                <i>1 0 0 0 1 0 0 0 1 0.0455633 0 -4.99658</i>
                <i>1 0 0 0 1 0 0 0 1 0.0496425 0 -5.50088</i>
                <i>1 0 0 0 1 0 0 0 1 0.052794 0 -6.00305</i>
                <i>1 0 0 0 1 0 0 0 1 0.052794 0 -6.48692</i>
                <i>1 0 0 0 1 0 0 0 1 0.052794 0 -6.97079</i>
                <i>1 0 0 0 1 0 0 0 1 0.052794 0 -7.45466</i>
                <i>1 0 0 0 1 0 0 0 1 0.052794 0 -7.93853</i>
                <i>1 0 0 0 1 0 0 0 1 0.052794 0 -8.4224</i>
                <i>1 0 0 0 1 0 0 0 1 0.052794 0 -8.90628</i>
            </KeyFrames>
        </RefFrame>
        <Bones count="28">
            <i>
                <p>
                    <Name><![CDATA[pelvis]]></Name>
                    <Exclude>0</Exclude>
                    <Additive>0</Additive>
                    <IKPriority>0</IKPriority>
                    <IKRotLimits>-1e+010 -1e+010 -1e+010 1e+010 1e+010 1e+010</IKRotLimits>
                    <IKRotLimitOrder>2</IKRotLimitOrder>
                    <KeyFrames count="19">
                        <i>1 0 0 0 1 0 0 0 1 0.102546 1.31613 -0.202753</i>
                        <i>1 0 0 0 1 0 0 0 1 0.0665694 1.07784 -0.612002</i>
                        <i>1 0 0 0 1 0 0 0 1 0.0285081 0.819393 -1.02196</i>
                        <i>1 0 0 0 1 0 0 0 1 0.0255339 0.872034 -1.5099</i>
                        <i>1 0 0 0 1 0 0 0 1 0.0245516 1.01628 -2.00212</i>
                        <i>1 0 0 0 1 0 0 0 1 0.0252817 1.11076 -2.49785</i>
                        <i>1 0 0 0 1 0 0 0 1 0.0274559 1.1247 -2.99633</i>
                        <i>1 0 0 0 1 0 0 0 1 0.030795 1.12421 -3.4968</i>
                        <i>1 0 0 0 1 0 0 0 1 0.0349926 1.11323 -3.99853</i>
                        <i>1 0 0 0 1 0 0 0 1 0.0397035 1.09571 -4.50076</i>
                        <i>1 0 0 0 1 0 0 0 1 0.0445364 1.07554 -5.00275</i>
                        <i>1 0 0 0 1 0 0 0 1 0.0490594 1.05689 -5.50376</i>
                        <i>1 0 0 0 1 0 0 0 1 0.052794 1.04386 -6.00305</i>
                        <i>1 0 0 0 1 0 0 0 1 0.052794 1.04386 -6.48692</i>
                        <i>1 0 0 0 1 0 0 0 1 0.052794 1.04386 -6.97079</i>
                        <i>1 0 0 0 1 0 0 0 1 0.052794 1.04386 -7.45466</i>
                        <i>1 0 0 0 1 0 0 0 1 0.052794 1.04386 -7.93853</i>
                        <i>1 0 0 0 1 0 0 0 1 0.052794 1.04386 -8.4224</i>
                        <i>1 0 0 0 1 0 0 0 1 0.052794 1.04386 -8.90628</i>
                    </KeyFrames>
                </p>
            </i>
            <i>
                <p>
                    <Name><![CDATA[spine0]]></Name>
                    <Exclude>0</Exclude>
                    <Additive>0</Additive>
                    <IKPriority>0</IKPriority>
                    <IKRotLimits>-1e+010 -1e+010 -1e+010 1e+010 1e+010 1e+010</IKRotLimits>
                    <IKRotLimitOrder>0</IKRotLimitOrder>
                    <KeyFrames count="19">
                        <i>-0.0421832 0.94045 0.337303 -0.916211 0.0982329 -0.388469 -0.39847 -0.325428 0.857507 0.132693 1.45592 -0.21846</i>
                        <i>-0.0323941 0.968519 0.246825 -0.919437 0.0679556 -0.387322 -0.391902 -0.239486 0.88829 0.108659 1.20574 -0.662656</i>
                        <i>-0.0449944 0.979624 0.195736 -0.928708 0.0311729 -0.369499 -0.368071 -0.198407 0.908382 0.081048 0.924555 -1.10489</i>
                        <i>-0.0378809 0.982371 0.183065 -0.930523 0.0321034 -0.364824 -0.364269 -0.184166 0.912902 0.0777463 0.975427 -1.59523</i>
                        <i>-0.0295903 0.986099 0.163501 -0.933898 0.0310348 -0.356191 -0.356314 -0.163233 0.919997 0.0742609 1.11957 -2.08904</i>
                        <i>-0.0219644 0.990123 0.138471 -0.938668 0.0272504 -0.343745 -0.344123 -0.137528 0.928798 0.0706842 1.21518 -2.58577</i>
                        <i>-0.0169823 0.993769 0.110161 -0.944681 0.0201464 -0.327373 -0.327552 -0.109626 0.938452 0.0670846 1.231 -3.08479</i>
                        <i>-0.0159935 0.996623 0.0805379 -0.951616 0.00954907 -0.307141 -0.306873 -0.0815534 0.94825 0.0635056 1.23264 -3.58552</i>
                        <i>-0.0193378 0.998542 0.0503985 -0.95898 -0.00426568 -0.283442 -0.282814 -0.0538123 0.957664 0.0599615 1.22356 -4.08741</i>
                        <i>-0.0265205 0.99947 0.0188949 -0.966198 -0.0207798 -0.256962 -0.256434 -0.025071 0.966237 0.0564281 1.20728 -4.59002</i>
                        <i>-0.0383026 0.998686 -0.0340519 -0.972715 -0.0450665 -0.227586 -0.228822 0.0244056 0.973162 0.0526377 1.18567 -5.09495</i>
                        <i>-0.0558254 0.992371 -0.10992 -0.977794 -0.0766113 -0.195062 -0.201995 0.0965895 0.974612 0.0483063 1.16239 -5.60155</i>
                        <i>-0.0758875 0.98015 -0.183159 -0.980955 -0.106325 -0.162548 -0.178796 0.167336 0.969552 0.0436983 1.14367 -6.10626</i>
                        <i>-0.0758875 0.98015 -0.183159 -0.980955 -0.106325 -0.162548 -0.178796 0.167336 0.969552 0.0436983 1.14367 -6.59013</i>
                        <i>-0.0758875 0.98015 -0.183159 -0.980955 -0.106325 -0.162548 -0.178796 0.167336 0.969552 0.0436983 1.14367 -7.074</i>
                        <i>-0.0758875 0.98015 -0.183159 -0.980955 -0.106325 -0.162548 -0.178796 0.167336 0.969552 0.0436983 1.14367 -7.55787</i>
                        <i>-0.0758875 0.98015 -0.183159 -0.980955 -0.106325 -0.162548 -0.178796 0.167336 0.969552 0.0436983 1.14367 -8.04174</i>
                        <i>-0.0758875 0.98015 -0.183159 -0.980955 -0.106325 -0.162548 -0.178796 0.167336 0.969552 0.0436983 1.14367 -8.52561</i>
                        <i>-0.0758875 0.98015 -0.183159 -0.980955 -0.106325 -0.162548 -0.178796 0.167336 0.969552 0.0436983 1.14367 -9.00948</i>
                    </KeyFrames>
                </p>
            </i>
            <i>
                <p>
                    <Name><![CDATA[spine1]]></Name>
                    <Exclude>0</Exclude>
                    <Additive>0</Additive>
                    <IKPriority>0</IKPriority>
                    <IKRotLimits>-1e+010 -1e+010 -1e+010 1e+010 1e+010 1e+010</IKRotLimits>
                    <IKRotLimitOrder>0</IKRotLimitOrder>
                    <KeyFrames count="19">
                        <i>-0.207113 0.834417 0.510736 -0.972645 -0.11949 -0.199209 -0.105196 -0.538024 0.83634 0.124782 1.63323 -0.154964</i>
                        <i>-0.269024 0.735017 0.622395 -0.963079 -0.198396 -0.181984 -0.0102806 -0.648374 0.761253 0.102895 1.3786 -0.618645</i>
                        <i>-0.311678 0.617896 0.721846 -0.94022 -0.310303 -0.14035 0.137269 -0.722438 0.677673 0.0732116 1.09531 -1.07078</i>
                        <i>-0.304717 0.633642 0.711088 -0.941774 -0.311886 -0.125653 0.142159 -0.707973 0.691784 0.0711916 1.1455 -1.56354</i>
                        <i>-0.283703 0.661874 0.693855 -0.949805 -0.293451 -0.10843 0.131845 -0.689789 0.711905 0.0691787 1.28896 -2.06096</i>
                        <i>-0.250698 0.700753 0.667904 -0.961675 -0.259419 -0.0887882 0.111048 -0.664566 0.738932 0.0669373 1.38399 -2.56216</i>
                        <i>-0.208029 0.747903 0.630369 -0.974328 -0.215165 -0.0662551 0.086081 -0.627968 0.773463 0.0642009 1.39952 -3.0661</i>
                        <i>-0.158848 0.799922 0.578698 -0.985235 -0.166345 -0.0405036 0.063864 -0.576588 0.814535 0.0607938 1.40137 -3.57187</i>
                        <i>-0.107345 0.85246 0.511653 -0.992947 -0.117975 -0.0117638 0.050334 -0.509307 0.859112 0.0566734 1.3932 -4.07884</i>
                        <i>-0.0583806 0.900975 0.429925 -0.9971 -0.073688 0.0190259 0.0488222 -0.427568 0.902664 0.0518805 1.37866 -4.58678</i>
                        <i>-0.018032 0.947527 0.319168 -0.998033 -0.0362274 0.0511639 0.0600418 -0.317618 0.946316 0.0459762 1.35945 -5.10089</i>
                        <i>0.00811701 0.983196 0.182371 -0.996696 -0.00678422 0.0809363 0.0808135 -0.182425 0.979893 0.038416 1.33833 -5.62107</i>
                        <i>0.020585 0.998472 0.0512782 -0.994333 0.0150952 0.105234 0.104299 -0.0531538 0.993124 0.0299765 1.32102 -6.13945</i>
                        <i>0.020585 0.998472 0.0512782 -0.994333 0.0150952 0.105234 0.104299 -0.0531538 0.993124 0.0299765 1.32102 -6.62332</i>
                        <i>0.020585 0.998472 0.0512782 -0.994333 0.0150952 0.105234 0.104299 -0.0531538 0.993124 0.0299765 1.32102 -7.1072</i>
                        <i>0.020585 0.998472 0.0512782 -0.994333 0.0150952 0.105234 0.104299 -0.0531538 0.993124 0.0299765 1.32102 -7.59107</i>
                        <i>0.020585 0.998472 0.0512782 -0.994333 0.0150952 0.105234 0.104299 -0.0531538 0.993124 0.0299765 1.32102 -8.07494</i>
                        <i>0.020585 0.998472 0.0512782 -0.994333 0.0150952 0.105234 0.104299 -0.0531538 0.993124 0.0299765 1.32102 -8.55881</i>
                        <i>0.020585 0.998472 0.0512782 -0.994333 0.0150952 0.105234 0.104299 -0.0531538 0.993124 0.0299765 1.32102 -9.04268</i>
                    </KeyFrames>
                </p>
            </i>
            <i>
                <p>
                    <Name><![CDATA[spine2]]></Name>
                    <Exclude>0</Exclude>
                    <Additive>0</Additive>
                    <IKPriority>0</IKPriority>
                    <IKRotLimits>-1e+010 -1e+010 -1e+010 1e+010 1e+010 1e+010</IKRotLimits>
                    <IKRotLimitOrder>0</IKRotLimitOrder>
                    <KeyFrames count="19">
                        <i>-0.207197 0.785633 0.582966 -0.967669 -0.252191 -0.00406269 0.143827 -0.56496 0.812486 0.0890875 1.77782 -0.0660684</i>
                        <i>-0.211345 0.691767 0.690501 -0.962161 -0.271558 -0.0224379 0.171989 -0.669115 0.722984 0.0590522 1.49898 -0.516352</i>
                        <i>-0.194801 0.624393 0.75643 -0.964472 -0.26225 -0.0319044 0.178453 -0.735771 0.653296 0.0236834 1.19398 -0.955056</i>
                        <i>-0.190368 0.652973 0.733066 -0.965543 -0.259505 -0.0195866 0.177445 -0.711536 0.679875 0.0231107 1.24603 -1.45031</i>
                        <i>-0.173132 0.689286 0.703498 -0.968485 -0.249007 0.00563105 0.179057 -0.680353 0.710674 0.0247832 1.39317 -1.95135</i>
                        <i>-0.145143 0.731948 0.665722 -0.971976 -0.231236 0.042326 0.18492 -0.640922 0.744999 0.0280249 1.49354 -2.45744</i>
                        <i>-0.108612 0.779388 0.617056 -0.974478 -0.20615 0.0888586 0.196461 -0.591656 0.781886 0.0321236 1.51586 -2.96779</i>
                        <i>-0.0664285 0.82941 0.554677 -0.974402 -0.173582 0.142863 0.214774 -0.530988 0.819709 0.0363974 1.52566 -3.48175</i>
                        <i>-0.0224564 0.878916 0.476447 -0.970413 -0.133761 0.201014 0.240405 -0.457836 0.855916 0.0402151 1.52619 -3.99886</i>
                        <i>0.0186179 0.92405 0.381818 -0.961829 -0.0877259 0.259208 0.273017 -0.37207 0.887145 0.0429751 1.52061 -4.51892</i>
                        <i>0.0505254 0.965563 0.255218 -0.948841 -0.0333436 0.31399 0.311687 -0.258025 0.91448 0.0433894 1.51102 -5.04971</i>
                        <i>0.0673025 0.992687 0.10021 -0.933129 0.0270722 0.358522 0.353188 -0.117639 0.928127 0.0400449 1.49865 -5.59119</i>
                        <i>0.0693719 0.996367 -0.0493993 -0.917446 0.0831669 0.38907 0.391765 0.0183307 0.919883 0.0337194 1.48727 -6.13075</i>
                        <i>0.0693719 0.996367 -0.0493993 -0.917446 0.0831669 0.38907 0.391765 0.0183307 0.919883 0.0337194 1.48727 -6.61462</i>
                        <i>0.0693719 0.996367 -0.0493993 -0.917446 0.0831669 0.38907 0.391765 0.0183307 0.919883 0.0337194 1.48727 -7.09849</i>
                        <i>0.0693719 0.996367 -0.0493993 -0.917446 0.0831669 0.38907 0.391765 0.0183307 0.919883 0.0337194 1.48727 -7.58236</i>
                        <i>0.0693719 0.996367 -0.0493993 -0.917446 0.0831669 0.38907 0.391765 0.0183307 0.919883 0.0337194 1.48727 -8.06623</i>
                        <i>0.0693719 0.996367 -0.0493993 -0.917446 0.0831669 0.38907 0.391765 0.0183307 0.919883 0.0337194 1.48727 -8.5501</i>
                        <i>0.0693719 0.996367 -0.0493993 -0.917446 0.0831669 0.38907 0.391765 0.0183307 0.919883 0.0337194 1.48727 -9.03397</i>
                    </KeyFrames>
                </p>
            </i>
            <i>
                <p>
                    <Name><![CDATA[head]]></Name>
                    <Exclude>0</Exclude>
                    <Additive>0</Additive>
                    <IKPriority>0</IKPriority>
                    <IKRotLimits>-1e+010 -1e+010 -1e+010 1e+010 1e+010 1e+010</IKRotLimits>
                    <IKRotLimitOrder>0</IKRotLimitOrder>
                    <KeyFrames count="19">
                        <i>-0.0275354 0.560495 0.8277 0.0186359 0.828158 -0.560185 -0.999447 6.24112e-009 -0.033249 0.0390848 2.06378 0.0751159</i>
                        <i>-0.00934761 0.691336 0.722473 0.00894399 0.722534 -0.691278 -0.999916 8.36619e-009 -0.0129372 0.0327877 1.69926 -0.346672</i>
                        <i>0.00548192 0.899571 0.43674 -0.0112905 0.436774 -0.8995 -0.999921 8.82351e-009 0.012551 0.0204556 1.30873 -0.777905</i>
                        <i>0.0063398 0.922921 0.384938 -0.0109813 0.384987 -0.922857 -0.99992 0.00162358 0.0125756 0.0196697 1.36295 -1.27819</i>
                        <i>0.0093925 0.909873 0.41478 -0.0051964 0.414837 -0.909881 -0.999942 0.00639066 0.00862443 0.0226915 1.51829 -1.78512</i>
                        <i>0.013447 0.907124 0.420649 0.00441878 0.420629 -0.907222 -0.9999 0.0140581 0.00164784 0.0287176 1.63197 -2.29898</i>
                        <i>0.0188503 0.921463 0.388008 0.0155214 0.387761 -0.921629 -0.999702 0.0233954 -0.00699295 0.0368919 1.67159 -2.82011</i>
                        <i>0.0242279 0.934116 0.356146 0.0248026 0.35558 -0.934317 -0.999399 0.0314699 -0.0145535 0.0461414 1.70136 -3.34893</i>
                        <i>0.0265711 0.945381 0.324883 0.0278534 0.324171 -0.945588 -0.999259 0.0341744 -0.0177185 0.055098 1.723 -3.88574</i>
                        <i>0.0221763 0.955936 0.292737 0.0204023 0.292315 -0.956104 -0.999546 0.0271754 -0.0130209 0.0621355 1.73796 -4.43061</i>
                        <i>0.00670488 0.969888 0.243459 -0.00120996 0.243472 -0.969907 -0.999977 0.00620853 0.00280596 0.0645 1.74763 -4.99522</i>
                        <i>-0.0242201 0.985591 0.167401 -0.037302 0.166442 -0.985345 -0.99901 -0.0301095 0.0327332 0.0593309 1.74949 -5.57894</i>
                        <i>-0.0696114 0.99409 0.0832976 -0.0821871 0.0775013 -0.993599 -0.994183 -0.0760118 0.0763064 0.0476489 1.7443 -6.16023</i>
                        <i>-0.0696114 0.99409 0.0832976 -0.0821871 0.0775013 -0.993599 -0.994183 -0.0760118 0.0763064 0.0476489 1.7443 -6.6441</i>
                        <i>-0.0696114 0.99409 0.0832976 -0.0821871 0.0775013 -0.993599 -0.994183 -0.0760118 0.0763064 0.0476489 1.7443 -7.12797</i>
                        <i>-0.0696114 0.99409 0.0832976 -0.0821871 0.0775013 -0.993599 -0.994183 -0.0760118 0.0763064 0.0476489 1.7443 -7.61184</i>
                        <i>-0.0696114 0.99409 0.0832976 -0.0821871 0.0775013 -0.993599 -0.994183 -0.0760118 0.0763064 0.0476489 1.7443 -8.09572</i>
                        <i>-0.0696114 0.99409 0.0832976 -0.0821871 0.0775013 -0.993599 -0.994183 -0.0760118 0.0763064 0.0476489 1.7443 -8.57959</i>
                        <i>-0.0696114 0.99409 0.0832976 -0.0821871 0.0775013 -0.993599 -0.994183 -0.0760118 0.0763064 0.0476489 1.7443 -9.06346</i>
                    </KeyFrames>
                </p>
            </i>
            <i>
                <p>
                    <Name><![CDATA[head_prop]]></Name>
                    <Exclude>0</Exclude>
                    <Additive>0</Additive>
                    <IKPriority>0</IKPriority>
                    <IKRotLimits>-1e+010 -1e+010 -1e+010 1e+010 1e+010 1e+010</IKRotLimits>
                    <IKRotLimitOrder>0</IKRotLimitOrder>
                    <KeyFrames count="19">
                        <i>0.999447 -6.24112e-009 0.033249 -0.0275354 0.560495 0.8277 -0.0186359 -0.828158 0.560185 0.006918 1.92118 0.260024</i>
                        <i>0.999916 -8.36619e-009 0.0129372 -0.00934761 0.691336 0.722473 -0.00894399 -0.722534 0.691278 0.00410901 1.58983 -0.139886</i>
                        <i>0.999921 -8.82351e-009 -0.012551 0.00548192 0.899571 0.43674 0.0112905 -0.436774 0.8995 -0.00262808 1.27822 -0.545322</i>
                        <i>0.99992 -0.00162358 -0.0125756 0.0063398 0.922921 0.384938 0.0109813 -0.384987 0.922857 -0.00341916 1.34573 -1.04425</i>
                        <i>0.999942 -0.00639066 -0.00862443 0.0093925 0.909873 0.41478 0.0051964 -0.414837 0.909881 -0.00145785 1.49359 -1.55196</i>
                        <i>0.9999 -0.0140581 -0.00164784 0.013447 0.907124 0.420649 -0.00441878 -0.420629 0.907222 0.0027323 1.60598 -2.06615</i>
                        <i>0.999702 -0.0233954 0.00699295 0.0188503 0.921463 0.388008 -0.0155214 -0.387761 0.921629 0.00884385 1.65421 -2.58673</i>
                        <i>0.999399 -0.0314699 0.0145535 0.0242279 0.934116 0.356146 -0.0248026 -0.35558 0.934317 0.0164363 1.69228 -3.11528</i>
                        <i>0.999259 -0.0341744 0.0177185 0.0265711 0.945381 0.324883 -0.0278534 -0.324171 0.945588 0.0248918 1.7218 -3.65198</i>
                        <i>0.999546 -0.0271754 0.0130209 0.0221763 0.955936 0.292737 -0.0204023 -0.292315 0.956104 0.0332528 1.74444 -4.19677</i>
                        <i>0.999977 -0.00620853 -0.00280596 0.00670488 0.969888 0.243459 0.00120996 -0.243472 0.969907 0.0392647 1.76546 -4.76155</i>
                        <i>0.99901 0.0301095 -0.0327332 -0.0242201 0.985591 0.167401 0.037302 -0.166442 0.985345 0.0398542 1.78466 -5.34668</i>
                        <i>0.994183 0.0760118 -0.0763064 -0.0696114 0.99409 0.0832976 0.0821871 -0.0775013 0.993599 0.0349149 1.79867 -5.93123</i>
                        <i>0.994183 0.0760118 -0.0763064 -0.0696114 0.99409 0.0832976 0.0821871 -0.0775013 0.993599 0.0349149 1.79867 -6.4151</i>
                        <i>0.994183 0.0760118 -0.0763064 -0.0696114 0.99409 0.0832976 0.0821871 -0.0775013 0.993599 0.0349149 1.79867 -6.89898</i>
                        <i>0.994183 0.0760118 -0.0763064 -0.0696114 0.99409 0.0832976 0.0821871 -0.0775013 0.993599 0.0349149 1.79867 -7.38285</i>
                        <i>0.994183 0.0760118 -0.0763064 -0.0696114 0.99409 0.0832976 0.0821871 -0.0775013 0.993599 0.0349149 1.79867 -7.86672</i>
                        <i>0.994183 0.0760118 -0.0763064 -0.0696114 0.99409 0.0832976 0.0821871 -0.0775013 0.993599 0.0349149 1.79867 -8.35059</i>
                        <i>0.994183 0.0760118 -0.0763064 -0.0696114 0.99409 0.0832976 0.0821871 -0.0775013 0.993599 0.0349149 1.79867 -8.83446</i>
                    </KeyFrames>
                </p>
            </i>
            <i>
                <p>
                    <Name><![CDATA[ponytail_1]]></Name>
                    <Exclude>0</Exclude>
                    <Additive>0</Additive>
                    <IKPriority>0</IKPriority>
                    <IKRotLimits>-1e+010 -1e+010 -1e+010 1e+010 1e+010 1e+010</IKRotLimits>
                    <IKRotLimitOrder>0</IKRotLimitOrder>
                    <KeyFrames count="19">
                        <i>0.972527 -0.145047 -0.182078 0.0342493 -0.684494 0.728213 -0.230257 -0.714443 -0.660721 0.027805 2.26381 0.142443</i>
                        <i>0.960065 -0.132464 -0.246433 0.0960803 -0.671147 0.735072 -0.262763 -0.729394 -0.631617 0.023324 1.90781 -0.313601</i>
                        <i>0.924495 -0.22699 -0.306243 0.152634 -0.515736 0.843042 -0.349302 -0.826131 -0.442149 0.0109009 1.51579 -0.819249</i>
                        <i>0.871618 -0.286312 -0.397878 0.154829 -0.609332 0.777652 -0.465091 -0.739419 -0.486776 0.0102988 1.56734 -1.33123</i>
                        <i>0.793171 -0.327519 -0.513431 0.101429 -0.760253 0.64166 -0.600493 -0.561023 -0.56979 0.0145726 1.72434 -1.83152</i>
                        <i>0.688791 -0.378592 -0.618251 -0.0134847 -0.859351 0.511209 -0.724834 -0.34378 -0.597018 0.0225091 1.83836 -2.34411</i>
                        <i>0.560772 -0.445262 -0.698052 -0.183712 -0.888986 0.419469 -0.807332 -0.106985 -0.580318 0.033012 1.87629 -2.87266</i>
                        <i>0.416158 -0.49102 -0.765318 -0.388735 -0.856945 0.338424 -0.822008 0.156668 -0.547501 0.044354 1.90414 -3.40852</i>
                        <i>0.265729 -0.507067 -0.819921 -0.597114 -0.754287 0.272958 -0.756864 0.417053 -0.503213 0.0540957 1.92369 -3.95205</i>
                        <i>0.121117 -0.493594 -0.861217 -0.776311 -0.587786 0.227705 -0.618605 0.640994 -0.454373 0.0594398 1.93629 -4.50363</i>
                        <i>-0.00828585 -0.471981 -0.88157 -0.902485 -0.376137 0.209861 -0.430642 0.797342 -0.422839 0.056438 1.94188 -5.07815</i>
                        <i>-0.115862 -0.462411 -0.879063 -0.967692 -0.146985 0.204861 -0.223939 0.874398 -0.430441 0.0414672 1.93621 -5.67636</i>
                        <i>-0.19825 -0.458634 -0.866228 -0.979895 0.0725411 0.185857 -0.0224031 0.885659 -0.463795 0.0164625 1.92067 -6.27245</i>
                        <i>0.963783 -0.197768 -0.178914 0.181907 -0.00307928 0.983311 -0.195018 -0.980244 0.0330076 0.0164625 1.92067 -6.75632</i>
                        <i>0.932404 -0.247492 -0.263383 0.2288 -0.159919 0.960248 -0.279773 -0.955601 -0.0924827 0.0164625 1.92067 -7.2402</i>
                        <i>0.880254 -0.323606 -0.347033 0.24182 -0.323319 0.91487 -0.40826 -0.889238 -0.206349 0.0164625 1.92067 -7.72407</i>
                        <i>0.803155 -0.414398 -0.428037 0.203668 -0.484197 0.850924 -0.559876 -0.770602 -0.304486 0.0164625 1.92067 -8.20794</i>
                        <i>0.699126 -0.506526 -0.504633 0.104906 -0.625475 0.77316 -0.707261 -0.593475 -0.384148 0.0164625 1.92067 -8.69181</i>
                        <i>0.570126 -0.586422 -0.575383 -0.0527226 -0.725028 0.686698 -0.819864 -0.361169 -0.444275 0.0164625 1.92067 -9.17568</i>
                    </KeyFrames>
                </p>
            </i>
            <i>
                <p>
                    <Name><![CDATA[ponytail_2]]></Name>
                    <Exclude>0</Exclude>
                    <Additive>0</Additive>
                    <IKPriority>0</IKPriority>
                    <IKRotLimits>-1e+010 -1e+010 -1e+010 1e+010 1e+010 1e+010</IKRotLimits>
                    <IKRotLimitOrder>0</IKRotLimitOrder>
                    <KeyFrames count="19">
                        <i>0.972527 -0.145047 -0.182078 -0.0547972 -0.902819 0.426515 -0.226248 -0.404819 -0.885964 0.0215401 2.33376 0.0532599</i>
                        <i>0.960065 -0.132464 -0.246433 -0.0104869 -0.897235 0.44143 -0.279581 -0.421217 -0.862792 0.00973209 1.97609 -0.403257</i>
                        <i>0.924495 -0.22699 -0.306243 0.00621049 -0.794302 0.607491 -0.381144 -0.563525 -0.732918 -0.00998314 1.5655 -0.91914</i>
                        <i>0.871618 -0.286312 -0.397878 -0.0420209 -0.852344 0.521291 -0.488381 -0.437647 -0.75495 -0.012037 1.62853 -1.42419</i>
                        <i>0.793171 -0.327519 -0.513431 -0.153205 -0.92327 0.352279 -0.589414 -0.200757 -0.782488 -0.0031344 1.80445 -1.90998</i>
                        <i>0.688791 -0.378592 -0.618251 -0.319648 -0.924035 0.209724 -0.650686 0.0531662 -0.757484 0.0164992 1.93193 -2.40811</i>
                        <i>0.560772 -0.445262 -0.698052 -0.520059 -0.845445 0.121495 -0.644262 0.294898 -0.705664 0.0453867 1.97566 -2.9261</i>
                        <i>0.416158 -0.49102 -0.765318 -0.720385 -0.691622 0.0520128 -0.55485 0.529678 -0.641548 0.0797513 2.00264 -3.45247</i>
                        <i>0.265729 -0.507067 -0.819921 -0.882716 -0.469884 0.00451204 -0.387556 0.722559 -0.572459 0.113725 2.01328 -3.98814</i>
                        <i>0.121117 -0.493594 -0.861217 -0.978455 -0.205504 -0.0198228 -0.167199 0.845064 -0.50785 0.140762 2.0094 -4.5341</i>
                        <i>-0.00828585 -0.471981 -0.88157 -0.997526 0.0654512 -0.025666 0.0698137 0.879176 -0.471355 0.153976 1.99268 -5.10627</i>
                        <i>-0.115862 -0.462411 -0.879063 -0.95027 0.309175 -0.0373874 0.289073 0.831016 -0.475237 0.148525 1.96192 -5.70399</i>
                        <i>-0.19825 -0.458634 -0.866228 -0.85893 0.507024 -0.0718698 0.47216 0.729782 -0.494452 0.126994 1.92168 -6.29828</i>
                        <i>0.963783 -0.197768 -0.178914 0.0945921 -0.373753 0.922692 -0.249348 -0.906199 -0.34151 -0.00612685 1.91083 -6.86713</i>
                        <i>0.932404 -0.247492 -0.263383 0.103291 -0.515877 0.850413 -0.346343 -0.820133 -0.455442 -0.0123085 1.92882 -7.3497</i>
                        <i>0.880254 -0.323606 -0.347033 0.0603642 -0.64905 0.758347 -0.470647 -0.688487 -0.551794 -0.0151157 1.94798 -7.82963</i>
                        <i>0.803155 -0.414398 -0.428037 -0.0432971 -0.757161 0.651792 -0.594194 -0.504957 -0.62606 -0.0123791 1.9674 -8.30729</i>
                        <i>0.699126 -0.506526 -0.504633 -0.20498 -0.818146 0.537233 -0.684986 -0.272154 -0.675815 -0.00274727 1.98521 -8.7832</i>
                        <i>0.570126 -0.586422 -0.575383 -0.40793 -0.809987 0.421324 -0.713127 -0.00549232 -0.701014 0.0139002 1.99887 -9.25792</i>
                    </KeyFrames>
                </p>
            </i>
            <i>
                <p>
                    <Name><![CDATA[ponytail_3]]></Name>
                    <Exclude>0</Exclude>
                    <Additive>0</Additive>
                    <IKPriority>0</IKPriority>
                    <IKRotLimits>-1e+010 -1e+010 -1e+010 1e+010 1e+010 1e+010</IKRotLimits>
                    <IKRotLimitOrder>0</IKRotLimitOrder>
                    <KeyFrames count="19">
                        <i>0.972527 -0.145047 -0.182078 -0.111206 -0.976614 0.184006 -0.20451 -0.158702 -0.965914 0.0250476 2.40452 0.0156229</i>
                        <i>0.960065 -0.132464 -0.246433 -0.0821228 -0.97544 0.204385 -0.267454 -0.175985 -0.947364 0.00948067 2.04634 -0.441999</i>
                        <i>0.924495 -0.22699 -0.306243 -0.0921398 -0.912621 0.398288 -0.369891 -0.339998 -0.864628 -0.0119692 1.62694 -0.970682</i>
                        <i>0.871618 -0.286312 -0.397878 -0.166357 -0.936294 0.309321 -0.461093 -0.20342 -0.863721 -0.0105769 1.69512 -1.46891</i>
                        <i>0.793171 -0.327519 -0.513431 -0.299808 -0.943831 0.138918 -0.53009 0.0437452 -0.846812 0.00684053 1.87765 -1.94126</i>
                        <i>0.688791 -0.378592 -0.618251 -0.476415 -0.879188 0.00760787 -0.546439 0.289304 -0.785944 0.0395722 2.00618 -2.42787</i>
                        <i>0.560772 -0.445262 -0.698052 -0.668415 -0.741004 -0.0643031 -0.488628 0.502648 -0.713154 0.084544 2.04456 -2.9386</i>
                        <i>0.416158 -0.49102 -0.765318 -0.838962 -0.531914 -0.114933 -0.350649 0.689903 -0.633308 0.13531 2.06013 -3.45914</i>
                        <i>0.265729 -0.507067 -0.819921 -0.952744 -0.267988 -0.143043 -0.147197 0.819185 -0.554318 0.182945 2.05376 -3.99073</i>
                        <i>0.121117 -0.493594 -0.861217 -0.988515 0.019021 -0.149921 0.0903812 0.869484 -0.485622 0.218514 2.02916 -4.53449</i>
                        <i>-0.00828585 -0.471981 -0.88157 -0.945914 0.289623 -0.14617 0.324313 0.832678 -0.448853 0.234182 1.99087 -5.10605</i>
                        <i>-0.115862 -0.462411 -0.879063 -0.843794 0.512728 -0.158496 0.524011 0.723385 -0.449585 0.2258 1.94039 -5.70285</i>
                        <i>-0.19825 -0.458634 -0.866228 -0.708391 0.677839 -0.196763 0.677406 0.57462 -0.459274 0.197666 1.8839 -6.29446</i>
                        <i>0.963783 -0.197768 -0.178914 0.0271978 -0.594488 0.803644 -0.265297 -0.779405 -0.567579 -0.0146804 1.93724 -6.9424</i>
                        <i>0.932404 -0.247492 -0.263383 0.0106281 -0.709658 0.704466 -0.361261 -0.659646 -0.659058 -0.0219378 1.96695 -7.41962</i>
                        <i>0.880254 -0.323606 -0.347033 -0.0628583 -0.804443 0.590695 -0.470321 -0.498148 -0.728455 -0.0217906 1.9973 -7.89255</i>
                        <i>0.803155 -0.414398 -0.428037 -0.194836 -0.861651 0.46861 -0.56301 -0.292969 -0.77278 -0.01123 2.0261 -8.36196</i>
                        <i>0.699126 -0.506526 -0.504633 -0.374446 -0.860636 0.345102 -0.609109 -0.0523121 -0.791359 0.0110033 2.0497 -8.82889</i>
                        <i>0.570126 -0.586422 -0.575383 -0.577798 -0.784089 0.226614 -0.584043 0.203257 -0.785863 0.0438035 2.06376 -9.29442</i>
                    </KeyFrames>
                </p>
            </i>
            <i>
                <p>
                    <Name><![CDATA[l_clav]]></Name>
                    <Exclude>1</Exclude>
                    <Additive>0</Additive>
                    <IKPriority>0</IKPriority>
                    <IKRotLimits>-1e+010 -1e+010 -1e+010 1e+010 1e+010 1e+010</IKRotLimits>
                    <IKRotLimitOrder>0</IKRotLimitOrder>
                    <KeyFrames count="19">
                        <i>0.816363 0.56402 -0.12423 -0.489199 0.789639 0.370344 0.306978 -0.241562 0.92055 0.157858 1.83069 0.00667455</i>
                        <i>0.825714 0.556658 -0.0912522 -0.46212 0.760311 0.456477 0.323482 -0.334751 0.885043 0.127721 1.52949 -0.443699</i>
                        <i>0.836541 0.543996 -0.0653333 -0.435922 0.733053 0.522116 0.331922 -0.408291 0.850368 0.0943005 1.20656 -0.888357</i>
                        <i>0.840714 0.533801 -0.0908655 -0.429963 0.760107 0.487205 0.329138 -0.370531 0.868548 0.0942922 1.25994 -1.38415</i>
                        <i>0.851904 0.506797 -0.131972 -0.406043 0.798346 0.444716 0.33074 -0.325269 0.885896 0.0972528 1.40918 -1.88604</i>
                        <i>0.866388 0.463743 -0.18524 -0.367578 0.843324 0.392035 0.338021 -0.271565 0.901107 0.102489 1.51255 -2.39353</i>
                        <i>0.880156 0.405531 -0.246719 -0.318531 0.889932 0.326435 0.351942 -0.208726 0.912453 0.109304 1.53884 -2.90621</i>
                        <i>0.889658 0.333668 -0.31173 -0.263711 0.932761 0.24579 0.372781 -0.136462 0.91783 0.116969 1.55356 -3.4238</i>
                        <i>0.892513 0.250599 -0.374995 -0.20867 0.966529 0.149257 0.399848 -0.0549639 0.914932 0.124685 1.55991 -3.94613</i>
                        <i>0.888029 0.15981 -0.43112 -0.15919 0.986525 0.0377887 0.43135 0.0350724 0.901503 0.131552 1.56086 -4.47316</i>
                        <i>0.877135 0.0585681 -0.476658 -0.122027 0.987141 -0.10326 0.464481 0.148738 0.873003 0.135818 1.55901 -5.01354</i>
                        <i>0.863004 -0.0475741 -0.502952 -0.102589 0.95831 -0.266677 0.494671 0.281741 0.822145 0.135499 1.55474 -5.56734</i>
                        <i>0.849859 -0.141108 -0.507767 -0.0991896 0.903441 -0.417081 0.517591 0.404825 0.753801 0.131086 1.55005 -6.12</i>
                        <i>0.849859 -0.141108 -0.507767 -0.0991896 0.903441 -0.417081 0.517591 0.404825 0.753801 0.131086 1.55005 -6.60387</i>
                        <i>0.849859 -0.141108 -0.507767 -0.0991896 0.903441 -0.417081 0.517591 0.404825 0.753801 0.131086 1.55005 -7.08774</i>
                        <i>0.849859 -0.141108 -0.507767 -0.0991896 0.903441 -0.417081 0.517591 0.404825 0.753801 0.131086 1.55005 -7.57161</i>
                        <i>0.849859 -0.141108 -0.507767 -0.0991896 0.903441 -0.417081 0.517591 0.404825 0.753801 0.131086 1.55005 -8.05548</i>
                        <i>0.849859 -0.141108 -0.507767 -0.0991896 0.903441 -0.417081 0.517591 0.404825 0.753801 0.131086 1.55005 -8.53935</i>
                        <i>0.849859 -0.141108 -0.507767 -0.0991896 0.903441 -0.417081 0.517591 0.404825 0.753801 0.131086 1.55005 -9.02323</i>
                    </KeyFrames>
                </p>
            </i>
            <i>
                <p>
                    <Name><![CDATA[l_shoulder]]></Name>
                    <Exclude>1</Exclude>
                    <Additive>0</Additive>
                    <IKPriority>0</IKPriority>
                    <IKRotLimits>-1e+010 -1e+010 -1e+010 1e+010 1e+010 1e+010</IKRotLimits>
                    <IKRotLimitOrder>0</IKRotLimitOrder>
                    <KeyFrames count="19">
                        <i>0.428284 -0.901962 -0.0551171 0.890079 0.41054 0.198029 -0.155987 -0.133871 0.978645 0.33697 1.95443 -0.0205817</i>
                        <i>0.406275 -0.901038 -0.151891 0.903665 0.371571 0.212898 -0.135391 -0.223754 0.965196 0.308884 1.65162 -0.46372</i>
                        <i>0.382465 -0.895389 -0.228033 0.915786 0.334576 0.22225 -0.122706 -0.293833 0.947948 0.277839 1.32591 -0.902691</i>
                        <i>0.385139 -0.901817 -0.195946 0.914106 0.343615 0.215264 -0.126799 -0.262022 0.956696 0.278207 1.37672 -1.40403</i>
                        <i>0.388915 -0.904741 -0.17375 0.912309 0.351974 0.209298 -0.128205 -0.239913 0.962292 0.282116 1.51916 -1.91467</i>
                        <i>0.39523 -0.904832 -0.15834 0.909746 0.361717 0.203773 -0.127106 -0.224587 0.966129 0.288233 1.61197 -2.43324</i>
                        <i>0.4055 -0.902272 -0.146541 0.905614 0.374755 0.198551 -0.12423 -0.213222 0.969074 0.295205 1.62449 -2.95832</i>
                        <i>0.421033 -0.896896 -0.135311 0.898998 0.392802 0.193672 -0.120554 -0.203187 0.97169 0.301801 1.62289 -3.48856</i>
                        <i>0.442843 -0.888287 -0.121805 0.888929 0.417251 0.188964 -0.11703 -0.191957 0.9744 0.307005 1.61111 -4.02273</i>
                        <i>0.471374 -0.875844 -0.103462 0.874501 0.448976 0.18349 -0.114256 -0.17697 0.977562 0.310043 1.59298 -4.55981</i>
                        <i>0.507508 -0.859345 -0.0629426 0.854374 0.492409 0.166068 -0.111716 -0.138058 0.984103 0.309567 1.57062 -5.10796</i>
                        <i>0.55116 -0.834399 -0.00115553 0.827284 0.546279 0.131074 -0.108737 -0.0731989 0.991372 0.30435 1.54543 -5.66575</i>
                        <i>0.597443 -0.799799 0.0581675 0.794939 0.600233 0.0882793 -0.10552 -0.00650227 0.994396 0.295749 1.52271 -6.21838</i>
                        <i>0.597443 -0.799799 0.0581675 0.794939 0.600233 0.0882793 -0.10552 -0.00650227 0.994396 0.295749 1.52271 -6.70225</i>
                        <i>0.597443 -0.799799 0.0581675 0.794939 0.600233 0.0882793 -0.10552 -0.00650227 0.994396 0.295749 1.52271 -7.18612</i>
                        <i>0.597443 -0.799799 0.0581675 0.794939 0.600233 0.0882793 -0.10552 -0.00650227 0.994396 0.295749 1.52271 -7.66999</i>
                        <i>0.597443 -0.799799 0.0581675 0.794939 0.600233 0.0882793 -0.10552 -0.00650227 0.994396 0.295749 1.52271 -8.15386</i>
                        <i>0.597443 -0.799799 0.0581675 0.794939 0.600233 0.0882793 -0.10552 -0.00650227 0.994396 0.295749 1.52271 -8.63774</i>
                        <i>0.597443 -0.799799 0.0581675 0.794939 0.600233 0.0882793 -0.10552 -0.00650227 0.994396 0.295749 1.52271 -9.12161</i>
                    </KeyFrames>
                </p>
            </i>
            <i>
                <p>
                    <Name><![CDATA[l_elbow]]></Name>
                    <Exclude>1</Exclude>
                    <Additive>0</Additive>
                    <IKPriority>0</IKPriority>
                    <IKRotLimits>-1e+010 -1e+010 -1e+010 1e+010 1e+010 1e+010</IKRotLimits>
                    <IKRotLimitOrder>0</IKRotLimitOrder>
                    <KeyFrames count="19">
                        <i>-0.0671284 -0.31667 0.946157 0.889659 0.410282 0.200438 -0.451664 0.855213 0.254187 0.47628 1.66105 -0.03851</i>
                        <i>-0.0515069 -0.404367 0.913146 0.903297 0.371092 0.215281 -0.425913 0.83593 0.346149 0.441036 1.35854 -0.513127</i>
                        <i>-0.0439944 -0.471716 0.880652 0.915451 0.333924 0.224597 -0.400017 0.816075 0.417142 0.402246 1.03466 -0.976865</i>
                        <i>-0.0513255 -0.433928 0.899485 0.913761 0.343042 0.21763 -0.402997 0.833084 0.378899 0.403484 1.08338 -1.46777</i>
                        <i>-0.0625411 -0.39082 0.91834 0.911961 0.351455 0.211676 -0.405482 0.850729 0.334432 0.408621 1.22487 -1.97119</i>
                        <i>-0.0758221 -0.343377 0.936132 0.9094 0.361233 0.206159 -0.408953 0.86695 0.284878 0.416792 1.31765 -2.48474</i>
                        <i>-0.0900443 -0.293196 0.951803 0.905275 0.374298 0.200942 -0.415173 0.879737 0.23172 0.427105 1.331 -3.00599</i>
                        <i>-0.10478 -0.242031 0.964594 0.898668 0.392367 0.19607 -0.42593 0.887395 0.176394 0.438754 1.33115 -3.53258</i>
                        <i>-0.12004 -0.191325 0.974159 0.888607 0.416842 0.191366 -0.442683 0.888615 0.119975 0.451052 1.32217 -4.06235</i>
                        <i>-0.135815 -0.141675 0.980552 0.874185 0.448601 0.185899 -0.466214 0.882431 0.0629231 0.46337 1.30809 -4.59346</i>
                        <i>-0.151158 -0.0751319 0.98565 0.854062 0.492127 0.16849 -0.497724 0.867275 -0.0102216 0.474647 1.29109 -5.12843</i>
                        <i>-0.165044 0.00881402 0.986247 0.826977 0.546153 0.13351 -0.537465 0.837639 -0.0974284 0.483629 1.27402 -5.66612</i>
                        <i>-0.176863 0.0859518 0.980475 0.794637 0.600268 0.0907187 -0.580751 0.795167 -0.174465 0.490083 1.26255 -6.19946</i>
                        <i>-0.176863 0.0859518 0.980475 0.794637 0.600268 0.0907187 -0.580751 0.795167 -0.174465 0.490083 1.26255 -6.68333</i>
                        <i>-0.176863 0.0859518 0.980475 0.794637 0.600268 0.0907187 -0.580751 0.795167 -0.174465 0.490083 1.26255 -7.1672</i>
                        <i>-0.176863 0.0859518 0.980475 0.794637 0.600268 0.0907187 -0.580751 0.795167 -0.174465 0.490083 1.26255 -7.65107</i>
                        <i>-0.176863 0.0859518 0.980475 0.794637 0.600268 0.0907187 -0.580751 0.795167 -0.174465 0.490083 1.26255 -8.13494</i>
                        <i>-0.176863 0.0859518 0.980475 0.794637 0.600268 0.0907187 -0.580751 0.795167 -0.174465 0.490083 1.26255 -8.61881</i>
                        <i>-0.176863 0.0859518 0.980475 0.794637 0.600268 0.0907187 -0.580751 0.795167 -0.174465 0.490083 1.26255 -9.10269</i>
                    </KeyFrames>
                </p>
            </i>
            <i>
                <p>
                    <Name><![CDATA[l_forearm]]></Name>
                    <Exclude>1</Exclude>
                    <Additive>0</Additive>
                    <IKPriority>0</IKPriority>
                    <IKRotLimits>-1e+010 -1e+010 -1e+010 1e+010 1e+010 1e+010</IKRotLimits>
                    <IKRotLimitOrder>0</IKRotLimitOrder>
                    <KeyFrames count="19">
                        <i>-0.0671277 -0.31667 0.946158 0.9971 -0.055355 0.0522152 0.0358395 0.946919 0.319468 0.465363 1.60954 0.115372</i>
