<?xml version="1.0" encoding="ISO-8859-1" ?>
<Animl Version="1">
    <ModellingPackage><![CDATA[Maya.2010]]></ModellingPackage>
    <SrcFile><![CDATA[anims\characters\shared\commando\~src\commando_land_backright.mb]]></SrcFile>
    <FramesPerSecond>30</FramesPerSecond>
    <TotalFrames>19</TotalFrames>
    <Skeleton>
        <RefFrame>
            <Name><![CDATA[commando_ref_frame]]></Name>
            <Exclude>0</Exclude>
            <Additive>0</Additive>
            <IKPriority>0</IKPriority>
            <IKRotLimits>-1e+010 -1e+010 -1e+010 1e+010 1e+010 1e+010</IKRotLimits>
            <IKRotLimitOrder>0</IKRotLimitOrder>
            <KeyFrames count="19">
                <i>1 0 0 0 1 0 0 0 1 0.101653 0 -0.176406</i>
                <i>1 0 0 0 1 0 0 0 1 -0.472531 0 -0.109139</i>
                <i>1 0 0 0 1 0 0 0 1 -1.02915 0 -0.033478</i>
                <i>1 0 0 0 1 0 0 0 1 -1.56223 0 -0.0388558</i>
                <i>1 0 0 0 1 0 0 0 1 -2.09695 0 -0.0480472</i>
                <i>1 0 0 0 1 0 0 0 1 -2.63493 0 -0.0595313</i>
                <i>1 0 0 0 1 0 0 0 1 -3.17711 0 -0.0714378</i>
                <i>1 0 0 0 1 0 0 0 1 -3.72376 0 -0.0817475</i>
                <i>1 0 0 0 1 0 0 0 1 -4.2744 0 -0.0884959</i>
                <i>1 0 0 0 1 0 0 0 1 -4.82792 0 -0.0899672</i>
                <i>1 0 0 0 1 0 0 0 1 -5.38264 0 -0.0848713</i>
                <i>1 0 0 0 1 0 0 0 1 -5.93643 0 -0.0724909</i>
                <i>1 0 0 0 1 0 0 0 1 -6.48692 0 -0.052794</i>
                <i>1 0 0 0 1 0 0 0 1 -7.01111 0 -0.052794</i>
                <i>1 0 0 0 1 0 0 0 1 -7.53531 0 -0.052794</i>
                <i>1 0 0 0 1 0 0 0 1 -8.0595 0 -0.052794</i>
                <i>1 0 0 0 1 0 0 0 1 -8.58369 0 -0.052794</i>
                <i>1 0 0 0 1 0 0 0 1 -9.10789 0 -0.052794</i>
                <i>1 0 0 0 1 0 0 0 1 -9.63208 0 -0.052794</i>
            </KeyFrames>
        </RefFrame>
        <Bones count="28">
            <i>
                <p>
                    <Name><![CDATA[pelvis]]></Name>
                    <Exclude>0</Exclude>
                    <Additive>0</Additive>
                    <IKPriority>0</IKPriority>
                    <IKRotLimits>-1e+010 -1e+010 -1e+010 1e+010 1e+010 1e+010</IKRotLimits>
                    <IKRotLimitOrder>2</IKRotLimitOrder>
                    <KeyFrames count="19">
                        <i>1 0 0 0 1 0 0 0 1 0.102546 1.31613 -0.202753</i>
                        <i>1 0 0 0 1 0 0 0 1 -0.474946 1.07859 -0.134429</i>
                        <i>1 0 0 0 1 0 0 0 1 -1.0345 0.829423 -0.0570722</i>
                        <i>1 0 0 0 1 0 0 0 1 -1.57043 0.814657 -0.0615488</i>
                        <i>1 0 0 0 1 0 0 0 1 -2.10728 0.814572 -0.0688976</i>
                        <i>1 0 0 0 1 0 0 0 1 -2.64652 0.826715 -0.077828</i>
                        <i>1 0 0 0 1 0 0 0 1 -3.18905 0.848639 -0.0867051</i>
                        <i>1 0 0 0 1 0 0 0 1 -3.73512 0.877879 -0.0937522</i>
                        <i>1 0 0 0 1 0 0 0 1 -4.28437 0.91193 -0.0972489</i>
                        <i>1 0 0 0 1 0 0 0 1 -4.83583 0.948228 -0.095714</i>
                        <i>1 0 0 0 1 0 0 0 1 -5.38801 0.984136 -0.0880634</i>
                        <i>1 0 0 0 1 0 0 0 1 -5.93907 1.01694 -0.0737378</i>
                        <i>1 0 0 0 1 0 0 0 1 -6.48692 1.04386 -0.052794</i>
                        <i>1 0 0 0 1 0 0 0 1 -7.01111 1.04386 -0.052794</i>
                        <i>1 0 0 0 1 0 0 0 1 -7.53531 1.04386 -0.052794</i>
                        <i>1 0 0 0 1 0 0 0 1 -8.0595 1.04386 -0.052794</i>
                        <i>1 0 0 0 1 0 0 0 1 -8.58369 1.04386 -0.052794</i>
                        <i>1 0 0 0 1 0 0 0 1 -9.10789 1.04386 -0.052794</i>
                        <i>1 0 0 0 1 0 0 0 1 -9.63208 1.04386 -0.052794</i>
                    </KeyFrames>
                </p>
            </i>
            <i>
                <p>
                    <Name><![CDATA[spine0]]></Name>
                    <Exclude>0</Exclude>
                    <Additive>0</Additive>
                    <IKPriority>0</IKPriority>
                    <IKRotLimits>-1e+010 -1e+010 -1e+010 1e+010 1e+010 1e+010</IKRotLimits>
                    <IKRotLimitOrder>0</IKRotLimitOrder>
                    <KeyFrames count="19">
                        <i>-0.0421832 0.94045 0.337303 -0.916211 0.0982329 -0.388469 -0.39847 -0.325428 0.857507 0.132693 1.45592 -0.21846</i>
                        <i>0.00254603 0.898392 0.439187 -0.962281 0.12168 -0.243328 -0.272044 -0.422002 0.864816 -0.439654 1.215 -0.163426</i>
                        <i>0.0552456 0.830597 0.554127 -0.988498 0.123748 -0.0869376 -0.140782 -0.54295 0.82788 -0.998868 0.960433 -0.104643</i>
                        <i>0.116659 0.861022 0.495007 -0.99276 0.115451 0.0331485 -0.0286075 -0.49529 0.868256 -1.54305 0.943111 -0.120251</i>
                        <i>0.154371 0.897515 0.413082 -0.984908 0.106673 0.136295 0.0782622 -0.427888 0.900437 -2.09055 0.940609 -0.136211</i>
                        <i>0.165274 0.933594 0.317943 -0.969624 0.0948717 0.225454 0.180319 -0.345547 0.920914 -2.64211 0.9504 -0.151169</i>
                        <i>0.149418 0.963904 0.220371 -0.94921 0.0774163 0.304971 0.276902 -0.254746 0.926515 -3.19812 0.969926 -0.163538</i>
                        <i>0.10977 0.985383 0.13027 -0.923766 0.052761 0.379305 0.366888 -0.161975 0.916055 -3.75844 0.996583 -0.17161</i>
                        <i>0.051214 0.997181 0.0548377 -0.891782 0.0209452 0.45198 0.449558 -0.072051 0.890341 -4.32234 1.02772 -0.173722</i>
                        <i>-0.0206184 0.999785 -0.0019993 -0.850949 -0.0164991 0.524989 0.524843 0.0125257 0.851107 -4.88847 1.06063 -0.168449</i>
                        <i>-0.10012 0.994212 -0.0389563 -0.798963 -0.0570002 0.598672 0.592987 0.0910639 0.800046 -5.45495 1.0926 -0.154785</i>
                        <i>-0.182004 0.981683 -0.0563223 -0.734126 -0.0975542 0.671969 0.654166 0.163649 0.738435 -6.01948 1.12087 -0.132303</i>
                        <i>-0.261331 0.963675 -0.0550994 -0.655624 -0.135319 0.742864 0.708423 0.230258 0.667171 -6.57954 1.14269 -0.101269</i>
                        <i>-0.261331 0.963675 -0.0550994 -0.655624 -0.135319 0.742864 0.708423 0.230258 0.667171 -7.10373 1.14269 -0.101269</i>
                        <i>-0.261331 0.963675 -0.0550994 -0.655624 -0.135319 0.742864 0.708423 0.230258 0.667171 -7.62793 1.14269 -0.101269</i>
                        <i>-0.261331 0.963675 -0.0550994 -0.655624 -0.135319 0.742864 0.708423 0.230258 0.667171 -8.15212 1.14269 -0.101269</i>
                        <i>-0.261331 0.963675 -0.0550994 -0.655624 -0.135319 0.742864 0.708423 0.230258 0.667171 -8.67631 1.14269 -0.101269</i>
                        <i>-0.261331 0.963675 -0.0550994 -0.655624 -0.135319 0.742864 0.708423 0.230258 0.667171 -9.20051 1.14269 -0.101269</i>
                        <i>-0.261331 0.963675 -0.0550994 -0.655624 -0.135319 0.742864 0.708423 0.230258 0.667171 -9.7247 1.14269 -0.101269</i>
                    </KeyFrames>
                </p>
            </i>
            <i>
                <p>
                    <Name><![CDATA[spine1]]></Name>
                    <Exclude>0</Exclude>
                    <Additive>0</Additive>
                    <IKPriority>0</IKPriority>
                    <IKRotLimits>-1e+010 -1e+010 -1e+010 1e+010 1e+010 1e+010</IKRotLimits>
                    <IKRotLimitOrder>0</IKRotLimitOrder>
                    <KeyFrames count="19">
                        <i>-0.207113 0.834417 0.510736 -0.972645 -0.11949 -0.199209 -0.105196 -0.538024 0.83634 0.124782 1.63323 -0.154964</i>
                        <i>-0.183163 0.589382 0.786816 -0.979025 -0.181995 -0.0915807 0.0892203 -0.787087 0.610355 -0.439189 1.37532 -0.0851002</i>
                        <i>-0.0906982 0.285223 0.95416 -0.960261 -0.278992 -0.00788002 0.263956 -0.916957 0.299193 -0.989236 1.10522 -0.00807024</i>
                        <i>0.0242727 0.33837 0.9407 -0.952137 -0.278982 0.124918 0.304706 -0.898707 0.315403 -1.52282 1.09242 -0.0344284</i>
                        <i>0.123607 0.415965 0.900941 -0.938435 -0.24614 0.242395 0.322585 -0.875436 0.359932 -2.06394 1.09533 -0.0650061</i>
                        <i>0.203743 0.511635 0.834697 -0.921245 -0.188369 0.34033 0.331356 -0.8383 0.432962 -2.61378 1.11046 -0.0966593</i>
                        <i>0.260613 0.617662 0.742007 -0.902185 -0.117818 0.414946 0.343718 -0.777569 0.52654 -3.17261 1.13453 -0.125902</i>
                        <i>0.289861 0.724581 0.62527 -0.8833 -0.0489831 0.466241 0.368457 -0.687446 0.625825 -3.73972 1.16466 -0.149384</i>
                        <i>0.288252 0.822122 0.490944 -0.866269 0.00541686 0.499548 0.40803 -0.569286 0.71374 -4.31357 1.19831 -0.164339</i>
                        <i>0.255532 0.901369 0.349625 -0.850954 0.0380435 0.52386 0.45889 -0.431378 0.776745 -4.89202 1.23303 -0.168799</i>
                        <i>0.195479 0.957053 0.214098 -0.834785 0.0478034 0.548498 0.514707 -0.285945 0.808277 -5.47245 1.26631 -0.161607</i>
                        <i>0.115441 0.988626 0.0963913 -0.813384 0.0383834 0.58046 0.570158 -0.145412 0.808564 -6.05186 1.29541 -0.142345</i>
                        <i>0.024803 0.999677 0.00545237 -0.781769 0.0159966 0.623363 0.623075 -0.0197238 0.781914 -6.62698 1.31745 -0.111302</i>
                        <i>0.024803 0.999677 0.00545237 -0.781769 0.0159966 0.623363 0.623075 -0.0197238 0.781914 -7.15117 1.31745 -0.111302</i>
                        <i>0.024803 0.999677 0.00545237 -0.781769 0.0159966 0.623363 0.623075 -0.0197238 0.781914 -7.67536 1.31745 -0.111302</i>
                        <i>0.024803 0.999677 0.00545237 -0.781769 0.0159966 0.623363 0.623075 -0.0197238 0.781914 -8.19956 1.31745 -0.111302</i>
                        <i>0.024803 0.999677 0.00545237 -0.781769 0.0159966 0.623363 0.623075 -0.0197238 0.781914 -8.72375 1.31745 -0.111302</i>
                        <i>0.024803 0.999677 0.00545237 -0.781769 0.0159966 0.623363 0.623075 -0.0197238 0.781914 -9.24795 1.31745 -0.111302</i>
                        <i>0.024803 0.999677 0.00545237 -0.781769 0.0159966 0.623363 0.623075 -0.0197238 0.781914 -9.77214 1.31745 -0.111302</i>
                    </KeyFrames>
                </p>
            </i>
            <i>
                <p>
                    <Name><![CDATA[spine2]]></Name>
                    <Exclude>0</Exclude>
                    <Additive>0</Additive>
                    <IKPriority>0</IKPriority>
                    <IKRotLimits>-1e+010 -1e+010 -1e+010 1e+010 1e+010 1e+010</IKRotLimits>
                    <IKRotLimitOrder>0</IKRotLimitOrder>
                    <KeyFrames count="19">
                        <i>-0.207197 0.785633 0.582966 -0.967669 -0.252191 -0.00406269 0.143827 -0.56496 0.812486 0.0890875 1.77782 -0.0660684</i>
                        <i>-0.117618 0.536808 0.835466 -0.957145 -0.285489 0.0486858 0.264651 -0.793935 0.547381 -0.468917 1.47176 0.0440566</i>
                        <i>0.0312797 0.283776 0.95838 -0.954346 -0.276498 0.113019 0.297062 -0.918161 0.262172 -1.00337 1.1506 0.144645</i>
                        <i>0.137817 0.343613 0.928944 -0.933755 -0.267709 0.237555 0.330314 -0.900145 0.283956 -1.51858 1.14604 0.11531</i>
                        <i>0.218131 0.421142 0.880374 -0.909599 -0.239137 0.339768 0.353621 -0.874901 0.330907 -2.04404 1.16093 0.0775497</i>
                        <i>0.273977 0.512017 0.81411 -0.886144 -0.194567 0.420587 0.373747 -0.836649 0.400414 -2.58143 1.19077 0.0346988</i>
                        <i>0.306691 0.611211 0.729631 -0.866211 -0.138482 0.480106 0.394487 -0.779258 0.486967 -3.13153 1.23118 -0.00956464</i>
                        <i>0.316587 0.712276 0.626447 -0.851813 -0.0770992 0.518142 0.417358 -0.697653 0.582317 -3.69416 1.27801 -0.0514183</i>
                        <i>0.303414 0.807343 0.5061 -0.844102 -0.0186846 0.535858 0.442077 -0.589786 0.67581 -4.26818 1.32739 -0.087136</i>
                        <i>0.267476 0.888189 0.373599 -0.842759 0.0276727 0.537579 0.467133 -0.458643 0.755932 -4.85148 1.37579 -0.113312</i>
                        <i>0.210738 0.948203 0.237698 -0.845379 0.0546819 0.531361 0.49084 -0.312923 0.813114 -5.44104 1.41999 -0.127092</i>
                        <i>0.137364 0.984434 0.109636 -0.847425 0.0594905 0.527572 0.512837 -0.165378 0.842406 -6.03299 1.45705 -0.126408</i>
                        <i>0.0533877 0.998574 0.00072092 -0.842916 0.0446786 0.536187 0.53539 -0.0292335 0.844099 -6.62283 1.48425 -0.110163</i>
                        <i>0.0533877 0.998574 0.00072092 -0.842916 0.0446786 0.536187 0.53539 -0.0292335 0.844099 -7.14703 1.48425 -0.110163</i>
                        <i>0.0533877 0.998574 0.00072092 -0.842916 0.0446786 0.536187 0.53539 -0.0292335 0.844099 -7.67122 1.48425 -0.110163</i>
                        <i>0.0533877 0.998574 0.00072092 -0.842916 0.0446786 0.536187 0.53539 -0.0292335 0.844099 -8.19542 1.48425 -0.110163</i>
                        <i>0.0533877 0.998574 0.00072092 -0.842916 0.0446786 0.536187 0.53539 -0.0292335 0.844099 -8.71961 1.48425 -0.110163</i>
                        <i>0.0533877 0.998574 0.00072092 -0.842916 0.0446786 0.536187 0.53539 -0.0292335 0.844099 -9.2438 1.48425 -0.110163</i>
                        <i>0.0533877 0.998574 0.00072092 -0.842916 0.0446786 0.536187 0.53539 -0.0292335 0.844099 -9.768 1.48425 -0.110163</i>
                    </KeyFrames>
                </p>
            </i>
            <i>
                <p>
                    <Name><![CDATA[head]]></Name>
                    <Exclude>0</Exclude>
                    <Additive>0</Additive>
                    <IKPriority>0</IKPriority>
                    <IKRotLimits>-1e+010 -1e+010 -1e+010 1e+010 1e+010 1e+010</IKRotLimits>
                    <IKRotLimitOrder>0</IKRotLimitOrder>
                    <KeyFrames count="19">
                        <i>-0.0275354 0.560495 0.8277 0.0186359 0.828158 -0.560185 -0.999447 6.24112e-009 -0.033249 0.0390848 2.06378 0.0751159</i>
                        <i>0.0961485 0.674329 0.732145 -0.0878019 0.738431 -0.668588 -0.991487 -4.64307e-008 0.130206 -0.472361 1.6341 0.251904</i>
                        <i>0.123713 0.911119 0.393138 -0.273489 0.412144 -0.869104 -0.953886 -4.46655e-008 0.300169 -0.956649 1.18995 0.346705</i>
                        <i>0.131909 0.941199 0.311038 -0.367474 0.337853 -0.866498 -0.920632 1.31179e-008 0.390432 -1.45131 1.19401 0.306729</i>
                        <i>0.126538 0.952887 0.275672 -0.397515 0.303326 -0.866011 -0.908829 -2.18026e-008 0.417169 -1.96292 1.22503 0.259281</i>
                        <i>0.113413 0.954831 0.274656 -0.364428 0.297151 -0.882549 -0.924299 8.40477e-009 0.381668 -2.49198 1.27771 0.206267</i>
                        <i>0.0878858 0.952989 0.289978 -0.276413 0.303004 -0.912022 -0.957012 -1.66479e-008 0.290048 -3.03892 1.34639 0.149209</i>
                        <i>0.0524343 0.952965 0.298509 -0.164868 0.303079 -0.938595 -0.984921 4.93912e-009 0.173005 -3.6038 1.42481 0.0899924</i>
                        <i>0.022445 0.957282 0.288283 -0.0743068 0.289156 -0.954394 -0.996983 -4.58402e-011 0.0776227 -4.18583 1.50632 0.0313834</i>
                        <i>0.00828056 0.964415 0.264263 -0.0302046 0.264393 -0.963942 -0.999509 -1.4652e-009 0.0313192 -4.78296 1.58433 -0.0227694</i>
                        <i>0.00799702 0.972179 0.234104 -0.0331904 0.23424 -0.971612 -0.999417 7.406e-009 0.0341402 -5.39168 1.65292 -0.0677074</i>
                        <i>0.0152156 0.979467 0.201029 -0.073923 0.201604 -0.976674 -0.997148 -3.87695e-009 0.0754726 -6.00703 1.70741 -0.0982904</i>
                        <i>0.0242121 0.98594 0.165337 -0.142858 0.167101 -0.975535 -0.989447 6.03004e-009 0.144895 -6.62285 1.74465 -0.109752</i>
                        <i>0.0242121 0.98594 0.165337 -0.142858 0.167101 -0.975535 -0.989447 6.03004e-009 0.144895 -7.14704 1.74465 -0.109752</i>
                        <i>0.0242121 0.98594 0.165337 -0.142858 0.167101 -0.975535 -0.989447 6.03004e-009 0.144895 -7.67124 1.74465 -0.109752</i>
                        <i>0.0242121 0.98594 0.165337 -0.142858 0.167101 -0.975535 -0.989447 6.03004e-009 0.144895 -8.19543 1.74465 -0.109752</i>
                        <i>0.0242121 0.98594 0.165337 -0.142858 0.167101 -0.975535 -0.989447 6.03004e-009 0.144895 -8.71963 1.74465 -0.109752</i>
                        <i>0.0242121 0.98594 0.165337 -0.142858 0.167101 -0.975535 -0.989447 6.03004e-009 0.144895 -9.24382 1.74465 -0.109752</i>
                        <i>0.0242121 0.98594 0.165337 -0.142858 0.167101 -0.975535 -0.989447 6.03004e-009 0.144895 -9.76801 1.74465 -0.109752</i>
                    </KeyFrames>
                </p>
            </i>
            <i>
                <p>
                    <Name><![CDATA[head_prop]]></Name>
                    <Exclude>0</Exclude>
                    <Additive>0</Additive>
                    <IKPriority>0</IKPriority>
                    <IKRotLimits>-1e+010 -1e+010 -1e+010 1e+010 1e+010 1e+010</IKRotLimits>
                    <IKRotLimitOrder>0</IKRotLimitOrder>
                    <KeyFrames count="19">
                        <i>0.999447 -6.24112e-009 0.033249 -0.0275354 0.560495 0.8277 -0.0186359 -0.828158 0.560185 0.006918 1.92118 0.260024</i>
                        <i>0.991487 4.64307e-008 -0.130206 0.0961485 0.674329 0.732145 0.0878019 -0.738431 0.668588 -0.471509 1.51988 0.458084</i>
                        <i>0.953886 4.46655e-008 -0.300169 0.123713 0.911119 0.393138 0.273489 -0.412144 0.869104 -0.911506 1.16577 0.576783</i>
                        <i>0.920632 -1.31179e-008 -0.390432 0.131909 0.941199 0.311038 0.367474 -0.337853 0.866498 -1.38381 1.18857 0.532498</i>
                        <i>0.908829 2.18026e-008 -0.417169 0.126538 0.952887 0.275672 0.397515 -0.303326 0.866011 -1.88883 1.22813 0.48302</i>
                        <i>0.924299 -8.40477e-009 -0.381668 0.113413 0.954831 0.274656 0.364428 -0.297151 0.882549 -2.42662 1.28233 0.432684</i>
                        <i>0.957012 1.66479e-008 -0.290048 0.0878858 0.952989 0.289978 0.276413 -0.303004 0.912022 -2.99586 1.34957 0.380929</i>
                        <i>0.984921 -4.93912e-009 -0.173005 0.0524343 0.952965 0.298509 0.164868 -0.303079 0.938595 -3.58888 1.42797 0.325207</i>
                        <i>0.996983 4.58404e-011 -0.0776227 0.022445 0.957282 0.288283 0.0743068 -0.289156 0.954394 -4.19357 1.5129 0.266872</i>
                        <i>0.999509 1.4652e-009 -0.0313192 0.00828056 0.964415 0.264263 0.0302046 -0.264393 0.963942 -4.80162 1.59694 0.21186</i>
                        <i>0.999417 -7.406e-009 -0.0341402 0.00799702 0.972179 0.234104 0.0331904 -0.23424 0.971612 -5.40969 1.6728 0.166468</i>
                        <i>0.997148 3.87695e-009 -0.0754726 0.0152156 0.979467 0.201029 0.073923 -0.201604 0.976674 -6.0154 1.73509 0.135637</i>
                        <i>0.989447 -6.03004e-009 -0.144895 0.0242121 0.98594 0.165337 0.142858 -0.167101 0.975535 -6.61503 1.78048 0.123085</i>
                        <i>0.989447 -6.03004e-009 -0.144895 0.0242121 0.98594 0.165337 0.142858 -0.167101 0.975535 -7.13923 1.78048 0.123085</i>
                        <i>0.989447 -6.03004e-009 -0.144895 0.0242121 0.98594 0.165337 0.142858 -0.167101 0.975535 -7.66342 1.78048 0.123085</i>
                        <i>0.989447 -6.03004e-009 -0.144895 0.0242121 0.98594 0.165337 0.142858 -0.167101 0.975535 -8.18761 1.78048 0.123085</i>
                        <i>0.989447 -6.03004e-009 -0.144895 0.0242121 0.98594 0.165337 0.142858 -0.167101 0.975535 -8.71181 1.78048 0.123085</i>
                        <i>0.989447 -6.03004e-009 -0.144895 0.0242121 0.98594 0.165337 0.142858 -0.167101 0.975535 -9.236 1.78048 0.123085</i>
                        <i>0.989447 -6.03004e-009 -0.144895 0.0242121 0.98594 0.165337 0.142858 -0.167101 0.975535 -9.76019 1.78048 0.123085</i>
                    </KeyFrames>
                </p>
            </i>
            <i>
                <p>
                    <Name><![CDATA[ponytail_1]]></Name>
                    <Exclude>0</Exclude>
                    <Additive>0</Additive>
                    <IKPriority>0</IKPriority>
                    <IKRotLimits>-1e+010 -1e+010 -1e+010 1e+010 1e+010 1e+010</IKRotLimits>
                    <IKRotLimitOrder>0</IKRotLimitOrder>
                    <KeyFrames count="19">
                        <i>0.972527 -0.145047 -0.182078 0.0342493 -0.684494 0.728213 -0.230257 -0.714443 -0.660721 0.027805 2.26381 0.142443</i>
                        <i>0.914557 -0.126402 -0.384198 0.198164 -0.688046 0.698085 -0.352586 -0.714573 -0.604209 -0.476367 1.84182 0.290792</i>
                        <i>0.798911 -0.23492 -0.553672 0.393217 -0.492563 0.776377 -0.455105 -0.83797 -0.30114 -0.979399 1.3958 0.30451</i>
                        <i>0.662171 -0.304077 -0.684885 0.450422 -0.568921 0.688076 -0.598873 -0.764111 -0.23976 -1.48439 1.39543 0.251876</i>
                        <i>0.532972 -0.38055 -0.755726 0.395491 -0.677543 0.620099 -0.748016 -0.629378 -0.210607 -2.00063 1.42401 0.198785</i>
                        <i>0.427573 -0.44714 -0.78565 0.234649 -0.784413 0.574139 -0.872995 -0.429838 -0.230473 -2.52781 1.47623 0.143167</i>
                        <i>0.350358 -0.493789 -0.795878 -0.00811347 -0.851306 0.524607 -0.936581 -0.177343 -0.302268 -3.06809 1.54534 0.084093</i>
                        <i>0.285268 -0.520305 -0.804926 -0.28342 -0.848057 0.44774 -0.915585 0.100406 -0.389388 -3.62494 1.62377 0.021859</i>
                        <i>0.204997 -0.52834 -0.823913 -0.540136 -0.76307 0.354933 -0.816229 0.372265 -0.441803 -4.20055 1.70423 -0.0413494</i>
                        <i>0.0966412 -0.515392 -0.851488 -0.748648 -0.601384 0.279039 -0.655886 0.610498 -0.443966 -4.79446 1.78027 -0.101179</i>
                        <i>-0.032823 -0.480372 -0.876451 -0.892991 -0.379747 0.241577 -0.448877 0.790592 -0.416503 -5.4036 1.84632 -0.152143</i>
                        <i>-0.168399 -0.427796 -0.88805 -0.96234 -0.123697 0.242075 -0.213408 0.895371 -0.390855 -6.02292 1.89787 -0.188561</i>
                        <i>-0.296766 -0.366443 -0.881844 -0.954646 0.137154 0.264273 0.0241074 0.920276 -0.390526 -6.64597 1.93179 -0.205252</i>
                        <i>0.928064 -0.260767 -0.265892 0.247815 -0.100545 0.963576 -0.278003 -0.960152 -0.0286904 -7.17016 1.93179 -0.205252</i>
                        <i>0.886712 -0.300474 -0.351364 0.279001 -0.258224 0.924921 -0.368646 -0.91817 -0.145138 -7.69435 1.93179 -0.205252</i>
                        <i>0.822448 -0.364746 -0.436508 0.274419 -0.417756 0.866125 -0.49827 -0.832129 -0.243489 -8.21855 1.93179 -0.205252</i>
                        <i>0.732277 -0.441762 -0.518282 0.217939 -0.56901 0.792925 -0.645192 -0.693595 -0.320396 -8.74274 1.93179 -0.205252</i>
                        <i>0.615528 -0.518256 -0.593747 0.102008 -0.694649 0.712079 -0.781485 -0.498872 -0.374709 -9.26694 1.93179 -0.205252</i>
                        <i>0.475444 -0.581036 -0.660567 -0.0693349 -0.773274 0.63027 -0.877009 -0.253858 -0.407935 -9.79113 1.93179 -0.205252</i>
                    </KeyFrames>
                </p>
            </i>
            <i>
                <p>
                    <Name><![CDATA[ponytail_2]]></Name>
                    <Exclude>0</Exclude>
                    <Additive>0</Additive>
                    <IKPriority>0</IKPriority>
                    <IKRotLimits>-1e+010 -1e+010 -1e+010 1e+010 1e+010 1e+010</IKRotLimits>
                    <IKRotLimitOrder>0</IKRotLimitOrder>
                    <KeyFrames count="19">
                        <i>0.972527 -0.145047 -0.182078 -0.0547972 -0.902819 0.426515 -0.226248 -0.404819 -0.885964 0.0215401 2.33376 0.0532599</i>
                        <i>0.914557 -0.126402 -0.384198 0.0511271 -0.90616 0.419834 -0.401213 -0.403605 -0.822272 -0.502432 1.91216 0.205603</i>
                        <i>0.798911 -0.23492 -0.553672 0.193352 -0.771383 0.606287 -0.569522 -0.591423 -0.570844 -1.02858 1.44277 0.21362</i>
                        <i>0.662171 -0.304077 -0.684885 0.192332 -0.814385 0.547527 -0.72425 -0.494281 -0.480778 -1.54153 1.4518 0.171606</i>
                        <i>0.532972 -0.38055 -0.755726 0.0853764 -0.864408 0.495489 -0.841814 -0.328603 -0.428216 -2.05311 1.49405 0.126501</i>
                        <i>0.427573 -0.44714 -0.78565 -0.110645 -0.888452 0.445432 -0.897184 -0.103527 -0.429352 -2.56341 1.56043 0.0758724</i>
                        <i>0.350358 -0.493789 -0.795878 -0.359508 -0.855547 0.37255 -0.864872 0.155598 -0.477269 -3.07691 1.63973 0.021651</i>
                        <i>0.285268 -0.520305 -0.804926 -0.606741 -0.748152 0.268576 -0.741948 0.411765 -0.529114 -3.60242 1.72067 -0.0327997</i>
                        <i>0.204997 -0.52834 -0.823913 -0.807297 -0.567224 0.162873 -0.553396 0.631754 -0.542807 -4.14798 1.79435 -0.0860622</i>
                        <i>0.0966412 -0.515392 -0.851488 -0.940263 -0.327858 0.0917305 -0.326444 0.791758 -0.516289 -4.71665 1.8546 -0.137336</i>
                        <i>-0.032823 -0.480372 -0.876451 -0.996225 -0.0547857 0.0673359 -0.0803632 0.875352 -0.47676 -5.30733 1.89746 -0.18378</i>
                        <i>-0.168399 -0.427796 -0.88805 -0.971996 0.221873 0.0774365 0.163907 0.876221 -0.453179 -5.91636 1.92115 -0.219987</i>
                        <i>-0.296766 -0.366443 -0.881844 -0.875602 0.472961 0.0981304 0.381118 0.801266 -0.461217 -6.53781 1.92585 -0.239184</i>
                        <i>0.928064 -0.260767 -0.265892 0.125168 -0.454022 0.882155 -0.350758 -0.851977 -0.388721 -7.20106 1.93317 -0.31447</i>
                        <i>0.886712 -0.300474 -0.351364 0.120002 -0.584364 0.80257 -0.446476 -0.753813 -0.482105 -7.72972 1.95143 -0.311311</i>
                        <i>0.822448 -0.364746 -0.436508 0.0670405 -0.699865 0.711122 -0.564876 -0.614124 -0.55115 -8.25475 1.97036 -0.305687</i>
                        <i>0.732277 -0.441762 -0.518282 -0.0405162 -0.787966 0.614384 -0.6798 -0.428901 -0.594908 -8.77408 1.9889 -0.298212</i>
                        <i>0.615528 -0.518256 -0.593747 -0.19917 -0.831213 0.519053 -0.762533 -0.201235 -0.614856 -9.28659 2.00512 -0.289638</i>
                        <i>0.475444 -0.581036 -0.660567 -0.393853 -0.811992 0.430754 -0.786659 0.0553667 -0.6149 -9.79241 2.01656 -0.280736</i>
                    </KeyFrames>
                </p>
            </i>
            <i>
                <p>
                    <Name><![CDATA[ponytail_3]]></Name>
                    <Exclude>0</Exclude>
                    <Additive>0</Additive>
                    <IKPriority>0</IKPriority>
                    <IKRotLimits>-1e+010 -1e+010 -1e+010 1e+010 1e+010 1e+010</IKRotLimits>
                    <IKRotLimitOrder>0</IKRotLimitOrder>
                    <KeyFrames count="19">
                        <i>0.972527 -0.145047 -0.182078 -0.111206 -0.976614 0.184006 -0.20451 -0.158702 -0.965914 0.0250476 2.40452 0.0156229</i>
                        <i>0.914557 -0.126402 -0.384198 -0.0539053 -0.979529 0.19395 -0.400849 -0.156668 -0.902649 -0.508095 1.9832 0.16875</i>
                        <i>0.798911 -0.23492 -0.553672 0.040186 -0.897658 0.438856 -0.600105 -0.372857 -0.707709 -1.04629 1.50227 0.162808</i>
                        <i>0.662171 -0.304077 -0.684885 -0.000640561 -0.914197 0.405269 -0.749353 -0.267919 -0.60555 -1.55977 1.51513 0.125854</i>
                        <i>0.532972 -0.38055 -0.755726 -0.134261 -0.919873 0.36852 -0.835413 -0.0949461 -0.54136 -2.06324 1.56204 0.0851247</i>
                        <i>0.427573 -0.44714 -0.78565 -0.33793 -0.885152 0.319859 -0.838441 0.128732 -0.529569 -2.55805 1.63122 0.0385026</i>
                        <i>0.350358 -0.493789 -0.795878 -0.570081 -0.786634 0.237095 -0.743139 0.370647 -0.557104 -3.05148 1.70889 -0.0100657</i>
                        <i>0.285268 -0.520305 -0.804926 -0.777327 -0.6169 0.123278 -0.560701 0.590523 -0.580429 -3.5567 1.78223 -0.0563873</i>
                        <i>0.204997 -0.52834 -0.823913 -0.92257 -0.385427 0.0176138 -0.326865 0.756507 -0.566442 -4.08545 1.84227 -0.101233</i>
                        <i>0.0966412 -0.515392 -0.851488 -0.992614 -0.112933 -0.0443019 -0.0733283 0.84948 -0.5225 -4.64258 1.88396 -0.146702</i>
                        <i>-0.032823 -0.480372 -0.876451 -0.983326 0.172456 -0.0576957 0.178865 0.859943 -0.478022 -5.22781 1.90527 -0.191037</i>
                        <i>-0.168399 -0.427796 -0.88805 -0.897017 0.44001 -0.0418638 0.40866 0.789546 -0.457837 -5.83783 1.9068 -0.227962</i>
                        <i>-0.296766 -0.366443 -0.881844 -0.747943 0.663331 -0.0239375 0.593726 0.652465 -0.470933 -6.46616 1.89108 -0.248848</i>
                        <i>0.928064 -0.260767 -0.265892 0.0306303 -0.658088 0.752317 -0.37116 -0.706343 -0.60276 -7.21246 1.96623 -0.386677</i>
                        <i>0.886712 -0.300474 -0.351364 0.000992833 -0.758759 0.651371 -0.462321 -0.577927 -0.672502 -7.74108 1.99531 -0.377505</i>
                        <i>0.822448 -0.364746 -0.436508 -0.0806702 -0.834397 0.545228 -0.563091 -0.413208 -0.715672 -8.26232 2.02404 -0.364823</i>
                        <i>0.732277 -0.441762 -0.518282 -0.214192 -0.871834 0.440484 -0.646445 -0.211545 -0.733046 -8.77349 2.05036 -0.349767</i>
                        <i>0.615528 -0.518256 -0.593747 -0.388799 -0.855001 0.343232 -0.685537 0.0195796 -0.727775 -9.27361 2.07094 -0.333632</i>
                        <i>0.475444 -0.581036 -0.660567 -0.583129 -0.770356 0.257899 -0.658721 0.26258 -0.705081 -9.76392 2.08184 -0.317654</i>
                    </KeyFrames>
                </p>
            </i>
            <i>
                <p>
                    <Name><![CDATA[l_clav]]></Name>
                    <Exclude>1</Exclude>
                    <Additive>0</Additive>
                    <IKPriority>0</IKPriority>
                    <IKRotLimits>-1e+010 -1e+010 -1e+010 1e+010 1e+010 1e+010</IKRotLimits>
                    <IKRotLimitOrder>0</IKRotLimitOrder>
                    <KeyFrames count="19">
                        <i>0.816363 0.56402 -0.12423 -0.489199 0.789639 0.370344 0.306978 -0.241562 0.92055 0.157858 1.83069 0.00667455</i>
                        <i>0.807361 0.583843 -0.0854103 -0.397161 0.644753 0.653113 0.436384 -0.493376 0.752429 -0.391218 1.48897 0.111896</i>
                        <i>0.820893 0.567698 -0.062072 -0.254555 0.461035 0.850087 0.51121 -0.68203 0.522971 -0.917861 1.1405 0.191332</i>
                        <i>0.805376 0.561203 -0.190842 -0.162658 0.518827 0.839262 0.570011 -0.644879 0.509135 -1.42767 1.1386 0.152521</i>
                        <i>0.787227 0.533491 -0.30929 -0.0938317 0.599343 0.794974 0.609483 -0.596803 0.521878 -1.94857 1.15672 0.108364</i>
                        <i>0.768601 0.48622 -0.415742 -0.049125 0.692813 0.719442 0.637839 -0.532541 0.556383 -2.48161 1.19096 0.061323</i>
                        <i>0.751634 0.422116 -0.506818 -0.0279553 0.788091 0.614923 0.658988 -0.448029 0.604156 -3.0275 1.23746 0.0139865</i>
                        <i>0.73846 0.345877 -0.578832 -0.0285467 0.873688 0.485648 0.673693 -0.342108 0.655057 -3.58637 1.29235 -0.0309097</i>
                        <i>0.730695 0.26436 -0.629443 -0.0479747 0.939589 0.338926 0.681016 -0.217454 0.699236 -4.15764 1.35172 -0.0705495</i>
                        <i>0.728694 0.185805 -0.659152 -0.0823993 0.979287 0.184954 0.679864 -0.0804613 0.728911 -4.7398 1.41162 -0.10215</i>
                        <i>0.730929 0.118239 -0.672132 -0.127757 0.991172 0.0354302 0.670388 0.0599728 0.739583 -5.33031 1.46809 -0.123111</i>
                        <i>0.733772 0.0676052 -0.676024 -0.180759 0.978599 -0.0983354 0.654909 0.194353 0.730289 -5.92559 1.51729 -0.131213</i>
                        <i>0.731665 0.0364226 -0.68069 -0.2397 0.948545 -0.206896 0.63813 0.31454 0.702748 -6.52106 1.55564 -0.124881</i>
                        <i>0.731665 0.0364226 -0.68069 -0.2397 0.948545 -0.206896 0.63813 0.31454 0.702748 -7.04525 1.55564 -0.124881</i>
                        <i>0.731665 0.0364226 -0.68069 -0.2397 0.948545 -0.206896 0.63813 0.31454 0.702748 -7.56944 1.55564 -0.124881</i>
                        <i>0.731665 0.0364226 -0.68069 -0.2397 0.948545 -0.206896 0.63813 0.31454 0.702748 -8.09364 1.55564 -0.124881</i>
                        <i>0.731665 0.0364226 -0.68069 -0.2397 0.948545 -0.206896 0.63813 0.31454 0.702748 -8.61783 1.55564 -0.124881</i>
                        <i>0.731665 0.0364226 -0.68069 -0.2397 0.948545 -0.206896 0.63813 0.31454 0.702748 -9.14203 1.55564 -0.124881</i>
                        <i>0.731665 0.0364226 -0.68069 -0.2397 0.948545 -0.206896 0.63813 0.31454 0.702748 -9.66622 1.55564 -0.124881</i>
                    </KeyFrames>
                </p>
            </i>
            <i>
                <p>
                    <Name><![CDATA[l_shoulder]]></Name>
                    <Exclude>1</Exclude>
                    <Additive>0</Additive>
                    <IKPriority>0</IKPriority>
                    <IKRotLimits>-1e+010 -1e+010 -1e+010 1e+010 1e+010 1e+010</IKRotLimits>
                    <IKRotLimitOrder>0</IKRotLimitOrder>
                    <KeyFrames count="19">
                        <i>0.428284 -0.901962 -0.0551171 0.890079 0.41054 0.198029 -0.155987 -0.133871 0.978645 0.33697 1.95443 -0.0205817</i>
                        <i>0.381582 -0.843672 -0.377642 0.924302 0.344802 0.163639 -0.0078459 -0.411497 0.911378 -0.214082 1.61707 0.093157</i>
                        <i>0.26751 -0.724458 -0.635295 0.958194 0.269466 0.0961906 0.101504 -0.634467 0.766256 -0.737756 1.26505 0.177713</i>
                        <i>0.212248 -0.760476 -0.6137 0.958639 0.283901 -0.0202555 0.189634 -0.584018 0.78928 -1.25148 1.26137 0.110772</i>
                        <i>0.192338 -0.801198 -0.566646 0.947882 0.30115 -0.104062 0.25402 -0.517098 0.817364 -1.77774 1.27249 0.041248</i>
                        <i>0.205877 -0.840588 -0.501025 0.931104 0.325801 -0.164008 0.301098 -0.432741 0.84975 -2.31683 1.2952 -0.0278075</i>
                        <i>0.248983 -0.871834 -0.421797 0.908667 0.360994 -0.209779 0.335159 -0.331041 0.882088 -2.86874 1.32662 -0.0930603</i>
                        <i>0.316188 -0.887941 -0.334046 0.87835 0.407055 -0.250616 0.358507 -0.214168 0.908628 -3.43295 1.36421 -0.151166</i>
                        <i>0.400586 -0.883132 -0.244148 0.837264 0.461052 -0.293973 0.372182 -0.086655 0.924106 -4.00838 1.40572 -0.19913</i>
                        <i>0.49431 -0.854467 -0.159827 0.783309 0.517552 -0.344336 0.376942 0.045015 0.925142 -4.59333 1.44897 -0.234638</i>
                        <i>0.589389 -0.802898 -0.0893072 0.715921 0.570335 -0.40271 0.37427 0.173416 0.91096 -5.18552 1.49151 -0.256251</i>
                        <i>0.678739 -0.733281 -0.0401455 0.636021 0.614283 -0.467049 0.367139 0.291471 0.88332 -5.78202 1.53051 -0.26348</i>
                        <i>0.75681 -0.653378 -0.0183484 0.545319 0.646624 -0.53339 0.360369 0.393669 0.845671 -6.3793 1.5627 -0.256766</i>
                        <i>0.75681 -0.653378 -0.0183484 0.545319 0.646624 -0.53339 0.360369 0.393669 0.845671 -6.90349 1.5627 -0.256766</i>
                        <i>0.75681 -0.653378 -0.0183484 0.545319 0.646624 -0.53339 0.360369 0.393669 0.845671 -7.42768 1.5627 -0.256766</i>
                        <i>0.75681 -0.653378 -0.0183484 0.545319 0.646624 -0.53339 0.360369 0.393669 0.845671 -7.95188 1.5627 -0.256766</i>
                        <i>0.75681 -0.653378 -0.0183484 0.545319 0.646624 -0.53339 0.360369 0.393669 0.845671 -8.47607 1.5627 -0.256766</i>
                        <i>0.75681 -0.653378 -0.0183484 0.545319 0.646624 -0.53339 0.360369 0.393669 0.845671 -9.00027 1.5627 -0.256766</i>
                        <i>0.75681 -0.653378 -0.0183484 0.545319 0.646624 -0.53339 0.360369 0.393669 0.845671 -9.52446 1.5627 -0.256766</i>
                    </KeyFrames>
                </p>
            </i>
            <i>
                <p>
                    <Name><![CDATA[l_elbow]]></Name>
                    <Exclude>1</Exclude>
                    <Additive>0</Additive>
                    <IKPriority>0</IKPriority>
                    <IKRotLimits>-1e+010 -1e+010 -1e+010 1e+010 1e+010 1e+010</IKRotLimits>
                    <IKRotLimitOrder>0</IKRotLimitOrder>
                    <KeyFrames count="19">
                        <i>-0.0671284 -0.31667 0.946157 0.889659 0.410282 0.200438 -0.451664 0.855213 0.254187 0.47628 1.66105 -0.03851</i>
                        <i>0.0682316 -0.576324 0.814368 0.924249 0.343858 0.165908 -0.375644 0.741358 0.556129 -0.0899618 1.34264 -0.0296812</i>
                        <i>0.151831 -0.769986 0.619734 0.958419 0.267964 0.0981241 -0.24162 0.579066 0.778654 -0.650741 1.0294 -0.0289332</i>
                        <i>0.226398 -0.726607 0.64868 0.959086 0.282526 -0.0182668 -0.169996 0.626275 0.760842 -1.18244 1.01401 -0.0888502</i>
                        <i>0.284649 -0.665449 0.690038 0.948488 0.299942 -0.102008 -0.13909 0.683529 0.716549 -1.71518 1.01188 -0.143069</i>
                        <i>0.33246 -0.585161 0.739633 0.931825 0.324804 -0.16188 -0.14551 0.743027 0.653251 -2.24986 1.02178 -0.190779</i>
                        <i>0.372917 -0.48602 0.790391 0.909468 0.360249 -0.207578 -0.18385 0.796244 0.576363 -2.78775 1.04303 -0.230261</i>
                        <i>0.407241 -0.370758 0.834682 0.879203 0.406598 -0.248356 -0.2473 0.834995 0.491554 -3.33011 1.07538 -0.259823</i>
                        <i>0.435878 -0.244487 0.866162 0.838145 0.460907 -0.291682 -0.327908 0.853107 0.405815 -3.87808 1.11846 -0.278546</i>
                        <i>0.459409 -0.113874 0.880895 0.784193 0.517729 -0.342049 -0.417114 0.847933 0.327148 -4.43255 1.17103 -0.286626</i>
                        <i>0.479119 0.0140733 0.877637 0.716791 0.570823 -0.400464 -0.506611 0.820952 0.263404 -4.99381 1.23034 -0.285301</i>
                        <i>0.497226 0.133143 0.857344 0.636867 0.615056 -0.464874 -0.589209 0.777161 0.221027 -5.56124 1.292 -0.276538</i>
                        <i>0.516806 0.238669 0.822161 0.546142 0.647642 -0.531308 -0.659273 0.7236 0.204358 -6.13312 1.35017 -0.262735</i>
                        <i>0.516806 0.238669 0.822161 0.546142 0.647642 -0.531308 -0.659273 0.7236 0.204358 -6.65732 1.35017 -0.262735</i>
                        <i>0.516806 0.238669 0.822161 0.546142 0.647642 -0.531308 -0.659273 0.7236 0.204358 -7.18151 1.35017 -0.262735</i>
                        <i>0.516806 0.238669 0.822161 0.546142 0.647642 -0.531308 -0.659273 0.7236 0.204358 -7.7057 1.35017 -0.262735</i>
                        <i>0.516806 0.238669 0.822161 0.546142 0.647642 -0.531308 -0.659273 0.7236 0.204358 -8.2299 1.35017 -0.262735</i>
                        <i>0.516806 0.238669 0.822161 0.546142 0.647642 -0.531308 -0.659273 0.7236 0.204358 -8.75409 1.35017 -0.262735</i>
                        <i>0.516806 0.238669 0.822161 0.546142 0.647642 -0.531308 -0.659273 0.7236 0.204358 -9.27829 1.35017 -0.262735</i>
                    </KeyFrames>
                </p>
            </i>
            <i>
                <p>
                    <Name><![CDATA[l_forearm]]></Name>
                    <Exclude>1</Exclude>
                    <Additive>0</Additive>
                    <IKPriority>0</IKPriority>
                    <IKRotLimits>-1e+010 -1e+010 -1e+010 1e+010 1e+010 1e+010</IKRotLimits>
                    <IKRotLimitOrder>0</IKRotLimitOrder>
                    <KeyFrames count="19">
                        <i>-0.0671277 -0.31667 0.946158 0.9971 -0.055355 0.0522152 0.0358395 0.946919 0.319468 0.465363 1.60954 0.115372</i>
                        <i>0.0682324 -0.576324 0.814368 0.990535 -0.0583117 -0.12426 0.119101 0.815138 0.56689 -0.0788645 1.24891 0.102767</i>
                        <i>0.151832 -0.769985 0.619734 0.955504 -0.046088 -0.291355 0.252902 0.636395 0.728727 -0.626047 0.904173 0.0718593</i>
