<?xml version="1.0" encoding="ISO-8859-1" ?>
<Animl Version="1">
    <ModellingPackage><![CDATA[Maya.2010]]></ModellingPackage>
    <SrcFile><![CDATA[anims\characters\shared\commando\~src\commando_land_sprint.mb]]></SrcFile>
    <FramesPerSecond>30</FramesPerSecond>
    <TotalFrames>19</TotalFrames>
    <Skeleton>
        <RefFrame>
            <Name><![CDATA[commando_ref_frame]]></Name>
            <Exclude>0</Exclude>
            <Additive>0</Additive>
            <IKPriority>0</IKPriority>
            <IKRotLimits>-1e+010 -1e+010 -1e+010 1e+010 1e+010 1e+010</IKRotLimits>
            <IKRotLimitOrder>0</IKRotLimitOrder>
            <KeyFrames count="19">
                <i>1 0 0 0 1 0 0 0 1 0.101653 0 -0.176406</i>
                <i>1 0 0 0 1 0 0 0 1 0.0654661 0 0.895266</i>
                <i>1 0 0 0 1 0 0 0 1 0.0272431 0 1.97264</i>
                <i>1 0 0 0 1 0 0 0 1 0.0244306 0 2.98154</i>
                <i>1 0 0 0 1 0 0 0 1 0.0238711 0 3.98597</i>
                <i>1 0 0 0 1 0 0 0 1 0.0251672 0 4.98677</i>
                <i>1 0 0 0 1 0 0 0 1 0.027921 0 5.98477</i>
                <i>1 0 0 0 1 0 0 0 1 0.0317352 0 6.9808</i>
                <i>1 0 0 0 1 0 0 0 1 0.036212 0 7.97569</i>
                <i>1 0 0 0 1 0 0 0 1 0.0409539 0 8.97027</i>
                <i>1 0 0 0 1 0 0 0 1 0.0455633 0 9.96537</i>
                <i>1 0 0 0 1 0 0 0 1 0.0496425 0 10.9618</i>
                <i>1 0 0 0 1 0 0 0 1 0.052794 0 11.9605</i>
                <i>1 0 0 0 1 0 0 0 1 0.052794 0 12.9605</i>
                <i>1 0 0 0 1 0 0 0 1 0.052794 0 13.9605</i>
                <i>1 0 0 0 1 0 0 0 1 0.052794 0 14.9605</i>
                <i>1 0 0 0 1 0 0 0 1 0.052794 0 15.9605</i>
                <i>1 0 0 0 1 0 0 0 1 0.052794 0 16.9605</i>
                <i>1 0 0 0 1 0 0 0 1 0.052794 0 17.9605</i>
            </KeyFrames>
        </RefFrame>
        <Bones count="28">
            <i>
                <p>
                    <Name><![CDATA[pelvis]]></Name>
                    <Exclude>0</Exclude>
                    <Additive>0</Additive>
                    <IKPriority>0</IKPriority>
                    <IKRotLimits>-1e+010 -1e+010 -1e+010 1e+010 1e+010 1e+010</IKRotLimits>
                    <IKRotLimitOrder>2</IKRotLimitOrder>
                    <KeyFrames count="19">
                        <i>1 0 0 0 1 0 0 0 1 0.102546 1.31613 -0.202753</i>
                        <i>1 0 0 0 1 0 0 0 1 0.0663903 1.07731 0.869756</i>
                        <i>1 0 0 0 1 0 0 0 1 0.0281846 0.829423 1.94847</i>
                        <i>1 0 0 0 1 0 0 0 1 0.0248947 0.822154 2.95839</i>
                        <i>1 0 0 0 1 0 0 0 1 0.0231262 0.833291 3.96506</i>
                        <i>1 0 0 0 1 0 0 0 1 0.0227135 0.858637 4.96899</i>
                        <i>1 0 0 0 1 0 0 0 1 0.0234863 0.894037 5.97072</i>
                        <i>1 0 0 0 1 0 0 0 1 0.0252542 0.935352 6.9708</i>
                        <i>1 0 0 0 1 0 0 0 1 0.0277964 0.978446 7.96975</i>
                        <i>1 0 0 0 1 0 0 0 1 0.0308585 1.01917 8.96807</i>
                        <i>1 0 0 0 1 0 0 0 1 0.0341564 1.05338 9.96627</i>
                        <i>1 0 0 0 1 0 0 0 1 0.0373859 1.07689 10.9648</i>
                        <i>1 0 0 0 1 0 0 0 1 0.0402403 1.08554 11.9642</i>
                        <i>1 0 0 0 1 0 0 0 1 0.0402403 1.08554 12.9642</i>
                        <i>1 0 0 0 1 0 0 0 1 0.0402403 1.08554 13.9642</i>
                        <i>1 0 0 0 1 0 0 0 1 0.0402403 1.08554 14.9642</i>
                        <i>1 0 0 0 1 0 0 0 1 0.0402403 1.08554 15.9642</i>
                        <i>1 0 0 0 1 0 0 0 1 0.0402403 1.08554 16.9641</i>
                        <i>1 0 0 0 1 0 0 0 1 0.0402403 1.08554 17.9641</i>
                    </KeyFrames>
                </p>
            </i>
            <i>
                <p>
                    <Name><![CDATA[spine0]]></Name>
                    <Exclude>0</Exclude>
                    <Additive>0</Additive>
                    <IKPriority>0</IKPriority>
                    <IKRotLimits>-1e+010 -1e+010 -1e+010 1e+010 1e+010 1e+010</IKRotLimits>
                    <IKRotLimitOrder>0</IKRotLimitOrder>
                    <KeyFrames count="19">
                        <i>-0.0421832 0.94045 0.337303 -0.916211 0.0982329 -0.388469 -0.39847 -0.325428 0.857507 0.132693 1.45592 -0.21846</i>
                        <i>-0.0528696 0.906269 0.419382 -0.922034 0.116974 -0.369013 -0.383481 -0.406194 0.829426 0.105218 1.21347 0.844282</i>
                        <i>-0.0900553 0.830597 0.549544 -0.932315 0.123748 -0.339817 -0.350256 -0.54295 0.763234 0.0749158 0.960433 1.91174</i>
                        <i>-0.0852793 0.813952 0.574639 -0.933792 0.13586 -0.331019 -0.347504 -0.564822 0.748476 0.0720653 0.952317 2.91929</i>
                        <i>-0.0723646 0.804994 0.588853 -0.93497 0.150814 -0.32107 -0.347267 -0.573794 0.741731 0.0695148 0.963057 3.92376</i>
                        <i>-0.0547311 0.802041 0.594756 -0.935794 0.166559 -0.310723 -0.348274 -0.573575 0.741429 0.0673847 0.988365 4.92573</i>
                        <i>-0.0359911 0.802896 0.595032 -0.936556 0.180638 -0.300388 -0.348666 -0.568092 0.745455 0.0657771 1.02399 5.92577</i>
                        <i>-0.019017 0.805684 0.592041 -0.937626 0.191216 -0.290335 -0.347126 -0.560634 0.751793 0.0647688 1.06569 6.92448</i>
                        <i>-0.00546615 0.809144 0.587585 -0.9392 0.197586 -0.280826 -0.343327 -0.553395 0.758868 0.0644069 1.10927 7.9224</i>
                        <i>0.00428168 0.81253 0.582904 -0.941179 0.200231 -0.272195 -0.337882 -0.547451 0.765593 0.0647099 1.1505 8.92008</i>
                        <i>0.0108737 0.815377 0.578829 -0.94318 0.200617 -0.264884 -0.332103 -0.54306 0.771229 0.0656714 1.1852 9.91803</i>
                        <i>0.0155431 0.817301 0.576001 -0.944656 0.2008 -0.259429 -0.327693 -0.540091 0.77519 0.0672681 1.20915 10.9167</i>
                        <i>0.0195769 0.817894 0.575036 -0.945028 0.202902 -0.256422 -0.326402 -0.538405 0.776905 0.0694724 1.21817 11.9167</i>
                        <i>0.0195769 0.817894 0.575036 -0.945028 0.202902 -0.256422 -0.326402 -0.538405 0.776905 0.0694724 1.21817 12.9167</i>
                        <i>0.0195769 0.817894 0.575036 -0.945028 0.202902 -0.256422 -0.326402 -0.538405 0.776905 0.0694724 1.21817 13.9167</i>
                        <i>0.0195769 0.817894 0.575036 -0.945028 0.202902 -0.256422 -0.326402 -0.538405 0.776905 0.0694724 1.21817 14.9167</i>
                        <i>0.0195769 0.817894 0.575036 -0.945028 0.202902 -0.256422 -0.326402 -0.538405 0.776905 0.0694724 1.21817 15.9167</i>
                        <i>0.0195769 0.817894 0.575036 -0.945028 0.202902 -0.256422 -0.326402 -0.538405 0.776905 0.0694724 1.21817 16.9167</i>
                        <i>0.0195769 0.817894 0.575036 -0.945028 0.202902 -0.256422 -0.326402 -0.538405 0.776905 0.0694724 1.21817 17.9167</i>
                    </KeyFrames>
                </p>
            </i>
            <i>
                <p>
                    <Name><![CDATA[spine1]]></Name>
                    <Exclude>0</Exclude>
                    <Additive>0</Additive>
                    <IKPriority>0</IKPriority>
                    <IKRotLimits>-1e+010 -1e+010 -1e+010 1e+010 1e+010 1e+010</IKRotLimits>
                    <IKRotLimitOrder>0</IKRotLimitOrder>
                    <KeyFrames count="19">
                        <i>-0.207113 0.834417 0.510736 -0.972645 -0.11949 -0.199209 -0.105196 -0.538024 0.83634 0.124782 1.63323 -0.154964</i>
                        <i>-0.284577 0.607204 0.741835 -0.958639 -0.184506 -0.216725 0.00527676 -0.772826 0.634596 0.0958496 1.37431 0.918679</i>
                        <i>-0.334563 0.285223 0.898173 -0.925501 -0.278992 -0.256145 0.177525 -0.916957 0.357315 0.0592246 1.10522 2.00751</i>
                        <i>-0.322489 0.259635 0.910269 -0.930188 -0.265079 -0.253937 0.175362 -0.928613 0.326995 0.0568865 1.09735 3.02163</i>
                        <i>-0.303245 0.254224 0.918375 -0.942849 -0.219744 -0.250496 0.138125 -0.941851 0.306331 0.0563531 1.10976 4.031</i>
                        <i>-0.278767 0.264182 0.923307 -0.957571 -0.149658 -0.246291 0.0731145 -0.952791 0.294693 0.0572137 1.13793 5.03653</i>
                        <i>-0.250829 0.285199 0.925065 -0.967982 -0.0642259 -0.242665 -0.00979466 -0.956314 0.292177 0.0589507 1.17726 6.03922</i>
                        <i>-0.221339 0.313259 0.923514 -0.970141 0.0255751 -0.241189 -0.0991738 -0.949323 0.298245 0.0611038 1.22319 7.04004</i>
                        <i>-0.192326 0.344647 0.918819 -0.963867 0.109512 -0.242833 -0.184314 -0.932323 0.311132 0.063373 1.27128 8.03985</i>
                        <i>-0.16573 0.376057 0.911655 -0.952039 0.180095 -0.247361 -0.257206 -0.908926 0.328173 0.0656564 1.31714 9.03939</i>
                        <i>-0.143179 0.404654 0.903191 -0.938896 0.233087 -0.253269 -0.313009 -0.884265 0.346555 0.0680308 1.35642 10.0393</i>
                        <i>-0.125899 0.428063 0.894937 -0.928559 0.266679 -0.258186 -0.34918 -0.863507 0.363908 0.0706912 1.38475 11.0402</i>
                        <i>-0.114799 0.444258 0.888513 -0.924248 0.280083 -0.259458 -0.364123 -0.850993 0.378452 0.073862 1.39773 12.0426</i>
                        <i>-0.114799 0.444258 0.888513 -0.924248 0.280083 -0.259458 -0.364123 -0.850993 0.378452 0.073862 1.39773 13.0426</i>
                        <i>-0.114799 0.444258 0.888513 -0.924248 0.280083 -0.259458 -0.364123 -0.850993 0.378452 0.073862 1.39773 14.0426</i>
                        <i>-0.114799 0.444258 0.888513 -0.924248 0.280083 -0.259458 -0.364123 -0.850993 0.378452 0.073862 1.39773 15.0426</i>
                        <i>-0.114799 0.444258 0.888513 -0.924248 0.280083 -0.259458 -0.364123 -0.850993 0.378452 0.073862 1.39773 16.0426</i>
                        <i>-0.114799 0.444258 0.888513 -0.924248 0.280083 -0.259458 -0.364123 -0.850993 0.378452 0.073862 1.39773 17.0426</i>
                        <i>-0.114799 0.444258 0.888513 -0.924248 0.280083 -0.259458 -0.364123 -0.850993 0.378452 0.073862 1.39773 18.0426</i>
                    </KeyFrames>
                </p>
            </i>
            <i>
                <p>
                    <Name><![CDATA[spine2]]></Name>
                    <Exclude>0</Exclude>
                    <Additive>0</Additive>
                    <IKPriority>0</IKPriority>
                    <IKRotLimits>-1e+010 -1e+010 -1e+010 1e+010 1e+010 1e+010</IKRotLimits>
                    <IKRotLimitOrder>0</IKRotLimitOrder>
                    <KeyFrames count="19">
                        <i>-0.207197 0.785633 0.582966 -0.967669 -0.252191 -0.00406269 0.143827 -0.56496 0.812486 0.0890875 1.77782 -0.0660684</i>
                        <i>-0.226368 0.556131 0.799672 -0.955661 -0.285545 -0.0719433 0.188332 -0.780502 0.596111 0.0497189 1.47316 1.03984</i>
                        <i>-0.217833 0.283776 0.93382 -0.951079 -0.276498 -0.137835 0.219085 -0.918161 0.330124 0.00604586 1.1506 2.15137</i>
                        <i>-0.215544 0.257754 0.941862 -0.954248 -0.26031 -0.147141 0.20725 -0.930485 0.302069 0.00450824 1.1395 3.17066</i>
                        <i>-0.216856 0.246491 0.944572 -0.96131 -0.222296 -0.16269 0.169873 -0.943306 0.285161 0.00597136 1.15191 4.18477</i>
                        <i>-0.219729 0.248391 0.943409 -0.969132 -0.166417 -0.181903 0.111816 -0.954258 0.27729 0.00978563 1.18271 5.19472</i>
                        <i>-0.221847 0.261809 0.939276 -0.974334 -0.097225 -0.203027 0.0381668 -0.96021 0.276658 0.015201 1.22673 6.20148</i>
                        <i>-0.221402 0.284326 0.932813 -0.974144 -0.0203526 -0.225008 -0.0449904 -0.958512 0.28148 0.0214815 1.27886 7.20593</i>
                        <i>-0.217564 0.312544 0.924652 -0.967292 0.05755 -0.24705 -0.130428 -0.948159 0.2898 0.028003 1.33405 8.20892</i>
                        <i>-0.210673 0.342311 0.915664 -0.954679 0.129416 -0.26803 -0.210251 -0.930631 0.299533 0.0343222 1.38734 9.21124</i>
                        <i>-0.202131 0.369179 0.907111 -0.939459 0.188594 -0.286093 -0.276695 -0.910022 0.308708 0.0401973 1.43381 10.2137</i>
                        <i>-0.194023 0.388846 0.900641 -0.926393 0.229404 -0.298614 -0.322725 -0.892285 0.315715 0.0455505 1.46855 11.217</i>
                        <i>-0.188518 0.397422 0.898063 -0.920574 0.246999 -0.302548 -0.34206 -0.883769 0.319292 0.0503718 1.48661 12.222</i>
                        <i>-0.188518 0.397422 0.898063 -0.920574 0.246999 -0.302548 -0.34206 -0.883769 0.319292 0.0503718 1.48661 13.222</i>
                        <i>-0.188518 0.397422 0.898063 -0.920574 0.246999 -0.302548 -0.34206 -0.883769 0.319292 0.0503718 1.48661 14.222</i>
                        <i>-0.188518 0.397422 0.898063 -0.920574 0.246999 -0.302548 -0.34206 -0.883769 0.319292 0.0503718 1.48661 15.222</i>
                        <i>-0.188518 0.397422 0.898063 -0.920574 0.246999 -0.302548 -0.34206 -0.883769 0.319292 0.0503718 1.48661 16.222</i>
                        <i>-0.188518 0.397422 0.898063 -0.920574 0.246999 -0.302548 -0.34206 -0.883769 0.319292 0.0503718 1.48661 17.222</i>
                        <i>-0.188518 0.397422 0.898063 -0.920574 0.246999 -0.302548 -0.34206 -0.883769 0.319292 0.0503718 1.48661 18.222</i>
                    </KeyFrames>
                </p>
            </i>
            <i>
                <p>
                    <Name><![CDATA[head]]></Name>
                    <Exclude>0</Exclude>
                    <Additive>0</Additive>
                    <IKPriority>0</IKPriority>
                    <IKRotLimits>-1e+010 -1e+010 -1e+010 1e+010 1e+010 1e+010</IKRotLimits>
                    <IKRotLimitOrder>0</IKRotLimitOrder>
                    <KeyFrames count="19">
                        <i>-0.0275354 0.560495 0.8277 0.0186359 0.828158 -0.560185 -0.999447 6.24112e-009 -0.033249 0.0390848 2.06378 0.0751159</i>
                        <i>-0.000738987 0.679522 0.733655 0.000684445 0.733655 -0.679522 -0.999999 2.4434e-008 -0.00100726 0.0191965 1.63999 1.24112</i>
                        <i>0.0177456 0.911119 0.411761 -0.0392298 0.412144 -0.910274 -0.999073 -4.46655e-008 0.0430567 -0.00112133 1.18995 2.35864</i>
                        <i>0.011512 0.941345 0.337251 -0.0461131 0.337414 -0.940226 -0.99887 -0.0047278 0.0472926 -0.00436227 1.16888 3.37895</i>
                        <i>-0.0018994 0.957281 0.289154 -0.0544353 0.288627 -0.955893 -0.998515 -0.0175558 0.0515616 -0.00804903 1.1777 4.39599</i>
                        <i>-0.0201412 0.962707 0.269795 -0.0633296 0.268079 -0.961313 -0.997789 -0.036448 0.0555684 -0.0118494 1.21069 5.41038</i>
                        <i>-0.0412054 0.960161 0.276393 -0.0717784 0.273068 -0.959313 -0.996569 -0.0593678 0.0576669 -0.01527 1.26222 6.42233</i>
                        <i>-0.0635103 0.950926 0.30283 -0.0788004 0.297717 -0.951396 -0.994865 -0.0842866 0.0560252 -0.0177456 1.32647 7.43197</i>
                        <i>-0.0859009 0.936026 0.341286 -0.0836637 0.334566 -0.938651 -0.992785 -0.109184 0.0495719 -0.0187992 1.39725 8.43956</i>
                        <i>-0.107323 0.917177 0.383756 -0.0860482 0.375968 -0.922629 -0.990494 -0.132041 0.0385712 -0.0182368 1.4679 9.44569</i>
                        <i>-0.126325 0.897133 0.423314 -0.0860563 0.415213 -0.905645 -0.988249 -0.150835 0.024752 -0.0162945 1.53145 10.4513</i>
                        <i>-0.140739 0.87945 0.45471 -0.0840535 0.447009 -0.890572 -0.986472 -0.163558 0.0110093 -0.0136546 1.5807 11.4578</i>
                        <i>-0.147776 0.868017 0.474035 -0.0804114 0.467166 -0.880506 -0.985747 -0.168236 0.000762514 -0.0112896 1.60843 12.4666</i>
                        <i>-0.147776 0.868017 0.474035 -0.0804114 0.467166 -0.880506 -0.985747 -0.168236 0.000762514 -0.0112896 1.60843 13.4666</i>
                        <i>-0.147776 0.868017 0.474035 -0.0804114 0.467166 -0.880506 -0.985747 -0.168236 0.000762514 -0.0112896 1.60843 14.4666</i>
                        <i>-0.147776 0.868017 0.474035 -0.0804114 0.467166 -0.880506 -0.985747 -0.168236 0.000762514 -0.0112896 1.60843 15.4666</i>
                        <i>-0.147776 0.868017 0.474035 -0.0804114 0.467166 -0.880506 -0.985747 -0.168236 0.000762514 -0.0112896 1.60843 16.4666</i>
                        <i>-0.147776 0.868017 0.474035 -0.0804114 0.467166 -0.880506 -0.985747 -0.168236 0.000762514 -0.0112896 1.60843 17.4666</i>
                        <i>-0.147776 0.868017 0.474035 -0.0804114 0.467166 -0.880506 -0.985747 -0.168236 0.000762514 -0.0112896 1.60843 18.4666</i>
                    </KeyFrames>
                </p>
            </i>
            <i>
                <p>
                    <Name><![CDATA[head_prop]]></Name>
                    <Exclude>0</Exclude>
                    <Additive>0</Additive>
                    <IKPriority>0</IKPriority>
                    <IKRotLimits>-1e+010 -1e+010 -1e+010 1e+010 1e+010 1e+010</IKRotLimits>
                    <IKRotLimitOrder>0</IKRotLimitOrder>
                    <KeyFrames count="19">
                        <i>0.999447 -6.24112e-009 0.033249 -0.0275354 0.560495 0.8277 -0.0186359 -0.828158 0.560185 0.006918 1.92118 0.260024</i>
                        <i>0.999999 -2.4434e-008 0.00100726 -0.000738987 0.679522 0.733655 -0.000684445 -0.733655 0.679522 -0.00701129 1.52722 1.44643</i>
                        <i>0.999073 4.46655e-008 -0.0430567 0.0177456 0.911119 0.411761 0.0392298 -0.412144 0.910274 -0.0170652 1.16577 2.59256</i>
                        <i>0.99887 0.0047278 -0.0472926 0.011512 0.941345 0.337251 0.0461131 -0.337414 0.940226 -0.0192323 1.16343 3.61412</i>
                        <i>0.998515 0.0175558 -0.0515616 -0.0018994 0.957281 0.289154 0.0544353 -0.288627 0.955893 -0.0220526 1.18394 4.6312</i>
                        <i>0.997789 0.036448 -0.0555684 -0.0201412 0.962707 0.269795 0.0633296 -0.268079 0.961313 -0.0252072 1.22141 5.64547</i>
                        <i>0.996569 0.0593678 -0.0576669 -0.0412054 0.960161 0.276393 0.0717784 -0.273068 0.959313 -0.0282772 1.27104 6.65752</i>
                        <i>0.994865 0.0842866 -0.0560252 -0.0635103 0.950926 0.30283 0.0788004 -0.297717 0.951396 -0.0307986 1.32848 7.66731</i>
                        <i>0.992785 0.109184 -0.0495719 -0.0859009 0.936026 0.341286 0.0836637 -0.334566 0.938651 -0.0323742 1.38932 8.67474</i>
                        <i>0.990494 0.132041 -0.0385712 -0.107323 0.917177 0.383756 0.0860482 -0.375968 0.922629 -0.0328077 1.44879 9.68017</i>
                        <i>0.988249 0.150835 -0.024752 -0.126325 0.897133 0.423314 0.0860563 -0.415213 0.905645 -0.0322116 1.50164 10.6846</i>
                        <i>0.986472 0.163558 -0.0110093 -0.140739 0.87945 0.45471 0.0840535 -0.447009 0.890572 -0.0310374 1.54218 11.6897</i>
                        <i>0.985747 0.168236 -0.000762514 -0.147776 0.868017 0.474035 0.0804114 -0.467166 0.880506 -0.029984 1.56446 12.6974</i>
                        <i>0.985747 0.168236 -0.000762514 -0.147776 0.868017 0.474035 0.0804114 -0.467166 0.880506 -0.029984 1.56446 13.6974</i>
                        <i>0.985747 0.168236 -0.000762514 -0.147776 0.868017 0.474035 0.0804114 -0.467166 0.880506 -0.029984 1.56446 14.6974</i>
                        <i>0.985747 0.168236 -0.000762514 -0.147776 0.868017 0.474035 0.0804114 -0.467166 0.880506 -0.029984 1.56446 15.6974</i>
                        <i>0.985747 0.168236 -0.000762514 -0.147776 0.868017 0.474035 0.0804114 -0.467166 0.880506 -0.029984 1.56446 16.6974</i>
                        <i>0.985747 0.168236 -0.000762514 -0.147776 0.868017 0.474035 0.0804114 -0.467166 0.880506 -0.029984 1.56446 17.6974</i>
                        <i>0.985747 0.168236 -0.000762514 -0.147776 0.868017 0.474035 0.0804114 -0.467166 0.880506 -0.029984 1.56446 18.6974</i>
                    </KeyFrames>
                </p>
            </i>
            <i>
                <p>
                    <Name><![CDATA[ponytail_1]]></Name>
                    <Exclude>0</Exclude>
                    <Additive>0</Additive>
                    <IKPriority>0</IKPriority>
                    <IKRotLimits>-1e+010 -1e+010 -1e+010 1e+010 1e+010 1e+010</IKRotLimits>
                    <IKRotLimitOrder>0</IKRotLimitOrder>
                    <KeyFrames count="19">
                        <i>0.972527 -0.145047 -0.182078 0.0342493 -0.684494 0.728213 -0.230257 -0.714443 -0.660721 0.027805 2.26381 0.142443</i>
                        <i>0.96546 -0.229018 -0.12425 -0.00730711 -0.500482 0.865716 -0.260449 -0.834906 -0.484869 0.015349 1.84798 1.27769</i>
                        <i>0.962849 -0.268483 0.0289608 -0.0406921 -0.0382323 0.99844 -0.266957 -0.962525 -0.047737 -0.0011299 1.3958 2.31151</i>
                        <i>0.957405 -0.244267 0.153975 -0.12543 0.128488 0.983747 -0.260081 -0.961158 0.0923771 -7.02441e-005 1.37031 3.31517</i>
                        <i>0.942469 -0.192233 0.273494 -0.221623 0.253199 0.941686 -0.250272 -0.948123 0.196029 -0.000650004 1.3758 4.32175</i>
                        <i>0.914406 -0.13063 0.383141 -0.324648 0.328709 0.886879 -0.241795 -0.935354 0.258165 -0.0022411 1.40759 5.33178</i>
                        <i>0.872279 -0.075899 0.483082 -0.428282 0.358217 0.829611 -0.236015 -0.930548 0.279959 -0.00409469 1.46018 6.34469</i>
                        <i>0.818151 -0.0390711 0.573675 -0.52628 0.351042 0.774467 -0.231643 -0.935544 0.266643 -0.00546355 1.5272 7.35951</i>
                        <i>0.7566 -0.02405 0.653436 -0.613707 0.318751 0.722331 -0.225656 -0.947533 0.226408 -0.00578589 1.60158 8.37515</i>
                        <i>0.693789 -0.0277879 0.719642 -0.687423 0.27238 0.673245 -0.214724 -0.961788 0.169872 -0.00484498 1.67582 9.39071</i>
                        <i>0.636474 -0.0421515 0.770145 -0.745809 0.220937 0.628455 -0.196644 -0.974377 0.109184 -0.00283092 1.74233 10.4057</i>
                        <i>0.591171 -0.0565988 0.804558 -0.788173 0.171163 0.591173 -0.171171 -0.983616 0.0565772 -0.000279892 1.79361 11.4199</i>
                        <i>0.563626 -0.0605484 0.823808 -0.814094 0.128214 0.566403 -0.139919 -0.989896 0.0229727 0.00209598 1.82234 12.4338</i>
                        <i>0.554504 -0.0490658 0.830733 -0.823966 0.107546 0.556339 -0.116639 -0.992989 0.0192062 0.00209598 1.82234 13.4338</i>
                        <i>0.551886 -0.0458926 0.832656 -0.82662 0.101722 0.553491 -0.1101 -0.993754 0.0182031 0.00209598 1.82234 14.4338</i>
                        <i>0.553759 -0.0481573 0.831283 -0.824729 0.105884 0.555527 -0.114772 -0.993212 0.0189173 0.00209598 1.82234 15.4338</i>
                        <i>0.55783 -0.0531729 0.82825 -0.820483 0.115011 0.559982 -0.125034 -0.99194 0.0205291 0.00209598 1.82234 16.4338</i>
                        <i>0.561831 -0.0582335 0.8252 -0.816117 0.124098 0.564404 -0.135273 -0.99056 0.0221965 0.00209598 1.82234 17.4338</i>
                        <i>0.563626 -0.0605484 0.823808 -0.814094 0.128214 0.566403 -0.139919 -0.989896 0.0229727 0.00209598 1.82234 18.4338</i>
                    </KeyFrames>
                </p>
            </i>
            <i>
                <p>
                    <Name><![CDATA[ponytail_2]]></Name>
                    <Exclude>0</Exclude>
                    <Additive>0</Additive>
                    <IKPriority>0</IKPriority>
                    <IKRotLimits>-1e+010 -1e+010 -1e+010 1e+010 1e+010 1e+010</IKRotLimits>
                    <IKRotLimitOrder>0</IKRotLimitOrder>
                    <KeyFrames count="19">
                        <i>0.972527 -0.145047 -0.182078 -0.0547972 -0.902819 0.426515 -0.226248 -0.404819 -0.885964 0.0215401 2.33376 0.0532599</i>
                        <i>0.96546 -0.229018 -0.12425 -0.104654 -0.77757 0.620026 -0.23861 -0.585607 -0.77468 0.0172507 1.89497 1.1743</i>
                        <i>0.962849 -0.268483 0.0289608 -0.138038 -0.397169 0.907305 -0.232094 -0.877595 -0.419475 0.00867847 1.38789 2.1984</i>
                        <i>0.957405 -0.244267 0.153975 -0.213979 -0.242156 0.946347 -0.193876 -0.938986 -0.28411 0.0238204 1.34263 3.20692</i>
                        <i>0.942469 -0.192233 0.273494 -0.299434 -0.121689 0.946325 -0.148634 -0.973775 -0.172249 0.0385728 1.3339 4.22221</i>
                        <i>0.914406 -0.13063 0.383141 -0.391721 -0.0469158 0.918887 -0.102059 -0.990321 -0.0940705 0.0526312 1.35776 5.24288</i>
                        <i>0.872279 -0.075899 0.483082 -0.485586 -0.0177649 0.874009 -0.0577545 -0.996957 -0.0523515 0.0656784 1.40795 6.26702</i>
                        <i>0.818151 -0.0390711 0.573675 -0.574756 -0.0262916 0.817902 -0.0168735 -0.998891 -0.0439669 0.0775325 1.47656 7.2929</i>
                        <i>0.7566 -0.02405 0.653436 -0.653523 -0.060721 0.754467 0.0215323 -0.997865 -0.0616587 0.0881699 1.55484 8.31911</i>
                        <i>0.693789 -0.0277879 0.719642 -0.717727 -0.109051 0.687732 0.0593667 -0.993648 -0.0956023 0.097619 1.63395 9.34438</i>
                        <i>0.636474 -0.0421515 0.770145 -0.765038 -0.161453 0.623417 0.0980643 -0.98598 -0.135008 0.105816 1.70548 10.3677</i>
                        <i>0.591171 -0.0565988 0.804558 -0.794723 -0.21105 0.569098 0.137592 -0.975835 -0.169747 0.112514 1.7616 11.3884</i>
                        <i>0.563626 -0.0605484 0.823808 -0.806998 -0.253211 0.533515 0.176294 -0.965514 -0.191579 0.117285 1.79492 12.406</i>
                        <i>0.554504 -0.0490658 0.830733 -0.807398 -0.273526 0.522773 0.201577 -0.960612 -0.191287 0.118244 1.79772 13.4074</i>
                        <i>0.551886 -0.0458926 0.832656 -0.807399 -0.279211 0.519757 0.208634 -0.959132 -0.191146 0.118498 1.79851 14.4078</i>
                        <i>0.553759 -0.0481573 0.831283 -0.807403 -0.275151 0.521912 0.203594 -0.960194 -0.19125 0.118318 1.79795 15.4075</i>
                        <i>0.55783 -0.0531729 0.82825 -0.807325 -0.266214 0.526646 0.192489 -0.962446 -0.19143 0.117909 1.79671 16.4068</i>
                        <i>0.561831 -0.0582335 0.8252 -0.807127 -0.257275 0.53137 0.18136 -0.964582 -0.191547 0.117484 1.79548 17.4062</i>
                        <i>0.563626 -0.0605484 0.823808 -0.806998 -0.253211 0.533515 0.176294 -0.965514 -0.191579 0.117285 1.79492 18.406</i>
                    </KeyFrames>
                </p>
            </i>
            <i>
                <p>
                    <Name><![CDATA[ponytail_3]]></Name>
                    <Exclude>0</Exclude>
                    <Additive>0</Additive>
                    <IKPriority>0</IKPriority>
                    <IKRotLimits>-1e+010 -1e+010 -1e+010 1e+010 1e+010 1e+010</IKRotLimits>
                    <IKRotLimitOrder>0</IKRotLimitOrder>
                    <KeyFrames count="19">
                        <i>0.972527 -0.145047 -0.182078 -0.111206 -0.976614 0.184006 -0.20451 -0.158702 -0.965914 0.0250476 2.40452 0.0156229</i>
                        <i>0.96546 -0.229018 -0.12425 -0.162565 -0.902139 0.399647 -0.203617 -0.365644 -0.908209 0.024705 1.95499 1.12159</i>
                        <i>0.962849 -0.268483 0.0289608 -0.193145 -0.609749 0.768701 -0.188724 -0.745736 -0.638952 0.0188333 1.41629 2.12405</i>
                        <i>0.957405 -0.244267 0.153975 -0.256685 -0.475771 0.841282 -0.132241 -0.844971 -0.518205 0.0402098 1.35836 3.12998</i>
                        <i>0.942469 -0.192233 0.273494 -0.327609 -0.368323 0.870063 -0.066521 -0.909607 -0.410111 0.0619865 1.33985 4.14571</i>
                        <i>0.914406 -0.13063 0.383141 -0.404792 -0.300332 0.863681 0.00224669 -0.944847 -0.327503 0.0836219 1.35765 5.16888</i>
                        <i>0.872279 -0.075899 0.483082 -0.484083 -0.273873 0.831058 0.0692265 -0.958766 -0.275635 0.104364 1.40548 6.19678</i>
                        <i>0.818151 -0.0390711 0.573675 -0.55972 -0.28261 0.779002 0.13169 -0.958439 -0.253086 0.123523 1.47477 7.22719</i>
                        <i>0.7566 -0.02405 0.653436 -0.625943 -0.315614 0.71315 0.189082 -0.948583 -0.253847 0.140622 1.55581 8.25841</i>
                        <i>0.693789 -0.0277879 0.719642 -0.67824 -0.361228 0.639926 0.242173 -0.932063 -0.269463 0.155363 1.63881 9.28889</i>
                        <i>0.636474 -0.0421515 0.770145 -0.713991 -0.409889 0.567633 0.291748 -0.911161 -0.29098 0.167503 1.71456 10.3172</i>
                        <i>0.591171 -0.0565988 0.804558 -0.732497 -0.455202 0.506201 0.337586 -0.888588 -0.310561 0.176734 1.7747 11.3421</i>
                        <i>0.563626 -0.0605484 0.823808 -0.734393 -0.493284 0.466195 0.378144 -0.867759 -0.322494 0.182639 1.81144 12.3625</i>
                        <i>0.554504 -0.0490658 0.830733 -0.728269 -0.511651 0.455891 0.402677 -0.857791 -0.319446 0.18373 1.81589 13.3647</i>
                        <i>0.551886 -0.0458926 0.832656 -0.726453 -0.516764 0.453013 0.409496 -0.854897 -0.318533 0.184011 1.81714 14.3654</i>
                        <i>0.553759 -0.0481573 0.831283 -0.727755 -0.513113 0.455068 0.404628 -0.856969 -0.319188 0.183811 1.81625 15.3649</i>
                        <i>0.55783 -0.0531729 0.82825 -0.730539 -0.505058 0.459596 0.393877 -0.861446 -0.320581 0.183353 1.81428 16.3639</i>
                        <i>0.561831 -0.0582335 0.8252 -0.733213 -0.496971 0.464132 0.383072 -0.865811 -0.321911 0.182868 1.81232 17.3629</i>
                        <i>0.563626 -0.0605484 0.823808 -0.734393 -0.493284 0.466195 0.378144 -0.867759 -0.322494 0.182639 1.81144 18.3625</i>
                    </KeyFrames>
                </p>
            </i>
            <i>
                <p>
                    <Name><![CDATA[l_clav]]></Name>
                    <Exclude>0</Exclude>
                    <Additive>0</Additive>
                    <IKPriority>0</IKPriority>
                    <IKRotLimits>-1e+010 -1e+010 -1e+010 1e+010 1e+010 1e+010</IKRotLimits>
                    <IKRotLimitOrder>0</IKRotLimitOrder>
                    <KeyFrames count="19">
                        <i>0.816363 0.56402 -0.12423 -0.489199 0.789639 0.370344 0.306978 -0.241562 0.92055 0.157858 1.83069 0.00667455</i>
                        <i>0.812593 0.582764 0.00881531 -0.479021 0.659168 0.579687 0.33201 -0.475273 0.814791 0.117911 1.49177 1.11649</i>
                        <i>0.808988 0.567698 0.152506 -0.4659 0.461035 0.755238 0.358436 -0.68203 0.637462 0.0765584 1.1405 2.2186</i>
                        <i>0.815752 0.552087 0.172476 -0.463365 0.445306 0.766156 0.34618 -0.704913 0.619078 0.0749808 1.1272 3.23975</i>
                        <i>0.836338 0.513347 0.192387 -0.455305 0.454961 0.765315 0.305344 -0.727657 0.614231 0.075805 1.137 4.2583</i>
                        <i>0.865251 0.454597 0.211382 -0.439354 0.484492 0.756462 0.241473 -0.747401 0.618936 0.0783176 1.16496 5.27466</i>
                        <i>0.89644 0.379141 0.229449 -0.413058 0.527252 0.742555 0.160556 -0.760432 0.629257 0.0817346 1.2063 6.28913</i>
                        <i>0.924089 0.291694 0.246929 -0.375776 0.575733 0.72617 0.0696542 -0.763836 0.64164 0.0853883 1.25628 7.30196</i>
                        <i>0.943757 0.199021 0.264034 -0.329831 0.62255 0.709678 -0.0231331 -0.75685 0.653179 0.0888596 1.31022 8.31338</i>
                        <i>0.953585 0.109783 0.2804 -0.280615 0.661759 0.69522 -0.109233 -0.741635 0.66185 0.0920378 1.36332 9.32365</i>
                        <i>0.954944 0.0336712 0.294869 -0.235703 0.689793 0.684565 -0.180348 -0.723223 0.666651 0.0951011 1.41058 10.3331</i>
                        <i>0.951946 -0.0196603 0.305634 -0.203449 0.705341 0.679045 -0.228927 -0.708595 0.667447 0.0984196 1.44685 11.3421</i>
                        <i>0.949588 -0.0412076 0.310781 -0.191738 0.707962 0.679725 -0.248031 -0.705047 0.664371 0.1024 1.46685 12.351</i>
                        <i>0.949588 -0.0412076 0.310781 -0.191738 0.707962 0.679725 -0.248031 -0.705047 0.664371 0.1024 1.46685 13.351</i>
                        <i>0.949588 -0.0412076 0.310781 -0.191738 0.707962 0.679725 -0.248031 -0.705047 0.664371 0.1024 1.46685 14.351</i>
                        <i>0.949588 -0.0412076 0.310781 -0.191738 0.707962 0.679725 -0.248031 -0.705047 0.664371 0.1024 1.46685 15.351</i>
                        <i>0.949588 -0.0412076 0.310781 -0.191738 0.707962 0.679725 -0.248031 -0.705047 0.664371 0.1024 1.46685 16.351</i>
                        <i>0.949588 -0.0412076 0.310781 -0.191738 0.707962 0.679725 -0.248031 -0.705047 0.664371 0.1024 1.46685 17.351</i>
                        <i>0.949588 -0.0412076 0.310781 -0.191738 0.707962 0.679725 -0.248031 -0.705047 0.664371 0.1024 1.46685 18.351</i>
                    </KeyFrames>
                </p>
            </i>
            <i>
                <p>
                    <Name><![CDATA[l_shoulder]]></Name>
                    <Exclude>0</Exclude>
                    <Additive>0</Additive>
                    <IKPriority>0</IKPriority>
                    <IKRotLimits>-1e+010 -1e+010 -1e+010 1e+010 1e+010 1e+010</IKRotLimits>
                    <IKRotLimitOrder>0</IKRotLimitOrder>
                    <KeyFrames count="19">
                        <i>0.428284 -0.901962 -0.0551171 0.890079 0.41054 0.198029 -0.155987 -0.133871 0.978645 0.33697 1.95443 -0.0205817</i>
                        <i>0.426743 -0.851682 -0.304186 0.895095 0.3497 0.276613 -0.129212 -0.390318 0.911568 0.296196 1.61963 1.11842</i>
                        <i>0.422821 -0.724458 -0.544411 0.900648 0.269466 0.340912 -0.100276 -0.634467 0.766418 0.254051 1.26505 2.25206</i>
                        <i>0.423615 -0.708178 -0.564831 0.899183 0.253276 0.35682 -0.109634 -0.659041 0.744074 0.253189 1.24781 3.27743</i>
                        <i>0.423193 -0.702823 -0.571793 0.894811 0.225157 0.38551 -0.142202 -0.674792 0.724178 0.256418 1.24786 4.29985</i>
                        <i>0.420834 -0.707592 -0.567638 0.886545 0.188239 0.422615 -0.192187 -0.681088 0.70653 0.26212 1.26153 5.31956</i>
                        <i>0.415497 -0.72105 -0.554481 0.873564 0.146452 0.464154 -0.253473 -0.677229 0.690733 0.268559 1.28531 6.33695</i>
                        <i>0.406498 -0.740831 -0.534723 0.85588 0.103955 0.506618 -0.319732 -0.663598 0.67632 0.274254 1.3159 7.35243</i>
                        <i>0.394084 -0.763704 -0.511326 0.834664 0.0644829 0.546972 -0.384753 -0.642338 0.662847 0.278309 1.35018 8.36638</i>
                        <i>0.37978 -0.785951 -0.487901 0.812176 0.0307874 0.5826 -0.442874 -0.617522 0.650023 0.280612 1.38503 9.3791</i>
                        <i>0.366354 -0.803869 -0.468593 0.791449 0.00440031 0.611219 -0.489279 -0.59479 0.637834 0.281852 1.41717 10.3907</i>
                        <i>0.357379 -0.81405 -0.457825 0.775846 -0.0141366 0.630763 -0.519945 -0.580623 0.626525 0.283305 1.44304 11.4014</i>
                        <i>0.356442 -0.813292 -0.459897 0.768663 -0.0245589 0.639182 -0.531136 -0.581337 0.616394 0.286385 1.45886 12.4113</i>
                        <i>0.356442 -0.813292 -0.459897 0.768663 -0.0245589 0.639182 -0.531136 -0.581337 0.616394 0.286385 1.45886 13.4113</i>
                        <i>0.356442 -0.813292 -0.459897 0.768663 -0.0245589 0.639182 -0.531136 -0.581337 0.616394 0.286385 1.45886 14.4113</i>
                        <i>0.356442 -0.813292 -0.459897 0.768663 -0.0245589 0.639182 -0.531136 -0.581337 0.616394 0.286385 1.45886 15.4113</i>
                        <i>0.356442 -0.813292 -0.459897 0.768663 -0.0245589 0.639182 -0.531136 -0.581337 0.616394 0.286385 1.45886 16.4112</i>
                        <i>0.356442 -0.813292 -0.459897 0.768663 -0.0245589 0.639182 -0.531136 -0.581337 0.616394 0.286385 1.45886 17.4112</i>
                        <i>0.356442 -0.813292 -0.459897 0.768663 -0.0245589 0.639182 -0.531136 -0.581337 0.616394 0.286385 1.45886 18.4112</i>
                    </KeyFrames>
                </p>
            </i>
            <i>
                <p>
                    <Name><![CDATA[l_elbow]]></Name>
                    <Exclude>0</Exclude>
                    <Additive>0</Additive>
                    <IKPriority>0</IKPriority>
                    <IKRotLimits>-1e+010 -1e+010 -1e+010 1e+010 1e+010 1e+010</IKRotLimits>
                    <IKRotLimitOrder>0</IKRotLimitOrder>
                    <KeyFrames count="19">
                        <i>-0.0671284 -0.31667 0.946157 0.889659 0.410282 0.200438 -0.451664 0.855213 0.254187 0.47628 1.66105 -0.03851</i>
                        <i>-0.0412485 -0.557246 0.829322 0.89474 0.348808 0.278877 -0.444678 0.753532 0.484202 0.435005 1.3426 1.01947</i>
                        <i>-0.0137416 -0.769986 0.637913 0.900365 0.267964 0.342838 -0.434918 0.579066 0.689586 0.391585 1.0294 2.07497</i>
                        <i>-0.0252283 -0.787474 0.615831 0.898877 0.251713 0.358693 -0.437474 0.562606 0.701492 0.390981 1.01746 3.0937</i>
                        <i>-0.063968 -0.793239 0.60554 0.894425 0.223554 0.387334 -0.442619 0.566388 0.695193 0.394072 1.01925 4.11386</i>
                        <i>-0.123338 -0.787532 0.603805 0.886038 0.18662 0.424394 -0.446906 0.587338 0.674766 0.399008 1.03137 5.13492</i>
                        <i>-0.196229 -0.770046 0.607062 0.872906 0.144843 0.465892 -0.446687 0.621329 0.643755 0.40371 1.05077 6.15659</i>
                        <i>-0.275011 -0.741537 0.611957 0.855061 0.10238 0.508319 -0.43959 0.663055 0.605904 0.406479 1.07493 7.17849</i>
                        <i>-0.351977 -0.704957 0.61575 0.833686 0.0629616 0.548638 -0.425535 0.70645 0.565551 0.406496 1.10176 8.20006</i>
                        <i>-0.420079 -0.665838 0.616598 0.811057 0.0293281 0.584231 -0.407087 0.74552 0.527712 0.404146 1.12937 9.2204</i>
                        <i>-0.473463 -0.631914 0.613611 0.790217 0.00299773 0.612819 -0.389088 0.775033 0.49793 0.401018 1.15569 10.2383</i>
                        <i>-0.507434 -0.612058 0.606544 0.77454 -0.0155038 0.632335 -0.377622 0.790661 0.481931 0.399552 1.17824 11.2525</i>
                        <i>-0.517622 -0.614834 0.595019 0.76733 -0.0259278 0.640728 -0.378514 0.78823 0.485201 0.402328 1.19432 12.2617</i>
                        <i>-0.517622 -0.614834 0.595019 0.76733 -0.0259278 0.640728 -0.378514 0.78823 0.485201 0.402328 1.19432 13.2617</i>
                        <i>-0.517622 -0.614834 0.595019 0.76733 -0.0259278 0.640728 -0.378514 0.78823 0.485201 0.402328 1.19432 14.2617</i>
                        <i>-0.517622 -0.614834 0.595019 0.76733 -0.0259278 0.640728 -0.378514 0.78823 0.485201 0.402328 1.19432 15.2617</i>
                        <i>-0.517622 -0.614834 0.595019 0.76733 -0.0259278 0.640728 -0.378514 0.78823 0.485201 0.402328 1.19432 16.2617</i>
                        <i>-0.517622 -0.614834 0.595019 0.76733 -0.0259278 0.640728 -0.378514 0.78823 0.485201 0.402328 1.19432 17.2617</i>
                        <i>-0.517622 -0.614834 0.595019 0.76733 -0.0259278 0.640728 -0.378514 0.78823 0.485201 0.402328 1.19432 18.2617</i>
                    </KeyFrames>
                </p>
            </i>
            <i>
                <p>
                    <Name><![CDATA[l_forearm]]></Name>
                    <Exclude>0</Exclude>
                    <Additive>0</Additive>
                    <IKPriority>0</IKPriority>
                    <IKRotLimits>-1e+010 -1e+010 -1e+010 1e+010 1e+010 1e+010</IKRotLimits>
                    <IKRotLimitOrder>0</IKRotLimitOrder>
                    <KeyFrames count="19">
                        <i>-0.0671277 -0.31667 0.946158 0.9971 -0.055355 0.0522152 0.0358395 0.946919 0.319468 0.465363 1.60954 0.115372</i>
                        <i>-0.0412478 -0.557246 0.829323 0.998161 -0.0598776 0.00941186 0.044413 0.828186 0.558691 0.428297 1.25197 1.15435</i>
                        <i>-0.0137408 -0.769985 0.637913 0.998354 -0.046088 -0.0341251 0.055676 0.636395 0.769352 0.389351 0.904173 2.17872</i>
                        <i>-0.0252276 -0.787474 0.615831 0.998366 -0.0514393 -0.0248782 0.051269 0.614197 0.787485 0.386878 0.889384 3.19386</i>
