<?xml version="1.0" encoding="ISO-8859-1" ?>
<Animl Version="1">
    <ModellingPackage><![CDATA[Maya.2010]]></ModellingPackage>
    <SrcFile><![CDATA[anims\characters\shared\commando\~src\commando_land_forward.mb]]></SrcFile>
    <FramesPerSecond>30</FramesPerSecond>
    <TotalFrames>19</TotalFrames>
    <Skeleton>
        <RefFrame>
            <Name><![CDATA[commando_ref_frame]]></Name>
            <Exclude>0</Exclude>
            <Additive>0</Additive>
            <IKPriority>0</IKPriority>
            <IKRotLimits>-1e+010 -1e+010 -1e+010 1e+010 1e+010 1e+010</IKRotLimits>
            <IKRotLimitOrder>0</IKRotLimitOrder>
            <KeyFrames count="19">
                <i>1 0 0 0 1 0 0 0 1 0.101653 0 -0.176406</i>
                <i>1 0 0 0 1 0 0 0 1 0.0654661 0 0.379574</i>
                <i>1 0 0 0 1 0 0 0 1 0.0272431 0 0.939815</i>
                <i>1 0 0 0 1 0 0 0 1 0.0244306 0 1.42941</i>
                <i>1 0 0 0 1 0 0 0 1 0.0238711 0 1.91452</i>
                <i>1 0 0 0 1 0 0 0 1 0.0251672 0 2.39594</i>
                <i>1 0 0 0 1 0 0 0 1 0.027921 0 2.87445</i>
                <i>1 0 0 0 1 0 0 0 1 0.0317352 0 3.35085</i>
                <i>1 0 0 0 1 0 0 0 1 0.036212 0 3.82592</i>
                <i>1 0 0 0 1 0 0 0 1 0.0409539 0 4.30047</i>
                <i>1 0 0 0 1 0 0 0 1 0.0455633 0 4.77529</i>
                <i>1 0 0 0 1 0 0 0 1 0.0496425 0 5.25116</i>
                <i>1 0 0 0 1 0 0 0 1 0.052794 0 5.72887</i>
                <i>1 0 0 0 1 0 0 0 1 0.052794 0 6.21246</i>
                <i>1 0 0 0 1 0 0 0 1 0.052794 0 6.69605</i>
                <i>1 0 0 0 1 0 0 0 1 0.052794 0 7.17963</i>
                <i>1 0 0 0 1 0 0 0 1 0.052794 0 7.66322</i>
                <i>1 0 0 0 1 0 0 0 1 0.052794 0 8.14681</i>
                <i>1 0 0 0 1 0 0 0 1 0.052794 0 8.6304</i>
            </KeyFrames>
        </RefFrame>
        <Bones count="28">
            <i>
                <p>
                    <Name><![CDATA[pelvis]]></Name>
                    <Exclude>0</Exclude>
                    <Additive>0</Additive>
                    <IKPriority>0</IKPriority>
                    <IKRotLimits>-1e+010 -1e+010 -1e+010 1e+010 1e+010 1e+010</IKRotLimits>
                    <IKRotLimitOrder>2</IKRotLimitOrder>
                    <KeyFrames count="19">
                        <i>1 0 0 0 1 0 0 0 1 0.102546 1.31613 -0.202753</i>
                        <i>1 0 0 0 1 0 0 0 1 0.0663903 1.07649 0.354064</i>
                        <i>1 0 0 0 1 0 0 0 1 0.0281846 0.829423 0.915641</i>
                        <i>1 0 0 0 1 0 0 0 1 0.0256072 0.82325 1.40601</i>
                        <i>1 0 0 0 1 0 0 0 1 0.0258038 0.832186 1.89267</i>
                        <i>1 0 0 0 1 0 0 0 1 0.0283544 0.853546 2.37622</i>
                        <i>1 0 0 0 1 0 0 0 1 0.0328405 0.884664 2.85726</i>
                        <i>1 0 0 0 1 0 0 0 1 0.038828 0.922884 3.33638</i>
                        <i>1 0 0 0 1 0 0 0 1 0.0458552 0.965544 3.81419</i>
                        <i>1 0 0 0 1 0 0 0 1 0.0534261 1.00998 4.29135</i>
                        <i>1 0 0 0 1 0 0 0 1 0.0610094 1.05351 4.76851</i>
                        <i>1 0 0 0 1 0 0 0 1 0.0680406 1.09345 5.24637</i>
                        <i>1 0 0 0 1 0 0 0 1 0.0739294 1.1271 5.72567</i>
                        <i>1 0 0 0 1 0 0 0 1 0.0739294 1.1271 6.20926</i>
                        <i>1 0 0 0 1 0 0 0 1 0.0739294 1.1271 6.69285</i>
                        <i>1 0 0 0 1 0 0 0 1 0.0739294 1.1271 7.17644</i>
                        <i>1 0 0 0 1 0 0 0 1 0.0739294 1.1271 7.66002</i>
                        <i>1 0 0 0 1 0 0 0 1 0.0739294 1.1271 8.14361</i>
                        <i>1 0 0 0 1 0 0 0 1 0.0739294 1.1271 8.6272</i>
                    </KeyFrames>
                </p>
            </i>
            <i>
                <p>
                    <Name><![CDATA[spine0]]></Name>
                    <Exclude>0</Exclude>
                    <Additive>0</Additive>
                    <IKPriority>0</IKPriority>
                    <IKRotLimits>-1e+010 -1e+010 -1e+010 1e+010 1e+010 1e+010</IKRotLimits>
                    <IKRotLimitOrder>0</IKRotLimitOrder>
                    <KeyFrames count="19">
                        <i>-0.0421832 0.94045 0.337303 -0.916211 0.0982329 -0.388469 -0.39847 -0.325428 0.857507 0.132693 1.45592 -0.21846</i>
                        <i>-0.0544173 0.904879 0.422175 -0.92218 0.116593 -0.368769 -0.382914 -0.409389 0.828117 0.105392 1.2125 0.328068</i>
                        <i>-0.0900553 0.830597 0.549544 -0.932315 0.123748 -0.339817 -0.350256 -0.54295 0.763234 0.0749158 0.960433 0.878913</i>
                        <i>-0.0778724 0.826954 0.556851 -0.932916 0.136525 -0.333211 -0.351574 -0.545443 0.760847 0.0720906 0.954307 1.36913</i>
                        <i>-0.0591328 0.831721 0.552036 -0.933412 0.149983 -0.325956 -0.3539 -0.534552 0.767469 0.0705754 0.963923 1.8561</i>
                        <i>-0.0372444 0.841905 0.538338 -0.934264 0.161841 -0.317738 -0.354631 -0.514784 0.780535 0.0702029 0.986448 2.34042</i>
                        <i>-0.0158655 0.85423 0.519652 -0.936062 0.170003 -0.308038 -0.351478 -0.491314 0.796915 0.0707598 1.01906 2.82268</i>
                        <i>0.00215504 0.866074 0.499911 -0.939185 0.173425 -0.296403 -0.343404 -0.468871 0.813778 0.0720104 1.05895 3.30349</i>
                        <i>0.0154593 0.875883 0.482276 -0.943652 0.172249 -0.28258 -0.330578 -0.450732 0.829192 0.0737124 1.10328 3.78341</i>
                        <i>0.0242077 0.883073 0.468611 -0.949152 0.167479 -0.266573 -0.313885 -0.43833 0.842225 0.0756257 1.14926 4.26303</i>
                        <i>0.0295702 0.88768 0.45951 -0.955185 0.160551 -0.248685 -0.294527 -0.431563 0.852647 0.0775101 1.1941 4.74289</i>
                        <i>0.0330537 0.890024 0.454713 -0.961203 0.152969 -0.22954 -0.273853 -0.429485 0.860551 0.0791161 1.23505 5.22352</i>
                        <i>0.0359828 0.890458 0.45364 -0.966711 0.146084 -0.210071 -0.253329 -0.430979 0.866072 0.0801719 1.26939 5.70543</i>
                        <i>0.0359828 0.890458 0.45364 -0.966711 0.146084 -0.210071 -0.253329 -0.430979 0.866072 0.0801719 1.26939 6.18902</i>
                        <i>0.0359828 0.890458 0.45364 -0.966711 0.146084 -0.210071 -0.253329 -0.430979 0.866072 0.0801719 1.26939 6.6726</i>
                        <i>0.0359828 0.890458 0.45364 -0.966711 0.146084 -0.210071 -0.253329 -0.430979 0.866072 0.0801719 1.26939 7.15619</i>
                        <i>0.0359828 0.890458 0.45364 -0.966711 0.146084 -0.210071 -0.253329 -0.430979 0.866072 0.0801719 1.26939 7.63978</i>
                        <i>0.0359828 0.890458 0.45364 -0.966711 0.146084 -0.210071 -0.253329 -0.430979 0.866072 0.0801719 1.26939 8.12336</i>
                        <i>0.0359828 0.890458 0.45364 -0.966711 0.146084 -0.210071 -0.253329 -0.430979 0.866072 0.0801719 1.26939 8.60695</i>
                    </KeyFrames>
                </p>
            </i>
            <i>
                <p>
                    <Name><![CDATA[spine1]]></Name>
                    <Exclude>0</Exclude>
                    <Additive>0</Additive>
                    <IKPriority>0</IKPriority>
                    <IKRotLimits>-1e+010 -1e+010 -1e+010 1e+010 1e+010 1e+010</IKRotLimits>
                    <IKRotLimitOrder>0</IKRotLimitOrder>
                    <KeyFrames count="19">
                        <i>-0.207113 0.834417 0.510736 -0.972645 -0.11949 -0.199209 -0.105196 -0.538024 0.83634 0.124782 1.63323 -0.154964</i>
                        <i>-0.28462 0.600272 0.747439 -0.958609 -0.184554 -0.216816 0.00779412 -0.778211 0.627954 0.0956964 1.37402 0.403382</i>
                        <i>-0.334563 0.285223 0.898173 -0.925501 -0.278992 -0.256145 0.177525 -0.916957 0.357315 0.0592246 1.10522 0.974688</i>
                        <i>-0.324947 0.285382 0.901647 -0.92927 -0.27346 -0.248348 0.17569 -0.918573 0.354057 0.0586153 1.09745 1.46551</i>
                        <i>-0.301603 0.308462 0.902157 -0.941761 -0.243993 -0.231418 0.148737 -0.919412 0.364086 0.0604203 1.10676 1.95091</i>
                        <i>-0.265613 0.350547 0.898091 -0.958628 -0.194959 -0.207419 0.102381 -0.916028 0.387828 0.0638504 1.12999 2.43221</i>
                        <i>-0.218227 0.407342 0.88682 -0.974861 -0.132881 -0.178855 0.0449866 -0.903557 0.4261 0.0680647 1.16395 2.91084</i>
                        <i>-0.161723 0.473608 0.86576 -0.986745 -0.0656653 -0.148401 -0.0134336 -0.878284 0.47795 0.0723708 1.2056 3.38815</i>
                        <i>-0.0997871 0.543223 0.833637 -0.992974 -0.000819595 -0.118326 -0.0635941 -0.839588 0.539488 0.0763355 1.25208 3.86535</i>
                        <i>-0.0371194 0.610009 0.791525 -0.994346 0.0563117 -0.0900291 -0.0994907 -0.790391 0.60447 0.0797742 1.3006 4.34334</i>
                        <i>0.0215871 0.66892 0.743021 -0.992596 0.103196 -0.0640663 -0.119532 -0.736137 0.666194 0.0826541 1.3484 4.82275</i>
                        <i>0.072722 0.716843 0.693432 -0.989376 0.139608 -0.0405628 -0.125886 -0.683115 0.719379 0.0849768 1.39262 5.30399</i>
                        <i>0.114284 0.752578 0.648511 -0.985818 0.166661 -0.0196787 -0.122891 -0.637064 0.760951 0.086687 1.43029 5.78734</i>
                        <i>0.114284 0.752578 0.648511 -0.985818 0.166661 -0.0196787 -0.122891 -0.637064 0.760951 0.086687 1.43029 6.27093</i>
                        <i>0.114284 0.752578 0.648511 -0.985818 0.166661 -0.0196787 -0.122891 -0.637064 0.760951 0.086687 1.43029 6.75451</i>
                        <i>0.114284 0.752578 0.648511 -0.985818 0.166661 -0.0196787 -0.122891 -0.637064 0.760951 0.086687 1.43029 7.2381</i>
                        <i>0.114284 0.752578 0.648511 -0.985818 0.166661 -0.0196787 -0.122891 -0.637064 0.760951 0.086687 1.43029 7.72169</i>
                        <i>0.114284 0.752578 0.648511 -0.985818 0.166661 -0.0196787 -0.122891 -0.637064 0.760951 0.086687 1.43029 8.20527</i>
                        <i>0.114284 0.752578 0.648511 -0.985818 0.166661 -0.0196787 -0.122891 -0.637064 0.760951 0.086687 1.43029 8.68886</i>
                    </KeyFrames>
                </p>
            </i>
            <i>
                <p>
                    <Name><![CDATA[spine2]]></Name>
                    <Exclude>0</Exclude>
                    <Additive>0</Additive>
                    <IKPriority>0</IKPriority>
                    <IKRotLimits>-1e+010 -1e+010 -1e+010 1e+010 1e+010 1e+010</IKRotLimits>
                    <IKRotLimitOrder>0</IKRotLimitOrder>
                    <KeyFrames count="19">
                        <i>-0.207197 0.785633 0.582966 -0.967669 -0.252191 -0.00406269 0.143827 -0.56496 0.812486 0.0890875 1.77782 -0.0660684</i>
                        <i>-0.225042 0.546594 0.806592 -0.955691 -0.285057 -0.0734697 0.189767 -0.787386 0.586525 0.0492963 1.47228 0.52616</i>
                        <i>-0.217833 0.283776 0.93382 -0.951079 -0.276498 -0.137835 0.219085 -0.918161 0.330124 0.00604586 1.1506 1.11854</i>
                        <i>-0.216382 0.298973 0.929405 -0.952409 -0.273986 -0.133601 0.214701 -0.914082 0.34403 0.00734198 1.14255 1.6089</i>
                        <i>-0.20568 0.331696 0.920692 -0.957372 -0.263179 -0.11906 0.202816 -0.905933 0.371687 0.0132145 1.15518 2.09326</i>
                        <i>-0.185617 0.378946 0.906613 -0.964976 -0.244369 -0.0954242 0.185388 -0.892571 0.411033 0.0225941 1.18466 2.5729</i>
                        <i>-0.156078 0.43782 0.885411 -0.973939 -0.21756 -0.0641041 0.164564 -0.872342 0.460367 0.0343682 1.22721 3.04905</i>
                        <i>-0.117639 0.504986 0.855073 -0.982746 -0.182958 -0.0271531 0.142731 -0.843513 0.517796 0.0474795 1.27911 3.52289</i>
                        <i>-0.0720146 0.576316 0.814048 -0.989855 -0.14152 0.0126239 0.12248 -0.80488 0.580661 0.0609948 1.33673 3.99554</i>
                        <i>-0.0221541 0.646986 0.76218 -0.994087 -0.0953208 0.0520193 0.106307 -0.756521 0.645272 0.0741369 1.39657 4.46809</i>
                        <i>0.0280896 0.712125 0.70149 -0.99498 -0.0475125 0.0880746 0.0960497 -0.700443 0.707216 0.0862913 1.4552 4.94158</i>
                        <i>0.0746695 0.767763 0.636368 -0.992927 -0.00182511 0.118709 0.0923018 -0.640731 0.762197 0.0969852 1.50924 5.41702</i>
                        <i>0.11418 0.811571 0.572988 -0.988987 0.0381833 0.142993 0.0941707 -0.583005 0.806993 0.105834 1.55529 5.89529</i>
                        <i>0.11418 0.811571 0.572988 -0.988987 0.0381833 0.142993 0.0941707 -0.583005 0.806993 0.105834 1.55529 6.37888</i>
                        <i>0.11418 0.811571 0.572988 -0.988987 0.0381833 0.142993 0.0941707 -0.583005 0.806993 0.105834 1.55529 6.86247</i>
                        <i>0.11418 0.811571 0.572988 -0.988987 0.0381833 0.142993 0.0941707 -0.583005 0.806993 0.105834 1.55529 7.34605</i>
                        <i>0.11418 0.811571 0.572988 -0.988987 0.0381833 0.142993 0.0941707 -0.583005 0.806993 0.105834 1.55529 7.82964</i>
                        <i>0.11418 0.811571 0.572988 -0.988987 0.0381833 0.142993 0.0941707 -0.583005 0.806993 0.105834 1.55529 8.31323</i>
                        <i>0.11418 0.811571 0.572988 -0.988987 0.0381833 0.142993 0.0941707 -0.583005 0.806993 0.105834 1.55529 8.79681</i>
                    </KeyFrames>
                </p>
            </i>
            <i>
                <p>
                    <Name><![CDATA[head]]></Name>
                    <Exclude>0</Exclude>
                    <Additive>0</Additive>
                    <IKPriority>0</IKPriority>
                    <IKRotLimits>-1e+010 -1e+010 -1e+010 1e+010 1e+010 1e+010</IKRotLimits>
                    <IKRotLimitOrder>0</IKRotLimitOrder>
                    <KeyFrames count="19">
                        <i>-0.0275354 0.560495 0.8277 0.0186359 0.828158 -0.560185 -0.999447 6.24112e-009 -0.033249 0.0390848 2.06378 0.0751159</i>
                        <i>-0.000608495 0.675667 0.737207 0.000557709 0.737207 -0.675666 -1 6.17078e-009 -0.000825334 0.0190325 1.63695 0.730026</i>
                        <i>0.0177456 0.911119 0.411761 -0.0392298 0.412144 -0.910274 -0.999073 -4.46655e-008 0.0430567 -0.00112133 1.18995 1.32581</i>
                        <i>0.0142711 0.950882 0.309224 -0.0438377 0.309553 -0.949871 -0.998937 -8.72065e-009 0.0461021 -0.000771279 1.18136 1.81332</i>
                        <i>0.0112873 0.973032 0.230392 -0.0476131 0.230669 -0.971867 -0.998802 -1.70775e-008 0.0489327 0.00432777 1.20082 2.2964</i>
                        <i>0.00922542 0.983722 0.179463 -0.0505024 0.1797 -0.982424 -0.998681 1.37493e-008 0.0513381 0.0135142 1.24356 2.77528</i>
                        <i>0.00813917 0.988245 0.152659 -0.0526144 0.152876 -0.986844 -0.998582 1.43545e-008 0.0532403 0.0262176 1.30478 3.24984</i>
                        <i>0.00781857 0.98974 0.142664 -0.0541604 0.142878 -0.988257 -0.998502 -3.10041e-009 0.0547219 0.041794 1.37956 3.71995</i>
                        <i>0.00795047 0.989866 0.141783 -0.0554196 0.142006 -0.988313 -0.998431 1.62931e-008 0.055987 0.0594095 1.46278 4.18576</i>
                        <i>0.00822864 0.989628 0.143416 -0.0566878 0.143652 -0.988003 -0.998358 1.90631e-009 0.0572819 0.0780061 1.54918 4.64793</i>
                        <i>0.00838986 0.989773 0.142406 -0.0582115 0.142653 -0.988059 -0.998269 1.13697e-009 0.058813 0.0963567 1.63351 5.10777</i>
                        <i>0.00819647 0.990839 0.134802 -0.0601355 0.135051 -0.989012 -0.998157 -5.8121e-009 0.0606915 0.113188 1.71062 5.56732</i>
                        <i>0.00739654 0.993066 0.117327 -0.0624807 0.11756 -0.991098 -0.998019 6.31426e-009 0.062917 0.127319 1.77565 6.0292</i>
                        <i>0.00739654 0.993066 0.117327 -0.0624807 0.11756 -0.991098 -0.998019 6.31426e-009 0.062917 0.127319 1.77565 6.51279</i>
                        <i>0.00739654 0.993066 0.117327 -0.0624807 0.11756 -0.991098 -0.998019 6.31426e-009 0.062917 0.127319 1.77565 6.99638</i>
                        <i>0.00739654 0.993066 0.117327 -0.0624807 0.11756 -0.991098 -0.998019 6.31426e-009 0.062917 0.127319 1.77565 7.47997</i>
                        <i>0.00739654 0.993066 0.117327 -0.0624807 0.11756 -0.991098 -0.998019 6.31426e-009 0.062917 0.127319 1.77565 7.96355</i>
                        <i>0.00739654 0.993066 0.117327 -0.0624807 0.11756 -0.991098 -0.998019 6.31426e-009 0.062917 0.127319 1.77565 8.44714</i>
                        <i>0.00739654 0.993066 0.117327 -0.0624807 0.11756 -0.991098 -0.998019 6.31426e-009 0.062917 0.127319 1.77565 8.93073</i>
                    </KeyFrames>
                </p>
            </i>
            <i>
                <p>
                    <Name><![CDATA[head_prop]]></Name>
                    <Exclude>0</Exclude>
                    <Additive>0</Additive>
                    <IKPriority>0</IKPriority>
                    <IKRotLimits>-1e+010 -1e+010 -1e+010 1e+010 1e+010 1e+010</IKRotLimits>
                    <IKRotLimitOrder>0</IKRotLimitOrder>
                    <KeyFrames count="19">
                        <i>0.999447 -6.24112e-009 0.033249 -0.0275354 0.560495 0.8277 -0.0186359 -0.828158 0.560185 0.006918 1.92118 0.260024</i>
                        <i>1 -6.17078e-009 0.000825334 -0.000608495 0.675667 0.737207 -0.000557709 -0.737207 0.675666 -0.00713749 1.52309 0.934747</i>
                        <i>0.999073 4.46655e-008 -0.0430567 0.0177456 0.911119 0.411761 0.0392298 -0.412144 0.910274 -0.0170652 1.16577 1.55973</i>
                        <i>0.998937 8.72065e-009 -0.0461021 0.0142711 0.950882 0.309224 0.0438377 -0.309553 0.949871 -0.0159446 1.18293 2.04853</i>
                        <i>0.998802 1.70775e-008 -0.0489327 0.0112873 0.973032 0.230392 0.0476131 -0.230669 0.971867 -0.0102237 1.22157 2.53074</i>
                        <i>0.998681 -1.37493e-008 -0.0513381 0.00922542 0.983722 0.179463 0.0505024 -0.1797 0.982424 -0.000544519 1.27643 3.00826</i>
                        <i>0.998582 -1.43545e-008 -0.0532403 0.00813917 0.988245 0.152659 0.0526144 -0.152876 0.986844 0.0125506 1.34394 3.48186</i>
                        <i>0.998502 3.10041e-009 -0.0547219 0.00781857 0.98974 0.142664 0.0541604 -0.142878 0.988257 0.0284489 1.42105 3.95159</i>
                        <i>0.998431 -1.62931e-008 -0.055987 0.00795047 0.989866 0.141783 0.0554196 -0.142006 0.988313 0.0463559 1.50447 4.41738</i>
                        <i>0.998358 -1.90631e-009 -0.0572819 0.00822864 0.989628 0.143416 0.0566878 -0.143652 0.988003 0.0652569 1.5905 4.87964</i>
                        <i>0.998269 -1.13697e-009 -0.058813 0.00838986 0.989773 0.142406 0.0582115 -0.142653 0.988059 0.0839603 1.67505 5.33946</i>
                        <i>0.998157 5.8121e-009 -0.0606915 0.00819647 0.990839 0.134802 0.0601355 -0.135051 0.989012 0.101208 1.75393 5.7987</i>
                        <i>0.998019 -6.31426e-009 -0.062917 0.00739654 0.993066 0.117327 0.0624807 -0.11756 0.991098 0.115804 1.82301 6.25982</i>
                        <i>0.998019 -6.31426e-009 -0.062917 0.00739654 0.993066 0.117327 0.0624807 -0.11756 0.991098 0.115804 1.82301 6.7434</i>
                        <i>0.998019 -6.31426e-009 -0.062917 0.00739654 0.993066 0.117327 0.0624807 -0.11756 0.991098 0.115804 1.82301 7.22699</i>
                        <i>0.998019 -6.31426e-009 -0.062917 0.00739654 0.993066 0.117327 0.0624807 -0.11756 0.991098 0.115804 1.82301 7.71058</i>
                        <i>0.998019 -6.31426e-009 -0.062917 0.00739654 0.993066 0.117327 0.0624807 -0.11756 0.991098 0.115804 1.82301 8.19417</i>
                        <i>0.998019 -6.31426e-009 -0.062917 0.00739654 0.993066 0.117327 0.0624807 -0.11756 0.991098 0.115804 1.82301 8.67775</i>
                        <i>0.998019 -6.31426e-009 -0.062917 0.00739654 0.993066 0.117327 0.0624807 -0.11756 0.991098 0.115804 1.82301 9.16134</i>
                    </KeyFrames>
                </p>
            </i>
            <i>
                <p>
                    <Name><![CDATA[ponytail_1]]></Name>
                    <Exclude>0</Exclude>
                    <Additive>0</Additive>
                    <IKPriority>0</IKPriority>
                    <IKRotLimits>-1e+010 -1e+010 -1e+010 1e+010 1e+010 1e+010</IKRotLimits>
                    <IKRotLimitOrder>0</IKRotLimitOrder>
                    <KeyFrames count="19">
                        <i>0.972527 -0.145047 -0.182078 0.0342493 -0.684494 0.728213 -0.230257 -0.714443 -0.660721 0.027805 2.26381 0.142443</i>
                        <i>0.966093 -0.174851 -0.18998 0.0577667 -0.570769 0.819076 -0.251651 -0.802278 -0.541315 0.00996637 1.84473 0.767677</i>
                        <i>0.960447 -0.235782 -0.148147 0.100476 -0.202741 0.974064 -0.259702 -0.950423 -0.171032 -0.012175 1.3958 1.27916</i>
                        <i>0.961215 -0.246072 -0.124554 0.104199 -0.094127 0.990092 -0.255358 -0.96467 -0.0648358 -0.0129966 1.3808 1.7444</i>
                        <i>0.961857 -0.251804 -0.106888 0.107218 -0.0124484 0.994158 -0.251664 -0.967698 0.0150244 -0.00888035 1.39391 2.21144</i>
                        <i>0.962274 -0.254571 -0.0960312 0.109576 0.0395358 0.993192 -0.249041 -0.966246 0.0659391 -0.000408626 1.43193 2.68043</i>
                        <i>0.962459 -0.255741 -0.0909323 0.111391 0.0666533 0.991539 -0.247516 -0.964445 0.0926381 0.0118433 1.49049 3.14993</i>
                        <i>0.962465 -0.256128 -0.0897768 0.112822 0.0767191 0.990649 -0.246845 -0.963593 0.102736 0.027169 1.56424 3.6182</i>
                        <i>0.962363 -0.256161 -0.090771 0.114073 0.0775958 0.990437 -0.246668 -0.963515 0.103896 0.0446465 1.64737 4.08386</i>
                        <i>0.96222 -0.256099 -0.0924442 0.115365 0.0759409 0.990416 -0.246624 -0.963663 0.102617 0.0631285 1.73394 4.54636</i>
                        <i>0.962092 -0.256137 -0.0936619 0.116879 0.0769451 0.990161 -0.24641 -0.963573 0.103965 0.0813123 1.81817 5.00604</i>
                        <i>0.962034 -0.256412 -0.0935086 0.118705 0.0845834 0.98932 -0.245765 -0.962859 0.111809 0.097866 1.89449 5.4642</i>
                        <i>0.962108 -0.256989 -0.091136 0.120807 0.102108 0.98741 -0.244448 -0.961005 0.129285 0.111564 1.95765 5.9229</i>
                        <i>0.962108 -0.256989 -0.091136 0.120807 0.102108 0.98741 -0.244448 -0.961005 0.129285 0.111564 1.95765 6.40649</i>
                        <i>0.962108 -0.256989 -0.091136 0.120807 0.102108 0.98741 -0.244448 -0.961005 0.129285 0.111564 1.95765 6.89008</i>
                        <i>0.962108 -0.256989 -0.091136 0.120807 0.102108 0.98741 -0.244448 -0.961005 0.129285 0.111564 1.95765 7.37366</i>
                        <i>0.962108 -0.256989 -0.091136 0.120807 0.102108 0.98741 -0.244448 -0.961005 0.129285 0.111564 1.95765 7.85725</i>
                        <i>0.962108 -0.256989 -0.091136 0.120807 0.102108 0.98741 -0.244448 -0.961005 0.129285 0.111564 1.95765 8.34084</i>
                        <i>0.962108 -0.256989 -0.091136 0.120807 0.102108 0.98741 -0.244448 -0.961005 0.129285 0.111564 1.95765 8.82442</i>
                    </KeyFrames>
                </p>
            </i>
            <i>
                <p>
                    <Name><![CDATA[ponytail_2]]></Name>
                    <Exclude>0</Exclude>
                    <Additive>0</Additive>
                    <IKPriority>0</IKPriority>
                    <IKRotLimits>-1e+010 -1e+010 -1e+010 1e+010 1e+010 1e+010</IKRotLimits>
                    <IKRotLimitOrder>0</IKRotLimitOrder>
                    <KeyFrames count="19">
                        <i>0.972527 -0.145047 -0.182078 -0.0547972 -0.902819 0.426515 -0.226248 -0.404819 -0.885964 0.0215401 2.33376 0.0532599</i>
                        <i>0.966093 -0.174851 -0.18998 -0.0410443 -0.830442 0.555592 -0.254913 -0.528956 -0.80946 0.000820845 1.90091 0.669465</i>
                        <i>0.960447 -0.235782 -0.148147 -0.00449201 -0.545069 0.838379 -0.278425 -0.804553 -0.524569 -0.026232 1.40884 1.16728</i>
                        <i>0.961215 -0.246072 -0.124554 0.000590702 -0.449772 0.893143 -0.275799 -0.858576 -0.432183 -0.0274292 1.38141 1.63181</i>
                        <i>0.961857 -0.251804 -0.106888 0.00477689 -0.375219 0.926924 -0.27351 -0.892079 -0.359705 -0.0236159 1.38526 2.09922</i>
                        <i>0.962274 -0.254571 -0.0960312 0.00794766 -0.3265 0.945164 -0.271965 -0.91027 -0.31216 -0.0153834 1.41742 2.56884</i>
                        <i>0.962459 -0.255741 -0.0909323 0.0102022 -0.300694 0.953666 -0.271235 -0.918792 -0.286797 -0.00332077 1.47293 3.03881</i>
                        <i>0.962465 -0.256128 -0.0897768 0.0117808 -0.291046 0.956636 -0.271151 -0.921787 -0.277104 0.0118501 1.54555 3.50728</i>
                        <i>0.962363 -0.256161 -0.090771 0.0130073 -0.290204 0.956876 -0.271456 -0.922043 -0.27595 0.029188 1.62858 3.97299</i>
                        <i>0.96222 -0.256099 -0.0924442 0.0142206 -0.291793 0.956376 -0.271902 -0.921558 -0.277128 0.0475245 1.71534 4.43547</i>
                        <i>0.962092 -0.256137 -0.0936619 0.0157047 -0.290829 0.956646 -0.272272 -0.921853 -0.275782 0.0655393 1.79945 4.89519</i>
                        <i>0.962034 -0.256412 -0.0935086 0.0176388 -0.283482 0.958815 -0.27236 -0.924062 -0.268197 0.0818933 1.87492 5.35353</i>
                        <i>0.962108 -0.256989 -0.091136 0.0200817 -0.266545 0.963613 -0.27193 -0.92893 -0.251285 0.0953677 1.93612 5.81263</i>
                        <i>0.962108 -0.256989 -0.091136 0.0200817 -0.266545 0.963613 -0.27193 -0.92893 -0.251285 0.0953677 1.93612 6.29622</i>
                        <i>0.962108 -0.256989 -0.091136 0.0200817 -0.266545 0.963613 -0.27193 -0.92893 -0.251285 0.0953677 1.93612 6.77981</i>
                        <i>0.962108 -0.256989 -0.091136 0.0200817 -0.266545 0.963613 -0.27193 -0.92893 -0.251285 0.0953677 1.93612 7.26339</i>
                        <i>0.962108 -0.256989 -0.091136 0.0200817 -0.266545 0.963613 -0.27193 -0.92893 -0.251285 0.0953677 1.93612 7.74698</i>
                        <i>0.962108 -0.256989 -0.091136 0.0200817 -0.266545 0.963613 -0.27193 -0.92893 -0.251285 0.0953677 1.93612 8.23057</i>
                        <i>0.962108 -0.256989 -0.091136 0.0200817 -0.266545 0.963613 -0.27193 -0.92893 -0.251285 0.0953677 1.93612 8.71415</i>
                    </KeyFrames>
                </p>
            </i>
            <i>
                <p>
                    <Name><![CDATA[ponytail_3]]></Name>
                    <Exclude>0</Exclude>
                    <Additive>0</Additive>
                    <IKPriority>0</IKPriority>
                    <IKRotLimits>-1e+010 -1e+010 -1e+010 1e+010 1e+010 1e+010</IKRotLimits>
                    <IKRotLimitOrder>0</IKRotLimitOrder>
                    <KeyFrames count="19">
                        <i>0.972527 -0.145047 -0.182078 -0.111206 -0.976614 0.184006 -0.20451 -0.158702 -0.965914 0.0250476 2.40452 0.0156229</i>
                        <i>0.966093 -0.174851 -0.18998 -0.105298 -0.938641 0.32843 -0.235749 -0.297289 -0.925225 0.00311436 1.96539 0.621783</i>
                        <i>0.960447 -0.235782 -0.148147 -0.0760323 -0.733855 0.675038 -0.26788 -0.637075 -0.722756 -0.0269593 1.44938 1.09805</i>
                        <i>0.961215 -0.246072 -0.124554 -0.0704447 -0.655681 0.751744 -0.266651 -0.713814 -0.647585 -0.0285536 1.4141 1.55855</i>
                        <i>0.961857 -0.251804 -0.106888 -0.0658103 -0.592269 0.803048 -0.265517 -0.765384 -0.58625 -0.0250667 1.41184 2.02354</i>
                        <i>0.962274 -0.254571 -0.0960312 -0.0623487 -0.549877 0.832916 -0.264841 -0.795506 -0.545004 -0.0170823 1.44003 2.49189</i>
                        <i>0.962459 -0.255741 -0.0909323 -0.0599821 -0.527135 0.847662 -0.264716 -0.810386 -0.522686 -0.00519745 1.49344 2.96127</i>
                        <i>0.962465 -0.256128 -0.0897768 -0.0584351 -0.518583 0.853028 -0.265041 -0.815763 -0.514085 0.00984725 1.56528 3.42954</i>
                        <i>0.962363 -0.256161 -0.090771 -0.0573286 -0.517836 0.853557 -0.265652 -0.816228 -0.513031 0.0270857 1.64824 3.89523</i>
                        <i>0.96222 -0.256099 -0.0924442 -0.0562709 -0.519247 0.85277 -0.266395 -0.81535 -0.51404 0.0453232 1.73513 4.35775</i>
                        <i>0.962092 -0.256137 -0.0936619 -0.0549321 -0.518391 0.853378 -0.267135 -0.815883 -0.51281 0.0632177 1.81916 4.81746</i>
                        <i>0.962034 -0.256412 -0.0935086 -0.0530861 -0.511861 0.857427 -0.267718 -0.819909 -0.506039 0.0794164 1.89402 5.27566</i>
                        <i>0.962108 -0.256989 -0.091136 -0.0506147 -0.496748 0.866418 -0.267931 -0.828974 -0.490932 0.0926967 1.95385 5.73444</i>
                        <i>0.962108 -0.256989 -0.091136 -0.0506147 -0.496748 0.866418 -0.267931 -0.828974 -0.490932 0.0926967 1.95385 6.21802</i>
                        <i>0.962108 -0.256989 -0.091136 -0.0506147 -0.496748 0.866418 -0.267931 -0.828974 -0.490932 0.0926967 1.95385 6.70161</i>
                        <i>0.962108 -0.256989 -0.091136 -0.0506147 -0.496748 0.866418 -0.267931 -0.828974 -0.490932 0.0926967 1.95385 7.1852</i>
                        <i>0.962108 -0.256989 -0.091136 -0.0506147 -0.496748 0.866418 -0.267931 -0.828974 -0.490932 0.0926967 1.95385 7.66878</i>
                        <i>0.962108 -0.256989 -0.091136 -0.0506147 -0.496748 0.866418 -0.267931 -0.828974 -0.490932 0.0926967 1.95385 8.15237</i>
                        <i>0.962108 -0.256989 -0.091136 -0.0506147 -0.496748 0.866418 -0.267931 -0.828974 -0.490932 0.0926967 1.95385 8.63596</i>
                    </KeyFrames>
                </p>
            </i>
            <i>
                <p>
                    <Name><![CDATA[l_clav]]></Name>
                    <Exclude>1</Exclude>
                    <Additive>0</Additive>
                    <IKPriority>0</IKPriority>
                    <IKRotLimits>-1e+010 -1e+010 -1e+010 1e+010 1e+010 1e+010</IKRotLimits>
                    <IKRotLimitOrder>0</IKRotLimitOrder>
                    <KeyFrames count="19">
                        <i>0.816363 0.56402 -0.12423 -0.489199 0.789639 0.370344 0.306978 -0.241562 0.92055 0.157858 1.83069 0.00667455</i>
                        <i>0.812581 0.582674 0.0142411 -0.477591 0.651632 0.589307 0.334094 -0.485661 0.807784 0.11744 1.49035 0.603247</i>
                        <i>0.808988 0.567698 0.152506 -0.4659 0.461035 0.755238 0.358436 -0.68203 0.637462 0.0765584 1.1405 1.18577</i>
                        <i>0.811808 0.566286 0.142434 -0.466508 0.482271 0.741475 0.351194 -0.668382 0.655689 0.0784216 1.13248 1.6764</i>
                        <i>0.82364 0.554985 0.116656 -0.454989 0.523876 0.720096 0.338529 -0.646177 0.683998 0.0852179 1.14599 2.16187</i>
                        <i>0.842093 0.533664 0.0779798 -0.431969 0.580803 0.689979 0.322926 -0.614712 0.719617 0.095951 1.17731 2.64315</i>
                        <i>0.864278 0.502144 0.0295839 -0.398412 0.647462 0.649662 0.30707 -0.573275 0.759647 0.109653 1.22275 3.12104</i>
                        <i>0.887196 0.460717 -0.0249629 -0.356032 0.71801 0.598082 0.29347 -0.521728 0.801046 0.125388 1.27864 3.59629</i>
                        <i>0.908163 0.410539 -0.0818338 -0.307444 0.786788 0.535204 0.284108 -0.460893 0.84075 0.142252 1.34134 4.06968</i>
                        <i>0.92519 0.353816 -0.13725 -0.256026 0.848873 0.462455 0.280132 -0.39272 0.875955 0.159377 1.40715 4.54211</i>
                        <i>0.937231 0.293757 -0.187896 -0.205529 0.900643 0.382884 0.281702 -0.320232 0.904486 0.175935 1.47234 5.01456</i>
                        <i>0.944237 0.234315 -0.231327 -0.159571 0.940184 0.300984 0.288015 -0.247288 0.925147 0.191144 1.53308 5.48816</i>
                        <i>0.947001 0.179791 -0.266205 -0.12119 0.967426 0.222262 0.297494 -0.178221 0.937941 0.204257 1.58547 5.96418</i>
                        <i>0.947001 0.179791 -0.266205 -0.12119 0.967426 0.222262 0.297494 -0.178221 0.937941 0.204257 1.58547 6.44777</i>
                        <i>0.947001 0.179791 -0.266205 -0.12119 0.967426 0.222262 0.297494 -0.178221 0.937941 0.204257 1.58547 6.93136</i>
                        <i>0.947001 0.179791 -0.266205 -0.12119 0.967426 0.222262 0.297494 -0.178221 0.937941 0.204257 1.58547 7.41494</i>
                        <i>0.947001 0.179791 -0.266205 -0.12119 0.967426 0.222262 0.297494 -0.178221 0.937941 0.204257 1.58547 7.89853</i>
                        <i>0.947001 0.179791 -0.266205 -0.12119 0.967426 0.222262 0.297494 -0.178221 0.937941 0.204257 1.58547 8.38212</i>
                        <i>0.947001 0.179791 -0.266205 -0.12119 0.967426 0.222262 0.297494 -0.178221 0.937941 0.204257 1.58547 8.86571</i>
                    </KeyFrames>
                </p>
            </i>
            <i>
                <p>
                    <Name><![CDATA[l_shoulder]]></Name>
                    <Exclude>1</Exclude>
                    <Additive>0</Additive>
                    <IKPriority>0</IKPriority>
                    <IKRotLimits>-1e+010 -1e+010 -1e+010 1e+010 1e+010 1e+010</IKRotLimits>
                    <IKRotLimitOrder>0</IKRotLimitOrder>
                    <KeyFrames count="19">
                        <i>0.428284 -0.901962 -0.0551171 0.890079 0.41054 0.198029 -0.155987 -0.133871 0.978645 0.33697 1.95443 -0.0205817</i>
                        <i>0.42602 -0.84767 -0.316168 0.895772 0.3462 0.278817 -0.126887 -0.401996 0.906807 0.295722 1.61819 0.606372</i>
                        <i>0.422821 -0.724458 -0.544411 0.900648 0.269466 0.340912 -0.100276 -0.634467 0.766418 0.254051 1.26505 1.21923</i>
                        <i>0.424408 -0.736925 -0.526136 0.899257 0.275079 0.340102 -0.105901 -0.617473 0.779431 0.256129 1.25644 1.70758</i>
                        <i>0.418278 -0.759151 -0.498732 0.901398 0.279269 0.330894 -0.111919 -0.587962 0.801109 0.26438 1.26672 2.18725</i>
                        <i>0.405483 -0.788242 -0.462881 0.906643 0.282238 0.313592 -0.116544 -0.546824 0.829097 0.277381 1.29229 2.65995</i>
                        <i>0.387447 -0.821103 -0.419134 0.914323 0.284117 0.288601 -0.117888 -0.495042 0.860835 0.293634 1.32964 3.12734</i>
                        <i>0.365952 -0.854676 -0.368249 0.92358 0.284912 0.256562 -0.114359 -0.433997 0.893627 0.311682 1.37538 3.59104</i>
                        <i>0.343025 -0.886194 -0.311439 0.933439 0.28453 0.218482 -0.105003 -0.365654 0.924809 0.330201 1.4263 4.05275</i>
                        <i>0.320735 -0.913437 -0.250524 0.942909 0.282865 0.175811 -0.0897277 -0.29261 0.952013 0.348077 1.47931 4.51411</i>
                        <i>0.300946 -0.934942 -0.187923 0.951113 0.279925 0.130481 -0.0693871 -0.218004 0.973478 0.364445 1.53142 4.97676</i>
                        <i>0.285074 -0.950115 -0.126545 0.957415 0.275961 0.0848638 -0.0457089 -0.145349 0.988324 0.378673 1.57961 5.44222</i>
                        <i>0.273933 -0.959232 -0.0695284 0.961517 0.271564 0.041679 -0.0210984 -0.07827 0.996709 0.390308 1.62079 5.91188</i>
                        <i>0.273933 -0.959232 -0.0695284 0.961517 0.271564 0.041679 -0.0210984 -0.07827 0.996709 0.390308 1.62079 6.39547</i>
                        <i>0.273933 -0.959232 -0.0695284 0.961517 0.271564 0.041679 -0.0210984 -0.07827 0.996709 0.390308 1.62079 6.87906</i>
                        <i>0.273933 -0.959232 -0.0695284 0.961517 0.271564 0.041679 -0.0210984 -0.07827 0.996709 0.390308 1.62079 7.36265</i>
                        <i>0.273933 -0.959232 -0.0695284 0.961517 0.271564 0.041679 -0.0210984 -0.07827 0.996709 0.390308 1.62079 7.84623</i>
                        <i>0.273933 -0.959232 -0.0695284 0.961517 0.271564 0.041679 -0.0210984 -0.07827 0.996709 0.390308 1.62079 8.32982</i>
                        <i>0.273933 -0.959232 -0.0695284 0.961517 0.271564 0.041679 -0.0210984 -0.07827 0.996709 0.390308 1.62079 8.81341</i>
                    </KeyFrames>
                </p>
            </i>
            <i>
                <p>
                    <Name><![CDATA[l_elbow]]></Name>
                    <Exclude>1</Exclude>
                    <Additive>0</Additive>
                    <IKPriority>0</IKPriority>
                    <IKRotLimits>-1e+010 -1e+010 -1e+010 1e+010 1e+010 1e+010</IKRotLimits>
                    <IKRotLimitOrder>0</IKRotLimitOrder>
                    <KeyFrames count="19">
                        <i>-0.0671284 -0.31667 0.946157 0.889659 0.410282 0.200438 -0.451664 0.855213 0.254187 0.47628 1.66105 -0.03851</i>
                        <i>-0.0391225 -0.567846 0.822204 0.895423 0.345279 0.28107 -0.443494 0.747217 0.494955 0.434296 1.34246 0.50353</i>
                        <i>-0.0137416 -0.769986 0.637913 0.900365 0.267964 0.342838 -0.434918 0.579066 0.689586 0.391585 1.0294 1.04215</i>
                        <i>-0.0197704 -0.754758 0.655705 0.89896 0.27362 0.342058 -0.437585 0.596215 0.673087 0.394179 1.01673 1.53644</i>
                        <i>-0.0292407 -0.727009 0.686005 0.901087 0.277883 0.332902 -0.432652 0.627884 0.646973 0.400436 1.01978 2.02502</i>
                        <i>-0.0397179 -0.687041 0.725532 0.906322 0.280956 0.315666 -0.420718 0.670103 0.611521 0.409275 1.03589 2.50939</i>
                        <i>-0.0485223 -0.63525 0.77078 0.914 0.282965 0.290748 -0.402802 0.718601 0.566889 0.419662 1.06255 2.991</i>
                        <i>-0.053228 -0.572606 0.818101 0.923268 0.283912 0.258786 -0.380451 0.769101 0.513557 0.430718 1.09737 3.47126</i>
                        <i>-0.0521037 -0.500929 0.863918 0.933151 0.2837 0.220778 -0.355688 0.81767 0.452661 0.441779 1.13804 3.95144</i>
                        <i>-0.0444309 -0.422971 0.905053 0.942661 0.282216 0.178169 -0.330781 0.861074 0.38618 0.452405 1.18219 4.43262</i>
                        <i>-0.03064 -0.342291 0.939094 0.950917 0.279461 0.132887 -0.307926 0.897072 0.316928 0.462336 1.22731 4.91564</i>
                        <i>-0.0122455 -0.262989 0.964721 0.957278 0.275676 0.0873019 -0.28891 0.924575 0.248377 0.471401 1.27056 5.40106</i>
                        <i>0.00840624 -0.189413 0.981862 0.961442 0.271444 0.0441334 -0.27488 0.943632 0.184391 0.479412 1.30878 5.88927</i>
                        <i>0.00840624 -0.189413 0.981862 0.961442 0.271444 0.0441334 -0.27488 0.943632 0.184391 0.479412 1.30878 6.37286</i>
                        <i>0.00840624 -0.189413 0.981862 0.961442 0.271444 0.0441334 -0.27488 0.943632 0.184391 0.479412 1.30878 6.85644</i>
                        <i>0.00840624 -0.189413 0.981862 0.961442 0.271444 0.0441334 -0.27488 0.943632 0.184391 0.479412 1.30878 7.34003</i>
                        <i>0.00840624 -0.189413 0.981862 0.961442 0.271444 0.0441334 -0.27488 0.943632 0.184391 0.479412 1.30878 7.82362</i>
                        <i>0.00840624 -0.189413 0.981862 0.961442 0.271444 0.0441334 -0.27488 0.943632 0.184391 0.479412 1.30878 8.3072</i>
                        <i>0.00840624 -0.189413 0.981862 0.961442 0.271444 0.0441334 -0.27488 0.943632 0.184391 0.479412 1.30878 8.79079</i>
                    </KeyFrames>
                </p>
            </i>
            <i>
                <p>
                    <Name><![CDATA[l_forearm]]></Name>
                    <Exclude>1</Exclude>
                    <Additive>0</Additive>
                    <IKPriority>0</IKPriority>
                    <IKRotLimits>-1e+010 -1e+010 -1e+010 1e+010 1e+010 1e+010</IKRotLimits>
                    <IKRotLimitOrder>0</IKRotLimitOrder>
                    <KeyFrames count="19">
                        <i>-0.0671277 -0.31667 0.946158 0.9971 -0.055355 0.0522152 0.0358395 0.946919 0.319468 0.465363 1.60954 0.115372</i>
                        <i>-0.0391218 -0.567846 0.822204 0.998185 -0.0599062 0.00612162 0.0457789 0.820952 0.569159 0.427933 1.2501 0.637252</i>
                        <i>-0.0137408 -0.769985 0.637913 0.998354 -0.046088 -0.0341251 0.055676 0.636395 0.769352 0.389351 0.904173 1.14589</i>
