<?xml version="1.0" encoding="ISO-8859-1" ?>
<Animl Version="1">
    <ModellingPackage><![CDATA[Maya.2010]]></ModellingPackage>
    <SrcFile><![CDATA[anims\characters\shared\commando\~src\commando_land.mb]]></SrcFile>
    <FramesPerSecond>30</FramesPerSecond>
    <TotalFrames>21</TotalFrames>
    <Skeleton>
        <RefFrame>
            <Name><![CDATA[commando_ref_frame]]></Name>
            <Exclude>0</Exclude>
            <Additive>0</Additive>
            <IKPriority>0</IKPriority>
            <IKRotLimits>-1e+010 -1e+010 -1e+010 1e+010 1e+010 1e+010</IKRotLimits>
            <IKRotLimitOrder>0</IKRotLimitOrder>
            <KeyFrames count="21">
                <i>1 0 0 0 1 0 0 0 1 0.10255 0 -0.20275</i>
                <i>1 0 0 0 1 0 0 0 1 0.103078 0 -0.182757</i>
                <i>1 0 0 0 1 0 0 0 1 0.103607 0 -0.162763</i>
                <i>1 0 0 0 1 0 0 0 1 0.104135 0 -0.14277</i>
                <i>1 0 0 0 1 0 0 0 1 0.104663 0 -0.122777</i>
                <i>1 0 0 0 1 0 0 0 1 0.105192 0 -0.102783</i>
                <i>1 0 0 0 1 0 0 0 1 0.10572 0 -0.08279</i>
                <i>1 0 0 0 1 0 0 0 1 0.106248 0 -0.0627967</i>
                <i>1 0 0 0 1 0 0 0 1 0.106777 0 -0.0428033</i>
                <i>1 0 0 0 1 0 0 0 1 0.107305 0 -0.02281</i>
                <i>1 0 0 0 1 0 0 0 1 0.107833 0 -0.00281667</i>
                <i>1 0 0 0 1 0 0 0 1 0.108362 0 0.0171767</i>
                <i>1 0 0 0 1 0 0 0 1 0.10889 0 0.03717</i>
                <i>1 0 0 0 1 0 0 0 1 0.10889 0 0.03717</i>
                <i>1 0 0 0 1 0 0 0 1 0.10889 0 0.03717</i>
                <i>1 0 0 0 1 0 0 0 1 0.10889 0 0.03717</i>
                <i>1 0 0 0 1 0 0 0 1 0.10889 0 0.03717</i>
                <i>1 0 0 0 1 0 0 0 1 0.10889 0 0.03717</i>
                <i>1 0 0 0 1 0 0 0 1 0.10889 0 0.03717</i>
                <i>1 0 0 0 1 0 0 0 1 0.10889 0 0.03717</i>
                <i>1 0 0 0 1 0 0 0 1 0.10889 0 0.03717</i>
            </KeyFrames>
        </RefFrame>
        <Bones count="28">
            <i>
                <p>
                    <Name><![CDATA[pelvis]]></Name>
                    <Exclude>0</Exclude>
                    <Additive>0</Additive>
                    <IKPriority>0</IKPriority>
                    <IKRotLimits>-1e+010 -1e+010 -1e+010 1e+010 1e+010 1e+010</IKRotLimits>
                    <IKRotLimitOrder>2</IKRotLimitOrder>
                    <KeyFrames count="21">
                        <i>1 0 0 0 1 0 0 0 1 0.102546 1.31613 -0.202753</i>
                        <i>1 0 0 0 1 0 0 0 1 0.0637083 1.07552 -0.178986</i>
                        <i>1 0 0 0 1 0 0 0 1 0.0281363 0.823155 -0.145395</i>
                        <i>1 0 0 0 1 0 0 0 1 0.0372479 0.812544 -0.12507</i>
                        <i>1 0 0 0 1 0 0 0 1 0.0504283 0.824044 -0.103748</i>
                        <i>1 0 0 0 1 0 0 0 1 0.0660423 0.852099 -0.0819324</i>
                        <i>1 0 0 0 1 0 0 0 1 0.0824567 0.891154 -0.0601305</i>
                        <i>1 0 0 0 1 0 0 0 1 0.0980401 0.935641 -0.0388845</i>
                        <i>1 0 0 0 1 0 0 0 1 0.111161 0.97997 -0.0187886</i>
                        <i>1 0 0 0 1 0 0 0 1 0.120185 1.01853 -0.000494742</i>
                        <i>1 0 0 0 1 0 0 0 1 0.126109 1.04568 0.0152937</i>
                        <i>1 0 0 0 1 0 0 0 1 0.130997 1.05577 0.0278409</i>
                        <i>1 0 0 0 1 0 0 0 1 0.134811 1.05577 0.0364092</i>
                        <i>1 0 0 0 1 0 0 0 1 0.135938 1.05631 0.0367233</i>
                        <i>1 0 0 0 1 0 0 0 1 0.132323 1.05726 0.0271809</i>
                        <i>1 0 0 0 1 0 0 0 1 0.120062 1.05847 0.0110767</i>
                        <i>1 0 0 0 1 0 0 0 1 0.0991639 1.0598 -0.00829638</i>
                        <i>1 0 0 0 1 0 0 0 1 0.0748038 1.0611 -0.0276494</i>
                        <i>1 0 0 0 1 0 0 0 1 0.0521443 1.06223 -0.0436981</i>
                        <i>1 0 0 0 1 0 0 0 1 0.0521443 1.06223 -0.0436981</i>
                        <i>1 0 0 0 1 0 0 0 1 0.0521443 1.06223 -0.0436981</i>
                    </KeyFrames>
                </p>
            </i>
            <i>
                <p>
                    <Name><![CDATA[spine0]]></Name>
                    <Exclude>0</Exclude>
                    <Additive>0</Additive>
                    <IKPriority>0</IKPriority>
                    <IKRotLimits>-1e+010 -1e+010 -1e+010 1e+010 1e+010 1e+010</IKRotLimits>
                    <IKRotLimitOrder>0</IKRotLimitOrder>
                    <KeyFrames count="21">
                        <i>-0.0421832 0.94045 0.337303 -0.916211 0.0982329 -0.388469 -0.39847 -0.325428 0.857507 0.132693 1.45592 -0.21846</i>
                        <i>-0.0464914 0.948424 0.313576 -0.922657 0.0795283 -0.377332 -0.382809 -0.306866 0.871373 0.103564 1.20703 -0.221571</i>
                        <i>-0.0767601 0.940614 0.330685 -0.933389 0.0488205 -0.355529 -0.35056 -0.335949 0.874212 0.0760409 0.940652 -0.213187</i>
                        <i>-0.0702927 0.946809 0.314026 -0.933901 0.0481663 -0.354272 -0.350554 -0.318172 0.88084 0.0841947 0.93073 -0.192334</i>
                        <i>-0.0552894 0.956173 0.287536 -0.93457 0.0518073 -0.351986 -0.351456 -0.288184 0.890746 0.0945972 0.944377 -0.169057</i>
                        <i>-0.0372049 0.965845 0.256435 -0.936219 0.0560444 -0.346918 -0.349441 -0.252987 0.902158 0.10601 0.975479 -0.144191</i>
                        <i>-0.0212066 0.973838 0.226253 -0.939384 0.0580524 -0.337916 -0.34221 -0.219705 0.913576 0.11722 1.01793 -0.118577</i>
                        <i>-0.0102131 0.979614 0.200628 -0.943999 0.0567262 -0.325035 -0.32979 -0.192712 0.924176 0.127062 1.06568 -0.0931401</i>
                        <i>-0.00434326 0.983648 0.180048 -0.949489 0.0524381 -0.309388 -0.31377 -0.172297 0.933736 0.134411 1.11279 -0.0689262</i>
                        <i>-0.0019663 0.986713 0.162462 -0.955043 0.0463106 -0.292827 -0.29646 -0.155734 0.942262 0.138146 1.15344 -0.0471149</i>
                        <i>-0.00120661 0.989447 0.144892 -0.959847 0.0394995 -0.277731 -0.280523 -0.139409 0.949669 0.139761 1.18187 -0.0290007</i>
                        <i>-0.000828056 0.992182 0.124795 -0.963186 0.0327577 -0.266832 -0.268834 -0.120421 0.955629 0.141778 1.19238 -0.0159447</i>
                        <i>-0.00025621 0.99493 0.10057 -0.964453 0.0263301 -0.262938 -0.264253 -0.0970626 0.959557 0.144606 1.19183 -0.00929435</i>
                        <i>-0.000922273 0.997233 0.0743319 -0.963422 0.0190341 -0.267314 -0.267989 -0.0718595 0.960738 0.145879 1.19121 -0.0122558</i>
                        <i>-0.00363315 0.998794 0.0489625 -0.960513 0.0101366 -0.278051 -0.278212 -0.0480393 0.959318 0.142517 1.19095 -0.0249584</i>
                        <i>-0.00725332 0.999669 0.0246689 -0.956129 0.000291654 -0.292947 -0.292857 -0.0257114 0.95581 0.130646 1.19093 -0.0440579</i>
                        <i>-0.0108768 0.999939 0.00166819 -0.950748 -0.00982483 -0.309808 -0.309773 -0.00495573 0.950798 0.110274 1.19102 -0.0662173</i>
                        <i>-0.01383 0.999708 -0.0198347 -0.945004 -0.0195506 -0.326474 -0.326767 0.0142287 0.944998 0.0865323 1.19111 -0.088114</i>
                        <i>-0.015652 0.99909 -0.039665 -0.9397 -0.028253 -0.340832 -0.341643 0.0319385 0.939287 0.0645116 1.19109 -0.106445</i>
                        <i>-0.015652 0.99909 -0.039665 -0.9397 -0.028253 -0.340832 -0.341643 0.0319385 0.939287 0.0645116 1.19109 -0.106445</i>
                        <i>-0.015652 0.99909 -0.039665 -0.9397 -0.028253 -0.340832 -0.341643 0.0319385 0.939287 0.0645116 1.19109 -0.106445</i>
                    </KeyFrames>
                </p>
            </i>
            <i>
                <p>
                    <Name><![CDATA[spine1]]></Name>
                    <Exclude>0</Exclude>
                    <Additive>0</Additive>
                    <IKPriority>0</IKPriority>
                    <IKRotLimits>-1e+010 -1e+010 -1e+010 1e+010 1e+010 1e+010</IKRotLimits>
                    <IKRotLimitOrder>0</IKRotLimitOrder>
                    <KeyFrames count="21">
                        <i>-0.207113 0.834417 0.510736 -0.972645 -0.11949 -0.199209 -0.105196 -0.538024 0.83634 0.124782 1.63323 -0.154964</i>
                        <i>-0.277691 0.68386 0.674702 -0.960647 -0.202632 -0.189996 0.00678559 -0.700911 0.713217 0.0952722 1.37654 -0.16557</i>
                        <i>-0.324692 0.499861 0.802941 -0.930414 -0.3214 -0.176156 0.170012 -0.804264 0.569434 0.0626672 1.10461 -0.155562</i>
                        <i>-0.321131 0.52138 0.790593 -0.933917 -0.312813 -0.173054 0.157081 -0.793921 0.58738 0.0721158 1.09344 -0.138371</i>
                        <i>-0.299785 0.565233 0.768531 -0.947237 -0.272159 -0.169329 0.113452 -0.778743 0.616999 0.0852559 1.10582 -0.120493</i>
                        <i>-0.261772 0.627744 0.733084 -0.963778 -0.210207 -0.164147 0.0510567 -0.7495 0.660032 0.0998297 1.13561 -0.101642</i>
                        <i>-0.209101 0.702633 0.680135 -0.97777 -0.139167 -0.156836 -0.0155461 -0.697811 0.716113 0.113741 1.17692 -0.0815898</i>
                        <i>-0.146522 0.780319 0.607975 -0.986561 -0.070347 -0.147472 -0.072306 -0.621413 0.78014 0.12539 1.2242 -0.0606175</i>
                        <i>-0.0817442 0.85024 0.52001 -0.990529 -0.0115542 -0.136817 -0.110319 -0.526269 0.843132 0.133689 1.27201 -0.0397265</i>
                        <i>-0.023408 0.904989 0.424791 -0.991453 0.0335352 -0.126078 -0.128345 -0.424112 0.896469 0.13781 1.31472 -0.0205124</i>
                        <i>0.0216473 0.942708 0.332917 -0.991092 0.0640025 -0.116789 -0.131406 -0.327423 0.935696 0.139551 1.34637 -0.00488155</i>
                        <i>0.0494841 0.966034 0.253632 -0.990645 0.0798074 -0.110694 -0.127176 -0.245782 0.960946 0.141634 1.36062 0.00522744</i>
                        <i>0.0581427 0.979374 0.193512 -0.990741 0.0804286 -0.109375 -0.122682 -0.185361 0.974982 0.144564 1.36353 0.00805577</i>
                        <i>0.0556266 0.98704 0.150526 -0.990672 0.0733458 -0.114848 -0.1244 -0.142733 0.981912 0.145723 1.36506 0.000685624</i>
                        <i>0.0517924 0.991768 0.117108 -0.98965 0.0666854 -0.127063 -0.133827 -0.109315 0.984957 0.141887 1.36534 -0.0164276</i>
                        <i>0.0475377 0.994777 0.0903276 -0.987768 0.0602615 -0.143815 -0.148507 -0.082386 0.985474 0.129389 1.36473 -0.0397827</i>
                        <i>0.0434809 0.996765 0.0675989 -0.98518 0.054016 -0.162794 -0.165919 -0.0595187 0.984342 0.108399 1.36361 -0.0659357</i>
                        <i>0.0401076 0.998121 0.046318 -0.982199 0.0478966 -0.181634 -0.183511 -0.0382086 0.982275 0.0841622 1.36242 -0.0915118</i>
                        <i>0.0378511 0.999001 0.0237409 -0.979323 0.0418094 -0.197935 -0.198729 -0.015758 0.979928 0.0618392 1.36155 -0.113207</i>
                        <i>0.0378511 0.999001 0.0237409 -0.979323 0.0418094 -0.197935 -0.198729 -0.015758 0.979928 0.0618392 1.36155 -0.113207</i>
                        <i>0.0378511 0.999001 0.0237409 -0.979323 0.0418094 -0.197935 -0.198729 -0.015758 0.979928 0.0618392 1.36155 -0.113207</i>
                    </KeyFrames>
                </p>
            </i>
            <i>
                <p>
                    <Name><![CDATA[spine2]]></Name>
                    <Exclude>0</Exclude>
                    <Additive>0</Additive>
                    <IKPriority>0</IKPriority>
                    <IKRotLimits>-1e+010 -1e+010 -1e+010 1e+010 1e+010 1e+010</IKRotLimits>
                    <IKRotLimitOrder>0</IKRotLimitOrder>
                    <KeyFrames count="21">
                        <i>-0.207197 0.785633 0.582966 -0.967669 -0.252191 -0.00406269 0.143827 -0.56496 0.812486 0.0890875 1.77782 -0.0660684</i>
                        <i>-0.219576 0.638872 0.737312 -0.957391 -0.286423 -0.0369358 0.187586 -0.714006 0.674542 0.049951 1.48867 -0.0545558</i>
                        <i>-0.207724 0.505686 0.837336 -0.955082 -0.289803 -0.0619149 0.211353 -0.812586 0.543171 0.011066 1.18438 -0.0268903</i>
                        <i>-0.206732 0.533153 0.820372 -0.957 -0.28459 -0.0562096 0.203501 -0.796716 0.569061 0.0217937 1.1755 -0.0134799</i>
                        <i>-0.194162 0.576029 0.794035 -0.963549 -0.263856 -0.0441987 0.184052 -0.773673 0.606263 0.0390925 1.19328 -0.00122438</i>
                        <i>-0.169527 0.632008 0.756193 -0.973116 -0.228728 -0.0269923 0.155903 -0.740439 0.653792 0.060249 1.23106 0.0100547</i>
                        <i>-0.132766 0.697834 0.703847 -0.983561 -0.180457 -0.00661314 0.122399 -0.693154 0.710321 0.0826228 1.28222 0.0204514</i>
                        <i>-0.0857335 0.76806 0.634613 -0.992422 -0.122112 0.0137175 0.0880294 -0.628627 0.772708 0.103818 1.34021 0.0297915</i>
                        <i>-0.0329407 0.835252 0.54888 -0.997769 -0.0593885 0.0304932 0.0580666 -0.546651 0.835345 0.121724 1.39854 0.0376306</i>
                        <i>0.0188636 0.892106 0.451432 -0.999143 0.000175802 0.0414028 0.0368564 -0.451826 0.891345 0.134476 1.45081 0.043322</i>
                        <i>0.0622347 0.934266 0.351105 -0.997724 0.049084 0.0462413 0.0259681 -0.353183 0.935194 0.143034 1.49062 0.0460354</i>
                        <i>0.0908552 0.96178 0.258313 -0.995579 0.0815124 0.0466742 0.0238346 -0.261411 0.964933 0.149518 1.51144 0.0448348</i>
                        <i>0.10023 0.978129 0.182255 -0.994591 0.0934791 0.0452812 0.0272539 -0.185808 0.982208 0.153957 1.51919 0.0388586</i>
                        <i>0.0976793 0.987187 0.12618 -0.994843 0.0933734 0.0396144 0.027325 -0.129399 0.991216 0.154804 1.52353 0.0249249</i>
                        <i>0.0939476 0.991928 0.0851641 -0.995399 0.0919694 0.0268706 0.0188212 -0.0872967 0.996005 0.150366 1.52484 0.00248159</i>
                        <i>0.0899955 0.994445 0.0545806 -0.995932 0.0896161 0.00936368 0.00442036 -0.0552013 0.998465 0.137152 1.52404 -0.0252499</i>
                        <i>0.0863547 0.995814 0.0299599 -0.996179 0.0867025 -0.0105084 -0.0130621 -0.0289379 0.999496 0.115463 1.5221 -0.0551359</i>
                        <i>0.0834699 0.996487 0.00678884 -0.996035 0.0836385 -0.0303105 -0.0307718 -0.00423191 0.999517 0.0906463 1.51996 -0.0841641</i>
                        <i>0.081845 0.996453 -0.0195503 -0.99559 0.0808402 -0.0475951 -0.0458458 0.0233595 0.998675 0.0679432 1.51857 -0.109447</i>
                        <i>0.081845 0.996453 -0.0195503 -0.99559 0.0808402 -0.0475951 -0.0458458 0.0233595 0.998675 0.0679432 1.51857 -0.109447</i>
                        <i>0.081845 0.996453 -0.0195503 -0.99559 0.0808402 -0.0475951 -0.0458458 0.0233595 0.998675 0.0679432 1.51857 -0.109447</i>
                    </KeyFrames>
                </p>
            </i>
            <i>
                <p>
                    <Name><![CDATA[head]]></Name>
                    <Exclude>0</Exclude>
                    <Additive>0</Additive>
                    <IKPriority>0</IKPriority>
                    <IKRotLimits>-1e+010 -1e+010 -1e+010 1e+010 1e+010 1e+010</IKRotLimits>
                    <IKRotLimitOrder>0</IKRotLimitOrder>
                    <KeyFrames count="21">
                        <i>-0.0275354 0.560495 0.8277 0.0186359 0.828158 -0.560185 -0.999447 6.24112e-009 -0.033249 0.0390848 2.06378 0.0751159</i>
                        <i>-0.00177355 0.701067 0.713093 0.00174365 0.713096 -0.701065 -0.999997 1.03862e-008 -0.00248712 0.0215866 1.67637 0.128738</i>
                        <i>0.0112586 0.913786 0.40604 -0.0253274 0.406197 -0.913435 -0.999616 -4.81729e-008 0.027717 0.0058772 1.27317 0.164545</i>
                        <i>0.00708052 0.949049 0.31505 -0.0176814 0.315127 -0.948885 -0.999819 0.00114804 0.0190118 0.0129617 1.26729 0.172902</i>
                        <i>0.00480238 0.964044 0.265699 -0.00492172 0.265722 -0.964037 -0.999976 0.003322 0.0060209 0.026182 1.29613 0.179213</i>
                        <i>0.00230631 0.966334 0.257281 0.00495778 0.257268 -0.966327 -0.999985 0.00350425 -0.0041975 0.04387 1.35156 0.182197</i>
                        <i>-0.00258566 0.960838 0.277099 0.00228446 0.277104 -0.960837 -0.999994 -0.00185137 -0.00291148 0.0644118 1.42519 0.180533</i>
                        <i>-0.00930962 0.951851 0.30642 -0.0211421 0.306177 -0.95174 -0.999733 -0.0153387 0.0172738 0.0859882 1.50833 0.173215</i>
                        <i>-0.0149688 0.944757 0.327431 -0.0681029 0.325744 -0.943002 -0.997566 -0.0364147 0.0594646 0.106415 1.5921 0.159839</i>
                        <i>-0.0172716 0.944481 0.328112 -0.133313 0.323056 -0.936943 -0.990923 -0.0599242 0.120332 0.123126 1.66761 0.140785</i>
                        <i>-0.016684 0.952612 0.303729 -0.20338 0.294187 -0.933858 -0.978958 -0.0773528 0.188834 0.13593 1.72637 0.117244</i>
                        <i>-0.0155037 0.966503 0.256186 -0.260596 0.243456 -0.934248 -0.965323 -0.0812452 0.248092 0.145672 1.76039 0.0910969</i>
                        <i>-0.0152851 0.981202 0.192377 -0.286649 0.180024 -0.940969 -0.957914 -0.0695276 0.278509 0.151297 1.77501 0.0646693</i>
                        <i>-0.0170686 0.991021 0.13261 -0.286771 0.122205 -0.950173 -0.957847 -0.0542469 0.282111 0.15171 1.78171 0.0357757</i>
                        <i>-0.0208162 0.995875 0.0883116 -0.278768 0.0790461 -0.9571 -0.960133 -0.0445416 0.275972 0.146516 1.78342 0.00211579</i>
                        <i>-0.0252556 0.998168 0.054985 -0.26511 0.0463457 -0.963104 -0.963887 -0.0389008 0.263453 0.132495 1.78188 -0.0341204</i>
                        <i>-0.0295973 0.999172 0.0279214 -0.248438 0.0197036 -0.968447 -0.968195 -0.0356002 0.247649 0.110096 1.77863 -0.0709092</i>
                        <i>-0.0331387 0.999448 0.00232501 -0.231467 -0.00541166 -0.972828 -0.972278 -0.0327764 0.231518 0.0847833 1.77504 -0.106398</i>
                        <i>-0.0351024 0.999029 -0.0266347 -0.216958 -0.0336333 -0.975601 -0.97555 -0.0284673 0.217927 0.0619256 1.77235 -0.138891</i>
                        <i>-0.0351024 0.999029 -0.0266347 -0.216958 -0.0336333 -0.975601 -0.97555 -0.0284673 0.217927 0.0619256 1.77235 -0.138891</i>
                        <i>-0.0351024 0.999029 -0.0266347 -0.216958 -0.0336333 -0.975601 -0.97555 -0.0284673 0.217927 0.0619256 1.77235 -0.138891</i>
                    </KeyFrames>
                </p>
            </i>
            <i>
                <p>
                    <Name><![CDATA[head_prop]]></Name>
                    <Exclude>0</Exclude>
                    <Additive>0</Additive>
                    <IKPriority>0</IKPriority>
                    <IKRotLimits>-1e+010 -1e+010 -1e+010 1e+010 1e+010 1e+010</IKRotLimits>
                    <IKRotLimitOrder>0</IKRotLimitOrder>
                    <KeyFrames count="21">
                        <i>0.999447 -6.24112e-009 0.033249 -0.0275354 0.560495 0.8277 -0.0186359 -0.828158 0.560185 0.006918 1.92118 0.260024</i>
                        <i>0.999997 -1.03862e-008 0.00248712 -0.00177355 0.701067 0.713093 -0.00174365 -0.713096 0.701065 -0.00493312 1.56975 0.337277</i>
                        <i>0.999616 4.81729e-008 -0.027717 0.0112586 0.913786 0.40604 0.0253274 -0.406197 0.913435 -0.013651 1.25052 0.398347</i>
                        <i>0.999819 -0.00114804 -0.0190118 0.00708052 0.949049 0.31505 0.0176814 -0.315127 0.948885 -0.00858049 1.26752 0.407624</i>
                        <i>0.999976 -0.003322 -0.0060209 0.00480238 0.964044 0.265699 0.00492172 -0.265722 0.964037 0.00163101 1.30851 0.413312</i>
                        <i>0.999985 -0.00350425 0.0041975 0.00230631 0.966334 0.257281 -0.00495778 -0.257268 0.966327 0.0169381 1.36599 0.415917</i>
                        <i>0.999994 0.00185137 0.00291148 -0.00258566 0.960838 0.277099 -0.00228446 -0.277104 0.960837 0.0377118 1.43466 0.414533</i>
                        <i>0.999733 0.0153387 -0.0172738 -0.00930962 0.951851 0.30642 0.0211421 -0.306177 0.95174 0.0640044 1.51033 0.407887</i>
                        <i>0.997566 0.0364147 -0.0594646 -0.0149688 0.944757 0.327431 0.0681029 -0.325744 0.943002 0.094507 1.58867 0.395221</i>
                        <i>0.990923 0.0599242 -0.120332 -0.0172716 0.944481 0.328112 0.133313 -0.323056 0.936943 0.125714 1.66415 0.376453</i>
                        <i>0.978958 0.0773528 -0.188834 -0.016684 0.952612 0.303729 0.20338 -0.294187 0.933858 0.154446 1.72947 0.352203</i>
                        <i>0.965323 0.0812452 -0.248092 -0.0155037 0.966503 0.256186 0.260596 -0.243456 0.934248 0.177348 1.7757 0.324165</i>
                        <i>0.957914 0.0695276 -0.278509 -0.0152851 0.981202 0.192377 0.286649 -0.180024 0.940969 0.188972 1.80581 0.295299</i>
                        <i>0.957847 0.0542469 -0.282111 -0.0170686 0.991021 0.13261 0.286771 -0.122205 0.950173 0.189283 1.82649 0.264122</i>
                        <i>0.960133 0.0445416 -0.275972 -0.0208162 0.995875 0.0883116 0.278768 -0.0790461 0.9571 0.181973 1.8384 0.228563</i>
                        <i>0.963887 0.0389008 -0.263453 -0.0252556 0.998168 0.054985 0.26511 -0.0463457 0.963104 0.16449 1.84444 0.190869</i>
                        <i>0.968195 0.0356002 -0.247649 -0.0295973 0.999172 0.0279214 0.248438 -0.0197036 0.968447 0.137952 1.84727 0.152854</i>
                        <i>0.972278 0.0327764 -0.231518 -0.0331387 0.999448 0.00232501 0.231467 0.00541166 0.972828 0.108499 1.84937 0.116026</i>
                        <i>0.97555 0.0284673 -0.217927 -0.0351024 0.999029 -0.0266347 0.216958 0.0336333 0.975601 0.0821857 1.85302 0.0816524</i>
                        <i>0.97555 0.0284673 -0.217927 -0.0351024 0.999029 -0.0266347 0.216958 0.0336333 0.975601 0.0821857 1.85302 0.0816524</i>
                        <i>0.97555 0.0284673 -0.217927 -0.0351024 0.999029 -0.0266347 0.216958 0.0336333 0.975601 0.0821857 1.85302 0.0816524</i>
                    </KeyFrames>
                </p>
            </i>
            <i>
                <p>
                    <Name><![CDATA[ponytail_1]]></Name>
                    <Exclude>0</Exclude>
                    <Additive>0</Additive>
                    <IKPriority>0</IKPriority>
                    <IKRotLimits>-1e+010 -1e+010 -1e+010 1e+010 1e+010 1e+010</IKRotLimits>
                    <IKRotLimitOrder>0</IKRotLimitOrder>
                    <KeyFrames count="21">
                        <i>0.972527 -0.145047 -0.182078 0.0342493 -0.684494 0.728213 -0.230257 -0.714443 -0.660721 0.027805 2.26381 0.142443</i>
                        <i>0.966391 -0.181424 -0.182134 0.0852698 -0.442161 0.892873 -0.242522 -0.878396 -0.411831 0.0124761 1.88534 0.159075</i>
                        <i>0.962651 -0.236472 -0.131849 0.145171 0.0397601 0.988607 -0.228536 -0.970824 0.0726042 -0.0044964 1.47872 0.116395</i>
                        <i>0.963928 -0.246707 -0.0998937 0.164462 0.25698 0.95232 -0.209273 -0.934397 0.288284 0.00286035 1.46714 0.104845</i>
                        <i>0.96467 -0.252687 -0.0745743 0.176742 0.410764 0.894447 -0.195383 -0.876026 0.440912 0.017326 1.49222 0.100804</i>
                        <i>0.965324 -0.253456 -0.0625255 0.18621 0.50066 0.845379 -0.182962 -0.827707 0.530495 0.0358562 1.54695 0.101988</i>
                        <i>0.966599 -0.24686 -0.0688961 0.195888 0.538239 0.819712 -0.165272 -0.805828 0.568618 0.0552338 1.62214 0.104369</i>
                        <i>0.968087 -0.231507 -0.0959817 0.189755 0.426931 0.884151 -0.163709 -0.874148 0.457236 0.0726895 1.70737 0.103326</i>
                        <i>0.967458 -0.209313 -0.142173 0.194232 0.254218 0.947442 -0.162169 -0.944225 0.2866 0.0861859 1.79224 0.0949806</i>
                        <i>0.961638 -0.186533 -0.201143 0.234199 0.176446 0.956043 -0.142843 -0.966474 0.213363 0.0942392 1.86716 0.0773648</i>
                        <i>0.949928 -0.171802 -0.261002 0.284765 0.132118 0.949449 -0.128634 -0.976232 0.174426 0.0983 1.92343 0.0507367</i>
                        <i>0.936452 -0.171637 -0.305938 0.329013 0.127209 0.935718 -0.121686 -0.976913 0.175596 0.101056 1.95328 0.0170802</i>
                        <i>0.929238 -0.186759 -0.318806 0.349221 0.162147 0.922904 -0.120668 -0.968932 0.215894 0.103456 1.96238 -0.0206609</i>
                        <i>0.929636 -0.204061 -0.306818 0.351429 0.240631 0.904762 -0.110796 -0.948924 0.295412 0.103555 1.96348 -0.0607478</i>
                        <i>0.932813 -0.214691 -0.289425 0.349237 0.340578 0.872949 -0.0888428 -0.915376 0.392674 0.0987321 1.96058 -0.102797</i>
                        <i>0.937589 -0.220733 -0.268708 0.340446 0.425145 0.838659 -0.07088 -0.877797 0.473759 0.0856748 1.95529 -0.145517</i>
                        <i>0.942874 -0.224181 -0.246439 0.325532 0.462677 0.824596 -0.0708374 -0.857714 0.509225 0.0646365 1.94884 -0.187683</i>
                        <i>0.947734 -0.22698 -0.224233 0.298951 0.386156 0.872646 -0.111484 -0.894071 0.43383 0.0408595 1.94212 -0.22818</i>
                        <i>0.951402 -0.231034 -0.203611 0.260709 0.25236 0.93185 -0.163906 -0.939648 0.300329 0.0194954 1.93579 -0.26602</i>
                        <i>0.951402 -0.231034 -0.203611 0.27807 0.360393 0.89039 -0.132331 -0.903737 0.407122 0.0194954 1.93579 -0.26602</i>
                        <i>0.951402 -0.231034 -0.203611 0.292625 0.472258 0.83147 -0.0959411 -0.850644 0.516913 0.0194954 1.93579 -0.26602</i>
                    </KeyFrames>
                </p>
            </i>
            <i>
                <p>
                    <Name><![CDATA[ponytail_2]]></Name>
                    <Exclude>0</Exclude>
                    <Additive>0</Additive>
                    <IKPriority>0</IKPriority>
                    <IKRotLimits>-1e+010 -1e+010 -1e+010 1e+010 1e+010 1e+010</IKRotLimits>
                    <IKRotLimitOrder>0</IKRotLimitOrder>
                    <KeyFrames count="21">
                        <i>0.972527 -0.145047 -0.182078 -0.0547972 -0.902819 0.426515 -0.226248 -0.404819 -0.885964 0.0215401 2.33376 0.0532599</i>
                        <i>0.966391 -0.181424 -0.182134 -0.00230006 -0.71456 0.699571 -0.257065 -0.67564 -0.690962 0.000316595 1.92619 0.0538669</i>
                        <i>0.962651 -0.236472 -0.131849 0.0841171 -0.201664 0.975836 -0.257347 -0.95048 -0.17424 -0.0232816 1.46413 0.00540003</i>
                        <i>0.963928 -0.246707 -0.0998937 0.138071 0.142618 0.9801 -0.227551 -0.958538 0.171537 -0.0179052 1.42838 0.000193778</i>
                        <i>0.96467 -0.252687 -0.0745743 0.179535 0.423326 0.88801 -0.19282 -0.870025 0.453736 -0.00468323 1.43668 0.00428154</i>
                        <i>0.965324 -0.253456 -0.0625255 0.20815 0.602744 0.770307 -0.157552 -0.756611 0.6346 0.0129058 1.48175 0.0119428</i>
                        <i>0.966599 -0.24686 -0.0688961 0.224286 0.684659 0.693497 -0.124027 -0.685786 0.717157 0.0313734 1.55292 0.0176216</i>
                        <i>0.968087 -0.231507 -0.0959817 0.201159 0.489372 0.848557 -0.149476 -0.840785 0.520325 0.0495384 1.65002 0.00813657</i>
                        <i>0.967458 -0.209313 -0.142173 0.175414 0.149867 0.973021 -0.182359 -0.966296 0.181706 0.0625448 1.75369 -0.00913655</i>
                        <i>0.961638 -0.186533 -0.201143 0.203558 -0.006317 0.979042 -0.183894 -0.982428 0.0318956 0.0662813 1.83717 -0.0284857</i>
                        <i>0.949928 -0.171802 -0.261002 0.244155 -0.113172 0.96311 -0.195003 -0.978609 -0.0655589 0.064774 1.89835 -0.0547733</i>
                        <i>0.936452 -0.171637 -0.305938 0.280251 -0.158503 0.94675 -0.21099 -0.972326 -0.100329 0.0626003 1.92875 -0.0868655</i>
                        <i>0.929238 -0.186759 -0.318806 0.296801 -0.136597 0.945119 -0.220058 -0.972863 -0.0715012 0.0627267 1.93398 -0.122739</i>
                        <i>0.929636 -0.204061 -0.306818 0.308708 -0.0233191 0.950871 -0.20119 -0.97868 0.0413169 0.0626786 1.92642 -0.159949</i>
                        <i>0.932813 -0.214691 -0.289425 0.32446 0.150914 0.933783 -0.156797 -0.964952 0.210433 0.0583319 1.91256 -0.197391</i>
                        <i>0.937589 -0.220733 -0.268708 0.328352 0.307504 0.893099 -0.114508 -0.925591 0.36079 0.046455 1.89811 -0.235393</i>
                        <i>0.942874 -0.224181 -0.246439 0.317022 0.376379 0.870538 -0.102404 -0.898934 0.425948 0.0271029 1.88762 -0.275599</i>
                        <i>0.947734 -0.22698 -0.224233 0.269854 0.195265 0.942895 -0.170234 -0.954123 0.246311 0.00590804 1.88918 -0.322312</i>
                        <i>0.951402 -0.231034 -0.203611 0.179997 -0.119282 0.976408 -0.249871 -0.965606 -0.0718993 -0.0116781 1.89749 -0.368232</i>
                        <i>0.951402 -0.231034 -0.203611 0.216484 0.0315286 0.975777 -0.219018 -0.972435 0.0800115 -0.0133124 1.88566 -0.362436</i>
                        <i>0.951402 -0.231034 -0.203611 0.259792 0.247122 0.933509 -0.165356 -0.941039 0.295133 -0.0145794 1.87356 -0.354634</i>
                    </KeyFrames>
                </p>
            </i>
            <i>
                <p>
                    <Name><![CDATA[ponytail_3]]></Name>
                    <Exclude>0</Exclude>
                    <Additive>0</Additive>
                    <IKPriority>0</IKPriority>
                    <IKRotLimits>-1e+010 -1e+010 -1e+010 1e+010 1e+010 1e+010</IKRotLimits>
                    <IKRotLimitOrder>0</IKRotLimitOrder>
                    <KeyFrames count="21">
                        <i>0.972527 -0.145047 -0.182078 -0.111206 -0.976614 0.184006 -0.20451 -0.158702 -0.965914 0.0250476 2.40452 0.0156229</i>
                        <i>0.966391 -0.181424 -0.182134 -0.0389998 -0.80375 0.593687 -0.2541 -0.566631 -0.783813 -0.00050293 1.98081 -0.00488902</i>
                        <i>0.962651 -0.236472 -0.131849 0.0799908 -0.216838 0.972925 -0.25866 -0.947134 -0.189823 -0.031027 1.47658 -0.0734757</i>
                        <i>0.963928 -0.246707 -0.0998937 0.162504 0.248259 0.954966 -0.210797 -0.936751 0.279394 -0.0298577 1.41321 -0.0776734</i>
                        <i>0.96467 -0.252687 -0.0745743 0.218536 0.609352 0.762189 -0.147153 -0.751558 0.643045 -0.0198226 1.39936 -0.0651044</i>
                        <i>0.965324 -0.253456 -0.0625255 0.247559 0.812763 0.527381 -0.0828493 -0.524572 0.847325 -0.0043889 1.4305 -0.047305</i>
                        <i>0.966599 -0.24686 -0.0688961 0.254617 0.894219 0.36816 -0.029276 -0.373405 0.927206 0.0129167 1.49538 -0.0351489</i>
                        <i>0.968087 -0.231507 -0.0959817 0.23518 0.706871 0.667101 -0.0865916 -0.668384 0.738759 0.0328356 1.60752 -0.0578279</i>
                        <i>0.967458 -0.209313 -0.142173 0.195082 0.259177 0.945923 -0.161146 -0.942876 0.291576 0.0477765 1.73791 -0.0863967</i>
                        <i>0.961638 -0.186533 -0.201143 0.208522 0.020613 0.9778 -0.178246 -0.982233 0.0587185 0.0492518 1.83384 -0.106813</i>
                        <i>0.949928 -0.171802 -0.261002 0.23401 -0.162383 0.958578 -0.207068 -0.971656 -0.114048 0.0444479 1.9036 -0.132205</i>
                        <i>0.936452 -0.171637 -0.305938 0.255628 -0.263365 0.930211 -0.240232 -0.949305 -0.202753 0.0393195 1.93765 -0.163122</i>
                        <i>0.929238 -0.186759 -0.318806 0.263675 -0.269248 0.926273 -0.258828 -0.944789 -0.200952 0.0380843 1.94112 -0.198752</i>
                        <i>0.929636 -0.204061 -0.306818 0.283649 -0.135193 0.94935 -0.235205 -0.969578 -0.0677991 0.0371557 1.92446 -0.235982</i>
                        <i>0.932813 -0.214691 -0.289425 0.316043 0.101517 0.943298 -0.173137 -0.971392 0.162548 0.0317201 1.8967 -0.271395</i>
                        <i>0.937589 -0.220733 -0.268708 0.329519 0.317062 0.88932 -0.111105 -0.92236 0.370009 0.0196965 1.86986 -0.305549</i>
                        <i>0.942874 -0.224181 -0.246439 0.319641 0.400231 0.858862 -0.0939085 -0.888571 0.449025 0.00129957 1.85395 -0.343694</i>
                        <i>0.947734 -0.22698 -0.224233 0.25422 0.112517 0.960579 -0.192803 -0.967378 0.164339 -0.0163806 1.8698 -0.396906</i>
                        <i>0.951402 -0.231034 -0.203611 0.109588 -0.363894 0.924971 -0.287793 -0.902333 -0.320891 -0.0270773 1.90328 -0.446754</i>
                        <i>0.951402 -0.231034 -0.203611 0.182975 -0.107713 0.977199 -0.247698 -0.966965 -0.0602051 -0.0315149 1.87933 -0.440314</i>
                        <i>0.951402 -0.231034 -0.203611 0.257114 0.232041 0.938109 -0.169489 -0.94487 0.280167 -0.0360427 1.85009 -0.428286</i>
                    </KeyFrames>
                </p>
            </i>
            <i>
                <p>
                    <Name><![CDATA[l_clav]]></Name>
                    <Exclude>1</Exclude>
                    <Additive>0</Additive>
                    <IKPriority>0</IKPriority>
                    <IKRotLimits>-1e+010 -1e+010 -1e+010 1e+010 1e+010 1e+010</IKRotLimits>
                    <IKRotLimitOrder>0</IKRotLimitOrder>
                    <KeyFrames count="21">
                        <i>0.816363 0.56402 -0.12423 -0.489199 0.789639 0.370344 0.306978 -0.241562 0.92055 0.157858 1.83069 0.00667455</i>
                        <i>0.815376 0.576134 -0.056851 -0.47315 0.719756 0.508016 0.333604 -0.387325 0.85947 0.118468 1.51534 0.0199604</i>
                        <i>0.816337 0.577547 0.00573583 -0.455134 0.637134 0.622024 0.355594 -0.510392 0.782977 0.0819605 1.19009 0.0404526</i>
                        <i>0.824409 0.565837 -0.0133568 -0.448372 0.667305 0.594699 0.345415 -0.484286 0.803838 0.092883 1.18217 0.0537456</i>
                        <i>0.846206 0.531022 -0.0441768 -0.422047 0.718538 0.552792 0.325287 -0.449131 0.832147 0.110905 1.20163 0.0664849</i>
                        <i>0.876237 0.474906 -0.0816849 -0.377645 0.782055 0.495757 0.29932 -0.403552 0.864612 0.133445 1.24195 0.0781813</i>
                        <i>0.908549 0.400066 -0.120359 -0.317456 0.848389 0.423625 0.271589 -0.346676 0.897806 0.157983 1.29663 0.0882826</i>
                        <i>0.937671 0.311146 -0.154791 -0.245694 0.908538 0.337925 0.245777 -0.278832 0.928357 0.182094 1.35913 0.0962119</i>
                        <i>0.95968 0.21535 -0.180659 -0.168817 0.955442 0.242139 0.224754 -0.201878 0.953274 0.20345 1.42285 0.101406</i>
                        <i>0.973027 0.121937 -0.195832 -0.0949972 0.985364 0.141536 0.210225 -0.119115 0.97037 0.219817 1.48107 0.103354</i>
                        <i>0.978707 0.0409345 -0.201141 -0.0330497 0.998554 0.0424053 0.202586 -0.0348547 0.978644 0.231663 1.52699 0.101651</i>
                        <i>0.97954 -0.018323 -0.200413 0.00866377 0.998763 -0.0489679 0.201062 0.0462297 0.978487 0.240574 1.55372 0.0960311</i>
                        <i>0.978681 -0.0481198 -0.199667 0.0228365 0.991634 -0.127049 0.20411 0.119781 0.971592 0.246075 1.567 0.0864145</i>
                        <i>0.978807 -0.0583735 -0.196288 0.0211013 0.98216 -0.186858 0.203694 0.178756 0.962577 0.246854 1.57557 0.0700858</i>
                        <i>0.980636 -0.0640947 -0.185055 0.0201695 0.972956 -0.230107 0.194799 0.221918 0.955409 0.241894 1.57929 0.0463666</i>
                        <i>0.983415 -0.066595 -0.168703 0.0204156 0.964885 -0.261877 0.180219 0.25409 0.950242 0.227868 1.57967 0.0182318</i>
                        <i>0.986426 -0.0672636 -0.149798 0.0217026 0.957654 -0.287102 0.162766 0.279954 0.946115 0.205228 1.57826 -0.0115423</i>
                        <i>0.989104 -0.0675415 -0.130814 0.0238074 0.950238 -0.310614 0.145283 0.304115 0.941492 0.179472 1.57656 -0.0403702</i>
                        <i>0.991069 -0.0689048 -0.114168 0.026588 0.941069 -0.337167 0.130672 0.33112 0.934497 0.156005 1.57604 -0.0658409</i>
                        <i>0.991069 -0.0689048 -0.114168 0.026588 0.941069 -0.337167 0.130672 0.33112 0.934497 0.156005 1.57604 -0.0658409</i>
                        <i>0.991069 -0.0689048 -0.114168 0.026588 0.941069 -0.337167 0.130672 0.33112 0.934497 0.156005 1.57604 -0.0658409</i>
                    </KeyFrames>
                </p>
            </i>
            <i>
                <p>
                    <Name><![CDATA[l_shoulder]]></Name>
                    <Exclude>1</Exclude>
                    <Additive>0</Additive>
                    <IKPriority>0</IKPriority>
                    <IKRotLimits>-1e+010 -1e+010 -1e+010 1e+010 1e+010 1e+010</IKRotLimits>
                    <IKRotLimitOrder>0</IKRotLimitOrder>
                    <KeyFrames count="21">
                        <i>0.428284 -0.901962 -0.0551171 0.890079 0.41054 0.198029 -0.155987 -0.133871 0.978645 0.33697 1.95443 -0.0205817</i>
                        <i>0.421264 -0.881493 -0.213322 0.898038 0.372555 0.233947 -0.126749 -0.290125 0.948558 0.297363 1.64174 0.00748724</i>
                        <i>0.41071 -0.840615 -0.353106 0.906089 0.33315 0.260796 -0.101592 -0.427056 0.8985 0.261066 1.3168 0.0417111</i>
                        <i>0.408072 -0.854636 -0.321051 0.906515 0.337637 0.25344 -0.1082 -0.394459 0.912521 0.272982 1.30578 0.0508277</i>
                        <i>0.396479 -0.875256 -0.277004 0.910538 0.336404 0.240319 -0.117155 -0.347504 0.930331 0.293648 1.3163 0.0569446</i>
                        <i>0.377556 -0.898884 -0.222393 0.917429 0.330542 0.221511 -0.125602 -0.287662 0.94946 0.319581 1.34283 0.0608292</i>
                        <i>0.353311 -0.92191 -0.158911 0.926299 0.320976 0.197343 -0.130926 -0.216922 0.967369 0.347331 1.38001 0.063199</i>
                        <i>0.326191 -0.941123 -0.0888082 0.936142 0.308552 0.168624 -0.131294 -0.138141 0.981672 0.373736 1.42273 0.0645757</i>
                        <i>0.29895 -0.954151 -0.0149747 0.9459 0.294218 0.136777 -0.126101 -0.0550541 0.990489 0.396097 1.46607 0.06514</i>
                        <i>0.274357 -0.959804 0.059207 0.95458 0.27927 0.103851 -0.116211 0.0280257 0.992829 0.412236 1.50518 0.064628</i>
                        <i>0.254893 -0.958164 0.1302 0.961369 0.265579 0.0723665 -0.103917 0.106724 0.988843 0.42306 1.53499 0.062315</i>
                        <i>0.242568 -0.950391 0.194725 0.965707 0.255702 0.0450239 -0.0925818 0.177126 0.979824 0.430819 1.55016 0.0571073</i>
                        <i>0.238958 -0.938249 0.250175 0.967209 0.252815 0.0243076 -0.0860547 0.236164 0.967895 0.435697 1.55768 0.0477284</i>
                        <i>0.238885 -0.926819 0.289725 0.966889 0.254614 0.0172777 -0.0897812 0.276004 0.956954 0.4365 1.56426 0.0320545</i>
                        <i>0.23634 -0.919819 0.313173 0.966012 0.257157 0.0262824 -0.10471 0.296318 0.949332 0.431895 1.56687 0.0105117</i>
                        <i>0.231958 -0.915797 0.327889 0.964293 0.260778 0.0461878 -0.127805 0.305467 0.943587 0.418407 1.56677 -0.014455</i>
                        <i>0.22641 -0.912648 0.340313 0.961496 0.265285 0.0717543 -0.155766 0.310964 0.937571 0.396351 1.56522 -0.040566</i>
                        <i>0.22005 -0.908266 0.355853 0.957799 0.270327 0.0976952 -0.18493 0.319338 0.929421 0.371113 1.56347 -0.0657157</i>
                        <i>0.213038 -0.900647 0.378746 0.953924 0.275564 0.118718 -0.211292 0.336004 0.917855 0.348027 1.56269 -0.0879612</i>
                        <i>0.213038 -0.900647 0.378746 0.953924 0.275564 0.118718 -0.211292 0.336004 0.917855 0.348027 1.56269 -0.0879612</i>
                        <i>0.213038 -0.900647 0.378746 0.953924 0.275564 0.118718 -0.211292 0.336004 0.917855 0.348027 1.56269 -0.0879612</i>
                    </KeyFrames>
                </p>
            </i>
            <i>
                <p>
                    <Name><![CDATA[l_elbow]]></Name>
                    <Exclude>1</Exclude>
                    <Additive>0</Additive>
                    <IKPriority>0</IKPriority>
                    <IKRotLimits>-1e+010 -1e+010 -1e+010 1e+010 1e+010 1e+010</IKRotLimits>
                    <IKRotLimitOrder>0</IKRotLimitOrder>
                    <KeyFrames count="21">
                        <i>-0.0671284 -0.31667 0.946157 0.889659 0.410282 0.200438 -0.451664 0.855213 0.254187 0.47628 1.66105 -0.03851</i>
