<?xml version="1.0" encoding="ISO-8859-1" ?>
<Animl Version="1">
    <ModellingPackage><![CDATA[Maya.2010]]></ModellingPackage>
    <SrcFile><![CDATA[anims\characters\shared\commando\~src\commando_reload.mb]]></SrcFile>
    <FramesPerSecond>30</FramesPerSecond>
    <TotalFrames>77</TotalFrames>
    <Skeleton>
        <RefFrame>
            <Name><![CDATA[commando_ref_frame]]></Name>
            <Exclude>1</Exclude>
            <Additive>0</Additive>
            <IKPriority>0</IKPriority>
            <IKRotLimits>-1e+010 -1e+010 -1e+010 1e+010 1e+010 1e+010</IKRotLimits>
            <IKRotLimitOrder>0</IKRotLimitOrder>
            <KeyFrames count="77">
                <i>1 0 0 0 1 0 0 0 1 0.05214 0 -0.0437</i>
                <i>1 0 0 0 1 0 0 0 1 0.05214 0 -0.0437</i>
                <i>1 0 0 0 1 0 0 0 1 0.05214 0 -0.0437</i>
                <i>1 0 0 0 1 0 0 0 1 0.05214 0 -0.0437</i>
                <i>1 0 0 0 1 0 0 0 1 0.05214 0 -0.0437</i>
                <i>1 0 0 0 1 0 0 0 1 0.05214 0 -0.0437</i>
                <i>1 0 0 0 1 0 0 0 1 0.05214 0 -0.0437</i>
                <i>1 0 0 0 1 0 0 0 1 0.05214 0 -0.0437</i>
                <i>1 0 0 0 1 0 0 0 1 0.05214 0 -0.0437</i>
                <i>1 0 0 0 1 0 0 0 1 0.05214 0 -0.0437</i>
                <i>1 0 0 0 1 0 0 0 1 0.05214 0 -0.0437</i>
                <i>1 0 0 0 1 0 0 0 1 0.05214 0 -0.0437</i>
                <i>1 0 0 0 1 0 0 0 1 0.05214 0 -0.0437</i>
                <i>1 0 0 0 1 0 0 0 1 0.05214 0 -0.0437</i>
                <i>1 0 0 0 1 0 0 0 1 0.05214 0 -0.0437</i>
                <i>1 0 0 0 1 0 0 0 1 0.05214 0 -0.0437</i>
                <i>1 0 0 0 1 0 0 0 1 0.05214 0 -0.0437</i>
                <i>1 0 0 0 1 0 0 0 1 0.05214 0 -0.0437</i>
                <i>1 0 0 0 1 0 0 0 1 0.05214 0 -0.0437</i>
                <i>1 0 0 0 1 0 0 0 1 0.05214 0 -0.0437</i>
                <i>1 0 0 0 1 0 0 0 1 0.05214 0 -0.0437</i>
                <i>1 0 0 0 1 0 0 0 1 0.05214 0 -0.0437</i>
                <i>1 0 0 0 1 0 0 0 1 0.05214 0 -0.0437</i>
                <i>1 0 0 0 1 0 0 0 1 0.05214 0 -0.0437</i>
                <i>1 0 0 0 1 0 0 0 1 0.05214 0 -0.0437</i>
                <i>1 0 0 0 1 0 0 0 1 0.05214 0 -0.0437</i>
                <i>1 0 0 0 1 0 0 0 1 0.05214 0 -0.0437</i>
                <i>1 0 0 0 1 0 0 0 1 0.05214 0 -0.0437</i>
                <i>1 0 0 0 1 0 0 0 1 0.05214 0 -0.0437</i>
                <i>1 0 0 0 1 0 0 0 1 0.05214 0 -0.0437</i>
                <i>1 0 0 0 1 0 0 0 1 0.05214 0 -0.0437</i>
                <i>1 0 0 0 1 0 0 0 1 0.05214 0 -0.0437</i>
                <i>1 0 0 0 1 0 0 0 1 0.05214 0 -0.0437</i>
                <i>1 0 0 0 1 0 0 0 1 0.05214 0 -0.0437</i>
                <i>1 0 0 0 1 0 0 0 1 0.05214 0 -0.0437</i>
                <i>1 0 0 0 1 0 0 0 1 0.05214 0 -0.0437</i>
                <i>1 0 0 0 1 0 0 0 1 0.05214 0 -0.0437</i>
                <i>1 0 0 0 1 0 0 0 1 0.05214 0 -0.0437</i>
                <i>1 0 0 0 1 0 0 0 1 0.05214 0 -0.0437</i>
                <i>1 0 0 0 1 0 0 0 1 0.05214 0 -0.0437</i>
                <i>1 0 0 0 1 0 0 0 1 0.05214 0 -0.0437</i>
                <i>1 0 0 0 1 0 0 0 1 0.05214 0 -0.0437</i>
                <i>1 0 0 0 1 0 0 0 1 0.05214 0 -0.0437</i>
                <i>1 0 0 0 1 0 0 0 1 0.05214 0 -0.0437</i>
                <i>1 0 0 0 1 0 0 0 1 0.05214 0 -0.0437</i>
                <i>1 0 0 0 1 0 0 0 1 0.05214 0 -0.0437</i>
                <i>1 0 0 0 1 0 0 0 1 0.05214 0 -0.0437</i>
                <i>1 0 0 0 1 0 0 0 1 0.05214 0 -0.0437</i>
                <i>1 0 0 0 1 0 0 0 1 0.05214 0 -0.0437</i>
                <i>1 0 0 0 1 0 0 0 1 0.05214 0 -0.0437</i>
                <i>1 0 0 0 1 0 0 0 1 0.05214 0 -0.0437</i>
                <i>1 0 0 0 1 0 0 0 1 0.05214 0 -0.0437</i>
                <i>1 0 0 0 1 0 0 0 1 0.05214 0 -0.0437</i>
                <i>1 0 0 0 1 0 0 0 1 0.05214 0 -0.0437</i>
                <i>1 0 0 0 1 0 0 0 1 0.05214 0 -0.0437</i>
                <i>1 0 0 0 1 0 0 0 1 0.05214 0 -0.0437</i>
                <i>1 0 0 0 1 0 0 0 1 0.05214 0 -0.0437</i>
                <i>1 0 0 0 1 0 0 0 1 0.05214 0 -0.0437</i>
                <i>1 0 0 0 1 0 0 0 1 0.05214 0 -0.0437</i>
                <i>1 0 0 0 1 0 0 0 1 0.05214 0 -0.0437</i>
                <i>1 0 0 0 1 0 0 0 1 0.05214 0 -0.0437</i>
                <i>1 0 0 0 1 0 0 0 1 0.05214 0 -0.0437</i>
                <i>1 0 0 0 1 0 0 0 1 0.05214 0 -0.0437</i>
                <i>1 0 0 0 1 0 0 0 1 0.05214 0 -0.0437</i>
                <i>1 0 0 0 1 0 0 0 1 0.05214 0 -0.0437</i>
                <i>1 0 0 0 1 0 0 0 1 0.05214 0 -0.0437</i>
                <i>1 0 0 0 1 0 0 0 1 0.05214 0 -0.0437</i>
                <i>1 0 0 0 1 0 0 0 1 0.05214 0 -0.0437</i>
                <i>1 0 0 0 1 0 0 0 1 0.05214 0 -0.0437</i>
                <i>1 0 0 0 1 0 0 0 1 0.05214 0 -0.0437</i>
                <i>1 0 0 0 1 0 0 0 1 0.05214 0 -0.0437</i>
                <i>1 0 0 0 1 0 0 0 1 0.05214 0 -0.0437</i>
                <i>1 0 0 0 1 0 0 0 1 0.05214 0 -0.0437</i>
                <i>1 0 0 0 1 0 0 0 1 0.05214 0 -0.0437</i>
                <i>1 0 0 0 1 0 0 0 1 0.05214 0 -0.0437</i>
                <i>1 0 0 0 1 0 0 0 1 0.05214 0 -0.0437</i>
                <i>1 0 0 0 1 0 0 0 1 0.05214 0 -0.0437</i>
            </KeyFrames>
        </RefFrame>
        <Bones count="28">
            <i>
                <p>
                    <Name><![CDATA[pelvis]]></Name>
                    <Exclude>1</Exclude>
                    <Additive>0</Additive>
                    <IKPriority>0</IKPriority>
                    <IKRotLimits>-1e+010 -1e+010 -1e+010 1e+010 1e+010 1e+010</IKRotLimits>
                    <IKRotLimitOrder>2</IKRotLimitOrder>
                    <KeyFrames count="77">
                        <i>1 0 0 0 1 0 0 0 1 0.0521443 1.06223 -0.0436981</i>
                        <i>1 0 0 0 1 0 0 0 1 0.0521443 1.06223 -0.0436981</i>
                        <i>1 0 0 0 1 0 0 0 1 0.0521443 1.06223 -0.0436981</i>
                        <i>1 0 0 0 1 0 0 0 1 0.0521443 1.06223 -0.0436981</i>
                        <i>1 0 0 0 1 0 0 0 1 0.0521443 1.06267 -0.0436981</i>
                        <i>1 0 0 0 1 0 0 0 1 0.0521443 1.06378 -0.0436981</i>
                        <i>1 0 0 0 1 0 0 0 1 0.0521443 1.06522 -0.0436981</i>
                        <i>1 0 0 0 1 0 0 0 1 0.0521443 1.06666 -0.0436981</i>
                        <i>1 0 0 0 1 0 0 0 1 0.0521443 1.06776 -0.0436981</i>
                        <i>1 0 0 0 1 0 0 0 1 0.0521443 1.06821 -0.0436981</i>
                        <i>1 0 0 0 1 0 0 0 1 0.0521443 1.06821 -0.0436981</i>
                        <i>1 0 0 0 1 0 0 0 1 0.0521443 1.06823 -0.0436981</i>
                        <i>1 0 0 0 1 0 0 0 1 0.0521443 1.06825 -0.0436981</i>
                        <i>1 0 0 0 1 0 0 0 1 0.0521443 1.06827 -0.0436981</i>
                        <i>1 0 0 0 1 0 0 0 1 0.0521443 1.06829 -0.0436981</i>
                        <i>1 0 0 0 1 0 0 0 1 0.0521443 1.06831 -0.0436981</i>
                        <i>1 0 0 0 1 0 0 0 1 0.0521443 1.06832 -0.0436981</i>
                        <i>1 0 0 0 1 0 0 0 1 0.0521443 1.06832 -0.0436981</i>
                        <i>1 0 0 0 1 0 0 0 1 0.0521443 1.06832 -0.0436981</i>
                        <i>1 0 0 0 1 0 0 0 1 0.0521443 1.06832 -0.0436981</i>
                        <i>1 0 0 0 1 0 0 0 1 0.0521443 1.06832 -0.0436981</i>
                        <i>1 0 0 0 1 0 0 0 1 0.0521443 1.06832 -0.0436981</i>
                        <i>1 0 0 0 1 0 0 0 1 0.0521443 1.06832 -0.0436981</i>
                        <i>1 0 0 0 1 0 0 0 1 0.0521443 1.06832 -0.0436981</i>
                        <i>1 0 0 0 1 0 0 0 1 0.0521443 1.06832 -0.0436981</i>
                        <i>1 0 0 0 1 0 0 0 1 0.0521443 1.06832 -0.0436981</i>
                        <i>1 0 0 0 1 0 0 0 1 0.0521443 1.06832 -0.0436981</i>
                        <i>1 0 0 0 1 0 0 0 1 0.0521443 1.06832 -0.0436981</i>
                        <i>1 0 0 0 1 0 0 0 1 0.0521443 1.06832 -0.0436981</i>
                        <i>1 0 0 0 1 0 0 0 1 0.0521443 1.06832 -0.0436981</i>
                        <i>1 0 0 0 1 0 0 0 1 0.0521443 1.06832 -0.0436981</i>
                        <i>1 0 0 0 1 0 0 0 1 0.0521443 1.06832 -0.0436981</i>
                        <i>1 0 0 0 1 0 0 0 1 0.0521443 1.06832 -0.0436981</i>
                        <i>1 0 0 0 1 0 0 0 1 0.0521443 1.06832 -0.0436981</i>
                        <i>1 0 0 0 1 0 0 0 1 0.0521443 1.06832 -0.0436981</i>
                        <i>1 0 0 0 1 0 0 0 1 0.0521443 1.06832 -0.0436981</i>
                        <i>1 0 0 0 1 0 0 0 1 0.0521443 1.06832 -0.0436981</i>
                        <i>1 0 0 0 1 0 0 0 1 0.0521443 1.06832 -0.0436981</i>
                        <i>1 0 0 0 1 0 0 0 1 0.0521443 1.06832 -0.0436981</i>
                        <i>1 0 0 0 1 0 0 0 1 0.0521443 1.06832 -0.0436981</i>
                        <i>1 0 0 0 1 0 0 0 1 0.0521443 1.06832 -0.0436981</i>
                        <i>1 0 0 0 1 0 0 0 1 0.0521443 1.06832 -0.0436981</i>
                        <i>1 0 0 0 1 0 0 0 1 0.0521443 1.06832 -0.0436981</i>
                        <i>1 0 0 0 1 0 0 0 1 0.0521443 1.06832 -0.0436981</i>
                        <i>1 0 0 0 1 0 0 0 1 0.0521443 1.06832 -0.0436981</i>
                        <i>1 0 0 0 1 0 0 0 1 0.0521443 1.06832 -0.0436981</i>
                        <i>1 0 0 0 1 0 0 0 1 0.0521443 1.06832 -0.0436981</i>
                        <i>1 0 0 0 1 0 0 0 1 0.0521443 1.06832 -0.0436981</i>
                        <i>1 0 0 0 1 0 0 0 1 0.0521443 1.06832 -0.0436981</i>
                        <i>1 0 0 0 1 0 0 0 1 0.0521443 1.06832 -0.0436981</i>
                        <i>1 0 0 0 1 0 0 0 1 0.0521443 1.06832 -0.0436981</i>
                        <i>1 0 0 0 1 0 0 0 1 0.0521443 1.06832 -0.0436981</i>
                        <i>1 0 0 0 1 0 0 0 1 0.0521443 1.06832 -0.0436981</i>
                        <i>1 0 0 0 1 0 0 0 1 0.0521443 1.06832 -0.0436981</i>
                        <i>1 0 0 0 1 0 0 0 1 0.0521443 1.06832 -0.0436981</i>
                        <i>1 0 0 0 1 0 0 0 1 0.0521443 1.06828 -0.0436981</i>
                        <i>1 0 0 0 1 0 0 0 1 0.0521443 1.06817 -0.0436981</i>
                        <i>1 0 0 0 1 0 0 0 1 0.0521443 1.06801 -0.0436981</i>
                        <i>1 0 0 0 1 0 0 0 1 0.0521443 1.06779 -0.0436981</i>
                        <i>1 0 0 0 1 0 0 0 1 0.0521443 1.06752 -0.0436981</i>
                        <i>1 0 0 0 1 0 0 0 1 0.0521443 1.0672 -0.0436981</i>
                        <i>1 0 0 0 1 0 0 0 1 0.0521443 1.06686 -0.0436981</i>
                        <i>1 0 0 0 1 0 0 0 1 0.0521443 1.06649 -0.0436981</i>
                        <i>1 0 0 0 1 0 0 0 1 0.0521443 1.06609 -0.0436981</i>
                        <i>1 0 0 0 1 0 0 0 1 0.0521443 1.06569 -0.0436981</i>
                        <i>1 0 0 0 1 0 0 0 1 0.0521443 1.06527 -0.0436981</i>
                        <i>1 0 0 0 1 0 0 0 1 0.0521443 1.06486 -0.0436981</i>
                        <i>1 0 0 0 1 0 0 0 1 0.0521443 1.06445 -0.0436981</i>
                        <i>1 0 0 0 1 0 0 0 1 0.0521443 1.06406 -0.0436981</i>
                        <i>1 0 0 0 1 0 0 0 1 0.0521443 1.06368 -0.0436981</i>
                        <i>1 0 0 0 1 0 0 0 1 0.0521443 1.06334 -0.0436981</i>
                        <i>1 0 0 0 1 0 0 0 1 0.0521443 1.06303 -0.0436981</i>
                        <i>1 0 0 0 1 0 0 0 1 0.0521443 1.06276 -0.0436981</i>
                        <i>1 0 0 0 1 0 0 0 1 0.0521443 1.06253 -0.0436981</i>
                        <i>1 0 0 0 1 0 0 0 1 0.0521443 1.06237 -0.0436981</i>
                        <i>1 0 0 0 1 0 0 0 1 0.0521443 1.06226 -0.0436981</i>
                        <i>1 0 0 0 1 0 0 0 1 0.0521443 1.06223 -0.0436981</i>
                    </KeyFrames>
                </p>
            </i>
            <i>
                <p>
                    <Name><![CDATA[spine0]]></Name>
                    <Exclude>0</Exclude>
                    <Additive>0</Additive>
                    <IKPriority>0</IKPriority>
                    <IKRotLimits>-1e+010 -1e+010 -1e+010 1e+010 1e+010 1e+010</IKRotLimits>
                    <IKRotLimitOrder>0</IKRotLimitOrder>
                    <KeyFrames count="77">
                        <i>-0.015652 0.99909 -0.039665 -0.9397 -0.028253 -0.340832 -0.341643 0.0319385 0.939287 0.0645116 1.19109 -0.106445</i>
                        <i>-0.015652 0.99909 -0.039665 -0.9397 -0.028253 -0.340832 -0.341643 0.0319385 0.939287 0.0645116 1.19109 -0.106445</i>
                        <i>-0.015652 0.99909 -0.039665 -0.9397 -0.028253 -0.340832 -0.341643 0.0319385 0.939287 0.0645116 1.19109 -0.106445</i>
                        <i>-0.015652 0.99909 -0.039665 -0.9397 -0.028253 -0.340832 -0.341643 0.0319385 0.939287 0.0645116 1.19109 -0.106445</i>
                        <i>-0.0138755 0.99925 -0.0361577 -0.939658 -0.0253932 -0.34117 -0.341832 0.029242 0.939306 0.0645116 1.19153 -0.106445</i>
                        <i>-0.00904024 0.999579 -0.0275548 -0.939514 -0.0179258 -0.34204 -0.34239 0.022796 0.939281 0.0645116 1.19264 -0.106445</i>
                        <i>-0.00193089 0.999858 -0.0167642 -0.939227 -0.00756834 -0.343215 -0.343293 0.0150827 0.939107 0.0645116 1.19408 -0.106445</i>
                        <i>0.00607935 0.999961 -0.00647745 -0.938807 0.00347647 -0.344426 -0.34439 0.00817496 0.938791 0.0645116 1.19552 -0.106445</i>
                        <i>0.0128313 0.999917 0.00105247 -0.938383 0.0124052 -0.345374 -0.345358 0.00344397 0.938465 0.0645116 1.19663 -0.106445</i>
                        <i>0.0156712 0.999869 0.00396394 -0.938187 0.0160752 -0.345755 -0.345774 0.00169948 0.938316 0.0645116 1.19707 -0.106445</i>
                        <i>0.0158606 0.999865 0.00434524 -0.93817 0.0163847 -0.345787 -0.345812 0.00140783 0.938303 0.0645116 1.19708 -0.106445</i>
                        <i>0.016359 0.999852 0.00531984 -0.938125 0.0171893 -0.34587 -0.345911 0.000667425 0.938267 0.0645116 1.19709 -0.106445</i>
                        <i>0.0170631 0.999832 0.00663199 -0.938062 0.0183039 -0.345985 -0.346048 -0.00031764 0.938217 0.0645116 1.19711 -0.106445</i>
                        <i>0.0178594 0.999808 0.00803464 -0.93799 0.0195366 -0.346111 -0.346202 -0.00135507 0.938159 0.0645116 1.19714 -0.106445</i>
                        <i>0.0186165 0.999783 0.00929706 -0.937922 0.0206842 -0.346228 -0.346345 -0.00227435 0.938104 0.0645116 1.19716 -0.106445</i>
                        <i>0.0191858 0.999764 0.0102051 -0.937871 0.0215331 -0.346314 -0.346452 -0.00292678 0.938063 0.0645116 1.19717 -0.106445</i>
                        <i>0.0194101 0.999756 0.0105538 -0.937851 0.0218644 -0.346348 -0.346494 -0.00317526 0.938047 0.0645116 1.19718 -0.106445</i>
                        <i>0.0196652 0.99975 0.0105978 -0.937836 0.022119 -0.346374 -0.346522 -0.00312753 0.938037 0.0645116 1.19718 -0.106445</i>
                        <i>0.0203294 0.999736 0.0107108 -0.937795 0.0227815 -0.346441 -0.346593 -0.00300158 0.938011 0.0645116 1.19718 -0.106445</i>
                        <i>0.0212528 0.999715 0.0108639 -0.937738 0.023701 -0.346533 -0.346692 -0.00282274 0.937975 0.0645116 1.19718 -0.106445</i>
                        <i>0.0222785 0.999691 0.0110292 -0.937674 0.0247207 -0.346636 -0.346801 -0.00261924 0.937935 0.0645116 1.19718 -0.106445</i>
                        <i>0.0232379 0.999667 0.0111793 -0.937613 0.0256729 -0.346731 -0.346903 -0.00242454 0.937898 0.0645116 1.19718 -0.106445</i>
                        <i>0.0239506 0.999649 0.0112883 -0.937567 0.0263794 -0.346802 -0.346978 -0.0022774 0.937871 0.0645116 1.19718 -0.106445</i>
                        <i>0.0242294 0.999642 0.0113303 -0.937549 0.0266555 -0.346829 -0.347007 -0.00221924 0.93786 0.0645116 1.19718 -0.106445</i>
                        <i>0.0242203 0.999643 0.0113162 -0.93755 0.0266421 -0.346828 -0.347005 -0.00220921 0.937861 0.0645116 1.19718 -0.106445</i>
                        <i>0.024195 0.999644 0.0112769 -0.937553 0.0266047 -0.346824 -0.347001 -0.0021813 0.937862 0.0645116 1.19718 -0.106445</i>
                        <i>0.0241565 0.999645 0.0112171 -0.937557 0.0265478 -0.346818 -0.346993 -0.00213877 0.937865 0.0645116 1.19718 -0.106445</i>
                        <i>0.0241075 0.999647 0.0111412 -0.937561 0.0264755 -0.346811 -0.346984 -0.00208481 0.937869 0.0645116 1.19718 -0.106445</i>
                        <i>0.0240512 0.99965 0.0110539 -0.937567 0.0263924 -0.346803 -0.346973 -0.0020227 0.937873 0.0645116 1.19718 -0.106445</i>
                        <i>0.0239905 0.999652 0.0109596 -0.937572 0.0263027 -0.346794 -0.346962 -0.00195569 0.937877 0.0645116 1.19718 -0.106445</i>
                        <i>0.0239282 0.999655 0.0108631 -0.937578 0.0262108 -0.346785 -0.34695 -0.00188704 0.937882 0.0645116 1.19718 -0.106445</i>
                        <i>0.0238674 0.999657 0.0107688 -0.937584 0.026121 -0.346776 -0.346938 -0.00181997 0.937886 0.0645116 1.19718 -0.106445</i>
                        <i>0.023811 0.999659 0.0106813 -0.93759 0.0260378 -0.346768 -0.346928 -0.00175778 0.93789 0.0645116 1.19718 -0.106445</i>
                        <i>0.023762 0.999661 0.0106053 -0.937594 0.0259654 -0.34676 -0.346918 -0.0017037 0.937894 0.0645116 1.19718 -0.106445</i>
                        <i>0.0237233 0.999663 0.0105453 -0.937598 0.0259083 -0.346755 -0.346911 -0.00166103 0.937897 0.0645116 1.19718 -0.106445</i>
                        <i>0.023698 0.999664 0.0105059 -0.9376 0.0258708 -0.346751 -0.346906 -0.00163304 0.937898 0.0645116 1.19718 -0.106445</i>
                        <i>0.0236888 0.999664 0.0104917 -0.937601 0.0258574 -0.34675 -0.346904 -0.00162297 0.937899 0.0645116 1.19718 -0.106445</i>
                        <i>0.0243639 0.99964 0.0112266 -0.937544 0.0267457 -0.346838 -0.347014 -0.00207506 0.937858 0.0645116 1.19718 -0.106445</i>
                        <i>0.026067 0.999575 0.0130421 -0.937396 0.0289738 -0.347059 -0.34729 -0.00317881 0.937752 0.0645116 1.19718 -0.106445</i>
                        <i>0.0283131 0.999481 0.0153563 -0.937195 0.0318854 -0.347346 -0.347655 -0.00455741 0.937611 0.0645116 1.19718 -0.106445</i>
                        <i>0.0305943 0.999377 0.0176185 -0.936985 0.0348129 -0.34763 -0.348027 -0.00587276 0.937466 0.0645116 1.19718 -0.106445</i>
                        <i>0.0323722 0.999289 0.0193233 -0.936817 0.0370748 -0.347849 -0.348318 -0.0068418 0.937352 0.0645116 1.19718 -0.106445</i>
                        <i>0.0330888 0.999252 0.0199966 -0.936749 0.0379818 -0.347935 -0.348435 -0.00721905 0.937305 0.0645116 1.19718 -0.106445</i>
                        <i>0.0328133 0.999266 0.0197663 -0.936774 0.037643 -0.347903 -0.348392 -0.00710069 0.937322 0.0645116 1.19718 -0.106445</i>
                        <i>0.0321257 0.9993 0.0191885 -0.936838 0.0367965 -0.347822 -0.348284 -0.00680255 0.937364 0.0645116 1.19718 -0.106445</i>
                        <i>0.0312342 0.999342 0.0184335 -0.93692 0.0356971 -0.347716 -0.348145 -0.00641011 0.937419 0.0645116 1.19718 -0.106445</i>
                        <i>0.0303455 0.999383 0.017674 -0.937001 0.0345988 -0.34761 -0.348007 -0.00601215 0.937473 0.0645116 1.19718 -0.106445</i>
                        <i>0.0296638 0.999414 0.0170867 -0.937062 0.0337547 -0.347528 -0.347901 -0.00570227 0.937514 0.0645116 1.19718 -0.106445</i>
                        <i>0.0293916 0.999426 0.016851 -0.937086 0.0334173 -0.347495 -0.347859 -0.00557741 0.93753 0.0645116 1.19718 -0.106445</i>
                        <i>0.0286184 0.999506 0.0129983 -0.937232 0.0313518 -0.347293 -0.347529 -0.00224346 0.937666 0.0645116 1.19718 -0.106445</i>
                        <i>0.0272665 0.99962 0.00394124 -0.937531 0.0269405 -0.346858 -0.346832 0.00576256 0.93791 0.0645116 1.19718 -0.106445</i>
                        <i>0.0264413 0.999633 -0.00593224 -0.937797 0.0227498 -0.346437 -0.346175 0.0147235 0.938054 0.0645116 1.19718 -0.106445</i>
                        <i>0.026255 0.999598 -0.0106943 -0.937908 0.0209302 -0.346253 -0.34589 0.0191211 0.93808 0.0645116 1.19718 -0.106445</i>
                        <i>0.025775 0.999618 -0.00995162 -0.937919 0.0207372 -0.346233 -0.345895 0.018258 0.938096 0.0645116 1.19718 -0.106445</i>
                        <i>0.0245328 0.999667 -0.008029 -0.937949 0.0202378 -0.346183 -0.345905 0.0160236 0.938133 0.0645116 1.19718 -0.106445</i>
                        <i>0.0228213 0.999725 -0.00542421 -0.93799 0.0195341 -0.346111 -0.34591 0.0129865 0.938178 0.0645116 1.19714 -0.106445</i>
                        <i>0.020923 0.999778 -0.00261651 -0.938037 0.0187253 -0.346028 -0.345902 0.00969431 0.938221 0.0645116 1.19704 -0.106445</i>
                        <i>0.0190989 0.999818 -4.57093e-006 -0.938084 0.0179181 -0.345945 -0.345882 0.00661148 0.938255 0.0645116 1.19687 -0.106445</i>
                        <i>0.0175626 0.999844 0.00208485 -0.938124 0.0171997 -0.345871 -0.345853 0.00411855 0.93828 0.0645116 1.19665 -0.106445</i>
                        <i>0.0164852 0.999858 0.0033893 -0.938156 0.0166401 -0.345814 -0.345821 0.00252113 0.938297 0.0645116 1.19638 -0.106445</i>
                        <i>0.0160188 0.999865 0.0036799 -0.938174 0.016303 -0.345779 -0.345792 0.00208657 0.938309 0.0645116 1.19607 -0.106445</i>
                        <i>0.0154876 0.999876 0.00299041 -0.938215 0.0155665 -0.345703 -0.345706 0.00254847 0.938339 0.0645116 1.19572 -0.106445</i>
                        <i>0.0141975 0.999898 0.00157371 -0.938307 0.0138668 -0.345526 -0.345513 0.003429 0.938408 0.0645116 1.19535 -0.106445</i>
                        <i>0.0122853 0.999924 -0.000483062 -0.938437 0.0113631 -0.345265 -0.345233 0.00469501 0.938505 0.0645116 1.19496 -0.106445</i>
                        <i>0.00989161 0.999946 -0.00309772 -0.938592 0.00821612 -0.344932 -0.344889 0.00631943 0.938622 0.0645116 1.19455 -0.106445</i>
                        <i>0.00715582 0.999955 -0.00618729 -0.938759 0.00458599 -0.344545 -0.344501 0.00827388 0.938749 0.0645116 1.19414 -0.106445</i>
                        <i>0.00421196 0.999944 -0.00966354 -0.938926 0.00062936 -0.344118 -0.344092 0.0105228 0.938877 0.0645116 1.19372 -0.106445</i>
                        <i>0.00118513 0.999909 -0.0134298 -0.939086 -0.00350274 -0.343665 -0.343681 0.013019 0.938996 0.0645116 1.19331 -0.106445</i>
                        <i>-0.00181144 0.999847 -0.0173792 -0.93923 -0.00766714 -0.343204 -0.343284 0.0157014 0.9391 0.0645116 1.19292 -0.106445</i>
                        <i>-0.00467845 0.99976 -0.021394 -0.939354 -0.0117303 -0.342747 -0.342916 0.018493 0.939184 0.0645116 1.19255 -0.106445</i>
                        <i>-0.00733168 0.999652 -0.0253459 -0.939458 -0.0155694 -0.342311 -0.342586 0.0213017 0.939245 0.0645116 1.1922 -0.106445</i>
                        <i>-0.00970201 0.999529 -0.0290975 -0.93954 -0.0190731 -0.341908 -0.342302 0.024021 0.939283 0.0645116 1.19189 -0.106445</i>
                        <i>-0.0117341 0.999403 -0.0325039 -0.939602 -0.0221403 -0.341552 -0.342067 0.0265329 0.939301 0.0645116 1.19162 -0.106445</i>
                        <i>-0.0133833 0.999283 -0.0354152 -0.939647 -0.0246789 -0.341254 -0.341884 0.0287106 0.939304 0.0645116 1.1914 -0.106445</i>
                        <i>-0.0146121 0.999183 -0.0376793 -0.939677 -0.026602 -0.341028 -0.341751 0.0304233 0.939298 0.0645116 1.19123 -0.106445</i>
                        <i>-0.015383 0.999115 -0.039145 -0.939694 -0.0278238 -0.340883 -0.34167 0.0315405 0.93929 0.0645116 1.19113 -0.106445</i>
                        <i>-0.015652 0.99909 -0.039665 -0.9397 -0.028253 -0.340832 -0.341643 0.0319385 0.939287 0.0645116 1.19109 -0.106445</i>
                    </KeyFrames>
                </p>
            </i>
            <i>
                <p>
                    <Name><![CDATA[spine1]]></Name>
                    <Exclude>0</Exclude>
                    <Additive>0</Additive>
                    <IKPriority>0</IKPriority>
                    <IKRotLimits>-1e+010 -1e+010 -1e+010 1e+010 1e+010 1e+010</IKRotLimits>
                    <IKRotLimitOrder>0</IKRotLimitOrder>
                    <KeyFrames count="77">
                        <i>0.0378511 0.999001 0.0237409 -0.979323 0.0418094 -0.197935 -0.198729 -0.015758 0.979928 0.0618392 1.36155 -0.113207</i>
                        <i>0.0378511 0.999001 0.0237409 -0.979323 0.0418094 -0.197935 -0.198729 -0.015758 0.979928 0.0618392 1.36155 -0.113207</i>
                        <i>0.0378511 0.999001 0.0237409 -0.979323 0.0418094 -0.197935 -0.198729 -0.015758 0.979928 0.0618392 1.36155 -0.113207</i>
                        <i>0.0378511 0.999001 0.0237409 -0.979323 0.0418094 -0.197935 -0.198729 -0.015758 0.979928 0.0618392 1.36155 -0.113207</i>
                        <i>0.0393874 0.998655 0.0337062 -0.981785 0.0449526 -0.184602 -0.185869 -0.0258212 0.982235 0.0621423 1.36202 -0.112609</i>
                        <i>0.0446484 0.99729 0.0584669 -0.987101 0.0530479 -0.151054 -0.153746 -0.0509684 0.986795 0.0629673 1.36318 -0.111141</i>
                        <i>0.0544923 0.99444 0.0901108 -0.992189 0.0640675 -0.10703 -0.112208 -0.0835747 0.990164 0.0641803 1.36468 -0.1093</i>
                        <i>0.0676641 0.990367 0.120812 -0.995168 0.0756306 -0.0626173 -0.0711512 -0.115991 0.990699 0.0655473 1.36617 -0.107545</i>
                        <i>0.0799943 0.986402 0.143569 -0.995991 0.0848826 -0.0282434 -0.0400458 -0.140734 0.989237 0.0667 1.3673 -0.10626</i>
                        <i>0.0854463 0.984615 0.152423 -0.995956 0.088668 -0.0144528 -0.0277455 -0.150572 0.98821 0.067185 1.36775 -0.105763</i>
                        <i>0.0848689 0.984366 0.154337 -0.996051 0.0878696 -0.0127136 -0.0260764 -0.152648 0.987936 0.0672166 1.36772 -0.105698</i>
                        <i>0.083422 0.983705 0.159265 -0.996277 0.0858183 -0.00821573 -0.0217497 -0.157986 0.987202 0.0672998 1.36763 -0.105532</i>
                        <i>0.0815426 0.98275 0.165988 -0.996545 0.0830311 -0.0020364 -0.0157835 -0.165249 0.986126 0.0674172 1.36751 -0.105308</i>
                        <i>0.0796253 0.981646 0.173293 -0.996782 0.0800174 0.00473395 -0.00921936 -0.173112 0.984859 0.06755 1.36738 -0.10507</i>
                        <i>0.0779859 0.980575 0.179975 -0.996949 0.0772726 0.0109818 -0.00313859 -0.180282 0.98361 0.0676762 1.36727 -0.104855</i>
                        <i>0.0768599 0.979757 0.184847 -0.997041 0.075278 0.0155713 0.00134121 -0.185497 0.982644 0.067771 1.36718 -0.104701</i>
                        <i>0.0764399 0.979432 0.186733 -0.997069 0.0745075 0.0173554 0.00308552 -0.187512 0.982257 0.0678083 1.36715 -0.104642</i>
                        <i>0.0786049 0.979339 0.186321 -0.996902 0.0766753 0.0175515 0.0029026 -0.187123 0.982332 0.0678529 1.36721 -0.104634</i>
                        <i>0.0841875 0.979076 0.185266 -0.996447 0.082263 0.0180643 0.00244584 -0.186128 0.982522 0.0679693 1.36735 -0.104614</i>
                        <i>0.0918185 0.978659 0.183835 -0.995774 0.089896 0.0187829 0.00185605 -0.184783 0.982778 0.0681312 1.36756 -0.104587</i>
                        <i>0.100129 0.978133 0.182293 -0.994974 0.0982025 0.0195885 0.00125856 -0.183338 0.983049 0.0683115 1.36777 -0.104558</i>
                        <i>0.107753 0.977582 0.180893 -0.994177 0.105817 0.0203487 0.000751016 -0.182032 0.983292 0.0684803 1.36797 -0.104531</i>
                        <i>0.113326 0.977139 0.179878 -0.993558 0.111379 0.020917 0.000404263 -0.181089 0.983467 0.0686059 1.36812 -0.104512</i>
                        <i>0.115486 0.976958 0.179486 -0.993309 0.113535 0.0211403 0.000275312 -0.180727 0.983533 0.0686551 1.36817 -0.104504</i>
                        <i>0.115432 0.97698 0.179405 -0.993315 0.113486 0.0211039 0.000258089 -0.180642 0.983549 0.0686535 1.36817 -0.104506</i>
                        <i>0.115282 0.977039 0.179179 -0.993333 0.113352 0.0210028 0.0002101 -0.180406 0.983592 0.0686492 1.36817 -0.104513</i>
                        <i>0.115053 0.977129 0.178835 -0.993359 0.113148 0.0208485 0.000136823 -0.180046 0.983658 0.0686425 1.36817 -0.104523</i>
                        <i>0.114763 0.977243 0.178399 -0.993393 0.112889 0.020653 4.36667e-005 -0.17959 0.983741 0.0686341 1.36817 -0.104536</i>
                        <i>0.11443 0.977373 0.177897 -0.993431 0.112592 0.020428 -6.39331e-005 -0.179066 0.983837 0.0686245 1.36817 -0.104551</i>
                        <i>0.11407 0.977514 0.177355 -0.993473 0.112271 0.0201852 -0.000180435 -0.1785 0.98394 0.068614 1.36817 -0.104567</i>
                        <i>0.113703 0.977657 0.1768 -0.993515 0.111942 0.0199365 -0.000300288 -0.177921 0.984045 0.0686033 1.36817 -0.104584</i>
                        <i>0.113344 0.977797 0.176259 -0.993556 0.11162 0.0196936 -0.000417709 -0.177355 0.984147 0.0685929 1.36816 -0.1046</i>
                        <i>0.113011 0.977926 0.175756 -0.993594 0.111323 0.0194684 -0.000527048 -0.17683 0.984241 0.0685832 1.36816 -0.104615</i>
                        <i>0.112722 0.978037 0.175319 -0.993626 0.111064 0.0192726 -0.000622348 -0.176374 0.984323 0.0685748 1.36816 -0.104628</i>
                        <i>0.112494 0.978125 0.174975 -0.993652 0.11086 0.0191181 -0.000697752 -0.176015 0.984387 0.0685682 1.36816 -0.104638</i>
                        <i>0.112345 0.978183 0.174748 -0.993669 0.110726 0.0190168 -0.000747355 -0.175779 0.984429 0.0685638 1.36816 -0.104645</i>
                        <i>0.112291 0.978203 0.174667 -0.993675 0.110678 0.0189804 -0.000765171 -0.175694 0.984445 0.0685622 1.36816 -0.104648</i>
                        <i>0.113745 0.977447 0.17793 -0.993508 0.111509 0.0225514 0.00220207 -0.17934 0.983785 0.0686773 1.36814 -0.104522</i>
                        <i>0.117498 0.975494 0.186024 -0.993027 0.113605 0.0314915 0.00958654 -0.188427 0.98204 0.0689676 1.3681 -0.104212</i>
                        <i>0.122626 0.972824 0.19641 -0.992269 0.116367 0.0431386 0.0191106 -0.200181 0.979573 0.0693503 1.36804 -0.103816</i>
                        <i>0.12803 0.970006 0.206633 -0.991359 0.119172 0.0548121 0.0285432 -0.211865 0.976882 0.0697389 1.36798 -0.10343</i>
                        <i>0.132373 0.967739 0.214381 -0.990556 0.121359 0.0638084 0.0357329 -0.220802 0.974664 0.0700416 1.36793 -0.103139</i>
                        <i>0.134155 0.966808 0.217451 -0.990209 0.12224 0.0674108 0.0385921 -0.224365 0.973741 0.0701636 1.36791 -0.103024</i>
                        <i>0.133235 0.96715 0.216494 -0.990367 0.121614 0.0662039 0.0377004 -0.223229 0.974037 0.0701164 1.36791 -0.103064</i>
                        <i>0.130945 0.967997 0.214093 -0.990755 0.120049 0.0631865 0.0354625 -0.220388 0.974767 0.0699986 1.3679 -0.103163</i>
                        <i>0.127991 0.96908 0.210954 -0.991242 0.118017 0.059264 0.0325353 -0.216692 0.975698 0.0698458 1.3679 -0.103292</i>
                        <i>0.125062 0.970145 0.207794 -0.991708 0.115988 0.0553417 0.0295878 -0.212992 0.976606 0.0696936 1.36789 -0.103422</i>
                        <i>0.122826 0.970951 0.205349 -0.992052 0.114429 0.0523248 0.0273069 -0.210144 0.977289 0.0695768 1.36788 -0.103522</i>
                        <i>0.121936 0.97127 0.204368 -0.992187 0.113806 0.0511181 0.0263912 -0.209004 0.977559 0.0695302 1.36788 -0.103563</i>
                        <i>0.121845 0.976574 0.177364 -0.992358 0.116357 0.0410603 0.0194609 -0.181012 0.983288 0.0694093 1.36826 -0.104218</i>
                        <i>0.123865 0.98531 0.117566 -0.992285 0.122368 0.0198921 0.00521361 -0.119123 0.992866 0.0692011 1.36907 -0.10577</i>
                        <i>0.128785 0.990001 0.0575524 -0.991645 0.128995 6.45745e-005 -0.00736007 -0.0570798 0.998342 0.0690811 1.36984 -0.107476</i>
                        <i>0.131926 0.990796 0.0303005 -0.991182 0.132237 -0.00849737 -0.012426 -0.0289123 0.999505 0.0690585 1.37017 -0.108304</i>
                        <i>0.130021 0.990873 0.0355611 -0.991422 0.130408 -0.00876829 -0.0133257 -0.0341159 0.999329 0.0689729 1.37008 -0.108174</i>
                        <i>0.124978 0.990925 0.0494674 -0.992038 0.125589 -0.00941289 -0.01554 -0.0478971 0.998731 0.0687514 1.36984 -0.107838</i>
                        <i>0.11779 0.990624 0.0692073 -0.99287 0.118766 -0.0101483 -0.0182727 -0.0675185 0.997551 0.0684468 1.36945 -0.107385</i>
                        <i>0.109481 0.989729 0.0919311 -0.993771 0.110926 -0.0107375 -0.0208248 -0.0901828 0.995707 0.0681098 1.36893 -0.106897</i>
                        <i>0.101123 0.988235 0.114738 -0.994614 0.10306 -0.0110569 -0.0227517 -0.113002 0.993334 0.0677869 1.36833 -0.106445</i>
                        <i>0.0938063 0.98644 0.134671 -0.995303 0.0961664 -0.0111132 -0.0239133 -0.132996 0.990828 0.0675157 1.36772 -0.106086</i>
                        <i>0.0886113 0.984898 0.148743 -0.995767 0.0912536 -0.0110209 -0.0244278 -0.147137 0.988814 0.0673261 1.36717 -0.105862</i>
                        <i>0.0865996 0.984273 0.15397 -0.995941 0.0893375 -0.0109393 -0.0245225 -0.152398 0.988015 0.0672444 1.36676 -0.105812</i>
                        <i>0.0856735 0.984588 0.152469 -0.995974 0.0886843 -0.0130442 -0.0263647 -0.150737 0.988222 0.0671538 1.36641 -0.10593</i>
                        <i>0.0832239 0.985398 0.14854 -0.996027 0.0869932 -0.0190501 -0.0316939 -0.146365 0.988723 0.0669334 1.36603 -0.106171</i>
                        <i>0.0795686 0.986594 0.142483 -0.996025 0.0844297 -0.0283932 -0.0400423 -0.139657 0.98939 0.0666068 1.36564 -0.106523</i>
                        <i>0.0750504 0.988056 0.134583 -0.995878 0.0811619 -0.0405063 -0.0509456 -0.130989 0.990074 0.0661981 1.36522 -0.106969</i>
                        <i>0.0700131 0.989666 0.125136 -0.995495 0.0773571 -0.05482 -0.0639337 -0.120734 0.990624 0.065731 1.36479 -0.107496</i>
                        <i>0.064781 0.991314 0.114452 -0.994805 0.0731792 -0.0707646 -0.0785254 -0.109273 0.990905 0.0652285 1.36436 -0.108089</i>
                        <i>0.0596419 0.992905 0.102868 -0.993763 0.0687868 -0.0877715 -0.0942248 -0.096992 0.990815 0.064712 1.36394 -0.108731</i>
                        <i>0.0548339 0.994363 0.0907492 -0.99236 0.0643313 -0.105276 -0.110521 -0.0842831 0.990294 0.0642006 1.36352 -0.109405</i>
                        <i>0.0505359 0.995634 0.0784833 -0.990629 0.0599555 -0.122719 -0.126889 -0.0715461 0.989333 0.0637115 1.36312 -0.11009</i>
                        <i>0.0468631 0.996687 0.06648 -0.988642 0.055793 -0.139551 -0.142798 -0.0591851 0.987981 0.0632588 1.36276 -0.110764</i>
                        <i>0.0438683 0.997513 0.0551614 -0.986511 0.0519685 -0.155229 -0.157709 -0.0476077 0.986337 0.0628544 1.36242 -0.111404</i>
                        <i>0.0415483 0.998125 0.0449557 -0.984379 0.0485979 -0.169222 -0.171089 -0.0372226 0.984552 0.0625077 1.36213 -0.111985</i>
                        <i>0.0398564 0.998546 0.036291 -0.982416 0.045791 -0.181005 -0.182404 -0.0284386 0.982812 0.0622263 1.36189 -0.112482</i>
                        <i>0.0387207 0.998812 0.0295904 -0.980801 0.0436532 -0.190063 -0.191129 -0.0216629 0.981326 0.0620167 1.36171 -0.112868</i>
                        <i>0.0380676 0.998956 0.0252706 -0.979716 0.0422896 -0.195879 -0.196743 -0.0173014 0.980302 0.0618851 1.36159 -0.113119</i>
                        <i>0.0378511 0.999001 0.0237409 -0.979323 0.0418094 -0.197935 -0.198729 -0.015758 0.979928 0.0618392 1.36155 -0.113207</i>
                    </KeyFrames>
                </p>
            </i>
            <i>
                <p>
                    <Name><![CDATA[spine2]]></Name>
                    <Exclude>0</Exclude>
                    <Additive>0</Additive>
                    <IKPriority>0</IKPriority>
                    <IKRotLimits>-1e+010 -1e+010 -1e+010 1e+010 1e+010 1e+010</IKRotLimits>
                    <IKRotLimitOrder>0</IKRotLimitOrder>
                    <KeyFrames count="77">
                        <i>0.081845 0.996453 -0.0195503 -0.99559 0.0808402 -0.0475951 -0.0458458 0.0233595 0.998675 0.0679432 1.51857 -0.109447</i>
                        <i>0.081845 0.996453 -0.0195503 -0.99559 0.0808402 -0.0475951 -0.0458458 0.0233595 0.998675 0.0679432 1.51857 -0.109447</i>
                        <i>0.081845 0.996453 -0.0195503 -0.99559 0.0808402 -0.0475951 -0.0458458 0.0233595 0.998675 0.0679432 1.51857 -0.109447</i>
                        <i>0.081845 0.996453 -0.0195503 -0.99559 0.0808402 -0.0475951 -0.0458458 0.0233595 0.998675 0.0679432 1.51857 -0.109447</i>
                        <i>0.0821402 0.996589 -0.00798534 -0.996455 0.0819779 -0.018883 -0.0181639 0.00950809 0.99979 0.0685013 1.51897 -0.10728</i>
                        <i>0.0848444 0.996176 0.0208752 -0.995091 0.0836435 0.0528979 0.0509495 -0.0252608 0.998382 0.070187 1.5199 -0.101914</i>
                        <i>0.0925257 0.994024 0.0579179 -0.985826 0.0832767 0.145641 0.139947 -0.0705725 0.987641 0.072992 1.52094 -0.0950935</i>
                        <i>0.104817 0.99005 0.0938825 -0.968235 0.080045 0.236884 0.227013 -0.11573 0.966991 0.0764754 1.52179 -0.0885067</i>
                        <i>0.117305 0.985763 0.120458 -0.949189 0.0756228 0.305485 0.292027 -0.150172 0.944547 0.0796027 1.5223 -0.0836395</i>
                        <i>0.123013 0.983753 0.130761 -0.940265 0.0733873 0.33244 0.317442 -0.163844 0.934016 0.0809596 1.52248 -0.0817484</i>
                        <i>0.12153 0.983562 0.133552 -0.93927 0.0704518 0.335869 0.320939 -0.16626 0.932393 0.080899 1.52237 -0.0813888</i>
                        <i>0.117777 0.983015 0.140746 -0.936616 0.0628683 0.34467 0.329968 -0.172419 0.928112 0.0807514 1.52208 -0.0804645</i>
                        <i>0.11281 0.982142 0.150567 -0.93278 0.0524712 0.356607 0.342338 -0.180675 0.922042 0.0805694 1.52168 -0.0792081</i>
                        <i>0.107619 0.98103 0.161241 -0.92833 0.041111 0.369478 0.35584 -0.189448 0.915143 0.0803972 1.52123 -0.0778492</i>
                        <i>0.103058 0.979865 0.17101 -0.923998 0.0306592 0.381166 0.368248 -0.197295 0.908553 0.0802629 1.52082 -0.0766115</i>
                        <i>0.0998452 0.978927 0.178135 -0.920682 0.0230025 0.389636 0.377327 -0.202909 0.903577 0.080179 1.52052 -0.0757122</i>
                        <i>0.0986277 0.978545 0.180893 -0.919362 0.020031 0.392902 0.380848 -0.205058 0.901613 0.0801497 1.5204 -0.0753649</i>
                        <i>0.102444 0.978297 0.180113 -0.919132 0.023852 0.393228 0.380398 -0.205832 0.901627 0.0805377 1.5205 -0.0754106</i>
                        <i>0.112278 0.977585 0.178105 -0.918463 0.0336931 0.394068 0.379234 -0.207828 0.901659 0.0815402 1.52074 -0.0755281</i>
                        <i>0.125702 0.976445 0.175368 -0.917379 0.047118 0.395216 0.377644 -0.210558 0.901693 0.082916 1.52106 -0.0756875</i>
                        <i>0.140296 0.974985 0.172398 -0.915974 0.0617009 0.396465 0.37591 -0.213534 0.901718 0.0844213 1.5214 -0.0758596</i>
                        <i>0.153657 0.973446 0.169683 -0.914481 0.0750416 0.39761 0.374318 -0.216268 0.901728 0.0858087 1.52169 -0.0760163</i>
                        <i>0.163408 0.9722 0.167704 -0.913266 0.0847703 0.398447 0.373153 -0.218268 0.901729 0.0868267 1.5219 -0.07613</i>
                        <i>0.167184 0.97169 0.166938 -0.912767 0.0885359 0.398771 0.372702 -0.219044 0.901728 0.0872222 1.52198 -0.0761739</i>
                        <i>0.167094 0.971727 0.16681 -0.912796 0.0885169 0.398708 0.37267 -0.218885 0.901779 0.0872121 1.52198 -0.0761891</i>
                        <i>0.166845 0.971832 0.166451 -0.912877 0.0884639 0.398534 0.372583 -0.218443 0.901923 0.0871839 1.52199 -0.0762315</i>
                        <i>0.166464 0.97199 0.165905 -0.913001 0.088383 0.398268 0.37245 -0.217769 0.902141 0.0871411 1.522 -0.0762961</i>
                        <i>0.165983 0.972191 0.165212 -0.913158 0.0882802 0.397932 0.37228 -0.216915 0.902416 0.0870867 1.52202 -0.076378</i>
                        <i>0.165428 0.97242 0.164415 -0.913338 0.0881616 0.397544 0.372085 -0.215931 0.902733 0.0870242 1.52204 -0.0764723</i>
