<?xml version="1.0" encoding="ISO-8859-1" ?>
<Animl Version="1">
    <ModellingPackage><![CDATA[Maya.2010]]></ModellingPackage>
    <SrcFile><![CDATA[anims\characters\shared\commando\~src\commando_run_forward.mb]]></SrcFile>
    <FramesPerSecond>30</FramesPerSecond>
    <TotalFrames>25</TotalFrames>
    <Skeleton>
        <RefFrame>
            <Name><![CDATA[commando_ref_frame]]></Name>
            <Exclude>0</Exclude>
            <Additive>0</Additive>
            <IKPriority>0</IKPriority>
            <IKRotLimits>-1e+010 -1e+010 -1e+010 1e+010 1e+010 1e+010</IKRotLimits>
            <IKRotLimitOrder>0</IKRotLimitOrder>
            <KeyFrames count="25">
                <i>1 0 0 0 1 0 0 0 1 0.07393 0 -0.07737</i>
                <i>1 0 0 0 1 0 0 0 1 0.07393 0 0.44763</i>
                <i>1 0 0 0 1 0 0 0 1 0.07393 0 0.97263</i>
                <i>1 0 0 0 1 0 0 0 1 0.07393 0 1.49763</i>
                <i>1 0 0 0 1 0 0 0 1 0.07393 0 2.02263</i>
                <i>1 0 0 0 1 0 0 0 1 0.07393 0 2.54763</i>
                <i>1 0 0 0 1 0 0 0 1 0.07393 0 3.07263</i>
                <i>1 0 0 0 1 0 0 0 1 0.07393 0 3.59763</i>
                <i>1 0 0 0 1 0 0 0 1 0.07393 0 4.12263</i>
                <i>1 0 0 0 1 0 0 0 1 0.07393 0 4.64763</i>
                <i>1 0 0 0 1 0 0 0 1 0.07393 0 5.17263</i>
                <i>1 0 0 0 1 0 0 0 1 0.07393 0 5.69763</i>
                <i>1 0 0 0 1 0 0 0 1 0.07393 0 6.22263</i>
                <i>1 0 0 0 1 0 0 0 1 0.07393 0 6.74763</i>
                <i>1 0 0 0 1 0 0 0 1 0.07393 0 7.27263</i>
                <i>1 0 0 0 1 0 0 0 1 0.07393 0 7.79763</i>
                <i>1 0 0 0 1 0 0 0 1 0.07393 0 8.32263</i>
                <i>1 0 0 0 1 0 0 0 1 0.07393 0 8.84763</i>
                <i>1 0 0 0 1 0 0 0 1 0.07393 0 9.37263</i>
                <i>1 0 0 0 1 0 0 0 1 0.07393 0 9.89763</i>
                <i>1 0 0 0 1 0 0 0 1 0.07393 0 10.4226</i>
                <i>1 0 0 0 1 0 0 0 1 0.07393 0 10.9476</i>
                <i>1 0 0 0 1 0 0 0 1 0.07393 0 11.4726</i>
                <i>1 0 0 0 1 0 0 0 1 0.07393 0 11.9976</i>
                <i>1 0 0 0 1 0 0 0 1 0.07393 0 12.5226</i>
            </KeyFrames>
        </RefFrame>
        <Bones count="28">
            <i>
                <p>
                    <Name><![CDATA[pelvis]]></Name>
                    <Exclude>0</Exclude>
                    <Additive>0</Additive>
                    <IKPriority>0</IKPriority>
                    <IKRotLimits>-1e+010 -1e+010 -1e+010 1e+010 1e+010 1e+010</IKRotLimits>
                    <IKRotLimitOrder>2</IKRotLimitOrder>
                    <KeyFrames count="25">
                        <i>1 0 0 0 1 0 0 0 1 0.0739294 1.1271 -0.0773697</i>
                        <i>1 0 0 0 1 0 0 0 1 0.0956919 1.11835 0.449155</i>
                        <i>1 0 0 0 1 0 0 0 1 0.117487 1.11019 0.975404</i>
                        <i>1 0 0 0 1 0 0 0 1 0.125965 1.10267 1.50083</i>
                        <i>1 0 0 0 1 0 0 0 1 0.118813 1.12893 2.02542</i>
                        <i>1 0 0 0 1 0 0 0 1 0.104729 1.16117 2.5498</i>
                        <i>1 0 0 0 1 0 0 0 1 0.0868998 1.18498 3.07447</i>
                        <i>1 0 0 0 1 0 0 0 1 0.0685276 1.19638 3.59978</i>
                        <i>1 0 0 0 1 0 0 0 1 0.052794 1.19871 4.12583</i>
                        <i>1 0 0 0 1 0 0 0 1 0.0401137 1.19402 4.65314</i>
                        <i>1 0 0 0 1 0 0 0 1 0.0283719 1.17857 5.18131</i>
                        <i>1 0 0 0 1 0 0 0 1 0.01695 1.14903 5.70905</i>
                        <i>1 0 0 0 1 0 0 0 1 0.00528445 1.12452 6.23519</i>
                        <i>1 0 0 0 1 0 0 0 1 -0.00990234 1.1116 6.75802</i>
                        <i>1 0 0 0 1 0 0 0 1 -0.0250691 1.10176 7.27878</i>
                        <i>1 0 0 0 1 0 0 0 1 -0.0305514 1.09212 7.80083</i>
                        <i>1 0 0 0 1 0 0 0 1 -0.0249283 1.12176 8.32537</i>
                        <i>1 0 0 0 1 0 0 0 1 -0.0145251 1.15815 8.85101</i>
                        <i>1 0 0 0 1 0 0 0 1 -0.00136977 1.18491 9.37733</i>
                        <i>1 0 0 0 1 0 0 0 1 0.012551 1.1978 9.90374</i>
                        <i>1 0 0 0 1 0 0 0 1 0.0253188 1.20067 10.4294</i>
                        <i>1 0 0 0 1 0 0 0 1 0.0373818 1.19573 10.9538</i>
                        <i>1 0 0 0 1 0 0 0 1 0.0499726 1.1788 11.477</i>
                        <i>1 0 0 0 1 0 0 0 1 0.0623818 1.14764 11.9998</i>
                        <i>1 0 0 0 1 0 0 0 1 0.0739294 1.1271 12.5226</i>
                    </KeyFrames>
                </p>
            </i>
            <i>
                <p>
                    <Name><![CDATA[spine0]]></Name>
                    <Exclude>0</Exclude>
                    <Additive>0</Additive>
                    <IKPriority>0</IKPriority>
                    <IKRotLimits>-1e+010 -1e+010 -1e+010 1e+010 1e+010 1e+010</IKRotLimits>
                    <IKRotLimitOrder>0</IKRotLimitOrder>
                    <KeyFrames count="25">
                        <i>0.0359828 0.890458 0.45364 -0.966711 0.146084 -0.210071 -0.253329 -0.430979 0.866072 0.0801719 1.26939 -0.0976138</i>
                        <i>0.00591993 0.891631 0.452725 -0.979247 0.0968877 -0.178013 -0.202585 -0.442276 0.8737 0.100825 1.26059 0.428203</i>
                        <i>-0.0235371 0.891257 0.452886 -0.992688 0.0328106 -0.116161 -0.118389 -0.452309 0.883969 0.118693 1.25246 0.95409</i>
                        <i>-0.0376343 0.890169 0.454074 -0.998551 -0.0160068 -0.0513816 -0.03847 -0.45535 0.889481 0.124017 1.24496 1.47976</i>
                        <i>-0.0324717 0.889429 0.455919 -0.999017 -0.0426582 0.0120672 0.0301816 -0.455079 0.88994 0.115422 1.27131 2.00507</i>
                        <i>-0.016869 0.889141 0.457322 -0.99475 -0.0610975 0.0820949 0.100935 -0.453536 0.885504 0.100354 1.30367 2.53058</i>
                        <i>0.00433637 0.889147 0.4576 -0.986192 -0.0719545 0.149158 0.16555 -0.451929 0.876558 0.082102 1.32764 3.05653</i>
                        <i>0.0260822 0.889162 0.456849 -0.975927 -0.0763422 0.204301 0.216534 -0.45118 0.865766 0.0637849 1.33917 3.58291</i>
                        <i>0.043242 0.888967 0.455925 -0.968005 -0.0756245 0.239263 0.247176 -0.451684 0.857254 0.0483537 1.34157 4.10952</i>
                        <i>0.0513504 0.889652 0.453742 -0.966931 -0.0693606 0.245424 0.249814 -0.45134 0.856671 0.0352932 1.33683 4.63643</i>
                        <i>0.0529041 0.891495 0.449931 -0.972254 -0.0568276 0.226918 0.227865 -0.449453 0.863753 0.0223152 1.32118 5.16336</i>
                        <i>0.0532975 0.893142 0.446606 -0.980072 -0.0389182 0.194791 0.191357 -0.448088 0.873269 0.00969796 1.29138 5.68958</i>
                        <i>0.0577195 0.89322 0.4459 -0.986797 -0.0166571 0.161103 0.151328 -0.449311 0.880465 -0.00237698 1.26669 6.21454</i>
                        <i>0.073826 0.891144 0.447675 -0.991934 0.0192386 0.125283 0.103033 -0.453313 0.885376 -0.0166566 1.25373 6.73683</i>
                        <i>0.0939665 0.888044 0.450054 -0.994649 0.0642452 0.0809039 0.0429323 -0.455248 0.889329 -0.0301066 1.24394 7.25744</i>
                        <i>0.100258 0.886086 0.452549 -0.994849 0.0961276 0.0321827 -0.0149858 -0.453444 0.891159 -0.0340232 1.23433 7.77939</i>
                        <i>0.092291 0.886082 0.454247 -0.993127 0.114893 -0.0223398 -0.0719845 -0.449063 0.890596 -0.0271084 1.26396 8.30368</i>
                        <i>0.082399 0.886927 0.454501 -0.987611 0.133781 -0.0820148 -0.133545 -0.442113 0.886962 -0.0152759 1.30033 8.82907</i>
                        <i>0.071858 0.888506 0.453204 -0.978645 0.150542 -0.139968 -0.192589 -0.433468 0.880349 -0.000715148 1.32707 9.35524</i>
                        <i>0.0618615 0.890485 0.450788 -0.968233 0.163177 -0.18947 -0.242278 -0.424747 0.872291 0.01437 1.33995 9.88165</i>
                        <i>0.0534817 0.892374 0.448117 -0.959611 0.170054 -0.224115 -0.276199 -0.418033 0.865427 0.0278143 1.34284 10.4076</i>
                        <i>0.0473781 0.893073 0.447409 -0.955811 0.170636 -0.239391 -0.290137 -0.416297 0.861694 0.0404758 1.33798 10.9325</i>
                        <i>0.0429854 0.892401 0.449192 -0.956776 0.166211 -0.23865 -0.287632 -0.419518 0.860972 0.0540252 1.32114 11.4565</i>
                        <i>0.0394994 0.891233 0.451822 -0.960975 0.157785 -0.227226 -0.273803 -0.425214 0.862685 0.0675612 1.29001 11.9797</i>
                        <i>0.0359828 0.890458 0.45364 -0.966711 0.146084 -0.210071 -0.253329 -0.430979 0.866072 0.0801719 1.26939 12.5024</i>
                    </KeyFrames>
                </p>
            </i>
            <i>
                <p>
                    <Name><![CDATA[spine1]]></Name>
                    <Exclude>0</Exclude>
                    <Additive>0</Additive>
                    <IKPriority>0</IKPriority>
                    <IKRotLimits>-1e+010 -1e+010 -1e+010 1e+010 1e+010 1e+010</IKRotLimits>
                    <IKRotLimitOrder>0</IKRotLimitOrder>
                    <KeyFrames count="25">
                        <i>0.114284 0.752578 0.648511 -0.985818 0.166661 -0.0196787 -0.122891 -0.637064 0.760951 0.086687 1.43029 -0.0157034</i>
                        <i>0.0573168 0.757115 0.650763 -0.995866 0.0893695 -0.0162627 -0.0704711 -0.64714 0.759107 0.101905 1.42154 0.509869</i>
                        <i>0.0110221 0.759167 0.650802 -0.999922 0.0121995 0.00270394 -0.00588673 -0.650781 0.759243 0.114452 1.41332 1.03577</i>
                        <i>-0.0173324 0.75997 0.649727 -0.998708 -0.0442034 0.0250618 0.0477664 -0.648453 0.759755 0.11723 1.40556 1.56162</i>
                        <i>-0.027393 0.761034 0.648133 -0.995691 -0.0782405 0.0497873 0.0886001 -0.643976 0.759898 0.109571 1.43155 2.08715</i>
                        <i>-0.0269184 0.763529 0.645212 -0.99144 -0.102884 0.0803879 0.127761 -0.637525 0.759762 0.0973173 1.4635 2.61273</i>
                        <i>-0.0198359 0.766952 0.641398 -0.986552 -0.119117 0.111924 0.162241 -0.630552 0.759001 0.0828718 1.48712 3.13856</i>
                        <i>-0.00929124 0.770231 0.637697 -0.981897 -0.127683 0.139913 0.189189 -0.624853 0.757474 0.0684466 1.49846 3.6647</i>
                        <i>0.00215261 0.771949 0.635681 -0.978581 -0.129229 0.160244 0.205849 -0.622411 0.755137 0.0560875 1.50082 4.19114</i>
                        <i>0.0166362 0.772315 0.635022 -0.978508 -0.117981 0.169123 0.205536 -0.624187 0.753754 0.044486 1.49632 4.71773</i>
                        <i>0.0366235 0.771977 0.634595 -0.981415 -0.0919152 0.168453 0.188371 -0.62897 0.754263 0.0317993 1.48121 5.24407</i>
                        <i>0.0599596 0.770207 0.63497 -0.984987 -0.0575061 0.162765 0.161878 -0.635196 0.755196 0.0192752 1.45206 5.76987</i>
                        <i>0.0850331 0.766422 0.636684 -0.987287 -0.0213105 0.157511 0.134288 -0.641984 0.754867 0.00803089 1.4279 6.29496</i>
                        <i>0.120799 0.760567 0.637922 -0.987746 0.0281217 0.153514 0.0988181 -0.64865 0.754645 -0.00328529 1.41523 6.8179</i>
                        <i>0.160769 0.753312 0.637711 -0.985475 0.0867139 0.146009 0.054692 -0.651922 0.756311 -0.0130121 1.40555 7.33927</i>
                        <i>0.181642 0.747438 0.639016 -0.98317 0.125108 0.133134 0.0195629 -0.652444 0.757584 -0.0157391 1.39595 7.86186</i>
                        <i>0.184898 0.74393 0.642169 -0.982712 0.14628 0.11349 -0.00950813 -0.652051 0.758116 -0.0102692 1.42562 8.38647</i>
                        <i>0.186772 0.741263 0.644705 -0.981462 0.169509 0.0894349 -0.0429888 -0.649458 0.759181 -0.000241294 1.46209 8.91189</i>
                        <i>0.186828 0.740022 0.646114 -0.979482 0.190911 0.0645649 -0.0755706 -0.644919 0.760505 0.0123911 1.48899 9.43777</i>
                        <i>0.184869 0.740488 0.646143 -0.977427 0.20696 0.0424744 -0.102274 -0.639409 0.762034 0.025644 1.50204 9.96364</i>
                        <i>0.18079 0.742665 0.644797 -0.97636 0.214495 0.0267035 -0.118474 -0.634382 0.763887 0.0375484 1.505 10.4889</i>
                        <i>0.171472 0.746009 0.643481 -0.977359 0.210996 0.0158284 -0.123963 -0.631626 0.765298 0.0490823 1.49991 11.0136</i>
                        <i>0.155556 0.749371 0.643619 -0.979994 0.198959 0.00520474 -0.124153 -0.631553 0.765328 0.0618179 1.4826 11.5378</i>
                        <i>0.135564 0.751794 0.645313 -0.983146 0.182711 -0.00632589 -0.122662 -0.633579 0.763892 0.0747126 1.45104 12.0613</i>
                        <i>0.114284 0.752578 0.648511 -0.985818 0.166661 -0.0196787 -0.122891 -0.637064 0.760951 0.086687 1.43029 12.5843</i>
                    </KeyFrames>
                </p>
            </i>
            <i>
                <p>
                    <Name><![CDATA[spine2]]></Name>
                    <Exclude>0</Exclude>
                    <Additive>0</Additive>
                    <IKPriority>0</IKPriority>
                    <IKRotLimits>-1e+010 -1e+010 -1e+010 1e+010 1e+010 1e+010</IKRotLimits>
                    <IKRotLimitOrder>0</IKRotLimitOrder>
                    <KeyFrames count="25">
                        <i>0.11418 0.811571 0.572988 -0.988987 0.0381833 0.142993 0.0941707 -0.583005 0.806993 0.105834 1.55529 0.092249</i>
                        <i>0.0765032 0.815359 0.573879 -0.99138 0.000806607 0.131014 0.10636 -0.578955 0.808392 0.111567 1.54717 0.618078</i>
                        <i>0.0451046 0.817986 0.573468 -0.992627 -0.0279518 0.117942 0.112505 -0.574559 0.810694 0.116402 1.53927 1.14395</i>
                        <i>0.0216402 0.819929 0.572056 -0.993223 -0.0477233 0.105974 0.114192 -0.570473 0.81334 0.114446 1.5316 1.66958</i>
                        <i>0.00488942 0.821879 0.569641 -0.993335 -0.0616086 0.0974151 0.115158 -0.56632 0.8161 0.105096 1.5576 2.19469</i>
                        <i>-0.00792115 0.824402 0.565949 -0.992979 -0.0732843 0.0928534 0.118024 -0.56124 0.819195 0.0929019 1.58969 2.71955</i>
                        <i>-0.0167524 0.827104 0.5618 -0.992324 -0.0826074 0.0920276 0.122525 -0.555946 0.822139 0.0796079 1.61361 3.24451</i>
                        <i>-0.0209571 0.829434 0.558212 -0.991521 -0.0888637 0.0948155 0.128248 -0.551492 0.824263 0.0669044 1.62533 3.76992</i>
                        <i>-0.0194329 0.830719 0.556353 -0.990701 -0.090946 0.101192 0.13466 -0.549214 0.824761 0.0564211 1.62799 4.29603</i>
                        <i>-0.010714 0.830772 0.556509 -0.990163 -0.086462 0.11001 0.13951 -0.549856 0.823526 0.0472095 1.62364 4.82259</i>
                        <i>0.00434915 0.829915 0.557873 -0.989793 -0.0758974 0.120625 0.142449 -0.552703 0.821114 0.0378358 1.60862 5.349</i>
                        <i>0.0233386 0.828175 0.559984 -0.98904 -0.0625573 0.133738 0.14579 -0.556968 0.817638 0.0292016 1.57945 5.87509</i>
                        <i>0.0442412 0.825674 0.562409 -0.987442 -0.0493234 0.150088 0.151663 -0.561986 0.813123 0.02217 1.55507 6.4008</i>
                        <i>0.071541 0.822558 0.564164 -0.984936 -0.031014 0.170118 0.157428 -0.567835 0.807948 0.0168937 1.54193 6.92438</i>
                        <i>0.102332 0.818676 0.565064 -0.981586 -0.00900442 0.190809 0.161299 -0.574185 0.80268 0.0139631 1.53155 7.44616</i>
                        <i>0.124172 0.814722 0.5664 -0.978157 0.0046058 0.207816 0.166704 -0.579833 0.797498 0.0148232 1.52124 7.96921</i>
                        <i>0.138243 0.810868 0.568667 -0.975607 0.0126311 0.21916 0.170527 -0.585093 0.792835 0.0208727 1.55035 8.49439</i>
                        <i>0.152294 0.806736 0.570949 -0.973744 0.0235781 0.22642 0.1692 -0.590441 0.789146 0.0312309 1.58633 9.02021</i>
                        <i>0.164018 0.803128 0.572786 -0.972445 0.0341197 0.230621 0.165675 -0.594829 0.786594 0.0438719 1.61293 9.54624</i>
                        <i>0.171345 0.800876 0.573793 -0.971651 0.0410744 0.232822 0.162894 -0.597419 0.785211 0.0567789 1.6259 10.072</i>
                        <i>0.172315 0.800755 0.573671 -0.971333 0.0413046 0.234107 0.163767 -0.597566 0.784917 0.0679646 1.62901 10.5969</i>
                        <i>0.164869 0.802995 0.572728 -0.97286 0.0368069 0.228448 0.162362 -0.594849 0.78727 0.0778844 1.62422 11.1211</i>
                        <i>0.150449 0.806425 0.571878 -0.977084 0.0331885 0.21025 0.150571 -0.590405 0.792938 0.0879037 1.60721 11.645</i>
                        <i>0.132368 0.809663 0.571773 -0.982903 0.0327375 0.181189 0.127983 -0.585981 0.800154 0.0974236 1.5759 12.1687</i>
                        <i>0.11418 0.811571 0.572988 -0.988987 0.0381833 0.142993 0.0941707 -0.583005 0.806993 0.105834 1.55529 12.6922</i>
                    </KeyFrames>
                </p>
            </i>
            <i>
                <p>
                    <Name><![CDATA[head]]></Name>
                    <Exclude>0</Exclude>
                    <Additive>0</Additive>
                    <IKPriority>0</IKPriority>
                    <IKRotLimits>-1e+010 -1e+010 -1e+010 1e+010 1e+010 1e+010</IKRotLimits>
                    <IKRotLimitOrder>0</IKRotLimitOrder>
                    <KeyFrames count="25">
                        <i>0.00739654 0.993066 0.117327 -0.0624807 0.11756 -0.991098 -0.998019 6.31426e-009 0.062917 0.127319 1.77565 0.22616</i>
                        <i>0.00716871 0.993688 0.11195 -0.0635005 0.112179 -0.991657 -0.997956 3.82425e-009 0.0639039 0.12604 1.76818 0.751856</i>
                        <i>0.00693695 0.994277 0.106611 -0.0645587 0.106837 -0.992178 -0.99789 7.11805e-009 0.0649303 0.124655 1.7608 1.27747</i>
                        <i>0.00711893 0.994837 0.101237 -0.0697838 0.101487 -0.992386 -0.997537 -7.07284e-009 0.0701459 0.117572 1.75351 1.80266</i>
                        <i>0.00966854 0.992709 0.120144 -0.0796307 0.120532 -0.98951 -0.996778 4.0836e-009 0.0802156 0.103899 1.77979 2.32709</i>
                        <i>0.0132207 0.989625 0.143062 -0.0910656 0.143672 -0.985427 -0.995757 1.66575e-009 0.0920202 0.0878468 1.81214 2.851</i>
                        <i>0.0167164 0.987007 0.159806 -0.102685 0.160678 -0.981651 -0.994573 -3.87595e-009 0.104037 0.0714831 1.83633 3.37499</i>
                        <i>0.0193887 0.985625 0.16783 -0.113113 0.168947 -0.979113 -0.993393 -3.44503e-009 0.114762 0.056903 1.84832 3.8996</i>
                        <i>0.0209748 0.985287 0.169617 -0.120919 0.170909 -0.977839 -0.992441 1.18392e-008 0.122725 0.0462082 1.85121 4.42535</i>
                        <i>0.0216005 0.985791 0.16658 -0.126766 0.167975 -0.977607 -0.991697 -1.65872e-008 0.128593 0.038482 1.84695 4.95202</i>
                        <i>0.021047 0.987536 0.155977 -0.132058 0.157391 -0.978667 -0.991019 -8.31182e-009 0.133724 0.031795 1.83187 5.47886</i>
                        <i>0.0188001 0.990634 0.135244 -0.136395 0.136544 -0.981199 -0.990476 -3.1754e-009 0.137685 0.0267306 1.80257 6.0056</i>
                        <i>0.0166559 0.992901 0.117769 -0.139041 0.118941 -0.983118 -0.990147 -1.78592e-009 0.140035 0.0238904 1.77805 6.53204</i>
                        <i>0.015289 0.994014 0.108182 -0.139099 0.109257 -0.984233 -0.990161 1.72892e-011 0.139936 0.0241455 1.76479 7.05628</i>
                        <i>0.0139161 0.994852 0.100383 -0.136609 0.101343 -0.985427 -0.990527 2.44871e-009 0.137316 0.0275961 1.75413 7.57863</i>
                        <i>0.0124173 0.995626 0.0926014 -0.132323 0.0934303 -0.986793 -0.991129 5.97003e-009 0.132904 0.033652 1.7433 8.10223</i>
                        <i>0.014341 0.993457 0.113306 -0.124746 0.11421 -0.985594 -0.992085 -9.26008e-009 0.125567 0.0439154 1.77164 8.62801</i>
                        <i>0.0160767 0.990173 0.138918 -0.113831 0.139846 -0.983609 -0.99337 4.85884e-009 0.11496 0.0585917 1.80668 9.15447</i>
                        <i>0.0163451 0.987336 0.1578 -0.101725 0.158645 -0.982081 -0.994678 -4.88672e-009 0.10303 0.0749517 1.83233 9.68105</i>
                        <i>0.0153861 0.985835 0.167013 -0.0904373 0.16772 -0.981678 -0.995783 -1.58661e-008 0.0917368 0.090316 1.84457 10.2072</i>
                        <i>0.0141063 0.98547 0.169265 -0.0818437 0.169852 -0.982065 -0.996545 -2.2456e-008 0.0830505 0.102058 1.84736 10.7321</i>
                        <i>0.0127935 0.986038 0.166031 -0.0757545 0.166523 -0.983123 -0.997044 -8.68417e-010 0.0768272 0.110317 1.84278 11.256</i>
                        <i>0.011055 0.987976 0.15421 -0.0706447 0.154606 -0.985447 -0.99744 -1.14526e-008 0.0715045 0.117119 1.82634 11.7795</i>
                        <i>0.00885472 0.991208 0.132017 -0.0663336 0.132314 -0.988986 -0.997758 -8.17451e-010 0.066922 0.122704 1.7957 12.3028</i>
                        <i>0.00739654 0.993066 0.117327 -0.0624807 0.11756 -0.991098 -0.998019 6.31426e-009 0.062917 0.127319 1.77565 12.8262</i>
                    </KeyFrames>
                </p>
            </i>
            <i>
                <p>
                    <Name><![CDATA[head_prop]]></Name>
                    <Exclude>0</Exclude>
                    <Additive>0</Additive>
                    <IKPriority>0</IKPriority>
                    <IKRotLimits>-1e+010 -1e+010 -1e+010 1e+010 1e+010 1e+010</IKRotLimits>
                    <IKRotLimitOrder>0</IKRotLimitOrder>
                    <KeyFrames count="25">
                        <i>0.998019 -6.31426e-009 -0.062917 0.00739654 0.993066 0.117327 0.0624807 -0.11756 0.991098 0.115804 1.82301 0.456772</i>
                        <i>0.997956 -3.82425e-009 -0.0639039 0.00716871 0.993688 0.11195 0.0635005 -0.112179 0.991657 0.114737 1.81679 0.982219</i>
                        <i>0.99789 -7.11805e-009 -0.0649303 0.00693695 0.994277 0.106611 0.0645587 -0.106837 0.992178 0.113572 1.81064 1.50758</i>
                        <i>0.997537 7.07284e-009 -0.0701459 0.00711893 0.994837 0.101237 0.0697838 -0.101487 0.992386 0.107672 1.80458 2.03255</i>
                        <i>0.996778 -4.0836e-009 -0.0802156 0.00966854 0.992709 0.120144 0.0796307 -0.120532 0.98951 0.0963972 1.82647 2.55801</i>
                        <i>0.995757 -1.66575e-009 -0.0920202 0.0132207 0.989625 0.143062 0.0910656 -0.143672 0.985427 0.0831758 1.85345 3.08302</i>
                        <i>0.994573 3.87595e-009 -0.104037 0.0167164 0.987007 0.159806 0.102685 -0.160678 0.981651 0.0696843 1.87367 3.60771</i>
                        <i>0.993393 3.44503e-009 -0.114762 0.0193887 0.985625 0.16783 0.113113 -0.168947 0.979113 0.0576505 1.88372 4.13264</i>
                        <i>0.992441 -1.18392e-008 -0.122725 0.0209748 0.985287 0.169617 0.120919 -0.170909 0.977839 0.0488329 1.88614 4.65844</i>
                        <i>0.991697 1.65872e-008 -0.128593 0.0216005 0.985791 0.16658 0.126766 -0.167975 0.977607 0.042472 1.88257 5.18498</i>
                        <i>0.991019 8.31182e-009 -0.133724 0.021047 0.987536 0.155977 0.132058 -0.157391 0.978667 0.0369378 1.86997 5.71141</i>
                        <i>0.990476 3.1754e-009 -0.137685 0.0188001 0.990634 0.135244 0.136395 -0.136544 0.981199 0.0326854 1.84554 6.23728</i>
                        <i>0.990147 1.78592e-009 -0.140035 0.0166559 0.992901 0.117769 0.139041 -0.118941 0.983118 0.0302831 1.8251 6.76291</i>
                        <i>0.990161 -1.72889e-011 -0.139936 0.015289 0.994014 0.108182 0.139099 -0.109257 0.984233 0.0304495 1.81408 7.2867</i>
                        <i>0.990527 -2.44871e-009 -0.137316 0.0139161 0.994852 0.100383 0.136609 -0.101343 0.985427 0.0332357 1.80524 7.80867</i>
                        <i>0.991129 -5.97003e-009 -0.132904 0.0124173 0.995626 0.0926014 0.132323 -0.0934303 0.986793 0.0382123 1.79622 8.33187</i>
                        <i>0.992085 9.26008e-009 -0.125567 0.014341 0.993457 0.113306 0.124746 -0.11421 0.985594 0.0469089 1.81978 8.85873</i>
                        <i>0.99337 -4.85884e-009 -0.11496 0.0160767 0.990173 0.138918 0.113831 -0.139846 0.983609 0.0592542 1.84888 9.38636</i>
                        <i>0.994678 4.88672e-009 -0.10303 0.0163451 0.987336 0.1578 0.101725 -0.158645 0.982081 0.0729093 1.87014 9.9137</i>
                        <i>0.995783 1.58661e-008 -0.0917368 0.0153861 0.985835 0.167013 0.0904373 -0.16772 0.981678 0.085665 1.88025 10.4401</i>
                        <i>0.996545 2.2456e-008 -0.0830505 0.0141063 0.98547 0.169265 0.0818437 -0.169852 0.982065 0.0953827 1.88254 10.9651</i>
                        <i>0.997044 8.68418e-010 -0.0768272 0.0127935 0.986038 0.166031 0.0757545 -0.166523 0.983123 0.102178 1.87874 11.4888</i>
                        <i>0.99744 1.14526e-008 -0.0715045 0.011055 0.987976 0.15421 0.0706447 -0.154606 0.985447 0.107705 1.8651 12.0119</i>
                        <i>0.997758 8.17451e-010 -0.066922 0.00885472 0.991208 0.132017 0.0663336 -0.132314 0.988986 0.112161 1.83965 12.5342</i>
                        <i>0.998019 -6.31426e-009 -0.062917 0.00739654 0.993066 0.117327 0.0624807 -0.11756 0.991098 0.115804 1.82301 13.0568</i>
                    </KeyFrames>
                </p>
            </i>
            <i>
                <p>
                    <Name><![CDATA[ponytail_1]]></Name>
                    <Exclude>0</Exclude>
                    <Additive>0</Additive>
                    <IKPriority>0</IKPriority>
                    <IKRotLimits>-1e+010 -1e+010 -1e+010 1e+010 1e+010 1e+010</IKRotLimits>
                    <IKRotLimitOrder>0</IKRotLimitOrder>
                    <KeyFrames count="25">
                        <i>0.962108 -0.256989 -0.091136 0.120807 0.102108 0.98741 -0.244448 -0.961005 0.129285 0.111564 1.95765 0.119858</i>
                        <i>0.965441 -0.24477 -0.0895109 0.15036 0.242576 0.95841 -0.212877 -0.938746 0.270996 0.110117 1.94961 0.644587</i>
                        <i>0.97381 -0.210463 -0.0860259 0.149533 0.307823 0.939619 -0.171274 -0.927874 0.331233 0.108559 1.94164 1.16924</i>
                        <i>0.983742 -0.158016 -0.0853356 0.105616 0.124743 0.986552 -0.145246 -0.979525 0.139404 0.100842 1.93376 1.69355</i>
                        <i>0.991664 -0.0913008 -0.0909253 0.0787781 -0.128821 0.988534 -0.101967 -0.987456 -0.120554 0.0863473 1.96212 2.22162</i>
                        <i>0.99543 -0.0154402 -0.0942411 0.0884873 -0.221991 0.971025 -0.0359135 -0.974927 -0.21961 0.0694408 1.99691 2.75002</i>
                        <i>0.993538 0.0645442 -0.0933637 0.107333 -0.266779 0.957762 0.0369105 -0.961594 -0.271983 0.0521914 2.02283 3.27741</i>
                        <i>0.985584 0.143862 -0.0890368 0.133254 -0.335804 0.932459 0.104247 -0.930881 -0.350133 0.0367394 2.03564 3.80379</i>
                        <i>0.972508 0.217886 -0.0821771 0.159818 -0.367834 0.916055 0.169368 -0.904004 -0.392544 0.0253227 2.03872 4.33008</i>
                        <i>0.956361 0.28226 -0.0755128 0.168482 -0.321578 0.931773 0.238719 -0.903835 -0.3551 0.0169615 2.03417 4.85631</i>
                        <i>0.940003 0.333209 -0.0732534 0.154095 -0.223104 0.962538 0.304383 -0.916077 -0.261064 0.00951167 2.01803 5.38129</i>
                        <i>0.926875 0.367232 -0.0777393 0.110027 -0.0677889 0.991614 0.358883 -0.927656 -0.103237 0.00352032 1.98659 5.90425</i>
                        <i>0.92117 0.379916 -0.084316 0.0533631 0.0913012 0.994393 0.385484 -0.920504 0.0638304 -1.54368e-005 1.96021 6.42753</i>
                        <i>0.92528 0.368485 -0.0898625 0.00663801 0.221157 0.975215 0.379226 -0.902944 0.202187 2.37819e-006 1.9459 6.95002</i>
                        <i>0.937135 0.335677 -0.0953929 -0.00963196 0.298133 0.954476 0.348835 -0.893553 0.282624 0.00353668 1.93437 7.47088</i>
                        <i>0.953187 0.285076 -0.100826 0.0215372 0.268587 0.963015 0.301613 -0.920105 0.249874 0.00988272 1.92266 7.99295</i>
                        <i>0.970695 0.219692 -0.0974019 0.0673177 0.140504 0.987789 0.230695 -0.965398 0.121597 0.0214288 1.95329 8.5223</i>
                        <i>0.985078 0.144526 -0.0934527 0.104205 -0.0686962 0.99218 0.136976 -0.987113 -0.0827314 0.0377796 1.99104 9.05322</i>
                        <i>0.993618 0.0645657 -0.0924901 0.10642 -0.264794 0.958415 0.0373899 -0.962141 -0.269975 0.0557193 2.01862 9.58307</i>
                        <i>0.995422 -0.015381 -0.0943314 0.0828973 -0.352301 0.932208 -0.0475714 -0.93576 -0.349413 0.0723542 2.03177 10.1107</i>
                        <i>0.991024 -0.090635 -0.098266 0.0579619 -0.371061 0.926798 -0.120463 -0.924175 -0.362477 0.0849722 2.03477 10.6359</i>
                        <i>0.982355 -0.156618 -0.102223 0.0464896 -0.324933 0.944594 -0.181156 -0.932679 -0.311918 0.0937831 2.02986 11.159</i>
                        <i>0.972498 -0.209129 -0.102526 0.0546824 -0.222884 0.97331 -0.226399 -0.952149 -0.205318 0.100942 2.01223 11.6802</i>
                        <i>0.964834 -0.244159 -0.0973791 0.083545 -0.0664152 0.994288 -0.249232 -0.967458 -0.0436814 0.106705 1.97928 12.1993</i>
                        <i>0.962108 -0.256989 -0.091136 0.120807 0.102108 0.98741 -0.244448 -0.961005 0.129285 0.111564 1.95765 12.7199</i>
                    </KeyFrames>
                </p>
            </i>
            <i>
                <p>
                    <Name><![CDATA[ponytail_2]]></Name>
                    <Exclude>0</Exclude>
                    <Additive>0</Additive>
                    <IKPriority>0</IKPriority>
                    <IKRotLimits>-1e+010 -1e+010 -1e+010 1e+010 1e+010 1e+010</IKRotLimits>
                    <IKRotLimitOrder>0</IKRotLimitOrder>
                    <KeyFrames count="25">
                        <i>0.962108 -0.256989 -0.091136 0.0200817 -0.266545 0.963613 -0.27193 -0.92893 -0.251285 0.0953677 1.93612 0.0095881</i>
                        <i>0.965441 -0.24477 -0.0895109 0.0885377 -0.0149992 0.99596 -0.245124 -0.969465 0.00719052 0.0909082 1.91243 0.539068</i>
                        <i>0.97381 -0.210463 -0.0860259 0.1575 0.351547 0.922826 -0.163978 -0.912206 0.375488 0.0898764 1.8972 1.06647</i>
                        <i>0.983742 -0.158016 -0.0853356 0.17101 0.679167 0.713784 -0.054832 -0.716773 0.695148 0.0873937 1.90948 1.58348</i>
                        <i>0.991664 -0.0913008 -0.0909253 0.12336 0.876539 0.465253 0.0372216 -0.472592 0.880495 0.0763826 1.96642 2.10863</i>
                        <i>0.99543 -0.0154402 -0.0942411 0.0414926 0.958755 0.281189 0.0860125 -0.283814 0.955014 0.0590652 2.01187 2.63797</i>
                        <i>0.993538 0.0645442 -0.0933637 -0.0355926 0.958253 0.283698 0.107777 -0.278541 0.954358 0.0404425 2.04299 3.16632</i>
                        <i>0.985584 0.143862 -0.0890368 -0.0486048 0.744844 0.665466 0.162054 -0.651545 0.741099 0.0227604 2.06393 3.69475</i>
                        <i>0.972508 0.217886 -0.0821771 0.00760064 0.323004 0.946367 0.232743 -0.920974 0.312468 0.00901778 2.0709 4.22245</i>
                        <i>0.956361 0.28226 -0.0755128 0.0526622 0.087694 0.994754 0.287401 -0.955321 0.0690028 0.00039817 2.06113 4.7473</i>
                        <i>0.940003 0.333209 -0.0732534 0.103158 -0.0729343 0.991987 0.325196 -0.940028 -0.102932 -0.00474288 2.03373 5.26977</i>
                        <i>0.926875 0.367232 -0.0777393 0.198619 -0.304068 0.931715 0.318518 -0.879024 -0.354772 -0.00518652 1.98461 5.79109</i>
                        <i>0.92117 0.379916 -0.084316 0.239532 -0.382766 0.892253 0.306708 -0.842113 -0.443594 -0.0020406 1.94032 6.31579</i>
                        <i>0.92528 0.368485 -0.0898625 0.12684 -0.0773357 0.988904 0.357447 -0.926411 -0.118296 0.00319384 1.91151 6.84188</i>
                        <i>0.937135 0.335677 -0.0953929 -0.0261897 0.340238 0.939975 0.347984 -0.878384 0.32764 0.00825137 1.89138 7.36593</i>
                        <i>0.953187 0.285076 -0.100826 -0.102855 0.619228 0.778445 0.28435 -0.731634 0.619562 0.0105833 1.88273 7.88669</i>
                        <i>0.970695 0.219692 -0.0974019 -0.124108 0.805354 0.579656 0.205789 -0.550581 0.809019 0.0162174 1.92737 8.41191</i>
                        <i>0.985078 0.144526 -0.0934527 -0.103209 0.930579 0.351243 0.137729 -0.336356 0.931609 0.0274243 1.98855 8.94021</i>
                        <i>0.993618 0.0645657 -0.0924901 -0.0360831 0.958825 0.281698 0.10687 -0.276563 0.955035 0.0440785 2.03855 9.47193</i>
                        <i>0.995422 -0.015381 -0.0943314 0.0730361 0.759033 0.646943 0.06165 -0.65087 0.756682 0.0624892 2.06186 10.0017</i>
                        <i>0.991024 -0.090635 -0.098266 0.123203 0.333943 0.934507 -0.0518838 -0.938226 0.342112 0.0771682 2.06711 10.5274</i>
                        <i>0.982355 -0.156618 -0.102223 0.118264 0.0967618 0.988256 -0.144887 -0.982908 0.113577 0.0866451 2.05689 11.049</i>
                        <i>0.972498 -0.209129 -0.102526 0.0903669 -0.066918 0.993658 -0.214664 -0.975596 -0.0461793 0.0924081 2.02752 11.5681</i>
                        <i>0.964834 -0.244159 -0.0973791 0.016642 -0.312976 0.949615 -0.262334 -0.917841 -0.297906 0.0946705 1.97673 12.0865</i>
                        <i>0.962108 -0.256989 -0.091136 -0.018113 -0.393733 0.919046 -0.272068 -0.882571 -0.383468 0.0953677 1.93612 12.6096</i>
                    </KeyFrames>
                </p>
            </i>
            <i>
                <p>
                    <Name><![CDATA[ponytail_3]]></Name>
                    <Exclude>0</Exclude>
                    <Additive>0</Additive>
                    <IKPriority>0</IKPriority>
                    <IKRotLimits>-1e+010 -1e+010 -1e+010 1e+010 1e+010 1e+010</IKRotLimits>
                    <IKRotLimitOrder>0</IKRotLimitOrder>
                    <KeyFrames count="25">
                        <i>0.962108 -0.256989 -0.091136 -0.0506147 -0.496748 0.866418 -0.267931 -0.828974 -0.490932 0.0926967 1.95385 -0.068609</i>
                        <i>0.965441 -0.24477 -0.0895109 -0.0771825 -0.596563 0.798846 -0.248932 -0.76433 -0.594838 0.0828563 1.90985 0.459288</i>
                        <i>0.97381 -0.210463 -0.0860259 -0.0344748 -0.510664 0.859089 -0.224737 -0.833623 -0.504545 0.0766153 1.86547 0.993993</i>
                        <i>0.983742 -0.158016 -0.0853356 0.0673485 -0.115887 0.990976 -0.166479 -0.980613 -0.103361 0.0734762 1.85226 1.529</i>
                        <i>0.991664 -0.0913008 -0.0909253 0.121119 0.419686 0.899552 -0.0439698 -0.903066 0.427245 0.0666429 1.89433 2.07479</i>
                        <i>0.99543 -0.0154402 -0.0942411 0.062106 0.854316 0.516031 0.072544 -0.519525 0.85137 0.0560762 1.93393 2.61917</i>
                        <i>0.993538 0.0645442 -0.0933637 -0.0610872 0.997353 0.0394254 0.0956613 -0.0334673 0.994851 0.0437154 1.96511 3.14731</i>
                        <i>0.985584 0.143862 -0.0890368 -0.163415 0.945756 -0.280788 0.0438122 0.29129 0.955631 0.027288 2.0017 3.64432</i>
                        <i>0.972508 0.217886 -0.0821771 -0.232188 0.934229 -0.270748 0.0177801 0.282385 0.959136 0.00931759 2.04142 4.14783</i>
                        <i>0.956361 0.28226 -0.0755128 -0.224223 0.874681 0.429718 0.187342 -0.394034 0.8998 -0.00269944 2.05037 4.66786</i>
                        <i>0.940003 0.333209 -0.0732534 -0.0142925 0.252987 0.967364 0.340867 -0.908278 0.242571 -0.0117392 2.0359 5.18988</i>
                        <i>0.926875 0.367232 -0.0777393 0.194855 -0.293698 0.935827 0.320834 -0.882543 -0.343779 -0.0198583 2.00555 5.71504</i>
                        <i>0.92117 0.379916 -0.084316 0.31043 -0.586695 0.747945 0.234688 -0.715159 -0.658383 -0.020037 1.9677 6.24256</i>
                        <i>0.92528 0.368485 -0.0898625 0.316615 -0.619953 0.717923 0.208833 -0.692732 -0.690298 -0.00557422 1.91409 6.76218</i>
                        <i>0.937135 0.335677 -0.0953929 0.260402 -0.490682 0.831518 0.232314 -0.804085 -0.547246 0.0117089 1.86069 7.29188</i>
                        <i>0.953187 0.285076 -0.100826 0.147484 -0.147216 0.978047 0.263974 -0.947132 -0.182369 0.0199356 1.83026 7.82673</i>
                        <i>0.970695 0.219692 -0.0974019 0.0143506 0.351593 0.936043 0.239887 -0.91001 0.338137 0.0269659 1.86068 8.36862</i>
                        <i>0.985078 0.144526 -0.0934527 -0.0707844 0.835152 0.545445 0.156878 -0.530691 0.83292 0.0362324 1.91267 8.9157</i>
                        <i>0.993618 0.0645657 -0.0924901 -0.0648262 0.997897 0.000187937 0.0923077 0.00580914 0.995714 0.0473873 1.96064 9.45308</i>
                        <i>0.995422 -0.015381 -0.0943314 -0.0195837 0.933203 -0.358817 0.0935493 0.359021 0.928629 0.0568775 1.9985 9.95279</i>
                        <i>0.991024 -0.090635 -0.098266 0.050367 0.934054 -0.353562 0.123831 0.345439 0.930235 0.0670931 2.03669 10.4538</i>
                        <i>0.982355 -0.156618 -0.102223 0.185635 0.883057 0.430988 0.0227686 -0.442359 0.896549 0.0766026 2.0453 10.9703</i>
                        <i>0.972498 -0.209129 -0.102526 0.133572 0.140162 0.981078 -0.190802 -0.967791 0.164241 0.0843286 2.02908 11.4883</i>
                        <i>0.964834 -0.244159 -0.0973791 -0.00139599 -0.375212 0.926938 -0.262858 -0.894205 -0.362358 0.0923125 1.99823 12.0092</i>
                        <i>0.962108 -0.256989 -0.091136 -0.087557 -0.60771 0.789318 -0.25823 -0.751429 -0.607184 0.0957567 1.96423 12.5344</i>
                    </KeyFrames>
                </p>
            </i>
            <i>
                <p>
                    <Name><![CDATA[l_clav]]></Name>
                    <Exclude>0</Exclude>
                    <Additive>0</Additive>
                    <IKPriority>0</IKPriority>
                    <IKRotLimits>-1e+010 -1e+010 -1e+010 1e+010 1e+010 1e+010</IKRotLimits>
                    <IKRotLimitOrder>0</IKRotLimitOrder>
                    <KeyFrames count="25">
                        <i>0.947001 0.179791 -0.266205 -0.12119 0.967426 0.222262 0.297494 -0.178221 0.937941 0.204257 1.58547 0.16114</i>
                        <i>0.953534 0.150075 -0.261246 -0.0959982 0.973255 0.208707 0.285581 -0.17393 0.942439 0.206028 1.57892 0.687854</i>
                        <i>0.960079 0.119386 -0.252972 -0.0700754 0.978162 0.195677 0.270809 -0.170138 0.947479 0.207765 1.57247 1.21471</i>
                        <i>0.964043 0.107351 -0.243097 -0.0618281 0.980279 0.187697 0.258452 -0.165918 0.951669 0.203738 1.56613 1.7412</i>
                        <i>0.964712 0.11967 -0.234542 -0.0766674 0.979821 0.184587 0.251899 -0.160091 0.95442 0.19333 1.59355 2.26685</i>
                        <i>0.962725 0.143998 -0.228964 -0.10262 0.977671 0.183381 0.250258 -0.15305 0.956006 0.180744 1.62728 2.79176</i>
                        <i>0.958457 0.173115 -0.226698 -0.132508 0.974033 0.183579 0.252592 -0.145913 0.956508 0.167508 1.65286 3.31642</i>
                        <i>0.952917 0.199909 -0.228004 -0.159221 0.969785 0.184841 0.258066 -0.139835 0.955954 0.155193 1.66597 3.84128</i>
                        <i>0.947817 0.217492 -0.23311 -0.175831 0.966526 0.186847 0.265944 -0.136109 0.954331 0.145381 1.66942 4.36675</i>
                        <i>0.943299 0.229149 -0.24016 -0.185666 0.963967 0.190512 0.275162 -0.13512 0.951855 0.137383 1.66526 4.89266</i>
                        <i>0.938643 0.23963 -0.248047 -0.193634 0.961306 0.19595 0.285404 -0.135897 0.948724 0.129871 1.65009 5.41842</i>
                        <i>0.934636 0.244522 -0.258195 -0.195438 0.959792 0.201504 0.297086 -0.137872 0.944845 0.123457 1.62054 5.94377</i>
                        <i>0.931978 0.239483 -0.272149 -0.186902 0.960682 0.205323 0.31062 -0.140491 0.940094 0.11877 1.59562 6.46854</i>
                        <i>0.933201 0.211485 -0.290533 -0.155671 0.966602 0.203588 0.323885 -0.144761 0.934956 0.116491 1.58174 6.99088</i>
                        <i>0.935767 0.167779 -0.310145 -0.109153 0.974174 0.197665 0.3353 -0.151116 0.929913 0.1168 1.57025 7.51123</i>
                        <i>0.935212 0.135811 -0.327009 -0.0739144 0.978052 0.194809 0.346289 -0.158017 0.924724 0.119547 1.55854 8.03295</i>
                        <i>0.933169 0.120117 -0.338774 -0.0542289 0.97877 0.197659 0.355324 -0.166078 0.919871 0.126177 1.58584 8.55711</i>
