<?xml version="1.0" encoding="ISO-8859-1" ?>
<Animl Version="1">
    <ModellingPackage><![CDATA[Maya.2010]]></ModellingPackage>
    <SrcFile><![CDATA[anims\characters\shared\commando\~src\commando_run_back_right.mb]]></SrcFile>
    <FramesPerSecond>30</FramesPerSecond>
    <TotalFrames>25</TotalFrames>
    <Skeleton>
        <RefFrame>
            <Name><![CDATA[commando_ref_frame]]></Name>
            <Exclude>0</Exclude>
            <Additive>0</Additive>
            <IKPriority>0</IKPriority>
            <IKRotLimits>-1e+010 -1e+010 -1e+010 1e+010 1e+010 1e+010</IKRotLimits>
            <IKRotLimitOrder>0</IKRotLimitOrder>
            <KeyFrames count="25">
                <i>1 0 0 0 1 0 0 0 1 0 0 0</i>
                <i>1 0 0 0 1 0 0 0 1 -0.525 0 0</i>
                <i>1 0 0 0 1 0 0 0 1 -1.05 0 0</i>
                <i>1 0 0 0 1 0 0 0 1 -1.575 0 0</i>
                <i>1 0 0 0 1 0 0 0 1 -2.1 0 0</i>
                <i>1 0 0 0 1 0 0 0 1 -2.625 0 0</i>
                <i>1 0 0 0 1 0 0 0 1 -3.15 0 0</i>
                <i>1 0 0 0 1 0 0 0 1 -3.675 0 0</i>
                <i>1 0 0 0 1 0 0 0 1 -4.2 0 0</i>
                <i>1 0 0 0 1 0 0 0 1 -4.725 0 0</i>
                <i>1 0 0 0 1 0 0 0 1 -5.25 0 0</i>
                <i>1 0 0 0 1 0 0 0 1 -5.775 0 0</i>
                <i>1 0 0 0 1 0 0 0 1 -6.3 0 0</i>
                <i>1 0 0 0 1 0 0 0 1 -6.825 0 0</i>
                <i>1 0 0 0 1 0 0 0 1 -7.35 0 0</i>
                <i>1 0 0 0 1 0 0 0 1 -7.875 0 0</i>
                <i>1 0 0 0 1 0 0 0 1 -8.4 0 0</i>
                <i>1 0 0 0 1 0 0 0 1 -8.925 0 0</i>
                <i>1 0 0 0 1 0 0 0 1 -9.45 0 0</i>
                <i>1 0 0 0 1 0 0 0 1 -9.975 0 0</i>
                <i>1 0 0 0 1 0 0 0 1 -10.5 0 0</i>
                <i>1 0 0 0 1 0 0 0 1 -11.025 0 0</i>
                <i>1 0 0 0 1 0 0 0 1 -11.55 0 0</i>
                <i>1 0 0 0 1 0 0 0 1 -12.075 0 0</i>
                <i>1 0 0 0 1 0 0 0 1 -12.6 0 0</i>
            </KeyFrames>
        </RefFrame>
        <Bones count="28">
            <i>
                <p>
                    <Name><![CDATA[pelvis]]></Name>
                    <Exclude>0</Exclude>
                    <Additive>0</Additive>
                    <IKPriority>0</IKPriority>
                    <IKRotLimits>-1e+010 -1e+010 -1e+010 1e+010 1e+010 1e+010</IKRotLimits>
                    <IKRotLimitOrder>2</IKRotLimitOrder>
                    <KeyFrames count="25">
                        <i>1 0 0 0 1 0 0 0 1 -0.196598 1.04386 -0.052794</i>
                        <i>1 0 0 0 1 0 0 0 1 -0.726056 1.05378 -0.0430285</i>
                        <i>1 0 0 0 1 0 0 0 1 -1.25593 1.06318 -0.0327613</i>
                        <i>1 0 0 0 1 0 0 0 1 -1.78573 1.06833 -0.0228709</i>
                        <i>1 0 0 0 1 0 0 0 1 -2.31486 1.07013 -0.0141643</i>
                        <i>1 0 0 0 1 0 0 0 1 -2.84468 1.0679 -0.00669173</i>
                        <i>1 0 0 0 1 0 0 0 1 -3.37598 1.05941 -1.35271e-005</i>
                        <i>1 0 0 0 1 0 0 0 1 -3.9073 1.04401 0.00577483</i>
                        <i>1 0 0 0 1 0 0 0 1 -4.4372 1.025 0.0104482</i>
                        <i>1 0 0 0 1 0 0 0 1 -4.96434 1.00895 0.0136589</i>
                        <i>1 0 0 0 1 0 0 0 1 -5.48483 1.02002 0.0135422</i>
                        <i>1 0 0 0 1 0 0 0 1 -6.00055 1.03082 0.00944062</i>
                        <i>1 0 0 0 1 0 0 0 1 -6.51877 1.04035 0.00292456</i>
                        <i>1 0 0 0 1 0 0 0 1 -7.04044 1.0513 -0.00474423</i>
                        <i>1 0 0 0 1 0 0 0 1 -7.56187 1.06057 -0.0132176</i>
                        <i>1 0 0 0 1 0 0 0 1 -8.08328 1.06436 -0.0221768</i>
                        <i>1 0 0 0 1 0 0 0 1 -8.60481 1.06582 -0.0312723</i>
                        <i>1 0 0 0 1 0 0 0 1 -9.12552 1.06458 -0.0413214</i>
                        <i>1 0 0 0 1 0 0 0 1 -9.64503 1.05825 -0.0523408</i>
                        <i>1 0 0 0 1 0 0 0 1 -10.1643 1.04631 -0.0627736</i>
                        <i>1 0 0 0 1 0 0 0 1 -10.6845 1.03145 -0.0711077</i>
                        <i>1 0 0 0 1 0 0 0 1 -11.2067 1.01897 -0.0758956</i>
                        <i>1 0 0 0 1 0 0 0 1 -11.7338 1.02701 -0.0727092</i>
                        <i>1 0 0 0 1 0 0 0 1 -12.2652 1.0353 -0.062708</i>
                        <i>1 0 0 0 1 0 0 0 1 -12.7966 1.04386 -0.052794</i>
                    </KeyFrames>
                </p>
            </i>
            <i>
                <p>
                    <Name><![CDATA[spine0]]></Name>
                    <Exclude>0</Exclude>
                    <Additive>0</Additive>
                    <IKPriority>0</IKPriority>
                    <IKRotLimits>-1e+010 -1e+010 -1e+010 1e+010 1e+010 1e+010</IKRotLimits>
                    <IKRotLimitOrder>0</IKRotLimitOrder>
                    <KeyFrames count="25">
                        <i>-0.261331 0.963675 -0.0550994 -0.655624 -0.135319 0.742864 0.708423 0.230258 0.667171 -0.289216 1.14269 -0.101269</i>
                        <i>-0.253784 0.963666 -0.083321 -0.668208 -0.112387 0.735436 0.699351 0.242318 0.672451 -0.818396 1.15198 -0.0932905</i>
                        <i>-0.254003 0.961855 -0.101576 -0.680123 -0.102953 0.725833 0.687689 0.253448 0.68033 -1.34953 1.16055 -0.0822912</i>
                        <i>-0.254478 0.960072 -0.1162 -0.687781 -0.0952032 0.719648 0.679852 0.263054 0.684546 -1.88105 1.16485 -0.0707798</i>
                        <i>-0.248136 0.95953 -0.133158 -0.687395 -0.077548 0.722132 0.682581 0.270719 0.678818 -2.41125 1.16604 -0.0611294</i>
                        <i>-0.230416 0.961499 -0.14976 -0.679442 -0.0487929 0.732105 0.696611 0.270442 0.664525 -2.94102 1.16409 -0.0531838</i>
                        <i>-0.204811 0.965505 -0.160789 -0.666302 -0.0171936 0.745484 0.717004 0.259817 0.646839 -3.47165 1.15677 -0.0454585</i>
                        <i>-0.176885 0.969796 -0.167948 -0.646685 0.0141189 0.762627 0.741964 0.243507 0.624655 -4.00209 1.14284 -0.0383062</i>
                        <i>-0.152174 0.973145 -0.172722 -0.619768 0.0421739 0.783651 0.76989 0.226299 0.596706 -4.53136 1.12508 -0.032166</i>
                        <i>-0.135878 0.974884 -0.176462 -0.585131 0.0647636 0.808349 0.799474 0.21309 0.561634 -5.05853 1.10959 -0.0275306</i>
                        <i>-0.134636 0.975251 -0.175382 -0.524318 0.0800695 0.847749 0.840811 0.206094 0.500562 -5.57974 1.12104 -0.0249722</i>
                        <i>-0.143675 0.975327 -0.167615 -0.440209 0.0887062 0.893503 0.886326 0.20216 0.416603 -6.09601 1.13269 -0.0252889</i>
                        <i>-0.151326 0.975952 -0.156902 -0.3698 0.0913087 0.924614 0.916705 0.197941 0.34709 -6.61444 1.14288 -0.0291695</i>
                        <i>-0.154604 0.977158 -0.145804 -0.320939 0.0899026 0.942823 0.934396 0.192559 0.299709 -7.13544 1.15476 -0.0358513</i>
                        <i>-0.158227 0.978269 -0.133991 -0.279563 0.0857634 0.956289 0.947 0.18877 0.259918 -7.65507 1.16575 -0.0439555</i>
                        <i>-0.163018 0.979307 -0.119927 -0.252164 0.07616 0.964683 0.953855 0.187502 0.23453 -8.17465 1.17115 -0.0528731</i>
                        <i>-0.170273 0.980122 -0.101827 -0.243579 0.0582649 0.968129 0.954817 0.189649 0.228816 -8.69546 1.17328 -0.061777</i>
                        <i>-0.182288 0.979896 -0.0810868 -0.250149 0.0335368 0.967626 0.950893 0.19667 0.239007 -9.21716 1.17128 -0.0715246</i>
                        <i>-0.198613 0.978164 -0.0612196 -0.265859 0.0063508 0.963991 0.94333 0.207737 0.258792 -9.73869 1.16316 -0.0826242</i>
                        <i>-0.216509 0.9753 -0.0437377 -0.291432 -0.021808 0.956343 0.931768 0.219803 0.288955 -10.2603 1.14894 -0.0936937</i>
                        <i>-0.233198 0.971965 -0.0300519 -0.327841 -0.0494872 0.943436 0.915499 0.22986 0.33019 -10.7822 1.13198 -0.103317</i>
                        <i>-0.245996 0.969038 -0.0212303 -0.375942 -0.0752006 0.923587 0.893394 0.23518 0.382801 -11.305 1.11833 -0.109991</i>
                        <i>-0.253622 0.966996 -0.024403 -0.47416 -0.102293 0.874476 0.843118 0.233357 0.484454 -11.8306 1.12583 -0.112283</i>
                        <i>-0.258133 0.965301 -0.0395223 -0.594488 -0.12646 0.794098 0.761545 0.228478 0.606503 -12.3588 1.13405 -0.109381</i>
                        <i>-0.261331 0.963675 -0.0550994 -0.655624 -0.135319 0.742864 0.708423 0.230258 0.667171 -12.8892 1.14269 -0.101269</i>
                    </KeyFrames>
                </p>
            </i>
            <i>
                <p>
                    <Name><![CDATA[spine1]]></Name>
                    <Exclude>0</Exclude>
                    <Additive>0</Additive>
                    <IKPriority>0</IKPriority>
                    <IKRotLimits>-1e+010 -1e+010 -1e+010 1e+010 1e+010 1e+010</IKRotLimits>
                    <IKRotLimitOrder>0</IKRotLimitOrder>
                    <KeyFrames count="25">
                        <i>0.024803 0.999677 0.00545237 -0.781769 0.0159966 0.623363 0.623075 -0.0197238 0.781914 -0.336655 1.31745 -0.111302</i>
                        <i>0.0367374 0.998974 -0.0264969 -0.77344 0.0452134 0.632255 0.632804 -0.00273364 0.774307 -0.864481 1.3268 -0.108448</i>
                        <i>0.0559033 0.995849 -0.0718268 -0.772368 0.0887215 0.628949 0.632711 0.0203164 0.774122 -1.39578 1.33552 -0.100814</i>
                        <i>0.0765918 0.990224 -0.116573 -0.774978 0.132685 0.617903 0.62733 0.0430151 0.777565 -1.9276 1.34028 -0.0920611</i>
                        <i>0.0926595 0.984672 -0.147768 -0.779299 0.164093 0.604787 0.619764 0.0591163 0.782558 -2.4568 1.34198 -0.0855962</i>
                        <i>0.106094 0.981294 -0.16064 -0.787439 0.181563 0.589045 0.607193 0.0640001 0.791972 -2.98331 1.34035 -0.0806873</i>
                        <i>0.121125 0.979458 -0.161217 -0.799188 0.192555 0.569404 0.58875 0.0598734 0.806094 -3.50915 1.33331 -0.0749062</i>
                        <i>0.135178 0.978863 -0.153473 -0.810517 0.198337 0.551112 0.569902 0.0498939 0.820196 -4.0344 1.31967 -0.068975</i>
                        <i>0.145972 0.979148 -0.141283 -0.818199 0.199767 0.539114 0.556096 0.0369022 0.830298 -4.55912 1.30228 -0.0636575</i>
                        <i>0.151425 0.98007 -0.128585 -0.819896 0.197195 0.53748 0.552125 0.0240384 0.833415 -5.08335 1.28725 -0.0597288</i>
                        <i>0.139796 0.983425 -0.115463 -0.808302 0.180693 0.560355 0.571931 0.0149939 0.820165 -5.60438 1.29907 -0.0570255</i>
                        <i>0.113161 0.988787 -0.0974433 -0.784092 0.149107 0.602467 0.610241 0.00822897 0.792173 -6.1223 1.31078 -0.0559244</i>
                        <i>0.0927325 0.99307 -0.0721922 -0.760464 0.117441 0.638673 0.642725 -0.00432622 0.766084 -6.6421 1.32088 -0.057811</i>
                        <i>0.0781575 0.996107 -0.0407642 -0.7403 0.0853753 0.666834 0.667718 -0.0219404 0.744091 -7.1636 1.33239 -0.0623763</i>
                        <i>0.0569655 0.998355 -0.0064796 -0.717888 0.0454708 0.694671 0.693823 -0.0349207 0.719298 -7.68374 1.34267 -0.0682045</i>
                        <i>0.0355953 0.998993 0.0272945 -0.698572 0.00534147 0.71552 0.714654 -0.0445363 0.698059 -8.20405 1.34745 -0.0744759</i>
                        <i>0.0210098 0.998237 0.055518 -0.687544 -0.0258889 0.725681 0.725839 -0.0534175 0.685787 -8.72609 1.34927 -0.0800734</i>
                        <i>0.0139895 0.997098 0.0748376 -0.68504 -0.0449627 0.727116 0.728371 -0.0614388 0.682423 -9.24995 1.34727 -0.0861002</i>
                        <i>0.00970225 0.996232 0.0861861 -0.68724 -0.0559653 0.724272 0.726366 -0.0662576 0.684107 -9.77451 1.33928 -0.0936613</i>
                        <i>0.00677147 0.99585 0.0907603 -0.693104 -0.0607495 0.718273 0.720806 -0.0677701 0.689816 -10.2995 1.32526 -0.101618</i>
                        <i>0.00409442 0.995948 0.0898396 -0.701637 -0.0611526 0.709905 0.712522 -0.0659415 0.698544 -10.8246 1.30843 -0.108793</i>
                        <i>0.000941909 0.996438 0.0843267 -0.711858 -0.0585565 0.699878 0.702323 -0.0606879 0.709267 -11.3498 1.29463 -0.113878</i>
                        <i>0.00275876 0.997309 0.0732625 -0.737039 -0.0474865 0.674179 0.675844 -0.0558572 0.734925 -11.8768 1.30183 -0.116756</i>
                        <i>0.0099617 0.998722 0.0495452 -0.769292 -0.0239991 0.638446 0.638819 -0.0444748 0.76807 -12.4058 1.30947 -0.116602</i>
                        <i>0.024803 0.999677 0.00545237 -0.781769 0.0159966 0.623363 0.623075 -0.0197238 0.781914 -12.9367 1.31745 -0.111302</i>
                    </KeyFrames>
                </p>
            </i>
            <i>
                <p>
                    <Name><![CDATA[spine2]]></Name>
                    <Exclude>0</Exclude>
                    <Additive>0</Additive>
                    <IKPriority>0</IKPriority>
                    <IKRotLimits>-1e+010 -1e+010 -1e+010 1e+010 1e+010 1e+010</IKRotLimits>
                    <IKRotLimitOrder>0</IKRotLimitOrder>
                    <KeyFrames count="25">
                        <i>0.0533877 0.998574 0.00072092 -0.842916 0.0446786 0.536187 0.53539 -0.0292335 0.844099 -0.332512 1.48425 -0.110163</i>
                        <i>0.062454 0.997885 -0.0180478 -0.816776 0.0614945 0.573668 0.573565 -0.0210869 0.818889 -0.85832 1.49355 -0.112663</i>
                        <i>0.0880204 0.994352 -0.0592978 -0.798256 0.10602 0.592914 0.595852 -0.00485372 0.803079 -1.38637 1.50222 -0.112643</i>
                        <i>0.113944 0.988435 -0.100063 -0.78997 0.151219 0.594205 0.602465 0.0113408 0.798065 -1.91466 1.50679 -0.111471</i>
                        <i>0.12398 0.985084 -0.119327 -0.796184 0.170527 0.580527 0.592216 0.0230322 0.80545 -2.44111 1.50815 -0.110326</i>
                        <i>0.115446 0.987231 -0.10976 -0.820098 0.157077 0.550241 0.560456 0.0264905 0.82776 -2.96538 1.50591 -0.10756</i>
                        <i>0.0988284 0.991716 -0.0820493 -0.854703 0.126822 0.503387 0.509623 0.0203789 0.860156 -3.48878 1.49815 -0.101777</i>
                        <i>0.0781479 0.995994 -0.0434717 -0.890218 0.0893449 0.446687 0.448782 0.00379159 0.893633 -4.01178 1.48397 -0.0944349</i>
                        <i>0.0573264 0.998354 -0.00172268 -0.919692 0.0534808 0.388981 0.388433 -0.0207146 0.921244 -4.53476 1.46638 -0.0869966</i>
                        <i>0.0399754 0.998589 0.0349623 -0.939654 0.0256714 0.341163 0.339784 -0.0464906 0.939354 -5.05809 1.45165 -0.0809132</i>
                        <i>0.0218625 0.997721 0.0638308 -0.950287 0.000902578 0.311373 0.310606 -0.0674649 0.948142 -5.58105 1.46432 -0.0759878</i>
                        <i>0.00125587 0.995929 0.0901301 -0.95497 -0.0255472 0.295601 0.2967 -0.0864427 0.95105 -6.10345 1.47695 -0.0718036</i>
                        <i>-0.0127147 0.993055 0.116963 -0.956567 -0.0461494 0.287838 0.291237 -0.108223 0.95051 -6.6267 1.48758 -0.0693884</i>
                        <i>-0.0214754 0.988889 0.147095 -0.956251 -0.0632532 0.285628 0.291759 -0.134526 0.946984 -7.15069 1.49902 -0.068632</i>
                        <i>-0.0319438 0.983501 0.178058 -0.953757 -0.083266 0.288814 0.298875 -0.160598 0.940682 -7.67442 1.50882 -0.0687089</i>
                        <i>-0.0407419 0.97821 0.203583 -0.949883 -0.101123 0.295797 0.309939 -0.181329 0.933305 -8.19831 1.51293 -0.0693791</i>
                        <i>-0.0442482 0.975233 0.216707 -0.945646 -0.110841 0.305724 0.322173 -0.1914 0.92713 -8.72277 1.51419 -0.0703308</i>
                        <i>-0.0423892 0.976095 0.213171 -0.941825 -0.110242 0.317509 0.333419 -0.187311 0.923984 -9.24778 1.51201 -0.0731726</i>
                        <i>-0.0379237 0.979777 0.196465 -0.937899 -0.102744 0.331345 0.34483 -0.171698 0.922828 -9.77304 1.50429 -0.0788334</i>
                        <i>-0.031566 0.984706 0.171343 -0.932953 -0.0905347 0.348427 0.358611 -0.148856 0.921542 -10.2985 1.49087 -0.0859872</i>
                        <i>-0.0238568 0.989521 0.142402 -0.925962 -0.075568 0.369978 0.376862 -0.123032 0.918062 -10.824 1.47473 -0.0932788</i>
                        <i>-0.0150339 0.9934 0.113711 -0.915783 -0.0593331 0.397268 0.401393 -0.098162 0.910631 -11.3498 1.46137 -0.0992939</i>
                        <i>0.000955168 0.996376 0.085053 -0.89797 -0.0365734 0.438534 0.440055 -0.0767939 0.894681 -11.8765 1.46879 -0.104097</i>
                        <i>0.0246158 0.998477 0.0493664 -0.871443 -0.0027666 0.490489 0.489879 -0.0550938 0.870048 -12.4041 1.47643 -0.108025</i>
                        <i>0.0533877 0.998574 0.00072092 -0.842916 0.0446786 0.536187 0.53539 -0.0292335 0.844099 -12.9325 1.48425 -0.110163</i>
                    </KeyFrames>
                </p>
            </i>
            <i>
                <p>
                    <Name><![CDATA[head]]></Name>
                    <Exclude>0</Exclude>
                    <Additive>0</Additive>
                    <IKPriority>0</IKPriority>
                    <IKRotLimits>-1e+010 -1e+010 -1e+010 1e+010 1e+010 1e+010</IKRotLimits>
                    <IKRotLimitOrder>0</IKRotLimitOrder>
                    <KeyFrames count="25">
                        <i>0.0242121 0.98594 0.165337 -0.142858 0.167101 -0.975535 -0.989447 6.03004e-009 0.144895 -0.332529 1.74465 -0.109752</i>
                        <i>0.0246909 0.985228 0.169456 -0.142055 0.171246 -0.974934 -0.989551 4.16743e-009 0.144185 -0.856131 1.75393 -0.115715</i>
                        <i>0.024769 0.984642 0.172822 -0.139692 0.174588 -0.974682 -0.989885 3.9026e-009 0.141871 -1.37746 1.76243 -0.124968</i>
                        <i>0.0245457 0.984429 0.174063 -0.13746 0.175785 -0.974784 -0.990203 1.8089e-008 0.139635 -1.89907 1.76647 -0.132966</i>
                        <i>0.0245066 0.984375 0.174373 -0.136999 0.176086 -0.974795 -0.990268 3.68468e-008 0.139174 -2.42368 1.76758 -0.135319</i>
                        <i>0.0248142 0.984424 0.17405 -0.138944 0.17581 -0.974569 -0.989989 1.15283e-008 0.141142 -2.9521 1.76561 -0.128161</i>
                        <i>0.0250792 0.984839 0.17165 -0.14238 0.173472 -0.974492 -0.989494 -2.43762e-009 0.144572 -3.48251 1.75784 -0.112984</i>
                        <i>0.0249839 0.985788 0.166126 -0.146605 0.167994 -0.974826 -0.98888 6.6446e-009 0.148719 -4.01372 1.74299 -0.0935274</i>
                        <i>0.0245172 0.987051 0.158521 -0.150866 0.160406 -0.975453 -0.98825 -1.43455e-008 0.152845 -4.54462 1.72405 -0.0735672</i>
                        <i>0.0240213 0.988108 0.151872 -0.154368 0.15376 -0.975976 -0.987721 1.31509e-008 0.156226 -5.07423 1.70781 -0.0568462</i>
                        <i>0.0255845 0.986911 0.159225 -0.156571 0.161267 -0.974412 -0.987335 -1.08507e-008 0.158647 -5.6022 1.71937 -0.0437749</i>
                        <i>0.0270586 0.985673 0.166484 -0.158126 0.168669 -0.972907 -0.987048 1.56277e-008 0.160425 -6.12897 1.73104 -0.0326154</i>
                        <i>0.0282389 0.984618 0.172421 -0.159139 0.174719 -0.971673 -0.986852 -8.27498e-009 0.161625 -6.65488 1.74056 -0.0238322</i>
                        <i>0.0293826 0.983502 0.178495 -0.159747 0.180897 -0.970442 -0.986721 2.35339e-009 0.162427 -7.18016 1.75051 -0.0164017</i>
                        <i>0.0303074 0.982544 0.183544 -0.160073 0.18603 -0.969417 -0.98664 -9.70149e-009 0.162917 -7.70492 1.75862 -0.00986534</i>
                        <i>0.0306566 0.982158 0.18554 -0.16011 0.188056 -0.96902 -0.986623 -9.72067e-009 0.163019 -8.22926 1.76138 -0.00553817</i>
                        <i>0.0306804 0.982053 0.186094 -0.159749 0.188607 -0.968973 -0.986681 8.23518e-009 0.162669 -8.75334 1.76227 -0.00472296</i>
                        <i>0.0302813 0.982309 0.184803 -0.15884 0.187267 -0.969382 -0.98684 9.22831e-009 0.161701 -9.27732 1.76111 -0.0101378</i>
                        <i>0.0292699 0.983151 0.180439 -0.157424 0.182798 -0.970465 -0.987097 -5.98702e-009 0.160122 -9.80118 1.75544 -0.021882</i>
                        <i>0.0277045 0.984534 0.172989 -0.155691 0.175193 -0.972146 -0.987417 4.30782e-009 0.158137 -10.3248 1.74453 -0.037316</i>
                        <i>0.0259017 0.986109 0.164065 -0.153777 0.166097 -0.974045 -0.987766 -9.80453e-009 0.155943 -10.848 1.73078 -0.0537779</i>
                        <i>0.0243572 0.987367 0.156566 -0.15178 0.158449 -0.975631 -0.988114 7.8866e-009 0.153722 -11.3708 1.71926 -0.0685948</i>
                        <i>0.0244146 0.986865 0.159693 -0.149143 0.161549 -0.97553 -0.988514 1.72515e-008 0.151128 -11.8922 1.72808 -0.0820107</i>
                        <i>0.0243423 0.986385 0.162641 -0.146005 0.164453 -0.975519 -0.988984 6.13198e-009 0.14802 -12.4124 1.73662 -0.0958526</i>
                        <i>0.0242121 0.98594 0.165337 -0.142858 0.167101 -0.975535 -0.989447 6.03004e-009 0.144895 -12.9325 1.74465 -0.109752</i>
                    </KeyFrames>
                </p>
            </i>
            <i>
                <p>
                    <Name><![CDATA[head_prop]]></Name>
                    <Exclude>0</Exclude>
                    <Additive>0</Additive>
                    <IKPriority>0</IKPriority>
                    <IKRotLimits>-1e+010 -1e+010 -1e+010 1e+010 1e+010 1e+010</IKRotLimits>
                    <IKRotLimitOrder>0</IKRotLimitOrder>
                    <KeyFrames count="25">
                        <i>0.989447 -6.03004e-009 -0.144895 0.0242121 0.98594 0.165337 0.142858 -0.167101 0.975535 -0.32471 1.78048 0.123085</i>
                        <i>0.989551 -4.16743e-009 -0.144185 0.0246909 0.985228 0.169456 0.142055 -0.171246 0.974934 -0.848458 1.78878 0.117275</i>
                        <i>0.989885 -3.9026e-009 -0.141871 0.024769 0.984642 0.172822 0.139692 -0.174588 0.974682 -1.37031 1.7965 0.108155</i>
                        <i>0.990203 -1.8089e-008 -0.139635 0.0245457 0.984429 0.174063 0.13746 -0.175785 0.974784 -1.89244 1.80026 0.100213</i>
                        <i>0.990268 -3.68468e-008 -0.139174 0.0245066 0.984375 0.174373 0.136999 -0.176086 0.974795 -2.41716 1.8013 0.0978739</i>
                        <i>0.989989 -1.15283e-008 -0.141142 0.0248142 0.984424 0.17405 0.138944 -0.17581 0.974569 -2.94512 1.79939 0.105009</i>
                        <i>0.989494 2.43762e-009 -0.144572 0.0250792 0.984839 0.17165 0.14238 -0.173472 0.974492 -3.47474 1.79217 0.120081</i>
                        <i>0.98888 -6.6446e-009 -0.148719 0.0249839 0.985788 0.166126 0.146605 -0.167994 0.974826 -4.005 1.77861 0.13931</i>
                        <i>0.98825 1.43455e-008 -0.152845 0.0245172 0.987051 0.158521 0.150866 -0.160406 0.975453 -4.53497 1.76145 0.158954</i>
                        <i>0.987721 -1.31509e-008 -0.156226 0.0240213 0.988108 0.151872 0.154368 -0.15376 0.975976 -5.06382 1.74676 0.175387</i>
                        <i>0.987335 1.08507e-008 -0.158647 0.0255845 0.986911 0.159225 0.156571 -0.161267 0.974412 -5.59118 1.75657 0.188718</i>
                        <i>0.987048 -1.56277e-008 -0.160425 0.0270586 0.985673 0.166484 0.158126 -0.168669 0.972907 -6.11749 1.7665 0.200127</i>
                        <i>0.986852 8.27498e-009 -0.161625 0.0282389 0.984618 0.172421 0.159139 -0.174719 0.971673 -6.64308 1.77459 0.209106</i>
                        <i>0.986721 -2.35339e-009 -0.162427 0.0293826 0.983502 0.178495 0.159747 -0.180897 0.970442 -7.16813 1.78309 0.216733</i>
                        <i>0.98664 9.70149e-009 -0.162917 0.0303074 0.982544 0.183544 0.160073 -0.18603 0.969417 -7.69275 1.78999 0.223428</i>
                        <i>0.986623 9.72067e-009 -0.163019 0.0306566 0.982158 0.18554 0.16011 -0.188056 0.96902 -8.21706 1.79228 0.227818</i>
                        <i>0.986681 -8.23518e-009 -0.162669 0.0306804 0.982053 0.186094 0.159749 -0.188607 0.968973 -8.74121 1.79303 0.228654</i>
                        <i>0.98684 -9.22831e-009 -0.161701 0.0302813 0.982309 0.184803 0.15884 -0.187267 0.969382 -9.26543 1.79219 0.22321</i>
                        <i>0.987097 5.98702e-009 -0.160122 0.0292699 0.983151 0.180439 0.157424 -0.182798 0.970465 -9.78969 1.78758 0.211342</i>
                        <i>0.987417 -4.30782e-009 -0.158137 0.0277045 0.984534 0.172989 0.155691 -0.175193 0.972146 -10.3138 1.77845 0.195679</i>
                        <i>0.987766 9.80453e-009 -0.155943 0.0259017 0.986109 0.164065 0.153777 -0.166097 0.974045 -10.8376 1.76685 0.178922</i>
                        <i>0.988114 -7.8866e-009 -0.153722 0.0243572 0.987367 0.156566 0.15178 -0.158449 0.975631 -11.3609 1.75712 0.163845</i>
                        <i>0.988514 -1.72515e-008 -0.151128 0.0244146 0.986865 0.159693 0.149143 -0.161549 0.97553 -11.883 1.76521 0.15057</i>
                        <i>0.988984 -6.13198e-009 -0.14802 0.0243423 0.986385 0.162641 0.146005 -0.164453 0.975519 -12.4039 1.77307 0.136863</i>
                        <i>0.989447 -6.03004e-009 -0.144895 0.0242121 0.98594 0.165337 0.142858 -0.167101 0.975535 -12.9247 1.78048 0.123085</i>
                    </KeyFrames>
                </p>
            </i>
            <i>
                <p>
                    <Name><![CDATA[ponytail_1]]></Name>
                    <Exclude>0</Exclude>
                    <Additive>0</Additive>
                    <IKPriority>0</IKPriority>
                    <IKRotLimits>-1e+010 -1e+010 -1e+010 1e+010 1e+010 1e+010</IKRotLimits>
                    <IKRotLimitOrder>0</IKRotLimitOrder>
                    <KeyFrames count="25">
                        <i>-0.296766 -0.366443 -0.881844 -0.954646 0.137154 0.264273 0.0241074 0.920276 -0.390526 -0.355645 1.93179 -0.205252</i>
                        <i>-0.289839 -0.364652 -0.884885 -0.949467 -0.00679357 0.313792 -0.120437 0.931119 -0.344256 -0.879065 1.94148 -0.210452</i>
                        <i>-0.269785 -0.366795 -0.890324 -0.940389 -0.0984845 0.325529 -0.207085 0.925074 -0.31836 -1.40008 1.95031 -0.219128</i>
                        <i>-0.240034 -0.372381 -0.896502 -0.968908 0.0348058 0.244962 -0.0600158 0.927427 -0.369157 -1.92145 1.95446 -0.22695</i>
                        <i>-0.204281 -0.378377 -0.902829 -0.972004 0.187775 0.141237 0.116088 0.906406 -0.406143 -2.446 1.95561 -0.229257</i>
                        <i>-0.165476 -0.382861 -0.908865 -0.978554 0.178378 0.103022 0.122679 0.906421 -0.404168 -2.97462 1.9536 -0.222106</i>
                        <i>-0.125213 -0.386143 -0.913901 -0.988609 0.126096 0.0821701 0.0835098 0.91378 -0.397533 -3.50542 1.94561 -0.207292</i>
                        <i>-0.0854342 -0.388861 -0.917327 -0.993166 0.106711 0.0472619 0.0795108 0.915096 -0.39532 -4.03718 1.93021 -0.188769</i>
                        <i>-0.0481927 -0.390454 -0.91936 -0.997637 0.0639416 0.0251398 0.0489694 0.918399 -0.392613 -4.5687 1.91052 -0.170131</i>
                        <i>-0.0155374 -0.389232 -0.921009 -0.998406 -0.043945 0.035415 -0.0542584 0.920091 -0.387928 -5.09883 1.89361 -0.154564</i>
                        <i>0.0096056 -0.374719 -0.927089 -0.981196 -0.182267 0.0635041 -0.192774 0.909046 -0.369424 -5.62682 1.90593 -0.140035</i>
                        <i>0.0257198 -0.362035 -0.931809 -0.932317 -0.345039 0.108324 -0.360727 0.865955 -0.346406 -6.15354 1.91833 -0.127446</i>
                        <i>0.0307766 -0.354147 -0.934683 -0.860877 -0.48455 0.155247 -0.507881 0.799869 -0.31979 -6.67938 1.92844 -0.117496</i>
                        <i>0.02311 -0.350636 -0.936227 -0.79488 -0.574407 0.195506 -0.606327 0.739669 -0.291988 -7.20454 1.939 -0.10888</i>
                        <i>0.00410675 -0.351625 -0.936132 -0.769449 -0.599024 0.221627 -0.638695 0.719396 -0.273017 -7.72918 1.94761 -0.101359</i>
                        <i>-0.0239931 -0.357251 -0.9337 -0.825562 -0.519643 0.22004 -0.563801 0.776107 -0.282466 -8.25347 1.95056 -0.0966447</i>
                        <i>-0.0590938 -0.364065 -0.929497 -0.910348 -0.362405 0.199823 -0.409602 0.857974 -0.31001 -8.7775 1.9515 -0.0957333</i>
                        <i>-0.098684 -0.370772 -0.923466 -0.980893 -0.120111 0.153045 -0.167663 0.920924 -0.351835 -9.30143 1.95021 -0.101426</i>
                        <i>-0.140155 -0.377384 -0.915389 -0.987002 0.126674 0.0988965 0.0786343 0.917352 -0.390233 -9.82529 1.94412 -0.114057</i>
                        <i>-0.181034 -0.38344 -0.905649 -0.95765 0.278379 0.0735668 0.223905 0.880613 -0.417597 -10.3489 1.93246 -0.130976</i>
                        <i>-0.218954 -0.38771 -0.8954 -0.928424 0.365069 0.0689535 0.300148 0.846408 -0.439892 -10.8723 1.91782 -0.149201</i>
                        <i>-0.251748 -0.388521 -0.886383 -0.917013 0.388537 0.0901434 0.30937 0.835518 -0.454092 -11.395 1.90553 -0.165502</i>
                        <i>-0.27736 -0.378926 -0.882885 -0.923714 0.357911 0.136574 0.264243 0.853414 -0.449289 -11.9161 1.91466 -0.178403</i>
                        <i>-0.292893 -0.370965 -0.881249 -0.94207 0.269529 0.199648 0.163459 0.888673 -0.428418 -12.4359 1.92349 -0.191775</i>
                        <i>-0.296766 -0.366443 -0.881844 -0.954646 0.137154 0.264273 0.0241074 0.920276 -0.390526 -12.9556 1.93179 -0.205252</i>
                    </KeyFrames>
                </p>
            </i>
            <i>
                <p>
                    <Name><![CDATA[ponytail_2]]></Name>
                    <Exclude>0</Exclude>
                    <Additive>0</Additive>
                    <IKPriority>0</IKPriority>
                    <IKRotLimits>-1e+010 -1e+010 -1e+010 1e+010 1e+010 1e+010</IKRotLimits>
                    <IKRotLimitOrder>0</IKRotLimitOrder>
                    <KeyFrames count="25">
                        <i>-0.296766 -0.366443 -0.881844 -0.875602 0.472961 0.0981304 0.381118 0.801266 -0.461217 -0.247484 1.92585 -0.239184</i>
                        <i>-0.289839 -0.364652 -0.884885 -0.947419 0.240321 0.211288 0.13561 0.899597 -0.415133 -0.772992 1.95192 -0.2495</i>
                        <i>-0.269785 -0.366795 -0.890324 -0.929492 -0.142312 0.340283 -0.251517 0.919353 -0.302539 -1.29593 1.97106 -0.259234</i>
                        <i>-0.240034 -0.372381 -0.896502 -0.746432 -0.519647 0.415699 -0.620663 0.76896 -0.153224 -1.81255 1.96017 -0.258477</i>
                        <i>-0.204281 -0.378377 -0.902829 -0.455185 -0.779791 0.429805 -0.866646 0.498755 -0.0129347 -2.33492 1.9438 -0.249443</i>
                        <i>-0.165476 -0.382861 -0.908865 -0.184937 -0.893175 0.409923 -0.968719 0.235915 0.0769936 -2.86273 1.94286 -0.237952</i>
                        <i>-0.125213 -0.386143 -0.913901 -0.0956169 -0.912166 0.39851 -0.987512 0.137283 0.077293 -3.3928 1.94085 -0.220712</i>
                        <i>-0.0854342 -0.388861 -0.917327 -0.435493 -0.813513 0.385412 -0.896129 0.432417 -0.0998441 -3.92409 1.92766 -0.198221</i>
                        <i>-0.0481927 -0.390454 -0.91936 -0.779983 -0.560251 0.278827 -0.623942 0.730523 -0.277548 -4.45542 1.91284 -0.177054</i>
                        <i>-0.0155374 -0.389232 -0.921009 -0.883327 -0.426254 0.195043 -0.4685 0.816582 -0.337196 -4.98654 1.90814 -0.1626</i>
                        <i>0.0096056 -0.374719 -0.927089 -0.937444 -0.326034 0.122066 -0.348003 0.867921 -0.35441 -5.51791 1.93598 -0.151053</i>
                        <i>0.0257198 -0.362035 -0.931809 -0.993727 -0.110742 0.0155979 -0.108838 0.925563 -0.362613 -6.0519 1.96633 -0.143291</i>
                        <i>0.0307766 -0.354147 -0.934683 -0.999498 -0.0179414 -0.0261128 -0.00752168 0.935018 -0.354521 -6.58734 1.99153 -0.138369</i>
                        <i>0.02311 -0.350636 -0.936227 -0.946387 -0.309493 0.0925506 -0.322207 0.883894 -0.33899 -7.12099 2.01162 -0.134014</i>
                        <i>0.00410675 -0.351625 -0.936132 -0.738245 -0.632517 0.234344 -0.674521 0.690132 -0.262183 -7.64884 2.0228 -0.129249</i>
                        <i>-0.0239931 -0.357251 -0.9337 -0.52531 -0.790132 0.315818 -0.850573 0.498059 -0.16871 -8.16601 2.01737 -0.124453</i>
                        <i>-0.0590938 -0.364065 -0.929497 -0.315333 -0.876641 0.363409 -0.947139 0.314576 -0.0629977 -8.67885 2.00139 -0.121543</i>
                        <i>-0.098684 -0.370772 -0.923466 -0.107327 -0.918617 0.380294 -0.989314 0.136641 0.0508592 -9.19229 1.97336 -0.122383</i>
                        <i>-0.140155 -0.377384 -0.915389 -0.0907221 -0.915731 0.391415 -0.985965 0.137905 0.0941075 -9.7129 1.93933 -0.129292</i>
                        <i>-0.181034 -0.38344 -0.905649 -0.537685 -0.732467 0.417597 -0.823481 0.562553 -0.0735683 -10.2384 1.91015 -0.143633</i>
                        <i>-0.218954 -0.38771 -0.8954 -0.894451 -0.286936 0.342966 -0.389893 0.875984 -0.283962 -10.7642 1.88535 -0.161568</i>
                        <i>-0.251748 -0.388521 -0.886383 -0.962155 0.0017628 0.272496 -0.104308 0.921438 -0.374261 -11.2881 1.8703 -0.180411</i>
                        <i>-0.27736 -0.378926 -0.882885 -0.954179 0.216062 0.207025 0.11231 0.899851 -0.42149 -11.8089 1.88308 -0.198511</i>
                        <i>-0.292893 -0.370965 -0.881249 -0.86835 0.488997 0.0827604 0.400227 0.789472 -0.465351 -12.3277 1.90226 -0.218796</i>
                        <i>-0.296766 -0.366443 -0.881844 -0.813757 0.580284 0.0327201 0.49973 0.727317 -0.470404 -12.8475 1.92585 -0.239184</i>
                    </KeyFrames>
                </p>
            </i>
            <i>
                <p>
                    <Name><![CDATA[ponytail_3]]></Name>
                    <Exclude>0</Exclude>
                    <Additive>0</Additive>
                    <IKPriority>0</IKPriority>
                    <IKRotLimits>-1e+010 -1e+010 -1e+010 1e+010 1e+010 1e+010</IKRotLimits>
                    <IKRotLimitOrder>0</IKRotLimitOrder>
                    <KeyFrames count="25">
                        <i>-0.296766 -0.366443 -0.881844 -0.747943 0.663331 -0.0239375 0.593726 0.652465 -0.470933 -0.175832 1.89108 -0.248848</i>
                        <i>-0.289839 -0.364652 -0.884885 -0.674014 0.734178 -0.0817777 0.679484 0.572722 -0.458574 -0.696544 1.93618 -0.268052</i>
                        <i>-0.269785 -0.366795 -0.890324 -0.7647 0.64352 -0.0333979 0.585192 0.671821 -0.4541 -1.22243 1.98605 -0.287682</i>
                        <i>-0.240034 -0.372381 -0.896502 -0.954654 0.258097 0.148397 0.176124 0.89147 -0.417447 -1.75516 2.00481 -0.292386</i>
                        <i>-0.204281 -0.378377 -0.902829 -0.883199 -0.326506 0.336679 -0.422171 0.866155 -0.267483 -2.30183 2.00824 -0.283935</i>
                        <i>-0.165476 -0.382861 -0.908865 -0.426483 -0.803163 0.415983 -0.88923 0.45645 -0.0303798 -2.85169 2.01535 -0.270499</i>
                        <i>-0.125213 -0.386143 -0.913901 0.15102 -0.917835 0.367114 -0.980569 -0.0920504 0.17324 -3.389 2.01448 -0.252344</i>
                        <i>-0.0854342 -0.388861 -0.917327 0.533541 -0.795414 0.28749 -0.841448 -0.46487 0.275429 -3.89269 1.99454 -0.229494</i>
                        <i>-0.0481927 -0.390454 -0.91936 0.589205 -0.754344 0.289486 -0.806545 -0.527741 0.266412 -4.39535 1.96059 -0.20048</i>
                        <i>-0.0155374 -0.389232 -0.921009 -0.0271362 -0.920617 0.389524 -0.999511 0.0310449 0.00374183 -4.91759 1.94548 -0.179545</i>
                        <i>0.0096056 -0.374719 -0.927089 -0.761875 -0.60323 0.235925 -0.647653 0.704059 -0.291284 -5.44415 1.96549 -0.162218</i>
                        <i>0.0257198 -0.362035 -0.931809 -0.992377 -0.121631 0.0198658 -0.120529 0.924195 -0.362404 -5.9727 1.97882 -0.145957</i>
                        <i>0.0307766 -0.354147 -0.934683 -0.967733 0.223422 -0.116518 0.250093 0.908109 -0.335844 -6.50728 1.99662 -0.137661</i>
                        <i>0.02311 -0.350636 -0.936227 -0.949429 0.28562 -0.130407 0.313131 0.891894 -0.326304 -7.04641 2.03987 -0.142754</i>
                        <i>0.00410675 -0.351625 -0.936132 -0.984344 0.16354 -0.065746 0.176213 0.921746 -0.345448 -7.59232 2.07618 -0.149051</i>
                        <i>-0.0239931 -0.357251 -0.9337 -0.98679 -0.14122 0.0793908 -0.160219 0.92327 -0.349144 -8.12724 2.08263 -0.150419</i>
                        <i>-0.0590938 -0.364065 -0.929497 -0.796517 -0.544062 0.263737 -0.601721 0.755946 -0.257833 -8.65728 2.07286 -0.15091</i>
                        <i>-0.098684 -0.370772 -0.923466 -0.319917 -0.866912 0.382253 -0.942292 0.333155 -0.033066 -9.18756 2.0475 -0.152658</i>
                        <i>-0.140155 -0.377384 -0.915389 0.191741 -0.917359 0.348838 -0.971387 -0.126626 0.200933 -9.70948 2.01325 -0.160289</i>
                        <i>-0.181034 -0.38344 -0.905649 0.46948 -0.842861 0.26301 -0.864185 -0.37757 0.332604 -10.1985 1.97104 -0.177383</i>
                        <i>-0.218954 -0.38771 -0.8954 0.400848 -0.872395 0.279729 -0.889596 -0.297671 0.346427 -10.694 1.91176 -0.190159</i>
                        <i>-0.251748 -0.388521 -0.886383 -0.424908 -0.778513 0.46192 -0.869526 0.492919 0.0309034 -11.2114 1.87376 -0.203708</i>
                        <i>-0.27736 -0.378926 -0.882885 -0.95642 0.0215937 0.291193 -0.0912759 0.925175 -0.368402 -11.732 1.86928 -0.216746</i>
                        <i>-0.292893 -0.370965 -0.881249 -0.838844 0.542011 0.0506376 0.458862 0.754062 -0.469933 -12.2566 1.86616 -0.227245</i>
                        <i>-0.296766 -0.366443 -0.881844 -0.657642 0.747994 -0.0895077 0.692414 0.553375 -0.462968 -12.7803 1.88219 -0.243643</i>
                    </KeyFrames>
                </p>
            </i>
            <i>
                <p>
                    <Name><![CDATA[l_clav]]></Name>
                    <Exclude>0</Exclude>
                    <Additive>0</Additive>
                    <IKPriority>0</IKPriority>
                    <IKRotLimits>-1e+010 -1e+010 -1e+010 1e+010 1e+010 1e+010</IKRotLimits>
                    <IKRotLimitOrder>0</IKRotLimitOrder>
                    <KeyFrames count="25">
                        <i>0.731665 0.0364226 -0.68069 -0.2397 0.948545 -0.206896 0.63813 0.31454 0.702748 -0.230736 1.55564 -0.124881</i>
                        <i>0.698796 0.0235971 -0.714932 -0.241796 0.948417 -0.205035 0.673216 0.316145 0.668456 -0.756658 1.56394 -0.133708</i>
                        <i>0.677792 -0.01679 -0.735062 -0.22286 0.948017 -0.227151 0.700665 0.317777 0.638816 -1.28356 1.56937 -0.139942</i>
                        <i>0.669583 -0.0550316 -0.740696 -0.201286 0.946487 -0.252282 0.714943 0.318015 0.622675 -1.81021 1.57073 -0.143256</i>
                        <i>0.676384 -0.0615218 -0.733975 -0.196418 0.945353 -0.260245 0.709876 0.320191 0.627338 -2.33524 1.57156 -0.143512</i>
                        <i>0.700702 -0.025195 -0.713009 -0.21315 0.946341 -0.242911 0.68087 0.322186 0.657733 -2.85826 1.5722 -0.138353</i>
                        <i>0.736418 0.0360976 -0.675563 -0.23903 0.948053 -0.209904 0.632893 0.316057 0.706792 -3.38046 1.5689 -0.12713</i>
                        <i>0.773541 0.107624 -0.624541 -0.267708 0.948725 -0.168088 0.574428 0.297218 0.762689 -3.90272 1.55958 -0.112372</i>
                        <i>0.804826 0.175016 -0.567119 -0.293942 0.947655 -0.124696 0.515609 0.267059 0.814142 -4.42562 1.54626 -0.0969051</i>
                        <i>0.826351 0.226665 -0.515526 -0.313844 0.945445 -0.0873788 0.467596 0.234 0.852407 -4.94932 1.53466 -0.0838454</i>
                        <i>0.838003 0.260806 -0.479303 -0.326797 0.943308 -0.0580786 0.436983 0.205305 0.875726 -5.47362 1.54945 -0.0739483</i>
                        <i>0.843535 0.283838 -0.455943 -0.334866 0.941677 -0.0333088 0.419897 0.180777 0.889385 -5.99826 1.56337 -0.066007</i>
                        <i>0.846001 0.298649 -0.441691 -0.338729 0.940799 -0.0126691 0.411759 0.160332 0.897078 -6.52316 1.57432 -0.0602923</i>
                        <i>0.846806 0.308693 -0.433161 -0.338906 0.940787 0.00791147 0.409955 0.140102 0.901282 -7.04833 1.58516 -0.0563464</i>
                        <i>0.846002 0.315126 -0.430088 -0.336326 0.941325 0.0281397 0.41372 0.120844 0.902348 -7.57369 1.59377 -0.0536329</i>
                        <i>0.844009 0.316698 -0.432842 -0.332083 0.942318 0.0419307 0.421154 0.108349 0.900494 -8.09908 1.59651 -0.0522766</i>
