<?xml version="1.0" encoding="ISO-8859-1" ?>
<Animl Version="1">
    <ModellingPackage><![CDATA[Maya.2010]]></ModellingPackage>
    <SrcFile><![CDATA[anims\characters\shared\commando\~src\commando_run_back_left.mb]]></SrcFile>
    <FramesPerSecond>30</FramesPerSecond>
    <TotalFrames>25</TotalFrames>
    <Skeleton>
        <RefFrame>
            <Name><![CDATA[commando_ref_frame]]></Name>
            <Exclude>0</Exclude>
            <Additive>0</Additive>
            <IKPriority>0</IKPriority>
            <IKRotLimits>-1e+010 -1e+010 -1e+010 1e+010 1e+010 1e+010</IKRotLimits>
            <IKRotLimitOrder>0</IKRotLimitOrder>
            <KeyFrames count="25">
                <i>1 0 0 0 1 0 0 0 1 0 0 0</i>
                <i>1 0 0 0 1 0 0 0 1 0.525 0 0</i>
                <i>1 0 0 0 1 0 0 0 1 1.05 0 0</i>
                <i>1 0 0 0 1 0 0 0 1 1.575 0 0</i>
                <i>1 0 0 0 1 0 0 0 1 2.1 0 0</i>
                <i>1 0 0 0 1 0 0 0 1 2.625 0 0</i>
                <i>1 0 0 0 1 0 0 0 1 3.15 0 0</i>
                <i>1 0 0 0 1 0 0 0 1 3.675 0 0</i>
                <i>1 0 0 0 1 0 0 0 1 4.2 0 0</i>
                <i>1 0 0 0 1 0 0 0 1 4.725 0 0</i>
                <i>1 0 0 0 1 0 0 0 1 5.25 0 0</i>
                <i>1 0 0 0 1 0 0 0 1 5.775 0 0</i>
                <i>1 0 0 0 1 0 0 0 1 6.3 0 0</i>
                <i>1 0 0 0 1 0 0 0 1 6.825 0 0</i>
                <i>1 0 0 0 1 0 0 0 1 7.35 0 0</i>
                <i>1 0 0 0 1 0 0 0 1 7.875 0 0</i>
                <i>1 0 0 0 1 0 0 0 1 8.4 0 0</i>
                <i>1 0 0 0 1 0 0 0 1 8.925 0 0</i>
                <i>1 0 0 0 1 0 0 0 1 9.45 0 0</i>
                <i>1 0 0 0 1 0 0 0 1 9.975 0 0</i>
                <i>1 0 0 0 1 0 0 0 1 10.5 0 0</i>
                <i>1 0 0 0 1 0 0 0 1 11.025 0 0</i>
                <i>1 0 0 0 1 0 0 0 1 11.55 0 0</i>
                <i>1 0 0 0 1 0 0 0 1 12.075 0 0</i>
                <i>1 0 0 0 1 0 0 0 1 12.6 0 0</i>
            </KeyFrames>
        </RefFrame>
        <Bones count="28">
            <i>
                <p>
                    <Name><![CDATA[pelvis]]></Name>
                    <Exclude>0</Exclude>
                    <Additive>0</Additive>
                    <IKPriority>0</IKPriority>
                    <IKRotLimits>-1e+010 -1e+010 -1e+010 1e+010 1e+010 1e+010</IKRotLimits>
                    <IKRotLimitOrder>2</IKRotLimitOrder>
                    <KeyFrames count="25">
                        <i>1 0 0 0 1 0 0 0 1 0.196598 1.04386 0.052794</i>
                        <i>1 0 0 0 1 0 0 0 1 0.717254 1.05378 0.0429771</i>
                        <i>1 0 0 0 1 0 0 0 1 1.2378 1.06319 0.0325211</i>
                        <i>1 0 0 0 1 0 0 0 1 1.75859 1.06835 0.0223651</i>
                        <i>1 0 0 0 1 0 0 0 1 2.27981 1.07016 0.0135005</i>
                        <i>1 0 0 0 1 0 0 0 1 2.80242 1.06796 0.00493866</i>
                        <i>1 0 0 0 1 0 0 0 1 3.32662 1.0595 -0.00421344</i>
                        <i>1 0 0 0 1 0 0 0 1 3.85151 1.04403 -0.0127883</i>
                        <i>1 0 0 0 1 0 0 0 1 4.3763 1.02484 -0.0195719</i>
                        <i>1 0 0 0 1 0 0 0 1 4.90033 1.00862 -0.0233037</i>
                        <i>1 0 0 0 1 0 0 0 1 5.4224 1.01972 -0.0198378</i>
                        <i>1 0 0 0 1 0 0 0 1 5.94423 1.03078 -0.0101514</i>
                        <i>1 0 0 0 1 0 0 0 1 6.46956 1.0405 -0.000740194</i>
                        <i>1 0 0 0 1 0 0 0 1 6.99808 1.05146 0.00684159</i>
                        <i>1 0 0 0 1 0 0 0 1 7.52704 1.06072 0.0151363</i>
                        <i>1 0 0 0 1 0 0 0 1 8.05637 1.0645 0.0237633</i>
                        <i>1 0 0 0 1 0 0 0 1 8.5859 1.06592 0.0323871</i>
                        <i>1 0 0 0 1 0 0 0 1 9.11559 1.06465 0.0422557</i>
                        <i>1 0 0 0 1 0 0 0 1 9.6452 1.05835 0.0536691</i>
                        <i>1 0 0 0 1 0 0 0 1 10.1742 1.04642 0.0648618</i>
                        <i>1 0 0 0 1 0 0 0 1 10.7022 1.03156 0.0740098</i>
                        <i>1 0 0 0 1 0 0 0 1 11.229 1.01905 0.0792509</i>
                        <i>1 0 0 0 1 0 0 0 1 11.753 1.02704 0.0755543</i>
                        <i>1 0 0 0 1 0 0 0 1 12.2747 1.0353 0.0641913</i>
                        <i>1 0 0 0 1 0 0 0 1 12.7966 1.04386 0.052794</i>
                    </KeyFrames>
                </p>
            </i>
            <i>
                <p>
                    <Name><![CDATA[spine0]]></Name>
                    <Exclude>0</Exclude>
                    <Additive>0</Additive>
                    <IKPriority>0</IKPriority>
                    <IKRotLimits>-1e+010 -1e+010 -1e+010 1e+010 1e+010 1e+010</IKRotLimits>
                    <IKRotLimitOrder>0</IKRotLimitOrder>
                    <KeyFrames count="25">
                        <i>0.189313 0.975086 -0.115623 -0.103143 -0.0973532 -0.989891 -0.976485 0.199324 0.0821432 0.293086 1.14413 0.0163067</i>
                        <i>0.193027 0.97653 -0.0955498 -0.0916483 -0.0790115 -0.992652 -0.976904 0.200366 0.074246 0.814369 1.15403 0.0081328</i>
                        <i>0.195786 0.977577 -0.0775352 -0.074606 -0.0639878 -0.995158 -0.977805 0.200622 0.0604052 1.33464 1.1633 -0.00347673</i>
                        <i>0.199639 0.978071 -0.0593392 -0.0617392 -0.0478823 -0.996943 -0.977923 0.202692 0.0508262 1.85491 1.16818 -0.015772</i>
                        <i>0.206931 0.977558 -0.0395016 -0.0628606 -0.0270073 -0.997657 -0.976334 0.208929 0.0558612 2.37596 1.16962 -0.0259797</i>
                        <i>0.216392 0.976109 -0.0196252 -0.0777045 -0.00281851 -0.996972 -0.973209 0.217262 0.0752382 2.89858 1.16723 -0.035014</i>
                        <i>0.225724 0.974189 -0.00219809 -0.0992272 0.0207467 -0.994848 -0.969125 0.22478 0.101349 3.42257 1.15869 -0.0448513</i>
                        <i>0.235727 0.971744 0.0121047 -0.127119 0.0431807 -0.990947 -0.963469 0.232055 0.133706 3.94724 1.14306 -0.0543185</i>
                        <i>0.246804 0.968803 0.0225485 -0.161212 0.0639909 -0.984843 -0.955562 0.239428 0.171976 4.47197 1.12344 -0.0622427</i>
                        <i>0.258992 0.96546 0.0284729 -0.201581 0.0828583 -0.975961 -0.94461 0.247027 0.216078 4.99621 1.10635 -0.0674738</i>
                        <i>0.273883 0.961476 0.0234857 -0.268705 0.0999439 -0.958023 -0.923464 0.256076 0.285726 5.51778 1.11666 -0.0667379</i>
                        <i>0.288398 0.957471 0.00875891 -0.355087 0.115441 -0.927678 -0.889236 0.26443 0.373278 6.03811 1.12755 -0.0603458</i>
                        <i>0.295745 0.955251 -0.0055955 -0.422111 0.125426 -0.897826 -0.856947 0.267889 0.440316 6.56235 1.13715 -0.0531283</i>
                        <i>0.295813 0.955102 -0.016579 -0.466705 0.12936 -0.874901 -0.833475 0.266545 0.484017 7.09027 1.14847 -0.0459196</i>
                        <i>0.293081 0.955685 -0.0277584 -0.503957 0.129746 -0.853928 -0.812485 0.264259 0.51965 7.61832 1.15908 -0.0367387</i>
                        <i>0.287773 0.956856 -0.0401567 -0.528858 0.123816 -0.83963 -0.798433 0.26286 0.541672 8.1468 1.16425 -0.0269266</i>
                        <i>0.280219 0.95834 -0.0553383 -0.537797 0.108978 -0.836001 -0.795143 0.264024 0.54593 8.67585 1.16627 -0.017951</i>
                        <i>0.268936 0.960239 -0.074927 -0.534975 0.0842353 -0.840658 -0.800921 0.266167 0.536358 9.20556 1.16459 -0.00886852</i>
                        <i>0.253497 0.962413 -0.0974684 -0.525386 0.052377 -0.849251 -0.812225 0.266491 0.518915 9.73557 1.15737 0.00146736</i>
                        <i>0.236093 0.964314 -0.119831 -0.506554 0.0168972 -0.862042 -0.829254 0.264223 0.492467 10.2653 1.14441 0.0118839</i>
                        <i>0.219035 0.965821 -0.138616 -0.475833 -0.0182924 -0.879346 -0.851826 0.258565 0.455562 10.7941 1.12882 0.0210928</i>
                        <i>0.204509 0.967238 -0.150425 -0.430658 -0.049095 -0.901179 -0.879039 0.249081 0.406509 11.3215 1.11641 0.027646</i>
                        <i>0.196103 0.96938 -0.147803 -0.328006 -0.0772001 -0.941516 -0.924097 0.233114 0.302823 11.8476 1.12499 0.0291419</i>
                        <i>0.193043 0.972207 -0.13247 -0.185145 -0.0964915 -0.977963 -0.963564 0.213315 0.161372 12.3716 1.13434 0.0252872</i>
                        <i>0.189313 0.975086 -0.115623 -0.103143 -0.0973532 -0.989891 -0.976485 0.199324 0.0821432 12.8931 1.14413 0.0163067</i>
                    </KeyFrames>
                </p>
            </i>
            <i>
                <p>
                    <Name><![CDATA[spine1]]></Name>
                    <Exclude>0</Exclude>
                    <Additive>0</Additive>
                    <IKPriority>0</IKPriority>
                    <IKRotLimits>-1e+010 -1e+010 -1e+010 1e+010 1e+010 1e+010</IKRotLimits>
                    <IKRotLimitOrder>0</IKRotLimitOrder>
                    <KeyFrames count="25">
                        <i>-0.027998 0.998372 0.0496997 -0.583795 0.0240276 -0.811545 -0.811418 -0.0517361 0.582172 0.327401 1.32058 -0.0046219</i>
                        <i>-0.0200687 0.996574 0.0802341 -0.586997 0.0532183 -0.807838 -0.80934 -0.0633094 0.583918 0.849407 1.33098 -0.00918681</i>
                        <i>-0.00681117 0.991727 0.128187 -0.581211 0.100388 -0.807537 -0.813724 -0.080004 0.575719 1.37031 1.34107 -0.0175807</i>
                        <i>0.00721174 0.984215 0.17683 -0.571954 0.149113 -0.806619 -0.820254 -0.0953216 0.564002 1.89146 1.34692 -0.0266207</i>
                        <i>0.0183774 0.977465 0.210298 -0.564923 0.183693 -0.804437 -0.824939 -0.104019 0.555568 2.41401 1.34901 -0.0332329</i>
                        <i>0.0252111 0.973962 0.225304 -0.559917 0.200465 -0.803932 -0.828165 -0.105884 0.550391 2.9384 1.34648 -0.038624</i>
                        <i>0.0292399 0.972735 0.230068 -0.553625 0.207398 -0.806527 -0.832253 -0.103788 0.544595 3.46404 1.33734 -0.0452618</i>
                        <i>0.0317304 0.97338 0.226991 -0.547665 0.20691 -0.81071 -0.836096 -0.0985911 0.539652 3.99046 1.32094 -0.0521119</i>
                        <i>0.0337155 0.975246 0.218535 -0.544239 0.201312 -0.814419 -0.838253 -0.0914767 0.537554 4.51719 1.30065 -0.0581298</i>
                        <i>0.0361013 0.977601 0.207348 -0.545736 0.193099 -0.815405 -0.837179 -0.08372 0.540483 5.04372 1.28319 -0.0622736</i>
                        <i>0.046876 0.981542 0.185415 -0.55804 0.179685 -0.810126 -0.828489 -0.0654934 0.556163 5.56813 1.29313 -0.0624479</i>
                        <i>0.0628968 0.986588 0.150624 -0.579344 0.158984 -0.799427 -0.812653 -0.0369816 0.581574 6.09114 1.30336 -0.0587649</i>
                        <i>0.0666882 0.990925 0.116707 -0.600706 0.133268 -0.788284 -0.796684 -0.0175373 0.604142 6.61666 1.31236 -0.0541868</i>
                        <i>0.0593214 0.994727 0.0836577 -0.620245 0.102394 -0.777697 -0.782162 -0.00575426 0.623048 7.14439 1.323 -0.0489826</i>
                        <i>0.0526789 0.997622 0.0444369 -0.638992 0.0678709 -0.766213 -0.767407 0.0119684 0.641048 7.67161 1.3327 -0.0418141</i>
                        <i>0.0447079 0.998981 0.00611298 -0.654304 0.0339053 -0.755471 -0.754909 0.0297758 0.655154 8.19884 1.33713 -0.0342128</i>
                        <i>0.0343631 0.999152 -0.0226958 -0.664682 0.00588945 -0.747103 -0.746336 0.0407583 0.664321 8.72636 1.33887 -0.0279467</i>
                        <i>0.0201785 0.99904 -0.0388721 -0.673934 -0.0151279 -0.738637 -0.738516 0.0411018 0.672982 9.25401 1.33741 -0.0223825</i>
                        <i>0.00333752 0.99891 -0.0465661 -0.684278 -0.0316757 -0.728533 -0.729214 0.0342956 0.683426 9.7813 1.33078 -0.0161244</i>
                        <i>-0.0130578 0.998768 -0.0478741 -0.692537 -0.0435691 -0.720066 -0.721264 0.0237521 0.692252 10.308 1.31863 -0.00979633</i>
                        <i>-0.0262878 0.99865 -0.0448081 -0.695559 -0.0504666 -0.716695 -0.717988 0.0123264 0.695946 10.8338 1.30387 -0.0040599</i>
                        <i>-0.033818 0.998672 -0.0388726 -0.690286 -0.051467 -0.721704 -0.722746 0.00242657 0.691109 11.3587 1.292 0.000311666</i>
                        <i>-0.0388763 0.998935 -0.0248585 -0.660669 -0.0443597 -0.749366 -0.74967 -0.0127093 0.66169 11.8833 1.30099 0.00228733</i>
                        <i>-0.0383759 0.99926 0.00270336 -0.613125 -0.0214102 -0.789696 -0.789053 -0.0319628 0.613493 12.4066 1.31056 0.00126458</i>
                        <i>-0.027998 0.998372 0.0496997 -0.583795 0.0240276 -0.811545 -0.811418 -0.0517361 0.582172 12.9274 1.32058 -0.0046219</i>
                    </KeyFrames>
                </p>
            </i>
            <i>
                <p>
                    <Name><![CDATA[spine2]]></Name>
                    <Exclude>0</Exclude>
                    <Additive>0</Additive>
                    <IKPriority>0</IKPriority>
                    <IKRotLimits>-1e+010 -1e+010 -1e+010 1e+010 1e+010 1e+010</IKRotLimits>
                    <IKRotLimitOrder>0</IKRotLimitOrder>
                    <KeyFrames count="25">
                        <i>0.0351226 0.994943 0.0941032 -0.912101 0.0703974 -0.403876 -0.408458 -0.0716465 0.909961 0.322797 1.48679 0.00426687</i>
                        <i>0.0508273 0.990608 0.126931 -0.920303 0.09582 -0.37929 -0.387891 -0.0975364 0.91653 0.846121 1.49711 0.00482464</i>
                        <i>0.0685543 0.983067 0.169938 -0.927659 0.125489 -0.351712 -0.367081 -0.133533 0.920554 1.36922 1.50695 0.00452363</i>
                        <i>0.0822872 0.974832 0.207199 -0.932283 0.148777 -0.329719 -0.352247 -0.166036 0.921061 1.89271 1.51235 0.00378686</i>
                        <i>0.0867057 0.970721 0.224016 -0.932935 0.157992 -0.32353 -0.34945 -0.18094 0.919318 2.41714 1.51395 0.00294656</i>
                        <i>0.0802216 0.973307 0.215028 -0.929749 0.150836 -0.33588 -0.359349 -0.172977 0.917032 2.94267 1.51095 9.74405e-005</i>
                        <i>0.0662809 0.979811 0.188621 -0.923714 0.131735 -0.35972 -0.377306 -0.15039 0.913796 3.46898 1.50137 -0.0058256</i>
                        <i>0.0473618 0.987284 0.151748 -0.914652 0.103922 -0.390656 -0.401458 -0.120295 0.907943 3.99581 1.48478 -0.0133068</i>
                        <i>0.0263864 0.99341 0.111533 -0.902608 0.0716299 -0.424461 -0.429653 -0.0894704 0.898551 4.52286 1.46469 -0.0208219</i>
                        <i>0.00690543 0.997139 0.0752754 -0.888147 0.0407071 -0.457753 -0.459508 -0.0636946 0.885887 5.04979 1.44784 -0.0268464</i>
                        <i>-0.00665878 0.999214 0.0390814 -0.865158 0.0138418 -0.501309 -0.501456 -0.0371497 0.864385 5.57601 1.4588 -0.0307084</i>
                        <i>-0.0159792 0.999872 -0.00105785 -0.834209 -0.0139149 -0.551273 -0.551217 -0.0079264 0.834324 6.10172 1.47 -0.0329579</i>
                        <i>-0.027602 0.998962 -0.0362393 -0.809343 -0.0436106 -0.585715 -0.586688 0.0131631 0.809706 6.62787 1.47956 -0.0341862</i>
                        <i>-0.0414075 0.996829 -0.0679573 -0.79356 -0.0741379 -0.603958 -0.607081 0.0289198 0.794113 7.15431 1.49023 -0.0346505</i>
                        <i>-0.0525764 0.993462 -0.101334 -0.78095 -0.104147 -0.615849 -0.622377 0.046758 0.78132 7.68037 1.49945 -0.0341562</i>
                        <i>-0.0613169 0.98961 -0.130049 -0.774346 -0.129376 -0.619395 -0.629785 0.0627232 0.774233 8.20623 1.50322 -0.032992</i>
                        <i>-0.0673906 0.986838 -0.147002 -0.776471 -0.144396 -0.613386 -0.626539 0.0728065 0.775982 8.73202 1.50446 -0.0315096</i>
                        <i>-0.067279 0.987227 -0.144419 -0.788333 -0.141321 -0.598798 -0.611559 0.073564 0.787771 9.25734 1.50287 -0.0286069</i>
                        <i>-0.0594523 0.990514 -0.123882 -0.806801 -0.120759 -0.57835 -0.587824 0.0655642 0.806328 9.78185 1.49641 -0.0236013</i>
                        <i>-0.0466635 0.994633 -0.0923467 -0.828172 -0.0902127 -0.553166 -0.558528 0.0506663 0.827937 10.3058 1.48468 -0.0174692</i>
                        <i>-0.0315527 0.997885 -0.0568284 -0.849136 -0.0567541 -0.525116 -0.527231 0.0316863 0.849131 10.8295 1.47042 -0.011197</i>
                        <i>-0.0162904 0.999575 -0.0241744 -0.867142 -0.0261609 -0.497374 -0.497795 0.0128602 0.867199 11.3531 1.45881 -0.00579576</i>
                        <i>-0.00299693 0.99997 0.00712767 -0.883824 0.000685746 -0.46782 -0.467811 -0.00770161 0.883795 11.8768 1.46785 -0.00140227</i>
                        <i>0.0129141 0.998928 0.0444616 -0.899764 0.0310059 -0.435274 -0.436186 -0.0343838 0.8992 12.4003 1.47721 0.00227383</i>
                        <i>0.0351226 0.994943 0.0941032 -0.912101 0.0703974 -0.403876 -0.408458 -0.0716465 0.909961 12.9228 1.48679 0.00426687</i>
                    </KeyFrames>
                </p>
            </i>
            <i>
                <p>
                    <Name><![CDATA[head]]></Name>
                    <Exclude>0</Exclude>
                    <Additive>0</Additive>
                    <IKPriority>0</IKPriority>
                    <IKRotLimits>-1e+010 -1e+010 -1e+010 1e+010 1e+010 1e+010</IKRotLimits>
                    <IKRotLimitOrder>0</IKRotLimitOrder>
                    <KeyFrames count="25">
                        <i>-0.00406581 0.999147 0.0411013 0.0983572 0.0413019 -0.994294 -0.995143 1.15231e-008 -0.0984412 0.342533 1.74505 0.0245014</i>
                        <i>-0.00453083 0.99897 0.0451435 0.0997608 0.0453703 -0.993976 -0.995001 -7.96633e-009 -0.0998637 0.870427 1.75424 0.0335194</i>
                        <i>-0.00497345 0.998791 0.0488974 0.101068 0.0491496 -0.993665 -0.994867 -9.33267e-009 -0.10119 1.39808 1.76258 0.0429989</i>
                        <i>-0.00521624 0.998692 0.0508596 0.101893 0.0511264 -0.993481 -0.994782 -3.85724e-009 -0.102026 1.92471 1.76671 0.0500352</i>
                        <i>-0.00528104 0.998658 0.0515145 0.101845 0.0517844 -0.993452 -0.994786 -7.24325e-010 -0.101981 2.44956 1.76813 0.0517281</i>
                        <i>-0.00511693 0.99871 0.0505143 0.10065 0.0507728 -0.993626 -0.994909 -8.72704e-009 -0.10078 2.97233 1.7663 0.0444977</i>
                        <i>-0.00463984 0.998894 0.0467893 0.0985716 0.0470187 -0.994019 -0.995119 1.83845e-008 -0.0986807 3.49358 1.75842 0.0291714</i>
                        <i>-0.00386897 0.999189 0.0400775 0.096013 0.0402638 -0.994565 -0.995373 1.67518e-008 -0.0960909 4.01388 1.74338 0.0094926</i>
                        <i>-0.00298595 0.999489 0.0318183 0.0933852 0.0319581 -0.995117 -0.995626 -1.02836e-010 -0.0934329 4.5339 1.72426 -0.0107911</i>
                        <i>-0.00227438 0.999689 0.0248522 0.0911063 0.0249561 -0.995528 -0.995839 9.12825e-009 -0.0911347 5.05439 1.70783 -0.0279919</i>
                        <i>-0.00260857 0.999573 0.0291143 0.0892026 0.0292309 -0.995584 -0.99601 -7.48862e-009 -0.0892407 5.57535 1.71895 -0.042167</i>
                        <i>-0.00292757 0.999441 0.0332916 0.08755 0.0334201 -0.995599 -0.996156 1.19252e-009 -0.0875989 6.09664 1.7298 -0.0548761</i>
                        <i>-0.00317439 0.999324 0.0366356 0.0862659 0.0367729 -0.995593 -0.996267 1.50912e-008 -0.0863242 6.61875 1.73848 -0.0647563</i>
                        <i>-0.00344552 0.999184 0.040243 0.085236 0.0403902 -0.995542 -0.996355 -1.37099e-008 -0.0853058 7.1415 1.74779 -0.0724158</i>
                        <i>-0.00365775 0.999061 0.0431601 0.0843666 0.0433148 -0.995493 -0.996428 1.03957e-008 -0.0844459 7.6646 1.75535 -0.0787869</i>
                        <i>-0.00370363 0.999024 0.0440042 0.0837871 0.0441598 -0.995505 -0.996477 -9.13946e-009 -0.0838688 8.18834 1.75762 -0.0830154</i>
                        <i>-0.00370781 0.999018 0.0441437 0.083617 0.0442991 -0.995513 -0.996491 -4.02133e-009 -0.0836993 8.71302 1.75803 -0.0842625</i>
                        <i>-0.00370979 0.999034 0.0437977 0.0843194 0.0439545 -0.995469 -0.996432 2.17544e-008 -0.0844009 9.23954 1.757 -0.0792647</i>
                        <i>-0.0036397 0.999106 0.0421256 0.0860031 0.0422826 -0.995397 -0.996288 6.45875e-009 -0.0860801 9.768 1.75232 -0.0672058</i>
                        <i>-0.00341855 0.999251 0.0385522 0.08826 0.0387035 -0.995345 -0.996092 -6.77587e-009 -0.0883261 10.2975 1.7427 -0.0509252</i>
                        <i>-0.00307739 0.999425 0.0337812 0.0906703 0.0339211 -0.995303 -0.995876 1.84872e-008 -0.0907225 10.8273 1.7301 -0.0333794</i>
                        <i>-0.00276616 0.999556 0.0296641 0.092805 0.0297928 -0.995238 -0.99568 -9.94861e-010 -0.0928463 11.3565 1.71927 -0.0176657</i>
                        <i>-0.00319549 0.999431 0.0335907 0.0946486 0.0337424 -0.994939 -0.995506 1.77094e-008 -0.0947025 11.8852 1.72831 -0.00376114</i>
                        <i>-0.00362939 0.999294 0.0374066 0.0965039 0.0375823 -0.994623 -0.995326 7.67468e-009 -0.096572 12.4139 1.73691 0.0103526</i>
                        <i>-0.00406581 0.999147 0.0411013 0.0983572 0.0413019 -0.994294 -0.995143 1.15231e-008 -0.0984412 12.9425 1.74505 0.0245014</i>
                    </KeyFrames>
                </p>
            </i>
            <i>
                <p>
                    <Name><![CDATA[head_prop]]></Name>
                    <Exclude>0</Exclude>
                    <Additive>0</Additive>
                    <IKPriority>0</IKPriority>
                    <IKRotLimits>-1e+010 -1e+010 -1e+010 1e+010 1e+010 1e+010</IKRotLimits>
                    <IKRotLimitOrder>0</IKRotLimitOrder>
                    <KeyFrames count="25">
                        <i>0.995143 -1.15231e-008 0.0984412 -0.00406581 0.999147 0.0411013 -0.0983572 -0.0413019 0.994294 0.294495 1.80982 0.245987</i>
                        <i>0.995001 7.96633e-009 0.0998637 -0.00453083 0.99897 0.0451435 -0.0997608 -0.0453703 0.993976 0.822047 1.81809 0.255196</i>
                        <i>0.994867 9.33267e-009 0.10119 -0.00497345 0.998791 0.0488974 -0.101068 -0.0491496 0.993665 1.34938 1.82557 0.26485</i>
                        <i>0.994782 3.85724e-009 0.102026 -0.00521624 0.998692 0.0508596 -0.101893 -0.0511264 0.993481 1.87581 1.82926 0.271969</i>
                        <i>0.994786 7.24326e-010 0.101981 -0.00528104 0.998658 0.0515145 -0.101845 -0.0517844 0.993452 2.40067 1.83054 0.273705</i>
                        <i>0.994909 8.72704e-009 0.10078 -0.00511693 0.99871 0.0505143 -0.10065 -0.0507728 0.993626 2.92371 1.82893 0.26647</i>
                        <i>0.995119 -1.83845e-008 0.0986807 -0.00463984 0.998894 0.0467893 -0.0985716 -0.0470187 0.994019 3.44545 1.8219 0.25101</i>
                        <i>0.995373 -1.67518e-008 0.0960909 -0.00386897 0.999189 0.0400775 -0.096013 -0.0402638 0.994565 3.96637 1.80838 0.231024</i>
                        <i>0.995626 1.02837e-010 0.0934329 -0.00298595 0.999489 0.0318183 -0.0933852 -0.0319581 0.995117 4.48704 1.79113 0.21032</i>
                        <i>0.995839 -9.12825e-009 0.0911347 -0.00227438 0.999689 0.0248522 -0.0911063 -0.0249561 0.995528 5.00808 1.77627 0.192755</i>
                        <i>0.99601 7.48862e-009 0.0892407 -0.00260857 0.999573 0.0291143 -0.0892026 -0.0292309 0.995584 5.52943 1.78644 0.178957</i>
                        <i>0.996156 -1.19252e-009 0.0875989 -0.00292757 0.999441 0.0332916 -0.08755 -0.0334201 0.995599 6.05106 1.79634 0.166603</i>
                        <i>0.996267 -1.50912e-008 0.0863242 -0.00317439 0.999324 0.0366356 -0.0862659 -0.0367729 0.995593 6.57344 1.80427 0.157002</i>
                        <i>0.996355 1.37099e-008 0.0853058 -0.00344552 0.999184 0.040243 -0.085236 -0.0403902 0.995542 7.09639 1.81276 0.149625</i>
                        <i>0.996428 -1.03957e-008 0.0844459 -0.00365775 0.999061 0.0431601 -0.0843666 -0.0433148 0.995493 7.61967 1.81966 0.143481</i>
                        <i>0.996477 9.13946e-009 0.0838688 -0.00370363 0.999024 0.0440042 -0.0837871 -0.0441598 0.995505 8.14353 1.82174 0.139333</i>
                        <i>0.996491 4.02133e-009 0.0836993 -0.00370781 0.999018 0.0441437 -0.083617 -0.0442991 0.995513 8.66825 1.82212 0.138102</i>
                        <i>0.996432 -2.17544e-008 0.0844009 -0.00370979 0.999034 0.0437977 -0.0843194 -0.0439545 0.995469 9.19461 1.82117 0.143046</i>
                        <i>0.996288 -6.45875e-009 0.0860801 -0.0036397 0.999106 0.0421256 -0.0860031 -0.0422826 0.995397 9.72271 1.81687 0.154922</i>
                        <i>0.996092 6.77587e-009 0.0883261 -0.00341855 0.999251 0.0385522 -0.08826 -0.0387035 0.995345 10.2518 1.80806 0.170868</i>
                        <i>0.995876 -1.84872e-008 0.0907225 -0.00307739 0.999425 0.0337812 -0.0906703 -0.0339211 0.995303 10.781 1.79653 0.187989</i>
                        <i>0.99568 9.94862e-010 0.0928463 -0.00276616 0.999556 0.0296641 -0.092805 -0.0297928 0.995238 11.3098 1.78662 0.203328</i>
                        <i>0.995506 -1.77094e-008 0.0947025 -0.00319549 0.999431 0.0335907 -0.0946486 -0.0337424 0.994939 11.838 1.79478 0.217409</i>
                        <i>0.995326 -7.67468e-009 0.096572 -0.00362939 0.999294 0.0374066 -0.0965039 -0.0375823 0.994623 12.3663 1.80252 0.231686</i>
                        <i>0.995143 -1.15231e-008 0.0984412 -0.00406581 0.999147 0.0411013 -0.0983572 -0.0413019 0.994294 12.8945 1.80982 0.245987</i>
                    </KeyFrames>
                </p>
            </i>
            <i>
                <p>
                    <Name><![CDATA[ponytail_1]]></Name>
                    <Exclude>0</Exclude>
                    <Additive>0</Additive>
                    <IKPriority>0</IKPriority>
                    <IKRotLimits>-1e+010 -1e+010 -1e+010 1e+010 1e+010 1e+010</IKRotLimits>
                    <IKRotLimitOrder>0</IKRotLimitOrder>
                    <KeyFrames count="25">
                        <i>0.349503 0.50245 -0.790817 0.915641 -0.362094 0.174611 -0.198617 -0.785132 -0.586617 0.345422 1.91834 -0.0964841</i>
                        <i>0.344394 0.509224 -0.788723 0.93716 -0.236493 0.256521 -0.0559006 -0.827503 -0.558671 0.873418 1.92802 -0.0867587</i>
                        <i>0.328341 0.521403 -0.787611 0.943982 -0.151996 0.292908 0.0330092 -0.839664 -0.542102 1.40116 1.93681 -0.0766201</i>
                        <i>0.302778 0.535582 -0.788338 0.946631 -0.264926 0.183588 -0.110525 -0.801852 -0.587212 1.92786 1.94118 -0.0692379</i>
                        <i>0.269087 0.549851 -0.790732 0.92163 -0.385374 0.045654 -0.279625 -0.741047 -0.610458 2.4527 1.94268 -0.0674308</i>
                        <i>0.229032 0.561821 -0.794922 0.929914 -0.36769 0.00805559 -0.287759 -0.741054 -0.606658 2.97533 1.94072 -0.0748407</i>
                        <i>0.185159 0.569002 -0.80122 0.949335 -0.314243 -0.00377844 -0.253928 -0.759926 -0.598358 3.4964 1.9324 -0.0908246</i>
                        <i>0.140362 0.570245 -0.809394 0.956715 -0.288609 -0.037425 -0.25494 -0.769107 -0.586072 4.0165 1.91655 -0.111679</i>
                        <i>0.0976055 0.566579 -0.818206 0.968113 -0.244642 -0.0539176 -0.230716 -0.786853 -0.572391 4.53633 1.89641 -0.133398</i>
                        <i>0.0598093 0.560965 -0.825676 0.989178 -0.144323 -0.0264002 -0.133974 -0.815162 -0.563527 5.05665 1.87912 -0.151801</i>
                        <i>0.0291345 0.562876 -0.826028 0.999566 -0.0127686 0.0265544 0.00439958 -0.826442 -0.563004 5.57731 1.89077 -0.16525</i>
                        <i>0.00850704 0.5644 -0.825458 0.983942 0.142452 0.107541 0.178284 -0.813118 -0.554125 6.09833 1.90213 -0.177244</i>
                        <i>0.000412044 0.566292 -0.824205 0.941747 0.276979 0.190777 0.336323 -0.776271 -0.533189 6.62024 1.91122 -0.186549</i>
                        <i>0.00626937 0.570126 -0.821533 0.895122 0.363035 0.25877 0.445777 -0.736995 -0.508057 7.14281 1.92097 -0.193586</i>
                        <i>0.0244816 0.574452 -0.818172 0.875552 0.382687 0.294889 0.482503 -0.723572 -0.493594 7.66576 1.92888 -0.199453</i>
                        <i>0.0528687 0.576765 -0.815197 0.915809 0.297451 0.269845 0.398118 -0.760832 -0.512481 8.18941 1.93125 -0.203536</i>
                        <i>0.0890144 0.576709 -0.812085 0.96898 0.138583 0.204628 0.230552 -0.80511 -0.546484 8.71408 1.93168 -0.204759</i>
                        <i>0.130674 0.573267 -0.808882 0.991227 -0.0918731 0.0950192 -0.019843 -0.814202 -0.580243 9.24068 1.93061 -0.19982</i>
                        <i>0.175236 0.565129 -0.806177 0.949083 -0.314702 -0.0143061 -0.26179 -0.762622 -0.591501 9.76937 1.92573 -0.188048</i>
                        <i>0.219663 0.551947 -0.804427 0.890692 -0.449871 -0.0654539 -0.398016 -0.702119 -0.590434 10.2992 1.91568 -0.172382</i>
                        <i>0.261005 0.535208 -0.803385 0.84499 -0.529071 -0.0779407 -0.466763 -0.65851 -0.590336 10.8294 1.90249 -0.155655</i>
                        <i>0.296538 0.518057 -0.802298 0.829335 -0.556265 -0.0526578 -0.47357 -0.649759 -0.594597 11.3589 1.89115 -0.140645</i>
                        <i>0.323953 0.508746 -0.797642 0.842996 -0.53792 -0.00071948 -0.429433 -0.672175 -0.603131 11.8878 1.90068 -0.126058</i>
                        <i>0.342164 0.502824 -0.793783 0.878521 -0.470888 0.0804054 -0.333353 -0.724867 -0.602862 12.4166 1.90975 -0.111279</i>
                        <i>0.349503 0.50245 -0.790817 0.915641 -0.362094 0.174611 -0.198617 -0.785132 -0.586617 12.9454 1.91834 -0.0964841</i>
                    </KeyFrames>
                </p>
            </i>
            <i>
                <p>
                    <Name><![CDATA[ponytail_2]]></Name>
                    <Exclude>0</Exclude>
                    <Additive>0</Additive>
                    <IKPriority>0</IKPriority>
                    <IKRotLimits>-1e+010 -1e+010 -1e+010 1e+010 1e+010 1e+010</IKRotLimits>
                    <IKRotLimitOrder>0</IKRotLimitOrder>
                    <KeyFrames count="25">
                        <i>0.349503 0.50245 -0.790817 0.773872 -0.63062 -0.0586537 -0.528176 -0.591491 -0.609236 0.239856 1.95111 -0.122319</i>
                        <i>0.344394 0.509224 -0.788723 0.888799 -0.447429 0.0992177 -0.302373 -0.735186 -0.60669 0.766903 1.94615 -0.121562</i>
                        <i>0.328341 0.521403 -0.787611 0.941349 -0.111943 0.318325 0.0778082 -0.845936 -0.527578 1.2948 1.94526 -0.115364</i>
                        <i>0.302778 0.535582 -0.788338 0.829176 0.259783 0.494954 0.469885 -0.803533 -0.365435 1.81971 1.96279 -0.0960938</i>
                        <i>0.269087 0.549851 -0.790732 0.589993 0.554824 0.586582 0.761249 -0.624368 -0.175112 2.34561 1.97854 -0.0789367</i>
                        <i>0.229032 0.561821 -0.794922 0.346573 0.716053 0.605933 0.909633 -0.414276 -0.0307131 2.86723 1.97458 -0.0820571</i>
                        <i>0.185159 0.569002 -0.80122 0.265541 0.756019 0.598267 0.946152 -0.323531 -0.0111098 3.38645 1.96002 -0.0966171</i>
                        <i>0.140362 0.570245 -0.809394 0.585628 0.611338 0.532265 0.798335 -0.548713 -0.248143 3.90571 1.94117 -0.11354</i>
                        <i>0.0976055 0.566579 -0.818206 0.878213 0.337738 0.338636 0.468204 -0.751612 -0.464612 4.4245 1.91589 -0.133252</i>
                        <i>0.0598093 0.560965 -0.825676 0.953996 0.211327 0.21268 0.293794 -0.800412 -0.522519 4.94344 1.88696 -0.154675</i>
                        <i>0.0291345 0.562876 -0.826028 0.985858 0.120256 0.116717 0.165032 -0.817746 -0.551412 5.46437 1.88362 -0.174104</i>
                        <i>0.00850704 0.5644 -0.825458 0.996698 -0.0714428 -0.0385766 -0.0807457 -0.822404 -0.563144 5.98896 1.87758 -0.195159</i>
                        <i>0.000412044 0.566292 -0.824205 0.983399 -0.149787 -0.102424 -0.181457 -0.81048 -0.556952 6.51728 1.87184 -0.213656</i>
                        <i>0.00626937 0.570126 -0.821533 0.990396 0.109934 0.08385 0.138119 -0.814169 -0.563962 7.04626 1.87227 -0.228118</i>
                        <i>0.0244816 0.574452 -0.818172 0.851646 0.416622 0.318 0.523545 -0.704579 -0.47903 7.5718 1.8781 -0.237917</i>
                        <i>0.0528687 0.576765 -0.815197 0.675084 0.580896 0.454775 0.735844 -0.57437 -0.358654 8.09003 1.88972 -0.239365</i>
                        <i>0.0890144 0.576709 -0.812085 0.486765 0.686139 0.540623 0.868986 -0.443418 -0.219645 8.60694 1.90765 -0.23357</i>
                        <i>0.130674 0.573267 -0.808882 0.290497 0.757929 0.584085 0.947912 -0.311302 -0.0674908 9.12843 1.93253 -0.216592</i>
                        <i>0.175236 0.565129 -0.806177 0.2734 0.758709 0.591282 0.945804 -0.324023 -0.0215527 9.65937 1.95338 -0.19258</i>
                        <i>0.219663 0.551947 -0.804427 0.678432 0.506114 0.532521 0.701055 -0.662724 -0.263284 10.1944 1.95923 -0.171121</i>
                        <i>0.261005 0.535208 -0.803385 0.942264 0.0396187 0.332518 0.209796 -0.843791 -0.493967 10.729 1.95545 -0.152981</i>
                        <i>0.296538 0.518057 -0.802298 0.951534 -0.231991 0.201897 -0.0815315 -0.823284 -0.561743 11.2602 1.94728 -0.140873</i>
                        <i>0.323953 0.508746 -0.797642 0.901067 -0.422865 0.0962488 -0.288328 -0.749908 -0.595402 11.788 1.9545 -0.132246</i>
                        <i>0.342164 0.502824 -0.793783 0.763249 -0.64146 -0.0773326 -0.548065 -0.579394 -0.603264 12.3138 1.95544 -0.126635</i>
                        <i>0.349503 0.50245 -0.790817 0.692476 -0.707084 -0.143209 -0.63113 -0.497569 -0.595063 12.8399 1.95111 -0.122319</i>
                    </KeyFrames>
                </p>
            </i>
            <i>
                <p>
                    <Name><![CDATA[ponytail_3]]></Name>
                    <Exclude>0</Exclude>
                    <Additive>0</Additive>
                    <IKPriority>0</IKPriority>
                    <IKRotLimits>-1e+010 -1e+010 -1e+010 1e+010 1e+010 1e+010</IKRotLimits>
                    <IKRotLimitOrder>0</IKRotLimitOrder>
                    <KeyFrames count="25">
                        <i>0.349503 0.50245 -0.790817 0.611778 -0.761659 -0.213548 -0.70963 -0.409168 -0.57359 0.175782 1.99933 -0.119998</i>
                        <i>0.344394 0.509224 -0.788723 0.526691 -0.800253 -0.286691 -0.777168 -0.316678 -0.543806 0.694502 1.97913 -0.131882</i>
                        <i>0.328341 0.521403 -0.787611 0.633972 -0.739768 -0.225439 -0.700194 -0.425302 -0.573452 1.21967 1.95093 -0.142932</i>
                        <i>0.302778 0.535582 -0.788338 0.891788 -0.451011 0.0361024 -0.336213 -0.713962 -0.614182 1.7551 1.93883 -0.137182</i>
                        <i>0.269087 0.549851 -0.790732 0.928175 0.0710891 0.365292 0.257068 -0.832232 -0.491228 2.30131 1.93164 -0.126624</i>
                        <i>0.229032 0.561821 -0.794922 0.567638 0.586323 0.577938 0.790779 -0.583594 -0.184624 2.84301 1.91559 -0.130731</i>
                        <i>0.185159 0.569002 -0.80122 0.0238549 0.812475 0.582508 0.982419 -0.12697 0.136863 3.36886 1.89818 -0.144601</i>
                        <i>0.140362 0.570245 -0.809394 -0.37144 0.788108 0.490834 0.917786 0.231747 0.322432 3.8619 1.89004 -0.15716</i>
                        <i>0.0976055 0.566579 -0.818206 -0.429317 0.765674 0.478989 0.897864 0.304518 0.317976 4.35596 1.88589 -0.162202</i>
                        <i>0.0598093 0.560965 -0.825676 0.213994 0.800721 0.559512 0.975002 -0.210153 -0.0721524 4.86814 1.8669 -0.173758</i>
                        <i>0.0291345 0.562876 -0.826028 0.869951 0.392701 0.29828 0.492276 -0.727294 -0.478234 5.38601 1.8708 -0.18561</i>
                        <i>0.00850704 0.5644 -0.825458 0.99758 -0.0617558 -0.0319441 -0.0690061 -0.823188 -0.563559 5.90878 1.88009 -0.194267</i>
                        <i>0.000412044 0.566292 -0.824205 0.903516 -0.353427 -0.24238 -0.428554 -0.744582 -0.511799 6.43777 1.88068 -0.207624</i>
                        <i>0.00626937 0.570126 -0.821533 0.873623 -0.402865 -0.272913 -0.486562 -0.716 -0.500602 6.96744 1.86028 -0.237039</i>
                        <i>0.0244816 0.574452 -0.818172 0.933389 -0.30624 -0.187087 -0.358029 -0.759093 -0.543684 7.5056 1.84196 -0.265269</i>
                        <i>0.0528687 0.576765 -0.815197 0.998206 -0.0534958 0.0268882 -0.0281014 -0.815156 -0.578559 8.03881 1.84093 -0.277208</i>
                        <i>0.0890144 0.576709 -0.812085 0.893484 0.314089 0.320989 0.440184 -0.754158 -0.487322 8.57133 1.85094 -0.277748</i>
                        <i>0.130674 0.573267 -0.808882 0.489698 0.672084 0.555426 0.862044 -0.468688 -0.192904 9.10885 1.87058 -0.263659</i>
                        <i>0.175236 0.565129 -0.806177 -0.00516197 0.819364 0.573251 0.984513 -0.096293 0.1465 9.64116 1.89131 -0.240044</i>
                        <i>0.219663 0.551947 -0.804427 -0.294909 0.823558 0.484543 0.929934 0.130797 0.343679 10.1428 1.91609 -0.214821</i>
                        <i>0.261005 0.535208 -0.803385 -0.22135 0.84324 0.489847 0.939617 0.0499771 0.338559 10.6543 1.94898 -0.181555</i>
                        <i>0.296538 0.518057 -0.802298 0.576447 0.572697 0.582861 0.761429 -0.635323 -0.128806 11.1837 1.96265 -0.159245</i>
                        <i>0.323953 0.508746 -0.797642 0.941591 -0.255349 0.219551 -0.0919816 -0.822176 -0.561752 11.7147 1.98546 -0.142284</i>
                        <i>0.342164 0.502824 -0.793783 0.723847 -0.679701 -0.11854 -0.59914 -0.534018 -0.596537 12.2505 2.00458 -0.122793</i>
                        <i>0.349503 0.50245 -0.790817 0.506617 -0.811361 -0.291603 -0.788154 -0.298725 -0.538123 12.7819 2.00583 -0.113167</i>
                    </KeyFrames>
                </p>
            </i>
            <i>
                <p>
                    <Name><![CDATA[l_clav]]></Name>
                    <Exclude>0</Exclude>
                    <Additive>0</Additive>
                    <IKPriority>0</IKPriority>
                    <IKRotLimits>-1e+010 -1e+010 -1e+010 1e+010 1e+010 1e+010</IKRotLimits>
                    <IKRotLimitOrder>0</IKRotLimitOrder>
                    <KeyFrames count="25">
                        <i>0.94922 -0.149207 0.276982 0.209472 0.956606 -0.20255 -0.234741 0.250284 0.939284 0.375663 1.5403 0.0818845</i>
                        <i>0.952112 -0.176076 0.249961 0.222898 0.95932 -0.173269 -0.209284 0.220687 0.952627 0.900959 1.547 0.0828571</i>
                        <i>0.955414 -0.198771 0.218345 0.233129 0.961621 -0.14469 -0.181205 0.189141 0.965086 1.42667 1.55327 0.0840786</i>
                        <i>0.958208 -0.211267 0.192884 0.237646 0.9632 -0.125578 -0.159255 0.166168 0.973153 1.9525 1.55623 0.0852576</i>
                        <i>0.960287 -0.20907 0.184767 0.233981 0.964161 -0.125084 -0.151994 0.163349 0.97479 2.47822 1.55765 0.0862107</i>
                        <i>0.962087 -0.189521 0.19614 0.220444 0.963792 -0.150029 -0.160605 0.187579 0.969031 3.00388 1.55729 0.0848985</i>
                        <i>0.963404 -0.155635 0.218243 0.19923 0.960446 -0.194553 -0.179331 0.230914 0.956305 3.52958 1.5525 0.0802884</i>
                        <i>0.962924 -0.111455 0.245674 0.173724 0.952895 -0.248617 -0.206392 0.282079 0.936928 4.0551 1.54215 0.073688</i>
                        <i>0.959655 -0.0624686 0.274152 0.147738 0.941599 -0.302596 -0.239238 0.330891 0.91284 4.58025 1.52886 0.0665715</i>
                        <i>0.953385 -0.0159911 0.301331 0.125502 0.929142 -0.34777 -0.274418 0.369377 0.887837 5.10489 1.51835 0.0606756</i>
                        <i>0.940726 0.029553 0.337879 0.109287 0.916652 -0.384454 -0.321079 0.398591 0.859089 5.62835 1.53538 0.0568515</i>
                        <i>0.921326 0.0760843 0.381273 0.0974804 0.904134 -0.415979 -0.376372 0.420419 0.825586 6.15078 1.55225 0.0540166</i>
                        <i>0.903582 0.113729 0.413045 0.0884834 0.893792 -0.439667 -0.419179 0.433823 0.79755 6.67354 1.56586 0.0515054</i>
                        <i>0.890498 0.141906 0.432292 0.0810046 0.885491 -0.457541 -0.447718 0.442457 0.777033 7.19691 1.57899 0.0490348</i>
                        <i>0.879029 0.1652 0.447233 0.075025 0.878434 -0.471938 -0.470829 0.448401 0.759774 7.72043 1.58975 0.0468034</i>
                        <i>0.871864 0.180359 0.455329 0.0707394 0.873593 -0.481488 -0.484613 0.452001 0.748896 8.24455 1.59415 0.0451764</i>
