<?xml version="1.0" encoding="ISO-8859-1" ?>
<Animl Version="1">
    <ModellingPackage><![CDATA[Maya.2010]]></ModellingPackage>
    <SrcFile><![CDATA[anims\characters\shared\commando\~src\commando_run_aim_low.mb]]></SrcFile>
    <FramesPerSecond>30</FramesPerSecond>
    <TotalFrames>25</TotalFrames>
    <Skeleton>
        <RefFrame>
            <Name><![CDATA[commando_ref_frame]]></Name>
            <Exclude>1</Exclude>
            <Additive>0</Additive>
            <IKPriority>0</IKPriority>
            <IKRotLimits>-1e+010 -1e+010 -1e+010 1e+010 1e+010 1e+010</IKRotLimits>
            <IKRotLimitOrder>0</IKRotLimitOrder>
            <KeyFrames count="25">
                <i>1 0 0 0 1 0 0 0 1 0.07393 0 -0.07737</i>
                <i>1 0 0 0 1 0 0 0 1 0.07393 0 0.09763</i>
                <i>1 0 0 0 1 0 0 0 1 0.07393 0 0.27263</i>
                <i>1 0 0 0 1 0 0 0 1 0.07393 0 0.44763</i>
                <i>1 0 0 0 1 0 0 0 1 0.07393 0 0.62263</i>
                <i>1 0 0 0 1 0 0 0 1 0.07393 0 0.79763</i>
                <i>1 0 0 0 1 0 0 0 1 0.07393 0 0.97263</i>
                <i>1 0 0 0 1 0 0 0 1 0.07393 0 1.14763</i>
                <i>1 0 0 0 1 0 0 0 1 0.07393 0 1.32263</i>
                <i>1 0 0 0 1 0 0 0 1 0.07393 0 1.49763</i>
                <i>1 0 0 0 1 0 0 0 1 0.07393 0 1.67263</i>
                <i>1 0 0 0 1 0 0 0 1 0.07393 0 1.84763</i>
                <i>1 0 0 0 1 0 0 0 1 0.07393 0 2.02263</i>
                <i>1 0 0 0 1 0 0 0 1 0.07393 0 2.19763</i>
                <i>1 0 0 0 1 0 0 0 1 0.07393 0 2.37263</i>
                <i>1 0 0 0 1 0 0 0 1 0.07393 0 2.54763</i>
                <i>1 0 0 0 1 0 0 0 1 0.07393 0 2.72263</i>
                <i>1 0 0 0 1 0 0 0 1 0.07393 0 2.89763</i>
                <i>1 0 0 0 1 0 0 0 1 0.07393 0 3.07263</i>
                <i>1 0 0 0 1 0 0 0 1 0.07393 0 3.24763</i>
                <i>1 0 0 0 1 0 0 0 1 0.07393 0 3.42263</i>
                <i>1 0 0 0 1 0 0 0 1 0.07393 0 3.59763</i>
                <i>1 0 0 0 1 0 0 0 1 0.07393 0 3.77263</i>
                <i>1 0 0 0 1 0 0 0 1 0.07393 0 3.94763</i>
                <i>1 0 0 0 1 0 0 0 1 0.07393 0 4.12263</i>
            </KeyFrames>
        </RefFrame>
        <Bones count="28">
            <i>
                <p>
                    <Name><![CDATA[pelvis]]></Name>
                    <Exclude>1</Exclude>
                    <Additive>0</Additive>
                    <IKPriority>0</IKPriority>
                    <IKRotLimits>-1e+010 -1e+010 -1e+010 1e+010 1e+010 1e+010</IKRotLimits>
                    <IKRotLimitOrder>2</IKRotLimitOrder>
                    <KeyFrames count="25">
                        <i>1 0 0 0 1 0 0 0 1 0.0739294 1.1271 -0.0773697</i>
                        <i>1 0 0 0 1 0 0 0 1 0.0957008 1.11889 -0.0758003</i>
                        <i>1 0 0 0 1 0 0 0 1 0.117491 1.11127 -0.0745064</i>
                        <i>1 0 0 0 1 0 0 0 1 0.125953 1.10399 -0.0740611</i>
                        <i>1 0 0 0 1 0 0 0 1 0.118784 1.13015 -0.074476</i>
                        <i>1 0 0 0 1 0 0 0 1 0.104692 1.1621 -0.0751262</i>
                        <i>1 0 0 0 1 0 0 0 1 0.0868683 1.18555 -0.0754798</i>
                        <i>1 0 0 0 1 0 0 0 1 0.0685122 1.19661 -0.0752052</i>
                        <i>1 0 0 0 1 0 0 0 1 0.052794 1.19871 -0.0741707</i>
                        <i>1 0 0 0 1 0 0 0 1 0.0401169 1.19398 -0.0718582</i>
                        <i>1 0 0 0 1 0 0 0 1 0.0283705 1.17861 -0.0686842</i>
                        <i>1 0 0 0 1 0 0 0 1 0.0169453 1.14913 -0.0659372</i>
                        <i>1 0 0 0 1 0 0 0 1 0.00528445 1.12452 -0.0648087</i>
                        <i>1 0 0 0 1 0 0 0 1 -0.00988458 1.11108 -0.067044</i>
                        <i>1 0 0 0 1 0 0 0 1 -0.0250411 1.10053 -0.0713858</i>
                        <i>1 0 0 0 1 0 0 0 1 -0.0305358 1.09052 -0.0743845</i>
                        <i>1 0 0 0 1 0 0 0 1 -0.0249364 1.1203 -0.0748287</i>
                        <i>1 0 0 0 1 0 0 0 1 -0.0145517 1.15703 -0.0741443</i>
                        <i>1 0 0 0 1 0 0 0 1 -0.00139809 1.18422 -0.0727646</i>
                        <i>1 0 0 0 1 0 0 0 1 0.0125359 1.19752 -0.0713003</i>
                        <i>1 0 0 0 1 0 0 0 1 0.0253188 1.20067 -0.0705565</i>
                        <i>1 0 0 0 1 0 0 0 1 0.0373874 1.19583 -0.0711888</i>
                        <i>1 0 0 0 1 0 0 0 1 0.0499771 1.17889 -0.0729382</i>
                        <i>1 0 0 0 1 0 0 0 1 0.0623832 1.14767 -0.075242</i>
                        <i>1 0 0 0 1 0 0 0 1 0.0739294 1.1271 -0.0773697</i>
                    </KeyFrames>
                </p>
            </i>
            <i>
                <p>
                    <Name><![CDATA[spine0]]></Name>
                    <Exclude>0</Exclude>
                    <Additive>0</Additive>
                    <IKPriority>0</IKPriority>
                    <IKRotLimits>-1e+010 -1e+010 -1e+010 1e+010 1e+010 1e+010</IKRotLimits>
                    <IKRotLimitOrder>0</IKRotLimitOrder>
                    <KeyFrames count="25">
                        <i>-0.0743026 0.738723 0.669902 -0.969445 0.103974 -0.222182 -0.233784 -0.665942 0.708426 0.0778741 1.26656 -0.112477</i>
                        <i>-0.102947 0.731856 0.673638 -0.98143 0.0354628 -0.188512 -0.161853 -0.680536 0.714615 0.0984816 1.2582 -0.111594</i>
                        <i>-0.12862 0.723736 0.677985 -0.990447 -0.0594708 -0.124413 -0.0497219 -0.68751 0.724471 0.116291 1.25051 -0.110652</i>
                        <i>-0.136347 0.719482 0.680996 -0.989521 -0.131881 -0.0587846 0.0475163 -0.681875 0.729924 0.121534 1.24323 -0.109959</i>
                        <i>-0.120838 0.720199 0.683163 -0.985699 -0.168482 0.00326482 0.117452 -0.672998 0.730259 0.112838 1.26951 -0.109665</i>
                        <i>-0.0915136 0.723318 0.684424 -0.979153 -0.190522 0.070427 0.181339 -0.663711 0.725674 0.0976589 1.30169 -0.109186</i>
                        <i>-0.0562643 0.728118 0.683139 -0.970424 -0.200765 0.134058 0.23476 -0.655392 0.717879 0.0793042 1.32542 -0.108275</i>
                        <i>-0.0232967 0.733547 0.67924 -0.961339 -0.20291 0.186161 0.274382 -0.648642 0.709914 0.0609067 1.33673 -0.106926</i>
                        <i>-0.000800014 0.738549 0.6742 -0.954722 -0.201138 0.219202 0.297498 -0.643498 0.705269 0.0454254 1.33896 -0.105333</i>
                        <i>0.00690682 0.744267 0.667847 -0.954821 -0.193518 0.225537 0.2971 -0.639232 0.709305 0.0323704 1.33413 -0.103412</i>
                        <i>0.00529024 0.751278 0.659964 -0.961823 -0.176762 0.208929 0.273621 -0.635874 0.721662 0.019454 1.3184 -0.101462</i>
                        <i>0.00098889 0.757817 0.652467 -0.971941 -0.152747 0.178883 0.235223 -0.634336 0.736402 0.00692286 1.28849 -0.100216</i>
                        <i>0.000577253 0.762193 0.64735 -0.981499 -0.123513 0.1463 0.191464 -0.635458 0.748021 -0.00507559 1.26356 -0.100261</i>
                        <i>0.0125439 0.765187 0.643686 -0.991 -0.0762846 0.109996 0.133271 -0.639273 0.757344 -0.0193019 1.25005 -0.103029</i>
                        <i>0.0278633 0.767521 0.640418 -0.997793 -0.0172741 0.0641144 0.0602718 -0.640791 0.765346 -0.0327131 1.23956 -0.107519</i>
                        <i>0.027104 0.768582 0.639177 -0.999626 0.0230958 0.014617 -0.00352794 -0.639335 0.76892 -0.0365873 1.22961 -0.110621</i>
                        <i>0.00856965 0.768693 0.639561 -0.998249 0.0440152 -0.0395264 -0.0585341 -0.638102 0.767724 -0.0296015 1.25938 -0.111324</i>
                        <i>-0.0142128 0.768357 0.639864 -0.993079 0.0637689 -0.0986331 -0.116589 -0.636837 0.762132 -0.017672 1.29609 -0.110887</i>
                        <i>-0.0375867 0.767753 0.639643 -0.98439 0.0816902 -0.155896 -0.171942 -0.635518 0.752697 -0.00299517 1.32326 -0.109667</i>
                        <i>-0.057874 0.766645 0.639458 -0.974 0.0971703 -0.204649 -0.219029 -0.634676 0.741088 0.0122061 1.33657 -0.108209</i>
                        <i>-0.0714449 0.764505 0.640646 -0.964907 0.10974 -0.238563 -0.252688 -0.635208 0.729835 0.0257363 1.33977 -0.107275</i>
                        <i>-0.0783524 0.760153 0.645003 -0.960399 0.115975 -0.253344 -0.267384 -0.63931 0.720963 0.0384074 1.33508 -0.107337</i>
                        <i>-0.0810624 0.753579 0.652339 -0.960787 0.115048 -0.252294 -0.265174 -0.647211 0.714703 0.0518948 1.31832 -0.108312</i>
                        <i>-0.0796284 0.746018 0.661148 -0.964414 0.110098 -0.240385 -0.252122 -0.656761 0.710703 0.0653397 1.28721 -0.110128</i>
                        <i>-0.0743026 0.738723 0.669902 -0.969445 0.103974 -0.222182 -0.233784 -0.665942 0.708426 0.0778741 1.26656 -0.112477</i>
                    </KeyFrames>
                </p>
            </i>
            <i>
                <p>
                    <Name><![CDATA[spine1]]></Name>
                    <Exclude>0</Exclude>
                    <Additive>0</Additive>
                    <IKPriority>0</IKPriority>
                    <IKRotLimits>-1e+010 -1e+010 -1e+010 1e+010 1e+010 1e+010</IKRotLimits>
                    <IKRotLimitOrder>0</IKRotLimitOrder>
                    <KeyFrames count="25">
                        <i>-0.0188662 0.295037 0.955299 -0.952855 0.2841 -0.10656 -0.30284 -0.912272 0.275768 0.0630508 1.41445 0.0214115</i>
                        <i>-0.0599105 0.290039 0.955138 -0.970148 0.208345 -0.124118 -0.234998 -0.934061 0.268898 0.0778541 1.40517 0.0234444</i>
                        <i>-0.0914882 0.284336 0.954349 -0.984906 0.115572 -0.128851 -0.146933 -0.951733 0.269471 0.090423 1.39624 0.0256179</i>
                        <i>-0.108074 0.281784 0.953372 -0.99106 0.0449277 -0.125625 -0.0782321 -0.958425 0.27441 0.0941013 1.38807 0.0268811</i>
                        <i>-0.108621 0.283165 0.9529 -0.993256 0.00818754 -0.115654 -0.0405512 -0.959036 0.280366 0.0886029 1.41395 0.0271037</i>
                        <i>-0.0995758 0.286914 0.952767 -0.994916 -0.0142219 -0.0996982 -0.0150546 -0.957851 0.286871 0.0793938 1.44593 0.0270646</i>
                        <i>-0.085609 0.292856 0.952317 -0.996329 -0.0255424 -0.0817108 0.000394977 -0.955815 0.293967 0.068123 1.46973 0.0269045</i>
                        <i>-0.0707594 0.299971 0.95132 -0.997462 -0.0288916 -0.0650813 0.0079626 -0.953511 0.301254 0.0562741 1.48135 0.0267864</i>
                        <i>-0.058723 0.306462 0.95007 -0.998228 -0.0272096 -0.0529227 0.00963221 -0.951494 0.307517 0.0452234 1.48404 0.0269056</i>
                        <i>-0.0477304 0.311999 0.948883 -0.998858 -0.0168969 -0.0446884 0.00209046 -0.949932 0.312449 0.0336784 1.4799 0.0272051</i>
                        <i>-0.0339237 0.317336 0.947706 -0.999282 0.00524831 -0.0375273 -0.0168826 -0.948299 0.31693 0.0204472 1.46518 0.0272884</i>
                        <i>-0.0181066 0.321988 0.946571 -0.998886 0.0354306 -0.0311595 -0.0435705 -0.946081 0.320987 0.00708197 1.43636 0.0269122</i>
                        <i>-0.000735202 0.325312 0.945606 -0.997289 0.0693447 -0.0246317 -0.0735858 -0.943061 0.324379 -0.00499056 1.41238 0.0259516</i>
                        <i>0.0266719 0.329015 0.943948 -0.993061 0.116915 -0.0126914 -0.114537 -0.937059 0.329851 -0.0168669 1.39989 0.022821</i>
                        <i>0.0578261 0.332483 0.941335 -0.985104 0.171957 -0.000220955 -0.161942 -0.9273 0.337474 -0.0272478 1.39046 0.0181911</i>
                        <i>0.0708621 0.33299 0.940264 -0.977975 0.208724 -0.000214375 -0.196327 -0.919539 0.340446 -0.0312462 1.38115 0.0152047</i>
                        <i>0.0651665 0.330421 0.941581 -0.973182 0.229656 -0.0132376 -0.220614 -0.915467 0.336525 -0.0279016 1.41114 0.0147343</i>
                        <i>0.0556767 0.326516 0.94355 -0.967574 0.250836 -0.0297077 -0.246376 -0.9113 0.329894 -0.0204605 1.44794 0.0153641</i>
                        <i>0.0442437 0.322396 0.94557 -0.961659 0.27017 -0.0471189 -0.270656 -0.907232 0.321988 -0.0103986 1.47515 0.0166701</i>
                        <i>0.0330452 0.318568 0.947324 -0.956165 0.28601 -0.0628265 -0.290958 -0.903721 0.314055 0.000788606 1.48838 0.0182151</i>
                        <i>0.0245107 0.315055 0.948757 -0.951964 0.297116 -0.0740701 -0.305227 -0.901367 0.307203 0.0116275 1.49128 0.0194873</i>
                        <i>0.0164856 0.311069 0.950244 -0.950735 0.29912 -0.081425 -0.309566 -0.902088 0.300676 0.0229165 1.48589 0.020427</i>
                        <i>0.00590583 0.306121 0.951974 -0.951985 0.293119 -0.0883508 -0.306088 -0.905743 0.293154 0.0358348 1.46814 0.021163</i>
                        <i>-0.00619877 0.300611 0.953727 -0.953418 0.285868 -0.0963013 -0.301589 -0.909897 0.284836 0.0495159 1.43597 0.0214896</i>
                        <i>-0.0188662 0.295037 0.955299 -0.952855 0.2841 -0.10656 -0.30284 -0.912272 0.275768 0.0630508 1.41445 0.0214115</i>
                    </KeyFrames>
                </p>
            </i>
            <i>
                <p>
                    <Name><![CDATA[spine2]]></Name>
                    <Exclude>0</Exclude>
                    <Additive>0</Additive>
                    <IKPriority>0</IKPriority>
                    <IKRotLimits>-1e+010 -1e+010 -1e+010 1e+010 1e+010 1e+010</IKRotLimits>
                    <IKRotLimitOrder>0</IKRotLimitOrder>
                    <KeyFrames count="25">
                        <i>0.0209454 0.327765 0.944527 -0.975623 0.213123 -0.0523218 -0.218449 -0.920407 0.324239 0.0593784 1.4682 0.197159</i>
                        <i>-0.00881683 0.329541 0.9441 -0.978277 0.192711 -0.0764022 -0.207116 -0.924265 0.320683 0.066604 1.45814 0.199678</i>
                        <i>-0.0349676 0.330815 0.943047 -0.979761 0.17475 -0.0976301 -0.197095 -0.927375 0.318009 0.0732996 1.44827 0.20217</i>
                        <i>-0.0557329 0.333216 0.941202 -0.978733 0.168162 -0.11749 -0.197424 -0.927733 0.316757 0.0739076 1.4396 0.203208</i>
                        <i>-0.0730051 0.337536 0.938477 -0.974773 0.174858 -0.138719 -0.210923 -0.924929 0.316255 0.068365 1.46554 0.202692</i>
                        <i>-0.0892179 0.342718 0.935192 -0.968809 0.188084 -0.161352 -0.231193 -0.920418 0.315248 0.0609005 1.49792 0.201643</i>
                        <i>-0.102687 0.348007 0.931851 -0.961798 0.204261 -0.18227 -0.253772 -0.914969 0.313737 0.0522551 1.5225 0.200358</i>
                        <i>-0.111222 0.352847 0.929047 -0.955123 0.220299 -0.198011 -0.274535 -0.909378 0.31251 0.0431523 1.53514 0.19917</i>
                        <i>-0.112344 0.356697 0.927441 -0.950497 0.233551 -0.204962 -0.289714 -0.904556 0.312801 0.0343036 1.53881 0.198443</i>
                        <i>-0.104361 0.359102 0.927445 -0.950553 0.238252 -0.199211 -0.292502 -0.902375 0.316482 0.0247616 1.53552 0.198035</i>
                        <i>-0.0890803 0.360258 0.92859 -0.954977 0.23399 -0.182391 -0.282989 -0.90303 0.323195 0.0140342 1.52162 0.197469</i>
                        <i>-0.0693909 0.360432 0.930201 -0.960977 0.226146 -0.159313 -0.267782 -0.904957 0.330674 0.00352204 1.49357 0.196667</i>
                        <i>-0.0480024 0.359829 0.931783 -0.966083 0.220243 -0.134821 -0.253731 -0.906651 0.337053 -0.00542492 1.47023 0.19564</i>
                        <i>-0.0188732 0.358783 0.93323 -0.970443 0.218032 -0.103449 -0.24059 -0.907599 0.344064 -0.0123563 1.45858 0.192694</i>
                        <i>0.0152142 0.35652 0.934164 -0.974114 0.216031 -0.0665827 -0.225546 -0.908969 0.350578 -0.017069 1.45002 0.188281</i>
                        <i>0.0385671 0.352621 0.934971 -0.976436 0.212122 -0.0397234 -0.212335 -0.911407 0.352492 -0.0186533 1.44098 0.185594</i>
                        <i>0.0513359 0.346994 0.936461 -0.977971 0.207439 -0.0232526 -0.202327 -0.914639 0.349999 -0.0163054 1.47058 0.185574</i>
                        <i>0.0629079 0.339857 0.938371 -0.978966 0.203858 -0.00820358 -0.194082 -0.918117 0.345533 -0.010555 1.50673 0.186741</i>
                        <i>0.0716864 0.332503 0.940374 -0.979675 0.200554 0.00376945 -0.187342 -0.921531 0.340122 -0.00254259 1.53325 0.18859</i>
                        <i>0.0763561 0.326367 0.942154 -0.980367 0.19686 0.0112596 -0.181798 -0.924516 0.334991 0.00663019 1.54585 0.190624</i>
                        <i>0.0758089 0.322881 0.943398 -0.981269 0.192198 0.0130716 -0.177099 -0.926719 0.331404 0.0159308 1.54816 0.192299</i>
                        <i>0.0705199 0.321879 0.944151 -0.982041 0.188447 0.00910474 -0.174992 -0.927837 0.329387 0.0257668 1.5421 0.193698</i>
                        <i>0.0606562 0.322369 0.944669 -0.981919 0.189293 -0.00154845 -0.179319 -0.927495 0.328022 0.0367554 1.52355 0.195094</i>
                        <i>0.04464 0.324369 0.944877 -0.980208 0.196826 -0.0212596 -0.192872 -0.925227 0.326735 0.0482074 1.49053 0.19626</i>
                        <i>0.0209454 0.327765 0.944527 -0.975623 0.213123 -0.0523218 -0.218449 -0.920407 0.324239 0.0593784 1.4682 0.197159</i>
                    </KeyFrames>
                </p>
            </i>
            <i>
                <p>
                    <Name><![CDATA[head]]></Name>
                    <Exclude>0</Exclude>
                    <Additive>0</Additive>
                    <IKPriority>0</IKPriority>
                    <IKRotLimits>-1e+010 -1e+010 -1e+010 1e+010 1e+010 1e+010</IKRotLimits>
                    <IKRotLimitOrder>0</IKRotLimitOrder>
                    <KeyFrames count="25">
                        <i>0.0410825 0.70181 0.711178 -0.0404739 0.712364 -0.700642 -0.998336 -2.75559e-008 0.0576707 0.0623291 1.57093 0.440147</i>
                        <i>0.0405922 0.704719 0.708325 -0.0403194 0.709487 -0.703564 -0.998362 2.98726e-009 0.0572134 0.0629341 1.56176 0.442414</i>
                        <i>0.0403554 0.707661 0.705399 -0.0404187 0.706553 -0.706505 -0.998368 -5.89949e-009 0.0571159 0.0632553 1.5527 0.444537</i>
                        <i>0.0445921 0.711025 0.701751 -0.0450905 0.703166 -0.709594 -0.997987 -1.37909e-008 0.0634162 0.0581278 1.54496 0.444752</i>
                        <i>0.0548491 0.700423 0.711617 -0.0538266 0.713728 -0.698352 -0.997043 -1.49616e-008 0.0768487 0.0468461 1.57208 0.442753</i>
                        <i>0.0673199 0.687881 0.722695 -0.0638007 0.725824 -0.684916 -0.995689 -1.23009e-008 0.0927496 0.0332958 1.60568 0.439785</i>
                        <i>0.080082 0.679174 0.729596 -0.0741026 0.733978 -0.675119 -0.99403 -2.40072e-008 0.109107 0.019171 1.63136 0.436545</i>
                        <i>0.0914031 0.675438 0.73173 -0.0837209 0.737417 -0.67023 -0.992288 -2.90006e-008 0.12395 0.00621383 1.64492 0.433754</i>
                        <i>0.0998936 0.674919 0.731099 -0.0913685 0.737892 -0.668706 -0.990794 1.22587e-008 0.135377 -0.00380831 1.64929 0.432117</i>
                        <i>0.106294 0.676888 0.728371 -0.0977456 0.736086 -0.669793 -0.989519 -2.71071e-008 0.144404 -0.0115778 1.64628 0.431547</i>
                        <i>0.111495 0.68322 0.721651 -0.10432 0.730213 -0.675208 -0.988274 -1.53868e-008 0.152689 -0.0185309 1.63221 0.431327</i>
                        <i>0.114503 0.695446 0.709397 -0.110817 0.718579 -0.68656 -0.987223 1.88786e-008 0.159346 -0.0240265 1.60374 0.431231</i>
                        <i>0.115859 0.70576 0.698913 -0.115419 0.708451 -0.696259 -0.986537 5.25023e-009 0.163538 -0.0274452 1.57996 0.431138</i>
                        <i>0.114433 0.711585 0.693218 -0.115897 0.7026 -0.702084 -0.986647 1.73845e-009 0.162871 -0.0269548 1.56794 0.429527</i>
                        <i>0.110032 0.716508 0.688846 -0.113018 0.697579 -0.707539 -0.987482 -2.12225e-008 0.157734 -0.0227914 1.55876 0.426626</i>
                        <i>0.104995 0.721186 0.684739 -0.109306 0.692742 -0.712854 -0.988447 -3.97856e-009 0.151564 -0.0175601 1.54866 0.425093</i>
                        <i>0.101249 0.708531 0.698378 -0.101659 0.70568 -0.7012 -0.989653 -2.23866e-009 0.143478 -0.0104112 1.57666 0.425945</i>
                        <i>0.0948929 0.692829 0.714831 -0.0911724 0.721102 -0.686804 -0.991304 -1.11891e-008 0.131594 6.02282e-005 1.61077 0.427984</i>
                        <i>0.0863472 0.681027 0.72715 -0.080306 0.732259 -0.676275 -0.993023 2.12147e-008 0.117919 0.0120036 1.63515 0.430632</i>
                        <i>0.0770527 0.674876 0.733897 -0.0704686 0.737931 -0.671187 -0.994534 4.25381e-008 0.104417 0.0236755 1.64596 0.433302</i>
                        <i>0.0687913 0.672971 0.736463 -0.0625883 0.739669 -0.670054 -0.995666 3.20632e-010 0.0930029 0.0334521 1.64732 0.435347</i>
                        <i>0.0610618 0.674401 0.735836 -0.055772 0.738365 -0.672091 -0.996574 8.88223e-009 0.0826986 0.0421673 1.64125 0.436911</i>
                        <i>0.0529469 0.680814 0.73054 -0.0492138 0.732456 -0.679033 -0.997384 -7.07334e-009 0.0722868 0.0508049 1.62335 0.438394</i>
                        <i>0.0456658 0.693412 0.719092 -0.0439465 0.720541 -0.692018 -0.99799 -9.11438e-009 0.0633771 0.0579959 1.59157 0.439526</i>
                        <i>0.0410825 0.70181 0.711178 -0.0404739 0.712364 -0.700642 -0.998336 -2.75559e-008 0.0576707 0.0623291 1.57093 0.440147</i>
                    </KeyFrames>
                </p>
            </i>
            <i>
                <p>
                    <Name><![CDATA[head_prop]]></Name>
                    <Exclude>0</Exclude>
                    <Additive>0</Additive>
                    <IKPriority>0</IKPriority>
                    <IKRotLimits>-1e+010 -1e+010 -1e+010 1e+010 1e+010 1e+010</IKRotLimits>
                    <IKRotLimitOrder>0</IKRotLimitOrder>
                    <KeyFrames count="25">
                        <i>0.998336 2.75559e-008 -0.0576707 0.0410825 0.70181 0.711178 0.0404739 -0.712364 0.700642 0.0484082 1.46453 0.650014</i>
                        <i>0.998362 -2.98726e-009 -0.0572134 0.0405922 0.704719 0.708325 0.0403194 -0.709487 0.703564 0.0489418 1.45622 0.652708</i>
                        <i>0.998368 5.89949e-009 -0.0571159 0.0403554 0.707661 0.705399 0.0404187 -0.706553 0.706505 0.0492674 1.44803 0.655265</i>
                        <i>0.997987 1.37909e-008 -0.0634162 0.0445921 0.711025 0.701751 0.0450905 -0.703166 0.709594 0.0455018 1.44129 0.656061</i>
                        <i>0.997043 1.49616e-008 -0.0768487 0.0548491 0.700423 0.711617 0.0538266 -0.713728 0.698352 0.0369456 1.46528 0.652642</i>
                        <i>0.995689 1.23009e-008 -0.0927496 0.0673199 0.687881 0.722695 0.0638007 -0.725824 0.684916 0.0265703 1.49526 0.647921</i>
                        <i>0.99403 2.40072e-008 -0.109107 0.080082 0.679174 0.729596 0.0741026 -0.733978 0.675119 0.0157231 1.51848 0.64344</i>
                        <i>0.992288 2.90006e-008 -0.12395 0.0914031 0.675438 0.73173 0.0837209 -0.737417 0.67023 0.00578696 1.531 0.640106</i>
                        <i>0.990794 -1.22587e-008 -0.135377 0.0998936 0.674919 0.731099 0.0913685 -0.737892 0.668706 -0.00186807 1.53523 0.63838</i>
                        <i>0.989519 2.71071e-008 -0.144404 0.106294 0.676888 0.728371 0.0977456 -0.736086 0.669793 -0.00771323 1.53277 0.638085</i>
                        <i>0.988274 1.53868e-008 -0.152689 0.111495 0.68322 0.721651 0.10432 -0.730213 0.675208 -0.0127878 1.52047 0.638787</i>
                        <i>0.987223 -1.88786e-008 -0.159346 0.114503 0.695446 0.709397 0.110817 -0.718579 0.68656 -0.0165894 1.49549 0.64048</i>
                        <i>0.986537 -5.25023e-009 -0.163538 0.115859 0.70576 0.698913 0.115419 -0.708451 0.696259 -0.018867 1.47473 0.641876</i>
                        <i>0.986647 -1.73845e-009 -0.162871 0.114433 0.711585 0.693218 0.115897 -0.7026 0.702084 -0.0183788 1.46444 0.641121</i>
                        <i>0.987482 2.12225e-008 -0.157734 0.110032 0.716508 0.688846 0.113018 -0.697579 0.707539 -0.0152027 1.45674 0.638975</i>
                        <i>0.988447 3.97856e-009 -0.151564 0.104995 0.721186 0.684739 0.109306 -0.692742 0.712854 -0.0111943 1.44806 0.638159</i>
                        <i>0.989653 2.23866e-009 -0.143478 0.101249 0.708531 0.698378 0.101659 -0.70568 0.7012 -0.00605373 1.47225 0.637221</i>
                        <i>0.991304 1.11891e-008 -0.131594 0.0948929 0.692829 0.714831 0.0911724 -0.721102 0.686804 0.00157351 1.50176 0.636968</i>
                        <i>0.993023 -2.12147e-008 -0.117919 0.0863472 0.681027 0.72715 0.080306 -0.732259 0.676275 0.0104244 1.52279 0.637832</i>
                        <i>0.994534 -4.25381e-008 -0.104417 0.0770527 0.674876 0.733897 0.0704686 -0.737931 0.671187 0.0191826 1.53189 0.63952</i>
                        <i>0.995666 -3.20632e-010 -0.0930029 0.0687913 0.672971 0.736463 0.0625883 -0.739669 0.670054 0.0265668 1.53272 0.641205</i>
                        <i>0.996574 -8.88223e-009 -0.0826986 0.0610618 0.674401 0.735836 0.055772 -0.738365 0.672091 0.0331712 1.52704 0.642908</i>
                        <i>0.997384 7.07334e-009 -0.0722868 0.0529469 0.680814 0.73054 0.0492138 -0.732456 0.679033 0.0397294 1.51093 0.645272</i>
                        <i>0.99799 9.11438e-009 -0.0633771 0.0456658 0.693412 0.719092 0.0439465 -0.720541 0.692018 0.045195 1.48274 0.64821</i>
                        <i>0.998336 2.75559e-008 -0.0576707 0.0410825 0.70181 0.711178 0.0404739 -0.712364 0.700642 0.0484082 1.46453 0.650014</i>
                    </KeyFrames>
                </p>
            </i>
            <i>
                <p>
                    <Name><![CDATA[ponytail_1]]></Name>
                    <Exclude>1</Exclude>
                    <Additive>0</Additive>
                    <IKPriority>0</IKPriority>
                    <IKRotLimits>-1e+010 -1e+010 -1e+010 1e+010 1e+010 1e+010</IKRotLimits>
                    <IKRotLimitOrder>0</IKRotLimitOrder>
                    <KeyFrames count="25">
                        <i>0.953696 -0.181617 -0.239747 0.106736 -0.540864 0.83431 -0.281195 -0.821268 -0.496435 0.0550474 1.77994 0.47076</i>
                        <i>0.957601 -0.17359 -0.229928 0.140452 -0.415533 0.898669 -0.251542 -0.89286 -0.373534 0.0555895 1.77089 0.47217</i>
                        <i>0.967203 -0.149794 -0.205137 0.141242 -0.354071 0.924491 -0.211116 -0.923144 -0.321301 0.0558581 1.76195 0.473424</i>
                        <i>0.978235 -0.112936 -0.174074 0.0900089 -0.524922 0.846378 -0.186962 -0.843624 -0.503332 0.0508498 1.75434 0.472688</i>
                        <i>0.987772 -0.0644189 -0.141971 0.0525972 -0.719554 0.692442 -0.146762 -0.691442 -0.707367 0.0401854 1.78103 0.473905</i>
                        <i>0.994518 -0.0107324 -0.104014 0.0570027 -0.778276 0.62533 -0.0876628 -0.627831 -0.773397 0.0274703 1.81407 0.47466</i>
                        <i>0.997139 0.0444138 -0.0611623 0.0720432 -0.803294 0.59121 -0.0228734 -0.593925 -0.804195 0.0141906 1.83932 0.47398</i>
                        <i>0.995003 0.0985874 -0.0158193 0.0919017 -0.842306 0.531108 0.0390358 -0.529907 -0.847157 0.0019243 1.85269 0.472306</i>
                        <i>0.988355 0.149251 0.0296494 0.114768 -0.859093 0.498786 0.099916 -0.489575 -0.866218 -0.00763347 1.85704 0.470861</i>
                        <i>0.978524 0.193812 0.0701949 0.126361 -0.833042 0.538585 0.16286 -0.518149 -0.839642 -0.0151297 1.85413 0.469775</i>
                        <i>0.967938 0.230528 0.0997609 0.120306 -0.774103 0.621523 0.220504 -0.589594 -0.777018 -0.0220368 1.84037 0.467808</i>
                        <i>0.959331 0.257805 0.114984 0.0912151 -0.668589 0.738017 0.267141 -0.697514 -0.664914 -0.027847 1.81247 0.464262</i>
                        <i>0.955794 0.270046 0.116333 0.0513617 -0.54289 0.838231 0.289518 -0.795201 -0.532761 -0.0316194 1.78914 0.461205</i>
                        <i>0.958771 0.263788 0.105712 0.0176284 -0.426479 0.904325 0.283634 -0.865177 -0.413546 -0.0314307 1.77734 0.457886</i>
                        <i>0.966698 0.24176 0.0839427 0.00705456 -0.353054 0.935576 0.255821 -0.903828 -0.343002 -0.0276472 1.76835 0.453507</i>
                        <i>0.977126 0.206496 0.0508414 0.033499 -0.385541 0.922082 0.210008 -0.899287 -0.38364 -0.0227975 1.75842 0.450548</i>
                        <i>0.987542 0.156684 0.0145132 0.067099 -0.502738 0.861831 0.142332 -0.850121 -0.506988 -0.0153124 1.78595 0.45511</i>
                        <i>0.994538 0.101126 -0.0258479 0.0872621 -0.669689 0.737497 0.0572699 -0.735724 -0.674855 -0.00458539 1.81938 0.461647</i>
                        <i>0.996544 0.0445349 -0.0701155 0.0775231 -0.801786 0.592562 -0.0298279 -0.595949 -0.802468 0.00729349 1.8432 0.467587</i>
                        <i>0.99321 -0.0105295 -0.115855 0.0515595 -0.852895 0.51953 -0.104282 -0.521976 -0.846562 0.0186454 1.85371 0.47192</i>
                        <i>0.985119 -0.0618941 -0.160342 0.0277748 -0.863318 0.503896 -0.169614 -0.500851 -0.848752 0.0280292 1.85497 0.474438</i>
                        <i>0.974224 -0.107119 -0.198526 0.0189273 -0.838144 0.545121 -0.224786 -0.534828 -0.814512 0.0363071 1.84897 0.475543</i>
                        <i>0.963576 -0.144111 -0.225285 0.030395 -0.777921 0.627626 -0.265702 -0.611613 -0.745206 0.0444105 1.8314 0.475155</i>
                        <i>0.95599 -0.170805 -0.238554 0.0636498 -0.672975 0.736921 -0.286411 -0.719674 -0.632486 0.0510444 1.80021 0.472622</i>
                        <i>0.953696 -0.181617 -0.239747 0.106736 -0.540864 0.83431 -0.281195 -0.821268 -0.496435 0.0550474 1.77994 0.47076</i>
                    </KeyFrames>
                </p>
            </i>
            <i>
                <p>
                    <Name><![CDATA[ponytail_2]]></Name>
                    <Exclude>1</Exclude>
                    <Additive>0</Additive>
                    <IKPriority>0</IKPriority>
                    <IKRotLimits>-1e+010 -1e+010 -1e+010 1e+010 1e+010 1e+010</IKRotLimits>
                    <IKRotLimitOrder>0</IKRotLimitOrder>
                    <KeyFrames count="25">
                        <i>0.953696 -0.181617 -0.239747 -0.00676873 -0.809866 0.586576 -0.300695 -0.557792 -0.773596 0.0400595 1.83254 0.371292</i>
                        <i>0.957601 -0.17359 -0.229928 0.0687333 -0.637389 0.76747 -0.279779 -0.750734 -0.598433 0.0370985 1.80858 0.366704</i>
                        <i>0.967203 -0.149794 -0.205137 0.15111 -0.309825 0.938709 -0.204169 -0.93892 -0.277028 0.0376981 1.79238 0.365582</i>
                        <i>0.978235 -0.112936 -0.174074 0.183053 0.0746452 0.980265 -0.0977136 -0.990794 0.0936941 0.0387321 1.80491 0.371784</i>
                        <i>0.987772 -0.0644189 -0.141971 0.15587 0.389273 0.907838 -0.00321624 -0.918867 0.394555 0.0327145 1.85518 0.388281</i>
                        <i>0.994518 -0.0107324 -0.104014 0.091125 0.576834 0.811763 0.0512866 -0.816791 0.574649 0.0201157 1.89552 0.395936</i>
                        <i>0.997139 0.0444138 -0.0611623 0.0237545 0.584037 0.811379 0.0717575 -0.810511 0.581312 0.00580934 1.92395 0.398792</i>
                        <i>0.995003 0.0985874 -0.0158193 -0.00291417 0.187039 0.982348 0.0998059 -0.977393 0.186391 -0.00805825 1.94239 0.403466</i>
                        <i>0.988355 0.149251 0.0296494 0.0198346 -0.319545 0.947364 0.150869 -0.935743 -0.318784 -0.019568 1.94906 0.405476</i>
                        <i>0.978524 0.193812 0.0701949 0.0462911 -0.538449 0.841386 0.200867 -0.820067 -0.535857 -0.0277204 1.94291 0.400167</i>
                        <i>0.967938 0.230528 0.0997609 0.0832933 -0.669252 0.738352 0.236976 -0.70637 -0.666996 -0.0333438 1.92174 0.389476</i>
                        <i>0.959331 0.257805 0.114984 0.156846 -0.825478 0.542204 0.234699 -0.502119 -0.832342 -0.0353809 1.8808 0.373927</i>
                        <i>0.955794 0.270046 0.116333 0.189662 -0.86854 0.457894 0.224693 -0.415588 -0.881362 -0.0344158 1.84224 0.360916</i>
                        <i>0.958771 0.263788 0.105712 0.106874 -0.679376 0.725965 0.263319 -0.684736 -0.679558 -0.0304752 1.81656 0.351365</i>
                        <i>0.966698 0.24176 0.0839427 -0.00510414 -0.309727 0.950812 0.255868 -0.919577 -0.298178 -0.0257855 1.79887 0.344187</i>
                        <i>0.977126 0.206496 0.0508414 -0.0547088 0.0130579 0.998417 0.205505 -0.97836 0.0240563 -0.0244012 1.79265 0.342331</i>
                        <i>0.987542 0.156684 0.0145132 -0.0592525 0.284834 0.956744 0.145773 -0.945685 0.29057 -0.0214177 1.83394 0.352421</i>
                        <i>0.994538 0.101126 -0.0258479 -0.0311876 0.524237 0.851001 0.0996085 -0.845547 0.524527 -0.013854 1.88743 0.371267</i>
                        <i>0.996544 0.0445349 -0.0701155 0.0307756 0.586081 0.809668 0.0771518 -0.809028 0.582685 -0.00177954 1.92764 0.392265</i>
                        <i>0.99321 -0.0105295 -0.115855 0.115624 0.19909 0.973136 0.0128189 -0.979924 0.198956 0.0117333 1.94469 0.404395</i>
                        <i>0.985119 -0.0618941 -0.160342 0.133131 -0.315244 0.939626 -0.108704 -0.94699 -0.302312 0.0231266 1.94735 0.408657</i>
                        <i>0.974224 -0.107119 -0.198526 0.111571 -0.536075 0.836765 -0.196058 -0.837346 -0.510306 0.0318311 1.93815 0.405458</i>
                        <i>0.963576 -0.144111 -0.225285 0.0727137 -0.669481 0.739262 -0.25736 -0.728716 -0.634617 0.0382129 1.91297 0.396464</i>
                        <i>0.95599 -0.170805 -0.238554 -0.0121451 -0.835415 0.549485 -0.293147 -0.522405 -0.800723 0.0408726 1.86881 0.382749</i>
                        <i>0.953696 -0.181617 -0.239747 -0.0487195 -0.879863 0.472724 -0.296799 -0.439155 -0.84797 0.0400595 1.83254 0.371292</i>
                    </KeyFrames>
                </p>
            </i>
            <i>
                <p>
                    <Name><![CDATA[ponytail_3]]></Name>
                    <Exclude>1</Exclude>
                    <Additive>0</Additive>
                    <IKPriority>0</IKPriority>
                    <IKRotLimits>-1e+010 -1e+010 -1e+010 1e+010 1e+010 1e+010</IKRotLimits>
                    <IKRotLimitOrder>0</IKRotLimitOrder>
                    <KeyFrames count="25">
                        <i>0.953696 -0.181617 -0.239747 -0.0839665 -0.926184 0.367604 -0.288813 -0.330451 -0.898548 0.0394277 1.89526 0.321268</i>
                        <i>0.957601 -0.17359 -0.229928 -0.113879 -0.961167 0.251375 -0.264636 -0.214533 -0.940183 0.0304983 1.85672 0.302869</i>
                        <i>0.967203 -0.149794 -0.205137 -0.0702726 -0.933883 0.350605 -0.244092 -0.324691 -0.913781 0.0247922 1.81354 0.28928</i>
                        <i>0.978235 -0.112936 -0.174074 0.042114 -0.71339 0.6995 -0.203182 -0.691607 -0.693107 0.0236821 1.79506 0.2936</i>
                        <i>0.987772 -0.0644189 -0.141971 0.122979 -0.237747 0.96351 -0.0958215 -0.969189 -0.226918 0.0202118 1.82039 0.317075</i>
                        <i>0.994518 -0.0107324 -0.104014 0.101209 0.348812 0.931712 0.0262818 -0.937131 0.347986 0.013014 1.8461 0.333132</i>
                        <i>0.997139 0.0444138 -0.0611623 0.00531285 0.76598 0.642843 0.0754002 -0.641328 0.763553 0.00418607 1.87399 0.336045</i>
                        <i>0.995003 0.0985874 -0.0158193 -0.086444 0.929837 0.357675 0.0499716 -0.35452 0.933712 -0.00743499 1.92359 0.325476</i>
                        <i>0.988355 0.149251 0.0296494 -0.149857 0.920861 0.359943 0.0264188 -0.360194 0.932503 -0.0205682 1.97101 0.328317</i>
                        <i>0.978524 0.193812 0.0701949 -0.152041 0.448668 0.88067 0.13919 -0.87243 0.4685 -0.0306454 1.98286 0.330653</i>
                        <i>0.967938 0.230528 0.0997609 -0.0027846 -0.387284 0.921956 0.251173 -0.892675 -0.374225 -0.0390929 1.97261 0.327707</i>
                        <i>0.959331 0.257805 0.114984 0.154072 -0.819509 0.551966 0.23653 -0.511802 -0.825901 -0.0470328 1.94498 0.327229</i>
                        <i>0.955794 0.270046 0.116333 0.241123 -0.946263 0.215512 0.16828 -0.177934 -0.969547 -0.0487363 1.91021 0.320782</i>
                        <i>0.958771 0.263788 0.105712 0.243962 -0.95479 0.169878 0.145745 -0.137084 -0.979779 -0.0380109 1.86832 0.290539</i>
                        <i>0.966698 0.24176 0.0839427 0.200072 -0.918464 0.341167 0.159579 -0.313011 -0.936247 -0.0243774 1.8201 0.266832</i>
                        <i>0.977126 0.206496 0.0508414 0.119445 -0.730702 0.672166 0.175949 -0.650718 -0.738653 -0.0192148 1.78778 0.26242</i>
                        <i>0.987542 0.156684 0.0145132 0.0337803 -0.301179 0.952969 0.153686 -0.940607 -0.30272 -0.0161004 1.80742 0.27689</i>
                        <i>0.994538 0.101126 -0.0258479 -0.00877787 0.327796 0.944708 0.104007 -0.939321 0.326893 -0.0109659 1.84212 0.305124</i>
                        <i>0.996544 0.0445349 -0.0701155 0.00770682 0.790904 0.611891 0.0827052 -0.610317 0.787828 -0.00394436 1.87752 0.32966</i>
                        <i>0.99321 -0.0105295 -0.115855 0.0436123 0.956964 0.28691 0.107848 -0.290015 0.950926 0.00251822 1.92491 0.327193</i>
                        <i>0.985119 -0.0618941 -0.160342 0.107061 0.95079 0.290751 0.134456 -0.303591 0.943268 0.0120341 1.96891 0.332182</i>
                        <i>0.974224 -0.107119 -0.198526 0.225351 0.422416 0.877942 -0.0101838 -0.90005 0.435667 0.0221251 1.97784 0.336414</i>
                        <i>0.963576 -0.144111 -0.225285 0.125312 -0.500894 0.856389 -0.236259 -0.853427 -0.464591 0.0313813 1.96377 0.334748</i>
                        <i>0.95599 -0.170805 -0.238554 -0.0322293 -0.869289 0.493253 -0.291623 -0.463856 -0.836537 0.0407011 1.93371 0.335591</i>
                        <i>0.953696 -0.181617 -0.239747 -0.1235 -0.963273 0.23844 -0.274247 -0.197791 -0.941099 0.0428045 1.90133 0.3301</i>
                    </KeyFrames>
                </p>
            </i>
            <i>
                <p>
                    <Name><![CDATA[l_clav]]></Name>
                    <Exclude>0</Exclude>
                    <Additive>0</Additive>
                    <IKPriority>0</IKPriority>
                    <IKRotLimits>-1e+010 -1e+010 -1e+010 1e+010 1e+010 1e+010</IKRotLimits>
                    <IKRotLimitOrder>0</IKRotLimitOrder>
                    <KeyFrames count="25">
                        <i>0.98787 0.0277762 0.152779 -0.128922 0.695133 0.707227 -0.0865579 -0.718344 0.690282 0.135064 1.43122 0.293502</i>
                        <i>0.986192 0.0331847 0.162249 -0.139018 0.698312 0.702164 -0.0899996 -0.715024 0.693283 0.139618 1.42204 0.297802</i>
                        <i>0.985862 0.0271839 0.165341 -0.136637 0.701589 0.699359 -0.0969903 -0.712063 0.695384 0.144448 1.41319 0.302203</i>
                        <i>0.985847 0.00614445 0.167534 -0.123031 0.705349 0.698102 -0.113881 -0.708834 0.696122 0.143703 1.40526 0.305192</i>
                        <i>0.984106 -0.0261467 0.175648 -0.105636 0.708883 0.69737 -0.142748 -0.704841 0.694854 0.137135 1.43167 0.306926</i>
                        <i>0.979882 -0.0608375 0.190081 -0.0912132 0.71061 0.697648 -0.177517 -0.700951 0.690765 0.128819 1.4645 0.308413</i>
                        <i>0.973942 -0.0935251 0.206618 -0.080214 0.710089 0.699528 -0.212141 -0.697873 0.684083 0.119405 1.48947 0.309522</i>
                        <i>0.967869 -0.119594 0.221194 -0.0728836 0.708473 0.701964 -0.240661 -0.695531 0.676993 0.109691 1.50234 0.310145</i>
                        <i>0.963835 -0.13443 0.230109 -0.0690909 0.707884 0.702942 -0.257387 -0.693418 0.672996 0.100583 1.50594 0.310184</i>
                        <i>0.964337 -0.135172 0.227557 -0.0665948 0.70818 0.702884 -0.256162 -0.692971 0.673923 0.0918769 1.50268 0.309114</i>
                        <i>0.968792 -0.125259 0.213896 -0.0637477 0.707993 0.703337 -0.239537 -0.695022 0.677913 0.0832347 1.48921 0.306786</i>
                        <i>0.9747 -0.109611 0.194796 -0.0611514 0.707481 0.704082 -0.214989 -0.698181 0.682879 0.0753602 1.46171 0.303698</i>
                        <i>0.979961 -0.0931656 0.17606 -0.059402 0.70697 0.704744 -0.190127 -0.70108 0.687269 0.0689839 1.43875 0.300468</i>
