<?xml version="1.0" encoding="ISO-8859-1" ?>
<Animl Version="1">
    <ModellingPackage><![CDATA[Maya.2010]]></ModellingPackage>
    <SrcFile><![CDATA[anims\characters\shared\commando\~src\commando_run_back.mb]]></SrcFile>
    <FramesPerSecond>30</FramesPerSecond>
    <TotalFrames>25</TotalFrames>
    <Skeleton>
        <RefFrame>
            <Name><![CDATA[commando_ref_frame]]></Name>
            <Exclude>0</Exclude>
            <Additive>0</Additive>
            <IKPriority>0</IKPriority>
            <IKRotLimits>-1e+010 -1e+010 -1e+010 1e+010 1e+010 1e+010</IKRotLimits>
            <IKRotLimitOrder>0</IKRotLimitOrder>
            <KeyFrames count="25">
                <i>1 0 0 0 1 0 0 0 1 0.05279 0 -0.1966</i>
                <i>1 0 0 0 1 0 0 0 1 0.05279 0 -0.7216</i>
                <i>1 0 0 0 1 0 0 0 1 0.05279 0 -1.2466</i>
                <i>1 0 0 0 1 0 0 0 1 0.05279 0 -1.7716</i>
                <i>1 0 0 0 1 0 0 0 1 0.05279 0 -2.2966</i>
                <i>1 0 0 0 1 0 0 0 1 0.05279 0 -2.8216</i>
                <i>1 0 0 0 1 0 0 0 1 0.05279 0 -3.3466</i>
                <i>1 0 0 0 1 0 0 0 1 0.05279 0 -3.8716</i>
                <i>1 0 0 0 1 0 0 0 1 0.05279 0 -4.3966</i>
                <i>1 0 0 0 1 0 0 0 1 0.05279 0 -4.9216</i>
                <i>1 0 0 0 1 0 0 0 1 0.05279 0 -5.4466</i>
                <i>1 0 0 0 1 0 0 0 1 0.05279 0 -5.9716</i>
                <i>1 0 0 0 1 0 0 0 1 0.05279 0 -6.4966</i>
                <i>1 0 0 0 1 0 0 0 1 0.05279 0 -7.0216</i>
                <i>1 0 0 0 1 0 0 0 1 0.05279 0 -7.5466</i>
                <i>1 0 0 0 1 0 0 0 1 0.05279 0 -8.0716</i>
                <i>1 0 0 0 1 0 0 0 1 0.05279 0 -8.5966</i>
                <i>1 0 0 0 1 0 0 0 1 0.05279 0 -9.1216</i>
                <i>1 0 0 0 1 0 0 0 1 0.05279 0 -9.6466</i>
                <i>1 0 0 0 1 0 0 0 1 0.05279 0 -10.1716</i>
                <i>1 0 0 0 1 0 0 0 1 0.05279 0 -10.6966</i>
                <i>1 0 0 0 1 0 0 0 1 0.05279 0 -11.2216</i>
                <i>1 0 0 0 1 0 0 0 1 0.05279 0 -11.7466</i>
                <i>1 0 0 0 1 0 0 0 1 0.05279 0 -12.2716</i>
                <i>1 0 0 0 1 0 0 0 1 0.05279 0 -12.7966</i>
            </KeyFrames>
        </RefFrame>
        <Bones count="28">
            <i>
                <p>
                    <Name><![CDATA[pelvis]]></Name>
                    <Exclude>0</Exclude>
                    <Additive>0</Additive>
                    <IKPriority>0</IKPriority>
                    <IKRotLimits>-1e+010 -1e+010 -1e+010 1e+010 1e+010 1e+010</IKRotLimits>
                    <IKRotLimitOrder>2</IKRotLimitOrder>
                    <KeyFrames count="25">
                        <i>1 0 0 0 1 0 0 0 1 0.052794 1.04386 -0.196598</i>
                        <i>1 0 0 0 1 0 0 0 1 0.0421703 1.0538 -0.720059</i>
                        <i>1 0 0 0 1 0 0 0 1 0.0309033 1.06324 -1.24359</i>
                        <i>1 0 0 0 1 0 0 0 1 0.0199892 1.06844 -1.76727</i>
                        <i>1 0 0 0 1 0 0 0 1 0.0104363 1.07029 -2.29103</i>
                        <i>1 0 0 0 1 0 0 0 1 0.00154621 1.06808 -2.81603</i>
                        <i>1 0 0 0 1 0 0 0 1 -0.00748511 1.05957 -3.34272</i>
                        <i>1 0 0 0 1 0 0 0 1 -0.0157759 1.04403 -3.86991</i>
                        <i>1 0 0 0 1 0 0 0 1 -0.0223658 1.02479 -4.39653</i>
                        <i>1 0 0 0 1 0 0 0 1 -0.0262195 1.00852 -4.9216</i>
                        <i>1 0 0 0 1 0 0 0 1 -0.0236682 1.01954 -5.44285</i>
                        <i>1 0 0 0 1 0 0 0 1 -0.0151835 1.03048 -5.96222</i>
                        <i>1 0 0 0 1 0 0 0 1 -0.00602736 1.04013 -6.48501</i>
                        <i>1 0 0 0 1 0 0 0 1 0.00222313 1.0511 -7.01136</i>
                        <i>1 0 0 0 1 0 0 0 1 0.0112795 1.06041 -7.53794</i>
                        <i>1 0 0 0 1 0 0 0 1 0.0207514 1.06424 -8.06478</i>
                        <i>1 0 0 0 1 0 0 0 1 0.0302701 1.06573 -8.59181</i>
                        <i>1 0 0 0 1 0 0 0 1 0.0410328 1.06455 -9.11866</i>
                        <i>1 0 0 0 1 0 0 0 1 0.0532629 1.05832 -9.64502</i>
                        <i>1 0 0 0 1 0 0 0 1 0.0651223 1.04644 -10.1709</i>
                        <i>1 0 0 0 1 0 0 0 1 0.0747462 1.03159 -10.6963</i>
                        <i>1 0 0 0 1 0 0 0 1 0.0802653 1.01907 -11.2216</i>
                        <i>1 0 0 0 1 0 0 0 1 0.0764425 1.02705 -11.7467</i>
                        <i>1 0 0 0 1 0 0 0 1 0.0646152 1.0353 -12.2715</i>
                        <i>1 0 0 0 1 0 0 0 1 0.052794 1.04386 -12.7966</i>
                    </KeyFrames>
                </p>
            </i>
            <i>
                <p>
                    <Name><![CDATA[spine0]]></Name>
                    <Exclude>0</Exclude>
                    <Additive>0</Additive>
                    <IKPriority>0</IKPriority>
                    <IKRotLimits>-1e+010 -1e+010 -1e+010 1e+010 1e+010 1e+010</IKRotLimits>
                    <IKRotLimitOrder>0</IKRotLimitOrder>
                    <KeyFrames count="25">
                        <i>-0.0758875 0.98015 -0.183159 -0.980955 -0.106325 -0.162548 -0.178796 0.167336 0.969552 0.0436983 1.14367 -0.299804</i>
                        <i>-0.0465794 0.981098 -0.187824 -0.980751 -0.0806103 -0.177846 -0.189625 0.175925 0.965967 0.0348481 1.15339 -0.823619</i>
                        <i>-0.0285304 0.981102 -0.191377 -0.978638 -0.0664117 -0.194567 -0.2036 0.181737 0.962039 0.0224175 1.16247 -1.3474</i>
                        <i>-0.0140384 0.980899 -0.194011 -0.977123 -0.054637 -0.205536 -0.21221 0.186687 0.959226 0.0093197 1.16721 -1.87133</i>
                        <i>0.00425459 0.980595 -0.195998 -0.978378 -0.036447 -0.203586 -0.206779 0.192626 0.959238 -0.00156537 1.16862 -2.39535</i>
                        <i>0.025241 0.980507 -0.194855 -0.981849 -0.012336 -0.189261 -0.187975 0.196095 0.962399 -0.010922 1.16637 -2.92034</i>
                        <i>0.0431773 0.980849 -0.189924 -0.985747 0.0108851 -0.167884 -0.162601 0.194466 0.967339 -0.0207107 1.15818 -3.44663</i>
                        <i>0.057905 0.981164 -0.184293 -0.989724 0.032244 -0.139307 -0.13074 0.190466 0.972949 -0.0299825 1.143 -3.97335</i>
                        <i>0.0691605 0.98111 -0.180664 -0.99333 0.050976 -0.103431 -0.0922673 0.186612 0.978091 -0.0377618 1.12387 -4.4997</i>
                        <i>0.0766611 0.980447 -0.181236 -0.995957 0.0667644 -0.0600997 -0.0468245 0.18511 0.981602 -0.0430753 1.10718 -5.02493</i>
                        <i>0.0746297 0.979082 -0.189285 -0.996842 0.0784144 0.0125742 0.0271539 0.187749 0.981842 -0.0433504 1.11778 -5.54608</i>
                        <i>0.06316 0.977611 -0.200717 -0.99041 0.0861605 0.107999 0.122875 0.191971 0.973678 -0.0385083 1.12886 -6.06455</i>
                        <i>0.0502622 0.977137 -0.206585 -0.978872 0.0892457 0.183968 0.198199 0.192974 0.960978 -0.031807 1.13864 -6.58664</i>
                        <i>0.0386579 0.97789 -0.205515 -0.967941 0.0877282 0.23536 0.248186 0.189828 0.949931 -0.0241175 1.15015 -7.11231</i>
                        <i>0.0261047 0.978938 -0.202482 -0.956904 0.083074 0.27827 0.28923 0.186492 0.938918 -0.0144936 1.16092 -7.63758</i>
                        <i>0.0120332 0.980072 -0.198279 -0.949033 0.0736502 0.30645 0.314947 0.184486 0.931007 -0.00413547 1.16622 -8.16315</i>
                        <i>-0.00457329 0.980997 -0.193968 -0.947182 0.0579503 0.315417 0.320664 0.185165 0.928918 0.00558555 1.16834 -8.68958</i>
                        <i>-0.0257328 0.981358 -0.190459 -0.950088 0.0352481 0.309984 0.310919 0.18893 0.931469 0.0156267 1.16663 -9.2168</i>
                        <i>-0.0504511 0.98092 -0.187751 -0.955041 0.00760742 0.296377 0.292151 0.194263 0.936435 0.026995 1.15919 -9.74418</i>
                        <i>-0.0751354 0.979719 -0.185758 -0.961916 -0.0221128 0.272448 0.262815 0.199155 0.944069 0.038377 1.14587 -10.2713</i>
                        <i>-0.096054 0.978189 -0.184171 -0.970462 -0.050895 0.235823 0.221306 0.201383 0.954185 0.0483603 1.12987 -10.798</i>
                        <i>-0.109616 0.977109 -0.182326 -0.979989 -0.0755778 0.184146 0.166151 0.198863 0.96584 0.0553816 1.11706 -11.3239</i>
                        <i>-0.10781 0.977451 -0.181569 -0.992789 -0.0962207 0.0714951 0.0524122 0.187968 0.980776 0.057181 1.12527 -11.85</i>
                        <i>-0.0924331 0.978797 -0.182793 -0.990967 -0.108343 -0.0790378 -0.0971662 0.173836 0.979969 0.0532342 1.13424 -12.3754</i>
                        <i>-0.0758875 0.98015 -0.183159 -0.980955 -0.106325 -0.162548 -0.178796 0.167336 0.969552 0.0436983 1.14367 -12.8998</i>
                    </KeyFrames>
                </p>
            </i>
            <i>
                <p>
                    <Name><![CDATA[spine1]]></Name>
                    <Exclude>0</Exclude>
                    <Additive>0</Additive>
                    <IKPriority>0</IKPriority>
                    <IKRotLimits>-1e+010 -1e+010 -1e+010 1e+010 1e+010 1e+010</IKRotLimits>
                    <IKRotLimitOrder>0</IKRotLimitOrder>
                    <KeyFrames count="25">
                        <i>0.020585 0.998472 0.0512782 -0.994333 0.0150952 0.105234 0.104299 -0.0531538 0.993124 0.0299765 1.32102 -0.333003</i>
                        <i>0.0560193 0.997269 0.0481349 -0.995378 0.0520168 0.0807242 0.0779999 -0.0524345 0.995574 0.0264261 1.331 -0.85768</i>
                        <i>0.105801 0.993382 0.0447067 -0.991567 0.102011 0.0799234 0.0748338 -0.0527856 0.995798 0.01725 1.34059 -1.38221</i>
                        <i>0.155075 0.987022 0.0417022 -0.984756 0.151077 0.086203 0.078784 -0.0544344 0.995404 0.00677331 1.34611 -1.90677</i>
                        <i>0.189794 0.981038 0.0392731 -0.979099 0.186138 0.081958 0.0730937 -0.0540074 0.995862 -0.000771864 1.34813 -2.4313</i>
                        <i>0.206428 0.977672 0.0393084 -0.977121 0.203876 0.0605747 0.0512082 -0.0509134 0.997389 -0.00628576 1.34594 -2.95609</i>
                        <i>0.212145 0.97632 0.0423616 -0.976996 0.210927 0.0314526 0.0217726 -0.0480595 0.998607 -0.0128055 1.33749 -3.48142</i>
                        <i>0.209699 0.976658 0.0465346 -0.977725 0.20989 0.000795806 -0.00898993 -0.0456649 0.998916 -0.0194104 1.32198 -4.00704</i>
                        <i>0.201821 0.978139 0.0501228 -0.978818 0.203229 -0.0247596 -0.0344048 -0.0440641 0.998436 -0.0251543 1.30262 -4.53268</i>
                        <i>0.191392 0.980162 0.0515027 -0.980331 0.193473 -0.0389741 -0.0481653 -0.0430304 0.997912 -0.0290928 1.28596 -5.05805</i>
                        <i>0.172563 0.984144 0.0410126 -0.984372 0.173789 -0.0284611 -0.0351373 -0.0354603 0.998753 -0.0297223 1.29658 -5.58072</i>
                        <i>0.142361 0.989575 0.0217838 -0.989815 0.142342 0.00241386 -0.000712058 -0.0219056 0.99976 -0.0269813 1.30739 -6.10128</i>
                        <i>0.109814 0.993863 0.0133464 -0.993493 0.109346 0.0318503 0.0301954 -0.0167571 0.999404 -0.0226527 1.31685 -6.62438</i>
                        <i>0.075259 0.997052 0.0149409 -0.995733 0.0743401 0.0546786 0.0534067 -0.0189922 0.998392 -0.017108 1.32784 -7.14972</i>
                        <i>0.0349203 0.999294 0.0138329 -0.996366 0.0337354 0.0782066 0.0776847 -0.0165136 0.996841 -0.00979257 1.33781 -7.67423</i>
                        <i>-0.00468167 0.999901 0.0132694 -0.994986 -0.00598353 0.099834 0.0999035 -0.0127355 0.994916 -0.00198782 1.34243 -8.19885</i>
                        <i>-0.0353193 0.999247 0.0160563 -0.992298 -0.0369734 0.118226 0.118731 -0.011757 0.992857 0.00475012 1.34426 -8.7244</i>
                        <i>-0.0543893 0.998256 0.0229715 -0.988652 -0.0570638 0.138966 0.140034 -0.0151526 0.990031 0.0109964 1.34263 -9.25101</i>
                        <i>-0.0658056 0.997332 0.0315932 -0.983826 -0.0701357 0.164826 0.166602 -0.0202357 0.985817 0.0179114 1.3355 -9.77797</i>
                        <i>-0.070931 0.996684 0.0398815 -0.978638 -0.0772702 0.190519 0.192969 -0.0255158 0.980873 0.0248057 1.32264 -10.3049</i>
                        <i>-0.0710813 0.996404 0.0461143 -0.974494 -0.0792354 0.20996 0.212858 -0.0300139 0.976622 0.030946 1.30707 -10.8314</i>
                        <i>-0.0670865 0.996555 0.0487682 -0.97324 -0.0761273 0.216816 0.219782 -0.0329177 0.974994 0.0354693 1.29445 -11.3571</i>
                        <i>-0.0546301 0.997144 0.0521412 -0.980314 -0.0634843 0.18696 0.189736 -0.040901 0.980983 0.0375961 1.3028 -11.883</i>
                        <i>-0.0276513 0.998164 0.0538804 -0.990491 -0.034626 0.133147 0.134769 -0.0496864 0.989631 0.0364794 1.31171 -12.4086</i>
                        <i>0.020585 0.998472 0.0512782 -0.994333 0.0150952 0.105234 0.104299 -0.0531538 0.993124 0.0299765 1.32102 -12.933</i>
                    </KeyFrames>
                </p>
            </i>
            <i>
                <p>
                    <Name><![CDATA[spine2]]></Name>
                    <Exclude>0</Exclude>
                    <Additive>0</Additive>
                    <IKPriority>0</IKPriority>
                    <IKRotLimits>-1e+010 -1e+010 -1e+010 1e+010 1e+010 1e+010</IKRotLimits>
                    <IKRotLimitOrder>0</IKRotLimitOrder>
                    <KeyFrames count="25">
                        <i>0.0693719 0.996367 -0.0493993 -0.917446 0.0831669 0.38907 0.391765 0.0183307 0.919883 0.0337194 1.48727 -0.324296</i>
                        <i>0.0887222 0.99485 -0.0490156 -0.922867 0.100618 0.371742 0.37476 0.0122531 0.927041 0.0360627 1.49713 -0.849485</i>
                        <i>0.136816 0.98932 -0.050277 -0.903921 0.145446 0.40221 0.405227 -0.00958242 0.914166 0.0352533 1.50653 -1.37455</i>
                        <i>0.185645 0.981259 -0.0516382 -0.878187 0.189262 0.439281 0.440822 -0.0362026 0.896864 0.0331535 1.51173 -1.89958</i>
                        <i>0.208462 0.976611 -0.0526806 -0.871529 0.209935 0.44313 0.443825 -0.046463 0.894908 0.0315512 1.51336 -2.42447</i>
                        <i>0.197624 0.978845 -0.0529814 -0.892163 0.201992 0.404036 0.40619 -0.0325791 0.913207 0.0288114 1.51067 -2.94926</i>
                        <i>0.167544 0.984485 -0.0521451 -0.922543 0.175213 0.343824 0.347626 -0.00949935 0.937585 0.0231308 1.5017 -3.4741</i>
                        <i>0.125818 0.990789 -0.0500783 -0.953094 0.13473 0.271036 0.275286 0.0136282 0.961266 0.0159662 1.4859 -3.99903</i>
                        <i>0.0803541 0.995657 -0.0470137 -0.976684 0.0880676 0.195785 0.199075 0.0301854 0.979519 0.00878659 1.4666 -4.52409</i>
                        <i>0.0394212 0.998265 -0.043741 -0.990629 0.0447734 0.12903 0.130765 0.0382446 0.990675 0.00305836 1.45041 -5.04922</i>
                        <i>0.000854987 0.998946 -0.0458831 -0.997471 0.00411307 0.070961 0.0710749 0.0457064 0.996423 -0.000752042 1.46196 -5.57364</i>
                        <i>-0.0397715 0.997811 -0.0528269 -0.99904 -0.038737 0.0204635 0.0183724 0.05359 0.998394 -0.00315222 1.4737 -6.09743</i>
                        <i>-0.0762727 0.995574 -0.0549071 -0.996899 -0.0772114 -0.0151807 -0.019353 0.053579 0.998376 -0.00436751 1.48366 -6.62195</i>
                        <i>-0.110123 0.992506 -0.0529696 -0.992819 -0.11235 -0.04109 -0.0467332 0.0480643 0.99775 -0.00470201 1.49458 -7.14702</i>
                        <i>-0.144728 0.988021 -0.0535514 -0.987125 -0.147898 -0.060909 -0.0680995 0.0440467 0.996706 -0.00418934 1.50399 -7.67173</i>
                        <i>-0.174463 0.983161 -0.0543802 -0.981746 -0.177929 -0.0671999 -0.0757441 0.0416636 0.996256 -0.00297715 1.50789 -8.19647</i>
                        <i>-0.192904 0.979761 -0.0534437 -0.979241 -0.195685 -0.0528657 -0.0622538 0.0421363 0.997171 -0.00128493 1.50917 -8.72158</i>
                        <i>-0.1909 0.980281 -0.051045 -0.981305 -0.191877 -0.0149364 -0.0244363 0.0472394 0.998585 0.00184364 1.5074 -9.24704</i>
                        <i>-0.16876 0.984443 -0.0489095 -0.985155 -0.166882 0.0402572 0.0314688 0.0549772 0.997992 0.00689909 1.50048 -9.77257</i>
                        <i>-0.134266 0.989822 -0.047165 -0.986049 -0.128725 0.105538 0.0983923 0.0606771 0.993296 0.0129634 1.48811 -10.2981</i>
                        <i>-0.0952284 0.994385 -0.0461557 -0.98117 -0.0859338 0.172979 0.168041 0.0617591 0.983843 0.0191001 1.47316 -10.8236</i>
                        <i>-0.0591596 0.997156 -0.0466862 -0.971057 -0.0466438 0.234249 0.231405 0.059193 0.971055 0.0243328 1.46093 -11.3488</i>
                        <i>-0.0251907 0.998614 -0.0462153 -0.956934 -0.0107134 0.290107 0.289209 0.0515331 0.955878 0.0286238 1.46944 -11.8742</i>
                        <i>0.0152653 0.998802 -0.0465026 -0.938684 0.0303367 0.343443 0.344442 0.0384085 0.938022 0.0321208 1.47825 -12.3994</i>
                        <i>0.0693719 0.996367 -0.0493993 -0.917446 0.0831669 0.38907 0.391765 0.0183307 0.919883 0.0337194 1.48727 -12.9243</i>
                    </KeyFrames>
                </p>
            </i>
            <i>
                <p>
                    <Name><![CDATA[head]]></Name>
                    <Exclude>0</Exclude>
                    <Additive>0</Additive>
                    <IKPriority>0</IKPriority>
                    <IKRotLimits>-1e+010 -1e+010 -1e+010 1e+010 1e+010 1e+010</IKRotLimits>
                    <IKRotLimitOrder>0</IKRotLimitOrder>
                    <KeyFrames count="25">
                        <i>-0.0696114 0.99409 0.0832976 -0.0821871 0.0775013 -0.993599 -0.994183 -0.0760118 0.0763064 0.0476489 1.7443 -0.35378</i>
                        <i>-0.0635416 0.9955 0.0702992 -0.072066 0.0656805 -0.995235 -0.995374 -0.068305 0.0675683 0.053359 1.75403 -0.878681</i>
                        <i>-0.0539836 0.995865 0.0730662 -0.0808278 0.0685747 -0.994366 -0.995265 -0.0595853 0.0767918 0.0637679 1.76267 -1.40374</i>
                        <i>-0.0441804 0.995499 0.083838 -0.0927789 0.0794687 -0.99251 -0.994706 -0.0516279 0.0888504 0.0732129 1.76672 -1.92879</i>
                        <i>-0.040568 0.995408 0.0866965 -0.0959273 0.082487 -0.991965 -0.994561 -0.0485585 0.0921405 0.0759933 1.76789 -2.4538</i>
                        <i>-0.0490327 0.995776 0.0776252 -0.0889612 0.0730557 -0.993352 -0.994827 -0.0556124 0.0850034 0.0679878 1.76588 -2.97877</i>
                        <i>-0.0660445 0.995451 0.0686745 -0.0769895 0.0635358 -0.995005 -0.994842 -0.0710018 0.072443 0.0514821 1.7578 -3.50363</i>
                        <i>-0.0860381 0.994184 0.0647774 -0.0604252 0.0596917 -0.996386 -0.994458 -0.0896414 0.054938 0.0304257 1.74253 -4.02832</i>
                        <i>-0.104835 0.992155 0.0681036 -0.0415937 0.0640467 -0.99708 -0.99362 -0.107361 0.0345531 0.00878403 1.72316 -4.55283</i>
                        <i>-0.119455 0.989882 0.0765845 -0.0238085 0.0742586 -0.996955 -0.992554 -0.120914 0.0146971 -0.00953406 1.70651 -5.07729</i>
                        <i>-0.124606 0.988558 0.0850079 -0.00224895 0.0853941 -0.996345 -0.992204 -0.124342 -0.0084174 -0.0244408 1.71747 -5.6018</i>
                        <i>-0.128401 0.987124 0.0953861 0.0186956 0.0985745 -0.994954 -0.991546 -0.12597 -0.031112 -0.037578 1.72825 -6.12637</i>
                        <i>-0.148568 0.983019 0.107706 0.0223177 0.11222 -0.993433 -0.98865 -0.145188 -0.038611 -0.0477478 1.73692 -6.651</i>
                        <i>-0.169195 0.978156 0.120768 0.0189926 0.125748 -0.99188 -0.9854 -0.165528 -0.0398536 -0.0556505 1.74624 -7.17568</i>
                        <i>-0.170724 0.976127 0.134276 0.0248538 0.1405 -0.989769 -0.985005 -0.16564 -0.0482472 -0.0621944 1.75382 -7.70039</i>
                        <i>-0.164752 0.975714 0.144358 0.0324259 0.151637 -0.987904 -0.985802 -0.158078 -0.0566209 -0.0665503 1.75611 -8.22517</i>
                        <i>-0.162568 0.975997 0.144916 0.0342125 0.152357 -0.987733 -0.986104 -0.155616 -0.0581598 -0.0679036 1.75653 -8.75006</i>
                        <i>-0.161262 0.977982 0.132463 0.028095 0.138715 -0.989934 -0.986512 -0.155918 -0.0498459 -0.0626578 1.75549 -9.27531</i>
                        <i>-0.152488 0.98184 0.112859 0.0170783 0.116795 -0.993009 -0.988158 -0.149494 -0.034578 -0.0498133 1.75085 -9.80096</i>
                        <i>-0.139191 0.985824 0.0936899 0.00166411 0.0948436 -0.995491 -0.990264 -0.138407 -0.0148419 -0.0324497 1.7413 -10.3267</i>
                        <i>-0.124226 0.989013 0.0801262 -0.0161711 0.078723 -0.996765 -0.992122 -0.12512 0.00621396 -0.0137552 1.7288 -10.8525</i>
                        <i>-0.110656 0.991129 0.0736118 -0.0333618 0.0703206 -0.996966 -0.993299 -0.112777 0.0252844 0.00295187 1.71808 -11.378</i>
                        <i>-0.0983091 0.992521 0.0723757 -0.0498115 0.0677291 -0.996459 -0.993909 -0.101566 0.0427806 0.0176942 1.72725 -11.9033</i>
                        <i>-0.0846452 0.993536 0.0756446 -0.0665762 0.0701081 -0.995315 -0.994185 -0.0892848 0.0602115 0.0326465 1.73599 -12.4286</i>
                        <i>-0.0696114 0.99409 0.0832976 -0.0821871 0.0775013 -0.993599 -0.994183 -0.0760118 0.0763064 0.0476489 1.7443 -12.9538</i>
                    </KeyFrames>
                </p>
            </i>
            <i>
                <p>
                    <Name><![CDATA[head_prop]]></Name>
                    <Exclude>0</Exclude>
                    <Additive>0</Additive>
                    <IKPriority>0</IKPriority>
                    <IKRotLimits>-1e+010 -1e+010 -1e+010 1e+010 1e+010 1e+010</IKRotLimits>
                    <IKRotLimitOrder>0</IKRotLimitOrder>
                    <KeyFrames count="25">
                        <i>0.994183 0.0760118 -0.0763064 -0.0696114 0.99409 0.0832976 0.0821871 -0.0775013 0.993599 0.0349149 1.79867 -0.124782</i>
                        <i>0.995374 0.068305 -0.0675683 -0.0635416 0.9955 0.0702992 0.072066 -0.0656805 0.995235 0.0387937 1.81133 -0.650509</i>
                        <i>0.995265 0.0595853 -0.0767918 -0.0539836 0.995865 0.0730662 0.0808278 -0.0685747 0.994366 0.0518603 1.81959 -1.17532</i>
                        <i>0.994706 0.0516279 -0.0888504 -0.0441804 0.995499 0.083838 0.0927789 -0.0794687 0.99251 0.0647018 1.82139 -1.69967</i>
                        <i>0.994561 0.0485585 -0.0921405 -0.040568 0.995408 0.0866965 0.0959273 -0.082487 0.991965 0.0684531 1.82197 -2.22451</i>
                        <i>0.994827 0.0556124 -0.0850034 -0.0490327 0.995776 0.0776252 0.0889612 -0.0730557 0.993352 0.0582658 1.82189 -2.75002</i>
                        <i>0.994842 0.0710018 -0.072443 -0.0660445 0.995451 0.0686745 0.0769895 -0.0635358 0.995005 0.0378397 1.81551 -3.27551</i>
                        <i>0.994458 0.0896414 -0.054938 -0.0860381 0.994184 0.0647774 0.0604252 -0.0596917 0.996386 0.0116318 1.80051 -3.80063</i>
                        <i>0.99362 0.107361 -0.0345531 -0.104835 0.992155 0.0681036 0.0415937 -0.0640467 0.99708 -0.015565 1.77956 -4.32527</i>
                        <i>0.992554 0.120914 -0.0146971 -0.119455 0.989882 0.0765845 0.0238085 -0.0742586 0.996955 -0.0388905 1.76012 -4.84964</i>
                        <i>0.992204 0.124342 0.0084174 -0.124606 0.988558 0.0850079 0.00224895 -0.0853941 0.996345 -0.0589615 1.76842 -5.37427</i>
                        <i>0.991546 0.12597 0.031112 -0.128401 0.987124 0.0953861 -0.0186956 -0.0985745 0.994954 -0.0770179 1.77612 -5.89897</i>
                        <i>0.98865 0.145188 0.038611 -0.148568 0.983019 0.107706 -0.0223177 -0.11222 0.993433 -0.08941 1.78096 -6.42322</i>
                        <i>0.9854 0.165528 0.0398536 -0.169195 0.978156 0.120768 -0.0189926 -0.125748 0.99188 -0.0980157 1.78638 -6.94731</i>
                        <i>0.985005 0.16564 0.0482472 -0.170724 0.976127 0.134276 -0.0248538 -0.1405 0.989769 -0.105965 1.79053 -7.47171</i>
                        <i>0.985802 0.158078 0.0566209 -0.164752 0.975714 0.144358 -0.0324259 -0.151637 0.987904 -0.111583 1.79051 -7.99637</i>
                        <i>0.986104 0.155616 0.0581598 -0.162568 0.975997 0.144916 -0.0342125 -0.152357 0.987733 -0.11318 1.79085 -8.5213</i>
                        <i>0.986512 0.155918 0.0498459 -0.161262 0.977982 0.132463 -0.028095 -0.138715 0.989934 -0.106488 1.79299 -9.04676</i>
                        <i>0.988158 0.149494 0.034578 -0.152488 0.98184 0.112859 -0.0170783 -0.116795 0.993009 -0.0905883 1.79367 -9.57279</i>
                        <i>0.990264 0.138407 0.0148419 -0.139191 0.985824 0.0936899 -0.00166411 -0.0948436 0.995491 -0.0688692 1.78958 -10.0989</i>
                        <i>0.992122 0.12512 -0.00621396 -0.124226 0.989013 0.0801262 0.0161711 -0.078723 0.996765 -0.0451511 1.78125 -10.6248</i>
                        <i>0.993299 0.112777 -0.0252844 -0.110656 0.991129 0.0736118 0.0333618 -0.0703206 0.996966 -0.0236494 1.77287 -11.1503</i>
                        <i>0.993909 0.101566 -0.0427806 -0.0983091 0.992521 0.0723757 0.0498115 -0.0677291 0.996459 -0.00435275 1.78301 -11.6753</i>
                        <i>0.994185 0.0892848 -0.0602115 -0.0846452 0.993536 0.0756446 0.0665762 -0.0701081 0.995315 0.0153299 1.79162 -12.2002</i>
                        <i>0.994183 0.0760118 -0.0763064 -0.0696114 0.99409 0.0832976 0.0821871 -0.0775013 0.993599 0.0349149 1.79867 -12.7248</i>
                    </KeyFrames>
                </p>
            </i>
            <i>
                <p>
                    <Name><![CDATA[ponytail_1]]></Name>
                    <Exclude>0</Exclude>
                    <Additive>0</Additive>
                    <IKPriority>0</IKPriority>
                    <IKRotLimits>-1e+010 -1e+010 -1e+010 1e+010 1e+010 1e+010</IKRotLimits>
                    <IKRotLimitOrder>0</IKRotLimitOrder>
                    <KeyFrames count="25">
                        <i>-0.19825 -0.458634 -0.866228 -0.979895 0.0725411 0.185857 -0.0224031 0.885659 -0.463795 0.0164625 1.92067 -0.466002</i>
                        <i>-0.186315 -0.469658 -0.862965 -0.969287 -0.0556433 0.239553 -0.160526 0.881093 -0.444866 0.0244754 1.9292 -0.993377</i>
                        <i>-0.179926 -0.470239 -0.864003 -0.952561 -0.135888 0.272326 -0.245466 0.872015 -0.423482 0.0353733 1.93836 -1.51778</i>
                        <i>-0.166621 -0.465084 -0.869445 -0.981477 -0.00632296 0.191473 -0.0945484 0.885244 -0.455416 0.0449452 1.9438 -2.04067</i>
                        <i>-0.135243 -0.466758 -0.873983 -0.98713 0.139457 0.0782735 0.0853483 0.873321 -0.479611 0.0479322 1.94537 -2.5651</i>
                        <i>-0.0837727 -0.47742 -0.874673 -0.992465 0.118739 0.0302432 0.0894195 0.870615 -0.48377 0.0393907 1.94216 -3.09184</i>
                        <i>-0.0209131 -0.483797 -0.874931 -0.998847 0.0479251 -0.00262538 0.0432013 0.873867 -0.484241 0.0215534 1.93267 -3.61853</i>
                        <i>0.0470846 -0.47985 -0.876086 -0.998357 0.00606215 -0.0569763 0.032651 0.87733 -0.478776 -0.000745648 1.91652 -4.1442</i>
                        <i>0.113108 -0.464278 -0.878438 -0.993579 -0.0552307 -0.0987426 -0.00267275 0.883966 -0.467544 -0.0231351 1.89721 -4.66843</i>
                        <i>0.170244 -0.441515 -0.880955 -0.979572 -0.172931 -0.102633 -0.10703 0.880431 -0.461937 -0.0416302 1.88136 -5.19162</i>
                        <i>0.217895 -0.419946 -0.881003 -0.947071 -0.309031 -0.0869307 -0.235751 0.853315 -0.465054 -0.054646 1.89349 -5.71485</i>
                        <i>0.254774 -0.399729 -0.880515 -0.885403 -0.462521 -0.0462166 -0.388783 0.791385 -0.471759 -0.0657401 1.90569 -6.2377</i>
                        <i>0.27378 -0.379579 -0.883722 -0.796406 -0.604623 0.0129706 -0.539242 0.700251 -0.467832 -0.0788122 1.91525 -6.76014</i>
                        <i>0.274806 -0.365361 -0.889378 -0.713699 -0.697341 0.0659474 -0.644294 0.616625 -0.452391 -0.0905789 1.92529 -7.28243</i>
                        <i>0.263425 -0.360682 -0.894715 -0.69088 -0.71784 0.0859686 -0.67327 0.595494 -0.438285 -0.0966277 1.93441 -7.80468</i>
                        <i>0.240468 -0.364194 -0.899743 -0.762584 -0.644372 0.0570152 -0.600534 0.672419 -0.432679 -0.0990192 1.93813 -8.32759</i>
                        <i>0.206928 -0.376887 -0.902849 -0.865429 -0.500917 0.0107522 -0.456305 0.779127 -0.429822 -0.0997799 1.93871 -8.85238</i>
                        <i>0.161616 -0.4012 -0.90162 -0.960508 -0.273648 -0.0504046 -0.226504 0.87416 -0.429582 -0.0950996 1.93626 -9.37993</i>
                        <i>0.104889 -0.430983 -0.896243 -0.994274 -0.0269383 -0.103408 0.0204237 0.901958 -0.431341 -0.0822017 1.92952 -9.90913</i>
                        <i>0.0412572 -0.456663 -0.888683 -0.983931 0.136074 -0.115603 0.173718 0.879172 -0.443711 -0.0645901 1.91794 -10.4383</i>
                        <i>-0.0231978 -0.472372 -0.881094 -0.965851 0.238084 -0.102213 0.258057 0.848634 -0.461764 -0.0456741 1.90403 -10.9662</i>
                        <i>-0.0813327 -0.477351 -0.874941 -0.95911 0.276257 -0.0615635 0.271096 0.834157 -0.4803 -0.0288918 1.89271 -11.4927</i>
                        <i>-0.130512 -0.475114 -0.870191 -0.965813 0.259217 0.00332348 0.22399 0.840876 -0.492703 -0.0141799 1.90188 -12.018</i>
                        <i>-0.170609 -0.468258 -0.866964 -0.978107 0.186889 0.0915394 0.119162 0.863601 -0.489892 0.000926095 1.91121 -12.5424</i>
                        <i>-0.19825 -0.458634 -0.866228 -0.979895 0.0725411 0.185857 -0.0224031 0.885659 -0.463795 0.0164625 1.92067 -13.066</i>
                    </KeyFrames>
                </p>
            </i>
            <i>
                <p>
                    <Name><![CDATA[ponytail_2]]></Name>
                    <Exclude>0</Exclude>
                    <Additive>0</Additive>
                    <IKPriority>0</IKPriority>
                    <IKRotLimits>-1e+010 -1e+010 -1e+010 1e+010 1e+010 1e+010</IKRotLimits>
                    <IKRotLimitOrder>0</IKRotLimitOrder>
                    <KeyFrames count="25">
                        <i>-0.19825 -0.458634 -0.866228 -0.91648 0.400075 -0.00207321 0.347507 0.79347 -0.499644 0.126994 1.92168 -0.491832</i>
                        <i>-0.186315 -0.469658 -0.862965 -0.977159 0.179956 0.113031 0.10221 0.864313 -0.492459 0.132372 1.94465 -1.02508</i>
                        <i>-0.179926 -0.470239 -0.864003 -0.939827 -0.177153 0.292133 -0.290433 0.864576 -0.410069 0.140497 1.96278 -1.55296</i>
                        <i>-0.166621 -0.465084 -0.869445 -0.736181 -0.527924 0.423479 -0.655954 0.710629 -0.254423 0.154906 1.95372 -2.06705</i>
                        <i>-0.135243 -0.466758 -0.873983 -0.431863 -0.766119 0.47598 -0.891742 0.441814 -0.0979631 0.160402 1.93869 -2.57894</i>
                        <i>-0.0837727 -0.47742 -0.874673 -0.152634 -0.861252 0.484713 -0.984726 0.17411 -0.000720902 0.152506 1.93778 -3.10029</i>
                        <i>-0.0209131 -0.483797 -0.874931 -0.0554368 -0.873215 0.484173 -0.998243 0.0586289 -0.00855855 0.134909 1.93633 -3.62327</i>
                        <i>0.0470846 -0.47985 -0.876086 -0.393735 -0.814965 0.425211 -0.918017 0.324925 -0.227306 0.112445 1.92496 -4.14274</i>
                        <i>0.113108 -0.464278 -0.878438 -0.742745 -0.626749 0.235617 -0.659952 0.625805 -0.41573 0.0891485 1.91264 -4.66213</i>
                        <i>0.170244 -0.441515 -0.880955 -0.844073 -0.526662 0.100834 -0.508485 0.726424 -0.462332 0.0679854 1.91006 -5.18482</i>
                        <i>0.217895 -0.419946 -0.881003 -0.896854 -0.442189 -0.0110383 -0.384935 0.792537 -0.472981 0.0499577 1.93729 -5.70986</i>
                        <i>0.254774 -0.399729 -0.880515 -0.955606 -0.243451 -0.165981 -0.148015 0.883713 -0.444008 0.0303022 1.9662 -6.23738</i>
                        <i>0.27378 -0.379579 -0.883722 -0.959456 -0.171787 -0.223456 -0.0669924 0.909071 -0.411221 0.00560621 1.99087 -6.76647</i>
                        <i>0.274806 -0.365361 -0.889378 -0.881486 -0.465163 -0.0812765 -0.38401 0.806309 -0.44989 -0.0166014 2.01053 -7.29459</i>
                        <i>0.263425 -0.360682 -0.894715 -0.658122 -0.745314 0.106689 -0.705325 0.560727 -0.433707 -0.0255308 2.02175 -7.81895</i>
                        <i>0.240468 -0.364194 -0.899743 -0.452839 -0.861979 0.22788 -0.858552 0.352641 -0.3722 -0.0190611 2.01795 -8.33854</i>
                        <i>0.206928 -0.376887 -0.902849 -0.250549 -0.912463 0.323475 -0.94573 0.159272 -0.283243 -0.0066973 2.00343 -8.85807</i>
                        <i>0.161616 -0.4012 -0.90162 -0.0451529 -0.915681 0.399363 -0.98582 -0.0238326 -0.166104 0.0111191 1.97628 -9.3787</i>
                        <i>0.104889 -0.430983 -0.896243 -0.0326049 -0.90222 0.430042 -0.993949 -0.0158846 -0.108685 0.0304005 1.94194 -9.90193</i>
                        <i>0.0412572 -0.456663 -0.888683 -0.4995 -0.779743 0.377493 -0.865331 0.428323 -0.260273 0.0484363 1.91169 -10.4298</i>
                        <i>-0.0231978 -0.472372 -0.881094 -0.894623 -0.383563 0.22919 -0.446218 0.793564 -0.413697 0.0661853 1.88594 -10.9595</i>
                        <i>-0.0813327 -0.477351 -0.874941 -0.984288 -0.0995663 0.145819 -0.156721 0.873054 -0.461753 0.0823412 1.87015 -11.4907</i>
                        <i>-0.130512 -0.475114 -0.870191 -0.98926 0.120667 0.0824867 0.0658131 0.871611 -0.48576 0.0973211 1.88132 -12.0235</i>
                        <i>-0.170609 -0.468258 -0.866964 -0.914567 0.40269 -0.0375212 0.366688 0.786495 -0.496956 0.112727 1.89906 -12.5579</i>
                        <i>-0.19825 -0.458634 -0.866228 -0.85893 0.507024 -0.0718698 0.47216 0.729782 -0.494452 0.126994 1.92168 -13.0918</i>
                    </KeyFrames>
                </p>
            </i>
            <i>
                <p>
                    <Name><![CDATA[ponytail_3]]></Name>
                    <Exclude>0</Exclude>
                    <Additive>0</Additive>
                    <IKPriority>0</IKPriority>
                    <IKRotLimits>-1e+010 -1e+010 -1e+010 1e+010 1e+010 1e+010</IKRotLimits>
                    <IKRotLimitOrder>0</IKRotLimitOrder>
                    <KeyFrames count="25">
                        <i>-0.19825 -0.458634 -0.866228 -0.796098 0.590895 -0.130657 0.571774 0.6637 -0.482263 0.20179 1.89272 -0.493617</i>
                        <i>-0.186315 -0.469658 -0.862965 -0.717879 0.664747 -0.206789 0.670773 0.580976 -0.46101 0.211073 1.9336 -1.03606</i>
                        <i>-0.179926 -0.470239 -0.864003 -0.801884 0.578847 -0.148051 0.569745 0.666192 -0.481227 0.214672 1.98035 -1.57797</i>
                        <i>-0.166621 -0.465084 -0.869445 -0.975203 0.207986 0.075632 0.145658 0.860487 -0.488206 0.211336 1.9988 -2.10197</i>
                        <i>-0.135243 -0.466758 -0.873983 -0.879523 -0.349614 0.322814 -0.456233 0.812347 -0.363241 0.191525 2.0018 -2.61746</i>
                        <i>-0.0837727 -0.47742 -0.874673 -0.399346 -0.788104 0.468416 -0.912965 0.388538 -0.124634 0.160891 2.00748 -3.13913</i>
                        <i>-0.0209131 -0.483797 -0.874931 0.192606 -0.860679 0.471312 -0.981053 -0.15866 0.111182 0.135453 2.00654 -3.6621</i>
                        <i>0.0470846 -0.47985 -0.876086 0.574108 -0.704726 0.416847 -0.817425 -0.522595 0.242304 0.140411 1.99153 -4.1777</i>
                        <i>0.113108 -0.464278 -0.878438 0.626811 -0.652637 0.425645 -0.770918 -0.598758 0.217196 0.146089 1.9653 -4.68263</i>
                        <i>0.170244 -0.441515 -0.880955 0.0269931 -0.89158 0.452057 -0.985032 -0.10074 -0.139869 0.133637 1.95509 -5.19471</i>
                        <i>0.217895 -0.419946 -0.881003 -0.711101 -0.686595 0.151404 -0.668474 0.593492 -0.448229 0.120321 1.97582 -5.71082</i>
                        <i>0.254774 -0.399729 -0.880515 -0.953797 -0.253838 -0.160743 -0.159255 0.880786 -0.445931 0.106298 1.98916 -6.22581</i>
                        <i>0.27378 -0.379579 -0.883722 -0.944354 0.0680829 -0.321807 0.182317 0.922651 -0.339817 0.0822274 2.00819 -6.75017</i>
                        <i>0.274806 -0.365361 -0.889378 -0.934875 0.114635 -0.335957 0.2247 0.92378 -0.310064 0.052534 2.05095 -7.28983</i>
                        <i>0.263425 -0.360682 -0.894715 -0.960102 -0.00777814 -0.279541 0.0938662 0.932656 -0.348341 0.0244513 2.08366 -7.82919</i>
                        <i>0.240468 -0.364194 -0.899743 -0.945349 -0.29816 -0.131969 -0.220205 0.882306 -0.415988 0.0138731 2.0884 -8.35825</i>
                        <i>0.206928 -0.376887 -0.902849 -0.742339 -0.661581 0.106031 -0.63727 0.64828 -0.416678 0.00968657 2.07716 -8.88509</i>
                        <i>0.161616 -0.4012 -0.90162 -0.258472 -0.898946 0.353679 -0.952404 0.175883 -0.248983 0.0108877 2.04956 -9.41135</i>
                        <i>0.104889 -0.430983 -0.896243 0.249744 -0.860918 0.443224 -0.962614 -0.270321 0.0173348 0.0291318 2.01417 -9.93681</i>
                        <i>0.0412572 -0.456663 -0.888683 0.524441 -0.747168 0.408291 -0.850447 -0.482906 0.208667 0.085083 1.97585 -10.4611</i>
                        <i>-0.0231978 -0.472372 -0.881094 0.45717 -0.788794 0.410852 -0.889077 -0.393279 0.234253 0.13613 1.91978 -10.9795</i>
                        <i>-0.0813327 -0.477351 -0.874941 -0.392375 -0.791626 0.46837 -0.916202 0.381399 -0.122915 0.160602 1.88154 -11.5042</i>
                        <i>-0.130512 -0.475114 -0.870191 -0.980916 -0.0657078 0.182994 -0.144121 0.877467 -0.457471 0.176849 1.87506 -12.032</i>
                        <i>-0.170609 -0.468258 -0.866964 -0.887253 0.455703 -0.0715291 0.428572 0.757013 -0.493211 0.187445 1.86987 -12.5568</i>
                        <i>-0.19825 -0.458634 -0.866228 -0.708391 0.677839 -0.196763 0.677406 0.57462 -0.459274 0.197666 1.8839 -13.088</i>
                    </KeyFrames>
                </p>
            </i>
            <i>
                <p>
                    <Name><![CDATA[l_clav]]></Name>
                    <Exclude>0</Exclude>
                    <Additive>0</Additive>
                    <IKPriority>0</IKPriority>
                    <IKRotLimits>-1e+010 -1e+010 -1e+010 1e+010 1e+010 1e+010</IKRotLimits>
                    <IKRotLimitOrder>0</IKRotLimitOrder>
                    <KeyFrames count="25">
                        <i>0.849859 -0.141108 -0.507767 -0.0991896 0.903441 -0.417081 0.517591 0.404825 0.753801 0.131086 1.55005 -0.313547</i>
                        <i>0.855124 -0.143562 -0.498149 -0.0909586 0.90444 -0.416791 0.510381 0.401719 0.76035 0.135593 1.5594 -0.837791</i>
                        <i>0.829628 -0.179689 -0.528611 -0.0647353 0.90945 -0.410744 0.554551 0.374985 0.742872 0.13853 1.56436 -1.36635</i>
                        <i>0.797008 -0.21562 -0.564168 -0.0383479 0.914151 -0.403555 0.60275 0.343271 0.720318 0.139895 1.56483 -1.89549</i>
                        <i>0.788777 -0.224011 -0.572408 -0.0317621 0.915131 -0.401903 0.613859 0.335193 0.714719 0.140657 1.5652 -2.42145</i>
                        <i>0.813843 -0.196588 -0.546821 -0.0536085 0.91162 -0.407523 0.578607 0.360974 0.731377 0.139166 1.56589 -2.94338</i>
                        <i>0.850555 -0.145229 -0.505435 -0.0923914 0.904895 -0.415486 0.517706 0.400092 0.756245 0.13361 1.56296 -3.46355</i>
                        <i>0.88762 -0.0770582 -0.454084 -0.138829 0.895287 -0.423306 0.439154 0.438775 0.783977 0.125156 1.55473 -3.98281</i>
                        <i>0.916771 -0.0026287 -0.399405 -0.184508 0.884102 -0.429326 0.354243 0.467287 0.810034 0.115381 1.54325 -4.50199</i>
                        <i>0.934852 0.0647273 -0.349089 -0.22218 0.873575 -0.433016 0.276927 0.482366 0.831044 0.106423 1.53388 -5.0219</i>
                        <i>0.945153 0.123469 -0.302393 -0.252161 0.864269 -0.435262 0.207607 0.487641 0.848001 0.0986863 1.55126 -5.54241</i>
                        <i>0.949867 0.176772 -0.257886 -0.277789 0.855675 -0.436638 0.143481 0.486386 0.861883 0.0913844 1.56792 -6.0633</i>
                        <i>0.950102 0.21779 -0.223325 -0.297329 0.848811 -0.437168 0.0943498 0.481755 0.871212 0.0854036 1.58119 -6.58519</i>
                        <i>0.948674 0.248998 -0.194983 -0.311346 0.843548 -0.437596 0.0555172 0.475843 0.877776 0.0803997 1.59403 -7.1076</i>
