<?xml version="1.0" encoding="ISO-8859-1" ?>
<Animl Version="1">
    <ModellingPackage><![CDATA[Maya.2010]]></ModellingPackage>
    <SrcFile><![CDATA[anims\characters\shared\commando\~src\commando_run_right.mb]]></SrcFile>
    <FramesPerSecond>30</FramesPerSecond>
    <TotalFrames>25</TotalFrames>
    <Skeleton>
        <RefFrame>
            <Name><![CDATA[commando_ref_frame]]></Name>
            <Exclude>0</Exclude>
            <Additive>0</Additive>
            <IKPriority>0</IKPriority>
            <IKRotLimits>-1e+010 -1e+010 -1e+010 1e+010 1e+010 1e+010</IKRotLimits>
            <IKRotLimitOrder>0</IKRotLimitOrder>
            <KeyFrames count="25">
                <i>1 0 0 0 1 0 0 0 1 0.07683 0 0.07039</i>
                <i>1 0 0 0 1 0 0 0 1 -0.44817 0 0.07039</i>
                <i>1 0 0 0 1 0 0 0 1 -0.97317 0 0.07039</i>
                <i>1 0 0 0 1 0 0 0 1 -1.49817 0 0.07039</i>
                <i>1 0 0 0 1 0 0 0 1 -2.02317 0 0.07039</i>
                <i>1 0 0 0 1 0 0 0 1 -2.54817 0 0.07039</i>
                <i>1 0 0 0 1 0 0 0 1 -3.07317 0 0.07039</i>
                <i>1 0 0 0 1 0 0 0 1 -3.59817 0 0.07039</i>
                <i>1 0 0 0 1 0 0 0 1 -4.12317 0 0.07039</i>
                <i>1 0 0 0 1 0 0 0 1 -4.64817 0 0.07039</i>
                <i>1 0 0 0 1 0 0 0 1 -5.17317 0 0.07039</i>
                <i>1 0 0 0 1 0 0 0 1 -5.69817 0 0.07039</i>
                <i>1 0 0 0 1 0 0 0 1 -6.22317 0 0.07039</i>
                <i>1 0 0 0 1 0 0 0 1 -6.74817 0 0.07039</i>
                <i>1 0 0 0 1 0 0 0 1 -7.27317 0 0.07039</i>
                <i>1 0 0 0 1 0 0 0 1 -7.79817 0 0.07039</i>
                <i>1 0 0 0 1 0 0 0 1 -8.32317 0 0.07039</i>
                <i>1 0 0 0 1 0 0 0 1 -8.84817 0 0.07039</i>
                <i>1 0 0 0 1 0 0 0 1 -9.37317 0 0.07039</i>
                <i>1 0 0 0 1 0 0 0 1 -9.89817 0 0.07039</i>
                <i>1 0 0 0 1 0 0 0 1 -10.4232 0 0.07039</i>
                <i>1 0 0 0 1 0 0 0 1 -10.9482 0 0.07039</i>
                <i>1 0 0 0 1 0 0 0 1 -11.4732 0 0.07039</i>
                <i>1 0 0 0 1 0 0 0 1 -11.9982 0 0.07039</i>
                <i>1 0 0 0 1 0 0 0 1 -12.5232 0 0.07039</i>
            </KeyFrames>
        </RefFrame>
        <Bones count="28">
            <i>
                <p>
                    <Name><![CDATA[pelvis]]></Name>
                    <Exclude>0</Exclude>
                    <Additive>0</Additive>
                    <IKPriority>0</IKPriority>
                    <IKRotLimits>-1e+010 -1e+010 -1e+010 1e+010 1e+010 1e+010</IKRotLimits>
                    <IKRotLimitOrder>2</IKRotLimitOrder>
                    <KeyFrames count="25">
                        <i>1 0 0 0 1 0 0 0 1 0.0768345 1.12716 0.0703935</i>
                        <i>1 0 0 0 1 0 0 0 1 -0.449352 1.11866 0.0822091</i>
                        <i>1 0 0 0 1 0 0 0 1 -0.975389 1.11048 0.0940472</i>
                        <i>1 0 0 0 1 0 0 0 1 -1.50083 1.10267 0.098238</i>
                        <i>1 0 0 0 1 0 0 0 1 -2.02549 1.11609 0.0935106</i>
                        <i>1 0 0 0 1 0 0 0 1 -2.54981 1.13254 0.0848559</i>
                        <i>1 0 0 0 1 0 0 0 1 -3.07435 1.14464 0.0740121</i>
                        <i>1 0 0 0 1 0 0 0 1 -3.59958 1.15034 0.0627398</i>
                        <i>1 0 0 0 1 0 0 0 1 -4.12583 1.15131 0.052794</i>
                        <i>1 0 0 0 1 0 0 0 1 -4.65274 1.14963 0.0438213</i>
                        <i>1 0 0 0 1 0 0 0 1 -5.17961 1.1451 0.0346594</i>
                        <i>1 0 0 0 1 0 0 0 1 -5.70629 1.13576 0.0258462</i>
                        <i>1 0 0 0 1 0 0 0 1 -6.2327 1.1254 0.0179423</i>
                        <i>1 0 0 0 1 0 0 0 1 -6.75663 1.11535 0.00990194</i>
                        <i>1 0 0 0 1 0 0 0 1 -7.27818 1.10373 0.00280338</i>
                        <i>1 0 0 0 1 0 0 0 1 -7.80083 1.09212 0.000358559</i>
                        <i>1 0 0 0 1 0 0 0 1 -8.32593 1.10872 0.00257023</i>
                        <i>1 0 0 0 1 0 0 0 1 -8.85204 1.12908 0.00670144</i>
                        <i>1 0 0 0 1 0 0 0 1 -9.37847 1.14413 0.0122996</i>
                        <i>1 0 0 0 1 0 0 0 1 -9.9045 1.15148 0.0189627</i>
                        <i>1 0 0 0 1 0 0 0 1 -10.4293 1.15323 0.0263404</i>
                        <i>1 0 0 0 1 0 0 0 1 -10.9531 1.15183 0.0354563</i>
                        <i>1 0 0 0 1 0 0 0 1 -11.4767 1.14722 0.0466942</i>
                        <i>1 0 0 0 1 0 0 0 1 -12 1.13751 0.0587648</i>
                        <i>1 0 0 0 1 0 0 0 1 -12.5232 1.12716 0.0703935</i>
                    </KeyFrames>
                </p>
            </i>
            <i>
                <p>
                    <Name><![CDATA[spine0]]></Name>
                    <Exclude>0</Exclude>
                    <Additive>0</Additive>
                    <IKPriority>0</IKPriority>
                    <IKRotLimits>-1e+010 -1e+010 -1e+010 1e+010 1e+010 1e+010</IKRotLimits>
                    <IKRotLimitOrder>0</IKRotLimitOrder>
                    <KeyFrames count="25">
                        <i>-0.30919 0.950767 -0.0210777 -0.412734 -0.154123 -0.897717 -0.856768 -0.268866 0.440067 0.0917979 1.26067 0.0189455</i>
                        <i>-0.295554 0.954262 -0.0450719 -0.43608 -0.176739 -0.882382 -0.84999 -0.241136 0.468371 -0.42955 1.25015 0.0273086</i>
                        <i>-0.282574 0.956724 -0.0695125 -0.478426 -0.203373 -0.854253 -0.831421 -0.208133 0.515189 -0.951996 1.23894 0.0336486</i>
                        <i>-0.270978 0.959474 -0.0773312 -0.520562 -0.213646 -0.826662 -0.809683 -0.183752 0.557359 -1.47446 1.2287 0.0340804</i>
                        <i>-0.258953 0.963726 -0.0646242 -0.562025 -0.204754 -0.801376 -0.785539 -0.171198 0.59466 -1.99588 1.24087 0.0283294</i>
                        <i>-0.24549 0.96845 -0.0428984 -0.608395 -0.188371 -0.770955 -0.754712 -0.163163 0.635443 -2.51698 1.25632 0.0193133</i>
                        <i>-0.231994 0.972564 -0.0172682 -0.651224 -0.16848 -0.739947 -0.722555 -0.160418 0.672444 -3.03868 1.2675 0.00821287</i>
                        <i>-0.220416 0.975376 0.0075898 -0.682598 -0.148686 -0.715509 -0.696762 -0.16289 0.698562 -3.56172 1.2723 -0.00349692</i>
                        <i>-0.213171 0.976626 0.0275698 -0.695233 -0.131803 -0.706597 -0.686447 -0.169793 0.707079 -4.08662 1.27244 -0.0141886</i>
                        <i>-0.210422 0.976501 0.0465548 -0.693289 -0.11548 -0.711347 -0.689256 -0.181959 0.701297 -4.61416 1.27183 -0.0215674</i>
                        <i>-0.210409 0.975232 0.0682015 -0.686274 -0.0976602 -0.720757 -0.696245 -0.198459 0.689824 -5.14354 1.2704 -0.0261213</i>
                        <i>-0.212592 0.973149 0.08824 -0.674563 -0.0808285 -0.733779 -0.706944 -0.215519 0.673634 -5.67292 1.26384 -0.030528</i>
                        <i>-0.215451 0.971164 0.102085 -0.658145 -0.0671823 -0.749888 -0.721406 -0.228751 0.653641 -6.20029 1.25408 -0.0376186</i>
                        <i>-0.225608 0.967985 0.110023 -0.632986 -0.0598002 -0.77185 -0.74056 -0.243779 0.626213 -6.72432 1.24187 -0.0504631</i>
                        <i>-0.243498 0.963011 0.115408 -0.597618 -0.0552506 -0.799875 -0.763912 -0.263737 0.588966 -7.24606 1.22679 -0.0644331</i>
                        <i>-0.257896 0.959249 0.115464 -0.556722 -0.0498655 -0.829201 -0.789652 -0.278129 0.546895 -7.7675 1.2126 -0.0708422</i>
                        <i>-0.26759 0.957219 0.110124 -0.517044 -0.0462079 -0.854711 -0.813057 -0.285651 0.507289 -8.29263 1.22992 -0.0674017</i>
                        <i>-0.278235 0.955044 0.102357 -0.481337 -0.0464176 -0.875306 -0.831204 -0.292809 0.472613 -8.82223 1.25338 -0.0593041</i>
                        <i>-0.289109 0.952936 0.0912659 -0.44931 -0.0508926 -0.891925 -0.845302 -0.29887 0.442877 -9.35391 1.27194 -0.0489894</i>
                        <i>-0.298778 0.951271 0.07625 -0.420581 -0.0595321 -0.9053 -0.856647 -0.302553 0.417873 -9.88468 1.28186 -0.038528</i>
                        <i>-0.305018 0.950668 0.0565152 -0.396079 -0.0726655 -0.915337 -0.866075 -0.301579 0.398704 -10.4111 1.28449 -0.0296544</i>
                        <i>-0.307794 0.950837 0.0342364 -0.383148 -0.0909312 -0.9192 -0.870896 -0.296042 0.392299 -10.9348 1.28328 -0.0200477</i>
                        <i>-0.30915 0.950923 0.0131282 -0.384616 -0.112392 -0.916209 -0.869768 -0.288295 0.400486 -11.4593 1.27933 -0.00756365</i>
                        <i>-0.309565 0.950862 -0.0055551 -0.395855 -0.134183 -0.908457 -0.864562 -0.279027 0.417942 -11.9839 1.2704 0.00602966</i>
                        <i>-0.30919 0.950767 -0.0210777 -0.412734 -0.154123 -0.897717 -0.856768 -0.268866 0.440067 -12.5082 1.26067 0.0189455</i>
                    </KeyFrames>
                </p>
            </i>
            <i>
                <p>
                    <Name><![CDATA[spine1]]></Name>
                    <Exclude>0</Exclude>
                    <Additive>0</Additive>
                    <IKPriority>0</IKPriority>
                    <IKRotLimits>-1e+010 -1e+010 -1e+010 1e+010 1e+010 1e+010</IKRotLimits>
                    <IKRotLimitOrder>0</IKRotLimitOrder>
                    <KeyFrames count="25">
                        <i>-0.385442 0.888477 0.249084 -0.737865 -0.134687 -0.661374 -0.554067 -0.438711 0.70749 0.0346366 1.43668 0.0150074</i>
                        <i>-0.401336 0.890259 0.215332 -0.721002 -0.162079 -0.673711 -0.564876 -0.425639 0.706927 -0.484358 1.42737 0.0188986</i>
                        <i>-0.411149 0.89165 0.189516 -0.712687 -0.184797 -0.676703 -0.568361 -0.413292 0.711446 -1.00469 1.41763 0.0206189</i>
                        <i>-0.420014 0.890023 0.177335 -0.710938 -0.201239 -0.673847 -0.564052 -0.4091 0.717274 -1.52525 1.40885 0.0195072</i>
                        <i>-0.432519 0.884513 0.174824 -0.714558 -0.218028 -0.664734 -0.549849 -0.412432 0.726337 -2.04462 1.42257 0.0160853</i>
                        <i>-0.445642 0.877592 0.176737 -0.722442 -0.23597 -0.649919 -0.528659 -0.417313 0.739168 -2.5634 1.43979 0.0111173</i>
                        <i>-0.455905 0.870634 0.184791 -0.732254 -0.248893 -0.633922 -0.505921 -0.424322 0.750996 -3.08281 1.45288 0.0048433</i>
                        <i>-0.460984 0.864657 0.199656 -0.741416 -0.251637 -0.622078 -0.487643 -0.434796 0.757071 -3.60393 1.45949 -0.00212741</i>
                        <i>-0.459486 0.860123 0.221498 -0.747265 -0.239576 -0.619838 -0.480071 -0.450324 0.752821 -4.1277 1.46106 -0.00895782</i>
                        <i>-0.451951 0.859386 0.239155 -0.750458 -0.221364 -0.622745 -0.482238 -0.460926 0.744979 -4.65469 1.46033 -0.012674</i>
                        <i>-0.440985 0.862426 0.248502 -0.753785 -0.205595 -0.62413 -0.487176 -0.46255 0.740748 -5.18376 1.45721 -0.0131428</i>
                        <i>-0.428852 0.865117 0.260112 -0.757266 -0.187266 -0.625684 -0.492579 -0.4653 0.735433 -5.71328 1.44898 -0.0138202</i>
                        <i>-0.419617 0.861887 0.284732 -0.760574 -0.162645 -0.628549 -0.495428 -0.48031 0.723777 -6.24125 1.4391 -0.0182491</i>
                        <i>-0.412472 0.848046 0.332694 -0.762049 -0.121101 -0.636094 -0.499148 -0.5159 0.696203 -6.76778 1.42878 -0.0293046</i>
                        <i>-0.406503 0.828347 0.385483 -0.759858 -0.0722378 -0.646064 -0.507318 -0.555538 0.658791 -7.29388 1.41644 -0.0418008</i>
                        <i>-0.407006 0.813074 0.41624 -0.756566 -0.0447412 -0.652385 -0.511814 -0.580438 0.633354 -7.81891 1.40437 -0.0478595</i>
                        <i>-0.40666 0.808547 0.425299 -0.757438 -0.0381086 -0.651794 -0.510798 -0.587196 0.627922 -8.34598 1.42132 -0.0454757</i>
                        <i>-0.396697 0.812129 0.427876 -0.762381 -0.0318655 -0.646344 -0.51128 -0.582607 0.631792 -8.87714 1.44234 -0.0391333</i>
                        <i>-0.381006 0.82138 0.424463 -0.768822 -0.0264555 -0.638915 -0.513563 -0.569767 0.641575 -9.41016 1.45778 -0.0312584</i>
                        <i>-0.36684 0.832656 0.414864 -0.773778 -0.0255427 -0.632942 -0.516426 -0.553201 0.653661 -9.9421 1.46508 -0.0238986</i>
                        <i>-0.365004 0.841117 0.399116 -0.773493 -0.035382 -0.632817 -0.518152 -0.539695 0.663512 -10.4694 1.46648 -0.0188861</i>
                        <i>-0.37187 0.850055 0.372987 -0.767945 -0.055979 -0.638065 -0.521511 -0.523711 0.673612 -10.9933 1.4644 -0.013573</i>
                        <i>-0.376749 0.863465 0.335393 -0.759942 -0.0810778 -0.644914 -0.529667 -0.497851 0.686729 -11.5176 1.45877 -0.00512867</i>
                        <i>-0.380943 0.877344 0.291805 -0.749717 -0.108399 -0.65282 -0.541116 -0.467459 0.699053 -12.0417 1.44797 0.00495361</i>
                        <i>-0.385442 0.888477 0.249084 -0.737865 -0.134687 -0.661374 -0.554067 -0.438711 0.70749 -12.5654 1.43668 0.0150074</i>
                    </KeyFrames>
                </p>
            </i>
            <i>
                <p>
                    <Name><![CDATA[spine2]]></Name>
                    <Exclude>0</Exclude>
                    <Additive>0</Additive>
                    <IKPriority>0</IKPriority>
                    <IKRotLimits>-1e+010 -1e+010 -1e+010 1e+010 1e+010 1e+010</IKRotLimits>
                    <IKRotLimitOrder>0</IKRotLimitOrder>
                    <KeyFrames count="25">
                        <i>-0.348362 0.882556 0.315815 -0.915788 -0.24858 -0.315501 -0.199942 -0.399128 0.89483 -0.0308958 1.58797 0.0579088</i>
                        <i>-0.369674 0.886693 0.277699 -0.891951 -0.254916 -0.373419 -0.260318 -0.385737 0.885122 -0.552844 1.57942 0.0561351</i>
                        <i>-0.386574 0.889256 0.244508 -0.865129 -0.25779 -0.430229 -0.319552 -0.377846 0.868976 -1.07529 1.57077 0.0535912</i>
                        <i>-0.402703 0.889245 0.216965 -0.841157 -0.266051 -0.47082 -0.36095 -0.372102 0.855134 -1.59778 1.56248 0.050517</i>
                        <i>-0.423013 0.886255 0.188708 -0.820353 -0.286132 -0.495126 -0.384813 -0.364253 0.84808 -2.11963 1.57586 0.0467658</i>
                        <i>-0.445515 0.881091 0.158731 -0.799713 -0.311953 -0.512976 -0.402461 -0.355477 0.8436 -2.64108 1.59261 0.0422639</i>
                        <i>-0.465557 0.87479 0.13416 -0.78212 -0.335731 -0.524951 -0.41418 -0.349324 0.840493 -3.16279 1.60539 0.0375823</i>
                        <i>-0.479232 0.869294 0.121101 -0.770514 -0.350616 -0.532332 -0.420293 -0.34842 0.837829 -3.68536 1.61196 0.0334551</i>
                        <i>-0.483064 0.866636 0.124863 -0.767678 -0.35062 -0.536411 -0.421094 -0.354975 0.834669 -4.20939 1.61367 0.0307337</i>
                        <i>-0.478855 0.86747 0.134886 -0.773508 -0.34424 -0.532151 -0.415192 -0.359158 0.835836 -4.73499 1.61273 0.0301315</i>
                        <i>-0.471243 0.870486 0.142069 -0.784885 -0.340399 -0.517768 -0.402349 -0.355503 0.843643 -5.26151 1.60901 0.0309781</i>
                        <i>-0.461235 0.873827 0.153908 -0.799666 -0.334232 -0.498823 -0.384444 -0.35315 0.852929 -5.78835 1.60022 0.0320302</i>
                        <i>-0.451255 0.874391 0.178351 -0.815458 -0.322851 -0.480411 -0.362487 -0.362226 0.858718 -6.3148 1.58998 0.0319939</i>
                        <i>-0.438776 0.870222 0.224031 -0.833235 -0.300669 -0.464023 -0.336444 -0.390272 0.857026 -6.84105 1.5792 0.030165</i>
                        <i>-0.423231 0.862496 0.277445 -0.852715 -0.275705 -0.443694 -0.306191 -0.424366 0.85215 -7.36755 1.56622 0.0284476</i>
                        <i>-0.411186 0.854318 0.317911 -0.870467 -0.264475 -0.41514 -0.270582 -0.44743 0.852403 -7.89378 1.55356 0.0291418</i>
                        <i>-0.398051 0.84888 0.347789 -0.888575 -0.262548 -0.376168 -0.22801 -0.458771 0.858802 -8.42077 1.56969 0.0332413</i>
                        <i>-0.377328 0.845553 0.377708 -0.907931 -0.257418 -0.330752 -0.18244 -0.467735 0.864835 -8.94929 1.58984 0.0392552</i>
                        <i>-0.353119 0.843796 0.404123 -0.925046 -0.250261 -0.285761 -0.139988 -0.47474 0.868922 -9.47843 1.60487 0.0454209</i>
                        <i>-0.331964 0.843331 0.422603 -0.937316 -0.244554 -0.248258 -0.106014 -0.478525 0.871651 -10.007 1.61239 0.0501564</i>
                        <i>-0.322888 0.843843 0.428569 -0.942579 -0.245868 -0.226039 -0.0853701 -0.476946 0.874777 -10.5335 1.61441 0.0519661</i>
                        <i>-0.325009 0.848856 0.416909 -0.941722 -0.250049 -0.225021 -0.0867626 -0.465746 0.880655 -11.0584 1.61319 0.052355</i>
                        <i>-0.330459 0.859582 0.389765 -0.937273 -0.250316 -0.242615 -0.110983 -0.44549 0.888381 -11.5828 1.60855 0.0536477</i>
                        <i>-0.33855 0.871996 0.353563 -0.92874 -0.249338 -0.274359 -0.151083 -0.421252 0.894271 -12.107 1.59862 0.055605</i>
                        <i>-0.348362 0.882556 0.315815 -0.915788 -0.24858 -0.315501 -0.199942 -0.399128 0.89483 -12.6309 1.58797 0.0579088</i>
                    </KeyFrames>
                </p>
            </i>
            <i>
                <p>
                    <Name><![CDATA[head]]></Name>
                    <Exclude>0</Exclude>
                    <Additive>0</Additive>
                    <IKPriority>0</IKPriority>
                    <IKRotLimits>-1e+010 -1e+010 -1e+010 1e+010 1e+010 1e+010</IKRotLimits>
                    <IKRotLimitOrder>0</IKRotLimitOrder>
                    <KeyFrames count="25">
                        <i>-0.125421 0.964072 0.234167 -0.0170917 0.233896 -0.972111 -0.991956 -0.125925 -0.0128579 -0.120788 1.82351 0.134789</i>
                        <i>-0.125235 0.965618 0.227812 -0.0175314 0.22743 -0.973637 -0.991972 -0.125928 -0.0115536 -0.647629 1.81656 0.122686</i>
                        <i>-0.125062 0.967139 0.221362 -0.0179633 0.22087 -0.975138 -0.991986 -0.125929 -0.0102495 -1.17441 1.80928 0.110578</i>
                        <i>-0.124869 0.968639 0.214818 -0.0185369 0.214197 -0.976615 -0.992 -0.125931 -0.00879102 -1.7011 1.80163 0.0988472</i>
                        <i>-0.124745 0.967223 0.221176 -0.0193545 0.220502 -0.975194 -0.992 -0.125931 -0.00878639 -2.22803 1.81471 0.0857112</i>
                        <i>-0.124586 0.965463 0.228821 -0.0203467 0.228083 -0.973429 -0.992 -0.125931 -0.0087719 -2.75519 1.83049 0.0709519</i>
                        <i>-0.124408 0.964295 0.23379 -0.0212818 0.232973 -0.97225 -0.992003 -0.125931 -0.00846178 -3.28217 1.8419 0.0572755</i>
                        <i>-0.124263 0.963879 0.235577 -0.0219468 0.23469 -0.971823 -0.992007 -0.125932 -0.00800919 -3.80856 1.84728 0.0473452</i>
                        <i>-0.12422 0.963812 0.235874 -0.0221329 0.234964 -0.971752 -0.992008 -0.125932 -0.00785549 -4.33398 1.84866 0.0437771</i>
                        <i>-0.12423 0.963883 0.235577 -0.0220814 0.234672 -0.971824 -0.992008 -0.125932 -0.00786947 -4.85878 1.84788 0.0451428</i>
                        <i>-0.12421 0.964318 0.233802 -0.0221074 0.232879 -0.972254 -0.99201 -0.125932 -0.00760726 -5.38352 1.84427 0.0481933</i>
                        <i>-0.124176 0.965406 0.229286 -0.0221054 0.228326 -0.973334 -0.992014 -0.125933 -0.00701184 -5.90807 1.83579 0.0528063</i>
                        <i>-0.124176 0.966596 0.224214 -0.0219493 0.223232 -0.974518 -0.992017 -0.125933 -0.00650398 -6.43235 1.82612 0.0588486</i>
                        <i>-0.124248 0.967721 0.21927 -0.0214877 0.218307 -0.975644 -0.992018 -0.125933 -0.00633004 -6.95611 1.81616 0.0674345</i>
                        <i>-0.124362 0.969077 0.213131 -0.0207937 0.212206 -0.977004 -0.992019 -0.125933 -0.00623966 -7.4794 1.80379 0.078644</i>
                        <i>-0.124473 0.970429 0.206818 -0.0200862 0.205932 -0.97836 -0.99202 -0.125934 -0.00614071 -8.00258 1.79111 0.0907771</i>
                        <i>-0.124729 0.967808 0.218609 -0.0193228 0.217919 -0.975776 -0.992003 -0.125931 -0.00847993 -8.52559 1.80648 0.10502</i>
                        <i>-0.125073 0.964393 0.23303 -0.018482 0.232568 -0.972404 -0.991975 -0.125928 -0.011264 -9.04832 1.8251 0.121646</i>
                        <i>-0.125418 0.961626 0.244021 -0.0176609 0.24376 -0.969675 -0.991947 -0.125924 -0.0135886 -9.57107 1.83817 0.13757</i>
                        <i>-0.125687 0.960104 0.249807 -0.0169513 0.249688 -0.968178 -0.991925 -0.125922 -0.0151075 -10.0942 1.84387 0.149717</i>
                        <i>-0.125846 0.959645 0.251483 -0.0164415 0.251446 -0.967732 -0.991914 -0.12592 -0.0158655 -10.6179 1.84497 0.155059</i>
                        <i>-0.125885 0.95984 0.250719 -0.0162412 0.250701 -0.967928 -0.991912 -0.12592 -0.0159705 -11.1426 1.84421 0.153613</i>
                        <i>-0.125809 0.960628 0.24772 -0.016343 0.247663 -0.968708 -0.99192 -0.125921 -0.0154587 -11.6682 1.84098 0.148577</i>
                        <i>-0.125627 0.962303 0.241228 -0.0166604 0.241074 -0.970364 -0.991938 -0.125923 -0.0142532 -12.1943 1.83275 0.141713</i>
                        <i>-0.125421 0.964072 0.234167 -0.0170917 0.233896 -0.972111 -0.991956 -0.125925 -0.0128579 -12.7208 1.82351 0.134789</i>
                    </KeyFrames>
                </p>
            </i>
            <i>
                <p>
                    <Name><![CDATA[head_prop]]></Name>
                    <Exclude>0</Exclude>
                    <Additive>0</Additive>
                    <IKPriority>0</IKPriority>
                    <IKRotLimits>-1e+010 -1e+010 -1e+010 1e+010 1e+010 1e+010</IKRotLimits>
                    <IKRotLimitOrder>0</IKRotLimitOrder>
                    <KeyFrames count="25">
                        <i>0.991956 0.125925 0.0128579 -0.125421 0.964072 0.234167 0.0170917 -0.233896 0.972111 -0.152064 1.8396 0.367858</i>
                        <i>0.991972 0.125928 0.0115536 -0.125235 0.965618 0.227812 0.0175314 -0.22743 0.973637 -0.678793 1.8342 0.355658</i>
                        <i>0.991986 0.125929 0.0102495 -0.125062 0.967139 0.221362 0.0179633 -0.22087 0.975138 -1.20546 1.82849 0.34344</i>
                        <i>0.992 0.125931 0.00879102 -0.124869 0.968639 0.214818 0.0185369 -0.214197 0.976615 -1.73202 1.82243 0.331591</i>
                        <i>0.992 0.125931 0.00878639 -0.124745 0.967223 0.221176 0.0193545 -0.220502 0.975194 -2.25875 1.83401 0.31861</i>
                        <i>0.992 0.125931 0.0087719 -0.124586 0.965463 0.228821 0.0203467 -0.228083 0.973429 -2.78568 1.84797 0.304024</i>
                        <i>0.992003 0.125931 0.00846178 -0.124408 0.964295 0.23379 0.0212818 -0.232973 0.97225 -3.31244 1.85821 0.290462</i>
                        <i>0.992007 0.125932 0.00800919 -0.124263 0.963879 0.235577 0.0219468 -0.23469 0.971823 -3.83867 1.86318 0.280581</i>
                        <i>0.992008 0.125932 0.00785549 -0.12422 0.963812 0.235874 0.0221329 -0.234964 0.971752 -4.36405 1.86449 0.277023</i>
                        <i>0.992008 0.125932 0.00786947 -0.12423 0.963883 0.235577 0.0220814 -0.234672 0.971824 -4.88886 1.86378 0.278382</i>
                        <i>0.99201 0.125932 0.00760726 -0.12421 0.964318 0.233802 0.0221074 -0.232879 0.972254 -5.41359 1.8606 0.281404</i>
                        <i>0.992014 0.125933 0.00701184 -0.124176 0.965406 0.229286 0.0221054 -0.228326 0.973334 -5.93814 1.85321 0.285938</i>
                        <i>0.992017 0.125933 0.00650398 -0.124176 0.966596 0.224214 0.0219493 -0.223232 0.974518 -6.46245 1.84477 0.291881</i>
                        <i>0.992018 0.125933 0.00633004 -0.124248 0.967721 0.21927 0.0214877 -0.218307 0.975644 -6.98632 1.83598 0.300356</i>
                        <i>0.992019 0.125933 0.00623966 -0.124362 0.969077 0.213131 0.0207937 -0.212206 0.977004 -7.50978 1.82508 0.311416</i>
                        <i>0.99202 0.125934 0.00614071 -0.124473 0.970429 0.206818 0.0200862 -0.205932 0.97836 -8.03312 1.81389 0.323386</i>
                        <i>0.992003 0.125931 0.00847993 -0.124729 0.967808 0.218609 0.0193228 -0.217919 0.975776 -8.55632 1.8264 0.337866</i>
                        <i>0.991975 0.125928 0.011264 -0.125073 0.964393 0.23303 0.018482 -0.232568 0.972404 -9.07926 1.84151 0.354737</i>
                        <i>0.991947 0.125924 0.0135886 -0.125418 0.961626 0.244021 0.0176609 -0.24376 0.969675 -9.60222 1.85189 0.370807</i>
                        <i>0.991925 0.125922 0.0151075 -0.125687 0.960104 0.249807 0.0169513 -0.249688 0.968178 -10.1255 1.85615 0.383011</i>
                        <i>0.991914 0.12592 0.0158655 -0.125846 0.959645 0.251483 0.0164415 -0.251446 0.967732 -10.6494 1.85683 0.388358</i>
                        <i>0.991912 0.12592 0.0159705 -0.125885 0.95984 0.250719 0.0162412 -0.250701 0.967928 -11.1741 1.85625 0.386896</i>
                        <i>0.99192 0.125921 0.0154587 -0.125809 0.960628 0.24772 0.016343 -0.247663 0.968708 -11.6997 1.85376 0.381825</i>
                        <i>0.991938 0.125923 0.0142532 -0.125627 0.962303 0.241228 0.0166604 -0.241074 0.970364 -12.2257 1.84711 0.37488</i>
                        <i>0.991956 0.125925 0.0128579 -0.125421 0.964072 0.234167 0.0170917 -0.233896 0.972111 -12.7521 1.8396 0.367858</i>
                    </KeyFrames>
                </p>
            </i>
            <i>
                <p>
                    <Name><![CDATA[ponytail_1]]></Name>
                    <Exclude>0</Exclude>
                    <Additive>0</Additive>
                    <IKPriority>0</IKPriority>
                    <IKRotLimits>-1e+010 -1e+010 -1e+010 1e+010 1e+010 1e+010</IKRotLimits>
                    <IKRotLimitOrder>0</IKRotLimitOrder>
                    <KeyFrames count="25">
                        <i>0.373184 -0.0628242 0.925628 -0.877775 0.299148 0.374195 -0.300408 -0.952136 0.0564918 -0.153024 2.01437 0.0498759</i>
                        <i>0.371585 -0.0522379 0.926928 -0.833037 0.421996 0.357728 -0.409847 -0.905092 0.113291 -0.67989 2.00685 0.0365211</i>
                        <i>0.366092 -0.0338035 0.929964 -0.825142 0.450253 0.341194 -0.430253 -0.892261 0.136941 -1.20669 1.99898 0.0231484</i>
                        <i>0.35688 -0.00939203 0.934103 -0.91082 0.218587 0.350182 -0.207472 -0.975772 0.0694548 -1.73343 1.99073 0.0101416</i>
                        <i>0.344023 0.00644316 0.938939 -0.935621 -0.0819267 0.343369 0.0791366 -0.996617 -0.0221563 -2.26044 2.00438 -0.00174386</i>
                        <i>0.327711 0.0227531 0.944504 -0.918894 -0.224727 0.324239 0.219633 -0.974156 -0.0527378 -2.7877 2.02083 -0.014992</i>
                        <i>0.308366 0.0414938 0.950363 -0.894777 -0.326501 0.304585 0.322933 -0.944286 -0.063554 -3.31477 2.03267 -0.0276795</i>
                        <i>0.286878 0.0616024 0.955984 -0.843674 -0.456462 0.282589 0.453779 -0.887608 -0.0789763 -3.84122 2.0382 -0.0372504</i>
                        <i>0.264559 0.0802223 0.961027 -0.793192 -0.548696 0.264159 0.548503 -0.832164 -0.0815308 -4.36666 2.03961 -0.0407583</i>
                        <i>0.243493 0.0957225 0.965168 -0.785775 -0.563879 0.25416 0.568567 -0.820291 -0.0620844 -4.89146 2.0388 -0.0394517</i>
                        <i>0.226027 0.108628 0.968045 -0.812764 -0.526758 0.24888 0.536961 -0.843046 -0.0307724 -5.41619 2.03503 -0.0367523</i>
                        <i>0.214124 0.120016 0.969406 -0.869779 -0.428243 0.245136 0.444561 -0.895658 0.0126901 -5.94074 2.02616 -0.0330313</i>
                        <i>0.209611 0.127461 0.969442 -0.924586 -0.29674 0.238927 0.318126 -0.946414 0.055649 -6.46499 2.01604 -0.0279886</i>
                        <i>0.213534 0.129963 0.968253 -0.959586 -0.158053 0.232837 0.183295 -0.978841 0.0909614 -6.98871 2.00564 -0.0203762</i>
                        <i>0.224773 0.129108 0.96582 -0.971096 -0.0520113 0.232954 0.0803098 -0.990266 0.113685 -7.51193 1.99272 -0.0103719</i>
                        <i>0.241589 0.124084 0.962413 -0.967394 -0.0469357 0.248891 0.0760548 -0.991161 0.108699 -8.03504 1.97947 0.000527198</i>
                        <i>0.261832 0.0970027 0.960226 -0.956678 -0.10517 0.271489 0.127322 -0.989712 0.0652634 -8.55799 1.99592 0.0170617</i>
                        <i>0.283476 0.0636826 0.956863 -0.930053 -0.224962 0.290506 0.233757 -0.972284 -0.004543 -9.08068 2.01584 0.0365182</i>
                        <i>0.304787 0.0309602 0.951917 -0.89587 -0.329951 0.297573 0.323299 -0.94349 -0.0728286 -9.60338 2.02988 0.0546179</i>
                        <i>0.324342 0.00179663 0.945938 -0.889661 -0.3392 0.30569 0.321412 -0.940713 -0.108418 -10.1264 2.03607 0.067916</i>
                        <i>0.341121 -0.0233516 0.939729 -0.901612 -0.290965 0.320055 0.265955 -0.956449 -0.120309 -10.6501 2.03732 0.0735899</i>
                        <i>0.354584 -0.0443058 0.933974 -0.921219 -0.187568 0.340844 0.160082 -0.981252 -0.107324 -11.1749 2.0365 0.0719889</i>
                        <i>0.36448 -0.0593098 0.92932 -0.931009 -0.0439965 0.362335 0.0193969 -0.99727 -0.0712538 -11.7004 2.03302 0.0663536</i>
                        <i>0.370725 -0.065182 0.926452 -0.917398 0.129739 0.37623 -0.144721 -0.989403 -0.0117002 -12.2266 2.02422 0.0581972</i>
                        <i>0.373184 -0.0628242 0.925628 -0.877775 0.299148 0.374195 -0.300408 -0.952136 0.0564918 -12.753 2.01437 0.0498759</i>
                    </KeyFrames>
                </p>
            </i>
            <i>
                <p>
                    <Name><![CDATA[ponytail_2]]></Name>
                    <Exclude>0</Exclude>
                    <Additive>0</Additive>
                    <IKPriority>0</IKPriority>
                    <IKRotLimits>-1e+010 -1e+010 -1e+010 1e+010 1e+010 1e+010</IKRotLimits>
                    <IKRotLimitOrder>0</IKRotLimitOrder>
                    <KeyFrames count="25">
                        <i>0.373184 -0.0628242 0.925628 -0.926327 -0.0806169 0.367994 0.0515024 -0.994763 -0.0882807 -0.0569256 1.97066 0.00816517</i>
                        <i>0.371585 -0.0522379 0.926928 -0.911888 0.166923 0.374963 -0.174313 -0.984585 0.0143908 -0.589986 1.94974 -0.0027379</i>
                        <i>0.366092 -0.0338035 0.929964 -0.803775 0.492124 0.334304 -0.468959 -0.869868 0.152992 -1.11789 1.93881 -0.0139957</i>
                        <i>0.35688 -0.00939203 0.934103 -0.61247 0.752679 0.241566 -0.705349 -0.65832 0.262864 -1.63263 1.95588 -0.02872</i>
                        <i>0.344023 0.00644316 0.938939 -0.407685 0.901826 0.143185 -0.845838 -0.432051 0.312875 -2.15386 2.00329 -0.0407876</i>
                        <i>0.327711 0.0227531 0.944504 -0.277882 0.957811 0.0733419 -0.902988 -0.286496 0.320208 -2.68155 2.03611 -0.0521912</i>
                        <i>0.308366 0.0414938 0.950363 -0.333872 0.940214 0.0672813 -0.890753 -0.338047 0.303783 -3.21027 2.05976 -0.0627695</i>
                        <i>0.286878 0.0616024 0.955984 -0.729694 0.660628 0.176401 -0.620684 -0.748181 0.23447 -3.74114 2.08057 -0.0700143</i>
                        <i>0.264559 0.0802223 0.961027 -0.957579 0.139907 0.251931 -0.114244 -0.986909 0.113833 -4.2713 2.09298 -0.0714655</i>
                        <i>0.243493 0.0957225 0.965168 -0.951893 -0.167291 0.256736 0.186039 -0.98125 0.0503835 -4.79673 2.09401 -0.0688266</i>
                        <i>0.226027 0.108628 0.968045 -0.888514 -0.384379 0.25059 0.399318 -0.916762 0.00963763 -5.31874 2.08581 -0.0652048</i>
                        <i>0.214124 0.120016 0.969406 -0.726202 -0.644171 0.240155 0.653285 -0.755407 -0.0507767 -5.8378 2.06525 -0.0606089</i>
                        <i>0.209611 0.127461 0.969442 -0.640265 -0.731451 0.234607 0.739002 -0.669875 -0.071711 -6.35717 2.03975 -0.0544178</i>
                        <i>0.213534 0.129963 0.968253 -0.851551 -0.461003 0.249675 0.478816 -0.87783 0.0122307 -6.87833 2.01333 -0.0457499</i>
                        <i>0.224773 0.129108 0.96582 -0.973814 -0.00491803 0.227291 0.0340951 -0.991618 0.124622 -7.40133 1.98831 -0.0355227</i>
                        <i>0.241589 0.124084 0.962413 -0.91486 0.359786 0.183265 -0.323522 -0.924747 0.200439 -7.9249 1.97447 -0.0264768</i>
                        <i>0.261832 0.0970027 0.960226 -0.741696 0.656826 0.135891 -0.61752 -0.747777 0.243925 -8.44853 1.99752 -0.0129483</i>
                        <i>0.283476 0.0636826 0.956863 -0.479485 0.873529 0.0839139 -0.830503 -0.482589 0.278159 -8.97312 2.03116 0.00363304</i>
                        <i>0.304787 0.0309602 0.951917 -0.334251 0.939377 0.0764693 -0.891841 -0.341487 0.296659 -9.49875 2.05737 0.020224</i>
                        <i>0.324342 0.00179663 0.945938 -0.606087 0.768164 0.206355 -0.726265 -0.640251 0.250236 -10.0225 2.06464 0.0322348</i>
                        <i>0.341121 -0.0233516 0.939729 -0.851717 0.415333 0.319494 -0.397761 -0.90937 0.12179 -10.5455 2.06027 0.0361613</i>
                        <i>0.354584 -0.0443058 0.933974 -0.903282 0.241825 0.354404 -0.241561 -0.969308 0.045727 -11.0691 2.0475 0.0323453</i>
                        <i>0.36448 -0.0593098 0.92932 -0.922018 0.116896 0.369077 -0.130524 -0.991372 -0.0120784 -11.595 2.02763 0.0246556</i>
                        <i>0.370725 -0.065182 0.926452 -0.923761 -0.129062 0.360568 0.0960671 -0.989492 -0.108059 -12.1244 1.99927 0.0155476</i>
                        <i>0.373184 -0.0628242 0.925628 -0.910042 -0.218828 0.352048 0.180436 -0.973739 -0.138836 -12.6569 1.97066 0.00816517</i>
                    </KeyFrames>
                </p>
            </i>
            <i>
                <p>
                    <Name><![CDATA[ponytail_3]]></Name>
                    <Exclude>0</Exclude>
                    <Additive>0</Additive>
                    <IKPriority>0</IKPriority>
                    <IKRotLimits>-1e+010 -1e+010 -1e+010 1e+010 1e+010 1e+010</IKRotLimits>
                    <IKRotLimitOrder>0</IKRotLimitOrder>
                    <KeyFrames count="25">
                        <i>0.373184 -0.0628242 0.925628 -0.88183 -0.33404 0.332854 0.288286 -0.940463 -0.180059 0.0175036 1.97323 -0.0216675</i>
                        <i>0.371585 -0.0522379 0.926928 -0.832556 -0.460555 0.307798 0.410823 -0.886093 -0.214626 -0.517595 1.93252 -0.0327281</i>
                        <i>0.366092 -0.0338035 0.929964 -0.860947 -0.391597 0.324688 0.353196 -0.919516 -0.172464 -1.05532 1.89598 -0.0401866</i>
                        <i>0.35688 -0.00939203 0.934103 -0.933957 -0.0239221 0.356583 0.0189967 -0.99967 -0.0173091 -1.58631 1.893 -0.0470506</i>
                        <i>0.344023 0.00644316 0.938939 -0.832688 0.464201 0.301907 -0.433911 -0.885706 0.165061 -2.12449 1.92933 -0.0510395</i>
                        <i>0.327711 0.0227531 0.944504 -0.499531 0.852717 0.152778 -0.801919 -0.521877 0.290811 -2.66281 1.95824 -0.0568178</i>
                        <i>0.308366 0.0414938 0.950363 -0.103743 0.994556 -0.00976153 -0.945594 -0.0955838 0.310992 -3.187 1.9831 -0.0669746</i>
                        <i>0.286878 0.0616024 0.955984 0.144588 0.983714 -0.106778 -0.946993 0.168856 0.273299 -3.68509 2.02471 -0.083234</i>
                        <i>0.264559 0.0802223 0.961027 0.0722236 0.992087 -0.102697 -0.961661 0.0965782 0.256672 -4.19501 2.07791 -0.0912086</i>
                        <i>0.243493 0.0957225 0.965168 -0.630601 0.771704 0.0825531 -0.736921 -0.628737 0.248268 -4.71972 2.10359 -0.0892025</i>
                        <i>0.226027 0.108628 0.968045 -0.971506 -0.0476312 0.23218 0.0713303 -0.992941 0.094767 -5.24598 2.11303 -0.0852474</i>
                        <i>0.214124 0.120016 0.969406 -0.733843 -0.635233 0.240736 0.64469 -0.762939 -0.0479458 -5.77706 2.11392 -0.0800512</i>
                        <i>0.209611 0.127461 0.969442 -0.42839 -0.879274 0.208232 0.878946 -0.458946 -0.129702 -6.30298 2.09574 -0.0734973</i>
                        <i>0.213534 0.129963 0.968253 -0.391066 -0.896869 0.206625 0.895249 -0.422772 -0.140687 -6.80823 2.04684 -0.065709</i>
                        <i>0.224773 0.129108 0.96582 -0.564847 -0.790395 0.237113 0.793993 -0.598838 -0.104733 -7.32316 1.98483 -0.0532493</i>
                        <i>0.241589 0.124084 0.962413 -0.843712 -0.463076 0.271496 0.479358 -0.87759 -0.00718312 -7.85285 1.94203 -0.0403794</i>
                        <i>0.261832 0.0970027 0.960226 -0.961044 0.117471 0.250188 -0.0885299 -0.988327 0.123982 -8.39151 1.94197 -0.0228849</i>
                        <i>0.283476 0.0636826 0.956863 -0.648629 0.747665 0.1424 -0.706344 -0.661016 0.253251 -8.93794 1.95928 -0.00200491</i>
                        <i>0.304787 0.0309602 0.951917 -0.0684639 0.997598 -0.0105249 -0.949957 -0.0619642 0.306175 -9.47545 1.98076 0.0152549</i>
                        <i>0.324342 0.00179663 0.945938 0.351443 0.928191 -0.122265 -0.878231 0.372099 0.30042 -9.97678 2.00058 0.0166764</i>
                        <i>0.341121 -0.0233516 0.939729 0.40819 0.904201 -0.125704 -0.846769 0.426468 0.317974 -10.4788 2.02344 0.0110353</i>
                        <i>0.354584 -0.0443058 0.933974 -0.277406 0.948918 0.150332 -0.892925 -0.312395 0.324181 -10.9976 2.02434 0.00412492</i>
                        <i>0.36448 -0.0593098 0.92932 -0.873812 0.323173 0.363335 -0.321881 -0.94448 0.0659646 -11.5216 2.01439 -0.00496624</i>
                        <i>0.370725 -0.065182 0.926452 -0.914993 -0.196647 0.352304 0.15922 -0.978305 -0.132543 -12.05 2.00575 -0.0137673</i>
                        <i>0.373184 -0.0628242 0.925628 -0.832896 -0.462177 0.304428 0.408679 -0.884559 -0.224803 -12.5833 1.98439 -0.0205872</i>
                    </KeyFrames>
                </p>
            </i>
            <i>
                <p>
                    <Name><![CDATA[l_clav]]></Name>
                    <Exclude>0</Exclude>
                    <Additive>0</Additive>
                    <IKPriority>0</IKPriority>
                    <IKRotLimits>-1e+010 -1e+010 -1e+010 1e+010 1e+010 1e+010</IKRotLimits>
                    <IKRotLimitOrder>0</IKRotLimitOrder>
                    <KeyFrames count="25">
                        <i>0.944375 0.280569 0.171574 -0.283948 0.958826 -0.00502968 -0.165921 -0.0439683 0.985158 0.0105673 1.6533 0.144114</i>
                        <i>0.931038 0.282255 0.2313 -0.279934 0.959033 -0.0435022 -0.234103 -0.0242467 0.971909 -0.517768 1.64634 0.144447</i>
                        <i>0.912791 0.287252 0.290344 -0.275861 0.957832 -0.0803719 -0.301188 -0.00673188 0.953541 -1.04644 1.63959 0.144426</i>
                        <i>0.894314 0.299614 0.332316 -0.276389 0.953983 -0.1163 -0.351869 0.0121606 0.93597 -1.57421 1.63358 0.14326</i>
                        <i>0.87675 0.322502 0.356794 -0.283653 0.945836 -0.157909 -0.388395 0.037241 0.92074 -2.10086 1.64995 0.140453</i>
                        <i>0.857915 0.35267 0.373639 -0.294556 0.933447 -0.204728 -0.420973 0.065581 0.904699 -2.62714 1.67042 0.136478</i>
                        <i>0.840464 0.383034 0.383282 -0.305874 0.919229 -0.24791 -0.447281 0.091124 0.889739 -3.15307 1.68691 0.132289</i>
                        <i>0.827581 0.406195 0.387447 -0.314559 0.907236 -0.279241 -0.464932 0.109219 0.878584 -3.67863 1.69641 0.129024</i>
                        <i>0.822684 0.414911 0.388638 -0.317677 0.902446 -0.290984 -0.471457 0.115926 0.874236 -4.20377 1.6994 0.127926</i>
                        <i>0.826341 0.412991 0.382884 -0.31821 0.90334 -0.28761 -0.464655 0.115826 0.877884 -4.72822 1.69829 0.128148</i>
                        <i>0.835264 0.408678 0.367855 -0.320118 0.905371 -0.278975 -0.447056 0.115261 0.887049 -5.25197 1.69393 0.12825</i>
                        <i>0.846916 0.401702 0.348379 -0.321888 0.908817 -0.265404 -0.423227 0.112636 0.898995 -5.77538 1.68424 0.128563</i>
                        <i>0.859067 0.391817 0.329368 -0.321959 0.913861 -0.247389 -0.397927 0.106481 0.911216 -6.29882 1.67282 0.129449</i>
                        <i>0.872175 0.376628 0.31219 -0.318656 0.921605 -0.221591 -0.371173 0.0937847 0.923815 -6.82236 1.66019 0.131458</i>
                        <i>0.887159 0.357088 0.292297 -0.313024 0.931075 -0.18739 -0.339065 0.0747483 0.937789 -7.34578 1.6445 0.134187</i>
