<?xml version="1.0" encoding="ISO-8859-1" ?>
<Animl Version="1">
    <ModellingPackage><![CDATA[Maya.2010]]></ModellingPackage>
    <SrcFile><![CDATA[anims\characters\shared\commando\~src\commando_run_aim_high.mb]]></SrcFile>
    <FramesPerSecond>30</FramesPerSecond>
    <TotalFrames>25</TotalFrames>
    <Skeleton>
        <RefFrame>
            <Name><![CDATA[commando_ref_frame]]></Name>
            <Exclude>1</Exclude>
            <Additive>0</Additive>
            <IKPriority>0</IKPriority>
            <IKRotLimits>-1e+010 -1e+010 -1e+010 1e+010 1e+010 1e+010</IKRotLimits>
            <IKRotLimitOrder>0</IKRotLimitOrder>
            <KeyFrames count="25">
                <i>1 0 0 0 1 0 0 0 1 0.07393 0 -0.07737</i>
                <i>1 0 0 0 1 0 0 0 1 0.07393 0 0.09763</i>
                <i>1 0 0 0 1 0 0 0 1 0.07393 0 0.27263</i>
                <i>1 0 0 0 1 0 0 0 1 0.07393 0 0.44763</i>
                <i>1 0 0 0 1 0 0 0 1 0.07393 0 0.62263</i>
                <i>1 0 0 0 1 0 0 0 1 0.07393 0 0.79763</i>
                <i>1 0 0 0 1 0 0 0 1 0.07393 0 0.97263</i>
                <i>1 0 0 0 1 0 0 0 1 0.07393 0 1.14763</i>
                <i>1 0 0 0 1 0 0 0 1 0.07393 0 1.32263</i>
                <i>1 0 0 0 1 0 0 0 1 0.07393 0 1.49763</i>
                <i>1 0 0 0 1 0 0 0 1 0.07393 0 1.67263</i>
                <i>1 0 0 0 1 0 0 0 1 0.07393 0 1.84763</i>
                <i>1 0 0 0 1 0 0 0 1 0.07393 0 2.02263</i>
                <i>1 0 0 0 1 0 0 0 1 0.07393 0 2.19763</i>
                <i>1 0 0 0 1 0 0 0 1 0.07393 0 2.37263</i>
                <i>1 0 0 0 1 0 0 0 1 0.07393 0 2.54763</i>
                <i>1 0 0 0 1 0 0 0 1 0.07393 0 2.72263</i>
                <i>1 0 0 0 1 0 0 0 1 0.07393 0 2.89763</i>
                <i>1 0 0 0 1 0 0 0 1 0.07393 0 3.07263</i>
                <i>1 0 0 0 1 0 0 0 1 0.07393 0 3.24763</i>
                <i>1 0 0 0 1 0 0 0 1 0.07393 0 3.42263</i>
                <i>1 0 0 0 1 0 0 0 1 0.07393 0 3.59763</i>
                <i>1 0 0 0 1 0 0 0 1 0.07393 0 3.77263</i>
                <i>1 0 0 0 1 0 0 0 1 0.07393 0 3.94763</i>
                <i>1 0 0 0 1 0 0 0 1 0.07393 0 4.12263</i>
            </KeyFrames>
        </RefFrame>
        <Bones count="28">
            <i>
                <p>
                    <Name><![CDATA[pelvis]]></Name>
                    <Exclude>1</Exclude>
                    <Additive>0</Additive>
                    <IKPriority>0</IKPriority>
                    <IKRotLimits>-1e+010 -1e+010 -1e+010 1e+010 1e+010 1e+010</IKRotLimits>
                    <IKRotLimitOrder>2</IKRotLimitOrder>
                    <KeyFrames count="25">
                        <i>1 0 0 0 1 0 0 0 1 0.0739294 1.1271 -0.0773697</i>
                        <i>1 0 0 0 1 0 0 0 1 0.0956477 1.121 -0.076183</i>
                        <i>1 0 0 0 1 0 0 0 1 0.117323 1.11548 -0.0752709</i>
                        <i>1 0 0 0 1 0 0 0 1 0.125672 1.10916 -0.0749978</i>
                        <i>1 0 0 0 1 0 0 0 1 0.11845 1.13486 -0.0753303</i>
                        <i>1 0 0 0 1 0 0 0 1 0.104367 1.16571 -0.0757804</i>
                        <i>1 0 0 0 1 0 0 0 1 0.0866296 1.18777 -0.0758819</i>
                        <i>1 0 0 0 1 0 0 0 1 0.0684037 1.19751 -0.0753679</i>
                        <i>1 0 0 0 1 0 0 0 1 0.052794 1.19871 -0.0741707</i>
                        <i>1 0 0 0 1 0 0 0 1 0.0401378 1.19383 -0.0718219</i>
                        <i>1 0 0 0 1 0 0 0 1 0.0283556 1.17877 -0.0686905</i>
                        <i>1 0 0 0 1 0 0 0 1 0.0169054 1.14953 -0.0659831</i>
                        <i>1 0 0 0 1 0 0 0 1 0.00528445 1.12452 -0.0648087</i>
                        <i>1 0 0 0 1 0 0 0 1 -0.00971174 1.10905 -0.0667811</i>
                        <i>1 0 0 0 1 0 0 0 1 -0.0246901 1.09565 -0.0707558</i>
                        <i>1 0 0 0 1 0 0 0 1 -0.0301727 1.08421 -0.0735677</i>
                        <i>1 0 0 0 1 0 0 0 1 -0.0247079 1.11453 -0.0740805</i>
                        <i>1 0 0 0 1 0 0 0 1 -0.0144705 1.15259 -0.0735686</i>
                        <i>1 0 0 0 1 0 0 0 1 -0.00140387 1.18149 -0.0724091</i>
                        <i>1 0 0 0 1 0 0 0 1 0.0125164 1.19641 -0.071156</i>
                        <i>1 0 0 0 1 0 0 0 1 0.0253188 1.20067 -0.0705565</i>
                        <i>1 0 0 0 1 0 0 0 1 0.0373958 1.19623 -0.0712404</i>
                        <i>1 0 0 0 1 0 0 0 1 0.0499821 1.17924 -0.072984</i>
                        <i>1 0 0 0 1 0 0 0 1 0.0623839 1.1478 -0.0752592</i>
                        <i>1 0 0 0 1 0 0 0 1 0.0739294 1.1271 -0.0773697</i>
                    </KeyFrames>
                </p>
            </i>
            <i>
                <p>
                    <Name><![CDATA[spine0]]></Name>
                    <Exclude>0</Exclude>
                    <Additive>0</Additive>
                    <IKPriority>0</IKPriority>
                    <IKRotLimits>-1e+010 -1e+010 -1e+010 1e+010 1e+010 1e+010</IKRotLimits>
                    <IKRotLimitOrder>0</IKRotLimitOrder>
                    <KeyFrames count="25">
                        <i>-0.0552203 0.948211 -0.312803 -0.971288 -0.12362 -0.203269 -0.231411 0.292597 0.927812 0.0692838 1.24011 -0.166271</i>
                        <i>-0.0881443 0.947001 -0.3089 -0.97678 -0.142964 -0.159566 -0.195271 0.287663 0.937614 0.0898751 1.23356 -0.165589</i>
                        <i>-0.12088 0.945073 -0.303686 -0.984409 -0.153506 -0.0858724 -0.127773 0.288571 0.948894 0.10761 1.2276 -0.164883</i>
                        <i>-0.139104 0.943568 -0.300549 -0.988357 -0.151177 -0.0171748 -0.0616418 0.294661 0.953612 0.11273 1.22118 -0.164321</i>
                        <i>-0.139364 0.943681 -0.300072 -0.990237 -0.133709 0.0394061 -0.00293559 0.302634 0.953102 0.10391 1.2472 -0.164005</i>
                        <i>-0.129948 0.944834 -0.30067 -0.989722 -0.105349 0.0967009 0.0596908 0.310146 0.948813 0.0886267 1.27867 -0.163458</i>
                        <i>-0.114755 0.946168 -0.30265 -0.986229 -0.0719873 0.148895 0.119092 0.315569 0.9414 0.070198 1.3015 -0.162445</i>
                        <i>-0.0979876 0.947007 -0.305902 -0.980863 -0.0399362 0.190559 0.168245 0.318721 0.932797 0.0517448 1.31192 -0.160976</i>
                        <i>-0.084047 0.947016 -0.309996 -0.976118 -0.015704 0.216673 0.200325 0.320803 0.925719 0.0361931 1.31351 -0.159271</i>
                        <i>-0.0765764 0.945492 -0.316515 -0.975711 -0.0057152 0.218987 0.205242 0.325596 0.922964 0.0231543 1.30833 -0.157245</i>
                        <i>-0.0734996 0.942689 -0.325478 -0.979952 -0.00766782 0.199085 0.185179 0.333585 0.924354 0.010413 1.29234 -0.155154</i>
                        <i>-0.0706473 0.939873 -0.334138 -0.98588 -0.014807 0.166796 0.15182 0.341204 0.927648 -0.00187534 1.26199 -0.153714</i>
                        <i>-0.064078 0.938393 -0.339578 -0.990991 -0.0197328 0.132469 0.117607 0.345007 0.931203 -0.0136645 1.23617 -0.15353</i>
                        <i>-0.0465214 0.938901 -0.341029 -0.995643 -0.0159633 0.0918711 0.0808139 0.343817 0.935553 -0.0277372 1.22048 -0.155973</i>
                        <i>-0.0241605 0.939783 -0.340916 -0.999073 -0.0105481 0.0417264 0.0356178 0.341608 0.939167 -0.0410701 1.2072 -0.160117</i>
                        <i>-0.0137034 0.939952 -0.341032 -0.999847 -0.0166033 -0.00558599 -0.0109128 0.340903 0.940035 -0.0449605 1.19586 -0.163075</i>
                        <i>-0.0153371 0.939535 -0.342111 -0.998123 -0.0346738 -0.0504777 -0.0592878 0.340694 0.938303 -0.0380379 1.22613 -0.163874</i>
                        <i>-0.0178434 0.938985 -0.343496 -0.993631 -0.0548824 -0.0984115 -0.111259 0.339552 0.933984 -0.026162 1.26415 -0.163646</i>
                        <i>-0.021099 0.938429 -0.344827 -0.986598 -0.0753613 -0.144725 -0.161801 0.337152 0.927442 -0.0114589 1.29304 -0.162693</i>
                        <i>-0.0250729 0.938108 -0.345434 -0.978242 -0.0942096 -0.184844 -0.205947 0.333283 0.920059 0.00386353 1.30803 -0.161509</i>
                        <i>-0.0298254 0.93834 -0.344425 -0.970583 -0.109548 -0.214403 -0.238914 0.327898 0.914004 0.0175719 1.31244 -0.160801</i>
                        <i>-0.0360868 0.939934 -0.339443 -0.96608 -0.119723 -0.228813 -0.255708 0.319672 0.912372 0.0303001 1.30839 -0.161045</i>
                        <i>-0.0434598 0.942773 -0.330592 -0.965351 -0.124854 -0.229149 -0.257311 0.309179 0.915532 0.0436569 1.29195 -0.162159</i>
                        <i>-0.050325 0.94583 -0.320739 -0.96748 -0.125878 -0.219401 -0.24789 0.299267 0.921406 0.0569006 1.26089 -0.164013</i>
                        <i>-0.0552203 0.948211 -0.312803 -0.971288 -0.12362 -0.203269 -0.231411 0.292597 0.927812 0.0692838 1.24011 -0.166271</i>
                    </KeyFrames>
                </p>
            </i>
            <i>
                <p>
                    <Name><![CDATA[spine1]]></Name>
                    <Exclude>0</Exclude>
                    <Additive>0</Additive>
                    <IKPriority>0</IKPriority>
                    <IKRotLimits>-1e+010 -1e+010 -1e+010 1e+010 1e+010 1e+010</IKRotLimits>
                    <IKRotLimitOrder>0</IKRotLimitOrder>
                    <KeyFrames count="25">
                        <i>0.0597304 0.908126 -0.414415 -0.979582 -0.0265128 -0.199288 -0.191966 0.417857 0.888 0.0598888 1.4014 -0.219471</i>
                        <i>-0.0123912 0.912583 -0.408704 -0.984011 -0.0837575 -0.157186 -0.177677 0.400222 0.899029 0.0748923 1.39451 -0.218081</i>
                        <i>-0.0725157 0.912217 -0.403239 -0.98655 -0.12499 -0.10534 -0.146494 0.390176 0.909011 0.0870446 1.38838 -0.216538</i>
                        <i>-0.111932 0.908186 -0.403322 -0.986156 -0.15149 -0.0674362 -0.122344 0.39019 0.91257 0.0890433 1.38185 -0.21549</i>
                        <i>-0.131066 0.902869 -0.40945 -0.984899 -0.165711 -0.0501373 -0.113118 0.396696 0.910954 0.0801875 1.40784 -0.215075</i>
                        <i>-0.138849 0.897237 -0.41915 -0.984263 -0.171748 -0.0415943 -0.109308 0.406779 0.906964 0.0665298 1.43934 -0.214578</i>
                        <i>-0.138746 0.891737 -0.43076 -0.984364 -0.171844 -0.0386824 -0.108518 0.418658 0.901637 0.0506981 1.46229 -0.213867</i>
                        <i>-0.133405 0.886953 -0.442173 -0.985139 -0.167382 -0.0385308 -0.108187 0.430462 0.896102 0.0350904 1.4729 -0.212965</i>
                        <i>-0.124853 0.883653 -0.451186 -0.986512 -0.159081 -0.038574 -0.105861 0.440284 0.891596 0.0218914 1.47467 -0.212019</i>
                        <i>-0.109079 0.882036 -0.458382 -0.988612 -0.144357 -0.0425221 -0.103676 0.448523 0.887738 0.0101016 1.46951 -0.211195</i>
                        <i>-0.0836041 0.881542 -0.464644 -0.991024 -0.122363 -0.0538353 -0.104313 0.455972 0.88386 -0.00214104 1.45337 -0.210746</i>
                        <i>-0.0527828 0.881871 -0.468526 -0.99292 -0.096345 -0.0694835 -0.106416 0.461542 0.880713 -0.0139711 1.42291 -0.210923</i>
                        <i>-0.0203472 0.882982 -0.468965 -0.993918 -0.0686402 -0.0861144 -0.108227 0.464361 0.879008 -0.0246617 1.39722 -0.21181</i>
                        <i>0.0243155 0.883952 -0.466945 -0.993723 -0.029647 -0.10787 -0.109195 0.466636 0.877683 -0.0357322 1.38183 -0.214582</i>
                        <i>0.0759693 0.882546 -0.464049 -0.990996 0.015367 -0.13301 -0.110256 0.469975 0.875767 -0.0452254 1.36882 -0.218751</i>
                        <i>0.107933 0.880696 -0.461221 -0.987788 0.0425679 -0.149876 -0.112362 0.471766 0.874535 -0.0473176 1.35754 -0.22174</i>
                        <i>0.121852 0.880369 -0.458369 -0.985786 0.0535288 -0.15925 -0.115663 0.471258 0.874379 -0.0406759 1.38774 -0.222722</i>
                        <i>0.135501 0.880226 -0.4548 -0.983546 0.0641445 -0.168886 -0.119485 0.4702 0.874434 -0.0292321 1.42573 -0.222758</i>
                        <i>0.146703 0.880374 -0.451022 -0.981304 0.0721 -0.178451 -0.124585 0.468768 0.874491 -0.015091 1.45461 -0.222068</i>
                        <i>0.153567 0.881096 -0.447311 -0.979313 0.0753434 -0.187801 -0.131769 0.466897 0.874439 -0.000453485 1.46958 -0.221001</i>
                        <i>0.154379 0.882778 -0.4437 -0.977769 0.0720109 -0.196929 -0.141894 0.464238 0.87427 0.0124403 1.47391 -0.220074</i>
                        <i>0.143176 0.886795 -0.439426 -0.9778 0.0581085 -0.201324 -0.152999 0.458496 0.875427 0.0241048 1.46977 -0.219324</i>
                        <i>0.119378 0.893283 -0.433353 -0.979231 0.0338885 -0.199898 -0.163879 0.448216 0.878775 0.0362197 1.45328 -0.218725</i>
                        <i>0.0893515 0.900776 -0.424992 -0.980275 0.00401018 -0.197596 -0.176286 0.434264 0.883367 0.0483167 1.42219 -0.218706</i>
                        <i>0.0597304 0.908126 -0.414415 -0.979582 -0.0265128 -0.199288 -0.191966 0.417857 0.888 0.0598888 1.4014 -0.219471</i>
                    </KeyFrames>
                </p>
            </i>
            <i>
                <p>
                    <Name><![CDATA[spine2]]></Name>
                    <Exclude>0</Exclude>
                    <Additive>0</Additive>
                    <IKPriority>0</IKPriority>
                    <IKRotLimits>-1e+010 -1e+010 -1e+010 1e+010 1e+010 1e+010</IKRotLimits>
                    <IKRotLimitOrder>0</IKRotLimitOrder>
                    <KeyFrames count="25">
                        <i>0.0815524 0.853437 -0.514776 -0.985557 -0.00785853 -0.169163 -0.148416 0.521137 0.84047 0.0692975 1.54387 -0.284492</i>
                        <i>0.0283798 0.856371 -0.515581 -0.986511 -0.059193 -0.15262 -0.161218 0.512958 0.843139 0.0729747 1.53754 -0.282154</i>
                        <i>-0.0175312 0.856235 -0.51629 -0.98432 -0.105427 -0.14142 -0.175519 0.505715 0.844657 0.0756606 1.53148 -0.279814</i>
                        <i>-0.0536089 0.852913 -0.519293 -0.978521 -0.148535 -0.142945 -0.199053 0.500476 0.842557 0.0714192 1.52445 -0.278837</i>
                        <i>-0.0827673 0.847125 -0.524908 -0.96776 -0.194052 -0.160576 -0.237888 0.494694 0.835875 0.0595163 1.54955 -0.279363</i>
                        <i>-0.108765 0.839753 -0.531963 -0.951995 -0.24203 -0.187424 -0.286141 0.486041 0.825765 0.0445979 1.58003 -0.280324</i>
                        <i>-0.129842 0.832121 -0.53918 -0.933584 -0.285778 -0.216222 -0.334009 0.475295 0.813961 0.0287354 1.60203 -0.281387</i>
                        <i>-0.143783 0.825748 -0.545405 -0.916809 -0.318625 -0.240706 -0.372543 0.465423 0.802866 0.0139074 1.61193 -0.282287</i>
                        <i>-0.147998 0.822152 -0.549693 -0.907242 -0.334129 -0.255479 -0.393711 0.460895 0.795341 0.00199325 1.61337 -0.282831</i>
                        <i>-0.138132 0.822156 -0.552249 -0.908982 -0.326653 -0.258942 -0.393284 0.466216 0.792446 -0.007355 1.60819 -0.283254</i>
                        <i>-0.115477 0.82479 -0.553522 -0.919116 -0.300045 -0.255342 -0.376685 0.479265 0.792726 -0.0156026 1.59225 -0.283938</i>
                        <i>-0.0859413 0.828698 -0.553058 -0.932563 -0.262271 -0.248071 -0.350628 0.494442 0.795354 -0.0225686 1.56217 -0.284901</i>
                        <i>-0.0551032 0.832713 -0.550956 -0.944969 -0.221708 -0.240579 -0.322485 0.50738 0.799105 -0.0281157 1.53698 -0.286031</i>
                        <i>-0.0166101 0.836299 -0.548022 -0.957186 -0.171721 -0.23304 -0.288998 0.520688 0.803346 -0.0320805 1.52194 -0.288587</i>
                        <i>0.0284475 0.838396 -0.544319 -0.968433 -0.111792 -0.222802 -0.247647 0.533475 0.80875 -0.0333387 1.50883 -0.292356</i>
                        <i>0.0637529 0.839214 -0.540052 -0.975943 -0.0606307 -0.209427 -0.208498 0.540411 0.815159 -0.0303154 1.49728 -0.294913</i>
                        <i>0.0915666 0.839942 -0.534896 -0.980989 -0.0162081 -0.193383 -0.1711 0.542435 0.82249 -0.021421 1.52742 -0.295439</i>
                        <i>0.121629 0.840148 -0.528543 -0.983798 0.031379 -0.176514 -0.131713 0.541448 0.830353 -0.0077546 1.56545 -0.294934</i>
                        <i>0.149039 0.839839 -0.521975 -0.984155 0.0747069 -0.160804 -0.0960539 0.537671 0.837666 0.00822338 1.59443 -0.293677</i>
                        <i>0.169101 0.839545 -0.516303 -0.983131 0.106639 -0.148597 -0.0696959 0.532722 0.843416 0.0239939 1.60955 -0.292029</i>
                        <i>0.177269 0.8401 -0.512648 -0.982453 0.12037 -0.142469 -0.0579808 0.528908 0.846696 0.0370222 1.61404 -0.290471</i>
                        <i>0.168549 0.842228 -0.512096 -0.983802 0.111574 -0.140302 -0.0610298 0.527449 0.847392 0.0468644 1.61021 -0.288883</i>
                        <i>0.145318 0.845615 -0.513632 -0.986439 0.0837966 -0.141127 -0.0762984 0.527175 0.846324 0.0551428 1.59427 -0.287102</i>
                        <i>0.114068 0.849491 -0.515125 -0.987903 0.0421611 -0.149231 -0.105052 0.525916 0.844024 0.0624368 1.56388 -0.285549</i>
                        <i>0.0815524 0.853437 -0.514776 -0.985557 -0.00785853 -0.169163 -0.148416 0.521137 0.84047 0.0692975 1.54387 -0.284492</i>
                    </KeyFrames>
                </p>
            </i>
            <i>
                <p>
                    <Name><![CDATA[head]]></Name>
                    <Exclude>0</Exclude>
                    <Additive>0</Additive>
                    <IKPriority>0</IKPriority>
                    <IKRotLimits>-1e+010 -1e+010 -1e+010 1e+010 1e+010 1e+010</IKRotLimits>
                    <IKRotLimitOrder>0</IKRotLimitOrder>
                    <KeyFrames count="25">
                        <i>-0.00751217 0.904251 -0.426936 -0.0159083 -0.427002 -0.904111 -0.999845 -1.62146e-009 0.0175928 0.0811385 1.75907 -0.41768</i>
                        <i>-0.00921022 0.902813 -0.429935 -0.0193359 -0.430034 -0.902606 -0.999771 4.03072e-009 0.0214174 0.0744251 1.75274 -0.415949</i>
                        <i>-0.0109396 0.901356 -0.43294 -0.0227683 -0.433079 -0.901069 -0.999681 -1.04382e-008 0.0252601 0.0676982 1.74632 -0.414238</i>
                        <i>-0.0140903 0.899768 -0.43614 -0.0290534 -0.436368 -0.899299 -0.999479 1.69435e-008 0.0322899 0.0554612 1.73841 -0.414162</i>
                        <i>-0.0184275 0.905 -0.425013 -0.0392017 -0.425412 -0.90415 -0.999061 -3.91535e-009 0.0433168 0.0362137 1.76203 -0.415875</i>
                        <i>-0.0230426 0.911252 -0.411205 -0.0509836 -0.41185 -0.909824 -0.998434 8.38546e-009 0.055949 0.014058 1.7906 -0.418144</i>
                        <i>-0.027547 0.915701 -0.400916 -0.06277 -0.401861 -0.913547 -0.997648 1.70396e-008 0.0685486 -0.00810478 1.81065 -0.420452</i>
                        <i>-0.0315912 0.917729 -0.395949 -0.0729901 -0.397207 -0.914822 -0.996832 -4.1836e-009 0.0795334 -0.0274431 1.81902 -0.422394</i>
                        <i>-0.0346258 0.918118 -0.394791 -0.0802171 -0.396306 -0.914607 -0.996176 -1.73469e-008 0.0873712 -0.0411893 1.81974 -0.423672</i>
                        <i>-0.0365811 0.917281 -0.396556 -0.0842586 -0.39824 -0.913403 -0.995772 2.67455e-009 0.0918569 -0.0489003 1.81488 -0.424518</i>
                        <i>-0.0381227 0.914387 -0.403042 -0.0861052 -0.40484 -0.910324 -0.995556 -1.29103e-008 0.0941671 -0.0526626 1.79999 -0.425363</i>
                        <i>-0.039612 0.908644 -0.415689 -0.0861962 -0.417572 -0.904546 -0.99549 -6.80007e-009 0.0948626 -0.0535193 1.77133 -0.426176</i>
                        <i>-0.0404465 0.90379 -0.426061 -0.0854138 -0.427977 -0.899745 -0.995524 7.68021e-009 0.0945062 -0.0525304 1.74758 -0.426883</i>
                        <i>-0.0400343 0.901034 -0.431897 -0.0831641 -0.433748 -0.897188 -0.995731 -9.97064e-009 0.0922985 -0.0483721 1.73384 -0.428728</i>
                        <i>-0.0384343 0.898668 -0.436943 -0.0787444 -0.43863 -0.895211 -0.996154 -1.40319e-008 0.0876235 -0.0399199 1.72179 -0.431487</i>
                        <i>-0.0360227 0.896409 -0.441761 -0.0728544 -0.443227 -0.893444 -0.996692 -1.37428e-008 0.0812736 -0.0285224 1.71098 -0.43292</i>
                        <i>-0.0310139 0.902551 -0.429464 -0.0650089 -0.430582 -0.900207 -0.997403 -1.46844e-008 0.0720279 -0.0120547 1.74175 -0.432179</i>
                        <i>-0.0246914 0.910053 -0.413755 -0.0542121 -0.414491 -0.908437 -0.998224 6.07056e-010 0.0595703 0.00996544 1.78031 -0.430166</i>
                        <i>-0.0185183 0.915537 -0.401808 -0.0421499 -0.402234 -0.914566 -0.99894 6.29825e-009 0.0460385 0.0337033 1.80961 -0.427358</i>
                        <i>-0.0133251 0.918211 -0.395867 -0.0308901 -0.396091 -0.917692 -0.999434 -9.09915e-009 0.0336416 0.0552675 1.82486 -0.424366</i>
                        <i>-0.00972046 0.918863 -0.394458 -0.0226363 -0.394578 -0.918584 -0.999696 -2.70892e-009 0.0246351 0.0707598 1.82941 -0.42194</i>
                        <i>-0.00789613 0.917957 -0.396601 -0.0182725 -0.39668 -0.917775 -0.999802 5.3042e-009 0.0199056 0.0787242 1.82562 -0.420251</i>
                        <i>-0.00727232 0.914668 -0.40414 -0.0164564 -0.404205 -0.91452 -0.999838 6.97415e-009 0.0179916 0.0817023 1.80967 -0.41899</i>
                        <i>-0.00737313 0.908426 -0.417981 -0.0160221 -0.418046 -0.908285 -0.999844 4.356e-009 0.0176372 0.0818072 1.7792 -0.418166</i>
                        <i>-0.00751217 0.904251 -0.426936 -0.0159083 -0.427002 -0.904111 -0.999845 -1.62146e-009 0.0175928 0.0811385 1.75907 -0.41768</i>
                    </KeyFrames>
                </p>
            </i>
            <i>
                <p>
                    <Name><![CDATA[head_prop]]></Name>
                    <Exclude>0</Exclude>
                    <Additive>0</Additive>
                    <IKPriority>0</IKPriority>
                    <IKRotLimits>-1e+010 -1e+010 -1e+010 1e+010 1e+010 1e+010</IKRotLimits>
                    <IKRotLimitOrder>0</IKRotLimitOrder>
                    <KeyFrames count="25">
                        <i>0.999845 1.62146e-009 -0.0175928 -0.00751217 0.904251 -0.426936 0.0159083 0.427002 0.904111 0.0581215 1.9209 -0.247864</i>
                        <i>0.999771 -4.03072e-009 -0.0214174 -0.00921022 0.902813 -0.429935 0.0193359 0.430034 0.902606 0.0520462 1.91514 -0.246589</i>
                        <i>0.999681 1.04382e-008 -0.0252601 -0.0109396 0.901356 -0.43294 0.0227683 0.433079 0.901069 0.0459566 1.90929 -0.245342</i>
                        <i>0.999479 -1.69435e-008 -0.0322899 -0.0140903 0.899768 -0.43614 0.0290534 0.436368 0.899299 0.0348886 1.902 -0.245713</i>
                        <i>0.999061 3.91535e-009 -0.0433168 -0.0184275 0.905 -0.425013 0.0392017 0.425412 0.90415 0.0175867 1.92357 -0.245238</i>
                        <i>0.998434 -8.38546e-009 -0.055949 -0.0230426 0.911252 -0.411205 0.0509836 0.41185 0.909824 -0.00227551 1.94958 -0.244895</i>
                        <i>0.997648 -1.70396e-008 -0.0685486 -0.027547 0.915701 -0.400916 0.06277 0.401861 0.913547 -0.0221314 1.96774 -0.245287</i>
                        <i>0.996832 4.1836e-009 -0.0795334 -0.0315912 0.917729 -0.395949 0.0729901 0.397207 0.914822 -0.0394762 1.97523 -0.246293</i>
                        <i>0.996176 1.73469e-008 -0.0873712 -0.0346258 0.918118 -0.394791 0.0802171 0.396306 0.914607 -0.0518236 1.97578 -0.247328</i>
                        <i>0.995772 -2.67455e-009 -0.0918569 -0.0365811 0.917281 -0.396556 0.0842586 0.39824 0.913403 -0.0587705 1.97129 -0.248456</i>
                        <i>0.995556 1.29103e-008 -0.0941671 -0.0381227 0.914387 -0.403042 0.0861052 0.40484 0.910324 -0.0622309 1.95765 -0.250405</i>
                        <i>0.99549 6.80007e-009 -0.0948626 -0.039612 0.908644 -0.415689 0.0861962 0.417572 0.904546 -0.0631759 1.9314 -0.253421</i>
                        <i>0.995524 -7.68021e-009 -0.0945062 -0.0404465 0.90379 -0.426061 0.0854138 0.427977 0.899745 -0.0624236 1.9096 -0.255972</i>
                        <i>0.995731 9.97064e-009 -0.0922985 -0.0400343 0.901034 -0.431897 0.0831641 0.433748 0.897188 -0.0587402 1.89694 -0.258874</i>
                        <i>0.996154 1.40319e-008 -0.0876235 -0.0384343 0.898668 -0.436943 0.0787444 0.43863 0.895211 -0.0511629 1.88579 -0.262568</i>
                        <i>0.996692 1.37428e-008 -0.0812736 -0.0360227 0.896409 -0.441761 0.0728544 0.443227 0.893444 -0.04091 1.87584 -0.264915</i>
                        <i>0.997403 1.46844e-008 -0.0720279 -0.0310139 0.902551 -0.429464 0.0650089 0.430582 0.900207 -0.025834 1.90426 -0.262001</i>
                        <i>0.998224 -6.07056e-010 -0.0595703 -0.0246914 0.910053 -0.413755 0.0542121 0.414491 0.908437 -0.00576703 1.9398 -0.25732</i>
                        <i>0.99894 -6.29825e-009 -0.0460385 -0.0185183 0.915537 -0.401808 0.0421499 0.402234 0.914566 0.015728 1.96678 -0.252618</i>
                        <i>0.999434 9.09915e-009 -0.0336416 -0.0133251 0.918211 -0.395867 0.0308901 0.396091 0.917692 0.0351609 1.98085 -0.248813</i>
                        <i>0.999696 2.70892e-009 -0.0246351 -0.00972046 0.918863 -0.394458 0.0226363 0.394578 0.918584 0.0490786 1.98512 -0.246319</i>
                        <i>0.999802 -5.3042e-009 -0.0199056 -0.00789613 0.917957 -0.396601 0.0182725 0.39668 0.917775 0.0562054 1.98173 -0.245092</i>
                        <i>0.999838 -6.97415e-009 -0.0179916 -0.00727232 0.914668 -0.40414 0.0164564 0.404205 0.91452 0.058825 1.96721 -0.245161</i>
                        <i>0.999844 -4.356e-009 -0.0176372 -0.00737313 0.908426 -0.417981 0.0160221 0.418046 0.908285 0.0588258 1.93936 -0.246757</i>
                        <i>0.999845 1.62146e-009 -0.0175928 -0.00751217 0.904251 -0.426936 0.0159083 0.427002 0.904111 0.0581215 1.9209 -0.247864</i>
                    </KeyFrames>
                </p>
            </i>
            <i>
                <p>
                    <Name><![CDATA[ponytail_1]]></Name>
                    <Exclude>1</Exclude>
                    <Additive>0</Additive>
                    <IKPriority>0</IKPriority>
                    <IKRotLimits>-1e+010 -1e+010 -1e+010 1e+010 1e+010 1e+010</IKRotLimits>
                    <IKRotLimitOrder>0</IKRotLimitOrder>
                    <KeyFrames count="25">
                        <i>0.96773 -0.234005 0.0934903 0.0722923 0.613227 0.786591 -0.241397 -0.754449 0.610355 0.0688096 1.85658 -0.604802</i>
                        <i>0.971234 -0.222385 0.0851462 0.103603 0.716572 0.689776 -0.214409 -0.661112 0.718999 0.0613734 1.84962 -0.603348</i>
                        <i>0.979344 -0.190794 0.0669547 0.104422 0.760783 0.640551 -0.173151 -0.620329 0.764991 0.0539182 1.84257 -0.60191</i>
                        <i>0.989028 -0.142915 0.0373947 0.0612592 0.627116 0.776513 -0.134427 -0.765703 0.62899 0.0403503 1.83397 -0.602083</i>
                        <i>0.996522 -0.083234 -0.00404417 0.0385834 0.417837 0.907702 -0.0738619 -0.904701 0.419595 0.019081 1.85987 -0.602445</i>
                        <i>0.998672 -0.0142174 -0.0495265 0.0514159 0.338006 0.939738 0.00337962 -0.941036 0.338288 -0.00535014 1.89122 -0.603003</i>
                        <i>0.993711 0.0598812 -0.0946193 0.0724772 0.300161 0.951131 0.0853559 -0.952007 0.293933 -0.0297688 1.91329 -0.603942</i>
                        <i>0.981546 0.133952 -0.136474 0.102592 0.233409 0.966951 0.16138 -0.963108 0.215359 -0.0510853 1.9226 -0.605113</i>
                        <i>0.963856 0.203032 -0.172512 0.131512 0.200553 0.970816 0.231705 -0.958413 0.166603 -0.066259 1.92351 -0.606098</i>
                        <i>0.943607 0.262644 -0.201556 0.135951 0.247705 0.959249 0.301867 -0.932556 0.19803 -0.0748114 1.91826 -0.607047</i>
                        <i>0.92431 0.308527 -0.224637 0.112329 0.342601 0.932742 0.364737 -0.887376 0.282013 -0.0790669 1.90204 -0.608567</i>
                        <i>0.909878 0.336838 -0.242202 0.0557973 0.479136 0.875965 0.411106 -0.810536 0.417161 -0.080185 1.87079 -0.610764</i>
                        <i>0.90429 0.345819 -0.250339 -0.0112577 0.605497 0.795768 0.426771 -0.716787 0.551437 -0.0792369 1.84489 -0.612605</i>
                        <i>0.909946 0.334017 -0.245828 -0.0644781 0.699477 0.71174 0.409685 -0.631795 0.658023 -0.0747237 1.82995 -0.615124</i>
                        <i>0.924767 0.303223 -0.229916 -0.0835605 0.751259 0.654697 0.371246 -0.58623 0.720077 -0.0654417 1.81688 -0.618521</i>
                        <i>0.944648 0.256667 -0.204359 -0.0515323 0.731227 0.680185 0.324014 -0.632004 0.703978 -0.0528912 1.8051 -0.620596</i>
                        <i>0.965851 0.19959 -0.165216 -0.00213777 0.643773 0.765214 0.25909 -0.738729 0.622215 -0.0345855 1.83852 -0.618735</i>
                        <i>0.98393 0.132832 -0.119324 0.0417769 0.478464 0.877113 0.173601 -0.868002 0.465226 -0.0101304 1.8804 -0.615244</i>
                        <i>0.99559 0.0598704 -0.0722157 0.0510092 0.30055 0.952401 0.0787251 -0.951885 0.29617 0.0161798 1.91218 -0.611332</i>
                        <i>0.99952 -0.014326 -0.0274612 0.0298931 0.214071 0.976361 -0.00810868 -0.976713 0.214397 0.040051 1.92866 -0.607852</i>
                        <i>0.996353 -0.0845091 0.0117481 0.00495516 0.194773 0.980836 -0.0851778 -0.977201 0.194481 0.0572014 1.93352 -0.605385</i>
                        <i>0.988364 -0.145804 0.0433416 -0.0069044 0.241639 0.970342 -0.151953 -0.95935 0.237821 0.0660291 1.92931 -0.603996</i>
                        <i>0.978721 -0.193612 0.0679621 0.00186904 0.339608 0.940565 -0.205185 -0.920424 0.332743 0.0693437 1.91185 -0.603603</i>
                        <i>0.970853 -0.223768 0.0858652 0.0323121 0.477182 0.87821 -0.237488 -0.849838 0.470504 0.0694871 1.87856 -0.604314</i>
                        <i>0.96773 -0.234005 0.0934903 0.0722923 0.613227 0.786591 -0.241397 -0.754449 0.610355 0.0688096 1.85658 -0.604802</i>
                    </KeyFrames>
                </p>
            </i>
            <i>
                <p>
                    <Name><![CDATA[ponytail_2]]></Name>
                    <Exclude>1</Exclude>
                    <Additive>0</Additive>
                    <IKPriority>0</IKPriority>
                    <IKRotLimits>-1e+010 -1e+010 -1e+010 1e+010 1e+010 1e+010</IKRotLimits>
                    <IKRotLimitOrder>0</IKRotLimitOrder>
                    <KeyFrames count="25">
                        <i>0.96773 -0.234005 0.0934903 -0.02373 0.284733 0.958313 -0.25087 -0.929607 0.269991 0.0581287 1.77942 -0.687371</i>
                        <i>0.971234 -0.222385 0.0851462 0.0430483 0.515643 0.855721 -0.234205 -0.82744 0.510384 0.0474338 1.76175 -0.673845</i>
                        <i>0.979344 -0.190794 0.0669547 0.112528 0.789388 0.603494 -0.167996 -0.583494 0.794552 0.0403148 1.75013 -0.666365</i>
                        <i>0.989028 -0.142915 0.0373947 0.128826 0.958283 0.255143 -0.0722985 -0.247526 0.96618 0.0320285 1.75513 -0.68332</i>
                        <i>0.996522 -0.083234 -0.00404417 0.0827661 0.994233 -0.0681946 0.00969698 0.0676228 0.997664 0.0139519 1.80324 -0.700688</i>
                        <i>0.998672 -0.0142174 -0.0495265 -8.83616e-005 0.960706 -0.277569 0.0515268 0.277204 0.959428 -0.0111269 1.84323 -0.705712</i>
                        <i>0.993711 0.0598812 -0.0946193 -0.0844614 0.955614 -0.282257 0.0735176 0.288473 0.954661 -0.0370742 1.86947 -0.7084</i>
                        <i>0.981546 0.133952 -0.136474 -0.112978 0.98201 0.151302 0.154287 -0.133091 0.979021 -0.0610045 1.88621 -0.712176</i>
                        <i>0.963856 0.203032 -0.172512 -0.0548896 0.784942 0.617133 0.26071 -0.585358 0.767715 -0.0787163 1.89087 -0.714104</i>
                        <i>0.943607 0.262644 -0.201556 -0.00337859 0.616412 0.787416 0.331052 -0.74233 0.582538 -0.0870412 1.88056 -0.713419</i>
                        <i>0.92431 0.308527 -0.224637 0.0522327 0.480799 0.875274 0.378051 -0.820758 0.428292 -0.087973 1.85409 -0.711071</i>
                        <i>0.909878 0.336838 -0.242202 0.159642 0.254582 0.953783 0.382931 -0.906492 0.177865 -0.082219 1.8082 -0.705444</i>
                        <i>0.90429 0.345819 -0.250339 0.204341 0.164247 0.965022 0.37484 -0.923814 0.077862 -0.0735283 1.769 -0.696824</i>
                        <i>0.909946 0.334017 -0.245828 0.0690943 0.462366 0.883993 0.408932 -0.821371 0.397649 -0.0631769 1.74432 -0.688737</i>
                        <i>0.924767 0.303223 -0.229916 -0.101099 0.778255 0.619756 0.366858 -0.549886 0.75036 -0.0521374 1.72586 -0.685041</i>
                        <i>0.944648 0.256667 -0.204359 -0.178723 0.924923 0.335522 0.275134 -0.280426 0.919599 -0.0436982 1.71587 -0.690165</i>
                        <i>0.965851 0.19959 -0.165216 -0.192044 0.979512 0.0606171 0.17393 -0.0268183 0.984393 -0.0316508 1.75807 -0.698765</i>
                        <i>0.98393 0.132832 -0.119324 -0.155527 0.96584 -0.20728 0.0877147 0.222507 0.970977 -0.0130483 1.81729 -0.709554</i>
                        <i>0.99559 0.0598704 -0.0722157 -0.0780942 0.955496 -0.284479 0.05197 0.288864 0.955959 0.0112321 1.86832 -0.715911</i>
                        <i>0.99952 -0.014326 -0.0274612 0.0178359 0.991067 0.132164 0.0253225 -0.13259 0.990847 0.0365877 1.89431 -0.715988</i>
                        <i>0.996353 -0.0845091 0.0117481 0.0601178 0.793052 0.606181 -0.0605446 -0.603264 0.79524 0.0557559 1.90135 -0.714234</i>
                        <i>0.988364 -0.145804 0.0433416 0.0575431 0.622159 0.780774 -0.140806 -0.769194 0.623309 0.0652301 1.89202 -0.711208</i>
                        <i>0.978721 -0.193612 0.0679621 0.0348301 0.483157 0.87484 -0.202216 -0.853858 0.47962 0.0669997 1.86389 -0.706464</i>
                        <i>0.970853 -0.223768 0.0858652 -0.0298479 0.242587 0.96967 -0.237811 -0.94397 0.228837 0.0633661 1.81579 -0.698694</i>
                        <i>0.96773 -0.234005 0.0934903 -0.0585521 0.152042 0.986638 -0.245093 -0.960273 0.133434 0.0581287 1.77942 -0.687371</i>
                    </KeyFrames>
                </p>
            </i>
            <i>
                <p>
                    <Name><![CDATA[ponytail_3]]></Name>
                    <Exclude>1</Exclude>
                    <Additive>0</Additive>
                    <IKPriority>0</IKPriority>
                    <IKRotLimits>-1e+010 -1e+010 -1e+010 1e+010 1e+010 1e+010</IKRotLimits>
                    <IKRotLimitOrder>0</IKRotLimitOrder>
                    <KeyFrames count="25">
                        <i>0.96773 -0.234005 0.0934903 -0.0875263 0.035767 0.99552 -0.2363 -0.971577 0.0141312 0.0590506 1.75297 -0.763108</i>
                        <i>0.971234 -0.222385 0.0851462 -0.106887 -0.0876089 0.990404 -0.212791 -0.971015 -0.108859 0.0430697 1.7172 -0.740422</i>
                        <i>0.979344 -0.190794 0.0669547 -0.0650005 0.0164896 0.997749 -0.191468 -0.981492 0.00374724 0.0306418 1.68459 -0.711621</i>
                        <i>0.989028 -0.142915 0.0373947 0.0269252 0.423287 0.905595 -0.145252 -0.894653 0.422491 0.0214231 1.67737 -0.699992</i>
                        <i>0.996522 -0.083234 -0.00404417 0.0721241 0.837164 0.542176 -0.0417418 -0.540581 0.840255 0.00735756 1.72383 -0.691327</i>
                        <i>0.998672 -0.0142174 -0.0495265 0.0130896 0.999649 -0.0230238 0.0498365 0.022345 0.998507 -0.0109186 1.76733 -0.679723</i>
                        <i>0.993711 0.0598812 -0.0946193 -0.0999909 0.854878 -0.509103 0.0504023 0.515362 0.855489 -0.0300191 1.79402 -0.682055</i>
                        <i>0.981546 0.133952 -0.136474 -0.190637 0.629305 -0.753414 -0.0150373 0.765527 0.643228 -0.0513489 1.807 -0.720477</i>
                        <i>0.963856 0.203032 -0.172512 -0.262862 0.619153 -0.739969 -0.0434262 0.75857 0.650143 -0.0732998 1.82569 -0.760558</i>
                        <i>0.943607 0.262644 -0.201556 -0.289808 0.949615 -0.119344 0.160056 0.171026 0.972179 -0.0854777 1.82827 -0.774241</i>
                        <i>0.92431 0.308527 -0.224637 -0.0802244 0.732529 0.675993 0.373115 -0.606806 0.701835 -0.0906822 1.81236 -0.779535</i>
                        <i>0.909878 0.336838 -0.242202 0.155123 0.265236 0.951623 0.384784 -0.903432 0.189081 -0.0935161 1.78426 -0.781178</i>
                        <i>0.90429 0.345819 -0.250339 0.293968 -0.0791644 0.952531 0.309585 -0.934956 -0.173247 -0.0884387 1.75223 -0.773849</i>
                        <i>0.909946 0.334017 -0.245828 0.301554 -0.125943 0.945094 0.284718 -0.934115 -0.215326 -0.0671167 1.70406 -0.75802</i>
                        <i>0.924767 0.303223 -0.229916 0.229856 0.0364093 0.972543 0.303269 -0.952224 -0.0360276 -0.0426036 1.66135 -0.731773</i>
                        <i>0.944648 0.256667 -0.204359 0.0908247 0.393957 0.91463 0.315265 -0.882564 0.348839 -0.0283024 1.64066 -0.71346</i>
                        <i>0.965851 0.19959 -0.165216 -0.0596792 0.791882 0.607751 0.252132 -0.577137 0.776751 -0.0155828 1.67948 -0.699778</i>
                        <i>0.98393 0.132832 -0.119324 -0.132728 0.991113 0.00885315 0.11944 0.00712681 0.992816 -0.000243142 1.74077 -0.689153</i>
                        <i>0.99559 0.0598704 -0.0722157 -0.0896014 0.834841 -0.54315 0.0277701 0.547225 0.836525 0.0176929 1.79288 -0.689382</i>
                        <i>0.99952 -0.014326 -0.0274612 -0.0138187 0.587221 -0.809309 0.0277199 0.8093 0.586741 0.0352574 1.81438 -0.72271</i>
                        <i>0.996353 -0.0845091 0.0117481 0.0598019 0.59348 -0.802624 0.0608567 0.8004 0.59637 0.0507022 1.83544 -0.759703</i>
                        <i>0.988364 -0.145804 0.0433416 0.149798 0.982482 -0.110855 -0.0264191 0.116058 0.992891 0.0600692 1.83916 -0.771339</i>
                        <i>0.978721 -0.193612 0.0679621 0.0766589 0.652234 0.754132 -0.190336 -0.732875 0.653197 0.063419 1.82184 -0.774693</i>
                        <i>0.970853 -0.223768 0.0858652 -0.0460938 0.177249 0.983086 -0.235202 -0.95839 0.161768 0.0648292 1.79266 -0.775502</i>
                        <i>0.96773 -0.234005 0.0934903 -0.119687 -0.100346 0.987728 -0.221752 -0.967043 -0.125115 0.0618635 1.76349 -0.765911</i>
                    </KeyFrames>
                </p>
            </i>
            <i>
                <p>
                    <Name><![CDATA[l_clav]]></Name>
                    <Exclude>0</Exclude>
                    <Additive>0</Additive>
                    <IKPriority>0</IKPriority>
                    <IKRotLimits>-1e+010 -1e+010 -1e+010 1e+010 1e+010 1e+010</IKRotLimits>
                    <IKRotLimitOrder>0</IKRotLimitOrder>
                    <KeyFrames count="25">
                        <i>0.987808 0.141113 -0.0657461 -0.143173 0.65764 -0.739602 -0.0611305 0.739998 0.669825 0.156165 1.62022 -0.27137</i>
                        <i>0.982374 0.175272 -0.0649622 -0.164859 0.648609 -0.743053 -0.0881013 0.740666 0.666072 0.154019 1.61732 -0.268843</i>
                        <i>0.975742 0.209306 -0.0641839 -0.186184 0.639122 -0.74623 -0.115169 0.740077 0.662587 0.151731 1.61443 -0.266395</i>
                        <i>0.96759 0.245989 -0.0570933 -0.204138 0.628834 -0.750264 -0.148655 0.737602 0.658669 0.143215 1.61035 -0.265116</i>
                        <i>0.955837 0.291064 -0.0407191 -0.219991 0.616699 -0.755835 -0.194885 0.731413 0.653495 0.127205 1.63861 -0.264875</i>
                        <i>0.939385 0.342329 -0.019161 -0.23542 0.603367 -0.761922 -0.249267 0.720249 0.647385 0.108062 1.67238 -0.264839</i>
                        <i>0.920449 0.390849 0.00327873 -0.248326 0.591245 -0.76731 -0.301841 0.705455 0.641268 0.0882531 1.6973 -0.264949</i>
                        <i>0.903358 0.42831 0.0222625 -0.257095 0.582332 -0.771228 -0.343288 0.690971 0.63617 0.0703779 1.70936 -0.265168</i>
                        <i>0.893849 0.447122 0.033402 -0.260336 0.578207 -0.773241 -0.365046 0.682465 0.633232 0.0570893 1.71187 -0.265495</i>
                        <i>0.8958 0.443234 0.0329557 -0.258297 0.579505 -0.772953 -0.361697 0.683899 0.633607 0.0490059 1.70655 -0.266425</i>
                        <i>0.906173 0.422271 0.023196 -0.252823 0.584883 -0.770709 -0.339015 0.692531 0.636765 0.0443467 1.68951 -0.268209</i>
                        <i>0.920213 0.391321 0.00873797 -0.244833 0.59287 -0.767178 -0.305393 0.703828 0.641375 0.0421267 1.65768 -0.270457</i>
