<?xml version="1.0" encoding="ISO-8859-1" ?>
<Animl Version="1">
    <ModellingPackage><![CDATA[Maya.2010]]></ModellingPackage>
    <SrcFile><![CDATA[anims\characters\shared\commando\~src\commando_run_left.mb]]></SrcFile>
    <FramesPerSecond>30</FramesPerSecond>
    <TotalFrames>25</TotalFrames>
    <Skeleton>
        <RefFrame>
            <Name><![CDATA[commando_ref_frame]]></Name>
            <Exclude>0</Exclude>
            <Additive>0</Additive>
            <IKPriority>0</IKPriority>
            <IKRotLimits>-1e+010 -1e+010 -1e+010 1e+010 1e+010 1e+010</IKRotLimits>
            <IKRotLimitOrder>0</IKRotLimitOrder>
            <KeyFrames count="25">
                <i>1 0 0 0 1 0 0 0 1 -0.07611 0 -0.06563</i>
                <i>1 0 0 0 1 0 0 0 1 0.44889 0 -0.06563</i>
                <i>1 0 0 0 1 0 0 0 1 0.97389 0 -0.06563</i>
                <i>1 0 0 0 1 0 0 0 1 1.49889 0 -0.06563</i>
                <i>1 0 0 0 1 0 0 0 1 2.02389 0 -0.06563</i>
                <i>1 0 0 0 1 0 0 0 1 2.54889 0 -0.06563</i>
                <i>1 0 0 0 1 0 0 0 1 3.07389 0 -0.06563</i>
                <i>1 0 0 0 1 0 0 0 1 3.59889 0 -0.06563</i>
                <i>1 0 0 0 1 0 0 0 1 4.12389 0 -0.06563</i>
                <i>1 0 0 0 1 0 0 0 1 4.64889 0 -0.06563</i>
                <i>1 0 0 0 1 0 0 0 1 5.17389 0 -0.06563</i>
                <i>1 0 0 0 1 0 0 0 1 5.69889 0 -0.06563</i>
                <i>1 0 0 0 1 0 0 0 1 6.22389 0 -0.06563</i>
                <i>1 0 0 0 1 0 0 0 1 6.74889 0 -0.06563</i>
                <i>1 0 0 0 1 0 0 0 1 7.27389 0 -0.06563</i>
                <i>1 0 0 0 1 0 0 0 1 7.79889 0 -0.06563</i>
                <i>1 0 0 0 1 0 0 0 1 8.32389 0 -0.06563</i>
                <i>1 0 0 0 1 0 0 0 1 8.84889 0 -0.06563</i>
                <i>1 0 0 0 1 0 0 0 1 9.37389 0 -0.06563</i>
                <i>1 0 0 0 1 0 0 0 1 9.89889 0 -0.06563</i>
                <i>1 0 0 0 1 0 0 0 1 10.4239 0 -0.06563</i>
                <i>1 0 0 0 1 0 0 0 1 10.9489 0 -0.06563</i>
                <i>1 0 0 0 1 0 0 0 1 11.4739 0 -0.06563</i>
                <i>1 0 0 0 1 0 0 0 1 11.9989 0 -0.06563</i>
                <i>1 0 0 0 1 0 0 0 1 12.5239 0 -0.06563</i>
            </KeyFrames>
        </RefFrame>
        <Bones count="28">
            <i>
                <p>
                    <Name><![CDATA[pelvis]]></Name>
                    <Exclude>0</Exclude>
                    <Additive>0</Additive>
                    <IKPriority>0</IKPriority>
                    <IKRotLimits>-1e+010 -1e+010 -1e+010 1e+010 1e+010 1e+010</IKRotLimits>
                    <IKRotLimitOrder>2</IKRotLimitOrder>
                    <KeyFrames count="25">
                        <i>1 0 0 0 1 0 0 0 1 -0.0761135 1.12724 -0.0656301</i>
                        <i>1 0 0 0 1 0 0 0 1 0.449759 1.11879 -0.0748049</i>
                        <i>1 0 0 0 1 0 0 0 1 0.975516 1.11059 -0.0839966</i>
                        <i>1 0 0 0 1 0 0 0 1 1.50083 1.10267 -0.0873066</i>
                        <i>1 0 0 0 1 0 0 0 1 2.02564 1.11594 -0.0838971</i>
                        <i>1 0 0 0 1 0 0 0 1 2.55028 1.13226 -0.0776092</i>
                        <i>1 0 0 0 1 0 0 0 1 3.07505 1.14435 -0.0695708</i>
                        <i>1 0 0 0 1 0 0 0 1 3.60019 1.15015 -0.0609213</i>
                        <i>1 0 0 0 1 0 0 0 1 4.12583 1.15131 -0.052794</i>
                        <i>1 0 0 0 1 0 0 0 1 4.65241 1.14972 -0.0447612</i>
                        <i>1 0 0 0 1 0 0 0 1 5.17964 1.14514 -0.0360941</i>
                        <i>1 0 0 0 1 0 0 0 1 5.70657 1.13577 -0.0274748</i>
                        <i>1 0 0 0 1 0 0 0 1 6.23237 1.12552 -0.0196254</i>
                        <i>1 0 0 0 1 0 0 0 1 6.7558 1.11554 -0.0117213</i>
                        <i>1 0 0 0 1 0 0 0 1 7.2778 1.10382 -0.00484447</i>
                        <i>1 0 0 0 1 0 0 0 1 7.80083 1.09212 -0.00257365</i>
                        <i>1 0 0 0 1 0 0 0 1 8.32572 1.10872 -0.00499204</i>
                        <i>1 0 0 0 1 0 0 0 1 8.85138 1.12912 -0.00942655</i>
                        <i>1 0 0 0 1 0 0 0 1 9.37745 1.14418 -0.0152732</i>
                        <i>1 0 0 0 1 0 0 0 1 9.90349 1.15149 -0.0219587</i>
                        <i>1 0 0 0 1 0 0 0 1 10.429 1.15312 -0.0289513</i>
                        <i>1 0 0 0 1 0 0 0 1 10.9535 1.15167 -0.0368955</i>
                        <i>1 0 0 0 1 0 0 0 1 11.4772 1.14715 -0.0462158</i>
                        <i>1 0 0 0 1 0 0 0 1 12.0005 1.13754 -0.0560687</i>
                        <i>1 0 0 0 1 0 0 0 1 12.5239 1.12724 -0.0656301</i>
                    </KeyFrames>
                </p>
            </i>
            <i>
                <p>
                    <Name><![CDATA[spine0]]></Name>
                    <Exclude>0</Exclude>
                    <Additive>0</Additive>
                    <IKPriority>0</IKPriority>
                    <IKRotLimits>-1e+010 -1e+010 -1e+010 1e+010 1e+010 1e+010</IKRotLimits>
                    <IKRotLimitOrder>0</IKRotLimitOrder>
                    <KeyFrames count="25">
                        <i>0.423411 0.90588 -0.0102349 -0.590126 0.284364 0.755572 0.687367 -0.313878 0.654986 -0.0962775 1.26228 -0.110944</i>
                        <i>0.429491 0.903054 0.00556659 -0.56107 0.262004 0.78521 0.707628 -0.340364 0.619205 0.433522 1.25448 -0.119767</i>
                        <i>0.435883 0.899757 0.0210266 -0.523534 0.234482 0.819104 0.732064 -0.368042 0.57326 0.962795 1.24694 -0.128071</i>
                        <i>0.441324 0.897021 0.0241943 -0.486593 0.21657 0.84636 0.753963 -0.385292 0.532062 1.49029 1.23893 -0.132227</i>
                        <i>0.445276 0.895281 0.0141918 -0.450209 0.210159 0.867839 0.773977 -0.392817 0.496642 2.01546 1.25117 -0.131888</i>
                        <i>0.447931 0.894068 -0.00084179 -0.410838 0.206667 0.887976 0.794084 -0.397406 0.45989 2.53933 1.26593 -0.129647</i>
                        <i>0.44883 0.893419 -0.0188331 -0.372655 0.206284 0.904751 0.812207 -0.399061 0.425524 3.06268 1.27616 -0.125863</i>
                        <i>0.448109 0.89316 -0.0382507 -0.340019 0.209851 0.916706 0.826792 -0.397778 0.397728 3.58637 1.28015 -0.12097</i>
                        <i>0.4464 0.892951 -0.0580183 -0.317328 0.218593 0.922778 0.836678 -0.393517 0.380938 4.1113 1.27998 -0.115484</i>
                        <i>0.443557 0.893032 -0.0758427 -0.30855 0.231605 0.922581 0.84146 -0.385816 0.378274 4.63825 1.27824 -0.107827</i>
                        <i>0.439897 0.893474 -0.0905253 -0.31139 0.246302 0.917808 0.842334 -0.375552 0.386566 5.16655 1.27471 -0.0972209</i>
                        <i>0.436794 0.893687 -0.102642 -0.321032 0.261452 0.910265 0.840327 -0.364647 0.401102 5.69487 1.26691 -0.085437</i>
                        <i>0.435519 0.893015 -0.113346 -0.332803 0.276727 0.901479 0.8364 -0.35489 0.417718 6.22204 1.25817 -0.0743388</i>
                        <i>0.438174 0.890252 -0.124313 -0.348845 0.295872 0.889251 0.828439 -0.346281 0.440203 6.74731 1.24986 -0.0625381</i>
                        <i>0.443437 0.886528 -0.132027 -0.370876 0.315584 0.873417 0.815974 -0.33834 0.468734 7.27127 1.23994 -0.0509487</i>
                        <i>0.446877 0.884795 -0.132054 -0.395453 0.327785 0.858006 0.802445 -0.331202 0.496375 7.79506 1.22944 -0.0450875</i>
                        <i>0.446896 0.885659 -0.12606 -0.423063 0.333396 0.842535 0.788227 -0.323194 0.523683 8.31945 1.2466 -0.0455769</i>
                        <i>0.44515 0.887651 -0.117971 -0.45393 0.337254 0.824747 0.771873 -0.313586 0.55306 8.84411 1.26729 -0.048821</i>
                        <i>0.441788 0.890653 -0.107522 -0.485621 0.338196 0.806099 0.754318 -0.30391 0.581931 9.3688 1.28244 -0.0540523</i>
                        <i>0.437411 0.894299 -0.0943432 -0.515497 0.335322 0.788557 0.736841 -0.29629 0.607682 9.8932 1.28972 -0.0604772</i>
                        <i>0.433084 0.897978 -0.0779353 -0.540842 0.328061 0.77451 0.721061 -0.293277 0.627742 10.417 1.29127 -0.067286</i>
                        <i>0.429537 0.901024 -0.0604499 -0.560882 0.318649 0.764117 0.70775 -0.294311 0.642239 10.9399 1.28942 -0.0760793</i>
                        <i>0.426834 0.903265 -0.0438696 -0.576037 0.308959 0.756786 0.697133 -0.297752 0.652189 11.4618 1.28405 -0.0876374</i>
                        <i>0.42496 0.904799 -0.0273649 -0.585806 0.297933 0.753702 0.690102 -0.304263 0.656646 11.983 1.27343 -0.0999205</i>
                        <i>0.423411 0.90588 -0.0102349 -0.590126 0.284364 0.755572 0.687367 -0.313878 0.654986 12.5037 1.26228 -0.110944</i>
                    </KeyFrames>
                </p>
            </i>
            <i>
                <p>
                    <Name><![CDATA[spine1]]></Name>
                    <Exclude>0</Exclude>
                    <Additive>0</Additive>
                    <IKPriority>0</IKPriority>
                    <IKRotLimits>-1e+010 -1e+010 -1e+010 1e+010 1e+010 1e+010</IKRotLimits>
                    <IKRotLimitOrder>0</IKRotLimitOrder>
                    <KeyFrames count="25">
                        <i>0.653039 0.744166 0.140561 -0.611755 0.408942 0.677143 0.446425 -0.52819 0.722302 -0.0174707 1.43105 -0.11291</i>
                        <i>0.635462 0.750826 0.180137 -0.62652 0.365039 0.688635 0.451288 -0.550461 0.702376 0.513174 1.42211 -0.118787</i>
                        <i>0.618057 0.755202 0.218348 -0.63752 0.318984 0.701297 0.459971 -0.572643 0.678607 1.04344 1.41357 -0.124225</i>
                        <i>0.604901 0.75681 0.247654 -0.644929 0.283194 0.709836 0.467077 -0.5891 0.659393 1.572 1.40517 -0.127789</i>
                        <i>0.597522 0.755215 0.269476 -0.649491 0.258751 0.714989 0.470243 -0.602244 0.645115 2.0983 1.41792 -0.12929</i>
                        <i>0.592689 0.7517 0.289253 -0.652363 0.2374 0.719766 0.472379 -0.615295 0.631086 2.62333 1.43378 -0.12985</i>
                        <i>0.589557 0.748549 0.303476 -0.653326 0.220994 0.724104 0.474961 -0.625169 0.619335 3.1476 1.44542 -0.129476</i>
                        <i>0.587314 0.747917 0.309326 -0.652429 0.211329 0.727789 0.478956 -0.629253 0.612079 3.6718 1.45066 -0.128317</i>
                        <i>0.585186 0.751571 0.304465 -0.649878 0.210109 0.730419 0.484991 -0.625296 0.611382 4.19667 1.45101 -0.12664</i>
                        <i>0.583545 0.760159 0.285715 -0.643917 0.218744 0.733159 0.494819 -0.611808 0.617126 4.72274 1.44859 -0.122335</i>
                        <i>0.58329 0.771511 0.254054 -0.633729 0.236602 0.736483 0.508095 -0.590585 0.626936 5.24951 1.44343 -0.114352</i>
                        <i>0.5844 0.782801 0.213775 -0.621063 0.261922 0.7387 0.522263 -0.564464 0.639236 5.77627 1.43364 -0.104619</i>
                        <i>0.587008 0.791386 0.170675 -0.608186 0.291923 0.738167 0.534351 -0.537112 0.652671 6.30235 1.42301 -0.0952906</i>
                        <i>0.593276 0.796399 0.117351 -0.593406 0.334156 0.732263 0.54396 -0.504071 0.670835 6.82734 1.41261 -0.0852911</i>
                        <i>0.601744 0.796652 0.0570024 -0.576293 0.383667 0.721586 0.552983 -0.46706 0.689974 7.3516 1.40066 -0.0749085</i>
                        <i>0.60912 0.792938 0.0149015 -0.564214 0.420061 0.710782 0.557347 -0.441359 0.703254 7.87564 1.38907 -0.0689374</i>
                        <i>0.614999 0.7885 -0.00665 -0.559518 0.442314 0.700926 0.555621 -0.427348 0.713203 8.39981 1.40596 -0.0682846</i>
                        <i>0.620365 0.784019 -0.0214774 -0.558116 0.460524 0.690235 0.551048 -0.416211 0.723266 8.92401 1.4267 -0.070032</i>
                        <i>0.625366 0.779832 -0.0279265 -0.559677 0.473182 0.680338 0.543764 -0.40983 0.732366 9.44802 1.44226 -0.0733721</i>
                        <i>0.630151 0.776083 -0.0245763 -0.563667 0.478987 0.672942 0.534031 -0.410203 0.739286 9.9717 1.45029 -0.0774452</i>
                        <i>0.635009 0.772437 -0.0102386 -0.569358 0.476937 0.669599 0.522106 -0.419372 0.742653 10.4949 1.45289 -0.0813443</i>
                        <i>0.639792 0.76831 0.0191153 -0.578971 0.46547 0.669425 0.505428 -0.43936 0.742634 11.0175 1.45241 -0.08705</i>
                        <i>0.644044 0.762607 0.0603145 -0.592087 0.447002 0.670539 0.484397 -0.467568 0.739418 11.5396 1.44877 -0.0956798</i>
                        <i>0.648162 0.754404 0.103738 -0.60425 0.426615 0.672965 0.463431 -0.498874 0.732364 12.0612 1.44015 -0.105013</i>
                        <i>0.653039 0.744166 0.140561 -0.611755 0.408942 0.677143 0.446425 -0.52819 0.722302 12.5825 1.43105 -0.11291</i>
                    </KeyFrames>
                </p>
            </i>
            <i>
                <p>
                    <Name><![CDATA[spine2]]></Name>
                    <Exclude>0</Exclude>
                    <Additive>0</Additive>
                    <IKPriority>0</IKPriority>
                    <IKRotLimits>-1e+010 -1e+010 -1e+010 1e+010 1e+010 1e+010</IKRotLimits>
                    <IKRotLimitOrder>0</IKRotLimitOrder>
                    <KeyFrames count="25">
                        <i>0.588279 0.781276 0.208652 -0.689522 0.349823 0.634179 0.422478 -0.516944 0.744501 0.0944572 1.55844 -0.0885629</i>
                        <i>0.572673 0.782323 0.244982 -0.721148 0.338632 0.60438 0.389862 -0.52278 0.758096 0.621673 1.55019 -0.0877527</i>
                        <i>0.557806 0.781412 0.279728 -0.750028 0.330265 0.573048 0.355402 -0.529454 0.770304 1.1487 1.5421 -0.08673</i>
                        <i>0.546507 0.778503 0.308645 -0.772859 0.326914 0.543891 0.32252 -0.535779 0.780334 1.67507 1.53406 -0.0852431</i>
                        <i>0.539707 0.772864 0.333763 -0.790866 0.329592 0.515655 0.288526 -0.542264 0.789115 2.2006 1.54715 -0.0827635</i>
                        <i>0.535407 0.765028 0.357871 -0.806187 0.336593 0.486588 0.251796 -0.549034 0.79697 2.72561 1.56343 -0.0794974</i>
                        <i>0.533168 0.757339 0.377053 -0.817515 0.346516 0.459995 0.217717 -0.553502 0.803887 3.25026 1.57567 -0.0761502</i>
                        <i>0.532148 0.75227 0.388468 -0.824692 0.356743 0.438882 0.191575 -0.553916 0.810232 3.77485 1.58177 -0.073527</i>
                        <i>0.531245 0.752125 0.389982 -0.828242 0.364176 0.4259 0.178308 -0.549257 0.816408 4.29969 1.58319 -0.0725055</i>
                        <i>0.530137 0.75793 0.380128 -0.82733 0.364197 0.427652 0.185689 -0.541205 0.820132 4.82505 1.58176 -0.0717099</i>
                        <i>0.529529 0.767709 0.360862 -0.821521 0.358077 0.443715 0.211428 -0.531416 0.820302 5.35076 1.57727 -0.0697502</i>
                        <i>0.529874 0.779006 0.335236 -0.811878 0.351689 0.466015 0.24513 -0.519099 0.818808 5.87648 1.56785 -0.0674914</i>
                        <i>0.531387 0.7894 0.307369 -0.800777 0.349705 0.486274 0.276377 -0.504534 0.817962 6.40196 1.5573 -0.065899</i>
                        <i>0.535215 0.799216 0.273492 -0.787501 0.354958 0.503833 0.305593 -0.485034 0.819362 6.92706 1.5465 -0.0651772</i>
                        <i>0.540622 0.808295 0.233211 -0.770888 0.364985 0.522031 0.336837 -0.462001 0.820424 7.45191 1.53352 -0.0650609</i>
                        <i>0.545272 0.814203 0.199382 -0.754926 0.373584 0.539 0.364369 -0.44442 0.818368 7.97671 1.52072 -0.0661557</i>
                        <i>0.548439 0.818166 0.17268 -0.74036 0.379127 0.555095 0.388692 -0.432281 0.813665 8.50159 1.53653 -0.0691046</i>
                        <i>0.551094 0.821454 0.146658 -0.725206 0.384556 0.571134 0.412762 -0.421106 0.807649 9.02649 1.55627 -0.073326</i>
                        <i>0.553915 0.823095 0.125271 -0.710376 0.388765 0.58671 0.434217 -0.413977 0.800049 9.55126 1.57103 -0.0777507</i>
                        <i>0.557442 0.82257 0.112412 -0.697109 0.390223 0.601469 0.450885 -0.413648 0.790948 10.0758 1.57852 -0.0812903</i>
                        <i>0.562101 0.819477 0.111798 -0.686882 0.387248 0.615006 0.46069 -0.422488 0.780557 10.6001 1.5808 -0.082834</i>
                        <i>0.567968 0.813162 0.127201 -0.682767 0.379198 0.62453 0.459609 -0.441562 0.770573 11.124 1.58025 -0.0836613</i>
                        <i>0.574425 0.803913 0.154142 -0.684404 0.368391 0.62919 0.449029 -0.466918 0.761814 11.6477 1.57666 -0.0853416</i>
                        <i>0.58115 0.792734 0.18395 -0.687932 0.357795 0.631452 0.434757 -0.493513 0.75328 12.1711 1.56793 -0.087191</i>
                        <i>0.588279 0.781276 0.208652 -0.689522 0.349823 0.634179 0.422478 -0.516944 0.744501 12.6945 1.55844 -0.0885629</i>
                    </KeyFrames>
                </p>
            </i>
            <i>
                <p>
                    <Name><![CDATA[head]]></Name>
                    <Exclude>0</Exclude>
                    <Additive>0</Additive>
                    <IKPriority>0</IKPriority>
                    <IKRotLimits>-1e+010 -1e+010 -1e+010 1e+010 1e+010 1e+010</IKRotLimits>
                    <IKRotLimitOrder>0</IKRotLimitOrder>
                    <KeyFrames count="25">
                        <i>0.245086 0.963331 0.109205 -0.207002 0.162039 -0.964828 -0.947145 0.21386 0.239125 0.230003 1.77495 -0.0303887</i>
                        <i>0.243971 0.964203 0.103877 -0.208629 0.15679 -0.965345 -0.947075 0.213845 0.239413 0.754049 1.76626 -0.0214795</i>
                        <i>0.242788 0.96508 0.0983558 -0.210142 0.151304 -0.965892 -0.947045 0.213838 0.239539 1.27824 1.75737 -0.012702</i>
                        <i>0.241531 0.965959 0.0926564 -0.211444 0.145577 -0.966488 -0.947077 0.213845 0.239407 1.80268 1.74839 -0.00468412</i>
                        <i>0.243866 0.964449 0.101818 -0.212185 0.155504 -0.964778 -0.946312 0.213672 0.242564 2.32731 1.76035 0.00371066</i>
                        <i>0.246796 0.962432 0.113207 -0.212812 0.167795 -0.962578 -0.945411 0.213469 0.246228 2.85212 1.77521 0.0128906</i>
                        <i>0.24905 0.960803 0.121783 -0.213313 0.177076 -0.960803 -0.944707 0.21331 0.249052 3.37709 1.78611 0.0212014</i>
                        <i>0.25021 0.959943 0.126115 -0.213618 0.181783 -0.959855 -0.944332 0.213225 0.250545 3.90217 1.79132 0.0270335</i>
                        <i>0.250507 0.959711 0.127282 -0.213579 0.18302 -0.959629 -0.944262 0.213209 0.250822 4.42723 1.79269 0.0288024</i>
                        <i>0.250341 0.959834 0.126681 -0.213504 0.182359 -0.959771 -0.944323 0.213223 0.250581 4.95216 1.79209 0.0275795</i>
                        <i>0.249702 0.960337 0.124104 -0.213702 0.179657 -0.960237 -0.944447 0.213251 0.250087 5.477 1.78889 0.0254768</i>
                        <i>0.248179 0.961497 0.118026 -0.214014 0.173248 -0.961344 -0.944778 0.213326 0.248771 6.00182 1.7809 0.0224616</i>
                        <i>0.246405 0.962788 0.111008 -0.214153 0.165798 -0.962626 -0.945211 0.213424 0.247037 6.52667 1.7717 0.0185258</i>
                        <i>0.24453 0.964086 0.103648 -0.214007 0.157917 -0.963983 -0.945731 0.213541 0.244937 7.0515 1.76218 0.0129625</i>
                        <i>0.242242 0.965592 0.094606 -0.213696 0.148217 -0.965591 -0.946389 0.21369 0.242247 7.57631 1.75046 0.00578478</i>
                        <i>0.239978 0.967 0.0855655 -0.213257 0.1385 -0.967129 -0.947065 0.213842 0.239457 8.10116 1.73875 -0.00191439</i>
                        <i>0.242571 0.965303 0.0966895 -0.211939 0.149988 -0.965705 -0.9467 0.21376 0.240969 8.62602 1.7557 -0.0110853</i>
                        <i>0.245721 0.96306 0.110168 -0.210285 0.163907 -0.963802 -0.946257 0.21366 0.242792 9.15088 1.77663 -0.0219605</i>
                        <i>0.247941 0.961337 0.119819 -0.208759 0.173793 -0.962401 -0.946015 0.213605 0.243779 9.67583 1.7923 -0.0323553</i>
                        <i>0.248941 0.960498 0.124383 -0.20767 0.178375 -0.961798 -0.945992 0.2136 0.243872 10.201 1.80024 -0.0400519</i>
                        <i>0.249177 0.960281 0.125582 -0.207197 0.17953 -0.961685 -0.946034 0.21361 0.243702 10.7263 1.80236 -0.0428121</i>
                        <i>0.249018 0.960395 0.125025 -0.207059 0.1789 -0.961832 -0.946106 0.213626 0.243407 11.252 1.80102 -0.041196</i>
                        <i>0.248338 0.960912 0.122378 -0.206939 0.176047 -0.962384 -0.946311 0.213672 0.24257 11.778 1.79619 -0.0379191</i>
                        <i>0.246784 0.962088 0.116125 -0.206951 0.169389 -0.963576 -0.946715 0.213763 0.240908 12.304 1.78596 -0.0339814</i>
                        <i>0.245086 0.963331 0.109205 -0.207002 0.162039 -0.964828 -0.947145 0.21386 0.239125 12.83 1.77495 -0.0303887</i>
                    </KeyFrames>
                </p>
            </i>
            <i>
                <p>
                    <Name><![CDATA[head_prop]]></Name>
                    <Exclude>0</Exclude>
                    <Additive>0</Additive>
                    <IKPriority>0</IKPriority>
                    <IKRotLimits>-1e+010 -1e+010 -1e+010 1e+010 1e+010 1e+010</IKRotLimits>
                    <IKRotLimitOrder>0</IKRotLimitOrder>
                    <KeyFrames count="25">
                        <i>0.947145 -0.21386 -0.239125 0.245086 0.963331 0.109205 0.207002 -0.162039 0.964828 0.269526 1.81579 0.198365</i>
                        <i>0.947075 -0.213845 -0.239413 0.243971 0.964203 0.103877 0.208629 -0.15679 0.965345 0.793853 1.80833 0.207002</i>
                        <i>0.947045 -0.213838 -0.239539 0.242788 0.96508 0.0983558 0.210142 -0.151304 0.965892 1.3183 1.80072 0.215496</i>
                        <i>0.947077 -0.213845 -0.239407 0.241531 0.965959 0.0926564 0.211444 -0.145577 0.966488 1.84292 1.79309 0.223221</i>
                        <i>0.946312 -0.213672 -0.242564 0.243866 0.964449 0.101818 0.212185 -0.155504 0.964778 2.36792 1.80272 0.231995</i>
                        <i>0.945411 -0.213469 -0.246228 0.246796 0.962432 0.113207 0.212812 -0.167795 0.962578 2.8931 1.8147 0.241625</i>
                        <i>0.944707 -0.21331 -0.249052 0.24905 0.960803 0.121783 0.213313 -0.177076 0.960803 3.41837 1.82341 0.250249</i>
                        <i>0.944332 -0.213225 -0.250545 0.25021 0.959943 0.126115 0.213618 -0.181783 0.959855 3.94361 1.8275 0.25623</i>
                        <i>0.944262 -0.213209 -0.250822 0.250507 0.959711 0.127282 0.213579 -0.18302 0.959629 4.46869 1.82858 0.258042</i>
                        <i>0.944323 -0.213223 -0.250581 0.250341 0.959834 0.126681 0.213504 -0.182359 0.959771 4.99359 1.82814 0.2568</i>
                        <i>0.944447 -0.213251 -0.250087 0.249702 0.960337 0.124104 0.213702 -0.179657 0.960237 5.51842 1.82557 0.254597</i>
                        <i>0.944778 -0.213326 -0.248771 0.248179 0.961497 0.118026 0.214014 -0.173248 0.961344 6.04319 1.8191 0.251344</i>
                        <i>0.945211 -0.213424 -0.247037 0.246405 0.962788 0.111008 0.214153 -0.165798 0.962626 6.56793 1.81165 0.247129</i>
                        <i>0.945731 -0.213541 -0.244937 0.24453 0.964086 0.103648 0.214007 -0.157917 0.963983 7.09258 1.80399 0.241268</i>
                        <i>0.946389 -0.21369 -0.242247 0.242242 0.965592 0.094606 0.213696 -0.148217 0.965591 7.61713 1.79454 0.233708</i>
                        <i>0.947065 -0.213842 -0.239457 0.239978 0.967 0.0855655 0.213257 -0.1385 0.967129 8.14169 1.78509 0.225609</i>
                        <i>0.9467 -0.21376 -0.240969 0.242571 0.965303 0.0966895 0.211939 -0.149988 0.965705 8.66646 1.79936 0.216984</i>
                        <i>0.946257 -0.21366 -0.242792 0.245721 0.96306 0.110168 0.210285 -0.163907 0.963802 9.1912 1.81703 0.206732</i>
                        <i>0.946015 -0.213605 -0.243779 0.247941 0.961337 0.119819 0.208759 -0.173793 0.962401 9.71599 1.83038 0.196765</i>
                        <i>0.945992 -0.2136 -0.243872 0.248941 0.960498 0.124383 0.20767 -0.178375 0.961798 10.2409 1.83723 0.189275</i>
                        <i>0.946034 -0.21361 -0.243702 0.249177 0.960281 0.125582 0.207197 -0.17953 0.961685 10.7662 1.83909 0.186574</i>
                        <i>0.946106 -0.213626 -0.243407 0.249018 0.960395 0.125025 0.207059 -0.1789 0.961832 11.2919 1.83789 0.188174</i>
                        <i>0.946311 -0.213672 -0.24257 0.248338 0.960912 0.122378 0.206939 -0.176047 0.962384 11.8178 1.83374 0.191356</i>
                        <i>0.946715 -0.213763 -0.240908 0.246784 0.962088 0.116125 0.206951 -0.169389 0.963576 12.3437 1.82508 0.195052</i>
                        <i>0.947145 -0.21386 -0.239125 0.245086 0.963331 0.109205 0.207002 -0.162039 0.964828 12.8695 1.81579 0.198365</i>
                    </KeyFrames>
                </p>
            </i>
            <i>
                <p>
                    <Name><![CDATA[ponytail_1]]></Name>
                    <Exclude>0</Exclude>
                    <Additive>0</Additive>
                    <IKPriority>0</IKPriority>
                    <IKRotLimits>-1e+010 -1e+010 -1e+010 1e+010 1e+010 1e+010</IKRotLimits>
                    <IKRotLimitOrder>0</IKRotLimitOrder>
                    <KeyFrames count="25">
                        <i>0.304265 -0.412075 -0.858846 0.741048 -0.464124 0.485219 -0.598558 -0.784081 0.164151 0.236217 1.95957 -0.133108</i>
                        <i>0.310416 -0.409978 -0.857648 0.822274 -0.336896 0.458658 -0.476978 -0.847596 0.232536 0.759868 1.95035 -0.125158</i>
                        <i>0.328382 -0.396785 -0.857162 0.857625 -0.255004 0.446601 -0.395784 -0.881779 0.256554 1.28367 1.94091 -0.117378</i>
                        <i>0.354821 -0.373647 -0.857024 0.780106 -0.386912 0.491663 -0.515302 -0.843022 0.1542 1.80772 1.93135 -0.110396</i>
                        <i>0.38467 -0.329741 -0.862149 0.667213 -0.5461 0.506558 -0.637852 -0.770094 0.00993953 2.33266 1.94432 -0.100214</i>
                        <i>0.415865 -0.276862 -0.866258 0.655822 -0.568607 0.496572 -0.630042 -0.774618 -0.0548909 2.85789 1.96041 -0.0888046</i>
                        <i>0.446054 -0.221306 -0.867214 0.674098 -0.554319 0.488182 -0.588751 -0.802343 -0.0980745 3.38319 1.97222 -0.0787992</i>
                        <i>0.473095 -0.167024 -0.865034 0.672223 -0.566227 0.476974 -0.569472 -0.807149 -0.155602 3.90842 1.97788 -0.0721043</i>
                        <i>0.495493 -0.116439 -0.860772 0.686882 -0.55405 0.470343 -0.531677 -0.8243 -0.194548 4.43354 1.97937 -0.0701078</i>
                        <i>0.512271 -0.0719505 -0.855805 0.736154 -0.476444 0.480706 -0.44233 -0.876256 -0.191102 4.95846 1.97871 -0.071452</i>
                        <i>0.523372 -0.0373275 -0.851286 0.789372 -0.354991 0.500873 -0.320895 -0.934124 -0.156327 5.48315 1.97525 -0.074052</i>
                        <i>0.529662 -0.0173783 -0.848031 0.831519 -0.186722 0.523175 -0.167438 -0.982259 -0.0844492 6.00768 1.96664 -0.0782426</i>
                        <i>0.531882 -0.01372 -0.846707 0.846473 -0.01996 0.532058 -0.0242001 -0.999707 0.000997248 6.53221 1.95671 -0.0835379</i>
                        <i>0.530294 -0.0282089 -0.847344 0.844438 0.10667 0.524924 0.0755791 -0.993894 0.0803874 7.05674 1.9464 -0.0905312</i>
                        <i>0.524847 -0.0596712 -0.849102 0.844691 0.159605 0.510904 0.105035 -0.985376 0.134172 7.58119 1.93369 -0.099459</i>
                        <i>0.514911 -0.103397 -0.850985 0.857099 0.0803472 0.508847 0.0157611 -0.99139 0.129993 8.10571 1.92098 -0.1089</i>
                        <i>0.499138 -0.140458 -0.855063 0.852836 -0.0950612 0.513453 -0.153402 -0.985512 0.0723391 8.63118 1.93911 -0.116005</i>
                        <i>0.477448 -0.180292 -0.859964 0.790349 -0.339515 0.509978 -0.383916 -0.92316 -0.0196072 9.15679 1.96144 -0.124354</i>
                        <i>0.450362 -0.223913 -0.864313 0.672028 -0.552335 0.493259 -0.587838 -0.802988 -0.0982751 9.68231 1.97809 -0.132938</i>
                        <i>0.419283 -0.269049 -0.867072 0.577209 -0.658183 0.483348 -0.700737 -0.703141 -0.120668 10.2077 1.98647 -0.139789</i>
                        <i>0.38632 -0.311609 -0.868134 0.519442 -0.70426 0.48394 -0.762192 -0.637901 -0.110207 10.7332 1.9887 -0.142335</i>
                        <i>0.354628 -0.348249 -0.867734 0.514164 -0.7025 0.492065 -0.780944 -0.620658 -0.0700691 11.2589 1.9873 -0.140834</i>
                        <i>0.328028 -0.377777 -0.865842 0.557009 -0.662927 0.500268 -0.76298 -0.646383 -0.00703301 11.7848 1.98219 -0.13808</i>
                        <i>0.310227 -0.40026 -0.862294 0.64186 -0.580905 0.500566 -0.701267 -0.708761 0.0766985 12.3106 1.97131 -0.135361</i>
                        <i>0.304265 -0.412075 -0.858846 0.741048 -0.464124 0.485219 -0.598558 -0.784081 0.164151 12.8362 1.95957 -0.133108</i>
                    </KeyFrames>
                </p>
            </i>
            <i>
                <p>
                    <Name><![CDATA[ponytail_2]]></Name>
                    <Exclude>0</Exclude>
                    <Additive>0</Additive>
                    <IKPriority>0</IKPriority>
                    <IKRotLimits>-1e+010 -1e+010 -1e+010 1e+010 1e+010 1e+010</IKRotLimits>
                    <IKRotLimitOrder>0</IKRotLimitOrder>
                    <KeyFrames count="25">
                        <i>0.304265 -0.412075 -0.858846 0.461771 -0.724776 0.51134 -0.833181 -0.552173 -0.0302396 0.14623 2.00388 -0.18625</i>
                        <i>0.310416 -0.409978 -0.857648 0.666383 -0.549566 0.503896 -0.67792 -0.727939 0.102608 0.661962 1.97962 -0.174587</i>
                        <i>0.328382 -0.396785 -0.857162 0.875456 -0.212834 0.433912 -0.354603 -0.892896 0.277477 1.18261 1.96057 -0.165194</i>
                        <i>0.354821 -0.373647 -0.857024 0.933856 0.185659 0.305687 0.0448955 -0.908801 0.414808 1.71419 1.96633 -0.164369</i>
                        <i>0.38467 -0.329741 -0.862149 0.833898 0.524626 0.171414 0.395783 -0.784881 0.476778 2.25061 1.99804 -0.15737</i>
                        <i>0.415865 -0.276862 -0.866258 0.670648 0.736715 0.0864989 0.614237 -0.616927 0.492051 2.77721 2.01664 -0.145506</i>
                        <i>0.446054 -0.221306 -0.867214 0.596966 0.795491 0.104049 0.666834 -0.564109 0.486944 3.30087 2.02654 -0.135001</i>
                        <i>0.473095 -0.167024 -0.865034 0.775059 0.545741 0.318513 0.418885 -0.821139 0.387641 3.82652 2.0335 -0.127637</i>
                        <i>0.495493 -0.116439 -0.860772 0.866775 0.130688 0.48127 0.0564538 -0.984562 0.165682 4.35037 2.03343 -0.125296</i>
                        <i>0.512271 -0.0719505 -0.855805 0.853849 -0.0644366 0.516518 -0.0923087 -0.995325 0.0284259 4.87064 2.02346 -0.127776</i>
                        <i>0.523372 -0.0373275 -0.851286 0.830692 -0.200205 0.51949 -0.189823 -0.979043 -0.0737739 5.39059 2.00567 -0.132294</i>
                        <i>0.529662 -0.0173783 -0.848031 0.760494 -0.433043 0.483862 -0.375643 -0.901206 -0.21615 5.91195 1.97754 -0.138259</i>
                        <i>0.531882 -0.01372 -0.846707 0.720131 -0.518746 0.460775 -0.445548 -0.854818 -0.266031 6.43628 1.94857 -0.14367</i>
                        <i>0.530294 -0.0282089 -0.847344 0.824664 -0.214795 0.523251 -0.196766 -0.976252 -0.0906418 6.96207 1.92401 -0.149032</i>
                        <i>0.524847 -0.0596712 -0.849102 0.838749 0.206227 0.503955 0.145037 -0.976683 0.158287 7.4868 1.90541 -0.155816</i>
                        <i>0.514911 -0.103397 -0.850985 0.776776 0.476184 0.412151 0.362611 -0.873246 0.325508 8.00899 1.90159 -0.165068</i>
                        <i>0.499138 -0.140458 -0.855063 0.690541 0.660584 0.294587 0.523464 -0.737496 0.426715 8.53319 1.93962 -0.173292</i>
                        <i>0.477448 -0.180292 -0.859964 0.585652 0.794915 0.158497 0.655023 -0.579314 0.485119 9.06346 1.99022 -0.182204</i>
                        <i>0.450362 -0.223913 -0.864313 0.596028 0.79616 0.104312 0.664775 -0.562133 0.492018 9.60024 2.03218 -0.189716</i>
                        <i>0.419283 -0.269049 -0.867072 0.855801 0.435888 0.278579 0.302995 -0.858845 0.413013 10.1352 2.05356 -0.19568</i>
                        <i>0.38632 -0.311609 -0.868134 0.893956 -0.105302 0.435608 -0.227156 -0.944358 0.237885 10.6666 2.06168 -0.198184</i>
                        <i>0.354628 -0.348249 -0.867734 0.794574 -0.376928 0.476002 -0.49284 -0.858282 0.14304 11.1927 2.06026 -0.197184</i>
                        <i>0.328028 -0.377777 -0.865842 0.67242 -0.550393 0.494892 -0.663512 -0.744548 0.0734812 11.7139 2.05041 -0.194702</i>
                        <i>0.310227 -0.40026 -0.862294 0.439933 -0.743635 0.503455 -0.842745 -0.535537 -0.0546081 12.2307 2.02961 -0.191147</i>
                        <i>0.304265 -0.412075 -0.858846 0.340817 -0.794822 0.502097 -0.889532 -0.44548 -0.101394 12.7462 2.00388 -0.18625</i>
                    </KeyFrames>
                </p>
            </i>
            <i>
                <p>
                    <Name><![CDATA[ponytail_3]]></Name>
                    <Exclude>0</Exclude>
                    <Additive>0</Additive>
                    <IKPriority>0</IKPriority>
                    <IKRotLimits>-1e+010 -1e+010 -1e+010 1e+010 1e+010 1e+010</IKRotLimits>
                    <IKRotLimitOrder>0</IKRotLimitOrder>
                    <KeyFrames count="25">
                        <i>0.304265 -0.412075 -0.858846 0.231664 -0.842516 0.486311 -0.923988 -0.346931 -0.160885 0.105974 2.05981 -0.227342</i>
                        <i>0.310416 -0.409978 -0.857648 0.122803 -0.877362 0.463849 -0.942635 -0.249307 -0.222001 0.605917 2.02082 -0.214564</i>
                        <i>0.328382 -0.396785 -0.857162 0.250558 -0.838383 0.484081 -0.910706 -0.373732 -0.175892 1.11108 1.97414 -0.19888</i>
                        <i>0.354821 -0.373647 -0.857024 0.632302 -0.579333 0.514362 -0.688692 -0.724404 0.0306981 1.63953 1.9479 -0.187245</i>
                        <i>0.38467 -0.329741 -0.862149 0.904994 -0.049132 0.422578 -0.1817 -0.942792 0.279514 2.18534 1.95294 -0.169244</i>
                        <i>0.415865 -0.276862 -0.866258 0.80541 0.554482 0.209437 0.422339 -0.784791 0.453577 2.72587 1.95519 -0.150516</i>
                        <i>0.446054 -0.221306 -0.867214 0.413956 0.910092 -0.019328 0.793521 -0.350367 0.497561 3.25564 1.96059 -0.141438</i>
                        <i>0.473095 -0.167024 -0.865034 0.0509381 0.985408 -0.162408 0.879538 0.032771 0.474699 3.76605 1.98656 -0.151647</i>
                        <i>0.495493 -0.116439 -0.860772 -0.0184626 0.989339 -0.144458 0.868416 0.0874702 0.488061 4.28113 2.01912 -0.163214</i>
                        <i>0.512271 -0.0719505 -0.855805 0.500746 0.834596 0.229571 0.697734 -0.546143 0.463568 4.80186 2.02473 -0.169054</i>
                        <i>0.523372 -0.0373275 -0.851286 0.845516 0.146738 0.513391 0.105752 -0.988471 0.108359 5.32328 2.01789 -0.17421</i>
                        <i>0.529662 -0.0173783 -0.848031 0.764864 -0.422403 0.486373 -0.366664 -0.906241 -0.210439 5.84954 2.00872 -0.177875</i>
                        <i>0.531882 -0.01372 -0.846707 0.581125 -0.721362 0.376738 -0.615951 -0.692423 -0.375706 6.37683 1.9868 -0.181631</i>
                        <i>0.530294 -0.0282089 -0.847344 0.539566 -0.759687 0.362967 -0.653955 -0.649677 -0.387637 6.89522 1.93741 -0.191314</i>
                        <i>0.524847 -0.0596712 -0.849102 0.624991 -0.650194 0.432012 -0.57786 -0.757422 -0.303958 7.42016 1.88507 -0.19558</i>
                        <i>0.514911 -0.103397 -0.850985 0.782799 -0.347917 0.515926 -0.349417 -0.931806 -0.0982072 7.94816 1.86002 -0.196823</i>
                        <i>0.499138 -0.140458 -0.855063 0.865598 0.126394 0.484526 0.0400189 -0.981986 0.184668 8.47989 1.8838 -0.195232</i>
                        <i>0.477448 -0.180292 -0.859964 0.714091 0.649897 0.260209 0.511974 -0.738329 0.439037 9.01909 1.92426 -0.19301</i>
                        <i>0.450362 -0.223913 -0.864313 0.383758 0.922608 -0.0390525 0.806166 -0.3141 0.501436 9.55507 1.96618 -0.196153</i>
                        <i>0.419283 -0.269049 -0.867072 0.139637 0.962824 -0.231237 0.897053 -0.0241215 0.441265 10.0678 2.01527 -0.21639</i>
                        <i>0.38632 -0.311609 -0.868134 0.216161 0.945579 -0.243216 0.896678 -0.0936979 0.432654 10.5941 2.06643 -0.232161</i>
                        <i>0.354628 -0.348249 -0.867734 0.840666 0.525003 0.132866 0.409292 -0.776592 0.478941 11.1271 2.08711 -0.234768</i>
                        <i>0.328028 -0.377777 -0.865842 0.797137 -0.381144 0.468296 -0.506922 -0.843809 0.176115 11.6574 2.09161 -0.234072</i>
                        <i>0.310227 -0.40026 -0.862294 0.381075 -0.778625 0.498522 -0.870943 -0.483254 -0.0890215 12.1922 2.08711 -0.231703</i>
                        <i>0.304265 -0.412075 -0.858846 0.100279 -0.882728 0.459059 -0.947295 -0.2258 -0.22726 12.7154 2.06583 -0.22688</i>
                    </KeyFrames>
                </p>
            </i>
            <i>
                <p>
                    <Name><![CDATA[l_clav]]></Name>
                    <Exclude>0</Exclude>
                    <Additive>0</Additive>
                    <IKPriority>0</IKPriority>
                    <IKRotLimits>-1e+010 -1e+010 -1e+010 1e+010 1e+010 1e+010</IKRotLimits>
                    <IKRotLimitOrder>0</IKRotLimitOrder>
                    <KeyFrames count="25">
                        <i>0.679028 -0.0154588 -0.733949 0.167959 0.976531 0.134823 0.71464 -0.214822 0.665689 0.227371 1.57163 -0.100871</i>
                        <i>0.702838 -0.0643557 -0.708433 0.202503 0.972794 0.112533 0.681917 -0.222553 0.696749 0.753689 1.56338 -0.0932825</i>
                        <i>0.722721 -0.115039 -0.681498 0.241425 0.965956 0.0929717 0.647601 -0.231723 0.72589 1.27963 1.5549 -0.0856331</i>
                        <i>0.743536 -0.137709 -0.654363 0.260754 0.96081 0.094088 0.615761 -0.240585 0.750304 1.80514 1.54621 -0.0783678</i>
                        <i>0.767993 -0.123896 -0.62836 0.252279 0.960311 0.118992 0.588678 -0.249907 0.768768 2.33029 1.55839 -0.0705698</i>
                        <i>0.791836 -0.0923521 -0.603711 0.229621 0.960992 0.154168 0.565924 -0.260701 0.782154 2.85507 1.57347 -0.0619919</i>
                        <i>0.812311 -0.0543014 -0.580692 0.200326 0.961058 0.19036 0.547742 -0.270959 0.791555 3.37956 1.58451 -0.0540726</i>
                        <i>0.827585 -0.0207003 -0.560958 0.172633 0.960274 0.219251 0.534135 -0.278289 0.798283 3.90393 1.5897 -0.0482205</i>
                        <i>0.836932 -0.00216456 -0.547303 0.155016 0.959981 0.233252 0.524895 -0.280057 0.803774 4.42849 1.59083 -0.0458136</i>
                        <i>0.840097 0.000866131 -0.542436 0.149282 0.961015 0.232735 0.521491 -0.276496 0.807216 4.9536 1.59002 -0.0464631</i>
                        <i>0.837399 -0.00393017 -0.546579 0.151035 0.962704 0.224474 0.525311 -0.270527 0.806761 5.47918 1.58684 -0.0486008</i>
                        <i>0.829122 -0.0150421 -0.558866 0.1593 0.964555 0.210372 0.535893 -0.263451 0.80213 6.00485 1.57895 -0.0518261</i>
                        <i>0.815519 -0.0304748 -0.577928 0.172183 0.966168 0.192022 0.552524 -0.256107 0.793175 6.53036 1.56974 -0.0557118</i>
                        <i>0.794425 -0.0655278 -0.603818 0.201067 0.96648 0.159654 0.573116 -0.248241 0.780971 7.05576 1.56011 -0.0609503</i>
                        <i>0.768037 -0.111841 -0.630564 0.236473 0.964575 0.116945 0.595147 -0.238929 0.767277 7.58111 1.54821 -0.0676023</i>
                        <i>0.74669 -0.132431 -0.651856 0.248212 0.964669 0.0883407 0.617127 -0.227762 0.753179 8.10638 1.53613 -0.074265</i>
                        <i>0.732934 -0.119032 -0.669805 0.230318 0.969848 0.0796725 0.640125 -0.212663 0.738251 8.63154 1.55237 -0.0813834</i>
                        <i>0.719977 -0.0924076 -0.687818 0.200666 0.976481 0.0788595 0.664354 -0.194799 0.721587 9.15655 1.57235 -0.0894292</i>
                        <i>0.706656 -0.0601214 -0.704999 0.168194 0.982096 0.0848374 0.687276 -0.178527 0.704116 9.68133 1.58711 -0.097019</i>
                        <i>0.693418 -0.0294544 -0.719933 0.141 0.985393 0.0954924 0.706604 -0.167727 0.687443 10.2059 1.59443 -0.102761</i>
