<?xml version="1.0" encoding="ISO-8859-1" ?>
<Animl Version="1">
    <ModellingPackage><![CDATA[Maya.2010]]></ModellingPackage>
    <SrcFile><![CDATA[anims\characters\shared\commando\~src\commando_sprint.mb]]></SrcFile>
    <FramesPerSecond>30</FramesPerSecond>
    <TotalFrames>19</TotalFrames>
    <Skeleton>
        <RefFrame>
            <Name><![CDATA[commando_ref_frame]]></Name>
            <Exclude>0</Exclude>
            <Additive>0</Additive>
            <IKPriority>0</IKPriority>
            <IKRotLimits>-1e+010 -1e+010 -1e+010 1e+010 1e+010 1e+010</IKRotLimits>
            <IKRotLimitOrder>0</IKRotLimitOrder>
            <KeyFrames count="19">
                <i>1 0 0 0 1 0 0 0 1 0.04024 0 -0.03585</i>
                <i>1 0 0 0 1 0 0 0 1 0.04024 0 0.96415</i>
                <i>1 0 0 0 1 0 0 0 1 0.04024 0 1.96415</i>
                <i>1 0 0 0 1 0 0 0 1 0.04024 0 2.96415</i>
                <i>1 0 0 0 1 0 0 0 1 0.04024 0 3.96415</i>
                <i>1 0 0 0 1 0 0 0 1 0.04024 0 4.96415</i>
                <i>1 0 0 0 1 0 0 0 1 0.04024 0 5.96415</i>
                <i>1 0 0 0 1 0 0 0 1 0.04024 0 6.96415</i>
                <i>1 0 0 0 1 0 0 0 1 0.04024 0 7.96415</i>
                <i>1 0 0 0 1 0 0 0 1 0.04024 0 8.96415</i>
                <i>1 0 0 0 1 0 0 0 1 0.04024 0 9.96415</i>
                <i>1 0 0 0 1 0 0 0 1 0.04024 0 10.9642</i>
                <i>1 0 0 0 1 0 0 0 1 0.04024 0 11.9641</i>
                <i>1 0 0 0 1 0 0 0 1 0.04024 0 12.9641</i>
                <i>1 0 0 0 1 0 0 0 1 0.04024 0 13.9641</i>
                <i>1 0 0 0 1 0 0 0 1 0.04024 0 14.9641</i>
                <i>1 0 0 0 1 0 0 0 1 0.04024 0 15.9642</i>
                <i>1 0 0 0 1 0 0 0 1 0.04024 0 16.9641</i>
                <i>1 0 0 0 1 0 0 0 1 0.04024 0 17.9641</i>
            </KeyFrames>
        </RefFrame>
        <Bones count="28">
            <i>
                <p>
                    <Name><![CDATA[pelvis]]></Name>
                    <Exclude>0</Exclude>
                    <Additive>0</Additive>
                    <IKPriority>0</IKPriority>
                    <IKRotLimits>-1e+010 -1e+010 -1e+010 1e+010 1e+010 1e+010</IKRotLimits>
                    <IKRotLimitOrder>2</IKRotLimitOrder>
                    <KeyFrames count="19">
                        <i>1 0 0 0 1 0 0 0 1 0.0402403 1.08554 -0.0358505</i>
                        <i>1 0 0 0 1 0 0 0 1 0.0720581 1.07763 0.969445</i>
                        <i>1 0 0 0 1 0 0 0 1 0.103874 1.07052 1.97437</i>
                        <i>1 0 0 0 1 0 0 0 1 0.124156 1.06819 2.97596</i>
                        <i>1 0 0 0 1 0 0 0 1 0.12816 1.10522 3.97213</i>
                        <i>1 0 0 0 1 0 0 0 1 0.120609 1.15068 4.96558</i>
                        <i>1 0 0 0 1 0 0 0 1 0.104192 1.15964 5.96045</i>
                        <i>1 0 0 0 1 0 0 0 1 0.0743759 1.1472 6.95833</i>
                        <i>1 0 0 0 1 0 0 0 1 0.0357101 1.11485 7.95686</i>
                        <i>1 0 0 0 1 0 0 0 1 0.00446224 1.08479 8.95444</i>
                        <i>1 0 0 0 1 0 0 0 1 -0.012992 1.0667 9.95011</i>
                        <i>1 0 0 0 1 0 0 0 1 -0.0230303 1.05272 10.9453</i>
                        <i>1 0 0 0 1 0 0 0 1 -0.0284932 1.04785 11.9428</i>
                        <i>1 0 0 0 1 0 0 0 1 -0.0307758 1.08392 12.9444</i>
                        <i>1 0 0 0 1 0 0 0 1 -0.0285427 1.14213 13.9484</i>
                        <i>1 0 0 0 1 0 0 0 1 -0.0205453 1.16291 14.9529</i>
                        <i>1 0 0 0 1 0 0 0 1 -0.0014516 1.13471 15.9571</i>
                        <i>1 0 0 0 1 0 0 0 1 0.0236292 1.09923 16.9612</i>
                        <i>1 0 0 0 1 0 0 0 1 0.0402403 1.08554 17.9641</i>
                    </KeyFrames>
                </p>
            </i>
            <i>
                <p>
                    <Name><![CDATA[spine0]]></Name>
                    <Exclude>0</Exclude>
                    <Additive>0</Additive>
                    <IKPriority>0</IKPriority>
                    <IKRotLimits>-1e+010 -1e+010 -1e+010 1e+010 1e+010 1e+010</IKRotLimits>
                    <IKRotLimitOrder>0</IKRotLimitOrder>
                    <KeyFrames count="19">
                        <i>0.0194413 0.818157 0.574666 -0.945099 0.202569 -0.256426 -0.326206 -0.53813 0.777178 0.0694724 1.21817 -0.083317</i>
                        <i>-0.00636592 0.814805 0.5797 -0.962959 0.151283 -0.223212 -0.269573 -0.559649 0.783661 0.104549 1.20993 0.923217</i>
                        <i>-0.0414302 0.809352 0.58586 -0.980426 0.0800278 -0.179889 -0.192479 -0.581846 0.790195 0.138589 1.20255 1.92899</i>
                        <i>-0.0653093 0.80212 0.593581 -0.992713 0.00814103 -0.120225 -0.101268 -0.597108 0.795743 0.157524 1.20082 2.93132</i>
                        <i>-0.0678409 0.79529 0.602422 -0.997437 -0.0678329 -0.0227751 0.0227512 -0.602423 0.797853 0.153038 1.24023 3.92911</i>
                        <i>-0.0581762 0.791002 0.609041 -0.986035 -0.14089 0.0887961 0.156046 -0.59537 0.788152 0.133849 1.28825 4.92565</i>
                        <i>-0.0398674 0.78905 0.613034 -0.972788 -0.170793 0.156568 0.228241 -0.59011 0.774387 0.110726 1.29835 5.92285</i>
                        <i>0.000298397 0.789565 0.613666 -0.98109 -0.118546 0.153002 0.193553 -0.602107 0.774599 0.0817139 1.28558 6.91968</i>
                        <i>0.0529205 0.79054 0.61012 -0.994263 -0.0151592 0.105882 0.0929531 -0.612223 0.785202 0.0468602 1.25214 7.91533</i>
                        <i>0.0856201 0.79066 0.606239 -0.996328 0.0678343 0.0522432 0.000182809 -0.608486 0.793565 0.0187723 1.22102 8.91045</i>
                        <i>0.0911025 0.791518 0.604317 -0.994386 0.105099 0.0122503 -0.053817 -0.602041 0.79665 0.00211255 1.20233 9.90459</i>
                        <i>0.0860096 0.793432 0.602551 -0.991136 0.129608 -0.0291895 -0.101255 -0.594699 0.797547 -0.00792194 1.18789 10.8984</i>
                        <i>0.0739016 0.796737 0.59979 -0.985604 0.150059 -0.0778944 -0.152066 -0.585399 0.796357 -0.0134114 1.18247 11.8944</i>
                        <i>0.0550522 0.802721 0.593809 -0.973692 0.174862 -0.14611 -0.22112 -0.570143 0.791229 -0.0156405 1.2176 12.8934</i>
                        <i>0.0325209 0.810559 0.584754 -0.954553 0.198612 -0.222219 -0.29626 -0.550952 0.780181 -0.0129578 1.27461 13.8946</i>
                        <i>0.0158132 0.816667 0.576892 -0.938084 0.211799 -0.274116 -0.346046 -0.536839 0.769452 -0.00376587 1.2947 14.8977</i>
                        <i>0.00579651 0.819134 0.573573 -0.933596 0.20994 -0.290386 -0.358281 -0.533802 0.765957 0.0184884 1.26683 15.9038</i>
                        <i>0.00369224 0.819117 0.573615 -0.937037 0.203148 -0.284063 -0.349209 -0.53645 0.768293 0.048499 1.23184 16.9113</i>
                        <i>0.0194413 0.818157 0.574666 -0.945099 0.202569 -0.256426 -0.326206 -0.53813 0.777178 0.0694724 1.21817 17.9167</i>
                    </KeyFrames>
                </p>
            </i>
            <i>
                <p>
                    <Name><![CDATA[spine1]]></Name>
                    <Exclude>0</Exclude>
                    <Additive>0</Additive>
                    <IKPriority>0</IKPriority>
                    <IKRotLimits>-1e+010 -1e+010 -1e+010 1e+010 1e+010 1e+010</IKRotLimits>
                    <IKRotLimitOrder>0</IKRotLimitOrder>
                    <KeyFrames count="19">
                        <i>-0.114703 0.445516 0.887896 -0.924332 0.279585 -0.259696 -0.363941 -0.850498 0.379736 0.0738393 1.39806 0.0427001</i>
                        <i>-0.182434 0.442131 0.878202 -0.93469 0.199157 -0.294434 -0.305078 -0.874561 0.376922 0.103231 1.3889 1.0502</i>
                        <i>-0.254755 0.43378 0.864254 -0.938783 0.103404 -0.328624 -0.231918 -0.895066 0.380883 0.129529 1.38083 2.05768</i>
                        <i>-0.303334 0.423584 0.85356 -0.937333 0.0285314 -0.347263 -0.171449 -0.905407 0.388385 0.143111 1.37839 3.06236</i>
                        <i>-0.322759 0.415115 0.850592 -0.939399 -0.0307626 -0.341444 -0.115572 -0.909249 0.399887 0.137921 1.41755 4.06304</i>
                        <i>-0.324968 0.410722 0.851882 -0.943825 -0.0837838 -0.319647 -0.0599122 -0.907903 0.414877 0.120757 1.46577 5.06193</i>
                        <i>-0.309026 0.411662 0.857343 -0.95014 -0.0941367 -0.297274 -0.0416686 -0.906462 0.420227 0.101716 1.47541 6.06002</i>
                        <i>-0.259416 0.417896 0.87067 -0.96125 -0.0246447 -0.274575 -0.0932866 -0.908161 0.408096 0.08172 1.46146 7.05599</i>
                        <i>-0.188102 0.425087 0.885392 -0.964649 0.0894581 -0.24789 -0.18458 -0.900721 0.393232 0.0585374 1.42718 8.05005</i>
                        <i>-0.137703 0.427835 0.893306 -0.956947 0.1752 -0.231423 -0.255518 -0.886714 0.38529 0.0377007 1.396 9.04424</i>
                        <i>-0.115943 0.428151 0.896239 -0.950279 0.214736 -0.225518 -0.28901 -0.877824 0.381966 0.022321 1.37795 10.0383</i>
                        <i>-0.0998516 0.428705 0.89791 -0.943501 0.245773 -0.222265 -0.315968 -0.869372 0.379942 0.0112322 1.36448 11.0321</i>
                        <i>-0.0856886 0.428353 0.89954 -0.9362 0.27427 -0.219785 -0.340862 -0.860982 0.377522 0.00308307 1.35997 12.0276</i>
                        <i>-0.0630373 0.426109 0.902473 -0.925663 0.313058 -0.21247 -0.373062 -0.848779 0.374699 -0.00334461 1.39607 13.0251</i>
                        <i>-0.0368978 0.423445 0.90517 -0.913584 0.352775 -0.202271 -0.404972 -0.834413 0.373836 -0.00565084 1.45463 14.0241</i>
                        <i>-0.025836 0.423515 0.90552 -0.907813 0.369344 -0.198645 -0.418578 -0.827176 0.37493 -0.000151648 1.47603 15.0254</i>
                        <i>-0.0478755 0.429218 0.901931 -0.910608 0.352327 -0.216004 -0.410488 -0.831648 0.373982 0.0198783 1.44809 16.0304</i>
                        <i>-0.0882725 0.437774 0.894741 -0.916177 0.316847 -0.245412 -0.390931 -0.841405 0.37311 0.0494155 1.41232 17.0373</i>
                        <i>-0.114703 0.445516 0.887896 -0.924332 0.279585 -0.259696 -0.363941 -0.850498 0.379736 0.0738393 1.39806 18.0427</i>
                    </KeyFrames>
                </p>
            </i>
            <i>
                <p>
                    <Name><![CDATA[spine2]]></Name>
                    <Exclude>0</Exclude>
                    <Additive>0</Additive>
                    <IKPriority>0</IKPriority>
                    <IKRotLimits>-1e+010 -1e+010 -1e+010 1e+010 1e+010 1e+010</IKRotLimits>
                    <IKRotLimitOrder>0</IKRotLimitOrder>
                    <KeyFrames count="19">
                        <i>-0.188423 0.397953 0.897847 -0.920567 0.24692 -0.302633 -0.34213 -0.883552 0.319818 0.0503323 1.48733 0.222267</i>
                        <i>-0.254128 0.396531 0.882146 -0.903253 0.228769 -0.363042 -0.345765 -0.88906 0.300031 0.066099 1.47737 1.22759</i>
                        <i>-0.320269 0.391451 0.862667 -0.881444 0.210527 -0.42277 -0.347109 -0.895792 0.277617 0.0776738 1.46783 2.23275</i>
                        <i>-0.378424 0.382964 0.842695 -0.854783 0.204738 -0.476895 -0.355165 -0.900789 0.249873 0.081105 1.46374 3.23614</i>
                        <i>-0.4479 0.361193 0.817878 -0.819216 0.200642 -0.537241 -0.358148 -0.910649 0.206027 0.0714573 1.50175 4.23746</i>
                        <i>-0.518438 0.325502 0.79074 -0.780381 0.19797 -0.593139 -0.349611 -0.924584 0.15138 0.053361 1.5496 5.23781</i>
                        <i>-0.547312 0.307194 0.778512 -0.757002 0.215 -0.617027 -0.356927 -0.927042 0.114874 0.0375769 1.55942 6.23703</i>
                        <i>-0.51598 0.323567 0.793139 -0.762286 0.248922 -0.597459 -0.390748 -0.912876 0.118211 0.0281664 1.54615 7.2344</i>
                        <i>-0.453631 0.349197 0.819927 -0.784013 0.281069 -0.553466 -0.423724 -0.893903 0.146273 0.0197809 1.51287 8.23035</i>
                        <i>-0.401498 0.364809 0.840068 -0.805144 0.296579 -0.5136 -0.436513 -0.882584 0.174648 0.00920276 1.48222 9.22604</i>
                        <i>-0.369978 0.371035 0.851733 -0.822147 0.29619 -0.486153 -0.432655 -0.880116 0.195462 -0.00180944 1.46447 10.2211</i>
                        <i>-0.335037 0.377479 0.863284 -0.840854 0.293602 -0.454712 -0.425106 -0.878241 0.219038 -0.00967663 1.45138 11.2159</i>
                        <i>-0.290988 0.383906 0.876323 -0.86353 0.288935 -0.413319 -0.411876 -0.877002 0.247438 -0.0149339 1.44689 12.2119</i>
                        <i>-0.218303 0.389601 0.894737 -0.895152 0.285195 -0.342588 -0.388648 -0.875714 0.286493 -0.0166732 1.48237 13.2096</i>
                        <i>-0.132357 0.388316 0.911972 -0.924708 0.282938 -0.25468 -0.356928 -0.877016 0.32163 -0.0135988 1.5403 14.209</i>
                        <i>-0.0815745 0.383253 0.920034 -0.940622 0.275586 -0.198199 -0.329509 -0.881572 0.338016 -0.00580848 1.56169 15.2103</i>
                        <i>-0.0941652 0.385613 0.917843 -0.940956 0.266651 -0.208564 -0.325169 -0.883289 0.337736 0.00978137 1.53462 16.214</i>
                        <i>-0.142129 0.392831 0.908561 -0.930799 0.259242 -0.257695 -0.336768 -0.882314 0.328801 0.0311964 1.50021 17.2187</i>
                        <i>-0.188423 0.397953 0.897847 -0.920567 0.24692 -0.302633 -0.34213 -0.883552 0.319818 0.0503323 1.48733 18.2223</i>
                    </KeyFrames>
                </p>
            </i>
            <i>
                <p>
                    <Name><![CDATA[head]]></Name>
                    <Exclude>0</Exclude>
                    <Additive>0</Additive>
                    <IKPriority>0</IKPriority>
                    <IKRotLimits>-1e+010 -1e+010 -1e+010 1e+010 1e+010 1e+010</IKRotLimits>
                    <IKRotLimitOrder>0</IKRotLimitOrder>
                    <KeyFrames count="19">
                        <i>-0.147733 0.86747 0.475048 -0.0804907 0.468179 -0.87996 -0.985747 -0.168236 0.000657943 -0.0113629 1.60935 0.467011</i>
                        <i>-0.146698 0.872198 0.466637 -0.082482 0.459312 -0.884437 -0.985737 -0.168234 0.00456078 -0.0127095 1.59882 1.4672</i>
                        <i>-0.143316 0.877333 0.457982 -0.0891571 0.449432 -0.888854 -0.985653 -0.16822 0.0138094 -0.0182136 1.58787 2.46667</i>
                        <i>-0.135593 0.880952 0.453364 -0.104486 0.442323 -0.890749 -0.98524 -0.168149 0.0320716 -0.0317156 1.58155 3.46394</i>
                        <i>-0.11479 0.869091 0.481149 -0.140328 0.465308 -0.873955 -0.983428 -0.16784 0.0685454 -0.0661224 1.61262 4.45624</i>
                        <i>-0.0860873 0.857245 0.507662 -0.184385 0.487042 -0.853693 -0.979077 -0.167097 0.116135 -0.110881 1.64763 5.44501</i>
                        <i>-0.0698505 0.859444 0.506435 -0.211375 0.483396 -0.849499 -0.974906 -0.166385 0.147899 -0.138328 1.65014 6.43708</i>
                        <i>-0.0702316 0.863456 0.499512 -0.213014 0.476216 -0.853137 -0.974522 -0.16632 0.150482 -0.13971 1.64181 7.4368</i>
                        <i>-0.0776596 0.873628 0.480357 -0.206682 0.457237 -0.864995 -0.975321 -0.166456 0.145055 -0.131267 1.61684 8.44004</i>
                        <i>-0.0823041 0.884262 0.45968 -0.205228 0.436321 -0.876074 -0.975247 -0.166444 0.145564 -0.127637 1.59159 9.44236</i>
                        <i>-0.0830324 0.891124 0.446098 -0.208611 0.422183 -0.882181 -0.974468 -0.166311 0.150844 -0.129774 1.57632 10.4422</i>
                        <i>-0.085843 0.89553 0.436643 -0.206555 0.412742 -0.887118 -0.974662 -0.166344 0.149545 -0.127172 1.56599 11.4422</i>
                        <i>-0.0907076 0.895651 0.43541 -0.197333 0.412379 -0.889384 -0.976131 -0.166595 0.139335 -0.118252 1.56435 12.4442</i>
                        <i>-0.0993346 0.877222 0.469695 -0.170817 0.449989 -0.876545 -0.980283 -0.167303 0.105145 -0.0958055 1.60248 13.45</i>
                        <i>-0.116032 0.847668 0.517682 -0.133119 0.503228 -0.853839 -0.984284 -0.167986 0.0544499 -0.0636862 1.66043 14.4571</i>
                        <i>-0.132367 0.83594 0.532619 -0.105524 0.522409 -0.84614 -0.985568 -0.168205 0.0190624 -0.0381258 1.68008 15.4624</i>
                        <i>-0.140434 0.847471 0.511929 -0.0929791 0.50348 -0.85899 -0.985715 -0.16823 0.00809145 -0.02474 1.65349 16.4655</i>
                        <i>-0.14489 0.862243 0.48533 -0.0856203 0.47774 -0.874319 -0.985736 -0.168234 0.00460585 -0.016549 1.62107 17.467</i>
                        <i>-0.147733 0.86747 0.475048 -0.0804907 0.468179 -0.87996 -0.985747 -0.168236 0.000657943 -0.0113629 1.60935 18.467</i>
                    </KeyFrames>
                </p>
            </i>
            <i>
                <p>
                    <Name><![CDATA[head_prop]]></Name>
                    <Exclude>0</Exclude>
                    <Additive>0</Additive>
                    <IKPriority>0</IKPriority>
                    <IKRotLimits>-1e+010 -1e+010 -1e+010 1e+010 1e+010 1e+010</IKRotLimits>
                    <IKRotLimitOrder>0</IKRotLimitOrder>
                    <KeyFrames count="19">
                        <i>0.985747 0.168236 -0.000657943 -0.147733 0.86747 0.475048 0.0804907 -0.468179 0.87996 -0.0300365 1.56511 0.697777</i>
                        <i>0.985737 0.168234 -0.00456078 -0.146698 0.872198 0.466637 0.082482 -0.459312 0.884437 -0.0308635 1.5569 1.69844</i>
                        <i>0.985653 0.16822 -0.0138094 -0.143316 0.877333 0.457982 0.0891571 -0.449432 0.888854 -0.0346315 1.54854 2.69849</i>
                        <i>0.98524 0.168149 -0.0320716 -0.135593 0.880952 0.453364 0.104486 -0.442323 0.890749 -0.044144 1.54406 3.69631</i>
                        <i>0.983428 0.16784 -0.0685454 -0.11479 0.869091 0.481149 0.140328 -0.465308 0.873955 -0.0689973 1.56915 4.68789</i>
                        <i>0.979077 0.167097 -0.116135 -0.0860873 0.857245 0.507662 0.184385 -0.487042 0.853693 -0.101726 1.59847 5.67536</i>
                        <i>0.974906 0.166385 -0.147899 -0.0698505 0.859444 0.506435 0.211375 -0.483396 0.849499 -0.121864 1.60197 6.66723</i>
                        <i>0.974522 0.16632 -0.150482 -0.0702316 0.863456 0.499512 0.213014 -0.476216 0.853137 -0.1229 1.59554 7.66731</i>
                        <i>0.975321 0.166456 -0.145055 -0.0776596 0.873628 0.480357 0.206682 -0.457237 0.864995 -0.116434 1.57554 8.67163</i>
                        <i>0.975247 0.166444 -0.145564 -0.0823041 0.884262 0.45968 0.205228 -0.436321 0.876074 -0.11347 1.55573 9.67489</i>
                        <i>0.974468 0.166311 -0.150844 -0.0830324 0.891124 0.446098 0.208611 -0.422183 0.882181 -0.114888 1.54411 10.6752</i>
                        <i>0.974662 0.166344 -0.149545 -0.085843 0.89553 0.436643 0.206555 -0.412742 0.887118 -0.112956 1.53621 11.6756</i>
                        <i>0.976131 0.166595 -0.139335 -0.0907076 0.895651 0.43541 0.197333 -0.412379 0.889384 -0.106485 1.53465 12.6778</i>
                        <i>0.980283 0.167303 -0.105145 -0.0993346 0.877222 0.469695 0.170817 -0.449989 0.876545 -0.090678 1.56304 13.6824</i>
                        <i>0.984284 0.167986 -0.0544499 -0.116032 0.847668 0.517682 0.133119 -0.503228 0.853839 -0.0682778 1.60695 14.6866</i>
                        <i>0.985568 0.168205 -0.0190624 -0.132367 0.83594 0.532619 0.105524 -0.522409 0.84614 -0.0500932 1.62146 15.6904</i>
                        <i>0.985715 0.16823 -0.00809145 -0.140434 0.847471 0.511929 0.0929791 -0.50348 0.85899 -0.0400968 1.59993 16.6945</i>
                        <i>0.985736 0.168234 -0.00460585 -0.14489 0.862243 0.48533 0.0856203 -0.47774 0.874319 -0.0338717 1.57433 17.6974</i>
                        <i>0.985747 0.168236 -0.000657943 -0.147733 0.86747 0.475048 0.0804907 -0.468179 0.87996 -0.0300365 1.56511 18.6978</i>
                    </KeyFrames>
                </p>
            </i>
            <i>
                <p>
                    <Name><![CDATA[ponytail_1]]></Name>
                    <Exclude>0</Exclude>
                    <Additive>0</Additive>
                    <IKPriority>0</IKPriority>
                    <IKRotLimits>-1e+010 -1e+010 -1e+010 1e+010 1e+010 1e+010</IKRotLimits>
                    <IKRotLimitOrder>0</IKRotLimitOrder>
                    <KeyFrames count="19">
                        <i>0.563701 -0.0614976 0.823686 -0.814042 0.127562 0.566624 -0.139917 -0.989922 0.0218454 0.00201986 1.8233 0.434458</i>
                        <i>0.560441 -0.046649 0.826879 -0.780905 0.302781 0.546362 -0.27585 -0.951918 0.133263 0.000592518 1.81243 1.43247</i>
                        <i>0.551977 -0.019552 0.83363 -0.819058 0.174815 0.546428 -0.156415 -0.984407 0.0804794 -0.00519976 1.80109 2.42946</i>
                        <i>0.542743 0.0130709 0.839797 -0.823779 -0.186671 0.535296 0.163762 -0.982336 -0.0905467 -0.0193815 1.79446 3.42481</i>
                        <i>0.54592 0.0207185 0.837581 -0.783889 -0.340298 0.519341 0.295787 -0.940089 -0.169534 -0.0549576 1.82646 4.42214</i>
                        <i>0.551958 0.0292186 0.83336 -0.723501 -0.480107 0.496028 0.414595 -0.876723 -0.243859 -0.100731 1.86222 5.41562</i>
                        <i>0.535811 0.0613383 0.842107 -0.663346 -0.586468 0.464787 0.522378 -0.807646 -0.273547 -0.129101 1.86459 6.40645</i>
                        <i>0.49107 0.0934904 0.866089 -0.68562 -0.571839 0.450472 0.537378 -0.815021 -0.216714 -0.130775 1.85602 7.40441</i>
                        <i>0.436596 0.133166 0.889748 -0.748393 -0.495108 0.441335 0.499292 -0.858566 -0.116502 -0.122733 1.83034 8.40319</i>
                        <i>0.390408 0.169422 0.904918 -0.81834 -0.386454 0.425409 0.421783 -0.906614 -0.0122305 -0.119702 1.80421 9.40059</i>
                        <i>0.671862 -0.0130478 0.740562 -0.697155 0.326546 0.638234 -0.250155 -0.945091 0.210297 -0.122432 1.78828 10.3971</i>
                        <i>0.656368 0.0139654 0.754312 -0.741258 0.198027 0.641343 -0.140418 -0.980097 0.140331 -0.12003 1.77749 11.395</i>
                        <i>0.626582 0.0408868 0.778282 -0.763474 -0.168369 0.623506 0.156532 -0.984876 -0.0742809 -0.110678 1.77583 12.397</i>
                        <i>0.574299 0.035612 0.817871 -0.765178 -0.331783 0.551745 0.291004 -0.942683 -0.163293 -0.0860911 1.81571 13.4119</i>
                        <i>0.501338 0.0128484 0.865156 -0.751846 -0.488405 0.442931 0.428238 -0.872522 -0.235196 -0.0517673 1.87552 14.4324</i>
                        <i>0.427972 0.0205267 0.903559 -0.715076 -0.603716 0.352411 0.552727 -0.796935 -0.243695 -0.0253657 1.89566 15.4429</i>
                        <i>0.36562 0.064748 0.92851 -0.740724 -0.583821 0.332387 0.563605 -0.809297 -0.165496 -0.0117268 1.86859 16.4414</i>
                        <i>0.308917 0.111547 0.944525 -0.801497 -0.504113 0.321672 0.512029 -0.856404 -0.0663245 -0.00334391 1.83537 17.4367</i>
                        <i>0.563701 -0.0614976 0.823686 -0.814042 0.127562 0.566624 -0.139917 -0.989922 0.0218454 0.00201986 1.8233 18.4345</i>
                    </KeyFrames>
                </p>
            </i>
            <i>
                <p>
                    <Name><![CDATA[ponytail_2]]></Name>
                    <Exclude>0</Exclude>
                    <Additive>0</Additive>
                    <IKPriority>0</IKPriority>
                    <IKRotLimits>-1e+010 -1e+010 -1e+010 1e+010 1e+010 1e+010</IKRotLimits>
                    <IKRotLimitOrder>0</IKRotLimitOrder>
                    <KeyFrames count="19">
                        <i>0.563701 -0.0614976 0.823686 -0.80695 -0.253825 0.533296 0.176276 -0.965293 -0.192707 0.117206 1.79591 0.406616</i>
                        <i>0.560441 -0.046649 0.826879 -0.815636 0.142119 0.560839 -0.143678 -0.98875 0.0416009 0.110478 1.76628 1.40821</i>
                        <i>0.551977 -0.019552 0.83363 -0.675349 0.575915 0.46068 -0.489107 -0.817276 0.304687 0.10987 1.77024 2.40495</i>
                        <i>0.542743 0.0130709 0.839797 -0.446847 0.85112 0.275541 -0.711166 -0.524809 0.46778 0.0991466 1.80592 3.40005</i>
                        <i>0.54592 0.0207185 0.837581 -0.300905 0.937845 0.172925 -0.781939 -0.346436 0.518222 0.0605725 1.85606 4.39826</i>
                        <i>0.551958 0.0292186 0.83336 -0.582865 0.728214 0.360516 -0.596331 -0.684727 0.418974 0.00947162 1.90865 5.39341</i>
                        <i>0.535811 0.0613383 0.842107 -0.842982 0.0953678 0.529421 -0.0478361 -0.993551 0.102806 -0.0252827 1.92517 6.38786</i>
                        <i>0.49107 0.0934904 0.866089 -0.810509 -0.315338 0.493595 0.319258 -0.944363 -0.0790784 -0.0262381 1.91627 7.38907</i>
                        <i>0.436596 0.133166 0.889748 -0.641157 -0.647719 0.411556 0.631111 -0.750151 -0.197411 -0.0138755 1.8832 8.39096</i>
                        <i>0.390408 0.169422 0.904918 -0.496356 -0.789097 0.36188 0.775379 -0.590442 -0.223977 -0.00576143 1.84587 9.3919</i>
                        <i>0.671862 -0.0130478 0.740562 -0.728801 0.166683 0.664128 -0.132105 -0.985924 0.102479 -0.0168792 1.74098 10.3595</i>
                        <i>0.656368 0.0139654 0.754312 -0.611683 0.595106 0.521241 -0.441616 -0.803526 0.399151 -0.00902823 1.74553 11.3569</i>
                        <i>0.626582 0.0408868 0.778282 -0.41858 0.860021 0.291811 -0.657408 -0.508617 0.555989 0.0046202 1.78641 12.3597</i>
                        <i>0.574299 0.035612 0.817871 -0.295999 0.940495 0.166896 -0.76326 -0.337937 0.550666 0.028514 1.84497 13.3835</i>
                        <i>0.501338 0.0128484 0.865156 -0.603184 0.722065 0.338808 -0.620346 -0.691706 0.369749 0.0595701 1.92222 14.4177</i>
                        <i>0.427972 0.0205267 0.903559 -0.901841 0.0753505 0.425446 -0.0593506 -0.996946 0.0507597 0.0799045 1.95651 15.44</i>
                        <i>0.36562 0.064748 0.92851 -0.870807 -0.328456 0.365803 0.328659 -0.942297 -0.0637069 0.093832 1.929 16.4427</i>
                        <i>0.308917 0.111547 0.944525 -0.690918 -0.656157 0.303463 0.653607 -0.746334 -0.125628 0.106071 1.88832 17.4409</i>
                        <i>0.563701 -0.0614976 0.823686 -0.80695 -0.253825 0.533296 0.176276 -0.965293 -0.192707 0.117206 1.79591 18.4066</i>
                    </KeyFrames>
                </p>
            </i>
            <i>
                <p>
                    <Name><![CDATA[ponytail_3]]></Name>
                    <Exclude>0</Exclude>
                    <Additive>0</Additive>
                    <IKPriority>0</IKPriority>
                    <IKRotLimits>-1e+010 -1e+010 -1e+010 1e+010 1e+010 1e+010</IKRotLimits>
                    <IKRotLimitOrder>0</IKRotLimitOrder>
                    <KeyFrames count="19">
                        <i>0.563701 -0.0614976 0.823686 -0.734351 -0.49382 0.465693 0.378114 -0.867387 -0.323527 0.182557 1.81248 0.36313</i>
                        <i>0.560441 -0.046649 0.826879 -0.679302 -0.597032 0.426734 0.473767 -0.80086 -0.36629 0.175275 1.75103 1.36343</i>
                        <i>0.551977 -0.019552 0.83363 -0.798989 -0.298484 0.522039 0.238618 -0.954215 -0.180378 0.162077 1.7209 2.36922</i>
                        <i>0.542743 0.0130709 0.839797 -0.783507 0.368078 0.500635 -0.302567 -0.929703 0.210013 0.132176 1.73567 3.37979</i>
                        <i>0.54592 0.0207185 0.837581 -0.324291 0.926999 0.188436 -0.772533 -0.374491 0.512786 0.081631 1.77956 4.38643</i>
                        <i>0.551958 0.0292186 0.83336 0.0494238 0.996483 -0.0676727 -0.832406 0.0785403 0.548572 0.0538489 1.84762 5.36616</i>
                        <i>0.535811 0.0613383 0.842107 0.0108945 0.996773 -0.0795358 -0.844268 0.0517905 0.533413 0.04208 1.91365 6.34584</i>
                        <i>0.49107 0.0934904 0.866089 -0.844028 0.297089 0.446492 -0.215563 -0.950262 0.2248 0.039956 1.93785 7.34921</i>
                        <i>0.436596 0.133166 0.889748 -0.667946 -0.614548 0.419737 0.602687 -0.777559 -0.179362 0.039966 1.93218 8.35721</i>
                        <i>0.390408 0.169422 0.904918 -0.279966 -0.914522 0.292006 0.87704 -0.367348 -0.309605 0.0370402 1.9068 9.36203</i>
                        <i>0.671862 -0.0130478 0.740562 -0.609608 -0.577633 0.542879 0.42069 -0.816192 -0.396044 0.0410049 1.72377 10.3067</i>
                        <i>0.656368 0.0139654 0.754312 -0.72257 -0.275897 0.633856 0.216964 -0.961086 -0.170999 0.0382624 1.6947 11.3167</i>
                        <i>0.626582 0.0408868 0.778282 -0.728696 0.384898 0.566441 -0.276399 -0.922053 0.270964 0.0355946 1.71551 12.3385</i>
                        <i>0.574299 0.035612 0.817871 -0.318826 0.929903 0.183385 -0.75401 -0.366076 0.545396 0.0492524 1.76829 13.3723</i>
                        <i>0.501338 0.0128484 0.865156 0.0535355 0.997513 -0.0458367 -0.863594 0.0692963 0.499403 0.105482 1.86166 14.392</i>
                        <i>0.427972 0.0205267 0.903559 0.0198218 0.999288 -0.0320901 -0.903575 0.0316438 0.42726 0.151939 1.94658 15.4061</i>
                        <i>0.36562 0.064748 0.92851 -0.89842 0.285245 0.33388 -0.243234 -0.956265 0.162462 0.164895 1.95164 16.4132</i>
                        <i>0.308917 0.111547 0.944525 -0.718637 -0.623144 0.30863 0.623002 -0.774112 -0.112338 0.163988 1.93799 17.4161</i>
                        <i>0.563701 -0.0614976 0.823686 -0.734351 -0.49382 0.465693 0.378114 -0.867387 -0.323527 0.182557 1.81248 18.3631</i>
                    </KeyFrames>
                </p>
            </i>
            <i>
                <p>
                    <Name><![CDATA[l_clav]]></Name>
                    <Exclude>0</Exclude>
                    <Additive>0</Additive>
                    <IKPriority>0</IKPriority>
                    <IKRotLimits>-1e+010 -1e+010 -1e+010 1e+010 1e+010 1e+010</IKRotLimits>
                    <IKRotLimitOrder>0</IKRotLimitOrder>
                    <KeyFrames count="19">
                        <i>0.950533 -0.00201122 0.310616 -0.216949 0.711362 0.668504 -0.222305 -0.702823 0.675737 0.102326 1.46777 0.351494</i>
                        <i>0.929795 -0.0274324 0.367054 -0.241346 0.707491 0.664235 -0.277909 -0.70619 0.651201 0.10954 1.45841 1.35924</i>
                        <i>0.903111 -0.0802816 0.421836 -0.251994 0.69634 0.672019 -0.347692 -0.713208 0.608642 0.11213 1.44905 2.3664</i>
                        <i>0.865884 -0.131595 0.482626 -0.276398 0.678285 0.680833 -0.416953 -0.722919 0.550943 0.107689 1.4451 3.37304</i>
                        <i>0.80854 -0.111937 0.577697 -0.380347 0.649683 0.658216 -0.448999 -0.751919 0.48272 0.090043 1.48484 4.38141</i>
                        <i>0.729631 0.000536432 0.68384 -0.541978 0.61026 0.577791 -0.417011 -0.792201 0.445556 0.0633901 1.53421 5.38952</i>
                        <i>0.66178 0.120803 0.739901 -0.649003 0.586359 0.484745 -0.375289 -0.800993 0.466443 0.043185 1.5434 6.39263</i>
                        <i>0.662483 0.17233 0.728985 -0.655163 0.605092 0.452354 -0.363149 -0.777281 0.513767 0.0377005 1.52921 7.39033</i>
                        <i>0.707902 0.139223 0.692453 -0.598092 0.639659 0.482828 -0.375713 -0.755946 0.536084 0.0380043 1.49565 8.38549</i>
                        <i>0.74985 0.0740759 0.657448 -0.530378 0.661339 0.530406 -0.395506 -0.74642 0.535193 0.0349 1.46506 9.38002</i>
                        <i>0.777531 0.0197935 0.628533 -0.478003 0.668054 0.570278 -0.408606 -0.74385 0.528894 0.0287474 1.44769 10.3741</i>
                        <i>0.809478 -0.0343682 0.586143 -0.414527 0.673548 0.611965 -0.415827 -0.738344 0.530976 0.026001 1.43489 11.367</i>
                        <i>0.84682 -0.0922183 0.523825 -0.332047 0.677703 0.656098 -0.415502 -0.729531 0.543271 0.0269148 1.43008 12.3593</i>
                        <i>0.898756 -0.125119 0.420217 -0.226823 0.687518 0.689834 -0.375218 -0.715307 0.589531 0.0343816 1.46369 13.3495</i>
                        <i>0.951579 -0.0906175 0.293746 -0.148625 0.700836 0.697667 -0.269088 -0.707543 0.653432 0.0466654 1.51846 14.3389</i>
                        <i>0.977913 -0.000474718 0.20901 -0.147676 0.706093 0.692549 -0.147909 -0.708119 0.690428 0.0590924 1.53796 15.3333</i>
                        <i>0.975724 0.0665478 0.208646 -0.193547 0.707829 0.67935 -0.102477 -0.703242 0.703527 0.0726129 1.51129 16.3366</i>
                        <i>0.965115 0.0475592 0.257472 -0.213371 0.712783 0.668142 -0.151745 -0.699771 0.698065 0.0880236 1.47837 17.3445</i>
                        <i>0.950533 -0.00201122 0.310616 -0.216949 0.711362 0.668504 -0.222305 -0.702823 0.675737 0.102326 1.46777 18.3515</i>
                    </KeyFrames>
                </p>
            </i>
            <i>
                <p>
                    <Name><![CDATA[l_shoulder]]></Name>
                    <Exclude>0</Exclude>
                    <Additive>0</Additive>
                    <IKPriority>0</IKPriority>
                    <IKRotLimits>-1e+010 -1e+010 -1e+010 1e+010 1e+010 1e+010</IKRotLimits>
                    <IKRotLimitOrder>0</IKRotLimitOrder>
                    <KeyFrames count="19">
                        <i>0.549391 -0.823589 0.140965 0.100675 0.232723 0.967318 -0.829478 -0.517244 0.21077 0.286192 1.46738 0.411578</i>
                        <i>0.549391 -0.823589 0.140965 0.100675 0.232723 0.967318 -0.829478 -0.517244 0.21077 0.289691 1.4531 1.43036</i>
                        <i>0.549391 -0.823589 0.140965 0.100675 0.232723 0.967318 -0.829478 -0.517244 0.21077 0.287493 1.43346 2.44831</i>
                        <i>0.549391 -0.823589 0.140965 0.100675 0.232723 0.967318 -0.829478 -0.517244 0.21077 0.276889 1.41938 3.46735</i>
                        <i>0.549391 -0.823589 0.140965 0.100675 0.232723 0.967318 -0.829478 -0.517244 0.21077 0.248499 1.4629 4.49463</i>
                        <i>0.549391 -0.823589 0.140965 0.100675 0.232723 0.967318 -0.829478 -0.517244 0.21077 0.205595 1.53431 5.5228</i>
                        <i>0.549391 -0.823589 0.140965 0.100675 0.232723 0.967318 -0.829478 -0.517244 0.21077 0.172438 1.567 6.53715</i>
                        <i>0.549391 -0.823589 0.140965 0.100675 0.232723 0.967318 -0.829478 -0.517244 0.21077 0.168141 1.56314 7.53386</i>
                        <i>0.549391 -0.823589 0.140965 0.100675 0.232723 0.967318 -0.829478 -0.517244 0.21077 0.176903 1.52297 8.52136</i>
                        <i>0.549391 -0.823589 0.140965 0.100675 0.232723 0.967318 -0.829478 -0.517244 0.21077 0.180775 1.47947 9.50792</i>
                        <i>0.549391 -0.823589 0.140965 0.100675 0.232723 0.967318 -0.829478 -0.517244 0.21077 0.179396 1.45153 10.4958</i>
                        <i>0.549391 -0.823589 0.140965 0.100675 0.232723 0.967318 -0.829478 -0.517244 0.21077 0.182975 1.42822 11.4806</i>
                        <i>0.549391 -0.823589 0.140965 0.100675 0.232723 0.967318 -0.829478 -0.517244 0.21077 0.191703 1.41213 12.4613</i>
                        <i>0.549391 -0.823589 0.140965 0.100675 0.232723 0.967318 -0.829478 -0.517244 0.21077 0.209429 1.43932 13.4314</i>
                        <i>0.549391 -0.823589 0.140965 0.100675 0.232723 0.967318 -0.829478 -0.517244 0.21077 0.230609 1.50095 14.3957</i>
                        <i>0.549391 -0.823589 0.140965 0.100675 0.232723 0.967318 -0.829478 -0.517244 0.21077 0.247636 1.53787 15.3736</i>
                        <i>0.549391 -0.823589 0.140965 0.100675 0.232723 0.967318 -0.829478 -0.517244 0.21077 0.261619 1.52418 16.377</i>
                        <i>0.549391 -0.823589 0.140965 0.100675 0.232723 0.967318 -0.829478 -0.517244 0.21077 0.274824 1.48757 17.3943</i>
                        <i>0.549391 -0.823589 0.140965 0.100675 0.232723 0.967318 -0.829478 -0.517244 0.21077 0.286192 1.46738 18.4116</i>
                    </KeyFrames>
                </p>
            </i>
            <i>
                <p>
                    <Name><![CDATA[l_elbow]]></Name>
                    <Exclude>0</Exclude>
                    <Additive>0</Additive>
                    <IKPriority>0</IKPriority>
                    <IKRotLimits>-1e+010 -1e+010 -1e+010 1e+010 1e+010 1e+010</IKRotLimits>
                    <IKRotLimitOrder>0</IKRotLimitOrder>
                    <KeyFrames count="19">
                        <i>-0.937954 -0.303288 0.168105 0.0986024 0.231502 0.967825 -0.332446 0.92435 -0.187233 0.464896 1.19949 0.457431</i>
                        <i>-0.937954 -0.303288 0.168105 0.0986023 0.231502 0.967825 -0.332446 0.92435 -0.187233 0.468395 1.1852 1.47621</i>
                        <i>-0.937954 -0.303288 0.168105 0.0986024 0.231502 0.967825 -0.332446 0.92435 -0.187233 0.466197 1.16557 2.49416</i>
                        <i>-0.937954 -0.303288 0.168105 0.0986023 0.231502 0.967825 -0.332446 0.92435 -0.187233 0.455593 1.15149 3.5132</i>
                        <i>-0.937954 -0.303288 0.168105 0.0986024 0.231502 0.967825 -0.332446 0.92435 -0.187233 0.427204 1.19501 4.54048</i>
                        <i>-0.937954 -0.303288 0.168105 0.0986023 0.231502 0.967825 -0.332446 0.92435 -0.187233 0.384299 1.26642 5.56865</i>
                        <i>-0.937954 -0.303288 0.168105 0.0986023 0.231502 0.967825 -0.332446 0.92435 -0.187233 0.351142 1.2991 6.583</i>
                        <i>-0.937954 -0.303288 0.168105 0.0986024 0.231502 0.967825 -0.332446 0.92435 -0.187233 0.346845 1.29524 7.57971</i>
                        <i>-0.937954 -0.303288 0.168105 0.0986024 0.231502 0.967825 -0.332446 0.92435 -0.187233 0.355607 1.25508 8.56721</i>
                        <i>-0.937954 -0.303288 0.168105 0.0986024 0.231502 0.967825 -0.332446 0.92435 -0.187233 0.359479 1.21157 9.55378</i>
                        <i>-0.937954 -0.303288 0.168105 0.0986024 0.231502 0.967825 -0.332446 0.92435 -0.187233 0.3581 1.18364 10.5417</i>
                        <i>-0.937954 -0.303288 0.168105 0.0986024 0.231502 0.967825 -0.332446 0.92435 -0.187233 0.36168 1.16033 11.5265</i>
                        <i>-0.937954 -0.303288 0.168105 0.0986024 0.231502 0.967825 -0.332446 0.92435 -0.187233 0.370407 1.14424 12.5071</i>
                        <i>-0.937954 -0.303288 0.168105 0.0986025 0.231502 0.967825 -0.332446 0.92435 -0.187233 0.388133 1.17143 13.4772</i>
                        <i>-0.937954 -0.303288 0.168105 0.0986024 0.231502 0.967825 -0.332446 0.92435 -0.187233 0.409313 1.23305 14.4415</i>
                        <i>-0.937954 -0.303288 0.168105 0.0986024 0.231502 0.967825 -0.332446 0.92435 -0.187233 0.42634 1.26997 15.4194</i>
                        <i>-0.937954 -0.303288 0.168105 0.0986024 0.231502 0.967825 -0.332446 0.92435 -0.187233 0.440323 1.25629 16.4228</i>
                        <i>-0.937954 -0.303288 0.168105 0.0986024 0.231502 0.967825 -0.332446 0.92435 -0.187233 0.453529 1.21968 17.4402</i>
                        <i>-0.937954 -0.303288 0.168105 0.0986024 0.231502 0.967825 -0.332446 0.92435 -0.187233 0.464896 1.19949 18.4574</i>
                    </KeyFrames>
                </p>
            </i>
            <i>
                <p>
                    <Name><![CDATA[l_forearm]]></Name>
                    <Exclude>0</Exclude>
                    <Additive>0</Additive>
                    <IKPriority>0</IKPriority>
                    <IKRotLimits>-1e+010 -1e+010 -1e+010 1e+010 1e+010 1e+010</IKRotLimits>
                    <IKRotLimitOrder>0</IKRotLimitOrder>
                    <KeyFrames count="19">
                        <i>-0.937953 -0.303288 0.168106 0.296018 -0.447826 0.843697 -0.180601 0.841111 0.509818 0.312348 1.15016 0.484771</i>
                        <i>-0.937953 -0.303288 0.168106 0.296018 -0.447826 0.843697 -0.180601 0.841111 0.509819 0.315847 1.13588 1.50355</i>
                        <i>-0.937953 -0.303288 0.168106 0.296018 -0.447826 0.843697 -0.180601 0.841111 0.509818 0.313649 1.11624 2.5215</i>
                        <i>-0.937953 -0.303288 0.168106 0.296018 -0.447826 0.843697 -0.180601 0.841111 0.509819 0.303046 1.10216 3.54054</i>
                        <i>-0.937953 -0.303288 0.168106 0.296018 -0.447826 0.843697 -0.180601 0.841111 0.509818 0.274656 1.14568 4.56782</i>
                        <i>-0.937953 -0.303288 0.168106 0.296018 -0.447826 0.843697 -0.180601 0.841111 0.509819 0.231752 1.21709 5.59599</i>
