<?xml version="1.0" encoding="ISO-8859-1" ?>
<Animl Version="1">
    <ModellingPackage>
        <![CDATA[Maya.2010]]>
</ModellingPackage>
    <SrcFile>
        <![CDATA[anims\characters\shared\commando\~src\commando_turn_left_45.mb]]>
</SrcFile>
    <FramesPerSecond>30</FramesPerSecond>
    <TotalFrames>17</TotalFrames>
    <Skeleton>
        <RefFrame>
            <Name>
                <![CDATA[commando_ref_frame]]>
</Name>
            <Exclude>0</Exclude>
            <Additive>0</Additive>
            <IKPriority>0</IKPriority>
            <IKRotLimits>-1e+010 -1e+010 -1e+010 1e+010 1e+010 1e+010</IKRotLimits>
            <IKRotLimitOrder>0</IKRotLimitOrder>
            <KeyFrames count="17">
                <i>1 0 0 0 1 0 0 0 1 0.05211 0 -0.04362</i>
                <i>0.998795 0 -0.0490677 0 1 0 0.0490677 0 0.998795 0.0518137 0 -0.0409256</i>
                <i>0.995185 0 -0.0980171 0 1 0 0.0980171 0 0.995185 0.0515175 0 -0.0382312</i>
                <i>0.989177 0 -0.14673 0 1 0 0.14673 0 0.989177 0.0512213 0 -0.0355369</i>
                <i>0.980785 0 -0.19509 0 1 0 0.19509 0 0.980785 0.050925 0 -0.0328425</i>
                <i>0.970031 0 -0.24298 0 1 0 0.24298 0 0.970031 0.0506287 0 -0.0301481</i>
                <i>0.95694 0 -0.290285 0 1 0 0.290285 0 0.95694 0.0503325 0 -0.0274538</i>
                <i>0.941544 0 -0.33689 0 1 0 0.33689 0 0.941544 0.0500362 0 -0.0247594</i>
                <i>0.92388 0 -0.382683 0 1 0 0.382683 0 0.92388 0.04974 0 -0.022065</i>
                <i>0.903989 0 -0.427555 0 1 0 0.427555 0 0.903989 0.0494437 0 -0.0193706</i>
                <i>0.881921 0 -0.471397 0 1 0 0.471397 0 0.881921 0.0491475 0 -0.0166763</i>
                <i>0.857729 0 -0.514103 0 1 0 0.514103 0 0.857729 0.0488513 0 -0.0139819</i>
                <i>0.83147 0 -0.55557 0 1 0 0.55557 0 0.83147 0.048555 0 -0.0112875</i>
                <i>0.803208 0 -0.595699 0 1 0 0.595699 0 0.803208 0.0482587 0 -0.00859313</i>
                <i>0.77301 0 -0.634393 0 1 0 0.634393 0 0.77301 0.0479625 0 -0.00589875</i>
                <i>0.740951 0 -0.671559 0 1 0 0.671559 0 0.740951 0.0476662 0 -0.00320438</i>
                <i>0.707107 0 -0.707107 0 1 0 0.707107 0 0.707107 0.04737 0 -0.00051</i>
            </KeyFrames>
        </RefFrame>
        <Bones count="28">
            <i>
                <p>
                    <Name>
                        <![CDATA[pelvis]]>
</Name>
                    <Exclude>0</Exclude>
                    <Additive>0</Additive>
                    <IKPriority>0</IKPriority>
                    <IKRotLimits>-1e+010 -1e+010 -1e+010 1e+010 1e+010 1e+010</IKRotLimits>
                    <IKRotLimitOrder>2</IKRotLimitOrder>
                    <KeyFrames count="17">
                        <i>1 0 0 0 1 0 0 0 1 0.0521096 1.06376 -0.0436223</i>
                        <i>1 0 0 0 1 0 0 0 1 0.0505347 1.06396 -0.0416919</i>
                        <i>1 0 0 0 1 0 0 0 1 0.0467494 1.06449 -0.0362438</i>
                        <i>1 0 0 0 1 0 0 0 1 0.0423997 1.06521 -0.0277434</i>
                        <i>1 0 0 0 1 0 0 0 1 0.0390313 1.06601 -0.0170607</i>
                        <i>1 0 0 0 1 0 0 0 1 0.0375655 1.0668 -0.00566791</i>
                        <i>1 0 0 0 1 0 0 0 1 0.0379437 1.06747 0.00458833</i>
                        <i>1 0 0 0 1 0 0 0 1 0.0391737 1.06793 0.0118856</i>
                        <i>1 0 0 0 1 0 0 0 1 0.0398498 1.0681 0.0146402</i>
                        <i>1 0 0 0 1 0 0 0 1 0.0400605 1.06798 0.0141846</i>
                        <i>1 0 0 0 1 0 0 0 1 0.0406431 1.06766 0.0129478</i>
                        <i>1 0 0 0 1 0 0 0 1 0.041517 1.06717 0.0111163</i>
                        <i>1 0 0 0 1 0 0 0 1 0.042602 1.06654 0.00887708</i>
                        <i>1 0 0 0 1 0 0 0 1 0.0438164 1.0658 0.00641547</i>
                        <i>1 0 0 0 1 0 0 0 1 0.0450753 1.065 0.00391301</i>
                        <i>1 0 0 0 1 0 0 0 1 0.0462901 1.0642 0.00154648</i>
                        <i>1 0 0 0 1 0 0 0 1 0.0473675 1.06346 -0.000512676</i>
                    </KeyFrames>
                </p>
            </i>
            <i>
                <p>
                    <Name>
                        <![CDATA[spine0]]>
</Name>
                    <Exclude>0</Exclude>
                    <Additive>0</Additive>
                    <IKPriority>0</IKPriority>
                    <IKRotLimits>-1e+010 -1e+010 -1e+010 1e+010 1e+010 1e+010</IKRotLimits>
                    <IKRotLimitOrder>0</IKRotLimitOrder>
                    <KeyFrames count="17">
                        <i>-0.0229494 0.999736 0.000969007 -0.939938 -0.0212465 -0.340685 -0.340574 -0.00872933 0.940177 0.0632913 1.1969 -0.0969761</i>
                        <i>-0.0240368 0.99971 0.00122127 -0.948186 -0.0224108 -0.316924 -0.316805 -0.00877583 0.94845 0.0599395 1.19682 -0.0960583</i>
                        <i>-0.0266433 0.999642 0.00227673 -0.966948 -0.025194 -0.253727 -0.253579 -0.0089616 0.967273 0.0513423 1.19663 -0.0929365</i>
                        <i>-0.0295508 0.999553 0.00463209 -0.986145 -0.028397 -0.163439 -0.163234 -0.00939766 0.986543 0.0399609 1.19633 -0.0868749</i>
                        <i>-0.0315397 0.999468 0.00825565 -0.997751 -0.0309945 -0.0594394 -0.0591519 -0.0101118 0.998198 0.0283757 1.19599 -0.0777838</i>
                        <i>-0.0319467 0.999413 0.0123702 -0.998499 -0.0324634 0.0441107 0.0444864 -0.0109424 0.99895 0.0187199 1.19568 -0.0667541</i>
                        <i>-0.0310769 0.999391 0.0158437 -0.990524 -0.0329149 0.133335 0.133776 -0.0115499 0.990944 0.0121111 1.19542 -0.0558834</i>
                        <i>-0.0300917 0.99939 0.0177485 -0.980149 -0.0329843 0.195501 0.195967 -0.0115132 0.980543 0.00853439 1.19525 -0.0476807</i>
                        <i>-0.0303904 0.999385 0.017504 -0.975178 -0.0334878 0.218877 0.219328 -0.0104178 0.975596 0.00739433 1.19516 -0.0445236</i>
                        <i>-0.0320484 0.999369 0.0153237 -0.973593 -0.0346817 0.225639 0.226028 -0.00768772 0.97409 0.00738639 1.19511 -0.0446893</i>
                        <i>-0.0342332 0.999342 0.011967 -0.969148 -0.0361186 0.243819 0.244091 -0.00325106 0.969747 0.00752499 1.1951 -0.045019</i>
                        <i>-0.0365696 0.999302 0.00768625 -0.962031 -0.0372854 0.270382 0.27048 0.00249337 0.962722 0.00793806 1.1951 -0.0454733</i>
                        <i>-0.0386718 0.999248 0.00272532 -0.95249 -0.0376865 0.30223 0.302105 0.00909195 0.953231 0.00875532 1.19513 -0.0460227</i>
                        <i>-0.0402419 0.999186 -0.0026762 -0.941013 -0.0369981 0.336343 0.33597 0.0160534 0.941736 0.010048 1.19518 -0.046649</i>
                        <i>-0.0411437 0.999119 -0.00827287 -0.92839 -0.0351679 0.369939 0.369322 0.0229011 0.929019 0.011789 1.19524 -0.047336</i>
                        <i>-0.0414408 0.999046 -0.0137968 -0.915677 -0.0324503 0.400603 0.399773 0.0292347 0.916148 0.0138348 1.19528 -0.0480558</i>
                        <i>-0.0413859 0.998964 -0.0189387 -0.904089 -0.0293728 0.426334 0.425336 0.0347664 0.904368 0.015931 1.19529 -0.0487573</i>
                    </KeyFrames>
                </p>
            </i>
            <i>
                <p>
                    <Name>
                        <![CDATA[spine1]]>
</Name>
                    <Exclude>0</Exclude>
                    <Additive>0</Additive>
                    <IKPriority>0</IKPriority>
                    <IKRotLimits>-1e+010 -1e+010 -1e+010 1e+010 1e+010 1e+010</IKRotLimits>
                    <IKRotLimitOrder>0</IKRotLimitOrder>
                    <KeyFrames count="17">
                        <i>0.0301833 0.996157 0.082216 -0.980056 0.0456579 -0.193406 -0.196417 -0.0747387 0.977668 0.0593745 1.36744 -0.0968055</i>
                        <i>0.0346705 0.995323 0.0901669 -0.985153 0.0492158 -0.164472 -0.16814 -0.0831259 0.982252 0.0558324 1.36759 -0.0958457</i>
                        <i>0.0486597 0.992785 0.109588 -0.994429 0.0584253 -0.087739 -0.0935087 -0.104708 0.990097 0.0467742 1.36801 -0.0925458</i>
                        <i>0.0732155 0.988445 0.132728 -0.99725 0.0710318 0.0211197 0.0114478 -0.133909 0.990928 0.0348662 1.36869 -0.0860818</i>
                        <i>0.106983 0.982553 0.152133 -0.985793 0.0848956 0.144928 0.129484 -0.165477 0.977677 0.0228992 1.36957 -0.0763632</i>
                        <i>0.145073 0.975886 0.163098 -0.959006 0.0981319 0.265853 0.243437 -0.19498 0.950116 0.0131295 1.37054 -0.0646108</i>
                        <i>0.180366 0.96961 0.165299 -0.923582 0.109147 0.367537 0.338326 -0.218959 0.915201 0.00663347 1.37145 -0.0531207</i>
                        <i>0.205644 0.965047 0.162467 -0.892058 0.116584 0.436624 0.402422 -0.23472 0.884852 0.00320196 1.37213 -0.0445722</i>
                        <i>0.214789 0.963468 0.159983 -0.878804 0.11919 0.462058 0.42611 -0.239838 0.8723 0.00199741 1.37238 -0.0414543</i>
                        <i>0.210974 0.965124 0.155003 -0.877607 0.117189 0.464836 0.430459 -0.2341 0.871724 0.00170139 1.37215 -0.0420083</i>
                        <i>0.201424 0.969038 0.142807 -0.874122 0.112047 0.472606 0.441972 -0.220025 0.869626 0.00147223 1.37157 -0.0429359</i>
                        <i>0.186575 0.974462 0.124958 -0.868742 0.104247 0.484168 0.458777 -0.19889 0.866006 0.0015041 1.37073 -0.0441473</i>
                        <i>0.166839 0.980582 0.103068 -0.86187 0.094266 0.498291 0.4789 -0.171966 0.860862 0.00199297 1.36972 -0.0455652</i>
                        <i>0.142935 0.986587 0.0788392 -0.853951 0.0826652 0.513746 0.500338 -0.140757 0.854312 0.00305812 1.36863 -0.0471255</i>
                        <i>0.116125 0.991763 0.0540488 -0.8455 0.0701512 0.529347 0.521195 -0.107169 0.846682 0.00468991 1.36758 -0.0487685</i>
                        <i>0.0883316 0.995624 0.0304941 -0.837109 0.0576066 0.543995 0.539858 -0.0735788 0.838534 0.00672737 1.36662 -0.0504221</i>
                        <i>0.0621166 0.99802 0.00991626 -0.829425 0.0460918 0.556714 0.555155 -0.042806 0.830645 0.00886765 1.36584 -0.0519861</i>
                    </KeyFrames>
                </p>
            </i>
            <i>
                <p>
                    <Name>
                        <![CDATA[spine2]]>
</Name>
                    <Exclude>0</Exclude>
                    <Additive>0</Additive>
                    <IKPriority>0</IKPriority>
                    <IKRotLimits>-1e+010 -1e+010 -1e+010 1e+010 1e+010 1e+010</IKRotLimits>
                    <IKRotLimitOrder>0</IKRotLimitOrder>
                    <KeyFrames count="17">
                        <i>0.0705702 0.991511 0.109208 -0.996273 0.0755022 -0.0417003 -0.0495918 -0.105858 0.993144 0.0642734 1.52395 -0.0838581</i>
                        <i>0.0767343 0.990082 0.117681 -0.996915 0.0781417 -0.0073857 -0.0165082 -0.116751 0.993024 0.0614476 1.52418 -0.0816302</i>
                        <i>0.0956698 0.985784 0.138122 -0.99293 0.0847138 0.0831438 0.0702609 -0.1451 0.986919 0.0546301 1.52477 -0.0752115</i>
                        <i>0.12841 0.978474 0.161553 -0.973258 0.0930487 0.210024 0.190471 -0.184202 0.964256 0.0466834 1.52562 -0.0649761</i>
                        <i>0.172974 0.968487 0.179201 -0.930792 0.101249 0.351249 0.322036 -0.227556 0.918973 0.040221 1.52664 -0.0520112</i>
                        <i>0.222943 0.956961 0.185804 -0.867916 0.108066 0.484814 0.443869 -0.269348 0.854654 0.0367391 1.52767 -0.0383218</i>
                        <i>0.26919 0.945738 0.18198 -0.797507 0.112962 0.59264 0.539925 -0.304663 0.784641 0.0361445 1.5286 -0.0263124</i>
                        <i>0.302716 0.937072 0.173951 -0.739682 0.115894 0.662902 0.601027 -0.32934 0.728218 0.0369879 1.52927 -0.0181083</i>
                        <i>0.316087 0.933302 0.170397 -0.716204 0.116946 0.688023 0.622206 -0.339514 0.7054 0.0373465 1.52955 -0.0153499</i>
                        <i>0.312766 0.934936 0.167545 -0.716937 0.116669 0.687306 0.62304 -0.335085 0.70678 0.036388 1.52944 -0.0167454</i>
                        <i>0.301544 0.940337 0.1576 -0.718709 0.11556 0.685641 0.626521 -0.320019 0.710675 0.0344872 1.52901 -0.0197418</i>
                        <i>0.283554 0.948378 0.142043 -0.721256 0.1133 0.68334 0.631971 -0.296213 0.71615 0.0319436 1.52832 -0.0239618</i>
                        <i>0.259883 0.957855 0.122375 -0.724282 0.109539 0.680747 0.638652 -0.265548 0.722224 0.0290594 1.52739 -0.0290313</i>
                        <i>0.231842 0.96758 0.100189 -0.727438 0.104073 0.678235 0.64582 -0.230125 0.727983 0.0261085 1.52628 -0.0345826</i>
                        <i>0.201184 0.976507 0.077193 -0.730331 0.0970146 0.676169 0.652795 -0.192411 0.732691 0.0233132 1.52508 -0.0402541</i>
                        <i>0.170221 0.983859 0.0551862 -0.732584 0.0888938 0.674847 0.659049 -0.155302 0.735891 0.0208332 1.52387 -0.0456862</i>
                        <i>0.141821 0.989238 0.0359929 -0.733902 0.0806755 0.674447 0.664285 -0.122066 0.737445 0.018768 1.52276 -0.050515</i>
                    </KeyFrames>
                </p>
            </i>
            <i>
                <p>
                    <Name>
                        <![CDATA[head]]>
</Name>
                    <Exclude>0</Exclude>
                    <Additive>0</Additive>
                    <IKPriority>0</IKPriority>
                    <IKRotLimits>-1e+010 -1e+010 -1e+010 1e+010 1e+010 1e+010</IKRotLimits>
                    <IKRotLimitOrder>0</IKRotLimitOrder>
                    <KeyFrames count="17">
                        <i>-0.00780199 0.992415 0.122684 0.0629845 0.122932 -0.990414 -0.997984 2.96012e-009 -0.0634659 0.0552871 1.77977 -0.0757091</i>
                        <i>0.0145596 0.993272 0.114882 -0.124884 0.115801 -0.98539 -0.992065 -1.53673e-010 0.125729 0.0533584 1.78003 -0.0706419</i>
                        <i>0.0409861 0.995539 0.0849791 -0.432482 0.0943467 -0.896693 -0.90071 -1.25294e-009 0.43442 0.0497359 1.78063 -0.0570364</i>
                        <i>0.0459276 0.997174 0.0594458 -0.609655 0.0751209 -0.789099 -0.791335 6.33668e-010 0.611383 0.0482522 1.78126 -0.0376272</i>
                        <i>0.0451682 0.997693 0.0506831 -0.663788 0.0678892 -0.744833 -0.746556 -4.94545e-009 0.665323 0.0517179 1.78164 -0.0160273</i>
                        <i>0.0450036 0.997722 0.0502628 -0.665535 0.0674661 -0.743311 -0.745009 5.86587e-009 0.667055 0.0604272 1.78167 0.00380437</i>
                        <i>0.0445538 0.997769 0.0497225 -0.665849 0.0667635 -0.743094 -0.744756 -8.5866e-009 0.667337 0.071931 1.78138 0.0188387</i>
                        <i>0.043887 0.997832 0.0490473 -0.665371 0.0658157 -0.743606 -0.745222 1.78476e-009 0.666817 0.0820241 1.78097 0.0278326</i>
                        <i>0.0431308 0.997904 0.0482493 -0.665058 0.0647167 -0.743983 -0.745546 1.59951e-008 0.666455 0.0862544 1.78073 0.0308364</i>
                        <i>0.0423561 0.997978 0.0473797 -0.66513 0.0635522 -0.744018 -0.745525 1.7566e-008 0.666477 0.08446 1.78078 0.02894</i>
                        <i>0.0415529 0.998055 0.0464715 -0.66526 0.0623398 -0.744005 -0.745455 6.89058e-009 0.666556 0.0794861 1.781 0.023761</i>
                        <i>0.0407052 0.998134 0.0455086 -0.665433 0.0610569 -0.743957 -0.745347 -5.47837e-010 0.666676 0.0720676 1.78122 0.0160524</i>
                        <i>0.0397952 0.998218 0.0444735 -0.665635 0.0596787 -0.743887 -0.745215 9.43304e-009 0.666824 0.0629412 1.78128 0.00656998</i>
                        <i>0.0388173 0.998305 0.0433619 -0.665854 0.0581983 -0.743809 -0.745072 -1.04518e-008 0.666984 0.0528463 1.78105 -0.0039257</i>
                        <i>0.0377864 0.998395 0.0421919 -0.666074 0.0566389 -0.743732 -0.744928 3.86439e-009 0.667145 0.042524 1.78048 -0.0146696</i>
                        <i>0.0367404 0.998483 0.0410076 -0.666281 0.0550589 -0.743666 -0.744795 1.93558e-010 0.667293 0.032714 1.77963 -0.0248956</i>
                        <i>0.0357396 0.998565 0.0398771 -0.66646 0.0535491 -0.743615 -0.744684 -4.434e-009 0.667418 0.0241512 1.77864 -0.0338409</i>
                    </KeyFrames>
                </p>
            </i>
            <i>
                <p>
                    <Name>
                        <![CDATA[head_prop]]>
</Name>
                    <Exclude>0</Exclude>
                    <Additive>0</Additive>
                    <IKPriority>0</IKPriority>
                    <IKRotLimits>-1e+010 -1e+010 -1e+010 1e+010 1e+010 1e+010</IKRotLimits>
                    <IKRotLimitOrder>0</IKRotLimitOrder>
                    <KeyFrames count="17">
                        <i>0.997984 -2.96012e-009 0.0634659 -0.00780199 0.992415 0.122684 -0.0629845 -0.122932 0.990414 0.0147614 1.8259 0.151861</i>
                        <i>0.992065 1.53673e-010 -0.125729 0.0145596 0.993272 0.114882 0.124884 -0.115801 0.98539 0.0563993 1.82781 0.160154</i>
                        <i>0.90071 1.25294e-009 -0.43442 0.0409861 0.995539 0.0849791 0.432482 -0.0943467 0.896693 0.125478 1.83335 0.159857</i>
                        <i>0.791335 -6.33668e-010 -0.611383 0.0459276 0.997174 0.0594458 0.609655 -0.0751209 0.789099 0.166585 1.83836 0.158063</i>
                        <i>0.746556 4.94545e-009 -0.665323 0.0451682 0.997693 0.0506831 0.663788 -0.0678892 0.744833 0.183191 1.84039 0.170578</i>
                        <i>0.745009 -5.86587e-009 -0.667055 0.0450036 0.997722 0.0502628 0.665535 -0.0674661 0.743311 0.192316 1.84051 0.190085</i>
                        <i>0.744756 8.5866e-009 -0.667337 0.0445538 0.997769 0.0497225 0.665849 -0.0667635 0.743094 0.203863 1.84038 0.205039</i>
                        <i>0.745222 -1.78475e-009 -0.666817 0.043887 0.997832 0.0490473 0.665371 -0.0658157 0.743606 0.213788 1.8402 0.214083</i>
                        <i>0.745546 -1.59951e-008 -0.666455 0.0431308 0.997904 0.0482493 0.665058 -0.0647167 0.743983 0.217885 1.84021 0.217102</i>
                        <i>0.745525 -1.7566e-008 -0.666477 0.0423561 0.997978 0.0473797 0.66513 -0.0635522 0.744018 0.21605 1.84052 0.215149</i>
                        <i>0.745455 -6.89058e-009 -0.666556 0.0415529 0.998055 0.0464715 0.66526 -0.0623398 0.744005 0.211047 1.84101 0.209902</i>
                        <i>0.745347 5.47838e-010 -0.666676 0.0407052 0.998134 0.0455086 0.665433 -0.0610569 0.743957 0.203607 1.84153 0.202115</i>
                        <i>0.745215 -9.43304e-009 -0.666824 0.0397952 0.998218 0.0444735 0.665635 -0.0596787 0.743887 0.194462 1.8419 0.192544</i>
                        <i>0.745072 1.04518e-008 -0.666984 0.0388173 0.998305 0.0433619 0.665854 -0.0581983 0.743809 0.184347 1.842 0.181953</i>
                        <i>0.744928 -3.86439e-009 -0.667145 0.0377864 0.998395 0.0421919 0.666074 -0.0566389 0.743732 0.174001 1.84179 0.17111</i>
                        <i>0.744795 -1.93558e-010 -0.667293 0.0367404 0.998483 0.0410076 0.666281 -0.0550589 0.743666 0.164163 1.8413 0.160785</i>
                        <i>0.744684 4.434e-009 -0.667418 0.0357396 0.998565 0.0398771 0.66646 -0.0535491 0.743615 0.155569 1.84064 0.151748</i>
                    </KeyFrames>
                </p>
            </i>
            <i>
                <p>
                    <Name>
                        <![CDATA[ponytail_1]]>
</Name>
                    <Exclude>0</Exclude>
                    <Additive>0</Additive>
                    <IKPriority>0</IKPriority>
                    <IKRotLimits>-1e+010 -1e+010 -1e+010 1e+010 1e+010 1e+010</IKRotLimits>
                    <IKRotLimitOrder>0</IKRotLimitOrder>
                    <KeyFrames count="17">
                        <i>0.966007 -0.25682 0.0295554 -0.00473432 0.0967332 0.995299 -0.258472 -0.961606 0.0922292 0.0530037 1.96235 -0.182164</i>
                        <i>0.956066 -0.25144 -0.150716 0.212103 0.238423 0.947717 -0.202359 -0.938047 0.281279 0.0308912 1.96185 -0.176058</i>
                        <i>0.865324 -0.235985 -0.442183 0.498707 0.317269 0.806618 -0.0500591 -0.918505 0.392228 -0.00675371 1.96009 -0.153362</i>
                        <i>0.763682 -0.211076 -0.610112 0.641996 0.148681 0.752154 -0.0680495 -0.966096 0.249055 -0.0290497 1.95854 -0.122904</i>
                        <i>0.726554 -0.177808 -0.663704 0.662275 -0.0761229 0.745384 -0.183058 -0.981117 0.0624503 -0.0322218 1.95808 -0.0966358</i>
                        <i>0.731686 -0.137577 -0.667614 0.651696 -0.145922 0.744311 -0.19982 -0.979683 -0.0171111 -0.0237494 1.95806 -0.0766646</i>
                        <i>0.737501 -0.0917662 -0.669082 0.649636 -0.174361 0.739981 -0.184567 -0.980397 -0.0689768 -0.012359 1.95769 -0.0616908</i>
                        <i>0.742735 -0.0417288 -0.668284 0.642215 -0.238045 0.728625 -0.189487 -0.970357 -0.150006 -0.00232121 1.95717 -0.0528807</i>
                        <i>0.745979 0.0111076 -0.665876 0.643115 -0.271701 0.715948 -0.172967 -0.962318 -0.209827 0.00181897 1.9568 -0.0500624</i>
                        <i>0.746699 0.0652616 -0.661952 0.657077 -0.227059 0.718814 -0.103391 -0.971692 -0.212427 -0.00011472 1.95672 -0.0521094</i>
                        <i>0.745081 0.119232 -0.656231 0.666974 -0.132652 0.733177 0.000367585 -0.983965 -0.178361 -0.0052396 1.9568 -0.0574387</i>
                        <i>0.741253 0.171535 -0.648937 0.657053 0.0121892 0.753746 0.137204 -0.985103 -0.103672 -0.0128218 1.95687 -0.0653019</i>
                        <i>0.735566 0.220745 -0.64048 0.619986 0.161716 0.767766 0.273057 -0.961831 -0.0179062 -0.0221259 1.95676 -0.0749482</i>
                        <i>0.728559 0.265522 -0.631427 0.567312 0.282699 0.773459 0.383874 -0.921726 0.0553294 -0.0324119 1.95635 -0.0856194</i>
                        <i>0.720936 0.304623 -0.622459 0.525767 0.344721 0.777648 0.451465 -0.887903 0.0883612 -0.0429343 1.95561 -0.0965487</i>
                        <i>0.713515 0.336903 -0.614324 0.537627 0.298978 0.788397 0.449282 -0.892809 0.0321976 -0.0529454 1.95457 -0.106964</i>
                        <i>0.707165 0.361284 -0.607775 0.582615 0.189274 0.790402 0.400596 -0.913044 -0.0766415 -0.0616984 1.95339 -0.116092</i>
                    </KeyFrames>
                </p>
            </i>
            <i>
                <p>
                    <Name>
                        <![CDATA[ponytail_2]]>
</Name>
                    <Exclude>0</Exclude>
                    <Additive>0</Additive>
                    <IKPriority>0</IKPriority>
                    <IKRotLimits>-1e+010 -1e+010 -1e+010 1e+010 1e+010 1e+010</IKRotLimits>
                    <IKRotLimitOrder>0</IKRotLimitOrder>
                    <KeyFrames count="17">
                        <i>0.966007 -0.25682 0.0295554 -0.101527 -0.271752 0.956997 -0.237744 -0.927466 -0.288589 0.0508522 1.94143 -0.293711</i>
                        <i>0.956066 -0.25144 -0.150716 0.15086 -0.0188185 0.988376 -0.251353 -0.96769 0.0199405 0.00481224 1.92515 -0.280261</i>
                        <i>0.865324 -0.235985 -0.442183 0.500522 0.360537 0.787078 -0.0263155 -0.902399 0.430097 -0.0636464 1.91468 -0.240463</i>
                        <i>0.763682 -0.211076 -0.610112 0.55826 0.690553 0.459873 0.324246 -0.691798 0.645198 -0.102326 1.93169 -0.205336</i>
                        <i>0.726554 -0.177808 -0.663704 0.407262 0.889415 0.207552 0.553405 -0.421099 0.718623 -0.108986 1.95649 -0.180243</i>
                        <i>0.731686 -0.137577 -0.667614 0.241041 0.968361 0.0646214 0.637601 -0.208205 0.741698 -0.0994922 1.96437 -0.160977</i>
                        <i>0.737501 -0.0917662 -0.669082 0.192513 0.978186 0.0780385 0.647326 -0.186361 0.73908 -0.0877105 1.96721 -0.146053</i>
                        <i>0.742735 -0.0417288 -0.668284 0.410209 0.81719 0.404882 0.52922 -0.574856 0.624073 -0.076885 1.974 -0.136802</i>
                        <i>0.745979 0.0111076 -0.665876 0.596442 0.433655 0.675426 0.296263 -0.901011 0.316872 -0.0726748 1.97751 -0.133172</i>
                        <i>0.746699 0.0652616 -0.661952 0.639752 0.20197 0.741569 0.182091 -0.977215 0.10906 -0.0754635 1.97228 -0.13557</i>
                        <i>0.745081 0.119232 -0.656231 0.65824 0.0272548 0.752314 0.107585 -0.992492 -0.058176 -0.0806287 1.96156 -0.142169</i>
                        <i>0.741253 0.171535 -0.648937 0.670239 -0.241553 0.701735 -0.0363807 -0.955106 -0.294021 -0.085667 1.94525 -0.151581</i>
                        <i>0.735566 0.220745 -0.64048 0.673313 -0.342581 0.6552 -0.0747842 -0.913186 -0.400622 -0.0893692 1.92848 -0.16192</i>
                        <i>0.728559 0.265522 -0.631427 0.65991 -0.0249562 0.75093 0.18363 -0.963782 -0.193403 -0.0925491 1.91482 -0.172474</i>
                        <i>0.720936 0.304623 -0.622459 0.50373 0.386505 0.772573 0.475928 -0.870528 0.125197 -0.0976728 1.90741 -0.183533</i>
                        <i>0.713515 0.336903 -0.614324 0.308732 0.63591 0.707321 0.628953 -0.694345 0.349718 -0.109047 1.91149 -0.195748</i>
                        <i>0.707165 0.361284 -0.607775 0.0999591 0.799877 0.591782 0.699947 -0.47924 0.529531 -0.123392 1.92251 -0.206233</i>
                    </KeyFrames>
                </p>
            </i>
            <i>
                <p>
                    <Name>
                        <![CDATA[ponytail_3]]>
</Name>
                    <Exclude>0</Exclude>
                    <Additive>0</Additive>
                    <IKPriority>0</IKPriority>
                    <IKRotLimits>-1e+010 -1e+010 -1e+010 1e+010 1e+010 1e+010</IKRotLimits>
                    <IKRotLimitOrder>0</IKRotLimitOrder>
                    <KeyFrames count="17">
                        <i>0.966007 -0.25682 0.0295554 -0.159321 -0.501402 0.850419 -0.203586 -0.82622 -0.525275 0.0580594 1.95958 -0.371524</i>
                        <i>0.956066 -0.25144 -0.150716 -0.0312224 -0.598539 0.800485 -0.291483 -0.760611 -0.580094 -0.00825796 1.92288 -0.359384</i>
                        <i>0.865324 -0.235985 -0.442183 0.28334 -0.497413 0.819939 -0.41344 -0.8348 -0.363559 -0.103857 1.88227 -0.301853</i>
                        <i>0.763682 -0.211076 -0.610112 0.606473 -0.0894116 0.790061 -0.221314 -0.973372 0.0597301 -0.145795 1.87365 -0.239667</i>
                        <i>0.726554 -0.177808 -0.663704 0.65741 0.460807 0.596212 0.199829 -0.869506 0.451694 -0.13946 1.88358 -0.194068</i>
                        <i>0.731686 -0.137577 -0.667614 0.396058 0.882935 0.252119 0.554774 -0.448886 0.70052 -0.116317 1.88596 -0.163259</i>
                        <i>0.737501 -0.0917662 -0.669082 0.0268244 0.993924 -0.106752 0.674813 0.0607817 0.735482 -0.100609 1.88809 -0.14942</i>
                        <i>0.742735 -0.0417288 -0.668284 -0.234671 0.91853 -0.318169 0.627116 0.393142 0.672432 -0.107689 1.90627 -0.166808</i>
                        <i>0.745979 0.0111076 -0.665876 -0.269874 0.919128 -0.287007 0.608837 0.393803 0.688648 -0.119312 1.93925 -0.186058</i>
                        <i>0.746699 0.0652616 -0.661952 0.156498 0.950002 0.270194 0.646489 -0.305348 0.699152 -0.126017 1.95228 -0.194567</i>
                        <i>0.745081 0.119232 -0.656231 0.581742 0.365078 0.726838 0.326238 -0.92331 0.202651 -0.132954 1.9555 -0.20268</i>
                        <i>0.741253 0.171535 -0.648937 0.67062 -0.230292 0.705148 -0.0284875 -0.957884 -0.285739 -0.139516 1.96088 -0.20896</i>
                        <i>0.735566 0.220745 -0.64048 0.631353 -0.566167 0.529951 -0.245634 -0.794183 -0.555821 -0.143615 1.95237 -0.215987</i>
                        <i>0.728559 0.265522 -0.631427 0.6373 -0.600669 0.482747 -0.251099 -0.754118 -0.60684 -0.144712 1.91305 -0.233402</i>
                        <i>0.720936 0.304623 -0.622459 0.684102 -0.45632 0.569014 -0.110706 -0.836048 -0.537371 -0.136179 1.87304 -0.244952</i>
                        <i>0.713515 0.336903 -0.614324 0.677468 -0.108114 0.727563 0.178701 -0.935312 -0.305382 -0.13133 1.85783 -0.251061</i>
                        <i>0.707165 0.361284 -0.607775 0.478986 0.387505 0.787662 0.520086 -0.848124 0.10098 -0.128668 1.85654 -0.251586</i>
                    </KeyFrames>
                </p>
            </i>
            <i>
                <p>
                    <Name>
                        <![CDATA[l_clav]]>
</Name>
                    <Exclude>0</Exclude>
                    <Additive>0</Additive>
                    <IKPriority>0</IKPriority>
                    <IKRotLimits>-1e+010 -1e+010 -1e+010 1e+010 1e+010 1e+010</IKRotLimits>
                    <IKRotLimitOrder>0</IKRotLimitOrder>
                    <KeyFrames count="17">
                        <i>0.992575 -0.0368326 -0.115922 0.015895 0.984154 -0.176601 0.12059 0.173447 0.977432 0.15157 1.57526 -0.0353797</i>
                        <i>0.988005 -0.0377471 -0.149736 0.0121308 0.985639 -0.168428 0.153943 0.164592 0.974275 0.150489 1.57498 -0.0353804</i>
                        <i>0.97044 -0.040234 -0.237963 0.00505578 0.989179 -0.146629 0.241288 0.141091 0.960142 0.14796 1.57424 -0.0351882</i>
                        <i>0.93219 -0.0439381 -0.359293 0.00205584 0.993232 -0.116129 0.361963 0.107516 0.925971 0.145209 1.57314 -0.0345619</i>
                        <i>0.869729 -0.0484378 -0.491148 0.0083602 0.996475 -0.0834697 0.49346 0.0684899 0.867068 0.143269 1.5718 -0.0336124</i>
                        <i>0.788644 -0.0531699 -0.612547 0.0243008 0.998171 -0.0553558 0.61437 0.0287707 0.788494 0.142581 1.57039 -0.0327677</i>
                        <i>0.704053 -0.0574264 -0.707821 0.0452848 0.998327 -0.0359518 0.708702 -0.00674155 0.705476 0.142886 1.5691 -0.0324164</i>
                        <i>0.637269 -0.060408 -0.76827 0.0640267 0.997627 -0.0253327 0.767977 -0.0330461 0.639624 0.14345 1.56814 -0.0325935</i>
                        <i>0.61074 -0.0612966 -0.789455 0.0732257 0.997099 -0.0207698 0.788438 -0.0451235 0.613457 0.143485 1.56773 -0.0330258</i>
                        <i>0.611518 -0.0602545 -0.788933 0.0704801 0.997281 -0.0215365 0.788085 -0.0424342 0.614102 0.14233 1.56789 -0.0347022</i>
                        <i>0.613026 -0.0581135 -0.787923 0.0588817 0.997878 -0.0277871 0.787866 -0.0293601 0.615147 0.1399 1.5684 -0.0384725</i>
                        <i>0.614956 -0.0550851 -0.786635 0.0404771 0.998447 -0.0382742 0.787522 -0.00830375 0.616231 0.136473 1.56913 -0.043868</i>
                        <i>0.617006 -0.0513937 -0.785279 0.0173211 0.99851 -0.0517395 0.786768 0.0183217 0.616977 0.132327 1.56995 -0.0504198</i>
                        <i>0.618899 -0.047288 -0.784045 -0.00852292 0.997723 -0.0669032 0.785424 0.0480887 0.617087 0.127744 1.57075 -0.0576555</i>
                        <i>0.620404 -0.043044 -0.783101 -0.0349914 0.995979 -0.0824667 0.783502 0.0785644 0.616403 0.123015 1.57144 -0.0650975</i>
                        <i>0.621335 -0.0389608 -0.782576 -0.0600362 0.99346 -0.0971262 0.781241 0.107331 0.614932 0.118443 1.57196 -0.0722622</i>
                        <i>0.62156 -0.035351 -0.782568 -0.0816365 0.990619 -0.10959 0.779101 0.132003 0.612843 0.114337 1.57229 -0.078661</i>
                    </KeyFrames>
                </p>
            </i>
            <i>
                <p>
                    <Name>
                        <![CDATA[l_shoulder]]>
</Name>
                    <Exclude>0</Exclude>
                    <Additive>0</Additive>
                    <IKPriority>0</IKPriority>
                    <IKRotLimits>-1e+010 -1e+010 -1e+010 1e+010 1e+010 1e+010</IKRotLimits>
                    <IKRotLimitOrder>0</IKRotLimitOrder>
                    <KeyFrames count="17">
                        <i>0.426342 -0.864149 0.267355 0.863738 0.301121 -0.404084 0.268682 0.403202 0.874779 0.343884 1.56812 -0.05784</i>
                        <i>0.431325 -0.869312 0.241362 0.850872 0.303014 -0.429185 0.299959 0.390486 0.870371 0.341918 1.56767 -0.0643921</i>
                        <i>0.442412 -0.878642 0.179611 0.812287 0.307716 -0.495481 0.380081 0.365102 0.849846 0.335986 1.56645 -0.0812943</i>
                        <i>0.446315 -0.889914 0.0941032 0.748875 0.31386 -0.583676 0.489887 0.330975 0.806515 0.325824 1.56463 -0.104176</i>
                        <i>0.433506 -0.901151 -0.00060394 0.664755 0.320238 -0.674943 0.608419 0.29219 0.73787 0.311781 1.56242 -0.128774</i>
                        <i>0.402986 -0.910858 -0.0891092 0.570027 0.325977 -0.754193 0.71601 0.253135 0.650578 0.295383 1.56009 -0.15145</i>
                        <i>0.362962 -0.918129 -0.159056 0.480178 0.330583 -0.812492 0.798554 0.218528 0.560854 0.279298 1.55797 -0.169559</i>
                        <i>0.327667 -0.922577 -0.203682 0.41348 0.33387 -0.847092 0.849511 0.193345 0.490865 0.266923 1.55644 -0.181448</i>
                        <i>0.312415 -0.924063 -0.220238 0.38814 0.335779 -0.858254 0.867032 0.182648 0.463569 0.261818 1.55586 -0.185985</i>
                        <i>0.316483 -0.923045 -0.218694 0.387473 0.336226 -0.85838 0.865854 0.186924 0.464064 0.260813 1.55621 -0.18756</i>
                        <i>0.328973 -0.920257 -0.211906 0.383996 0.335365 -0.860278 0.862742 0.201637 0.463701 0.258675 1.55714 -0.191135</i>
                        <i>0.347764 -0.915743 -0.201184 0.378307 0.333386 -0.863561 0.857872 0.224206 0.462372 0.255623 1.55846 -0.196281</i>
                        <i>0.370726 -0.909547 -0.187849 0.37102 0.33046 -0.867837 0.851415 0.252034 0.45997 0.251874 1.55999 -0.20257</i>
                        <i>0.395754 -0.901872 -0.173223 0.362751 0.326802 -0.872704 0.843677 0.282539 0.456488 0.247658 1.56159 -0.209567</i>
                        <i>0.420799 -0.893181 -0.158607 0.354112 0.3227 -0.877764 0.835184 0.313197 0.452078 0.24322 1.5631 -0.216826</i>
                        <i>0.443893 -0.884228 -0.14526 0.345698 0.318541 -0.882624 0.826712 0.341574 0.447073 0.238828 1.56441 -0.223888</i>
                        <i>0.463155 -0.87603 -0.134385 0.338085 0.314798 -0.886905 0.819259 0.365341 0.441973 0.234766 1.56544 -0.230286</i>
                    </KeyFrames>
                </p>
            </i>
            <i>
                <p>
                    <Name>
                        <![CDATA[l_elbow]]>
</Name>
                    <Exclude>0</Exclude>
                    <Additive>0</Additive>
                    <IKPriority>0</IKPriority>
                    <IKRotLimits>-1e+010 -1e+010 -1e+010 1e+010 1e+010 1e+010</IKRotLimits>
                    <IKRotLimitOrder>0</IKRotLimitOrder>
                    <KeyFrames count="17">
                        <i>0.212108 0.505657 0.836254 0.864367 0.302168 -0.40195 -0.455939 0.808087 -0.372981 0.482563 1.28703 0.0291244</i>
                        <i>0.242707 0.493422 0.835242 0.851578 0.30403 -0.42706 -0.464659 0.814924 -0.346397 0.482218 1.2849 0.0141175</i>
                        <i>0.321081 0.469153 0.82268 0.813189 0.30867 -0.493403 -0.485418 0.827417 -0.282402 0.479892 1.28064 -0.022871</i>
                        <i>0.429833 0.436488 0.790394 0.750047 0.314731 -0.581699 -0.502666 0.842866 -0.192105 0.471 1.27516 -0.0735663</i>
                        <i>0.549307 0.399249 0.734072 0.66622 0.321015 -0.673128 -0.504394 0.858807 -0.0896521 0.452791 1.2693 -0.12897</i>
                        <i>0.660077 0.361613 0.658434 0.571758 0.326658 -0.752587 -0.487228 0.87323 0.00886432 0.426465 1.26381 -0.180436</i>
                        <i>0.747103 0.328149 0.578061 0.482115 0.33118 -0.811101 -0.457605 0.884668 0.0892203 0.397361 1.25933 -0.221296</i>
                        <i>0.802126 0.303741 0.514135 0.415544 0.334406 -0.84587 -0.428856 0.89214 0.142018 0.373505 1.25634 -0.247701</i>
                        <i>0.8214 0.293386 0.489108 0.390249 0.336288 -0.857097 -0.415941 0.894894 0.161734 0.363439 1.25528 -0.257623</i>
                        <i>0.819687 0.29761 0.48943 0.389578 0.336745 -0.857223 -0.419931 0.893326 0.160083 0.363757 1.25597 -0.258696</i>
                        <i>0.815023 0.311988 0.488263 0.386093 0.335921 -0.859121 -0.432053 0.888719 0.153327 0.365683 1.2578 -0.260063</i>
                        <i>0.807844 0.333954 0.485658 0.380391 0.333997 -0.862409 -0.450213 0.881431 0.142784 0.368742 1.26059 -0.261721</i>
                        <i>0.798581 0.360924 0.481666 0.373086 0.331139 -0.866691 -0.472308 0.871826 0.129786 0.372462 1.26414 -0.263673</i>
                        <i>0.7878 0.390355 0.47644 0.364797 0.327555 -0.871568 -0.49628 0.860425 0.115647 0.376387 1.26823 -0.265912</i>
                        <i>0.776275 0.419792 0.470289 0.356135 0.323528 -0.87664 -0.520158 0.848 0.101644 0.380097 1.27256 -0.268417</i>
                        <i>0.765021 0.446907 0.463698 0.347699 0.319438 -0.881513 -0.542077 0.835604 0.0889878 0.383216 1.27679 -0.271138</i>
                        <i>0.755266 0.469511 0.457311 0.340066 0.315753 -0.885808 -0.560294 0.824536 0.0788124 0.38542 1.28048 -0.273998</i>
                    </KeyFrames>
                </p>
            </i>
            <i>
                <p>
                    <Name>
                        <![CDATA[l_forearm]]>
</Name>
                    <Exclude>0</Exclude>
                    <Additive>0</Additive>
                    <IKPriority>0</IKPriority>
                    <IKRotLimits>-1e+010 -1e+010 -1e+010 1e+010 1e+010 1e+010</IKRotLimits>
                    <IKRotLimitOrder>0</IKRotLimitOrder>
                    <KeyFrames count="17">
                        <i>0.212109 0.505657 0.836254 0.976277 -0.147749 -0.158285 0.0435172 0.849989 -0.525 0.51706 1.36927 0.165132</i>
                        <i>0.242708 0.493422 0.835241 0.969634 -0.150045 -0.193121 0.0300336 0.856751 -0.514856 0.521692 1.36515 0.14996</i>
                        <i>0.321082 0.469153 0.82268 0.947026 -0.1527 -0.282532 -0.00692764 0.869815 -0.493329 0.532113 1.35695 0.110929</i>
                        <i>0.429834 0.436488 0.790393 0.90132 -0.155531 -0.404267 -0.0535271 0.886165 -0.460268 0.540908 1.34615 0.0549826</i>
                        <i>0.549308 0.39925 0.734071 0.829931 -0.158332 -0.534926 -0.0973419 0.903067 -0.418323 0.54213 1.33423 -0.00958142</i>
                        <i>0.660077 0.361613 0.658433 0.739802 -0.160835 -0.653318 -0.130349 0.918351 -0.373686 0.533819 1.32262 -0.0733486</i>
                        <i>0.747104 0.328149 0.57806 0.647506 -0.162722 -0.744485 -0.150239 0.930505 -0.334049 0.518869 1.3127 -0.127281</i>
                        <i>0.802126 0.303741 0.514135 0.575534 -0.163655 -0.801235 -0.159228 0.938594 -0.306085 0.503963 1.30574 -0.164083</i>
                        <i>0.821401 0.293386 0.489107 0.547163 -0.163306 -0.820941 -0.160978 0.941943 -0.29467 0.497031 1.303 -0.178075</i>
                        <i>0.819687 0.29761 0.48943 0.548578 -0.161963 -0.820262 -0.164849 0.940849 -0.296021 0.497071 1.30437 -0.179096</i>
                        <i>0.815023 0.311988 0.488263 0.551677 -0.160165 -0.818535 -0.177171 0.936488 -0.302655 0.498237 1.30854 -0.180652</i>
                        <i>0.807844 0.333954 0.485657 0.555913 -0.157952 -0.816095 -0.195828 0.929261 -0.31325 0.50013 1.3149 -0.182734</i>
                        <i>0.798582 0.360924 0.481665 0.560752 -0.155379 -0.813274 -0.218689 0.91956 -0.326472 0.502343 1.32284 -0.185335</i>
                        <i>0.7878 0.390355 0.476439 0.565686 -0.152546 -0.810388 -0.24366 0.907939 -0.340994 0.504514 1.33171 -0.188425</i>
                        <i>0.776276 0.419792 0.470288 0.57025 -0.149609 -0.807732 -0.26872 0.895205 -0.355525 0.506349 1.34084 -0.19193</i>
                        <i>0.765022 0.446907 0.463698 0.574026 -0.146787 -0.805573 -0.291951 0.882455 -0.368832 0.507639 1.34947 -0.195723</i>
                        <i>0.755266 0.469511 0.457311 0.576638 -0.144342 -0.804148 -0.311547 0.871048 -0.379754 0.508256 1.35684 -0.199622</i>
                    </KeyFrames>
                </p>
            </i>
            <i>
                <p>
                    <Name>
                        <![CDATA[l_wrist]]>
</Name>
                    <Exclude>0</Exclude>
                    <Additive>0</Additive>
                    <IKPriority>0</IKPriority>
