<?xml version="1.0" encoding="ISO-8859-1" ?>
<Animl Version="1">
    <ModellingPackage>
        <![CDATA[Maya.2010]]>
</ModellingPackage>
    <SrcFile>
        <![CDATA[anims\characters\shared\commando\~src\commando_turn_right_45.mb]]>
</SrcFile>
    <FramesPerSecond>30</FramesPerSecond>
    <TotalFrames>17</TotalFrames>
    <Skeleton>
        <RefFrame>
            <Name>
                <![CDATA[commando_ref_frame]]>
</Name>
            <Exclude>0</Exclude>
            <Additive>0</Additive>
            <IKPriority>0</IKPriority>
            <IKRotLimits>-1e+010 -1e+010 -1e+010 1e+010 1e+010 1e+010</IKRotLimits>
            <IKRotLimitOrder>0</IKRotLimitOrder>
            <KeyFrames count="17">
                <i>1 0 0 0 1 0 0 0 1 0.03386 0 0.03313</i>
                <i>0.998795 0 0.0490677 0 1 0 -0.0490677 0 0.998795 0.0359744 0 0.0314344</i>
                <i>0.995185 0 0.0980171 0 1 0 -0.0980171 0 0.995185 0.0380888 0 0.0297388</i>
                <i>0.989177 0 0.14673 0 1 0 -0.14673 0 0.989177 0.0402031 0 0.0280431</i>
                <i>0.980785 0 0.19509 0 1 0 -0.19509 0 0.980785 0.0423175 0 0.0263475</i>
                <i>0.970031 0 0.24298 0 1 0 -0.24298 0 0.970031 0.0444319 0 0.0246519</i>
                <i>0.95694 0 0.290285 0 1 0 -0.290285 0 0.95694 0.0465462 0 0.0229562</i>
                <i>0.941544 0 0.33689 0 1 0 -0.33689 0 0.941544 0.0486606 0 0.0212606</i>
                <i>0.92388 0 0.382683 0 1 0 -0.382683 0 0.92388 0.050775 0 0.019565</i>
                <i>0.903989 0 0.427555 0 1 0 -0.427555 0 0.903989 0.0528894 0 0.0178694</i>
                <i>0.881921 0 0.471397 0 1 0 -0.471397 0 0.881921 0.0550037 0 0.0161738</i>
                <i>0.857729 0 0.514103 0 1 0 -0.514103 0 0.857729 0.0571181 0 0.0144781</i>
                <i>0.83147 0 0.55557 0 1 0 -0.55557 0 0.83147 0.0592325 0 0.0127825</i>
                <i>0.803208 0 0.595699 0 1 0 -0.595699 0 0.803208 0.0613469 0 0.0110869</i>
                <i>0.77301 0 0.634393 0 1 0 -0.634393 0 0.77301 0.0634612 0 0.00939125</i>
                <i>0.740951 0 0.671559 0 1 0 -0.671559 0 0.740951 0.0655756 0 0.00769563</i>
                <i>0.707107 0 0.707107 0 1 0 -0.707107 0 0.707107 0.06769 0 0.006</i>
            </KeyFrames>
        </RefFrame>
        <Bones count="28">
            <i>
                <p>
                    <Name>
                        <![CDATA[pelvis]]>
</Name>
                    <Exclude>0</Exclude>
                    <Additive>0</Additive>
                    <IKPriority>0</IKPriority>
                    <IKRotLimits>-1e+010 -1e+010 -1e+010 1e+010 1e+010 1e+010</IKRotLimits>
                    <IKRotLimitOrder>2</IKRotLimitOrder>
                    <KeyFrames count="17">
                        <i>1 0 0 0 1 0 0 0 1 0.0338564 1.06346 0.0331314</i>
                        <i>1 0 0 0 1 0 0 0 1 0.02646 1.06387 0.0381393</i>
                        <i>1 0 0 0 1 0 0 0 1 0.0180858 1.06438 0.0441728</i>
                        <i>1 0 0 0 1 0 0 0 1 0.00951029 1.06493 0.0506093</i>
                        <i>1 0 0 0 1 0 0 0 1 0.00148217 1.06547 0.0568536</i>
                        <i>1 0 0 0 1 0 0 0 1 -0.0052872 1.06597 0.0623331</i>
                        <i>1 0 0 0 1 0 0 0 1 -0.0101299 1.06637 0.0664868</i>
                        <i>1 0 0 0 1 0 0 0 1 -0.0124197 1.06664 0.0687513</i>
                        <i>1 0 0 0 1 0 0 0 1 -0.0115617 1.06675 0.068546</i>
                        <i>1 0 0 0 1 0 0 0 1 -0.00611633 1.06664 0.0645955</i>
                        <i>1 0 0 0 1 0 0 0 1 0.00385193 1.06631 0.0569272</i>
                        <i>1 0 0 0 1 0 0 0 1 0.016695 1.06585 0.0468591</i>
                        <i>1 0 0 0 1 0 0 0 1 0.0307919 1.0653 0.035686</i>
                        <i>1 0 0 0 1 0 0 0 1 0.0445377 1.06474 0.0247004</i>
                        <i>1 0 0 0 1 0 0 0 1 0.0563348 1.06425 0.0152069</i>
                        <i>1 0 0 0 1 0 0 0 1 0.0645863 1.0639 0.00852754</i>
                        <i>1 0 0 0 1 0 0 0 1 0.0676927 1.06376 0.00600143</i>
                    </KeyFrames>
                </p>
            </i>
            <i>
                <p>
                    <Name>
                        <![CDATA[spine0]]>
</Name>
                    <Exclude>0</Exclude>
                    <Additive>0</Additive>
                    <IKPriority>0</IKPriority>
                    <IKRotLimits>-1e+010 -1e+010 -1e+010 1e+010 1e+010 1e+010</IKRotLimits>
                    <IKRotLimitOrder>0</IKRotLimitOrder>
                    <KeyFrames count="17">
                        <i>-0.0158726 0.998964 -0.0426559 -0.940751 -0.0293728 -0.337824 -0.338727 0.0347664 0.940242 0.0457415 1.19529 -0.0232117</i>
                        <i>-0.00671591 0.998679 -0.0509367 -0.927572 -0.0252515 -0.37279 -0.373584 0.0447439 0.926517 0.0426349 1.19391 -0.0212339</i>
                        <i>0.00438777 0.998336 -0.0574949 -0.91382 -0.0193459 -0.405659 -0.406096 0.0543199 0.912214 0.0391916 1.19234 -0.0180956</i>
                        <i>0.01627 0.997955 -0.0618168 -0.899282 -0.01242 -0.437193 -0.437067 0.0627038 0.897241 0.0358683 1.19067 -0.0141217</i>
                        <i>0.0278053 0.99758 -0.0637223 -0.883596 -0.00528018 -0.46822 -0.467423 0.0693238 0.881311 0.0331262 1.18903 -0.00969227</i>
                        <i>0.0380352 0.997265 -0.0633636 -0.866242 0.00129328 -0.499623 -0.498175 0.0738914 0.863922 0.0314458 1.18755 -0.00523078</i>
                        <i>0.0462344 0.997057 -0.0611563 -0.84653 0.00660475 -0.5323 -0.530329 0.0763812 0.844344 0.0313212 1.18636 -0.0011907</i>
                        <i>0.0518997 0.996986 -0.0576725 -0.823597 0.0100695 -0.567086 -0.564796 0.0769305 0.821637 0.0332357 1.18559 0.0019507</i>
                        <i>0.0546624 0.997069 -0.0535307 -0.79639 0.0111965 -0.60468 -0.602308 0.0756845 0.794668 0.0376243 1.18537 0.00368513</i>
                        <i>0.0531001 0.997434 -0.0480199 -0.759673 0.00913766 -0.650241 -0.648133 0.0710073 0.758209 0.0458499 1.186 0.00337486</i>
                        <i>0.0466014 0.998073 -0.0409748 -0.710449 0.0042807 -0.703736 -0.702204 0.0619056 0.709279 0.0576171 1.18751 0.00110201</i>
                        <i>0.0361277 0.998781 -0.0336261 -0.651852 -0.00195262 -0.758344 -0.757485 0.0493165 0.650987 0.0709207 1.18954 -0.00268826</i>
                        <i>0.0229753 0.999372 -0.0269761 -0.588636 -0.00828743 -0.808356 -0.808072 0.0344513 0.588076 0.0840638 1.19174 -0.00757637</i>
                        <i>0.00889617 0.999724 -0.021722 -0.527041 -0.013773 -0.849728 -0.849793 0.0190077 0.526774 0.0957437 1.19378 -0.0130231</i>
                        <i>-0.00397241 0.999827 -0.0181541 -0.474204 -0.0178667 -0.880234 -0.880406 0.00511211 0.474193 0.105007 1.19543 -0.0182535</i>
                        <i>-0.0133248 0.99978 -0.0161765 -0.437443 -0.0203763 -0.899015 -0.899148 -0.00490293 0.437618 0.111108 1.19651 -0.0222397</i>
                        <i>-0.0169129 0.999736 -0.0155425 -0.423736 -0.0212465 -0.905537 -0.905628 -0.00872933 0.423983 0.113326 1.1969 -0.0238188</i>
                    </KeyFrames>
                </p>
            </i>
            <i>
                <p>
                    <Name>
                        <![CDATA[spine1]]>
</Name>
                    <Exclude>0</Exclude>
                    <Additive>0</Additive>
                    <IKPriority>0</IKPriority>
                    <IKRotLimits>-1e+010 -1e+010 -1e+010 1e+010 1e+010 1e+010</IKRotLimits>
                    <IKRotLimitOrder>0</IKRotLimitOrder>
                    <KeyFrames count="17">
                        <i>0.0369112 0.99802 0.0509349 -0.980148 0.0460918 -0.192835 -0.194801 -0.042806 0.979908 0.0430301 1.36584 -0.0304894</i>
                        <i>0.0317278 0.996698 0.0747472 -0.965928 0.0497952 -0.253977 -0.25686 -0.0641423 0.964318 0.0414828 1.36525 -0.0299735</i>
                        <i>0.0225945 0.994505 0.102224 -0.947419 0.0539458 -0.315415 -0.319197 -0.0897222 0.943432 0.0399521 1.36473 -0.0280303</i>
                        <i>0.010066 0.99139 0.130551 -0.924793 0.0588883 -0.375885 -0.380337 -0.116949 0.917424 0.0387057 1.3643 -0.0248906</i>
                        <i>-0.00503043 0.987554 0.157201 -0.898489 0.0645445 -0.434226 -0.438968 -0.143428 0.886981 0.0380142 1.364 -0.0208898</i>
                        <i>-0.0216653 0.983425 0.180016 -0.869216 0.0704335 -0.48939 -0.493958 -0.167075 0.853283 0.038185 1.36383 -0.0164589</i>
                        <i>-0.0386388 0.979597 0.197224 -0.837951 0.0757601 -0.540461 -0.544375 -0.186147 0.817927 0.0395686 1.36377 -0.0121055</i>
                        <i>-0.0545594 0.976733 0.207405 -0.8059 0.0795625 -0.586682 -0.589533 -0.199157 0.782808 0.0425369 1.36379 -0.00839364</i>
                        <i>-0.0677568 0.975478 0.209408 -0.77441 0.0809139 -0.627489 -0.629046 -0.204684 0.749937 0.0474374 1.36386 -0.0059341</i>
                        <i>-0.0776244 0.976518 0.200967 -0.742216 0.077982 -0.665608 -0.66565 -0.200828 0.718734 0.0553575 1.36407 -0.0052305</i>
                        <i>-0.0834364 0.979565 0.183005 -0.707801 0.0710164 -0.702833 -0.701467 -0.188173 0.687412 0.0659057 1.36449 -0.0061891</i>
                        <i>-0.0834171 0.983659 0.159553 -0.672394 0.0626108 -0.737541 -0.735478 -0.168806 0.656183 0.0772895 1.36507 -0.00861464</i>
                        <i>-0.0770757 0.987879 0.134737 -0.637723 0.0550326 -0.768298 -0.7664 -0.145142 0.625751 0.0880763 1.36572 -0.012282</i>
                        <i>-0.0657332 0.991507 0.11222 -0.606069 0.0496703 -0.79386 -0.792691 -0.120196 0.597657 0.0972852 1.36636 -0.0167765</i>
                        <i>-0.0524374 0.99413 0.0946352 -0.580103 0.0468127 -0.813197 -0.812854 -0.0975401 0.574243 0.104325 1.36691 -0.0213672</i>
                        <i>-0.0413446 0.995655 0.0834421 -0.562613 0.0458154 -0.82545 -0.825686 -0.0810735 0.558274 0.108828 1.36729 -0.0250012</i>
                        <i>-0.0367927 0.996157 0.0794783 -0.556245 0.0456579 -0.829763 -0.830203 -0.0747387 0.552428 0.110436 1.36744 -0.0264677</i>
                    </KeyFrames>
                </p>
            </i>
            <i>
                <p>
                    <Name>
                        <![CDATA[spine2]]>
</Name>
                    <Exclude>0</Exclude>
                    <Additive>0</Additive>
                    <IKPriority>0</IKPriority>
                    <IKRotLimits>-1e+010 -1e+010 -1e+010 1e+010 1e+010 1e+010</IKRotLimits>
                    <IKRotLimitOrder>0</IKRotLimitOrder>
                    <KeyFrames count="17">
                        <i>0.0748316 0.989238 0.125733 -0.995853 0.0806755 -0.0420408 -0.051732 -0.122066 0.991173 0.0489905 1.52276 -0.0224485</i>
                        <i>0.0658468 0.98607 0.152744 -0.988067 0.0857951 -0.12792 -0.139242 -0.142498 0.979952 0.0466218 1.52272 -0.0181179</i>
                        <i>0.0521384 0.981568 0.183864 -0.971782 0.0922812 -0.21708 -0.230046 -0.167357 0.958682 0.043634 1.52282 -0.011718</i>
                        <i>0.0338352 0.975881 0.215667 -0.946793 0.100403 -0.30578 -0.320059 -0.193846 0.927354 0.0403665 1.52306 -0.00390814</i>
                        <i>0.0118406 0.969445 0.245023 -0.914081 0.10983 -0.390376 -0.405359 -0.219349 0.887452 0.0372077 1.52338 0.00457104</i>
                        <i>-0.0122776 0.962965 0.269348 -0.875767 0.119645 -0.467671 -0.482577 -0.241628 0.841864 0.0346247 1.52375 0.012914</i>
                        <i>-0.036461 0.957319 0.286725 -0.834894 0.128499 -0.535201 -0.549202 -0.258899 0.794574 0.03317 1.52409 0.0202773</i>
                        <i>-0.0583275 0.953452 0.295849 -0.795082 0.134843 -0.591322 -0.60369 -0.269715 0.750208 0.0334655 1.52435 0.0258046</i>
                        <i>-0.0752837 0.952267 0.295837 -0.760187 0.137191 -0.635055 -0.645328 -0.272701 0.713573 0.0361663 1.52445 0.0286417</i>
                        <i>-0.0857277 0.954864 0.284403 -0.732471 0.133099 -0.667661 -0.675379 -0.265554 0.688 0.042504 1.52441 0.0278596</i>
                        <i>-0.0892557 0.960799 0.262485 -0.711415 0.122944 -0.691934 -0.697081 -0.248495 0.672553 0.0522161 1.52428 0.0237472</i>
                        <i>-0.0854653 0.968449 0.2341 -0.696347 0.109987 -0.709228 -0.712599 -0.223629 0.664976 0.0637609 1.52413 0.0172679</i>
                        <i>-0.0751008 0.976235 0.203286 -0.686284 0.0972994 -0.720796 -0.723446 -0.193644 0.662667 0.0757288 1.52401 0.00939434</i>
                        <i>-0.0603469 0.982901 0.173966 -0.680105 0.0870811 -0.727924 -0.730626 -0.162244 0.663221 0.0868779 1.52394 0.00115743</i>
                        <i>-0.0446767 0.987731 0.149638 -0.676739 0.0802607 -0.731835 -0.734866 -0.133962 0.664851 0.0961107 1.52393 -0.00630674</i>
                        <i>-0.0322803 0.990565 0.133187 -0.675289 0.0766252 -0.733562 -0.736847 -0.113619 0.666444 0.102407 1.52394 -0.0117468</i>
                        <i>-0.0273212 0.991511 0.127123 -0.674985 0.0755022 -0.733958 -0.737325 -0.105858 0.667192 0.104745 1.52395 -0.0138485</i>
                    </KeyFrames>
                </p>
            </i>
            <i>
                <p>
                    <Name>
                        <![CDATA[head]]>
</Name>
                    <Exclude>0</Exclude>
                    <Additive>0</Additive>
                    <IKPriority>0</IKPriority>
                    <IKRotLimits>-1e+010 -1e+010 -1e+010 1e+010 1e+010 1e+010</IKRotLimits>
                    <IKRotLimitOrder>0</IKRotLimitOrder>
                    <KeyFrames count="17">
                        <i>-0.00292567 0.998565 0.0534691 0.054557 0.0535491 -0.997074 -0.998506 -4.434e-009 -0.0546354 0.0410066 1.77864 -0.00685167</i>
                        <i>-0.0131564 0.997541 0.0688319 0.187278 0.070078 -0.979804 -0.982219 -4.76824e-009 -0.187739 0.0384631 1.77886 0.000950467</i>
                        <i>-0.0386793 0.995446 0.0871265 0.403909 0.0953264 -0.909819 -0.913981 -8.82401e-009 -0.405756 0.0346072 1.77918 0.0120023</i>
                        <i>-0.0767052 0.992832 0.0916613 0.637166 0.119522 -0.761402 -0.7669 -2.34838e-009 -0.641767 0.029597 1.77953 0.0250145</i>
                        <i>-0.0965032 0.991599 0.0861345 0.739782 0.129352 -0.660296 -0.665891 -3.36954e-009 -0.74605 0.0238346 1.77985 0.0385892</i>
                        <i>-0.0981385 0.991392 0.0866628 0.74312 0.130926 -0.656225 -0.661922 4.84382e-009 -0.749572 0.0180031 1.78011 0.0512976</i>
                        <i>-0.0995247 0.991213 0.0871266 0.745806 0.132273 -0.652899 -0.658687 -1.25068e-008 -0.752417 0.013051 1.78031 0.0617575</i>
                        <i>-0.100502 0.991088 0.0874329 0.747733 0.133211 -0.6505 -0.65635 -8.15899e-009 -0.754457 0.010128 1.78045 0.0686848</i>
                        <i>-0.100919 0.991042 0.0874738 0.74888 0.133553 -0.649109 -0.654977 -1.01374e-008 -0.755649 0.0104894 1.78055 0.070897</i>
                        <i>-0.100614 0.991103 0.0871264 0.749233 0.133095 -0.648795 -0.654619 -1.20223e-008 -0.755959 0.0158062 1.78063 0.0668196</i>
                        <i>-0.0996643 0.991262 0.0864078 0.748967 0.131906 -0.649345 -0.655069 -8.97097e-009 -0.755569 0.0259039 1.7807 0.0569658</i>
                        <i>-0.0982813 0.991485 0.0854262 0.748315 0.130219 -0.650436 -0.656022 5.66315e-009 -0.754742 0.0391649 1.78069 0.0432988</i>
                        <i>-0.0966772 0.991739 0.0843053 0.747459 0.128273 -0.651806 -0.657235 -5.09491e-009 -0.753686 0.0538794 1.78058 0.0277525</i>
                        <i>-0.0950634 0.99199 0.0831806 0.746548 0.126317 -0.653231 -0.658506 -5.11198e-009 -0.752576 0.0683049 1.78037 0.0122552</i>
                        <i>-0.0936504 0.992206 0.0821959 0.745717 0.124606 -0.654508 -0.659649 -1.563e-009 -0.751574 0.0807048 1.7801 -0.00125295</i>
                        <i>-0.0926484 0.992358 0.0814982 0.745106 0.123392 -0.655433 -0.66048 -3.64564e-009 -0.750844 0.0893711 1.77987 -0.0108116</i>
                        <i>-0.0922676 0.992415 0.0812339 0.744866 0.122932 -0.655792 -0.660804 2.96012e-009 -0.750558 0.0926283 1.77977 -0.0144405</i>
                    </KeyFrames>
                </p>
            </i>
            <i>
                <p>
                    <Name>
                        <![CDATA[head_prop]]>
</Name>
                    <Exclude>0</Exclude>
                    <Additive>0</Additive>
                    <IKPriority>0</IKPriority>
                    <IKRotLimits>-1e+010 -1e+010 -1e+010 1e+010 1e+010 1e+010</IKRotLimits>
                    <IKRotLimitOrder>0</IKRotLimitOrder>
                    <KeyFrames count="17">
                        <i>0.998506 4.434e-009 0.0546354 -0.00292567 0.998565 0.0534691 -0.054557 -0.0535491 0.997074 0.00270147 1.84064 0.217306</i>
                        <i>0.982219 4.76824e-009 0.187739 -0.0131564 0.997541 0.0688319 -0.187278 -0.070078 0.979804 -0.0296758 1.83711 0.218946</i>
                        <i>0.913981 8.82401e-009 0.405756 -0.0386793 0.995446 0.0871265 -0.403909 -0.0953264 0.909819 -0.0817972 1.83167 0.210127</i>
                        <i>0.7669 2.34838e-009 0.641767 -0.0767052 0.992832 0.0916613 -0.637166 -0.119522 0.761402 -0.137644 1.82645 0.18435</i>
                        <i>0.665891 3.36954e-009 0.74605 -0.0965032 0.991599 0.0861345 -0.739782 -0.129352 0.660296 -0.165054 1.82449 0.172331</i>
                        <i>0.661922 -4.84382e-009 0.749572 -0.0981385 0.991392 0.0866628 -0.74312 -0.130926 0.656225 -0.171645 1.82439 0.184082</i>
                        <i>0.658687 1.25068e-008 0.752417 -0.0995247 0.991213 0.0871266 -0.745806 -0.132273 0.652899 -0.177213 1.82427 0.193763</i>
                        <i>0.65635 8.15899e-009 0.754457 -0.100502 0.991088 0.0874329 -0.747733 -0.133211 0.6505 -0.180575 1.82419 0.200127</i>
                        <i>0.654977 1.01374e-008 0.755649 -0.100919 0.991042 0.0874738 -0.74888 -0.133553 0.649109 -0.180464 1.82421 0.202002</i>
                        <i>0.654619 1.20223e-008 0.755959 -0.100614 0.991103 0.0871264 -0.749233 -0.133095 0.648795 -0.175194 1.8244 0.197821</i>
                        <i>0.655069 8.97097e-009 0.755569 -0.0996643 0.991262 0.0864078 -0.748967 -0.131906 0.649345 -0.164979 1.82475 0.188046</i>
                        <i>0.656022 -5.66315e-009 0.754742 -0.0982813 0.991485 0.0854262 -0.748315 -0.130219 0.650436 -0.151495 1.82513 0.17457</i>
                        <i>0.657235 5.09491e-009 0.753686 -0.0966772 0.991739 0.0843053 -0.747459 -0.128273 0.651806 -0.136503 1.82547 0.159273</i>
                        <i>0.658506 5.11198e-009 0.752576 -0.0950634 0.99199 0.0831806 -0.746548 -0.126317 0.653231 -0.121789 1.82571 0.144038</i>
                        <i>0.659649 1.563e-009 0.751574 -0.0936504 0.992206 0.0821959 -0.745717 -0.124606 0.654508 -0.109129 1.82584 0.130767</i>
                        <i>0.66048 3.64564e-009 0.750844 -0.0926484 0.992358 0.0814982 -0.745106 -0.123392 0.655433 -0.100275 1.82589 0.121381</i>
                        <i>0.660804 -2.96012e-009 0.750558 -0.0922676 0.992415 0.0812339 -0.744866 -0.122932 0.655792 -0.0969443 1.8259 0.11782</i>
                    </KeyFrames>
                </p>
            </i>
            <i>
                <p>
                    <Name>
                        <![CDATA[ponytail_1]]>
</Name>
                    <Exclude>0</Exclude>
                    <Additive>0</Additive>
                    <IKPriority>0</IKPriority>
                    <IKRotLimits>-1e+010 -1e+010 -1e+010 1e+010 1e+010 1e+010</IKRotLimits>
                    <IKRotLimitOrder>0</IKRotLimitOrder>
                    <KeyFrames count="17">
                        <i>0.96525 -0.258412 0.0389374 0.00456977 0.165665 0.986171 -0.261289 -0.951724 0.161089 0.038462 1.95339 -0.125717</i>
                        <i>0.953557 -0.25252 0.1642 -0.0896304 0.28256 0.955053 -0.287567 -0.925415 0.246804 0.0512986 1.95555 -0.114328</i>
                        <i>0.897101 -0.235963 0.373539 -0.292544 0.31634 0.902412 -0.331101 -0.918831 0.21476 0.071439 1.95875 -0.0932298</i>
                        <i>0.765759 -0.210157 0.607822 -0.600555 0.10448 0.792728 -0.230102 -0.972069 -0.0462048 0.0911589 1.96175 -0.0626293</i>
                        <i>0.672429 -0.176722 0.718755 -0.739955 -0.137534 0.658446 -0.0175088 -0.974604 -0.223247 0.0960876 1.96312 -0.0380111</i>
                        <i>0.669132 -0.136704 0.730462 -0.74029 -0.208682 0.63908 0.0650691 -0.968382 -0.240836 0.0904435 1.96355 -0.0247257</i>
                        <i>0.665049 -0.0911632 0.741215 -0.7372 -0.238773 0.632079 0.11936 -0.966787 -0.226001 0.0856306 1.96388 -0.0137887</i>
                        <i>0.659979 -0.0414468 0.75014 -0.72368 -0.303244 0.619944 0.201781 -0.952011 -0.230129 0.0828106 1.96412 -0.00652193</i>
                        <i>0.653813 0.0110313 0.756576 -0.709764 -0.337586 0.618281 0.262229 -0.94123 -0.212888 0.0832607 1.96426 -0.00413594</i>
                        <i>0.646638 0.0648121 0.760038 -0.715317 -0.294516 0.633705 0.264915 -0.953446 -0.144084 0.0886772 1.9643 -0.00823436</i>
                        <i>0.638472 0.11842 0.76048 -0.734468 -0.201563 0.648019 0.230023 -0.972291 -0.0417164 0.0988965 1.96424 -0.0182758</i>
                        <i>0.629372 0.170392 0.758194 -0.76182 -0.0572679 0.645252 0.153366 -0.983711 0.0937653 0.112298 1.96405 -0.0322397</i>
                        <i>0.619584 0.219313 0.753669 -0.782265 0.0934675 0.615894 0.0646297 -0.971167 0.229472 0.127162 1.96373 -0.0481399</i>
                        <i>0.609502 0.263842 0.747592 -0.792698 0.216766 0.569775 -0.0117218 -0.939893 0.341266 0.141731 1.96331 -0.0639984</i>
                        <i>0.59962 0.302735 0.740815 -0.79892 0.280481 0.532031 -0.0467202 -0.910869 0.410043 0.154252 1.96286 -0.0778261</i>
                        <i>0.590486 0.334836 0.73431 -0.806983 0.233414 0.542491 0.0102475 -0.912909 0.408034 0.163001 1.9625 -0.0876137</i>
                        <i>0.582655 0.359059 0.729102 -0.803634 0.120772 0.58274 0.121183 -0.925468 0.358921 0.166289 1.96235 -0.0913304</i>
                    </KeyFrames>
                </p>
            </i>
            <i>
                <p>
                    <Name>
                        <![CDATA[ponytail_2]]>
</Name>
                    <Exclude>0</Exclude>
                    <Additive>0</Additive>
                    <IKPriority>0</IKPriority>
                    <IKRotLimits>-1e+010 -1e+010 -1e+010 1e+010 1e+010 1e+010</IKRotLimits>
                    <IKRotLimitOrder>0</IKRotLimitOrder>
                    <KeyFrames count="17">
                        <i>0.96525 -0.258412 0.0389374 -0.0939637 -0.20416 0.974418 -0.243852 -0.944215 -0.221346 0.0352295 1.92477 -0.235516</i>
                        <i>0.953557 -0.25252 0.1642 -0.162666 0.0270885 0.986309 -0.253511 -0.967212 -0.0152461 0.0584411 1.91399 -0.219719</i>
                        <i>0.897101 -0.235963 0.373539 -0.276488 0.359625 0.891193 -0.344623 -0.902769 0.257379 0.101066 1.91344 -0.193004</i>
                        <i>0.765759 -0.210157 0.607822 -0.348731 0.658411 0.666994 -0.54037 -0.722723 0.430896 0.156652 1.93984 -0.152717</i>
                        <i>0.672429 -0.176722 0.718755 -0.2476 0.861425 0.443442 -0.69752 -0.476147 0.535491 0.179548 1.96854 -0.114761</i>
                        <i>0.669132 -0.136704 0.730462 -0.112225 0.953074 0.281168 -0.734621 -0.270114 0.622391 0.1748 1.97707 -0.0994688</i>
                        <i>0.665049 -0.0911632 0.741215 -0.128384 0.963789 0.233729 -0.735682 -0.250601 0.629262 0.170202 1.98083 -0.0875862</i>
                        <i>0.659979 -0.0414468 0.75014 -0.451307 0.776374 0.43996 -0.600625 -0.628908 0.493685 0.166711 1.9885 -0.0789906</i>
                        <i>0.653813 0.0110313 0.756576 -0.705493 0.370321 0.604269 -0.27351 -0.928838 0.249903 0.166216 1.99263 -0.0762375</i>
                        <i>0.646638 0.0648121 0.760038 -0.760437 0.133088 0.635628 -0.0599556 -0.988983 0.135345 0.172288 1.98768 -0.0813642</i>
                        <i>0.638472 0.11842 0.76048 -0.761893 -0.0426365 0.646297 0.108959 -0.992048 0.0630013 0.18431 1.97691 -0.0919597</i>
                        <i>0.629372 0.170392 0.758194 -0.696759 -0.308316 0.647664 0.34412 -0.935899 -0.0753233 0.200006 1.9603 -0.104203</i>
                        <i>0.619584 0.219313 0.753669 -0.644305 -0.406305 0.647909 0.448315 -0.887028 -0.110436 0.216259 1.94307 -0.115374</i>
                        <i>0.609502 0.263842 0.747592 -0.755309 -0.0932448 0.648702 0.240864 -0.960048 0.14245 0.231213 1.92904 -0.124857</i>
                        <i>0.59962 0.302735 0.740815 -0.795799 0.323428 0.511955 -0.0846137 -0.896519 0.43485 0.244074 1.92169 -0.133703</i>
                        <i>0.590486 0.334836 0.73431 -0.741548 0.584166 0.329935 -0.318485 -0.739348 0.593239 0.254327 1.92663 -0.144694</i>
                        <i>0.582655 0.359059 0.729102 -0.633511 0.762614 0.130702 -0.509094 -0.538048 0.671809 0.258389 1.93908 -0.153471</i>
                    </KeyFrames>
                </p>
            </i>
            <i>
                <p>
                    <Name>
                        <![CDATA[ponytail_3]]>
</Name>
                    <Exclude>0</Exclude>
                    <Additive>0</Additive>
                    <IKPriority>0</IKPriority>
                    <IKRotLimits>-1e+010 -1e+010 -1e+010 1e+010 1e+010 1e+010</IKRotLimits>
                    <IKRotLimitOrder>0</IKRotLimitOrder>
                    <KeyFrames count="17">
                        <i>0.96525 -0.258412 0.0389374 -0.153585 -0.440402 0.884567 -0.211434 -0.859808 -0.464786 0.0418068 1.93745 -0.314462</i>
                        <i>0.953557 -0.25252 0.1642 -0.282634 -0.56163 0.777618 -0.104145 -0.787912 -0.606917 0.0704858 1.90805 -0.298813</i>
                        <i>0.897101 -0.235963 0.373539 -0.441711 -0.49826 0.746075 0.0100738 -0.834301 -0.551217 0.121875 1.8811 -0.263411</i>
                        <i>0.765759 -0.210157 0.607822 -0.63838 -0.133746 0.758013 -0.0780082 -0.968476 -0.236577 0.182487 1.88425 -0.204482</i>
                        <i>0.672429 -0.176722 0.718755 -0.61568 0.405447 0.675685 -0.410826 -0.896873 0.163831 0.196665 1.89765 -0.148203</i>
                        <i>0.669132 -0.136704 0.730462 -0.296331 0.852326 0.430961 -0.681506 -0.504828 0.529809 0.180924 1.89965 -0.119569</i>
                        <i>0.665049 -0.0911632 0.741215 0.0571249 0.995823 0.0712231 -0.744612 -0.00502509 0.667479 0.177617 1.90262 -0.103858</i>
                        <i>0.659979 -0.0414468 0.75014 0.273822 0.943067 -0.188804 -0.699607 0.330012 0.633753 0.200529 1.92384 -0.112317</i>
                        <i>0.653813 0.0110313 0.756576 0.24237 0.944156 -0.223216 -0.716788 0.329313 0.614628 0.22168 1.95933 -0.123683</i>
                        <i>0.646638 0.0648121 0.760038 -0.322224 0.926329 0.195155 -0.691398 -0.371097 0.619884 0.232989 1.97315 -0.13177</i>
                        <i>0.638472 0.11842 0.76048 -0.753209 0.299251 0.585769 -0.158207 -0.946798 0.280258 0.245787 1.97646 -0.143503</i>
                        <i>0.629372 0.170392 0.758194 -0.700762 -0.297277 0.648506 0.335894 -0.939464 -0.0676932 0.257182 1.98135 -0.156395</i>
                        <i>0.619584 0.219313 0.753669 -0.507143 -0.621006 0.597626 0.5991 -0.752498 -0.273543 0.269639 1.97217 -0.167723</i>
                        <i>0.609502 0.263842 0.747592 -0.457643 -0.652918 0.60354 0.647356 -0.709989 -0.277209 0.292678 1.93276 -0.176282</i>
                        <i>0.59962 0.302735 0.740815 -0.550905 -0.515299 0.656483 0.580482 -0.801759 -0.142205 0.307512 1.89227 -0.173029</i>
                        <i>0.590486 0.334836 0.73431 -0.726382 -0.176012 0.664371 0.351703 -0.925691 0.139286 0.312505 1.87693 -0.168816</i>
                        <i>0.582655 0.359059 0.729102 -0.810465 0.323479 0.488372 -0.0604947 -0.875464 0.479481 0.307165 1.87587 -0.161321</i>
                    </KeyFrames>
                </p>
            </i>
            <i>
                <p>
                    <Name>
                        <![CDATA[l_clav]]>
</Name>
                    <Exclude>0</Exclude>
                    <Additive>0</Additive>
                    <IKPriority>0</IKPriority>
                    <IKRotLimits>-1e+010 -1e+010 -1e+010 1e+010 1e+010 1e+010</IKRotLimits>
                    <IKRotLimitOrder>0</IKRotLimitOrder>
                    <KeyFrames count="17">
                        <i>0.992869 -0.035351 -0.11385 0.0197658 0.990619 -0.135217 0.117562 0.132003 0.984253 0.13647 1.57229 0.0252269</i>
                        <i>0.99879 -0.041213 -0.0268231 0.0376563 0.991844 -0.121764 0.0316226 0.120606 0.992197 0.129472 1.5715 0.0389352</i>
                        <i>0.996752 -0.0476451 0.0649215 0.0541278 0.993304 -0.102061 -0.0596242 0.105243 0.992657 0.120588 1.57065 0.0549483</i>
                        <i>0.986016 -0.0542698 0.157567 0.0672401 0.994669 -0.0781851 -0.152484 0.0876866 0.984408 0.110364 1.56979 0.0720118</i>
                        <i>0.967028 -0.0606947 0.247333 0.075972 0.995717 -0.0526911 -0.243076 0.0697442 0.967497 0.0995171 1.56898 0.0888849</i>
                        <i>0.941373 -0.0665146 0.330746 0.080356 0.996363 -0.0283367 -0.327659 0.0532529 0.943294 0.0889378 1.56828 0.104389</i>
                        <i>0.911603 -0.0713143 0.404839 0.0814277 0.996649 -0.0077916 -0.402927 0.0400679 0.914355 0.0796629 1.56774 0.117441</i>
                        <i>0.880967 -0.0746712 0.467249 0.0809928 0.996693 0.00657539 -0.466195 0.0320512 0.884101 0.0728302 1.56741 0.127068</i>
                        <i>0.853093 -0.0761573 0.516172 0.0812537 0.996612 0.0127523 -0.515394 0.031062 0.85639 0.0696287 1.56737 0.132387</i>
                        <i>0.83032 -0.0747776 0.552247 0.0842137 0.996413 0.00830249 -0.550887 0.039613 0.833639 0.0715396 1.56777 0.132427</i>
                        <i>0.812644 -0.0704637 0.578485 0.0904155 0.995888 -0.00570749 -0.575704 0.0569422 0.815673 0.0782285 1.56864 0.127774</i>
                        <i>0.799875 -0.0641791 0.596725 0.0991978 0.994728 -0.0259836 -0.591912 0.0799774 0.802025 0.0881637 1.56985 0.119884</i>
                        <i>0.791456 -0.0568873 0.608574 0.109338 0.992777 -0.049394 -0.601368 0.105634 0.791959 0.0998048 1.57125 0.11019</i>
                        <i>0.786596 -0.0495494 0.615477 0.119409 0.990166 -0.0728943 -0.605812 0.130832 0.784777 0.111599 1.57269 0.100122</i>
                        <i>0.784372 -0.0431232 0.61879 0.128018 0.987358 -0.0934652 -0.606937 0.152528 0.779976 0.121982 1.57398 0.091121</i>
                        <i>0.78379 -0.0385652 0.619828 0.133934 0.98508 -0.108072 -0.606412 0.167722 0.77726 0.129375 1.5749 0.0846439</i>
                        <i>0.783826 -0.0368326 0.619887 0.136115 0.984154 -0.113636 -0.605879 0.173447 0.776419 0.132193 1.57526 0.0821588</i>
                    </KeyFrames>
                </p>
            </i>
            <i>
                <p>
                    <Name>
                        <![CDATA[l_shoulder]]>
</Name>
                    <Exclude>0</Exclude>
                    <Additive>0</Additive>
                    <IKPriority>0</IKPriority>
                    <IKRotLimits>-1e+010 -1e+010 -1e+010 1e+010 1e+010 1e+010</IKRotLimits>
                    <IKRotLimitOrder>0</IKRotLimitOrder>
                    <KeyFrames count="17">
                        <i>0.422525 -0.87603 0.232476 0.866199 0.314798 -0.388074 0.266782 0.365341 0.891826 0.328842 1.56544 0.00316813</i>
                        <i>0.395194 -0.88134 0.258962 0.898784 0.312751 -0.307202 0.189759 0.354155 0.915732 0.32299 1.56351 0.0337382</i>
                        <i>0.364952 -0.887553 0.281176 0.924965 0.31124 -0.218106 0.106067 0.339676 0.934543 0.313712 1.56142 0.0675271</i>
                        <i>0.333658 -0.893998 0.299065 0.942508 0.31006 -0.124663 0.0187203 0.323466 0.946054 0.301408 1.55928 0.102541</i>
                        <i>0.302925 -0.900083 0.313189 0.950534 0.30905 -0.0311939 -0.0687139 0.307146 0.949179 0.286882 1.55722 0.136807</i>
                        <i>0.273952 -0.905308 0.324604 0.949592 0.3081 0.0578639 -0.152395 0.29239 0.944078 0.271331 1.5554 0.168472</i>
                        <i>0.247454 -0.909256 0.334693 0.941563 0.307146 0.138279 -0.228531 0.280917 0.932126 0.256289 1.55392 0.19588</i>
                        <i>0.223723 -0.911558 0.344978 0.929369 0.306153 0.20626 -0.293634 0.274467 0.915667 0.24352 1.55295 0.217599</i>
                        <i>0.20281 -0.911825 0.356993 0.91656 0.305084 0.258537 -0.344653 0.274772 0.897616 0.234918 1.55261 0.232396</i>
                        <i>0.184005 -0.909209 0.373471 0.906037 0.30421 0.294198 -0.381101 0.284245 0.879754 0.232417 1.55328 0.239426</i>
                        <i>0.166425 -0.903651 0.394612 0.898699 0.303684 0.316409 -0.405761 0.301979 0.862651 0.235681 1.55498 0.239857</i>
                        <i>0.150315 -0.895877 0.418103 0.894596 0.303275 0.328211 -0.420836 0.324698 0.847035 0.243142 1.55741 0.235502</i>
                        <i>0.136271 -0.886785 0.441637 0.893189 0.302817 0.332439 -0.428537 0.349163 0.833331 0.253152 1.56023 0.228103</i>
                        <i>0.124967 -0.877543 0.462927 0.893632 0.302265 0.331751 -0.431052 0.372228 0.821973 0.264005 1.56309 0.219373</i>
                        <i>0.11698 -0.869599 0.479701 0.894964 0.301694 0.328664 -0.430528 0.390868 0.813552 0.273956 1.56562 0.211013</i>
                        <i>0.112715 -0.864587 0.489678 0.896225 0.301258 0.325615 -0.429042 0.40216 0.808821 0.281237 1.56743 0.204737</i>
                        <i>0.112421 -0.864149 0.490518 0.896485 0.301121 0.325024 -0.428575 0.403202 0.808549 0.284062 1.56812 0.202264</i>
                    </KeyFrames>
                </p>
            </i>
            <i>
                <p>
                    <Name>
                        <![CDATA[l_elbow]]>
</Name>
                    <Exclude>0</Exclude>
                    <Additive>0</Additive>
                    <IKPriority>0</IKPriority>
                    <IKRotLimits>-1e+010 -1e+010 -1e+010 1e+010 1e+010 1e+010</IKRotLimits>
                    <IKRotLimitOrder>0</IKRotLimitOrder>
                    <KeyFrames count="17">
                        <i>0.210685 0.469511 0.857421 0.866824 0.315753 -0.385897 -0.451916 0.824536 -0.340459 0.466279 1.28048 0.0787872</i>
                        <i>0.137521 0.459083 0.877685 0.899222 0.313679 -0.304968 -0.415317 0.831173 -0.36968 0.451538 1.27683 0.117972</i>
                        <i>0.0581002 0.445523 0.893383 0.925198 0.312133 -0.215827 -0.37501 0.839096 -0.394062 0.432422 1.27271 0.158987</i>
                        <i>-0.0247996 0.430293 0.902349 0.942529 0.310913 -0.122358 -0.333202 0.847456 -0.413274 0.409939 1.26848 0.19982</i>
                        <i>-0.107829 0.414919 0.903446 0.950342 0.309864 -0.0288821 -0.291929 0.855469 -0.427727 0.385416 1.26445 0.23868</i>
                        <i>-0.187324 0.400995 0.896723 0.949197 0.308878 0.0601621 -0.252853 0.862437 -0.438484 0.360442 1.26092 0.274058</i>
                        <i>-0.259611 0.39017 0.883385 0.940982 0.307896 0.140547 -0.217154 0.867737 -0.447076 0.33678 1.25816 0.304748</i>
                        <i>-0.321273 0.384118 0.865585 0.92863 0.306887 0.208487 -0.185553 0.870789 -0.455298 0.316292 1.25644 0.329812</i>
                        <i>-0.369299 0.384508 0.846033 0.915697 0.305819 0.260718 -0.158485 0.870993 -0.465031 0.300887 1.25602 0.348518</i>
                        <i>-0.403126 0.393623 0.826166 0.905086 0.304967 0.296335 -0.135309 0.867211 -0.479203 0.292269 1.25753 0.360907</i>
                        <i>-0.42541 0.410557 0.806516 0.897689 0.304485 0.318502 -0.114809 0.859495 -0.498084 0.289815 1.26105 0.368215</i>
                        <i>-0.43837 0.432146 0.788087 0.893549 0.304131 0.330263 -0.0969597 0.848972 -0.519466 0.292036 1.266 0.371501</i>
                        <i>-0.444272 0.455284 0.771582 0.892124 0.303733 0.334457 -0.0820819 0.836937 -0.541109 0.297477 1.27178 0.371758</i>
                        <i>-0.445369 0.476988 0.757713 0.892561 0.303237 0.333739 -0.0705769 0.824942 -0.560794 0.304653 1.27765 0.369952</i>
                        <i>-0.44386 0.494427 0.747349 0.893896 0.302711 0.33063 -0.0627584 0.814805 -0.576328 0.312007 1.28276 0.367049</i>
                        <i>-0.441852 0.504884 0.741525 0.89516 0.302303 0.327569 -0.0587811 0.80852 -0.585525 0.317901 1.2862 0.364018</i>
                        <i>-0.441338 0.505657 0.741304 0.895422 0.302168 0.326978 -0.0586601 0.808087 -0.586134 0.32063 1.28703 0.361818</i>
                    </KeyFrames>
                </p>
            </i>
            <i>
                <p>
                    <Name>
                        <![CDATA[l_forearm]]>
</Name>
                    <Exclude>0</Exclude>
                    <Additive>0</Additive>
                    <IKPriority>0</IKPriority>
                    <IKRotLimits>-1e+010 -1e+010 -1e+010 1e+010 1e+010 1e+010</IKRotLimits>
                    <IKRotLimitOrder>0</IKRotLimitOrder>
                    <KeyFrames count="17">
                        <i>0.210686 0.469511 0.857421 0.976363 -0.144342 -0.160873 0.0482298 0.871048 -0.488824 0.500545 1.35684 0.218237</i>
                        <i>0.137522 0.459083 0.877685 0.985821 -0.149456 -0.0762905 0.0961514 0.875732 -0.473127 0.473904 1.3515 0.260718</i>
                        <i>0.058101 0.445523 0.893383 0.987875 -0.154711 0.0129068 0.143967 0.881801 -0.44911 0.441872 1.34517 0.304286</i>
                        <i>-0.0247988 0.430293 0.902349 0.981729 -0.159863 0.103212 0.188663 0.888421 -0.418466 0.405906 1.33846 0.346577</i>
                        <i>-0.107829 0.414919 0.903446 0.967658 -0.164662 0.191115 0.22806 0.894834 -0.383744 0.367879 1.33193 0.385615</i>
                        <i>-0.187323 0.400996 0.896723 0.946982 -0.168859 0.273333 0.261025 0.900383 -0.348105 0.329976 1.32614 0.4199</i>
                        <i>-0.25961 0.39017 0.883385 0.921922 -0.172206 0.346994 0.287511 0.904496 -0.315 0.294557 1.32162 0.448421</i>
                        <i>-0.321272 0.384118 0.865585 0.895366 -0.174448 0.40974 0.308388 0.906654 -0.287881 0.26404 1.31891 0.47059</i>
                        <i>-0.369298 0.384508 0.846034 0.870595 -0.175325 0.459701 0.325089 0.90632 -0.270003 0.240825 1.31855 0.486116</i>
                        <i>-0.403125 0.393623 0.826166 0.849785 -0.174038 0.49757 0.339639 0.902647 -0.264336 0.226705 1.32155 0.495274</i>
                        <i>-0.425409 0.410557 0.806517 0.833085 -0.170494 0.526213 0.353547 0.895754 -0.269499 0.220626 1.32782 0.499386</i>
                        <i>-0.438369 0.432146 0.788088 0.820514 -0.165484 0.547149 0.366864 0.88649 -0.282039 0.22074 1.33629 0.499675</i>
                        <i>-0.444271 0.455284 0.771583 0.811755 -0.159817 0.561705 0.379047 0.875885 -0.298577 0.225222 1.34583 0.497247</i>
                        <i>-0.445368 0.476988 0.757713 0.806269 -0.154333 0.571062 0.389331 0.865253 -0.315846 0.232219 1.35523 0.493186</i>
                        <i>-0.443859 0.494427 0.747349 0.803372 -0.149901 0.576302 0.396967 0.856196 -0.330674 0.239818 1.36318 0.488597</i>
                        <i>-0.441851 0.504884 0.741525 0.802301 -0.147409 0.578432 0.401348 0.850507 -0.339936 0.246038 1.36831 0.484619</i>
                        <i>-0.441337 0.505657 0.741305 0.802257 -0.147749 0.578407 0.402002 0.849989 -0.34046 0.248851 1.36927 0.482383</i>
                    </KeyFrames>
                </p>
            </i>
            <i>
                <p>
                    <Name>
                        <![CDATA[l_wrist]]>
</Name>
                    <Exclude>0</Exclude>
                    <Additive>0</Additive>
                    <IKPriority>0</IKPriority>
