<?xml version="1.0" encoding="ISO-8859-1" ?>
<Animl Version="1">
    <ModellingPackage>
        <![CDATA[Maya.2010]]>
</ModellingPackage>
    <SrcFile>
        <![CDATA[anims\turrets\shared\~src\turrents_shared_repair.mb]]>
</SrcFile>
    <FramesPerSecond>30</FramesPerSecond>
    <TotalFrames>181</TotalFrames>
    <Skeleton>
        <RefFrame>
            <Name>
                <![CDATA[turrets_shared_ref_frame]]>
</Name>
            <Exclude>0</Exclude>
            <Additive>0</Additive>
            <IKPriority>0</IKPriority>
            <IKRotLimits>-1e+010 -1e+010 -1e+010 1e+010 1e+010 1e+010</IKRotLimits>
            <IKRotLimitOrder>0</IKRotLimitOrder>
            <KeyFrames count="181">
                <i>1 0 0 0 1 0 0 0 1 0 0 0</i>
                <i>0.999992 0 -0.00405734 0 1 0 0.00405734 0 0.999992 0 0 0</i>
                <i>0.999869 0 -0.0161684 0 1 0 0.0161684 0 0.999869 0 0 0</i>
                <i>0.999343 0 -0.0362367 0 1 0 0.0362367 0 0.999343 0 0 0</i>
                <i>0.99794 0 -0.0641496 0 1 0 0.0641496 0 0.99794 0 0 0</i>
                <i>0.995012 0 -0.0997593 0 1 0 0.0997593 0 0.995012 0 0 0</i>
                <i>0.989743 0 -0.142859 0 1 0 0.142859 0 0.989743 0 0 0</i>
                <i>0.981168 0 -0.193154 0 1 0 0.193154 0 0.981168 0 0 0</i>
                <i>0.968188 0 -0.250226 0 1 0 0.250226 0 0.968188 0 0 0</i>
                <i>0.94959 0 -0.313495 0 1 0 0.313495 0 0.94959 0 0 0</i>
                <i>0.924086 0 -0.382186 0 1 0 0.382186 0 0.924086 0 0 0</i>
                <i>0.890347 0 -0.455282 0 1 0 0.455282 0 0.890347 0 0 0</i>
                <i>0.84706 0 -0.531497 0 1 0 0.531497 0 0.84706 0 0 0</i>
                <i>0.792985 0 -0.609242 0 1 0 0.609242 0 0.792985 0 0 0</i>
                <i>0.727031 0 -0.686605 0 1 0 0.686605 0 0.727031 0 0 0</i>
                <i>0.648341 0 -0.76135 0 1 0 0.76135 0 0.648341 0 0 0</i>
                <i>0.556389 0 -0.830922 0 1 0 0.830922 0 0.556389 0 0 0</i>
                <i>0.451072 0 -0.892488 0 1 0 0.892488 0 0.451072 0 0 0</i>
                <i>0.332819 0 -0.942991 0 1 0 0.942991 0 0.332819 0 0 0</i>
                <i>0.202688 0 -0.979243 0 1 0 0.979243 0 0.202688 0 0 0</i>
                <i>0.0624464 0 -0.998048 0 1 0 0.998048 0 0.0624464 0 0 0</i>
                <i>-0.0853589 0 -0.99635 0 1 0 0.99635 0 -0.0853589 0 0 0</i>
                <i>-0.23737 0 -0.971419 0 1 0 0.971419 0 -0.23737 0 0 0</i>
                <i>-0.389424 0 -0.921059 0 1 0 0.921059 0 -0.389424 0 0 0</i>
                <i>-0.536613 0 -0.843829 0 1 0 0.843829 0 -0.536613 0 0 0</i>
                <i>-0.673403 0 -0.739276 0 1 0 0.739276 0 -0.673403 0 0 0</i>
                <i>-0.793823 0 -0.608149 0 1 0 0.608149 0 -0.793823 0 0 0</i>
                <i>-0.891719 0 -0.45259 0 1 0 0.45259 0 -0.891719 0 0 0</i>
                <i>-0.961081 0 -0.276267 0 1 0 0.276267 0 -0.961081 0 0 0</i>
                <i>-0.996429 0 -0.0844359 0 1 0 0.0844359 0 -0.996429 0 0 0</i>
                <i>-0.993238 0 0.116093 0 1 0 -0.116093 0 -0.993238 0 0 0</i>
                <i>-0.94839 0 0.317106 0 1 0 -0.317106 0 -0.94839 0 0 0</i>
                <i>-0.860606 0 0.509272 0 1 0 -0.509272 0 -0.860606 0 0 0</i>
                <i>-0.730838 0 0.682551 0 1 0 -0.682551 0 -0.730838 0 0 0</i>
                <i>-0.562561 0 0.826756 0 1 0 -0.826756 0 -0.562561 0 0 0</i>
                <i>-0.361936 0 0.932203 0 1 0 -0.932203 0 -0.361936 0 0 0</i>
                <i>-0.13779 0 0.990461 0 1 0 -0.990461 0 -0.13779 0 0 0</i>
                <i>0.0986101 0 0.995126 0 1 0 -0.995126 0 0.0986101 0 0 0</i>
                <i>0.334022 0 0.942565 0 1 0 -0.942565 0 0.334022 0 0 0</i>
                <i>0.553924 0 0.832567 0 1 0 -0.832567 0 0.553924 0 0 0</i>
                <i>0.743433 0 0.66881 0 1 0 -0.66881 0 0.743433 0 0 0</i>
                <i>0.888393 0 0.459084 0 1 0 -0.459084 0 0.888393 0 0 0</i>
                <i>0.976572 0 0.21519 0 1 0 -0.21519 0 0.976572 0 0 0</i>
                <i>0.99887 -0 -0.0475171 0 1 -0 0.0475171 0 0.99887 0 0 0</i>
                <i>0.950421 -0 -0.310968 0 1 -0 0.310968 0 0.950421 0 0 0</i>
                <i>0.83147 -0 -0.55557 0 1 -0 0.55557 0 0.83147 0 0 0</i>
                <i>0.64791 -0 -0.761717 0 1 -0 0.761717 0 0.64791 0 0 0</i>
                <i>0.411359 -0 -0.911474 0 1 -0 0.911474 0 0.411359 0 0 0</i>
                <i>0.138712 -0 -0.990333 0 1 -0 0.990333 0 0.138712 0 0 0</i>
                <i>-0.148868 -0 -0.988857 0 1 -0 0.988857 0 -0.148868 0 0 0</i>
                <i>-0.427494 -0 -0.904018 0 1 -0 0.904018 0 -0.427494 0 0 0</i>
                <i>-0.672539 -0 -0.740061 0 1 -0 0.740061 0 -0.672539 0 0 0</i>
                <i>-0.860922 -0 -0.508737 0 1 -0 0.508737 0 -0.860922 0 0 0</i>
                <i>-0.973476 -0 -0.228789 0 1 -0 0.228789 0 -0.973476 0 0 0</i>
                <i>-0.997159 0 0.0753264 -0 1 0 -0.0753264 -0 -0.997159 0 0 0</i>
                <i>-0.92684 0 0.375456 -0 1 0 -0.375456 -0 -0.92684 0 0 0</i>
                <i>-0.766421 0 0.642339 -0 1 0 -0.642339 -0 -0.766421 0 0 0</i>
                <i>-0.52908 0 0.848572 -0 1 0 -0.848572 -0 -0.52908 0 0 0</i>
                <i>-0.236533 0 0.971623 -0 1 0 -0.971623 -0 -0.236533 0 0 0</i>
                <i>0.0827269 0 0.996572 -0 1 0 -0.996572 -0 0.0827269 0 0 0</i>
                <i>0.39608 0 0.918216 -0 1 0 -0.918216 -0 0.39608 0 0 0</i>
                <i>0.670127 0 0.742246 -0 1 0 -0.742246 -0 0.670127 0 0 0</i>
                <i>0.874373 0 0.485255 -0 1 0 -0.485255 -0 0.874373 0 0 0</i>
                <i>0.984838 0 0.173477 -0 1 0 -0.173477 -0 0.984838 0 0 0</i>
                <i>0.987166 0 -0.159695 0 1 0 0.159695 0 0.987166 0 0 0</i>
                <i>0.878791 0 -0.477207 0 1 0 0.477207 0 0.878791 0 0 0</i>
                <i>0.669822 0 -0.742522 0 1 0 0.742522 0 0.669822 0 0 0</i>
                <i>0.382446 0 -0.923978 0 1 0 0.923978 0 0.382446 0 0 0</i>
                <i>0.0488155 0 -0.998808 0 1 0 0.998808 0 0.0488155 0 0 0</i>
                <i>-0.292427 0 -0.956288 0 1 0 0.956288 0 -0.292427 0 0 0</i>
                <i>-0.600609 0 -0.799543 0 1 0 0.799543 0 -0.600609 0 0 0</i>
                <i>-0.83798 0 -0.5457 0 1 0 0.5457 0 -0.83798 0 0 0</i>
                <i>-0.974527 0 -0.22427 0 1 0 0.22427 0 -0.974527 0 0 0</i>
                <i>-0.992014 0 0.126127 0 1 0 -0.126127 0 -0.992014 0 0 0</i>
                <i>-0.88669 0 0.462364 0 1 0 -0.462364 0 -0.88669 0 0 0</i>
                <i>-0.670211 0 0.742171 0 1 0 -0.742171 0 -0.670211 0 0 0</i>
                <i>-0.36859 0 0.929592 0 1 0 -0.929592 0 -0.36859 0 0 0</i>
                <i>-0.0192218 0 0.999815 0 1 0 -0.999815 0 -0.0192218 0 0 0</i>
                <i>0.333696 0 0.942681 0 1 0 -0.942681 0 0.333696 0 0 0</i>
                <i>0.644795 0 0.764355 0 1 0 -0.764355 0 0.644795 0 0 0</i>
                <i>0.873469 0 0.486881 0 1 0 -0.486881 0 0.873469 0 0 0</i>
                <i>0.989349 0 0.145565 0 1 0 -0.145565 0 0.989349 0 0 0</i>
                <i>0.976513 -0 -0.215459 0 1 -0 0.215459 0 0.976513 0 0 0</i>
                <i>0.835842 -0 -0.54897 0 1 -0 0.54897 0 0.835842 0 0 0</i>
                <i>0.585147 -0 -0.810927 0 1 -0 0.810927 0 0.585147 0 0 0</i>
                <i>0.256998 -0 -0.966412 0 1 -0 0.966412 0 0.256998 0 0 0</i>
                <i>-0.105487 -0 -0.994421 0 1 -0 0.994421 0 -0.105487 0 0 0</i>
                <i>-0.454354 -0 -0.890821 0 1 -0 0.890821 0 -0.454354 0 0 0</i>
                <i>-0.743226 -0 -0.66904 0 1 -0 0.66904 0 -0.743226 0 0 0</i>
                <i>-0.933586 -0 -0.358354 0 1 -0 0.358354 0 -0.933586 0 0 0</i>
                <i>-1 0 2.69546e-015 -0 1 0 -2.69546e-015 -0 -1 0 0 0</i>
                <i>-0.933586 0 0.358354 -0 1 0 -0.358354 -0 -0.933586 0 0 0</i>
                <i>-0.743226 0 0.66904 -0 1 0 -0.66904 -0 -0.743226 0 0 0</i>
                <i>-0.454354 0 0.890821 -0 1 0 -0.890821 -0 -0.454354 0 0 0</i>
                <i>-0.105487 0 0.994421 -0 1 0 -0.994421 -0 -0.105487 0 0 0</i>
                <i>0.256998 0 0.966412 -0 1 0 -0.966412 -0 0.256998 0 0 0</i>
                <i>0.585147 0 0.810927 -0 1 0 -0.810927 -0 0.585147 0 0 0</i>
                <i>0.835842 0 0.54897 -0 1 0 -0.54897 -0 0.835842 0 0 0</i>
                <i>0.976513 0 0.215459 -0 1 0 -0.215459 -0 0.976513 0 0 0</i>
                <i>0.989349 0 -0.145565 0 1 0 0.145565 0 0.989349 0 0 0</i>
                <i>0.873469 0 -0.486881 0 1 0 0.486881 0 0.873469 0 0 0</i>
                <i>0.644795 0 -0.764355 0 1 0 0.764355 0 0.644795 0 0 0</i>
                <i>0.333696 0 -0.942681 0 1 0 0.942681 0 0.333696 0 0 0</i>
                <i>-0.0192218 0 -0.999815 0 1 0 0.999815 0 -0.0192218 0 0 0</i>
                <i>-0.36859 0 -0.929592 0 1 0 0.929592 0 -0.36859 0 0 0</i>
                <i>-0.670211 0 -0.742171 0 1 0 0.742171 0 -0.670211 0 0 0</i>
                <i>-0.88669 0 -0.462364 0 1 0 0.462364 0 -0.88669 0 0 0</i>
                <i>-0.992014 0 -0.126127 0 1 0 0.126127 0 -0.992014 0 0 0</i>
                <i>-0.974527 0 0.22427 0 1 0 -0.22427 0 -0.974527 0 0 0</i>
                <i>-0.83798 0 0.5457 0 1 0 -0.5457 0 -0.83798 0 0 0</i>
                <i>-0.600609 0 0.799543 0 1 0 -0.799543 0 -0.600609 0 0 0</i>
                <i>-0.292427 0 0.956288 0 1 0 -0.956288 0 -0.292427 0 0 0</i>
                <i>0.0488155 0 0.998808 0 1 0 -0.998808 0 0.0488155 0 0 0</i>
                <i>0.382446 0 0.923978 0 1 0 -0.923978 0 0.382446 0 0 0</i>
                <i>0.669822 0 0.742522 0 1 0 -0.742522 0 0.669822 0 0 0</i>
                <i>0.878791 0 0.477207 0 1 0 -0.477207 0 0.878791 0 0 0</i>
                <i>0.987166 0 0.159695 0 1 0 -0.159695 0 0.987166 0 0 0</i>
                <i>0.984838 -0 -0.173477 0 1 -0 0.173477 0 0.984838 0 0 0</i>
                <i>0.874373 -0 -0.485255 0 1 -0 0.485255 0 0.874373 0 0 0</i>
                <i>0.670127 -0 -0.742246 0 1 -0 0.742246 0 0.670127 0 0 0</i>
                <i>0.39608 -0 -0.918216 0 1 -0 0.918216 0 0.39608 0 0 0</i>
                <i>0.0827269 -0 -0.996572 0 1 -0 0.996572 0 0.0827269 0 0 0</i>
                <i>-0.236532 -0 -0.971624 0 1 -0 0.971624 0 -0.236532 0 0 0</i>
                <i>-0.529079 -0 -0.848572 0 1 -0 0.848572 0 -0.529079 0 0 0</i>
                <i>-0.76642 -0 -0.642339 0 1 -0 0.642339 0 -0.76642 0 0 0</i>
                <i>-0.92684 -0 -0.375457 0 1 -0 0.375457 0 -0.92684 0 0 0</i>
                <i>-0.997159 -0 -0.0753286 0 1 -0 0.0753286 0 -0.997159 0 0 0</i>
                <i>-0.973476 0 0.228787 -0 1 0 -0.228787 -0 -0.973476 0 0 0</i>
                <i>-0.860921 0 0.508739 -0 1 0 -0.508739 -0 -0.860921 0 0 0</i>
                <i>-0.672538 0 0.740063 -0 1 0 -0.740063 -0 -0.672538 0 0 0</i>
                <i>-0.427493 0 0.904019 -0 1 0 -0.904019 -0 -0.427493 0 0 0</i>
                <i>-0.148867 0 0.988857 -0 1 0 -0.988857 -0 -0.148867 0 0 0</i>
                <i>0.138713 0 0.990333 -0 1 0 -0.990333 -0 0.138713 0 0 0</i>
                <i>0.41136 0 0.911473 -0 1 0 -0.911473 -0 0.41136 0 0 0</i>
                <i>0.64791 0 0.761717 -0 1 0 -0.761717 -0 0.64791 0 0 0</i>
                <i>0.83147 0 0.55557 -0 1 0 -0.55557 -0 0.83147 0 0 0</i>
                <i>0.950421 0 0.310968 -0 1 0 -0.310968 -0 0.950421 0 0 0</i>
                <i>0.99887 0 0.0475181 -0 1 0 -0.0475181 -0 0.99887 0 0 0</i>
                <i>0.976572 0 -0.215189 0 1 0 0.215189 0 0.976572 0 0 0</i>
                <i>0.888393 0 -0.459083 0 1 0 0.459083 0 0.888393 0 0 0</i>
                <i>0.743434 0 -0.668809 0 1 0 0.668809 0 0.743434 0 0 0</i>
                <i>0.553926 0 -0.832566 0 1 0 0.832566 0 0.553926 0 0 0</i>
                <i>0.334024 0 -0.942565 0 1 0 0.942565 0 0.334024 0 0 0</i>
                <i>0.0986084 0 -0.995126 0 1 0 0.995126 0 0.0986084 0 0 0</i>
                <i>-0.137792 0 -0.990461 0 1 0 0.990461 0 -0.137792 0 0 0</i>
                <i>-0.361937 0 -0.932203 0 1 0 0.932203 0 -0.361937 0 0 0</i>
                <i>-0.562562 0 -0.826755 0 1 0 0.826755 0 -0.562562 0 0 0</i>
                <i>-0.730838 0 -0.682551 0 1 0 0.682551 0 -0.730838 0 0 0</i>
                <i>-0.860606 0 -0.509271 0 1 0 0.509271 0 -0.860606 0 0 0</i>
                <i>-0.94839 0 -0.317106 0 1 0 0.317106 0 -0.94839 0 0 0</i>
                <i>-0.993238 0 -0.116093 0 1 0 0.116093 0 -0.993238 0 0 0</i>
                <i>-0.996429 0 0.0844356 0 1 0 -0.0844356 0 -0.996429 0 0 0</i>
                <i>-0.961081 0 0.276267 0 1 0 -0.276267 0 -0.961081 0 0 0</i>
                <i>-0.891719 0 0.45259 0 1 0 -0.45259 0 -0.891719 0 0 0</i>
                <i>-0.793823 0 0.608149 0 1 0 -0.608149 0 -0.793823 0 0 0</i>
                <i>-0.673404 0 0.739275 0 1 0 -0.739275 0 -0.673404 0 0 0</i>
                <i>-0.536613 0 0.843828 0 1 0 -0.843828 0 -0.536613 0 0 0</i>
                <i>-0.389425 0 0.921058 0 1 0 -0.921058 0 -0.389425 0 0 0</i>
                <i>-0.237369 0 0.97142 0 1 0 -0.97142 0 -0.237369 0 0 0</i>
                <i>-0.0853581 0 0.99635 0 1 0 -0.99635 0 -0.0853581 0 0 0</i>
                <i>0.0624471 0 0.998048 0 1 0 -0.998048 0 0.0624471 0 0 0</i>
                <i>0.202689 0 0.979243 0 1 0 -0.979243 0 0.202689 0 0 0</i>
                <i>0.33282 0 0.94299 0 1 0 -0.94299 0 0.33282 0 0 0</i>
                <i>0.451072 0 0.892488 0 1 0 -0.892488 0 0.451072 0 0 0</i>
                <i>0.556389 0 0.830922 0 1 0 -0.830922 0 0.556389 0 0 0</i>
                <i>0.648341 0 0.76135 0 1 0 -0.76135 0 0.648341 0 0 0</i>
                <i>0.72703 0 0.686605 0 1 0 -0.686605 0 0.72703 0 0 0</i>
                <i>0.792984 0 0.609242 0 1 0 -0.609242 0 0.792984 0 0 0</i>
                <i>0.84706 0 0.531497 0 1 0 -0.531497 0 0.84706 0 0 0</i>
                <i>0.890347 0 0.455282 0 1 0 -0.455282 0 0.890347 0 0 0</i>
                <i>0.924085 0 0.382186 0 1 0 -0.382186 0 0.924085 0 0 0</i>
                <i>0.94959 0 0.313496 0 1 0 -0.313496 0 0.94959 0 0 0</i>
                <i>0.968187 0 0.250226 0 1 0 -0.250226 0 0.968187 0 0 0</i>
                <i>0.981169 0 0.193154 0 1 0 -0.193154 0 0.981169 0 0 0</i>
                <i>0.989743 0 0.142859 0 1 0 -0.142859 0 0.989743 0 0 0</i>
                <i>0.995012 0 0.0997591 0 1 0 -0.0997591 0 0.995012 0 0 0</i>
                <i>0.99794 0 0.0641494 0 1 0 -0.0641494 0 0.99794 0 0 0</i>
                <i>0.999343 0 0.0362367 0 1 0 -0.0362367 0 0.999343 0 0 0</i>
                <i>0.999869 0 0.0161683 0 1 0 -0.0161683 0 0.999869 0 0 0</i>
                <i>0.999992 0 0.00405733 0 1 0 -0.00405733 0 0.999992 0 0 0</i>
                <i>1 0 1.71451e-015 0 1 0 -1.71451e-015 0 1 0 0 0</i>
            </KeyFrames>
        </RefFrame>
        <Bones count="1">
            <i>
                <p>
                    <Name>
                        <![CDATA[turrets_shared_root]]>
</Name>
                    <Exclude>1</Exclude>
                    <Additive>0</Additive>
                    <IKPriority>0</IKPriority>
                    <IKRotLimits>-1e+010 -1e+010 -1e+010 1e+010 1e+010 1e+010</IKRotLimits>
                    <IKRotLimitOrder>0</IKRotLimitOrder>
                    <KeyFrames count="181">
                        <i>1 0 0 0 1 0 0 0 1 0 0 0</i>
                        <i>1 0 0 0 1 0 0 0 1 0 0 0</i>
                        <i>1 0 0 0 1 0 0 0 1 0 0 0</i>
                        <i>1 0 0 0 1 0 0 0 1 0 0 0</i>
                        <i>1 0 0 0 1 0 0 0 1 0 0 0</i>
                        <i>1 0 0 0 1 0 0 0 1 0 0 0</i>
                        <i>1 0 0 0 1 0 0 0 1 0 0 0</i>
                        <i>1 0 0 0 1 0 0 0 1 0 0 0</i>
                        <i>1 0 0 0 1 0 0 0 1 0 0 0</i>
                        <i>1 0 0 0 1 0 0 0 1 0 0 0</i>
                        <i>1 0 0 0 1 0 0 0 1 0 0 0</i>
                        <i>1 0 0 0 1 0 0 0 1 0 0 0</i>
                        <i>1 0 0 0 1 0 0 0 1 0 0 0</i>
                        <i>1 0 0 0 1 0 0 0 1 0 0 0</i>
                        <i>1 0 0 0 1 0 0 0 1 0 0 0</i>
                        <i>1 0 0 0 1 0 0 0 1 0 0 0</i>
                        <i>1 0 0 0 1 0 0 0 1 0 0 0</i>
                        <i>1 0 0 0 1 0 0 0 1 0 0 0</i>
                        <i>1 0 0 0 1 0 0 0 1 0 0 0</i>
                        <i>1 0 0 0 1 0 0 0 1 0 0 0</i>
                        <i>1 0 0 0 1 0 0 0 1 0 0 0</i>
                        <i>1 0 0 0 1 0 0 0 1 0 0 0</i>
                        <i>1 0 0 0 1 0 0 0 1 0 0 0</i>
                        <i>1 0 0 0 1 0 0 0 1 0 0 0</i>
                        <i>1 0 0 0 1 0 0 0 1 0 0 0</i>
                        <i>1 0 0 0 1 0 0 0 1 0 0 0</i>
                        <i>1 0 0 0 1 0 0 0 1 0 0 0</i>
                        <i>1 0 0 0 1 0 0 0 1 0 0 0</i>
                        <i>1 0 0 0 1 0 0 0 1 0 0 0</i>
                        <i>1 0 0 0 1 0 0 0 1 0 0 0</i>
                        <i>1 0 0 0 1 0 0 0 1 0 0 0</i>
                        <i>1 0 0 0 1 0 0 0 1 0 0 0</i>
                        <i>1 0 0 0 1 0 0 0 1 0 0 0</i>
                        <i>1 0 0 0 1 0 0 0 1 0 0 0</i>
                        <i>1 0 0 0 1 0 0 0 1 0 0 0</i>
                        <i>1 0 0 0 1 0 0 0 1 0 0 0</i>
                        <i>1 0 0 0 1 0 0 0 1 0 0 0</i>
                        <i>1 0 0 0 1 0 0 0 1 0 0 0</i>
                        <i>1 0 0 0 1 0 0 0 1 0 0 0</i>
                        <i>1 0 0 0 1 0 0 0 1 0 0 0</i>
                        <i>1 0 0 0 1 0 0 0 1 0 0 0</i>
                        <i>1 0 0 0 1 0 0 0 1 0 0 0</i>
                        <i>1 0 0 0 1 0 0 0 1 0 0 0</i>
                        <i>1 0 0 0 1 0 0 0 1 0 0 0</i>
                        <i>1 0 0 0 1 0 0 0 1 0 0 0</i>
                        <i>1 0 0 0 1 0 0 0 1 0 0 0</i>
                        <i>1 0 0 0 1 0 0 0 1 0 0 0</i>
                        <i>1 0 0 0 1 0 0 0 1 0 0 0</i>
                        <i>1 0 0 0 1 0 0 0 1 0 0 0</i>
                        <i>1 0 0 0 1 0 0 0 1 0 0 0</i>
                        <i>1 0 0 0 1 0 0 0 1 0 0 0</i>
                        <i>1 0 0 0 1 0 0 0 1 0 0 0</i>
                        <i>1 0 0 0 1 0 0 0 1 0 0 0</i>
                        <i>1 0 0 0 1 0 0 0 1 0 0 0</i>
                        <i>1 0 0 0 1 0 0 0 1 0 0 0</i>
                        <i>1 0 0 0 1 0 0 0 1 0 0 0</i>
                        <i>1 0 0 0 1 0 0 0 1 0 0 0</i>
                        <i>1 0 0 0 1 0 0 0 1 0 0 0</i>
                        <i>1 0 0 0 1 0 0 0 1 0 0 0</i>
                        <i>1 0 0 0 1 0 0 0 1 0 0 0</i>
                        <i>1 0 0 0 1 0 0 0 1 0 0 0</i>
                        <i>1 0 0 0 1 0 0 0 1 0 0 0</i>
                        <i>1 0 0 0 1 0 0 0 1 0 0 0</i>
                        <i>1 0 0 0 1 0 0 0 1 0 0 0</i>
                        <i>1 0 0 0 1 0 0 0 1 0 0 0</i>
                        <i>1 0 0 0 1 0 0 0 1 0 0 0</i>
                        <i>1 0 0 0 1 0 0 0 1 0 0 0</i>
                        <i>1 0 0 0 1 0 0 0 1 0 0 0</i>
                        <i>1 0 0 0 1 0 0 0 1 0 0 0</i>
                        <i>1 0 0 0 1 0 0 0 1 0 0 0</i>
                        <i>1 0 0 0 1 0 0 0 1 0 0 0</i>
                        <i>1 0 0 0 1 0 0 0 1 0 0 0</i>
                        <i>1 0 0 0 1 0 0 0 1 0 0 0</i>
                        <i>1 0 0 0 1 0 0 0 1 0 0 0</i>
                        <i>1 0 0 0 1 0 0 0 1 0 0 0</i>
                        <i>1 0 0 0 1 0 0 0 1 0 0 0</i>
                        <i>1 0 0 0 1 0 0 0 1 0 0 0</i>
                        <i>1 0 0 0 1 0 0 0 1 0 0 0</i>
                        <i>1 0 0 0 1 0 0 0 1 0 0 0</i>
                        <i>1 0 0 0 1 0 0 0 1 0 0 0</i>
                        <i>1 0 0 0 1 0 0 0 1 0 0 0</i>
                        <i>1 0 0 0 1 0 0 0 1 0 0 0</i>
                        <i>1 0 0 0 1 0 0 0 1 0 0 0</i>
                        <i>1 0 0 0 1 0 0 0 1 0 0 0</i>
                        <i>1 0 0 0 1 0 0 0 1 0 0 0</i>
                        <i>1 0 0 0 1 0 0 0 1 0 0 0</i>
                        <i>1 0 0 0 1 0 0 0 1 0 0 0</i>
                        <i>1 0 0 0 1 0 0 0 1 0 0 0</i>
                        <i>1 0 0 0 1 0 0 0 1 0 0 0</i>
                        <i>1 0 0 0 1 0 0 0 1 0 0 0</i>
                        <i>1 0 0 0 1 0 0 0 1 0 0 0</i>
                        <i>1 0 0 0 1 0 0 0 1 0 0 0</i>
                        <i>1 0 0 0 1 0 0 0 1 0 0 0</i>
                        <i>1 0 0 0 1 0 0 0 1 0 0 0</i>
                        <i>1 0 0 0 1 0 0 0 1 0 0 0</i>
                        <i>1 0 0 0 1 0 0 0 1 0 0 0</i>
                        <i>1 0 0 0 1 0 0 0 1 0 0 0</i>
                        <i>1 0 0 0 1 0 0 0 1 0 0 0</i>
                        <i>1 0 0 0 1 0 0 0 1 0 0 0</i>
                        <i>1 0 0 0 1 0 0 0 1 0 0 0</i>
                        <i>1 0 0 0 1 0 0 0 1 0 0 0</i>
                        <i>1 0 0 0 1 0 0 0 1 0 0 0</i>
                        <i>1 0 0 0 1 0 0 0 1 0 0 0</i>
                        <i>1 0 0 0 1 0 0 0 1 0 0 0</i>
                        <i>1 0 0 0 1 0 0 0 1 0 0 0</i>
                        <i>1 0 0 0 1 0 0 0 1 0 0 0</i>
                        <i>1 0 0 0 1 0 0 0 1 0 0 0</i>
                        <i>1 0 0 0 1 0 0 0 1 0 0 0</i>
                        <i>1 0 0 0 1 0 0 0 1 0 0 0</i>
                        <i>1 0 0 0 1 0 0 0 1 0 0 0</i>
                        <i>1 0 0 0 1 0 0 0 1 0 0 0</i>
                        <i>1 0 0 0 1 0 0 0 1 0 0 0</i>
                        <i>1 0 0 0 1 0 0 0 1 0 0 0</i>
                        <i>1 0 0 0 1 0 0 0 1 0 0 0</i>
                        <i>1 0 0 0 1 0 0 0 1 0 0 0</i>
                        <i>1 0 0 0 1 0 0 0 1 0 0 0</i>
                        <i>1 0 0 0 1 0 0 0 1 0 0 0</i>
                        <i>1 0 0 0 1 0 0 0 1 0 0 0</i>
                        <i>1 0 0 0 1 0 0 0 1 0 0 0</i>
                        <i>1 0 0 0 1 0 0 0 1 0 0 0</i>
                        <i>1 0 0 0 1 0 0 0 1 0 0 0</i>
                        <i>1 0 0 0 1 0 0 0 1 0 0 0</i>
                        <i>1 0 0 0 1 0 0 0 1 0 0 0</i>
                        <i>1 0 0 0 1 0 0 0 1 0 0 0</i>
                        <i>1 0 0 0 1 0 0 0 1 0 0 0</i>
                        <i>1 0 0 0 1 0 0 0 1 0 0 0</i>
                        <i>1 0 0 0 1 0 0 0 1 0 0 0</i>
                        <i>1 0 0 0 1 0 0 0 1 0 0 0</i>
                        <i>1 0 0 0 1 0 0 0 1 0 0 0</i>
                        <i>1 0 0 0 1 0 0 0 1 0 0 0</i>
                        <i>1 0 0 0 1 0 0 0 1 0 0 0</i>
                        <i>1 0 0 0 1 0 0 0 1 0 0 0</i>
                        <i>1 0 0 0 1 0 0 0 1 0 0 0</i>
                        <i>1 0 0 0 1 0 0 0 1 0 0 0</i>
                        <i>1 0 0 0 1 0 0 0 1 0 0 0</i>
                        <i>1 0 0 0 1 0 0 0 1 0 0 0</i>
                        <i>1 0 0 0 1 0 0 0 1 0 0 0</i>
                        <i>1 0 0 0 1 0 0 0 1 0 0 0</i>
                        <i>1 0 0 0 1 0 0 0 1 0 0 0</i>
                        <i>1 0 0 0 1 0 0 0 1 0 0 0</i>
                        <i>1 0 0 0 1 0 0 0 1 0 0 0</i>
                        <i>1 0 0 0 1 0 0 0 1 0 0 0</i>
                        <i>1 0 0 0 1 0 0 0 1 0 0 0</i>
                        <i>1 0 0 0 1 0 0 0 1 0 0 0</i>
                        <i>1 0 0 0 1 0 0 0 1 0 0 0</i>
                        <i>1 0 0 0 1 0 0 0 1 0 0 0</i>
                        <i>1 0 0 0 1 0 0 0 1 0 0 0</i>
                        <i>1 0 0 0 1 0 0 0 1 0 0 0</i>
                        <i>1 0 0 0 1 0 0 0 1 0 0 0</i>
                        <i>1 0 0 0 1 0 0 0 1 0 0 0</i>
                        <i>1 0 0 0 1 0 0 0 1 0 0 0</i>
                        <i>1 0 0 0 1 0 0 0 1 0 0 0</i>
                        <i>1 0 0 0 1 0 0 0 1 0 0 0</i>
                        <i>1 0 0 0 1 0 0 0 1 0 0 0</i>
                        <i>1 0 0 0 1 0 0 0 1 0 0 0</i>
                        <i>1 0 0 0 1 0 0 0 1 0 0 0</i>
                        <i>1 0 0 0 1 0 0 0 1 0 0 0</i>
                        <i>1 0 0 0 1 0 0 0 1 0 0 0</i>
                        <i>1 0 0 0 1 0 0 0 1 0 0 0</i>
                        <i>1 0 0 0 1 0 0 0 1 0 0 0</i>
                        <i>1 0 0 0 1 0 0 0 1 0 0 0</i>
                        <i>1 0 0 0 1 0 0 0 1 0 0 0</i>
                        <i>1 0 0 0 1 0 0 0 1 0 0 0</i>
                        <i>1 0 0 0 1 0 0 0 1 0 0 0</i>
                        <i>1 0 0 0 1 0 0 0 1 0 0 0</i>
                        <i>1 0 0 0 1 0 0 0 1 0 0 0</i>
                        <i>1 0 0 0 1 0 0 0 1 0 0 0</i>
                        <i>1 0 0 0 1 0 0 0 1 0 0 0</i>
                        <i>1 0 0 0 1 0 0 0 1 0 0 0</i>
                        <i>1 0 0 0 1 0 0 0 1 0 0 0</i>
                        <i>1 0 0 0 1 0 0 0 1 0 0 0</i>
                        <i>1 0 0 0 1 0 0 0 1 0 0 0</i>
                        <i>1 0 0 0 1 0 0 0 1 0 0 0</i>
                        <i>1 0 0 0 1 0 0 0 1 0 0 0</i>
                        <i>1 0 0 0 1 0 0 0 1 0 0 0</i>
                        <i>1 0 0 0 1 0 0 0 1 0 0 0</i>
                        <i>1 0 0 0 1 0 0 0 1 0 0 0</i>
                        <i>1 0 0 0 1 0 0 0 1 0 0 0</i>
                        <i>1 0 0 0 1 0 0 0 1 0 0 0</i>
                        <i>1 0 0 0 1 0 0 0 1 0 0 0</i>
                        <i>1 0 0 0 1 0 0 0 1 0 0 0</i>
                    </KeyFrames>
                </p>
            </i>
        </Bones>
    </Skeleton>
</Animl>
